11.0000 1.772E+00
11.0167 1.788E+00
11.0333 1.805E+00
11.0500 1.821E+00
11.0667 1.838E+00
11.0833 1.854E+00
11.1000 1.870E+00
11.1167 1.886E+00
11.1333 1.903E+00
11.1500 1.919E+00
11.1667 1.935E+00
11.1833 1.951E+00
11.2000 1.968E+00
11.2167 1.984E+00
11.2333 2.000E+00
11.2500 2.016E+00
11.2667 2.032E+00
11.2833 2.048E+00
11.3000 2.063E+00
11.3167 2.079E+00
11.3333 2.095E+00
11.3500 2.111E+00
11.3667 2.126E+00
11.3833 2.142E+00
11.4000 2.157E+00
11.4167 2.173E+00
11.4333 2.188E+00
11.4500 2.204E+00
11.4667 2.219E+00
11.4833 2.234E+00
11.5000 2.249E+00
11.5167 2.264E+00
11.5333 2.279E+00
11.5500 2.294E+00
11.5667 2.309E+00
11.5833 2.323E+00
11.6000 2.338E+00
11.6167 2.353E+00
11.6333 2.367E+00
11.6500 2.381E+00
11.6667 2.395E+00
11.6833 2.410E+00
11.7000 2.424E+00
11.7167 2.437E+00
11.7333 2.451E+00
11.7500 2.465E+00
11.7667 2.479E+00
11.7833 2.492E+00
11.8000 2.505E+00
11.8167 2.519E+00
11.8333 2.532E+00
11.8500 2.545E+00
11.8667 2.558E+00
11.8833 2.570E+00
11.9000 2.583E+00
11.9167 2.596E+00
11.9333 2.608E+00
11.9500 2.620E+00
11.9667 2.632E+00
11.9833 2.644E+00
12.0000 2.656E+00
12.0167 2.668E+00
12.0333 2.679E+00
12.0500 2.691E+00
12.0667 2.702E+00
12.0833 2.713E+00
12.1000 2.724E+00
12.1167 2.735E+00
12.1333 2.746E+00
12.1500 2.756E+00
12.1667 2.767E+00
12.1833 2.777E+00
12.2000 2.787E+00
12.2167 2.797E+00
12.2333 2.806E+00
12.2500 2.816E+00
12.2667 2.825E+00
12.2833 2.835E+00
12.3000 2.844E+00
12.3167 2.853E+00
12.3333 2.862E+00
12.3500 2.870E+00
12.3667 2.879E+00
12.3833 2.887E+00
12.4000 2.895E+00
12.4167 2.903E+00
12.4333 2.911E+00
12.4500 2.918E+00
12.4667 2.925E+00
12.4833 2.933E+00
12.5000 2.940E+00
12.5167 2.946E+00
12.5333 2.953E+00
12.5500 2.960E+00
12.5667 2.966E+00
12.5833 2.972E+00
12.6000 2.978E+00
12.6167 2.984E+00
12.6333 2.989E+00
12.6500 2.995E+00
12.6667 3.000E+00
12.6833 3.005E+00
12.7000 3.009E+00
12.7167 3.014E+00
12.7333 3.018E+00
12.7500 3.023E+00
12.7667 3.027E+00
12.7833 3.030E+00
12.8000 3.034E+00
12.8167 3.038E+00
12.8333 3.041E+00
12.8500 3.044E+00
12.8667 3.047E+00
12.8833 3.049E+00
12.9000 3.052E+00
12.9167 3.054E+00
12.9333 3.056E+00
12.9500 3.058E+00
12.9667 3.060E+00
12.9833 3.061E+00
13.0000 3.062E+00
13.0167 3.063E+00
13.0333 3.064E+00
13.0500 3.065E+00
13.0667 3.065E+00
13.0833 3.066E+00
13.1000 3.066E+00
13.1167 3.065E+00
13.1333 3.065E+00
13.1500 3.065E+00
13.1667 3.064E+00
13.1833 3.063E+00
13.2000 3.062E+00
13.2167 3.060E+00
13.2333 3.059E+00
13.2500 3.057E+00
13.2667 3.055E+00
13.2833 3.053E+00
13.3000 3.051E+00
13.3167 3.048E+00
13.3333 3.045E+00
13.3500 3.042E+00
13.3667 3.039E+00
13.3833 3.036E+00
13.4000 3.033E+00
13.4167 3.029E+00
13.4333 3.025E+00
13.4500 3.021E+00
13.4667 3.017E+00
13.4833 3.012E+00
13.5000 3.007E+00
13.5167 3.002E+00
13.5333 2.997E+00
13.5500 2.992E+00
13.5667 2.987E+00
13.5833 2.981E+00
13.6000 2.975E+00
13.6167 2.969E+00
13.6333 2.963E+00
13.6500 2.957E+00
13.6667 2.950E+00
13.6833 2.943E+00
13.7000 2.937E+00
13.7167 2.929E+00
13.7333 2.922E+00
13.7500 2.915E+00
13.7667 2.907E+00
13.7833 2.899E+00
13.8000 2.891E+00
13.8167 2.883E+00
13.8333 2.875E+00
13.8500 2.866E+00
13.8667 2.858E+00
13.8833 2.849E+00
13.9000 2.840E+00
13.9167 2.831E+00
13.9333 2.821E+00
13.9500 2.812E+00
13.9667 2.802E+00
13.9833 2.792E+00
14.0000 2.782E+00
14.0167 2.772E+00
14.0333 2.762E+00
14.0500 2.752E+00
14.0667 2.741E+00
14.0833 2.730E+00
14.1000 2.719E+00
14.1167 2.708E+00
14.1333 2.697E+00
14.1500 2.686E+00
14.1667 2.674E+00
14.1833 2.663E+00
14.2000 2.651E+00
14.2167 2.639E+00
14.2333 2.627E+00
14.2500 2.615E+00
14.2667 2.602E+00
14.2833 2.590E+00
14.3000 2.577E+00
14.3167 2.565E+00
14.3333 2.552E+00
14.3500 2.539E+00
14.3667 2.526E+00
14.3833 2.513E+00
14.4000 2.500E+00
14.4167 2.486E+00
14.4333 2.473E+00
14.4500 2.459E+00
14.4667 2.445E+00
14.4833 2.431E+00
14.5000 2.417E+00
14.5167 2.403E+00
14.5333 2.389E+00
14.5500 2.375E+00
14.5667 2.361E+00
14.5833 2.346E+00
14.6000 2.332E+00
14.6167 2.317E+00
14.6333 2.302E+00
14.6500 2.287E+00
14.6667 2.273E+00
14.6833 2.258E+00
14.7000 2.243E+00
14.7167 2.227E+00
14.7333 2.212E+00
14.7500 2.197E+00
14.7667 2.182E+00
14.7833 2.166E+00
14.8000 2.151E+00
14.8167 2.135E+00
14.8333 2.119E+00
14.8500 2.104E+00
14.8667 2.088E+00
14.8833 2.072E+00
14.9000 2.056E+00
14.9167 2.041E+00
14.9333 2.025E+00
14.9500 2.009E+00
14.9667 1.993E+00
14.9833 1.977E+00
