11.0000 1.960E+00
11.0167 1.978E+00
11.0333 1.996E+00
11.0500 2.014E+00
11.0667 2.032E+00
11.0833 2.050E+00
11.1000 2.069E+00
11.1167 2.087E+00
11.1333 2.105E+00
11.1500 2.123E+00
11.1667 2.141E+00
11.1833 2.158E+00
11.2000 2.176E+00
11.2167 2.194E+00
11.2333 2.212E+00
11.2500 2.230E+00
11.2667 2.247E+00
11.2833 2.265E+00
11.3000 2.283E+00
11.3167 2.300E+00
11.3333 2.318E+00
11.3500 2.335E+00
11.3667 2.352E+00
11.3833 2.370E+00
11.4000 2.387E+00
11.4167 2.404E+00
11.4333 2.421E+00
11.4500 2.438E+00
11.4667 2.455E+00
11.4833 2.472E+00
11.5000 2.488E+00
11.5167 2.505E+00
11.5333 2.521E+00
11.5500 2.538E+00
11.5667 2.554E+00
11.5833 2.570E+00
11.6000 2.587E+00
11.6167 2.603E+00
11.6333 2.619E+00
11.6500 2.634E+00
11.6667 2.650E+00
11.6833 2.666E+00
11.7000 2.681E+00
11.7167 2.697E+00
11.7333 2.712E+00
11.7500 2.727E+00
11.7667 2.742E+00
11.7833 2.757E+00
11.8000 2.772E+00
11.8167 2.786E+00
11.8333 2.801E+00
11.8500 2.815E+00
11.8667 2.829E+00
11.8833 2.843E+00
11.9000 2.857E+00
11.9167 2.871E+00
11.9333 2.885E+00
11.9500 2.898E+00
11.9667 2.912E+00
11.9833 2.925E+00
12.0000 2.938E+00
12.0167 2.951E+00
12.0333 2.964E+00
12.0500 2.976E+00
12.0667 2.989E+00
12.0833 3.001E+00
12.1000 3.013E+00
12.1167 3.025E+00
12.1333 3.037E+00
12.1500 3.048E+00
12.1667 3.060E+00
12.1833 3.071E+00
12.2000 3.082E+00
12.2167 3.093E+00
12.2333 3.104E+00
12.2500 3.114E+00
12.2667 3.125E+00
12.2833 3.135E+00
12.3000 3.145E+00
12.3167 3.155E+00
12.3333 3.164E+00
12.3500 3.174E+00
12.3667 3.183E+00
12.3833 3.192E+00
12.4000 3.201E+00
12.4167 3.209E+00
12.4333 3.218E+00
12.4500 3.226E+00
12.4667 3.234E+00
12.4833 3.242E+00
12.5000 3.250E+00
12.5167 3.257E+00
12.5333 3.264E+00
12.5500 3.272E+00
12.5667 3.278E+00
12.5833 3.285E+00
12.6000 3.291E+00
12.6167 3.298E+00
12.6333 3.304E+00
12.6500 3.310E+00
12.6667 3.315E+00
12.6833 3.321E+00
12.7000 3.326E+00
12.7167 3.331E+00
12.7333 3.335E+00
12.7500 3.340E+00
12.7667 3.344E+00
12.7833 3.348E+00
12.8000 3.352E+00
12.8167 3.356E+00
12.8333 3.359E+00
12.8500 3.363E+00
12.8667 3.366E+00
12.8833 3.368E+00
12.9000 3.371E+00
12.9167 3.373E+00
12.9333 3.376E+00
12.9500 3.377E+00
12.9667 3.379E+00
12.9833 3.381E+00
13.0000 3.382E+00
13.0167 3.383E+00
13.0333 3.384E+00
13.0500 3.384E+00
13.0667 3.385E+00
13.0833 3.385E+00
13.1000 3.385E+00
13.1167 3.384E+00
13.1333 3.384E+00
13.1500 3.383E+00
13.1667 3.382E+00
13.1833 3.381E+00
13.2000 3.380E+00
13.2167 3.378E+00
13.2333 3.376E+00
13.2500 3.374E+00
13.2667 3.372E+00
13.2833 3.369E+00
13.3000 3.366E+00
13.3167 3.363E+00
13.3333 3.360E+00
13.3500 3.357E+00
13.3667 3.353E+00
13.3833 3.349E+00
13.4000 3.345E+00
13.4167 3.341E+00
13.4333 3.337E+00
13.4500 3.332E+00
13.4667 3.327E+00
13.4833 3.322E+00
13.5000 3.316E+00
13.5167 3.311E+00
13.5333 3.305E+00
13.5500 3.299E+00
13.5667 3.293E+00
13.5833 3.287E+00
13.6000 3.280E+00
13.6167 3.273E+00
13.6333 3.266E+00
13.6500 3.259E+00
13.6667 3.252E+00
13.6833 3.244E+00
13.7000 3.236E+00
13.7167 3.228E+00
13.7333 3.220E+00
13.7500 3.211E+00
13.7667 3.203E+00
13.7833 3.194E+00
13.8000 3.185E+00
13.8167 3.176E+00
13.8333 3.166E+00
13.8500 3.157E+00
13.8667 3.147E+00
13.8833 3.137E+00
13.9000 3.127E+00
13.9167 3.117E+00
13.9333 3.106E+00
13.9500 3.096E+00
13.9667 3.085E+00
13.9833 3.074E+00
14.0000 3.062E+00
14.0167 3.051E+00
14.0333 3.040E+00
14.0500 3.028E+00
14.0667 3.016E+00
14.0833 3.004E+00
14.1000 2.992E+00
14.1167 2.979E+00
14.1333 2.967E+00
14.1500 2.954E+00
14.1667 2.941E+00
14.1833 2.928E+00
14.2000 2.915E+00
14.2167 2.902E+00
14.2333 2.888E+00
14.2500 2.875E+00
14.2667 2.861E+00
14.2833 2.847E+00
14.3000 2.833E+00
14.3167 2.819E+00
14.3333 2.804E+00
14.3500 2.790E+00
14.3667 2.775E+00
14.3833 2.760E+00
14.4000 2.746E+00
14.4167 2.731E+00
14.4333 2.716E+00
14.4500 2.700E+00
14.4667 2.685E+00
14.4833 2.670E+00
14.5000 2.654E+00
14.5167 2.638E+00
14.5333 2.622E+00
14.5500 2.607E+00
14.5667 2.591E+00
14.5833 2.574E+00
14.6000 2.558E+00
14.6167 2.542E+00
14.6333 2.525E+00
14.6500 2.509E+00
14.6667 2.492E+00
14.6833 2.476E+00
14.7000 2.459E+00
14.7167 2.442E+00
14.7333 2.425E+00
14.7500 2.408E+00
14.7667 2.391E+00
14.7833 2.374E+00
14.8000 2.357E+00
14.8167 2.339E+00
14.8333 2.322E+00
14.8500 2.304E+00
14.8667 2.287E+00
14.8833 2.269E+00
14.9000 2.252E+00
14.9167 2.234E+00
14.9333 2.216E+00
14.9500 2.199E+00
14.9667 2.181E+00
14.9833 2.163E+00
