11.0000 1.722E+00
11.0167 1.738E+00
11.0333 1.754E+00
11.0500 1.770E+00
11.0667 1.786E+00
11.0833 1.801E+00
11.1000 1.817E+00
11.1167 1.833E+00
11.1333 1.849E+00
11.1500 1.865E+00
11.1667 1.880E+00
11.1833 1.896E+00
11.2000 1.912E+00
11.2167 1.927E+00
11.2333 1.943E+00
11.2500 1.959E+00
11.2667 1.974E+00
11.2833 1.990E+00
11.3000 2.005E+00
11.3167 2.020E+00
11.3333 2.036E+00
11.3500 2.051E+00
11.3667 2.066E+00
11.3833 2.081E+00
11.4000 2.096E+00
11.4167 2.111E+00
11.4333 2.126E+00
11.4500 2.141E+00
11.4667 2.156E+00
11.4833 2.171E+00
11.5000 2.185E+00
11.5167 2.200E+00
11.5333 2.214E+00
11.5500 2.229E+00
11.5667 2.243E+00
11.5833 2.257E+00
11.6000 2.272E+00
11.6167 2.286E+00
11.6333 2.300E+00
11.6500 2.314E+00
11.6667 2.327E+00
11.6833 2.341E+00
11.7000 2.355E+00
11.7167 2.368E+00
11.7333 2.382E+00
11.7500 2.395E+00
11.7667 2.408E+00
11.7833 2.421E+00
11.8000 2.434E+00
11.8167 2.447E+00
11.8333 2.460E+00
11.8500 2.472E+00
11.8667 2.485E+00
11.8833 2.497E+00
11.9000 2.510E+00
11.9167 2.522E+00
11.9333 2.534E+00
11.9500 2.546E+00
11.9667 2.558E+00
11.9833 2.569E+00
12.0000 2.581E+00
12.0167 2.592E+00
12.0333 2.603E+00
12.0500 2.614E+00
12.0667 2.625E+00
12.0833 2.636E+00
12.1000 2.647E+00
12.1167 2.657E+00
12.1333 2.668E+00
12.1500 2.678E+00
12.1667 2.688E+00
12.1833 2.698E+00
12.2000 2.708E+00
12.2167 2.718E+00
12.2333 2.727E+00
12.2500 2.736E+00
12.2667 2.746E+00
12.2833 2.755E+00
12.3000 2.763E+00
12.3167 2.772E+00
12.3333 2.781E+00
12.3500 2.789E+00
12.3667 2.797E+00
12.3833 2.805E+00
12.4000 2.813E+00
12.4167 2.821E+00
12.4333 2.828E+00
12.4500 2.836E+00
12.4667 2.843E+00
12.4833 2.850E+00
12.5000 2.857E+00
12.5167 2.863E+00
12.5333 2.870E+00
12.5500 2.876E+00
12.5667 2.882E+00
12.5833 2.888E+00
12.6000 2.894E+00
12.6167 2.900E+00
12.6333 2.905E+00
12.6500 2.910E+00
12.6667 2.915E+00
12.6833 2.920E+00
12.7000 2.925E+00
12.7167 2.929E+00
12.7333 2.934E+00
12.7500 2.938E+00
12.7667 2.942E+00
12.7833 2.945E+00
12.8000 2.949E+00
12.8167 2.952E+00
12.8333 2.956E+00
12.8500 2.959E+00
12.8667 2.961E+00
12.8833 2.964E+00
12.9000 2.966E+00
12.9167 2.969E+00
12.9333 2.971E+00
12.9500 2.972E+00
12.9667 2.974E+00
12.9833 2.976E+00
13.0000 2.977E+00
13.0167 2.978E+00
13.0333 2.979E+00
13.0500 2.979E+00
13.0667 2.980E+00
13.0833 2.980E+00
13.1000 2.980E+00
13.1167 2.980E+00
13.1333 2.980E+00
13.1500 2.979E+00
13.1667 2.979E+00
13.1833 2.978E+00
13.2000 2.977E+00
13.2167 2.976E+00
13.2333 2.974E+00
13.2500 2.972E+00
13.2667 2.971E+00
13.2833 2.969E+00
13.3000 2.966E+00
13.3167 2.964E+00
13.3333 2.961E+00
13.3500 2.959E+00
13.3667 2.956E+00
13.3833 2.952E+00
13.4000 2.949E+00
13.4167 2.945E+00
13.4333 2.942E+00
13.4500 2.938E+00
13.4667 2.934E+00
13.4833 2.929E+00
13.5000 2.925E+00
13.5167 2.920E+00
13.5333 2.915E+00
13.5500 2.910E+00
13.5667 2.905E+00
13.5833 2.900E+00
13.6000 2.894E+00
13.6167 2.888E+00
13.6333 2.882E+00
13.6500 2.876E+00
13.6667 2.870E+00
13.6833 2.863E+00
13.7000 2.857E+00
13.7167 2.850E+00
13.7333 2.843E+00
13.7500 2.836E+00
13.7667 2.828E+00
13.7833 2.821E+00
13.8000 2.813E+00
13.8167 2.805E+00
13.8333 2.797E+00
13.8500 2.789E+00
13.8667 2.781E+00
13.8833 2.772E+00
13.9000 2.763E+00
13.9167 2.754E+00
13.9333 2.745E+00
13.9500 2.736E+00
13.9667 2.727E+00
13.9833 2.717E+00
14.0000 2.708E+00
14.0167 2.698E+00
14.0333 2.688E+00
14.0500 2.678E+00
14.0667 2.668E+00
14.0833 2.657E+00
14.1000 2.647E+00
14.1167 2.636E+00
14.1333 2.625E+00
14.1500 2.614E+00
14.1667 2.603E+00
14.1833 2.592E+00
14.2000 2.581E+00
14.2167 2.569E+00
14.2333 2.557E+00
14.2500 2.546E+00
14.2667 2.534E+00
14.2833 2.522E+00
14.3000 2.510E+00
14.3167 2.497E+00
14.3333 2.485E+00
14.3500 2.472E+00
14.3667 2.460E+00
14.3833 2.447E+00
14.4000 2.434E+00
14.4167 2.421E+00
14.4333 2.408E+00
14.4500 2.395E+00
14.4667 2.382E+00
14.4833 2.368E+00
14.5000 2.355E+00
14.5167 2.341E+00
14.5333 2.327E+00
14.5500 2.313E+00
14.5667 2.300E+00
14.5833 2.286E+00
14.6000 2.272E+00
14.6167 2.257E+00
14.6333 2.243E+00
14.6500 2.229E+00
14.6667 2.214E+00
14.6833 2.200E+00
14.7000 2.185E+00
14.7167 2.171E+00
14.7333 2.156E+00
14.7500 2.141E+00
14.7667 2.126E+00
14.7833 2.111E+00
14.8000 2.096E+00
14.8167 2.081E+00
14.8333 2.066E+00
14.8500 2.051E+00
14.8667 2.035E+00
14.8833 2.020E+00
14.9000 2.005E+00
14.9167 1.989E+00
14.9333 1.974E+00
14.9500 1.958E+00
14.9667 1.943E+00
14.9833 1.927E+00
