11.0000 1.964E+00
11.0167 1.981E+00
11.0333 1.999E+00
11.0500 2.016E+00
11.0667 2.033E+00
11.0833 2.051E+00
11.1000 2.068E+00
11.1167 2.085E+00
11.1333 2.103E+00
11.1500 2.120E+00
11.1667 2.137E+00
11.1833 2.154E+00
11.2000 2.172E+00
11.2167 2.189E+00
11.2333 2.206E+00
11.2500 2.223E+00
11.2667 2.239E+00
11.2833 2.256E+00
11.3000 2.273E+00
11.3167 2.290E+00
11.3333 2.306E+00
11.3500 2.323E+00
11.3667 2.339E+00
11.3833 2.356E+00
11.4000 2.372E+00
11.4167 2.389E+00
11.4333 2.405E+00
11.4500 2.421E+00
11.4667 2.437E+00
11.4833 2.453E+00
11.5000 2.469E+00
11.5167 2.484E+00
11.5333 2.500E+00
11.5500 2.516E+00
11.5667 2.531E+00
11.5833 2.546E+00
11.6000 2.562E+00
11.6167 2.577E+00
11.6333 2.592E+00
11.6500 2.607E+00
11.6667 2.622E+00
11.6833 2.636E+00
11.7000 2.651E+00
11.7167 2.665E+00
11.7333 2.680E+00
11.7500 2.694E+00
11.7667 2.708E+00
11.7833 2.722E+00
11.8000 2.736E+00
11.8167 2.750E+00
11.8333 2.763E+00
11.8500 2.777E+00
11.8667 2.790E+00
11.8833 2.803E+00
11.9000 2.816E+00
11.9167 2.829E+00
11.9333 2.842E+00
11.9500 2.854E+00
11.9667 2.867E+00
11.9833 2.879E+00
12.0000 2.891E+00
12.0167 2.903E+00
12.0333 2.915E+00
12.0500 2.926E+00
12.0667 2.938E+00
12.0833 2.949E+00
12.1000 2.961E+00
12.1167 2.972E+00
12.1333 2.982E+00
12.1500 2.993E+00
12.1667 3.004E+00
12.1833 3.014E+00
12.2000 3.024E+00
12.2167 3.034E+00
12.2333 3.044E+00
12.2500 3.053E+00
12.2667 3.063E+00
12.2833 3.072E+00
12.3000 3.081E+00
12.3167 3.090E+00
12.3333 3.099E+00
12.3500 3.108E+00
12.3667 3.116E+00
12.3833 3.124E+00
12.4000 3.132E+00
12.4167 3.140E+00
12.4333 3.147E+00
12.4500 3.155E+00
12.4667 3.162E+00
12.4833 3.169E+00
12.5000 3.176E+00
12.5167 3.182E+00
12.5333 3.189E+00
12.5500 3.195E+00
12.5667 3.201E+00
12.5833 3.207E+00
12.6000 3.213E+00
12.6167 3.218E+00
12.6333 3.223E+00
12.6500 3.228E+00
12.6667 3.233E+00
12.6833 3.238E+00
12.7000 3.242E+00
12.7167 3.246E+00
12.7333 3.250E+00
12.7500 3.254E+00
12.7667 3.258E+00
12.7833 3.261E+00
12.8000 3.264E+00
12.8167 3.267E+00
12.8333 3.270E+00
12.8500 3.272E+00
12.8667 3.275E+00
12.8833 3.277E+00
12.9000 3.278E+00
12.9167 3.280E+00
12.9333 3.282E+00
12.9500 3.283E+00
12.9667 3.284E+00
12.9833 3.285E+00
13.0000 3.285E+00
13.0167 3.286E+00
13.0333 3.286E+00
13.0500 3.286E+00
13.0667 3.286E+00
13.0833 3.285E+00
13.1000 3.284E+00
13.1167 3.284E+00
13.1333 3.282E+00
13.1500 3.281E+00
13.1667 3.280E+00
13.1833 3.278E+00
13.2000 3.276E+00
13.2167 3.274E+00
13.2333 3.271E+00
13.2500 3.269E+00
13.2667 3.266E+00
13.2833 3.263E+00
13.3000 3.260E+00
13.3167 3.256E+00
13.3333 3.253E+00
13.3500 3.249E+00
13.3667 3.245E+00
13.3833 3.240E+00
13.4000 3.236E+00
13.4167 3.231E+00
13.4333 3.226E+00
13.4500 3.221E+00
13.4667 3.216E+00
13.4833 3.210E+00
13.5000 3.205E+00
13.5167 3.199E+00
13.5333 3.193E+00
13.5500 3.186E+00
13.5667 3.180E+00
13.5833 3.173E+00
13.6000 3.166E+00
13.6167 3.159E+00
13.6333 3.152E+00
13.6500 3.144E+00
13.6667 3.137E+00
13.6833 3.129E+00
13.7000 3.121E+00
13.7167 3.113E+00
13.7333 3.104E+00
13.7500 3.096E+00
13.7667 3.087E+00
13.7833 3.078E+00
13.8000 3.069E+00
13.8167 3.059E+00
13.8333 3.050E+00
13.8500 3.040E+00
13.8667 3.030E+00
13.8833 3.020E+00
13.9000 3.010E+00
13.9167 3.000E+00
13.9333 2.989E+00
13.9500 2.978E+00
13.9667 2.967E+00
13.9833 2.956E+00
14.0000 2.945E+00
14.0167 2.933E+00
14.0333 2.922E+00
14.0500 2.910E+00
14.0667 2.898E+00
14.0833 2.886E+00
14.1000 2.874E+00
14.1167 2.862E+00
14.1333 2.849E+00
14.1500 2.837E+00
14.1667 2.824E+00
14.1833 2.811E+00
14.2000 2.798E+00
14.2167 2.785E+00
14.2333 2.771E+00
14.2500 2.758E+00
14.2667 2.744E+00
14.2833 2.730E+00
14.3000 2.716E+00
14.3167 2.702E+00
14.3333 2.688E+00
14.3500 2.674E+00
14.3667 2.660E+00
14.3833 2.645E+00
14.4000 2.631E+00
14.4167 2.616E+00
14.4333 2.601E+00
14.4500 2.586E+00
14.4667 2.571E+00
14.4833 2.556E+00
14.5000 2.540E+00
14.5167 2.525E+00
14.5333 2.510E+00
14.5500 2.494E+00
14.5667 2.478E+00
14.5833 2.462E+00
14.6000 2.447E+00
14.6167 2.431E+00
14.6333 2.415E+00
14.6500 2.398E+00
14.6667 2.382E+00
14.6833 2.366E+00
14.7000 2.349E+00
14.7167 2.333E+00
14.7333 2.316E+00
14.7500 2.300E+00
14.7667 2.283E+00
14.7833 2.266E+00
14.8000 2.250E+00
14.8167 2.233E+00
14.8333 2.216E+00
14.8500 2.199E+00
14.8667 2.182E+00
14.8833 2.165E+00
14.9000 2.148E+00
14.9167 2.131E+00
14.9333 2.113E+00
14.9500 2.096E+00
14.9667 2.079E+00
14.9833 2.061E+00
