11.0000 1.953E+00
11.0167 1.971E+00
11.0333 1.989E+00
11.0500 2.007E+00
11.0667 2.025E+00
11.0833 2.044E+00
11.1000 2.062E+00
11.1167 2.080E+00
11.1333 2.098E+00
11.1500 2.116E+00
11.1667 2.134E+00
11.1833 2.151E+00
11.2000 2.169E+00
11.2167 2.187E+00
11.2333 2.205E+00
11.2500 2.223E+00
11.2667 2.240E+00
11.2833 2.258E+00
11.3000 2.275E+00
11.3167 2.293E+00
11.3333 2.310E+00
11.3500 2.328E+00
11.3667 2.345E+00
11.3833 2.362E+00
11.4000 2.379E+00
11.4167 2.397E+00
11.4333 2.414E+00
11.4500 2.431E+00
11.4667 2.447E+00
11.4833 2.464E+00
11.5000 2.481E+00
11.5167 2.498E+00
11.5333 2.514E+00
11.5500 2.530E+00
11.5667 2.547E+00
11.5833 2.563E+00
11.6000 2.579E+00
11.6167 2.595E+00
11.6333 2.611E+00
11.6500 2.627E+00
11.6667 2.643E+00
11.6833 2.658E+00
11.7000 2.674E+00
11.7167 2.689E+00
11.7333 2.704E+00
11.7500 2.720E+00
11.7667 2.735E+00
11.7833 2.749E+00
11.8000 2.764E+00
11.8167 2.779E+00
11.8333 2.793E+00
11.8500 2.808E+00
11.8667 2.822E+00
11.8833 2.836E+00
11.9000 2.850E+00
11.9167 2.864E+00
11.9333 2.877E+00
11.9500 2.891E+00
11.9667 2.904E+00
11.9833 2.918E+00
12.0000 2.931E+00
12.0167 2.944E+00
12.0333 2.956E+00
12.0500 2.969E+00
12.0667 2.981E+00
12.0833 2.994E+00
12.1000 3.006E+00
12.1167 3.018E+00
12.1333 3.029E+00
12.1500 3.041E+00
12.1667 3.053E+00
12.1833 3.064E+00
12.2000 3.075E+00
12.2167 3.086E+00
12.2333 3.097E+00
12.2500 3.107E+00
12.2667 3.117E+00
12.2833 3.128E+00
12.3000 3.138E+00
12.3167 3.148E+00
12.3333 3.157E+00
12.3500 3.167E+00
12.3667 3.176E+00
12.3833 3.185E+00
12.4000 3.194E+00
12.4167 3.203E+00
12.4333 3.211E+00
12.4500 3.219E+00
12.4667 3.227E+00
12.4833 3.235E+00
12.5000 3.243E+00
12.5167 3.251E+00
12.5333 3.258E+00
12.5500 3.265E+00
12.5667 3.272E+00
12.5833 3.278E+00
12.6000 3.285E+00
12.6167 3.291E+00
12.6333 3.297E+00
12.6500 3.303E+00
12.6667 3.309E+00
12.6833 3.314E+00
12.7000 3.319E+00
12.7167 3.324E+00
12.7333 3.329E+00
12.7500 3.334E+00
12.7667 3.338E+00
12.7833 3.342E+00
12.8000 3.346E+00
12.8167 3.350E+00
12.8333 3.353E+00
12.8500 3.357E+00
12.8667 3.360E+00
12.8833 3.363E+00
12.9000 3.365E+00
12.9167 3.368E+00
12.9333 3.370E+00
12.9500 3.372E+00
12.9667 3.373E+00
12.9833 3.375E+00
13.0000 3.376E+00
13.0167 3.377E+00
13.0333 3.378E+00
13.0500 3.379E+00
13.0667 3.379E+00
13.0833 3.379E+00
13.1000 3.379E+00
13.1167 3.379E+00
13.1333 3.379E+00
13.1500 3.378E+00
13.1667 3.377E+00
13.1833 3.376E+00
13.2000 3.375E+00
13.2167 3.373E+00
13.2333 3.371E+00
13.2500 3.369E+00
13.2667 3.367E+00
13.2833 3.364E+00
13.3000 3.362E+00
13.3167 3.359E+00
13.3333 3.356E+00
13.3500 3.352E+00
13.3667 3.349E+00
13.3833 3.345E+00
13.4000 3.341E+00
13.4167 3.337E+00
13.4333 3.332E+00
13.4500 3.328E+00
13.4667 3.323E+00
13.4833 3.318E+00
13.5000 3.312E+00
13.5167 3.307E+00
13.5333 3.301E+00
13.5500 3.295E+00
13.5667 3.289E+00
13.5833 3.283E+00
13.6000 3.276E+00
13.6167 3.270E+00
13.6333 3.263E+00
13.6500 3.256E+00
13.6667 3.248E+00
13.6833 3.241E+00
13.7000 3.233E+00
13.7167 3.225E+00
13.7333 3.217E+00
13.7500 3.208E+00
13.7667 3.200E+00
13.7833 3.191E+00
13.8000 3.182E+00
13.8167 3.173E+00
13.8333 3.164E+00
13.8500 3.154E+00
13.8667 3.144E+00
13.8833 3.135E+00
13.9000 3.124E+00
13.9167 3.114E+00
13.9333 3.104E+00
13.9500 3.093E+00
13.9667 3.082E+00
13.9833 3.071E+00
14.0000 3.060E+00
14.0167 3.049E+00
14.0333 3.037E+00
14.0500 3.026E+00
14.0667 3.014E+00
14.0833 3.002E+00
14.1000 2.990E+00
14.1167 2.977E+00
14.1333 2.965E+00
14.1500 2.952E+00
14.1667 2.939E+00
14.1833 2.927E+00
14.2000 2.913E+00
14.2167 2.900E+00
14.2333 2.887E+00
14.2500 2.873E+00
14.2667 2.859E+00
14.2833 2.846E+00
14.3000 2.832E+00
14.3167 2.817E+00
14.3333 2.803E+00
14.3500 2.789E+00
14.3667 2.774E+00
14.3833 2.760E+00
14.4000 2.745E+00
14.4167 2.730E+00
14.4333 2.715E+00
14.4500 2.700E+00
14.4667 2.684E+00
14.4833 2.669E+00
14.5000 2.653E+00
14.5167 2.638E+00
14.5333 2.622E+00
14.5500 2.606E+00
14.5667 2.590E+00
14.5833 2.574E+00
14.6000 2.558E+00
14.6167 2.542E+00
14.6333 2.525E+00
14.6500 2.509E+00
14.6667 2.492E+00
14.6833 2.476E+00
14.7000 2.459E+00
14.7167 2.442E+00
14.7333 2.425E+00
14.7500 2.408E+00
14.7667 2.391E+00
14.7833 2.374E+00
14.8000 2.357E+00
14.8167 2.340E+00
14.8333 2.322E+00
14.8500 2.305E+00
14.8667 2.287E+00
14.8833 2.270E+00
14.9000 2.252E+00
14.9167 2.235E+00
14.9333 2.217E+00
14.9500 2.199E+00
14.9667 2.181E+00
14.9833 2.164E+00
