11.0000 2.036E+00
11.0167 2.055E+00
11.0333 2.074E+00
11.0500 2.092E+00
11.0667 2.111E+00
11.0833 2.130E+00
11.1000 2.149E+00
11.1167 2.167E+00
11.1333 2.186E+00
11.1500 2.204E+00
11.1667 2.223E+00
11.1833 2.241E+00
11.2000 2.260E+00
11.2167 2.278E+00
11.2333 2.296E+00
11.2500 2.315E+00
11.2667 2.333E+00
11.2833 2.351E+00
11.3000 2.369E+00
11.3167 2.387E+00
11.3333 2.405E+00
11.3500 2.423E+00
11.3667 2.441E+00
11.3833 2.459E+00
11.4000 2.476E+00
11.4167 2.494E+00
11.4333 2.511E+00
11.4500 2.529E+00
11.4667 2.546E+00
11.4833 2.563E+00
11.5000 2.581E+00
11.5167 2.598E+00
11.5333 2.615E+00
11.5500 2.632E+00
11.5667 2.648E+00
11.5833 2.665E+00
11.6000 2.682E+00
11.6167 2.698E+00
11.6333 2.714E+00
11.6500 2.731E+00
11.6667 2.747E+00
11.6833 2.763E+00
11.7000 2.779E+00
11.7167 2.794E+00
11.7333 2.810E+00
11.7500 2.826E+00
11.7667 2.841E+00
11.7833 2.856E+00
11.8000 2.871E+00
11.8167 2.886E+00
11.8333 2.901E+00
11.8500 2.916E+00
11.8667 2.930E+00
11.8833 2.945E+00
11.9000 2.959E+00
11.9167 2.973E+00
11.9333 2.987E+00
11.9500 3.001E+00
11.9667 3.015E+00
11.9833 3.028E+00
12.0000 3.042E+00
12.0167 3.055E+00
12.0333 3.068E+00
12.0500 3.081E+00
12.0667 3.093E+00
12.0833 3.106E+00
12.1000 3.118E+00
12.1167 3.130E+00
12.1333 3.142E+00
12.1500 3.154E+00
12.1667 3.166E+00
12.1833 3.177E+00
12.2000 3.188E+00
12.2167 3.200E+00
12.2333 3.210E+00
12.2500 3.221E+00
12.2667 3.232E+00
12.2833 3.242E+00
12.3000 3.252E+00
12.3167 3.262E+00
12.3333 3.272E+00
12.3500 3.281E+00
12.3667 3.291E+00
12.3833 3.300E+00
12.4000 3.309E+00
12.4167 3.318E+00
12.4333 3.326E+00
12.4500 3.335E+00
12.4667 3.343E+00
12.4833 3.351E+00
12.5000 3.358E+00
12.5167 3.366E+00
12.5333 3.373E+00
12.5500 3.380E+00
12.5667 3.387E+00
12.5833 3.394E+00
12.6000 3.400E+00
12.6167 3.407E+00
12.6333 3.413E+00
12.6500 3.419E+00
12.6667 3.424E+00
12.6833 3.429E+00
12.7000 3.435E+00
12.7167 3.440E+00
12.7333 3.444E+00
12.7500 3.449E+00
12.7667 3.453E+00
12.7833 3.457E+00
12.8000 3.461E+00
12.8167 3.464E+00
12.8333 3.468E+00
12.8500 3.471E+00
12.8667 3.474E+00
12.8833 3.477E+00
12.9000 3.479E+00
12.9167 3.481E+00
12.9333 3.483E+00
12.9500 3.485E+00
12.9667 3.487E+00
12.9833 3.488E+00
13.0000 3.489E+00
13.0167 3.490E+00
13.0333 3.490E+00
13.0500 3.491E+00
13.0667 3.491E+00
13.0833 3.491E+00
13.1000 3.491E+00
13.1167 3.490E+00
13.1333 3.489E+00
13.1500 3.488E+00
13.1667 3.487E+00
13.1833 3.486E+00
13.2000 3.484E+00
13.2167 3.482E+00
13.2333 3.480E+00
13.2500 3.478E+00
13.2667 3.475E+00
13.2833 3.472E+00
13.3000 3.469E+00
13.3167 3.466E+00
13.3333 3.463E+00
13.3500 3.459E+00
13.3667 3.455E+00
13.3833 3.451E+00
13.4000 3.446E+00
13.4167 3.442E+00
13.4333 3.437E+00
13.4500 3.432E+00
13.4667 3.427E+00
13.4833 3.421E+00
13.5000 3.415E+00
13.5167 3.409E+00
13.5333 3.403E+00
13.5500 3.397E+00
13.5667 3.390E+00
13.5833 3.384E+00
13.6000 3.377E+00
13.6167 3.369E+00
13.6333 3.362E+00
13.6500 3.354E+00
13.6667 3.346E+00
13.6833 3.338E+00
13.7000 3.330E+00
13.7167 3.322E+00
13.7333 3.313E+00
13.7500 3.304E+00
13.7667 3.295E+00
13.7833 3.286E+00
13.8000 3.276E+00
13.8167 3.267E+00
13.8333 3.257E+00
13.8500 3.247E+00
13.8667 3.236E+00
13.8833 3.226E+00
13.9000 3.215E+00
13.9167 3.205E+00
13.9333 3.194E+00
13.9500 3.182E+00
13.9667 3.171E+00
13.9833 3.159E+00
14.0000 3.148E+00
14.0167 3.136E+00
14.0333 3.124E+00
14.0500 3.111E+00
14.0667 3.099E+00
14.0833 3.086E+00
14.1000 3.074E+00
14.1167 3.061E+00
14.1333 3.048E+00
14.1500 3.034E+00
14.1667 3.021E+00
14.1833 3.007E+00
14.2000 2.994E+00
14.2167 2.980E+00
14.2333 2.966E+00
14.2500 2.951E+00
14.2667 2.937E+00
14.2833 2.923E+00
14.3000 2.908E+00
14.3167 2.893E+00
14.3333 2.878E+00
14.3500 2.863E+00
14.3667 2.848E+00
14.3833 2.833E+00
14.4000 2.817E+00
14.4167 2.802E+00
14.4333 2.786E+00
14.4500 2.770E+00
14.4667 2.754E+00
14.4833 2.738E+00
14.5000 2.722E+00
14.5167 2.706E+00
14.5333 2.689E+00
14.5500 2.673E+00
14.5667 2.656E+00
14.5833 2.639E+00
14.6000 2.622E+00
14.6167 2.606E+00
14.6333 2.588E+00
14.6500 2.571E+00
14.6667 2.554E+00
14.6833 2.537E+00
14.7000 2.519E+00
14.7167 2.502E+00
14.7333 2.484E+00
14.7500 2.467E+00
14.7667 2.449E+00
14.7833 2.431E+00
14.8000 2.413E+00
14.8167 2.395E+00
14.8333 2.377E+00
14.8500 2.359E+00
14.8667 2.341E+00
14.8833 2.323E+00
14.9000 2.305E+00
14.9167 2.286E+00
14.9333 2.268E+00
14.9500 2.250E+00
14.9667 2.231E+00
14.9833 2.213E+00
