11.0000 2.021E+00
11.0167 2.038E+00
11.0333 2.056E+00
11.0500 2.074E+00
11.0667 2.092E+00
11.0833 2.109E+00
11.1000 2.127E+00
11.1167 2.144E+00
11.1333 2.162E+00
11.1500 2.179E+00
11.1667 2.197E+00
11.1833 2.214E+00
11.2000 2.232E+00
11.2167 2.249E+00
11.2333 2.266E+00
11.2500 2.283E+00
11.2667 2.300E+00
11.2833 2.317E+00
11.3000 2.334E+00
11.3167 2.351E+00
11.3333 2.368E+00
11.3500 2.385E+00
11.3667 2.402E+00
11.3833 2.418E+00
11.4000 2.435E+00
11.4167 2.451E+00
11.4333 2.468E+00
11.4500 2.484E+00
11.4667 2.500E+00
11.4833 2.516E+00
11.5000 2.532E+00
11.5167 2.548E+00
11.5333 2.564E+00
11.5500 2.580E+00
11.5667 2.595E+00
11.5833 2.611E+00
11.6000 2.626E+00
11.6167 2.641E+00
11.6333 2.657E+00
11.6500 2.672E+00
11.6667 2.687E+00
11.6833 2.701E+00
11.7000 2.716E+00
11.7167 2.731E+00
11.7333 2.745E+00
11.7500 2.760E+00
11.7667 2.774E+00
11.7833 2.788E+00
11.8000 2.802E+00
11.8167 2.816E+00
11.8333 2.829E+00
11.8500 2.843E+00
11.8667 2.856E+00
11.8833 2.869E+00
11.9000 2.882E+00
11.9167 2.895E+00
11.9333 2.908E+00
11.9500 2.921E+00
11.9667 2.933E+00
11.9833 2.946E+00
12.0000 2.958E+00
12.0167 2.970E+00
12.0333 2.982E+00
12.0500 2.993E+00
12.0667 3.005E+00
12.0833 3.016E+00
12.1000 3.028E+00
12.1167 3.039E+00
12.1333 3.049E+00
12.1500 3.060E+00
12.1667 3.071E+00
12.1833 3.081E+00
12.2000 3.091E+00
12.2167 3.101E+00
12.2333 3.111E+00
12.2500 3.121E+00
12.2667 3.130E+00
12.2833 3.139E+00
12.3000 3.148E+00
12.3167 3.157E+00
12.3333 3.166E+00
12.3500 3.175E+00
12.3667 3.183E+00
12.3833 3.191E+00
12.4000 3.199E+00
12.4167 3.207E+00
12.4333 3.214E+00
12.4500 3.222E+00
12.4667 3.229E+00
12.4833 3.236E+00
12.5000 3.243E+00
12.5167 3.249E+00
12.5333 3.255E+00
12.5500 3.262E+00
12.5667 3.268E+00
12.5833 3.273E+00
12.6000 3.279E+00
12.6167 3.284E+00
12.6333 3.289E+00
12.6500 3.294E+00
12.6667 3.299E+00
12.6833 3.303E+00
12.7000 3.308E+00
12.7167 3.312E+00
12.7333 3.316E+00
12.7500 3.319E+00
12.7667 3.323E+00
12.7833 3.326E+00
12.8000 3.329E+00
12.8167 3.332E+00
12.8333 3.334E+00
12.8500 3.337E+00
12.8667 3.339E+00
12.8833 3.341E+00
12.9000 3.343E+00
12.9167 3.344E+00
12.9333 3.345E+00
12.9500 3.347E+00
12.9667 3.347E+00
12.9833 3.348E+00
13.0000 3.349E+00
13.0167 3.349E+00
13.0333 3.349E+00
13.0500 3.349E+00
13.0667 3.348E+00
13.0833 3.347E+00
13.1000 3.347E+00
13.1167 3.346E+00
13.1333 3.344E+00
13.1500 3.343E+00
13.1667 3.341E+00
13.1833 3.339E+00
13.2000 3.337E+00
13.2167 3.335E+00
13.2333 3.332E+00
13.2500 3.329E+00
13.2667 3.326E+00
13.2833 3.323E+00
13.3000 3.320E+00
13.3167 3.316E+00
13.3333 3.312E+00
13.3500 3.308E+00
13.3667 3.304E+00
13.3833 3.299E+00
13.4000 3.295E+00
13.4167 3.290E+00
13.4333 3.285E+00
13.4500 3.279E+00
13.4667 3.274E+00
13.4833 3.268E+00
13.5000 3.262E+00
13.5167 3.256E+00
13.5333 3.250E+00
13.5500 3.243E+00
13.5667 3.236E+00
13.5833 3.229E+00
13.6000 3.222E+00
13.6167 3.215E+00
13.6333 3.207E+00
13.6500 3.199E+00
13.6667 3.192E+00
13.6833 3.183E+00
13.7000 3.175E+00
13.7167 3.167E+00
13.7333 3.158E+00
13.7500 3.149E+00
13.7667 3.140E+00
13.7833 3.131E+00
13.8000 3.121E+00
13.8167 3.112E+00
13.8333 3.102E+00
13.8500 3.092E+00
13.8667 3.082E+00
13.8833 3.071E+00
13.9000 3.061E+00
13.9167 3.050E+00
13.9333 3.039E+00
13.9500 3.028E+00
13.9667 3.017E+00
13.9833 3.006E+00
14.0000 2.994E+00
14.0167 2.983E+00
14.0333 2.971E+00
14.0500 2.959E+00
14.0667 2.947E+00
14.0833 2.934E+00
14.1000 2.922E+00
14.1167 2.909E+00
14.1333 2.896E+00
14.1500 2.883E+00
14.1667 2.870E+00
14.1833 2.857E+00
14.2000 2.844E+00
14.2167 2.830E+00
14.2333 2.817E+00
14.2500 2.803E+00
14.2667 2.789E+00
14.2833 2.775E+00
14.3000 2.761E+00
14.3167 2.746E+00
14.3333 2.732E+00
14.3500 2.717E+00
14.3667 2.703E+00
14.3833 2.688E+00
14.4000 2.673E+00
14.4167 2.658E+00
14.4333 2.643E+00
14.4500 2.627E+00
14.4667 2.612E+00
14.4833 2.596E+00
14.5000 2.581E+00
14.5167 2.565E+00
14.5333 2.549E+00
14.5500 2.533E+00
14.5667 2.517E+00
14.5833 2.501E+00
14.6000 2.485E+00
14.6167 2.469E+00
14.6333 2.452E+00
14.6500 2.436E+00
14.6667 2.420E+00
14.6833 2.403E+00
14.7000 2.386E+00
14.7167 2.369E+00
14.7333 2.353E+00
14.7500 2.336E+00
14.7667 2.319E+00
14.7833 2.302E+00
14.8000 2.285E+00
14.8167 2.267E+00
14.8333 2.250E+00
14.8500 2.233E+00
14.8667 2.216E+00
14.8833 2.198E+00
14.9000 2.181E+00
14.9167 2.163E+00
14.9333 2.146E+00
14.9500 2.128E+00
14.9667 2.111E+00
14.9833 2.093E+00
