11.0000 1.949E+00
11.0167 1.966E+00
11.0333 1.984E+00
11.0500 2.001E+00
11.0667 2.018E+00
11.0833 2.036E+00
11.1000 2.053E+00
11.1167 2.070E+00
11.1333 2.087E+00
11.1500 2.105E+00
11.1667 2.122E+00
11.1833 2.139E+00
11.2000 2.156E+00
11.2167 2.173E+00
11.2333 2.190E+00
11.2500 2.207E+00
11.2667 2.223E+00
11.2833 2.240E+00
11.3000 2.257E+00
11.3167 2.274E+00
11.3333 2.290E+00
11.3500 2.307E+00
11.3667 2.323E+00
11.3833 2.340E+00
11.4000 2.356E+00
11.4167 2.372E+00
11.4333 2.388E+00
11.4500 2.404E+00
11.4667 2.420E+00
11.4833 2.436E+00
11.5000 2.452E+00
11.5167 2.468E+00
11.5333 2.483E+00
11.5500 2.499E+00
11.5667 2.514E+00
11.5833 2.529E+00
11.6000 2.545E+00
11.6167 2.560E+00
11.6333 2.575E+00
11.6500 2.590E+00
11.6667 2.604E+00
11.6833 2.619E+00
11.7000 2.634E+00
11.7167 2.648E+00
11.7333 2.662E+00
11.7500 2.676E+00
11.7667 2.691E+00
11.7833 2.704E+00
11.8000 2.718E+00
11.8167 2.732E+00
11.8333 2.746E+00
11.8500 2.759E+00
11.8667 2.772E+00
11.8833 2.785E+00
11.9000 2.798E+00
11.9167 2.811E+00
11.9333 2.824E+00
11.9500 2.836E+00
11.9667 2.849E+00
11.9833 2.861E+00
12.0000 2.873E+00
12.0167 2.885E+00
12.0333 2.897E+00
12.0500 2.909E+00
12.0667 2.920E+00
12.0833 2.931E+00
12.1000 2.943E+00
12.1167 2.954E+00
12.1333 2.964E+00
12.1500 2.975E+00
12.1667 2.986E+00
12.1833 2.996E+00
12.2000 3.006E+00
12.2167 3.016E+00
12.2333 3.026E+00
12.2500 3.035E+00
12.2667 3.045E+00
12.2833 3.054E+00
12.3000 3.063E+00
12.3167 3.072E+00
12.3333 3.081E+00
12.3500 3.089E+00
12.3667 3.098E+00
12.3833 3.106E+00
12.4000 3.114E+00
12.4167 3.122E+00
12.4333 3.129E+00
12.4500 3.137E+00
12.4667 3.144E+00
12.4833 3.151E+00
12.5000 3.158E+00
12.5167 3.164E+00
12.5333 3.171E+00
12.5500 3.177E+00
12.5667 3.183E+00
12.5833 3.189E+00
12.6000 3.195E+00
12.6167 3.200E+00
12.6333 3.205E+00
12.6500 3.210E+00
12.6667 3.215E+00
12.6833 3.220E+00
12.7000 3.224E+00
12.7167 3.228E+00
12.7333 3.232E+00
12.7500 3.236E+00
12.7667 3.240E+00
12.7833 3.243E+00
12.8000 3.246E+00
12.8167 3.249E+00
12.8333 3.252E+00
12.8500 3.255E+00
12.8667 3.257E+00
12.8833 3.259E+00
12.9000 3.261E+00
12.9167 3.263E+00
12.9333 3.264E+00
12.9500 3.266E+00
12.9667 3.267E+00
12.9833 3.268E+00
13.0000 3.268E+00
13.0167 3.269E+00
13.0333 3.269E+00
13.0500 3.269E+00
13.0667 3.269E+00
13.0833 3.268E+00
13.1000 3.267E+00
13.1167 3.267E+00
13.1333 3.266E+00
13.1500 3.264E+00
13.1667 3.263E+00
13.1833 3.261E+00
13.2000 3.259E+00
13.2167 3.257E+00
13.2333 3.255E+00
13.2500 3.252E+00
13.2667 3.249E+00
13.2833 3.246E+00
13.3000 3.243E+00
13.3167 3.240E+00
13.3333 3.236E+00
13.3500 3.233E+00
13.3667 3.229E+00
13.3833 3.224E+00
13.4000 3.220E+00
13.4167 3.215E+00
13.4333 3.210E+00
13.4500 3.205E+00
13.4667 3.200E+00
13.4833 3.195E+00
13.5000 3.189E+00
13.5167 3.183E+00
13.5333 3.177E+00
13.5500 3.171E+00
13.5667 3.165E+00
13.5833 3.158E+00
13.6000 3.151E+00
13.6167 3.144E+00
13.6333 3.137E+00
13.6500 3.129E+00
13.6667 3.122E+00
13.6833 3.114E+00
13.7000 3.106E+00
13.7167 3.098E+00
13.7333 3.090E+00
13.7500 3.081E+00
13.7667 3.072E+00
13.7833 3.063E+00
13.8000 3.054E+00
13.8167 3.045E+00
13.8333 3.036E+00
13.8500 3.026E+00
13.8667 3.016E+00
13.8833 3.006E+00
13.9000 2.996E+00
13.9167 2.986E+00
13.9333 2.975E+00
13.9500 2.965E+00
13.9667 2.954E+00
13.9833 2.943E+00
14.0000 2.932E+00
14.0167 2.920E+00
14.0333 2.909E+00
14.0500 2.897E+00
14.0667 2.885E+00
14.0833 2.873E+00
14.1000 2.861E+00
14.1167 2.849E+00
14.1333 2.837E+00
14.1500 2.824E+00
14.1667 2.811E+00
14.1833 2.798E+00
14.2000 2.785E+00
14.2167 2.772E+00
14.2333 2.759E+00
14.2500 2.746E+00
14.2667 2.732E+00
14.2833 2.718E+00
14.3000 2.705E+00
14.3167 2.691E+00
14.3333 2.677E+00
14.3500 2.662E+00
14.3667 2.648E+00
14.3833 2.634E+00
14.4000 2.619E+00
14.4167 2.605E+00
14.4333 2.590E+00
14.4500 2.575E+00
14.4667 2.560E+00
14.4833 2.545E+00
14.5000 2.530E+00
14.5167 2.514E+00
14.5333 2.499E+00
14.5500 2.483E+00
14.5667 2.468E+00
14.5833 2.452E+00
14.6000 2.436E+00
14.6167 2.420E+00
14.6333 2.404E+00
14.6500 2.388E+00
14.6667 2.372E+00
14.6833 2.356E+00
14.7000 2.340E+00
14.7167 2.323E+00
14.7333 2.307E+00
14.7500 2.290E+00
14.7667 2.274E+00
14.7833 2.257E+00
14.8000 2.240E+00
14.8167 2.224E+00
14.8333 2.207E+00
14.8500 2.190E+00
14.8667 2.173E+00
14.8833 2.156E+00
14.9000 2.139E+00
14.9167 2.122E+00
14.9333 2.105E+00
14.9500 2.088E+00
14.9667 2.070E+00
14.9833 2.053E+00
