11.0000 2.073E+00
11.0167 2.091E+00
11.0333 2.109E+00
11.0500 2.127E+00
11.0667 2.144E+00
11.0833 2.162E+00
11.1000 2.180E+00
11.1167 2.198E+00
11.1333 2.215E+00
11.1500 2.233E+00
11.1667 2.251E+00
11.1833 2.268E+00
11.2000 2.286E+00
11.2167 2.303E+00
11.2333 2.321E+00
11.2500 2.338E+00
11.2667 2.355E+00
11.2833 2.372E+00
11.3000 2.389E+00
11.3167 2.406E+00
11.3333 2.423E+00
11.3500 2.440E+00
11.3667 2.457E+00
11.3833 2.474E+00
11.4000 2.490E+00
11.4167 2.507E+00
11.4333 2.524E+00
11.4500 2.540E+00
11.4667 2.556E+00
11.4833 2.572E+00
11.5000 2.589E+00
11.5167 2.605E+00
11.5333 2.620E+00
11.5500 2.636E+00
11.5667 2.652E+00
11.5833 2.667E+00
11.6000 2.683E+00
11.6167 2.698E+00
11.6333 2.714E+00
11.6500 2.729E+00
11.6667 2.744E+00
11.6833 2.759E+00
11.7000 2.773E+00
11.7167 2.788E+00
11.7333 2.803E+00
11.7500 2.817E+00
11.7667 2.831E+00
11.7833 2.845E+00
11.8000 2.859E+00
11.8167 2.873E+00
11.8333 2.887E+00
11.8500 2.900E+00
11.8667 2.914E+00
11.8833 2.927E+00
11.9000 2.940E+00
11.9167 2.953E+00
11.9333 2.966E+00
11.9500 2.979E+00
11.9667 2.991E+00
11.9833 3.003E+00
12.0000 3.016E+00
12.0167 3.028E+00
12.0333 3.039E+00
12.0500 3.051E+00
12.0667 3.063E+00
12.0833 3.074E+00
12.1000 3.085E+00
12.1167 3.096E+00
12.1333 3.107E+00
12.1500 3.118E+00
12.1667 3.128E+00
12.1833 3.139E+00
12.2000 3.149E+00
12.2167 3.159E+00
12.2333 3.168E+00
12.2500 3.178E+00
12.2667 3.187E+00
12.2833 3.197E+00
12.3000 3.206E+00
12.3167 3.215E+00
12.3333 3.223E+00
12.3500 3.232E+00
12.3667 3.240E+00
12.3833 3.248E+00
12.4000 3.256E+00
12.4167 3.264E+00
12.4333 3.271E+00
12.4500 3.278E+00
12.4667 3.285E+00
12.4833 3.292E+00
12.5000 3.299E+00
12.5167 3.305E+00
12.5333 3.312E+00
12.5500 3.318E+00
12.5667 3.324E+00
12.5833 3.329E+00
12.6000 3.335E+00
12.6167 3.340E+00
12.6333 3.345E+00
12.6500 3.350E+00
12.6667 3.354E+00
12.6833 3.359E+00
12.7000 3.363E+00
12.7167 3.367E+00
12.7333 3.371E+00
12.7500 3.374E+00
12.7667 3.378E+00
12.7833 3.381E+00
12.8000 3.384E+00
12.8167 3.386E+00
12.8333 3.389E+00
12.8500 3.391E+00
12.8667 3.393E+00
12.8833 3.395E+00
12.9000 3.396E+00
12.9167 3.398E+00
12.9333 3.399E+00
12.9500 3.400E+00
12.9667 3.401E+00
12.9833 3.401E+00
13.0000 3.401E+00
13.0167 3.402E+00
13.0333 3.401E+00
13.0500 3.401E+00
13.0667 3.401E+00
13.0833 3.400E+00
13.1000 3.399E+00
13.1167 3.397E+00
13.1333 3.396E+00
13.1500 3.394E+00
13.1667 3.393E+00
13.1833 3.390E+00
13.2000 3.388E+00
13.2167 3.386E+00
13.2333 3.383E+00
13.2500 3.380E+00
13.2667 3.377E+00
13.2833 3.373E+00
13.3000 3.370E+00
13.3167 3.366E+00
13.3333 3.362E+00
13.3500 3.358E+00
13.3667 3.353E+00
13.3833 3.348E+00
13.4000 3.344E+00
13.4167 3.338E+00
13.4333 3.333E+00
13.4500 3.328E+00
13.4667 3.322E+00
13.4833 3.316E+00
13.5000 3.310E+00
13.5167 3.304E+00
13.5333 3.297E+00
13.5500 3.290E+00
13.5667 3.283E+00
13.5833 3.276E+00
13.6000 3.269E+00
13.6167 3.261E+00
13.6333 3.254E+00
13.6500 3.246E+00
13.6667 3.237E+00
13.6833 3.229E+00
13.7000 3.221E+00
13.7167 3.212E+00
13.7333 3.203E+00
13.7500 3.194E+00
13.7667 3.185E+00
13.7833 3.175E+00
13.8000 3.166E+00
13.8167 3.156E+00
13.8333 3.146E+00
13.8500 3.136E+00
13.8667 3.125E+00
13.8833 3.115E+00
13.9000 3.104E+00
13.9167 3.093E+00
13.9333 3.082E+00
13.9500 3.071E+00
13.9667 3.059E+00
13.9833 3.048E+00
14.0000 3.036E+00
14.0167 3.024E+00
14.0333 3.012E+00
14.0500 3.000E+00
14.0667 2.987E+00
14.0833 2.975E+00
14.1000 2.962E+00
14.1167 2.949E+00
14.1333 2.936E+00
14.1500 2.923E+00
14.1667 2.910E+00
14.1833 2.896E+00
14.2000 2.883E+00
14.2167 2.869E+00
14.2333 2.855E+00
14.2500 2.841E+00
14.2667 2.827E+00
14.2833 2.813E+00
14.3000 2.798E+00
14.3167 2.784E+00
14.3333 2.769E+00
14.3500 2.754E+00
14.3667 2.739E+00
14.3833 2.724E+00
14.4000 2.709E+00
14.4167 2.694E+00
14.4333 2.679E+00
14.4500 2.663E+00
14.4667 2.648E+00
14.4833 2.632E+00
14.5000 2.616E+00
14.5167 2.600E+00
14.5333 2.584E+00
14.5500 2.568E+00
14.5667 2.552E+00
14.5833 2.535E+00
14.6000 2.519E+00
14.6167 2.502E+00
14.6333 2.486E+00
14.6500 2.469E+00
14.6667 2.452E+00
14.6833 2.435E+00
14.7000 2.419E+00
14.7167 2.402E+00
14.7333 2.385E+00
14.7500 2.367E+00
14.7667 2.350E+00
14.7833 2.333E+00
14.8000 2.316E+00
14.8167 2.298E+00
14.8333 2.281E+00
14.8500 2.263E+00
14.8667 2.246E+00
14.8833 2.228E+00
14.9000 2.210E+00
14.9167 2.193E+00
14.9333 2.175E+00
14.9500 2.157E+00
14.9667 2.139E+00
14.9833 2.122E+00
