11.0000 1.826E+00
11.0167 1.842E+00
11.0333 1.859E+00
11.0500 1.875E+00
11.0667 1.891E+00
11.0833 1.908E+00
11.1000 1.924E+00
11.1167 1.940E+00
11.1333 1.956E+00
11.1500 1.973E+00
11.1667 1.989E+00
11.1833 2.005E+00
11.2000 2.021E+00
11.2167 2.037E+00
11.2333 2.053E+00
11.2500 2.069E+00
11.2667 2.085E+00
11.2833 2.101E+00
11.3000 2.116E+00
11.3167 2.132E+00
11.3333 2.148E+00
11.3500 2.163E+00
11.3667 2.179E+00
11.3833 2.194E+00
11.4000 2.210E+00
11.4167 2.225E+00
11.4333 2.240E+00
11.4500 2.255E+00
11.4667 2.270E+00
11.4833 2.285E+00
11.5000 2.300E+00
11.5167 2.315E+00
11.5333 2.330E+00
11.5500 2.344E+00
11.5667 2.359E+00
11.5833 2.373E+00
11.6000 2.388E+00
11.6167 2.402E+00
11.6333 2.416E+00
11.6500 2.430E+00
11.6667 2.444E+00
11.6833 2.458E+00
11.7000 2.472E+00
11.7167 2.486E+00
11.7333 2.499E+00
11.7500 2.513E+00
11.7667 2.526E+00
11.7833 2.539E+00
11.8000 2.552E+00
11.8167 2.565E+00
11.8333 2.578E+00
11.8500 2.591E+00
11.8667 2.603E+00
11.8833 2.616E+00
11.9000 2.628E+00
11.9167 2.640E+00
11.9333 2.652E+00
11.9500 2.664E+00
11.9667 2.676E+00
11.9833 2.687E+00
12.0000 2.699E+00
12.0167 2.710E+00
12.0333 2.722E+00
12.0500 2.733E+00
12.0667 2.743E+00
12.0833 2.754E+00
12.1000 2.765E+00
12.1167 2.775E+00
12.1333 2.786E+00
12.1500 2.796E+00
12.1667 2.806E+00
12.1833 2.815E+00
12.2000 2.825E+00
12.2167 2.835E+00
12.2333 2.844E+00
12.2500 2.853E+00
12.2667 2.862E+00
12.2833 2.871E+00
12.3000 2.880E+00
12.3167 2.888E+00
12.3333 2.896E+00
12.3500 2.905E+00
12.3667 2.913E+00
12.3833 2.920E+00
12.4000 2.928E+00
12.4167 2.936E+00
12.4333 2.943E+00
12.4500 2.950E+00
12.4667 2.957E+00
12.4833 2.963E+00
12.5000 2.970E+00
12.5167 2.976E+00
12.5333 2.983E+00
12.5500 2.989E+00
12.5667 2.994E+00
12.5833 3.000E+00
12.6000 3.005E+00
12.6167 3.011E+00
12.6333 3.016E+00
12.6500 3.021E+00
12.6667 3.025E+00
12.6833 3.030E+00
12.7000 3.034E+00
12.7167 3.038E+00
12.7333 3.042E+00
12.7500 3.046E+00
12.7667 3.049E+00
12.7833 3.052E+00
12.8000 3.056E+00
12.8167 3.058E+00
12.8333 3.061E+00
12.8500 3.064E+00
12.8667 3.066E+00
12.8833 3.068E+00
12.9000 3.070E+00
12.9167 3.072E+00
12.9333 3.073E+00
12.9500 3.075E+00
12.9667 3.076E+00
12.9833 3.077E+00
13.0000 3.077E+00
13.0167 3.078E+00
13.0333 3.078E+00
13.0500 3.078E+00
13.0667 3.078E+00
13.0833 3.078E+00
13.1000 3.078E+00
13.1167 3.077E+00
13.1333 3.076E+00
13.1500 3.075E+00
13.1667 3.074E+00
13.1833 3.072E+00
13.2000 3.071E+00
13.2167 3.069E+00
13.2333 3.067E+00
13.2500 3.064E+00
13.2667 3.062E+00
13.2833 3.059E+00
13.3000 3.056E+00
13.3167 3.053E+00
13.3333 3.050E+00
13.3500 3.047E+00
13.3667 3.043E+00
13.3833 3.039E+00
13.4000 3.035E+00
13.4167 3.031E+00
13.4333 3.026E+00
13.4500 3.022E+00
13.4667 3.017E+00
13.4833 3.012E+00
13.5000 3.007E+00
13.5167 3.001E+00
13.5333 2.996E+00
13.5500 2.990E+00
13.5667 2.984E+00
13.5833 2.978E+00
13.6000 2.972E+00
13.6167 2.965E+00
13.6333 2.959E+00
13.6500 2.952E+00
13.6667 2.945E+00
13.6833 2.937E+00
13.7000 2.930E+00
13.7167 2.923E+00
13.7333 2.915E+00
13.7500 2.907E+00
13.7667 2.899E+00
13.7833 2.890E+00
13.8000 2.882E+00
13.8167 2.873E+00
13.8333 2.865E+00
13.8500 2.856E+00
13.8667 2.846E+00
13.8833 2.837E+00
13.9000 2.828E+00
13.9167 2.818E+00
13.9333 2.808E+00
13.9500 2.798E+00
13.9667 2.788E+00
13.9833 2.778E+00
14.0000 2.768E+00
14.0167 2.757E+00
14.0333 2.746E+00
14.0500 2.736E+00
14.0667 2.725E+00
14.0833 2.713E+00
14.1000 2.702E+00
14.1167 2.691E+00
14.1333 2.679E+00
14.1500 2.667E+00
14.1667 2.655E+00
14.1833 2.643E+00
14.2000 2.631E+00
14.2167 2.619E+00
14.2333 2.607E+00
14.2500 2.594E+00
14.2667 2.581E+00
14.2833 2.569E+00
14.3000 2.556E+00
14.3167 2.543E+00
14.3333 2.529E+00
14.3500 2.516E+00
14.3667 2.503E+00
14.3833 2.489E+00
14.4000 2.476E+00
14.4167 2.462E+00
14.4333 2.448E+00
14.4500 2.434E+00
14.4667 2.420E+00
14.4833 2.406E+00
14.5000 2.392E+00
14.5167 2.377E+00
14.5333 2.363E+00
14.5500 2.348E+00
14.5667 2.334E+00
14.5833 2.319E+00
14.6000 2.304E+00
14.6167 2.289E+00
14.6333 2.274E+00
14.6500 2.259E+00
14.6667 2.244E+00
14.6833 2.229E+00
14.7000 2.214E+00
14.7167 2.198E+00
14.7333 2.183E+00
14.7500 2.167E+00
14.7667 2.152E+00
14.7833 2.136E+00
14.8000 2.121E+00
14.8167 2.105E+00
14.8333 2.089E+00
14.8500 2.073E+00
14.8667 2.057E+00
14.8833 2.041E+00
14.9000 2.025E+00
14.9167 2.009E+00
14.9333 1.993E+00
14.9500 1.977E+00
14.9667 1.961E+00
14.9833 1.945E+00
