11.0000 1.718E+00
11.0167 1.734E+00
11.0333 1.750E+00
11.0500 1.766E+00
11.0667 1.782E+00
11.0833 1.798E+00
11.1000 1.814E+00
11.1167 1.829E+00
11.1333 1.845E+00
11.1500 1.861E+00
11.1667 1.877E+00
11.1833 1.893E+00
11.2000 1.908E+00
11.2167 1.924E+00
11.2333 1.939E+00
11.2500 1.955E+00
11.2667 1.971E+00
11.2833 1.986E+00
11.3000 2.001E+00
11.3167 2.017E+00
11.3333 2.032E+00
11.3500 2.047E+00
11.3667 2.063E+00
11.3833 2.078E+00
11.4000 2.093E+00
11.4167 2.108E+00
11.4333 2.123E+00
11.4500 2.138E+00
11.4667 2.153E+00
11.4833 2.167E+00
11.5000 2.182E+00
11.5167 2.197E+00
11.5333 2.211E+00
11.5500 2.226E+00
11.5667 2.240E+00
11.5833 2.254E+00
11.6000 2.269E+00
11.6167 2.283E+00
11.6333 2.297E+00
11.6500 2.311E+00
11.6667 2.325E+00
11.6833 2.338E+00
11.7000 2.352E+00
11.7167 2.366E+00
11.7333 2.379E+00
11.7500 2.392E+00
11.7667 2.406E+00
11.7833 2.419E+00
11.8000 2.432E+00
11.8167 2.445E+00
11.8333 2.457E+00
11.8500 2.470E+00
11.8667 2.483E+00
11.8833 2.495E+00
11.9000 2.508E+00
11.9167 2.520E+00
11.9333 2.532E+00
11.9500 2.544E+00
11.9667 2.556E+00
11.9833 2.567E+00
12.0000 2.579E+00
12.0167 2.590E+00
12.0333 2.602E+00
12.0500 2.613E+00
12.0667 2.624E+00
12.0833 2.635E+00
12.1000 2.645E+00
12.1167 2.656E+00
12.1333 2.666E+00
12.1500 2.677E+00
12.1667 2.687E+00
12.1833 2.697E+00
12.2000 2.707E+00
12.2167 2.716E+00
12.2333 2.726E+00
12.2500 2.735E+00
12.2667 2.745E+00
12.2833 2.754E+00
12.3000 2.763E+00
12.3167 2.771E+00
12.3333 2.780E+00
12.3500 2.788E+00
12.3667 2.797E+00
12.3833 2.805E+00
12.4000 2.813E+00
12.4167 2.820E+00
12.4333 2.828E+00
12.4500 2.836E+00
12.4667 2.843E+00
12.4833 2.850E+00
12.5000 2.857E+00
12.5167 2.864E+00
12.5333 2.870E+00
12.5500 2.876E+00
12.5667 2.883E+00
12.5833 2.889E+00
12.6000 2.895E+00
12.6167 2.900E+00
12.6333 2.906E+00
12.6500 2.911E+00
12.6667 2.916E+00
12.6833 2.921E+00
12.7000 2.926E+00
12.7167 2.930E+00
12.7333 2.935E+00
12.7500 2.939E+00
12.7667 2.943E+00
12.7833 2.947E+00
12.8000 2.950E+00
12.8167 2.954E+00
12.8333 2.957E+00
12.8500 2.960E+00
12.8667 2.963E+00
12.8833 2.966E+00
12.9000 2.968E+00
12.9167 2.971E+00
12.9333 2.973E+00
12.9500 2.975E+00
12.9667 2.976E+00
12.9833 2.978E+00
13.0000 2.979E+00
13.0167 2.980E+00
13.0333 2.981E+00
13.0500 2.982E+00
13.0667 2.983E+00
13.0833 2.983E+00
13.1000 2.983E+00
13.1167 2.983E+00
13.1333 2.983E+00
13.1500 2.983E+00
13.1667 2.982E+00
13.1833 2.981E+00
13.2000 2.980E+00
13.2167 2.979E+00
13.2333 2.978E+00
13.2500 2.976E+00
13.2667 2.974E+00
13.2833 2.972E+00
13.3000 2.970E+00
13.3167 2.968E+00
13.3333 2.965E+00
13.3500 2.963E+00
13.3667 2.960E+00
13.3833 2.957E+00
13.4000 2.953E+00
13.4167 2.950E+00
13.4333 2.946E+00
13.4500 2.942E+00
13.4667 2.938E+00
13.4833 2.934E+00
13.5000 2.930E+00
13.5167 2.925E+00
13.5333 2.920E+00
13.5500 2.915E+00
13.5667 2.910E+00
13.5833 2.905E+00
13.6000 2.899E+00
13.6167 2.894E+00
13.6333 2.888E+00
13.6500 2.882E+00
13.6667 2.875E+00
13.6833 2.869E+00
13.7000 2.862E+00
13.7167 2.856E+00
13.7333 2.849E+00
13.7500 2.842E+00
13.7667 2.834E+00
13.7833 2.827E+00
13.8000 2.819E+00
13.8167 2.811E+00
13.8333 2.804E+00
13.8500 2.795E+00
13.8667 2.787E+00
13.8833 2.779E+00
13.9000 2.770E+00
13.9167 2.761E+00
13.9333 2.752E+00
13.9500 2.743E+00
13.9667 2.734E+00
13.9833 2.724E+00
14.0000 2.715E+00
14.0167 2.705E+00
14.0333 2.695E+00
14.0500 2.685E+00
14.0667 2.675E+00
14.0833 2.665E+00
14.1000 2.654E+00
14.1167 2.644E+00
14.1333 2.633E+00
14.1500 2.622E+00
14.1667 2.611E+00
14.1833 2.600E+00
14.2000 2.588E+00
14.2167 2.577E+00
14.2333 2.565E+00
14.2500 2.554E+00
14.2667 2.542E+00
14.2833 2.530E+00
14.3000 2.518E+00
14.3167 2.506E+00
14.3333 2.493E+00
14.3500 2.481E+00
14.3667 2.468E+00
14.3833 2.455E+00
14.4000 2.443E+00
14.4167 2.430E+00
14.4333 2.417E+00
14.4500 2.404E+00
14.4667 2.390E+00
14.4833 2.377E+00
14.5000 2.363E+00
14.5167 2.350E+00
14.5333 2.336E+00
14.5500 2.322E+00
14.5667 2.309E+00
14.5833 2.295E+00
14.6000 2.281E+00
14.6167 2.266E+00
14.6333 2.252E+00
14.6500 2.238E+00
14.6667 2.223E+00
14.6833 2.209E+00
14.7000 2.194E+00
14.7167 2.180E+00
14.7333 2.165E+00
14.7500 2.150E+00
14.7667 2.136E+00
14.7833 2.121E+00
14.8000 2.106E+00
14.8167 2.091E+00
14.8333 2.075E+00
14.8500 2.060E+00
14.8667 2.045E+00
14.8833 2.030E+00
14.9000 2.014E+00
14.9167 1.999E+00
14.9333 1.984E+00
14.9500 1.968E+00
14.9667 1.953E+00
14.9833 1.937E+00
