11.0000 2.069E+00
11.0167 2.088E+00
11.0333 2.108E+00
11.0500 2.127E+00
11.0667 2.146E+00
11.0833 2.165E+00
11.1000 2.184E+00
11.1167 2.203E+00
11.1333 2.222E+00
11.1500 2.241E+00
11.1667 2.260E+00
11.1833 2.279E+00
11.2000 2.298E+00
11.2167 2.317E+00
11.2333 2.335E+00
11.2500 2.354E+00
11.2667 2.373E+00
11.2833 2.391E+00
11.3000 2.410E+00
11.3167 2.428E+00
11.3333 2.447E+00
11.3500 2.465E+00
11.3667 2.483E+00
11.3833 2.502E+00
11.4000 2.520E+00
11.4167 2.538E+00
11.4333 2.556E+00
11.4500 2.574E+00
11.4667 2.591E+00
11.4833 2.609E+00
11.5000 2.627E+00
11.5167 2.644E+00
11.5333 2.662E+00
11.5500 2.679E+00
11.5667 2.696E+00
11.5833 2.713E+00
11.6000 2.730E+00
11.6167 2.747E+00
11.6333 2.764E+00
11.6500 2.781E+00
11.6667 2.797E+00
11.6833 2.814E+00
11.7000 2.830E+00
11.7167 2.846E+00
11.7333 2.862E+00
11.7500 2.878E+00
11.7667 2.894E+00
11.7833 2.910E+00
11.8000 2.925E+00
11.8167 2.941E+00
11.8333 2.956E+00
11.8500 2.971E+00
11.8667 2.986E+00
11.8833 3.001E+00
11.9000 3.015E+00
11.9167 3.030E+00
11.9333 3.044E+00
11.9500 3.058E+00
11.9667 3.072E+00
11.9833 3.086E+00
12.0000 3.100E+00
12.0167 3.114E+00
12.0333 3.127E+00
12.0500 3.140E+00
12.0667 3.153E+00
12.0833 3.166E+00
12.1000 3.179E+00
12.1167 3.191E+00
12.1333 3.204E+00
12.1500 3.216E+00
12.1667 3.228E+00
12.1833 3.240E+00
12.2000 3.251E+00
12.2167 3.263E+00
12.2333 3.274E+00
12.2500 3.285E+00
12.2667 3.296E+00
12.2833 3.307E+00
12.3000 3.317E+00
12.3167 3.327E+00
12.3333 3.337E+00
12.3500 3.347E+00
12.3667 3.357E+00
12.3833 3.366E+00
12.4000 3.376E+00
12.4167 3.385E+00
12.4333 3.394E+00
12.4500 3.402E+00
12.4667 3.411E+00
12.4833 3.419E+00
12.5000 3.427E+00
12.5167 3.435E+00
12.5333 3.442E+00
12.5500 3.450E+00
12.5667 3.457E+00
12.5833 3.464E+00
12.6000 3.470E+00
12.6167 3.477E+00
12.6333 3.483E+00
12.6500 3.489E+00
12.6667 3.495E+00
12.6833 3.501E+00
12.7000 3.506E+00
12.7167 3.511E+00
12.7333 3.516E+00
12.7500 3.521E+00
12.7667 3.525E+00
12.7833 3.529E+00
12.8000 3.533E+00
12.8167 3.537E+00
12.8333 3.541E+00
12.8500 3.544E+00
12.8667 3.547E+00
12.8833 3.550E+00
12.9000 3.553E+00
12.9167 3.555E+00
12.9333 3.557E+00
12.9500 3.559E+00
12.9667 3.561E+00
12.9833 3.562E+00
13.0000 3.563E+00
13.0167 3.564E+00
13.0333 3.565E+00
13.0500 3.566E+00
13.0667 3.566E+00
13.0833 3.566E+00
13.1000 3.566E+00
13.1167 3.565E+00
13.1333 3.565E+00
13.1500 3.564E+00
13.1667 3.563E+00
13.1833 3.561E+00
13.2000 3.560E+00
13.2167 3.558E+00
13.2333 3.556E+00
13.2500 3.554E+00
13.2667 3.551E+00
13.2833 3.548E+00
13.3000 3.545E+00
13.3167 3.542E+00
13.3333 3.539E+00
13.3500 3.535E+00
13.3667 3.531E+00
13.3833 3.527E+00
13.4000 3.522E+00
13.4167 3.518E+00
13.4333 3.513E+00
13.4500 3.508E+00
13.4667 3.503E+00
13.4833 3.497E+00
13.5000 3.491E+00
13.5167 3.485E+00
13.5333 3.479E+00
13.5500 3.473E+00
13.5667 3.466E+00
13.5833 3.459E+00
13.6000 3.452E+00
13.6167 3.445E+00
13.6333 3.437E+00
13.6500 3.430E+00
13.6667 3.422E+00
13.6833 3.414E+00
13.7000 3.405E+00
13.7167 3.397E+00
13.7333 3.388E+00
13.7500 3.379E+00
13.7667 3.370E+00
13.7833 3.360E+00
13.8000 3.351E+00
13.8167 3.341E+00
13.8333 3.331E+00
13.8500 3.321E+00
13.8667 3.310E+00
13.8833 3.300E+00
13.9000 3.289E+00
13.9167 3.278E+00
13.9333 3.267E+00
13.9500 3.255E+00
13.9667 3.244E+00
13.9833 3.232E+00
14.0000 3.220E+00
14.0167 3.208E+00
14.0333 3.196E+00
14.0500 3.183E+00
14.0667 3.171E+00
14.0833 3.158E+00
14.1000 3.145E+00
14.1167 3.132E+00
14.1333 3.118E+00
14.1500 3.105E+00
14.1667 3.091E+00
14.1833 3.077E+00
14.2000 3.063E+00
14.2167 3.049E+00
14.2333 3.035E+00
14.2500 3.020E+00
14.2667 3.006E+00
14.2833 2.991E+00
14.3000 2.976E+00
14.3167 2.961E+00
14.3333 2.946E+00
14.3500 2.931E+00
14.3667 2.915E+00
14.3833 2.899E+00
14.4000 2.884E+00
14.4167 2.868E+00
14.4333 2.852E+00
14.4500 2.836E+00
14.4667 2.819E+00
14.4833 2.803E+00
14.5000 2.787E+00
14.5167 2.770E+00
14.5333 2.753E+00
14.5500 2.736E+00
14.5667 2.719E+00
14.5833 2.702E+00
14.6000 2.685E+00
14.6167 2.668E+00
14.6333 2.650E+00
14.6500 2.633E+00
14.6667 2.615E+00
14.6833 2.598E+00
14.7000 2.580E+00
14.7167 2.562E+00
14.7333 2.544E+00
14.7500 2.526E+00
14.7667 2.508E+00
14.7833 2.490E+00
14.8000 2.472E+00
14.8167 2.453E+00
14.8333 2.435E+00
14.8500 2.417E+00
14.8667 2.398E+00
14.8833 2.379E+00
14.9000 2.361E+00
14.9167 2.342E+00
14.9333 2.323E+00
14.9500 2.305E+00
14.9667 2.286E+00
14.9833 2.267E+00
