11.0000 1.979E+00
11.0167 1.997E+00
11.0333 2.014E+00
11.0500 2.032E+00
11.0667 2.049E+00
11.0833 2.067E+00
11.1000 2.084E+00
11.1167 2.102E+00
11.1333 2.119E+00
11.1500 2.136E+00
11.1667 2.154E+00
11.1833 2.171E+00
11.2000 2.188E+00
11.2167 2.205E+00
11.2333 2.222E+00
11.2500 2.239E+00
11.2667 2.256E+00
11.2833 2.273E+00
11.3000 2.290E+00
11.3167 2.307E+00
11.3333 2.324E+00
11.3500 2.340E+00
11.3667 2.357E+00
11.3833 2.373E+00
11.4000 2.390E+00
11.4167 2.406E+00
11.4333 2.422E+00
11.4500 2.438E+00
11.4667 2.455E+00
11.4833 2.471E+00
11.5000 2.486E+00
11.5167 2.502E+00
11.5333 2.518E+00
11.5500 2.534E+00
11.5667 2.549E+00
11.5833 2.564E+00
11.6000 2.580E+00
11.6167 2.595E+00
11.6333 2.610E+00
11.6500 2.625E+00
11.6667 2.640E+00
11.6833 2.655E+00
11.7000 2.669E+00
11.7167 2.684E+00
11.7333 2.698E+00
11.7500 2.712E+00
11.7667 2.727E+00
11.7833 2.741E+00
11.8000 2.754E+00
11.8167 2.768E+00
11.8333 2.782E+00
11.8500 2.795E+00
11.8667 2.809E+00
11.8833 2.822E+00
11.9000 2.835E+00
11.9167 2.848E+00
11.9333 2.861E+00
11.9500 2.873E+00
11.9667 2.886E+00
11.9833 2.898E+00
12.0000 2.910E+00
12.0167 2.922E+00
12.0333 2.934E+00
12.0500 2.946E+00
12.0667 2.957E+00
12.0833 2.969E+00
12.1000 2.980E+00
12.1167 2.991E+00
12.1333 3.002E+00
12.1500 3.012E+00
12.1667 3.023E+00
12.1833 3.033E+00
12.2000 3.043E+00
12.2167 3.053E+00
12.2333 3.063E+00
12.2500 3.073E+00
12.2667 3.082E+00
12.2833 3.092E+00
12.3000 3.101E+00
12.3167 3.110E+00
12.3333 3.118E+00
12.3500 3.127E+00
12.3667 3.135E+00
12.3833 3.143E+00
12.4000 3.151E+00
12.4167 3.159E+00
12.4333 3.167E+00
12.4500 3.174E+00
12.4667 3.181E+00
12.4833 3.188E+00
12.5000 3.195E+00
12.5167 3.202E+00
12.5333 3.208E+00
12.5500 3.214E+00
12.5667 3.220E+00
12.5833 3.226E+00
12.6000 3.232E+00
12.6167 3.237E+00
12.6333 3.242E+00
12.6500 3.247E+00
12.6667 3.252E+00
12.6833 3.257E+00
12.7000 3.261E+00
12.7167 3.265E+00
12.7333 3.269E+00
12.7500 3.273E+00
12.7667 3.277E+00
12.7833 3.280E+00
12.8000 3.283E+00
12.8167 3.286E+00
12.8333 3.289E+00
12.8500 3.291E+00
12.8667 3.293E+00
12.8833 3.295E+00
12.9000 3.297E+00
12.9167 3.299E+00
12.9333 3.300E+00
12.9500 3.302E+00
12.9667 3.303E+00
12.9833 3.303E+00
13.0000 3.304E+00
13.0167 3.304E+00
13.0333 3.304E+00
13.0500 3.304E+00
13.0667 3.304E+00
13.0833 3.303E+00
13.1000 3.303E+00
13.1167 3.302E+00
13.1333 3.301E+00
13.1500 3.299E+00
13.1667 3.298E+00
13.1833 3.296E+00
13.2000 3.294E+00
13.2167 3.292E+00
13.2333 3.289E+00
13.2500 3.287E+00
13.2667 3.284E+00
13.2833 3.281E+00
13.3000 3.277E+00
13.3167 3.274E+00
13.3333 3.270E+00
13.3500 3.266E+00
13.3667 3.262E+00
13.3833 3.258E+00
13.4000 3.253E+00
13.4167 3.248E+00
13.4333 3.244E+00
13.4500 3.238E+00
13.4667 3.233E+00
13.4833 3.227E+00
13.5000 3.222E+00
13.5167 3.216E+00
13.5333 3.210E+00
13.5500 3.203E+00
13.5667 3.197E+00
13.5833 3.190E+00
13.6000 3.183E+00
13.6167 3.176E+00
13.6333 3.168E+00
13.6500 3.161E+00
13.6667 3.153E+00
13.6833 3.145E+00
13.7000 3.137E+00
13.7167 3.129E+00
13.7333 3.120E+00
13.7500 3.111E+00
13.7667 3.103E+00
13.7833 3.093E+00
13.8000 3.084E+00
13.8167 3.075E+00
13.8333 3.065E+00
13.8500 3.055E+00
13.8667 3.045E+00
13.8833 3.035E+00
13.9000 3.025E+00
13.9167 3.015E+00
13.9333 3.004E+00
13.9500 2.993E+00
13.9667 2.982E+00
13.9833 2.971E+00
14.0000 2.960E+00
14.0167 2.948E+00
14.0333 2.936E+00
14.0500 2.925E+00
14.0667 2.913E+00
14.0833 2.901E+00
14.1000 2.888E+00
14.1167 2.876E+00
14.1333 2.863E+00
14.1500 2.851E+00
14.1667 2.838E+00
14.1833 2.825E+00
14.2000 2.811E+00
14.2167 2.798E+00
14.2333 2.785E+00
14.2500 2.771E+00
14.2667 2.757E+00
14.2833 2.744E+00
14.3000 2.730E+00
14.3167 2.715E+00
14.3333 2.701E+00
14.3500 2.687E+00
14.3667 2.672E+00
14.3833 2.658E+00
14.4000 2.643E+00
14.4167 2.628E+00
14.4333 2.613E+00
14.4500 2.598E+00
14.4667 2.583E+00
14.4833 2.568E+00
14.5000 2.552E+00
14.5167 2.537E+00
14.5333 2.521E+00
14.5500 2.506E+00
14.5667 2.490E+00
14.5833 2.474E+00
14.6000 2.458E+00
14.6167 2.442E+00
14.6333 2.426E+00
14.6500 2.410E+00
14.6667 2.393E+00
14.6833 2.377E+00
14.7000 2.360E+00
14.7167 2.344E+00
14.7333 2.327E+00
14.7500 2.310E+00
14.7667 2.294E+00
14.7833 2.277E+00
14.8000 2.260E+00
14.8167 2.243E+00
14.8333 2.226E+00
14.8500 2.209E+00
14.8667 2.192E+00
14.8833 2.175E+00
14.9000 2.157E+00
14.9167 2.140E+00
14.9333 2.123E+00
14.9500 2.105E+00
14.9667 2.088E+00
14.9833 2.071E+00
