11.0000 1.836E+00
11.0167 1.852E+00
11.0333 1.869E+00
11.0500 1.886E+00
11.0667 1.902E+00
11.0833 1.919E+00
11.1000 1.935E+00
11.1167 1.952E+00
11.1333 1.969E+00
11.1500 1.985E+00
11.1667 2.002E+00
11.1833 2.018E+00
11.2000 2.034E+00
11.2167 2.051E+00
11.2333 2.067E+00
11.2500 2.084E+00
11.2667 2.100E+00
11.2833 2.116E+00
11.3000 2.132E+00
11.3167 2.148E+00
11.3333 2.164E+00
11.3500 2.180E+00
11.3667 2.196E+00
11.3833 2.212E+00
11.4000 2.228E+00
11.4167 2.244E+00
11.4333 2.260E+00
11.4500 2.275E+00
11.4667 2.291E+00
11.4833 2.306E+00
11.5000 2.322E+00
11.5167 2.337E+00
11.5333 2.352E+00
11.5500 2.368E+00
11.5667 2.383E+00
11.5833 2.398E+00
11.6000 2.413E+00
11.6167 2.428E+00
11.6333 2.442E+00
11.6500 2.457E+00
11.6667 2.472E+00
11.6833 2.486E+00
11.7000 2.501E+00
11.7167 2.515E+00
11.7333 2.529E+00
11.7500 2.543E+00
11.7667 2.557E+00
11.7833 2.571E+00
11.8000 2.585E+00
11.8167 2.598E+00
11.8333 2.612E+00
11.8500 2.625E+00
11.8667 2.639E+00
11.8833 2.652E+00
11.9000 2.665E+00
11.9167 2.678E+00
11.9333 2.691E+00
11.9500 2.703E+00
11.9667 2.716E+00
11.9833 2.729E+00
12.0000 2.741E+00
12.0167 2.753E+00
12.0333 2.765E+00
12.0500 2.777E+00
12.0667 2.789E+00
12.0833 2.800E+00
12.1000 2.812E+00
12.1167 2.823E+00
12.1333 2.834E+00
12.1500 2.845E+00
12.1667 2.856E+00
12.1833 2.867E+00
12.2000 2.878E+00
12.2167 2.888E+00
12.2333 2.898E+00
12.2500 2.909E+00
12.2667 2.919E+00
12.2833 2.928E+00
12.3000 2.938E+00
12.3167 2.948E+00
12.3333 2.957E+00
12.3500 2.966E+00
12.3667 2.975E+00
12.3833 2.984E+00
12.4000 2.993E+00
12.4167 3.001E+00
12.4333 3.010E+00
12.4500 3.018E+00
12.4667 3.026E+00
12.4833 3.033E+00
12.5000 3.041E+00
12.5167 3.049E+00
12.5333 3.056E+00
12.5500 3.063E+00
12.5667 3.070E+00
12.5833 3.077E+00
12.6000 3.083E+00
12.6167 3.090E+00
12.6333 3.096E+00
12.6500 3.102E+00
12.6667 3.108E+00
12.6833 3.113E+00
12.7000 3.119E+00
12.7167 3.124E+00
12.7333 3.129E+00
12.7500 3.134E+00
12.7667 3.139E+00
12.7833 3.143E+00
12.8000 3.148E+00
12.8167 3.152E+00
12.8333 3.156E+00
12.8500 3.160E+00
12.8667 3.163E+00
12.8833 3.166E+00
12.9000 3.170E+00
12.9167 3.173E+00
12.9333 3.176E+00
12.9500 3.178E+00
12.9667 3.180E+00
12.9833 3.183E+00
13.0000 3.185E+00
13.0167 3.186E+00
13.0333 3.188E+00
13.0500 3.190E+00
13.0667 3.191E+00
13.0833 3.192E+00
13.1000 3.193E+00
13.1167 3.193E+00
13.1333 3.194E+00
13.1500 3.194E+00
13.1667 3.194E+00
13.1833 3.194E+00
13.2000 3.194E+00
13.2167 3.193E+00
13.2333 3.192E+00
13.2500 3.191E+00
13.2667 3.190E+00
13.2833 3.189E+00
13.3000 3.187E+00
13.3167 3.185E+00
13.3333 3.184E+00
13.3500 3.182E+00
13.3667 3.179E+00
13.3833 3.177E+00
13.4000 3.174E+00
13.4167 3.171E+00
13.4333 3.168E+00
13.4500 3.165E+00
13.4667 3.161E+00
13.4833 3.157E+00
13.5000 3.154E+00
13.5167 3.150E+00
13.5333 3.145E+00
13.5500 3.141E+00
13.5667 3.136E+00
13.5833 3.131E+00
13.6000 3.127E+00
13.6167 3.121E+00
13.6333 3.116E+00
13.6500 3.110E+00
13.6667 3.104E+00
13.6833 3.099E+00
13.7000 3.093E+00
13.7167 3.086E+00
13.7333 3.080E+00
13.7500 3.073E+00
13.7667 3.066E+00
13.7833 3.059E+00
13.8000 3.052E+00
13.8167 3.044E+00
13.8333 3.037E+00
13.8500 3.029E+00
13.8667 3.021E+00
13.8833 3.013E+00
13.9000 3.005E+00
13.9167 2.996E+00
13.9333 2.988E+00
13.9500 2.979E+00
13.9667 2.970E+00
13.9833 2.961E+00
14.0000 2.952E+00
14.0167 2.942E+00
14.0333 2.933E+00
14.0500 2.923E+00
14.0667 2.913E+00
14.0833 2.903E+00
14.1000 2.893E+00
14.1167 2.882E+00
14.1333 2.872E+00
14.1500 2.861E+00
14.1667 2.850E+00
14.1833 2.839E+00
14.2000 2.828E+00
14.2167 2.817E+00
14.2333 2.806E+00
14.2500 2.794E+00
14.2667 2.782E+00
14.2833 2.770E+00
14.3000 2.759E+00
14.3167 2.746E+00
14.3333 2.734E+00
14.3500 2.722E+00
14.3667 2.709E+00
14.3833 2.696E+00
14.4000 2.684E+00
14.4167 2.671E+00
14.4333 2.658E+00
14.4500 2.645E+00
14.4667 2.631E+00
14.4833 2.618E+00
14.5000 2.605E+00
14.5167 2.591E+00
14.5333 2.577E+00
14.5500 2.563E+00
14.5667 2.549E+00
14.5833 2.535E+00
14.6000 2.521E+00
14.6167 2.507E+00
14.6333 2.493E+00
14.6500 2.478E+00
14.6667 2.464E+00
14.6833 2.449E+00
14.7000 2.434E+00
14.7167 2.419E+00
14.7333 2.405E+00
14.7500 2.389E+00
14.7667 2.374E+00
14.7833 2.359E+00
14.8000 2.344E+00
14.8167 2.329E+00
14.8333 2.313E+00
14.8500 2.298E+00
14.8667 2.282E+00
14.8833 2.267E+00
14.9000 2.251E+00
14.9167 2.235E+00
14.9333 2.219E+00
14.9500 2.203E+00
14.9667 2.188E+00
14.9833 2.172E+00
