11.0000 1.899E+00
11.0167 1.917E+00
11.0333 1.934E+00
11.0500 1.952E+00
11.0667 1.969E+00
11.0833 1.986E+00
11.1000 2.004E+00
11.1167 2.021E+00
11.1333 2.039E+00
11.1500 2.056E+00
11.1667 2.073E+00
11.1833 2.090E+00
11.2000 2.108E+00
11.2167 2.125E+00
11.2333 2.142E+00
11.2500 2.159E+00
11.2667 2.176E+00
11.2833 2.193E+00
11.3000 2.210E+00
11.3167 2.227E+00
11.3333 2.244E+00
11.3500 2.261E+00
11.3667 2.278E+00
11.3833 2.294E+00
11.4000 2.311E+00
11.4167 2.328E+00
11.4333 2.344E+00
11.4500 2.360E+00
11.4667 2.377E+00
11.4833 2.393E+00
11.5000 2.409E+00
11.5167 2.425E+00
11.5333 2.441E+00
11.5500 2.457E+00
11.5667 2.473E+00
11.5833 2.489E+00
11.6000 2.505E+00
11.6167 2.520E+00
11.6333 2.536E+00
11.6500 2.551E+00
11.6667 2.567E+00
11.6833 2.582E+00
11.7000 2.597E+00
11.7167 2.612E+00
11.7333 2.627E+00
11.7500 2.642E+00
11.7667 2.657E+00
11.7833 2.671E+00
11.8000 2.686E+00
11.8167 2.700E+00
11.8333 2.714E+00
11.8500 2.728E+00
11.8667 2.742E+00
11.8833 2.756E+00
11.9000 2.770E+00
11.9167 2.784E+00
11.9333 2.797E+00
11.9500 2.810E+00
11.9667 2.824E+00
11.9833 2.837E+00
12.0000 2.850E+00
12.0167 2.862E+00
12.0333 2.875E+00
12.0500 2.888E+00
12.0667 2.900E+00
12.0833 2.912E+00
12.1000 2.924E+00
12.1167 2.936E+00
12.1333 2.948E+00
12.1500 2.960E+00
12.1667 2.971E+00
12.1833 2.982E+00
12.2000 2.994E+00
12.2167 3.005E+00
12.2333 3.015E+00
12.2500 3.026E+00
12.2667 3.037E+00
12.2833 3.047E+00
12.3000 3.057E+00
12.3167 3.067E+00
12.3333 3.077E+00
12.3500 3.087E+00
12.3667 3.096E+00
12.3833 3.105E+00
12.4000 3.114E+00
12.4167 3.123E+00
12.4333 3.132E+00
12.4500 3.141E+00
12.4667 3.149E+00
12.4833 3.157E+00
12.5000 3.165E+00
12.5167 3.173E+00
12.5333 3.181E+00
12.5500 3.188E+00
12.5667 3.196E+00
12.5833 3.203E+00
12.6000 3.210E+00
12.6167 3.216E+00
12.6333 3.223E+00
12.6500 3.229E+00
12.6667 3.235E+00
12.6833 3.241E+00
12.7000 3.247E+00
12.7167 3.253E+00
12.7333 3.258E+00
12.7500 3.263E+00
12.7667 3.268E+00
12.7833 3.273E+00
12.8000 3.277E+00
12.8167 3.281E+00
12.8333 3.286E+00
12.8500 3.290E+00
12.8667 3.293E+00
12.8833 3.297E+00
12.9000 3.300E+00
12.9167 3.303E+00
12.9333 3.306E+00
12.9500 3.309E+00
12.9667 3.311E+00
12.9833 3.314E+00
13.0000 3.316E+00
13.0167 3.318E+00
13.0333 3.319E+00
13.0500 3.321E+00
13.0667 3.322E+00
13.0833 3.323E+00
13.1000 3.324E+00
13.1167 3.325E+00
13.1333 3.325E+00
13.1500 3.325E+00
13.1667 3.325E+00
13.1833 3.325E+00
13.2000 3.325E+00
13.2167 3.324E+00
13.2333 3.323E+00
13.2500 3.322E+00
13.2667 3.321E+00
13.2833 3.320E+00
13.3000 3.318E+00
13.3167 3.316E+00
13.3333 3.314E+00
13.3500 3.312E+00
13.3667 3.309E+00
13.3833 3.307E+00
13.4000 3.304E+00
13.4167 3.301E+00
13.4333 3.297E+00
13.4500 3.294E+00
13.4667 3.290E+00
13.4833 3.286E+00
13.5000 3.282E+00
13.5167 3.278E+00
13.5333 3.273E+00
13.5500 3.269E+00
13.5667 3.264E+00
13.5833 3.258E+00
13.6000 3.253E+00
13.6167 3.248E+00
13.6333 3.242E+00
13.6500 3.236E+00
13.6667 3.230E+00
13.6833 3.224E+00
13.7000 3.217E+00
13.7167 3.210E+00
13.7333 3.203E+00
13.7500 3.197E+00
13.7667 3.189E+00
13.7833 3.182E+00
13.8000 3.174E+00
13.8167 3.166E+00
13.8333 3.158E+00
13.8500 3.150E+00
13.8667 3.142E+00
13.8833 3.133E+00
13.9000 3.124E+00
13.9167 3.115E+00
13.9333 3.106E+00
13.9500 3.097E+00
13.9667 3.088E+00
13.9833 3.078E+00
14.0000 3.068E+00
14.0167 3.058E+00
14.0333 3.048E+00
14.0500 3.038E+00
14.0667 3.027E+00
14.0833 3.017E+00
14.1000 3.006E+00
14.1167 2.995E+00
14.1333 2.984E+00
14.1500 2.973E+00
14.1667 2.961E+00
14.1833 2.949E+00
14.2000 2.938E+00
14.2167 2.926E+00
14.2333 2.914E+00
14.2500 2.902E+00
14.2667 2.889E+00
14.2833 2.877E+00
14.3000 2.864E+00
14.3167 2.851E+00
14.3333 2.838E+00
14.3500 2.825E+00
14.3667 2.812E+00
14.3833 2.799E+00
14.4000 2.785E+00
14.4167 2.772E+00
14.4333 2.758E+00
14.4500 2.744E+00
14.4667 2.730E+00
14.4833 2.716E+00
14.5000 2.702E+00
14.5167 2.687E+00
14.5333 2.673E+00
14.5500 2.658E+00
14.5667 2.644E+00
14.5833 2.629E+00
14.6000 2.614E+00
14.6167 2.599E+00
14.6333 2.584E+00
14.6500 2.569E+00
14.6667 2.553E+00
14.6833 2.538E+00
14.7000 2.522E+00
14.7167 2.507E+00
14.7333 2.491E+00
14.7500 2.475E+00
14.7667 2.459E+00
14.7833 2.443E+00
14.8000 2.427E+00
14.8167 2.411E+00
14.8333 2.395E+00
14.8500 2.379E+00
14.8667 2.362E+00
14.8833 2.346E+00
14.9000 2.329E+00
14.9167 2.313E+00
14.9333 2.296E+00
14.9500 2.280E+00
14.9667 2.263E+00
14.9833 2.246E+00
