11.0000 1.882E+00
11.0167 1.900E+00
11.0333 1.918E+00
11.0500 1.935E+00
11.0667 1.953E+00
11.0833 1.970E+00
11.1000 1.988E+00
11.1167 2.005E+00
11.1333 2.023E+00
11.1500 2.040E+00
11.1667 2.058E+00
11.1833 2.075E+00
11.2000 2.092E+00
11.2167 2.110E+00
11.2333 2.127E+00
11.2500 2.144E+00
11.2667 2.161E+00
11.2833 2.178E+00
11.3000 2.196E+00
11.3167 2.213E+00
11.3333 2.230E+00
11.3500 2.246E+00
11.3667 2.263E+00
11.3833 2.280E+00
11.4000 2.297E+00
11.4167 2.314E+00
11.4333 2.330E+00
11.4500 2.347E+00
11.4667 2.363E+00
11.4833 2.380E+00
11.5000 2.396E+00
11.5167 2.412E+00
11.5333 2.428E+00
11.5500 2.445E+00
11.5667 2.460E+00
11.5833 2.476E+00
11.6000 2.492E+00
11.6167 2.508E+00
11.6333 2.524E+00
11.6500 2.539E+00
11.6667 2.555E+00
11.6833 2.570E+00
11.7000 2.585E+00
11.7167 2.600E+00
11.7333 2.615E+00
11.7500 2.630E+00
11.7667 2.645E+00
11.7833 2.660E+00
11.8000 2.674E+00
11.8167 2.689E+00
11.8333 2.703E+00
11.8500 2.717E+00
11.8667 2.731E+00
11.8833 2.745E+00
11.9000 2.759E+00
11.9167 2.773E+00
11.9333 2.786E+00
11.9500 2.800E+00
11.9667 2.813E+00
11.9833 2.826E+00
12.0000 2.839E+00
12.0167 2.852E+00
12.0333 2.865E+00
12.0500 2.878E+00
12.0667 2.890E+00
12.0833 2.902E+00
12.1000 2.914E+00
12.1167 2.926E+00
12.1333 2.938E+00
12.1500 2.950E+00
12.1667 2.961E+00
12.1833 2.973E+00
12.2000 2.984E+00
12.2167 2.995E+00
12.2333 3.006E+00
12.2500 3.016E+00
12.2667 3.027E+00
12.2833 3.037E+00
12.3000 3.047E+00
12.3167 3.057E+00
12.3333 3.067E+00
12.3500 3.077E+00
12.3667 3.087E+00
12.3833 3.096E+00
12.4000 3.105E+00
12.4167 3.114E+00
12.4333 3.123E+00
12.4500 3.131E+00
12.4667 3.140E+00
12.4833 3.148E+00
12.5000 3.156E+00
12.5167 3.164E+00
12.5333 3.171E+00
12.5500 3.179E+00
12.5667 3.186E+00
12.5833 3.193E+00
12.6000 3.200E+00
12.6167 3.207E+00
12.6333 3.213E+00
12.6500 3.219E+00
12.6667 3.226E+00
12.6833 3.231E+00
12.7000 3.237E+00
12.7167 3.243E+00
12.7333 3.248E+00
12.7500 3.253E+00
12.7667 3.258E+00
12.7833 3.262E+00
12.8000 3.267E+00
12.8167 3.271E+00
12.8333 3.275E+00
12.8500 3.279E+00
12.8667 3.283E+00
12.8833 3.286E+00
12.9000 3.290E+00
12.9167 3.293E+00
12.9333 3.295E+00
12.9500 3.298E+00
12.9667 3.300E+00
12.9833 3.302E+00
13.0000 3.305E+00
13.0167 3.306E+00
13.0333 3.308E+00
13.0500 3.309E+00
13.0667 3.310E+00
13.0833 3.311E+00
13.1000 3.312E+00
13.1167 3.312E+00
13.1333 3.313E+00
13.1500 3.313E+00
13.1667 3.313E+00
13.1833 3.312E+00
13.2000 3.312E+00
13.2167 3.311E+00
13.2333 3.310E+00
13.2500 3.309E+00
13.2667 3.308E+00
13.2833 3.306E+00
13.3000 3.304E+00
13.3167 3.302E+00
13.3333 3.300E+00
13.3500 3.297E+00
13.3667 3.295E+00
13.3833 3.292E+00
13.4000 3.289E+00
13.4167 3.285E+00
13.4333 3.282E+00
13.4500 3.278E+00
13.4667 3.274E+00
13.4833 3.270E+00
13.5000 3.266E+00
13.5167 3.261E+00
13.5333 3.256E+00
13.5500 3.252E+00
13.5667 3.246E+00
13.5833 3.241E+00
13.6000 3.236E+00
13.6167 3.230E+00
13.6333 3.224E+00
13.6500 3.218E+00
13.6667 3.211E+00
13.6833 3.205E+00
13.7000 3.198E+00
13.7167 3.191E+00
13.7333 3.184E+00
13.7500 3.177E+00
13.7667 3.169E+00
13.7833 3.162E+00
13.8000 3.154E+00
13.8167 3.146E+00
13.8333 3.137E+00
13.8500 3.129E+00
13.8667 3.120E+00
13.8833 3.111E+00
13.9000 3.102E+00
13.9167 3.093E+00
13.9333 3.084E+00
13.9500 3.074E+00
13.9667 3.065E+00
13.9833 3.055E+00
14.0000 3.045E+00
14.0167 3.035E+00
14.0333 3.024E+00
14.0500 3.014E+00
14.0667 3.003E+00
14.0833 2.992E+00
14.1000 2.981E+00
14.1167 2.970E+00
14.1333 2.958E+00
14.1500 2.947E+00
14.1667 2.935E+00
14.1833 2.923E+00
14.2000 2.911E+00
14.2167 2.899E+00
14.2333 2.887E+00
14.2500 2.874E+00
14.2667 2.861E+00
14.2833 2.849E+00
14.3000 2.836E+00
14.3167 2.823E+00
14.3333 2.809E+00
14.3500 2.796E+00
14.3667 2.783E+00
14.3833 2.769E+00
14.4000 2.755E+00
14.4167 2.741E+00
14.4333 2.727E+00
14.4500 2.713E+00
14.4667 2.699E+00
14.4833 2.685E+00
14.5000 2.670E+00
14.5167 2.656E+00
14.5333 2.641E+00
14.5500 2.626E+00
14.5667 2.611E+00
14.5833 2.596E+00
14.6000 2.581E+00
14.6167 2.566E+00
14.6333 2.550E+00
14.6500 2.535E+00
14.6667 2.519E+00
14.6833 2.504E+00
14.7000 2.488E+00
14.7167 2.472E+00
14.7333 2.456E+00
14.7500 2.440E+00
14.7667 2.424E+00
14.7833 2.408E+00
14.8000 2.392E+00
14.8167 2.375E+00
14.8333 2.359E+00
14.8500 2.342E+00
14.8667 2.326E+00
14.8833 2.309E+00
14.9000 2.292E+00
14.9167 2.276E+00
14.9333 2.259E+00
14.9500 2.242E+00
14.9667 2.225E+00
14.9833 2.208E+00
