11.0000 1.720E+00
11.0167 1.736E+00
11.0333 1.752E+00
11.0500 1.768E+00
11.0667 1.784E+00
11.0833 1.800E+00
11.1000 1.816E+00
11.1167 1.832E+00
11.1333 1.847E+00
11.1500 1.863E+00
11.1667 1.879E+00
11.1833 1.895E+00
11.2000 1.911E+00
11.2167 1.927E+00
11.2333 1.942E+00
11.2500 1.958E+00
11.2667 1.974E+00
11.2833 1.989E+00
11.3000 2.005E+00
11.3167 2.020E+00
11.3333 2.036E+00
11.3500 2.051E+00
11.3667 2.066E+00
11.3833 2.082E+00
11.4000 2.097E+00
11.4167 2.112E+00
11.4333 2.127E+00
11.4500 2.142E+00
11.4667 2.157E+00
11.4833 2.172E+00
11.5000 2.187E+00
11.5167 2.202E+00
11.5333 2.216E+00
11.5500 2.231E+00
11.5667 2.245E+00
11.5833 2.260E+00
11.6000 2.274E+00
11.6167 2.289E+00
11.6333 2.303E+00
11.6500 2.317E+00
11.6667 2.331E+00
11.6833 2.345E+00
11.7000 2.359E+00
11.7167 2.372E+00
11.7333 2.386E+00
11.7500 2.399E+00
11.7667 2.413E+00
11.7833 2.426E+00
11.8000 2.439E+00
11.8167 2.452E+00
11.8333 2.465E+00
11.8500 2.478E+00
11.8667 2.491E+00
11.8833 2.504E+00
11.9000 2.516E+00
11.9167 2.529E+00
11.9333 2.541E+00
11.9500 2.553E+00
11.9667 2.565E+00
11.9833 2.577E+00
12.0000 2.589E+00
12.0167 2.600E+00
12.0333 2.612E+00
12.0500 2.623E+00
12.0667 2.635E+00
12.0833 2.646E+00
12.1000 2.657E+00
12.1167 2.667E+00
12.1333 2.678E+00
12.1500 2.689E+00
12.1667 2.699E+00
12.1833 2.709E+00
12.2000 2.719E+00
12.2167 2.729E+00
12.2333 2.739E+00
12.2500 2.749E+00
12.2667 2.758E+00
12.2833 2.767E+00
12.3000 2.777E+00
12.3167 2.786E+00
12.3333 2.794E+00
12.3500 2.803E+00
12.3667 2.812E+00
12.3833 2.820E+00
12.4000 2.828E+00
12.4167 2.836E+00
12.4333 2.844E+00
12.4500 2.852E+00
12.4667 2.859E+00
12.4833 2.867E+00
12.5000 2.874E+00
12.5167 2.881E+00
12.5333 2.888E+00
12.5500 2.894E+00
12.5667 2.901E+00
12.5833 2.907E+00
12.6000 2.913E+00
12.6167 2.919E+00
12.6333 2.925E+00
12.6500 2.930E+00
12.6667 2.936E+00
12.6833 2.941E+00
12.7000 2.946E+00
12.7167 2.951E+00
12.7333 2.956E+00
12.7500 2.960E+00
12.7667 2.964E+00
12.7833 2.968E+00
12.8000 2.972E+00
12.8167 2.976E+00
12.8333 2.980E+00
12.8500 2.983E+00
12.8667 2.986E+00
12.8833 2.989E+00
12.9000 2.992E+00
12.9167 2.995E+00
12.9333 2.997E+00
12.9500 2.999E+00
12.9667 3.001E+00
12.9833 3.003E+00
13.0000 3.005E+00
13.0167 3.006E+00
13.0333 3.007E+00
13.0500 3.008E+00
13.0667 3.009E+00
13.0833 3.010E+00
13.1000 3.010E+00
13.1167 3.011E+00
13.1333 3.011E+00
13.1500 3.011E+00
13.1667 3.010E+00
13.1833 3.010E+00
13.2000 3.009E+00
13.2167 3.008E+00
13.2333 3.007E+00
13.2500 3.006E+00
13.2667 3.005E+00
13.2833 3.003E+00
13.3000 3.001E+00
13.3167 2.999E+00
13.3333 2.997E+00
13.3500 2.994E+00
13.3667 2.992E+00
13.3833 2.989E+00
13.4000 2.986E+00
13.4167 2.983E+00
13.4333 2.979E+00
13.4500 2.976E+00
13.4667 2.972E+00
13.4833 2.968E+00
13.5000 2.964E+00
13.5167 2.960E+00
13.5333 2.955E+00
13.5500 2.951E+00
13.5667 2.946E+00
13.5833 2.941E+00
13.6000 2.935E+00
13.6167 2.930E+00
13.6333 2.924E+00
13.6500 2.919E+00
13.6667 2.913E+00
13.6833 2.907E+00
13.7000 2.900E+00
13.7167 2.894E+00
13.7333 2.887E+00
13.7500 2.880E+00
13.7667 2.873E+00
13.7833 2.866E+00
13.8000 2.859E+00
13.8167 2.851E+00
13.8333 2.843E+00
13.8500 2.836E+00
13.8667 2.827E+00
13.8833 2.819E+00
13.9000 2.811E+00
13.9167 2.802E+00
13.9333 2.794E+00
13.9500 2.785E+00
13.9667 2.776E+00
13.9833 2.767E+00
14.0000 2.757E+00
14.0167 2.748E+00
14.0333 2.738E+00
14.0500 2.728E+00
14.0667 2.718E+00
14.0833 2.708E+00
14.1000 2.698E+00
14.1167 2.688E+00
14.1333 2.677E+00
14.1500 2.666E+00
14.1667 2.656E+00
14.1833 2.645E+00
14.2000 2.633E+00
14.2167 2.622E+00
14.2333 2.611E+00
14.2500 2.599E+00
14.2667 2.588E+00
14.2833 2.576E+00
14.3000 2.564E+00
14.3167 2.552E+00
14.3333 2.540E+00
14.3500 2.528E+00
14.3667 2.515E+00
14.3833 2.503E+00
14.4000 2.490E+00
14.4167 2.477E+00
14.4333 2.464E+00
14.4500 2.451E+00
14.4667 2.438E+00
14.4833 2.425E+00
14.5000 2.412E+00
14.5167 2.398E+00
14.5333 2.385E+00
14.5500 2.371E+00
14.5667 2.357E+00
14.5833 2.344E+00
14.6000 2.330E+00
14.6167 2.316E+00
14.6333 2.301E+00
14.6500 2.287E+00
14.6667 2.273E+00
14.6833 2.259E+00
14.7000 2.244E+00
14.7167 2.230E+00
14.7333 2.215E+00
14.7500 2.200E+00
14.7667 2.186E+00
14.7833 2.171E+00
14.8000 2.156E+00
14.8167 2.141E+00
14.8333 2.126E+00
14.8500 2.111E+00
14.8667 2.096E+00
14.8833 2.080E+00
14.9000 2.065E+00
14.9167 2.050E+00
14.9333 2.034E+00
14.9500 2.019E+00
14.9667 2.003E+00
14.9833 1.988E+00
