11.0000 1.650E+00
11.0167 1.665E+00
11.0333 1.680E+00
11.0500 1.696E+00
11.0667 1.711E+00
11.0833 1.726E+00
11.1000 1.741E+00
11.1167 1.757E+00
11.1333 1.772E+00
11.1500 1.787E+00
11.1667 1.802E+00
11.1833 1.817E+00
11.2000 1.832E+00
11.2167 1.847E+00
11.2333 1.862E+00
11.2500 1.877E+00
11.2667 1.892E+00
11.2833 1.907E+00
11.3000 1.922E+00
11.3167 1.937E+00
11.3333 1.952E+00
11.3500 1.966E+00
11.3667 1.981E+00
11.3833 1.995E+00
11.4000 2.010E+00
11.4167 2.024E+00
11.4333 2.039E+00
11.4500 2.053E+00
11.4667 2.067E+00
11.4833 2.082E+00
11.5000 2.096E+00
11.5167 2.110E+00
11.5333 2.124E+00
11.5500 2.138E+00
11.5667 2.152E+00
11.5833 2.165E+00
11.6000 2.179E+00
11.6167 2.193E+00
11.6333 2.206E+00
11.6500 2.220E+00
11.6667 2.233E+00
11.6833 2.246E+00
11.7000 2.259E+00
11.7167 2.273E+00
11.7333 2.285E+00
11.7500 2.298E+00
11.7667 2.311E+00
11.7833 2.324E+00
11.8000 2.336E+00
11.8167 2.349E+00
11.8333 2.361E+00
11.8500 2.373E+00
11.8667 2.386E+00
11.8833 2.398E+00
11.9000 2.410E+00
11.9167 2.421E+00
11.9333 2.433E+00
11.9500 2.445E+00
11.9667 2.456E+00
11.9833 2.467E+00
12.0000 2.479E+00
12.0167 2.490E+00
12.0333 2.500E+00
12.0500 2.511E+00
12.0667 2.522E+00
12.0833 2.533E+00
12.1000 2.543E+00
12.1167 2.553E+00
12.1333 2.563E+00
12.1500 2.573E+00
12.1667 2.583E+00
12.1833 2.593E+00
12.2000 2.602E+00
12.2167 2.612E+00
12.2333 2.621E+00
12.2500 2.630E+00
12.2667 2.639E+00
12.2833 2.648E+00
12.3000 2.657E+00
12.3167 2.665E+00
12.3333 2.674E+00
12.3500 2.682E+00
12.3667 2.690E+00
12.3833 2.698E+00
12.4000 2.706E+00
12.4167 2.713E+00
12.4333 2.721E+00
12.4500 2.728E+00
12.4667 2.735E+00
12.4833 2.742E+00
12.5000 2.749E+00
12.5167 2.755E+00
12.5333 2.762E+00
12.5500 2.768E+00
12.5667 2.774E+00
12.5833 2.780E+00
12.6000 2.786E+00
12.6167 2.791E+00
12.6333 2.797E+00
12.6500 2.802E+00
12.6667 2.807E+00
12.6833 2.812E+00
12.7000 2.817E+00
12.7167 2.821E+00
12.7333 2.826E+00
12.7500 2.830E+00
12.7667 2.834E+00
12.7833 2.838E+00
12.8000 2.841E+00
12.8167 2.845E+00
12.8333 2.848E+00
12.8500 2.851E+00
12.8667 2.854E+00
12.8833 2.857E+00
12.9000 2.860E+00
12.9167 2.862E+00
12.9333 2.864E+00
12.9500 2.866E+00
12.9667 2.868E+00
12.9833 2.870E+00
13.0000 2.871E+00
13.0167 2.872E+00
13.0333 2.873E+00
13.0500 2.874E+00
13.0667 2.875E+00
13.0833 2.876E+00
13.1000 2.876E+00
13.1167 2.876E+00
13.1333 2.876E+00
13.1500 2.876E+00
13.1667 2.875E+00
13.1833 2.875E+00
13.2000 2.874E+00
13.2167 2.873E+00
13.2333 2.872E+00
13.2500 2.871E+00
13.2667 2.869E+00
13.2833 2.868E+00
13.3000 2.866E+00
13.3167 2.864E+00
13.3333 2.861E+00
13.3500 2.859E+00
13.3667 2.857E+00
13.3833 2.854E+00
13.4000 2.851E+00
13.4167 2.848E+00
13.4333 2.844E+00
13.4500 2.841E+00
13.4667 2.837E+00
13.4833 2.833E+00
13.5000 2.829E+00
13.5167 2.825E+00
13.5333 2.821E+00
13.5500 2.816E+00
13.5667 2.811E+00
13.5833 2.806E+00
13.6000 2.801E+00
13.6167 2.796E+00
13.6333 2.791E+00
13.6500 2.785E+00
13.6667 2.779E+00
13.6833 2.773E+00
13.7000 2.767E+00
13.7167 2.761E+00
13.7333 2.754E+00
13.7500 2.748E+00
13.7667 2.741E+00
13.7833 2.734E+00
13.8000 2.727E+00
13.8167 2.719E+00
13.8333 2.712E+00
13.8500 2.704E+00
13.8667 2.697E+00
13.8833 2.689E+00
13.9000 2.681E+00
13.9167 2.672E+00
13.9333 2.664E+00
13.9500 2.655E+00
13.9667 2.647E+00
13.9833 2.638E+00
14.0000 2.629E+00
14.0167 2.620E+00
14.0333 2.610E+00
14.0500 2.601E+00
14.0667 2.591E+00
14.0833 2.582E+00
14.1000 2.572E+00
14.1167 2.562E+00
14.1333 2.551E+00
14.1500 2.541E+00
14.1667 2.531E+00
14.1833 2.520E+00
14.2000 2.509E+00
14.2167 2.499E+00
14.2333 2.488E+00
14.2500 2.477E+00
14.2667 2.465E+00
14.2833 2.454E+00
14.3000 2.443E+00
14.3167 2.431E+00
14.3333 2.419E+00
14.3500 2.408E+00
14.3667 2.396E+00
14.3833 2.384E+00
14.4000 2.371E+00
14.4167 2.359E+00
14.4333 2.347E+00
14.4500 2.334E+00
14.4667 2.322E+00
14.4833 2.309E+00
14.5000 2.296E+00
14.5167 2.283E+00
14.5333 2.270E+00
14.5500 2.257E+00
14.5667 2.244E+00
14.5833 2.231E+00
14.6000 2.217E+00
14.6167 2.204E+00
14.6333 2.190E+00
14.6500 2.177E+00
14.6667 2.163E+00
14.6833 2.149E+00
14.7000 2.135E+00
14.7167 2.122E+00
14.7333 2.108E+00
14.7500 2.093E+00
14.7667 2.079E+00
14.7833 2.065E+00
14.8000 2.051E+00
14.8167 2.036E+00
14.8333 2.022E+00
14.8500 2.007E+00
14.8667 1.993E+00
14.8833 1.978E+00
14.9000 1.964E+00
14.9167 1.949E+00
14.9333 1.934E+00
14.9500 1.919E+00
14.9667 1.905E+00
14.9833 1.890E+00
