11.0000 2.016E+00
11.0167 2.035E+00
11.0333 2.054E+00
11.0500 2.073E+00
11.0667 2.091E+00
11.0833 2.110E+00
11.1000 2.129E+00
11.1167 2.147E+00
11.1333 2.166E+00
11.1500 2.185E+00
11.1667 2.203E+00
11.1833 2.222E+00
11.2000 2.240E+00
11.2167 2.259E+00
11.2333 2.278E+00
11.2500 2.296E+00
11.2667 2.314E+00
11.2833 2.333E+00
11.3000 2.351E+00
11.3167 2.369E+00
11.3333 2.387E+00
11.3500 2.405E+00
11.3667 2.423E+00
11.3833 2.441E+00
11.4000 2.459E+00
11.4167 2.477E+00
11.4333 2.495E+00
11.4500 2.513E+00
11.4667 2.530E+00
11.4833 2.548E+00
11.5000 2.565E+00
11.5167 2.583E+00
11.5333 2.600E+00
11.5500 2.617E+00
11.5667 2.634E+00
11.5833 2.651E+00
11.6000 2.668E+00
11.6167 2.685E+00
11.6333 2.702E+00
11.6500 2.719E+00
11.6667 2.735E+00
11.6833 2.752E+00
11.7000 2.768E+00
11.7167 2.784E+00
11.7333 2.800E+00
11.7500 2.816E+00
11.7667 2.832E+00
11.7833 2.848E+00
11.8000 2.863E+00
11.8167 2.879E+00
11.8333 2.894E+00
11.8500 2.909E+00
11.8667 2.924E+00
11.8833 2.939E+00
11.9000 2.954E+00
11.9167 2.969E+00
11.9333 2.983E+00
11.9500 2.998E+00
11.9667 3.012E+00
11.9833 3.026E+00
12.0000 3.040E+00
12.0167 3.054E+00
12.0333 3.067E+00
12.0500 3.081E+00
12.0667 3.094E+00
12.0833 3.108E+00
12.1000 3.120E+00
12.1167 3.133E+00
12.1333 3.146E+00
12.1500 3.159E+00
12.1667 3.171E+00
12.1833 3.183E+00
12.2000 3.195E+00
12.2167 3.207E+00
12.2333 3.219E+00
12.2500 3.230E+00
12.2667 3.241E+00
12.2833 3.253E+00
12.3000 3.263E+00
12.3167 3.274E+00
12.3333 3.285E+00
12.3500 3.295E+00
12.3667 3.305E+00
12.3833 3.315E+00
12.4000 3.325E+00
12.4167 3.335E+00
12.4333 3.344E+00
12.4500 3.354E+00
12.4667 3.363E+00
12.4833 3.371E+00
12.5000 3.380E+00
12.5167 3.389E+00
12.5333 3.397E+00
12.5500 3.405E+00
12.5667 3.413E+00
12.5833 3.420E+00
12.6000 3.428E+00
12.6167 3.435E+00
12.6333 3.442E+00
12.6500 3.449E+00
12.6667 3.455E+00
12.6833 3.462E+00
12.7000 3.468E+00
12.7167 3.474E+00
12.7333 3.479E+00
12.7500 3.485E+00
12.7667 3.490E+00
12.7833 3.495E+00
12.8000 3.500E+00
12.8167 3.505E+00
12.8333 3.509E+00
12.8500 3.513E+00
12.8667 3.517E+00
12.8833 3.521E+00
12.9000 3.525E+00
12.9167 3.528E+00
12.9333 3.531E+00
12.9500 3.534E+00
12.9667 3.537E+00
12.9833 3.539E+00
13.0000 3.541E+00
13.0167 3.543E+00
13.0333 3.545E+00
13.0500 3.547E+00
13.0667 3.548E+00
13.0833 3.549E+00
13.1000 3.550E+00
13.1167 3.551E+00
13.1333 3.551E+00
13.1500 3.551E+00
13.1667 3.551E+00
13.1833 3.551E+00
13.2000 3.550E+00
13.2167 3.550E+00
13.2333 3.549E+00
13.2500 3.547E+00
13.2667 3.546E+00
13.2833 3.545E+00
13.3000 3.543E+00
13.3167 3.541E+00
13.3333 3.538E+00
13.3500 3.536E+00
13.3667 3.533E+00
13.3833 3.530E+00
13.4000 3.527E+00
13.4167 3.523E+00
13.4333 3.520E+00
13.4500 3.516E+00
13.4667 3.512E+00
13.4833 3.508E+00
13.5000 3.503E+00
13.5167 3.498E+00
13.5333 3.493E+00
13.5500 3.488E+00
13.5667 3.483E+00
13.5833 3.477E+00
13.6000 3.471E+00
13.6167 3.465E+00
13.6333 3.459E+00
13.6500 3.453E+00
13.6667 3.446E+00
13.6833 3.439E+00
13.7000 3.432E+00
13.7167 3.425E+00
13.7333 3.417E+00
13.7500 3.410E+00
13.7667 3.402E+00
13.7833 3.394E+00
13.8000 3.385E+00
13.8167 3.377E+00
13.8333 3.368E+00
13.8500 3.359E+00
13.8667 3.350E+00
13.8833 3.341E+00
13.9000 3.331E+00
13.9167 3.321E+00
13.9333 3.312E+00
13.9500 3.302E+00
13.9667 3.291E+00
13.9833 3.281E+00
14.0000 3.270E+00
14.0167 3.259E+00
14.0333 3.248E+00
14.0500 3.237E+00
14.0667 3.226E+00
14.0833 3.214E+00
14.1000 3.202E+00
14.1167 3.191E+00
14.1333 3.179E+00
14.1500 3.166E+00
14.1667 3.154E+00
14.1833 3.141E+00
14.2000 3.129E+00
14.2167 3.116E+00
14.2333 3.103E+00
14.2500 3.089E+00
14.2667 3.076E+00
14.2833 3.062E+00
14.3000 3.049E+00
14.3167 3.035E+00
14.3333 3.021E+00
14.3500 3.007E+00
14.3667 2.992E+00
14.3833 2.978E+00
14.4000 2.963E+00
14.4167 2.949E+00
14.4333 2.934E+00
14.4500 2.919E+00
14.4667 2.904E+00
14.4833 2.888E+00
14.5000 2.873E+00
14.5167 2.857E+00
14.5333 2.842E+00
14.5500 2.826E+00
14.5667 2.810E+00
14.5833 2.794E+00
14.6000 2.778E+00
14.6167 2.762E+00
14.6333 2.745E+00
14.6500 2.729E+00
14.6667 2.712E+00
14.6833 2.696E+00
14.7000 2.679E+00
14.7167 2.662E+00
14.7333 2.645E+00
14.7500 2.628E+00
14.7667 2.611E+00
14.7833 2.594E+00
14.8000 2.576E+00
14.8167 2.559E+00
14.8333 2.541E+00
14.8500 2.524E+00
14.8667 2.506E+00
14.8833 2.488E+00
14.9000 2.471E+00
14.9167 2.453E+00
14.9333 2.435E+00
14.9500 2.417E+00
14.9667 2.399E+00
14.9833 2.381E+00
