11.0000 1.868E+00
11.0167 1.885E+00
11.0333 1.902E+00
11.0500 1.918E+00
11.0667 1.935E+00
11.0833 1.952E+00
11.1000 1.968E+00
11.1167 1.985E+00
11.1333 2.002E+00
11.1500 2.018E+00
11.1667 2.035E+00
11.1833 2.052E+00
11.2000 2.068E+00
11.2167 2.085E+00
11.2333 2.101E+00
11.2500 2.118E+00
11.2667 2.134E+00
11.2833 2.150E+00
11.3000 2.167E+00
11.3167 2.183E+00
11.3333 2.199E+00
11.3500 2.215E+00
11.3667 2.231E+00
11.3833 2.247E+00
11.4000 2.263E+00
11.4167 2.279E+00
11.4333 2.295E+00
11.4500 2.310E+00
11.4667 2.326E+00
11.4833 2.342E+00
11.5000 2.357E+00
11.5167 2.373E+00
11.5333 2.388E+00
11.5500 2.403E+00
11.5667 2.418E+00
11.5833 2.434E+00
11.6000 2.449E+00
11.6167 2.464E+00
11.6333 2.478E+00
11.6500 2.493E+00
11.6667 2.508E+00
11.6833 2.523E+00
11.7000 2.537E+00
11.7167 2.551E+00
11.7333 2.566E+00
11.7500 2.580E+00
11.7667 2.594E+00
11.7833 2.608E+00
11.8000 2.622E+00
11.8167 2.635E+00
11.8333 2.649E+00
11.8500 2.662E+00
11.8667 2.676E+00
11.8833 2.689E+00
11.9000 2.702E+00
11.9167 2.715E+00
11.9333 2.728E+00
11.9500 2.741E+00
11.9667 2.754E+00
11.9833 2.766E+00
12.0000 2.778E+00
12.0167 2.791E+00
12.0333 2.803E+00
12.0500 2.815E+00
12.0667 2.827E+00
12.0833 2.838E+00
12.1000 2.850E+00
12.1167 2.861E+00
12.1333 2.872E+00
12.1500 2.884E+00
12.1667 2.895E+00
12.1833 2.905E+00
12.2000 2.916E+00
12.2167 2.926E+00
12.2333 2.937E+00
12.2500 2.947E+00
12.2667 2.957E+00
12.2833 2.967E+00
12.3000 2.976E+00
12.3167 2.986E+00
12.3333 2.995E+00
12.3500 3.005E+00
12.3667 3.014E+00
12.3833 3.022E+00
12.4000 3.031E+00
12.4167 3.040E+00
12.4333 3.048E+00
12.4500 3.056E+00
12.4667 3.064E+00
12.4833 3.072E+00
12.5000 3.080E+00
12.5167 3.088E+00
12.5333 3.095E+00
12.5500 3.102E+00
12.5667 3.109E+00
12.5833 3.116E+00
12.6000 3.122E+00
12.6167 3.129E+00
12.6333 3.135E+00
12.6500 3.141E+00
12.6667 3.147E+00
12.6833 3.153E+00
12.7000 3.158E+00
12.7167 3.163E+00
12.7333 3.169E+00
12.7500 3.174E+00
12.7667 3.178E+00
12.7833 3.183E+00
12.8000 3.187E+00
12.8167 3.191E+00
12.8333 3.195E+00
12.8500 3.199E+00
12.8667 3.203E+00
12.8833 3.206E+00
12.9000 3.209E+00
12.9167 3.213E+00
12.9333 3.215E+00
12.9500 3.218E+00
12.9667 3.219E+00
12.9833 3.223E+00
13.0000 3.225E+00
13.0167 3.226E+00
13.0333 3.228E+00
13.0500 3.229E+00
13.0667 3.231E+00
13.0833 3.232E+00
13.1000 3.232E+00
13.1167 3.233E+00
13.1333 3.233E+00
13.1500 3.234E+00
13.1667 3.234E+00
13.1833 3.234E+00
13.2000 3.233E+00
13.2167 3.232E+00
13.2333 3.232E+00
13.2500 3.231E+00
13.2667 3.230E+00
13.2833 3.229E+00
13.3000 3.228E+00
13.3167 3.225E+00
13.3333 3.224E+00
13.3500 3.222E+00
13.3667 3.219E+00
13.3833 3.217E+00
13.4000 3.214E+00
13.4167 3.211E+00
13.4333 3.208E+00
13.4500 3.205E+00
13.4667 3.202E+00
13.4833 3.198E+00
13.5000 3.194E+00
13.5167 3.190E+00
13.5333 3.185E+00
13.5500 3.181E+00
13.5667 3.177E+00
13.5833 3.172E+00
13.6000 3.166E+00
13.6167 3.161E+00
13.6333 3.156E+00
13.6500 3.151E+00
13.6667 3.145E+00
13.6833 3.138E+00
13.7000 3.133E+00
13.7167 3.126E+00
13.7333 3.120E+00
13.7500 3.113E+00
13.7667 3.106E+00
13.7833 3.099E+00
13.8000 3.092E+00
13.8167 3.085E+00
13.8333 3.077E+00
13.8500 3.069E+00
13.8667 3.061E+00
13.8833 3.053E+00
13.9000 3.045E+00
13.9167 3.037E+00
13.9333 3.028E+00
13.9500 3.019E+00
13.9667 3.010E+00
13.9833 3.001E+00
14.0000 2.992E+00
14.0167 2.982E+00
14.0333 2.973E+00
14.0500 2.963E+00
14.0667 2.953E+00
14.0833 2.943E+00
14.1000 2.933E+00
14.1167 2.922E+00
14.1333 2.912E+00
14.1500 2.901E+00
14.1667 2.890E+00
14.1833 2.879E+00
14.2000 2.868E+00
14.2167 2.857E+00
14.2333 2.845E+00
14.2500 2.834E+00
14.2667 2.822E+00
14.2833 2.810E+00
14.3000 2.798E+00
14.3167 2.786E+00
14.3333 2.774E+00
14.3500 2.761E+00
14.3667 2.749E+00
14.3833 2.736E+00
14.4000 2.723E+00
14.4167 2.710E+00
14.4333 2.697E+00
14.4500 2.684E+00
14.4667 2.671E+00
14.4833 2.657E+00
14.5000 2.644E+00
14.5167 2.630E+00
14.5333 2.616E+00
14.5500 2.602E+00
14.5667 2.588E+00
14.5833 2.574E+00
14.6000 2.560E+00
14.6167 2.546E+00
14.6333 2.531E+00
14.6500 2.517E+00
14.6667 2.502E+00
14.6833 2.487E+00
14.7000 2.473E+00
14.7167 2.458E+00
14.7333 2.443E+00
14.7500 2.428E+00
14.7667 2.413E+00
14.7833 2.397E+00
14.8000 2.382E+00
14.8167 2.367E+00
14.8333 2.351E+00
14.8500 2.335E+00
14.8667 2.320E+00
14.8833 2.304E+00
14.9000 2.288E+00
14.9167 2.273E+00
14.9333 2.257E+00
14.9500 2.241E+00
14.9667 2.225E+00
14.9833 2.209E+00
