11.0000 1.562E+00
11.0167 1.576E+00
11.0333 1.591E+00
11.0500 1.605E+00
11.0667 1.620E+00
11.0833 1.634E+00
11.1000 1.648E+00
11.1167 1.663E+00
11.1333 1.677E+00
11.1500 1.691E+00
11.1667 1.705E+00
11.1833 1.720E+00
11.2000 1.734E+00
11.2167 1.748E+00
11.2333 1.762E+00
11.2500 1.776E+00
11.2667 1.790E+00
11.2833 1.804E+00
11.3000 1.818E+00
11.3167 1.832E+00
11.3333 1.846E+00
11.3500 1.860E+00
11.3667 1.874E+00
11.3833 1.887E+00
11.4000 1.901E+00
11.4167 1.915E+00
11.4333 1.928E+00
11.4500 1.942E+00
11.4667 1.955E+00
11.4833 1.969E+00
11.5000 1.982E+00
11.5167 1.995E+00
11.5333 2.008E+00
11.5500 2.021E+00
11.5667 2.034E+00
11.5833 2.047E+00
11.6000 2.060E+00
11.6167 2.073E+00
11.6333 2.086E+00
11.6500 2.098E+00
11.6667 2.111E+00
11.6833 2.124E+00
11.7000 2.136E+00
11.7167 2.148E+00
11.7333 2.160E+00
11.7500 2.173E+00
11.7667 2.185E+00
11.7833 2.197E+00
11.8000 2.208E+00
11.8167 2.220E+00
11.8333 2.232E+00
11.8500 2.243E+00
11.8667 2.255E+00
11.8833 2.266E+00
11.9000 2.277E+00
11.9167 2.288E+00
11.9333 2.299E+00
11.9500 2.310E+00
11.9667 2.321E+00
11.9833 2.332E+00
12.0000 2.342E+00
12.0167 2.353E+00
12.0333 2.363E+00
12.0500 2.373E+00
12.0667 2.383E+00
12.0833 2.393E+00
12.1000 2.403E+00
12.1167 2.413E+00
12.1333 2.422E+00
12.1500 2.432E+00
12.1667 2.441E+00
12.1833 2.450E+00
12.2000 2.459E+00
12.2167 2.468E+00
12.2333 2.477E+00
12.2500 2.486E+00
12.2667 2.494E+00
12.2833 2.502E+00
12.3000 2.511E+00
12.3167 2.519E+00
12.3333 2.527E+00
12.3500 2.534E+00
12.3667 2.542E+00
12.3833 2.549E+00
12.4000 2.557E+00
12.4167 2.564E+00
12.4333 2.571E+00
12.4500 2.578E+00
12.4667 2.584E+00
12.4833 2.591E+00
12.5000 2.597E+00
12.5167 2.604E+00
12.5333 2.610E+00
12.5500 2.616E+00
12.5667 2.622E+00
12.5833 2.627E+00
12.6000 2.633E+00
12.6167 2.638E+00
12.6333 2.643E+00
12.6500 2.648E+00
12.6667 2.653E+00
12.6833 2.658E+00
12.7000 2.662E+00
12.7167 2.666E+00
12.7333 2.670E+00
12.7500 2.674E+00
12.7667 2.678E+00
12.7833 2.682E+00
12.8000 2.685E+00
12.8167 2.689E+00
12.8333 2.692E+00
12.8500 2.695E+00
12.8667 2.698E+00
12.8833 2.700E+00
12.9000 2.703E+00
12.9167 2.705E+00
12.9333 2.707E+00
12.9500 2.709E+00
12.9667 2.711E+00
12.9833 2.713E+00
13.0000 2.714E+00
13.0167 2.715E+00
13.0333 2.716E+00
13.0500 2.717E+00
13.0667 2.718E+00
13.0833 2.719E+00
13.1000 2.719E+00
13.1167 2.719E+00
13.1333 2.719E+00
13.1500 2.719E+00
13.1667 2.719E+00
13.1833 2.718E+00
13.2000 2.718E+00
13.2167 2.717E+00
13.2333 2.716E+00
13.2500 2.715E+00
13.2667 2.713E+00
13.2833 2.712E+00
13.3000 2.710E+00
13.3167 2.708E+00
13.3333 2.706E+00
13.3500 2.704E+00
13.3667 2.702E+00
13.3833 2.699E+00
13.4000 2.696E+00
13.4167 2.694E+00
13.4333 2.691E+00
13.4500 2.687E+00
13.4667 2.684E+00
13.4833 2.680E+00
13.5000 2.677E+00
13.5167 2.673E+00
13.5333 2.669E+00
13.5500 2.664E+00
13.5667 2.660E+00
13.5833 2.656E+00
13.6000 2.651E+00
13.6167 2.646E+00
13.6333 2.641E+00
13.6500 2.636E+00
13.6667 2.630E+00
13.6833 2.625E+00
13.7000 2.619E+00
13.7167 2.613E+00
13.7333 2.607E+00
13.7500 2.601E+00
13.7667 2.595E+00
13.7833 2.588E+00
13.8000 2.582E+00
13.8167 2.575E+00
13.8333 2.568E+00
13.8500 2.561E+00
13.8667 2.554E+00
13.8833 2.546E+00
13.9000 2.539E+00
13.9167 2.531E+00
13.9333 2.523E+00
13.9500 2.515E+00
13.9667 2.507E+00
13.9833 2.499E+00
14.0000 2.490E+00
14.0167 2.482E+00
14.0333 2.473E+00
14.0500 2.464E+00
14.0667 2.455E+00
14.0833 2.446E+00
14.1000 2.437E+00
14.1167 2.428E+00
14.1333 2.418E+00
14.1500 2.409E+00
14.1667 2.399E+00
14.1833 2.389E+00
14.2000 2.379E+00
14.2167 2.369E+00
14.2333 2.359E+00
14.2500 2.348E+00
14.2667 2.338E+00
14.2833 2.327E+00
14.3000 2.316E+00
14.3167 2.306E+00
14.3333 2.295E+00
14.3500 2.284E+00
14.3667 2.272E+00
14.3833 2.261E+00
14.4000 2.250E+00
14.4167 2.238E+00
14.4333 2.227E+00
14.4500 2.215E+00
14.4667 2.203E+00
14.4833 2.191E+00
14.5000 2.179E+00
14.5167 2.167E+00
14.5333 2.155E+00
14.5500 2.143E+00
14.5667 2.131E+00
14.5833 2.118E+00
14.6000 2.106E+00
14.6167 2.093E+00
14.6333 2.080E+00
14.6500 2.068E+00
14.6667 2.055E+00
14.6833 2.042E+00
14.7000 2.029E+00
14.7167 2.016E+00
14.7333 2.003E+00
14.7500 1.989E+00
14.7667 1.976E+00
14.7833 1.963E+00
14.8000 1.949E+00
14.8167 1.936E+00
14.8333 1.922E+00
14.8500 1.909E+00
14.8667 1.895E+00
14.8833 1.881E+00
14.9000 1.868E+00
14.9167 1.854E+00
14.9333 1.840E+00
14.9500 1.826E+00
14.9667 1.812E+00
14.9833 1.798E+00
