11.0000 1.919E+00
11.0167 1.937E+00
11.0333 1.955E+00
11.0500 1.973E+00
11.0667 1.990E+00
11.0833 2.008E+00
11.1000 2.026E+00
11.1167 2.044E+00
11.1333 2.062E+00
11.1500 2.079E+00
11.1667 2.097E+00
11.1833 2.115E+00
11.2000 2.132E+00
11.2167 2.150E+00
11.2333 2.167E+00
11.2500 2.185E+00
11.2667 2.202E+00
11.2833 2.220E+00
11.3000 2.237E+00
11.3167 2.254E+00
11.3333 2.272E+00
11.3500 2.289E+00
11.3667 2.306E+00
11.3833 2.323E+00
11.4000 2.340E+00
11.4167 2.357E+00
11.4333 2.374E+00
11.4500 2.391E+00
11.4667 2.407E+00
11.4833 2.424E+00
11.5000 2.441E+00
11.5167 2.457E+00
11.5333 2.474E+00
11.5500 2.490E+00
11.5667 2.506E+00
11.5833 2.522E+00
11.6000 2.538E+00
11.6167 2.554E+00
11.6333 2.570E+00
11.6500 2.586E+00
11.6667 2.602E+00
11.6833 2.617E+00
11.7000 2.633E+00
11.7167 2.648E+00
11.7333 2.663E+00
11.7500 2.679E+00
11.7667 2.694E+00
11.7833 2.709E+00
11.8000 2.723E+00
11.8167 2.738E+00
11.8333 2.753E+00
11.8500 2.767E+00
11.8667 2.781E+00
11.8833 2.796E+00
11.9000 2.810E+00
11.9167 2.824E+00
11.9333 2.837E+00
11.9500 2.851E+00
11.9667 2.865E+00
11.9833 2.878E+00
12.0000 2.891E+00
12.0167 2.904E+00
12.0333 2.917E+00
12.0500 2.930E+00
12.0667 2.943E+00
12.0833 2.955E+00
12.1000 2.967E+00
12.1167 2.980E+00
12.1333 2.992E+00
12.1500 3.004E+00
12.1667 3.015E+00
12.1833 3.027E+00
12.2000 3.038E+00
12.2167 3.049E+00
12.2333 3.060E+00
12.2500 3.071E+00
12.2667 3.082E+00
12.2833 3.093E+00
12.3000 3.103E+00
12.3167 3.113E+00
12.3333 3.123E+00
12.3500 3.133E+00
12.3667 3.143E+00
12.3833 3.152E+00
12.4000 3.162E+00
12.4167 3.171E+00
12.4333 3.180E+00
12.4500 3.188E+00
12.4667 3.197E+00
12.4833 3.205E+00
12.5000 3.213E+00
12.5167 3.222E+00
12.5333 3.229E+00
12.5500 3.237E+00
12.5667 3.244E+00
12.5833 3.252E+00
12.6000 3.259E+00
12.6167 3.266E+00
12.6333 3.272E+00
12.6500 3.279E+00
12.6667 3.285E+00
12.6833 3.291E+00
12.7000 3.297E+00
12.7167 3.302E+00
12.7333 3.308E+00
12.7500 3.313E+00
12.7667 3.318E+00
12.7833 3.323E+00
12.8000 3.327E+00
12.8167 3.332E+00
12.8333 3.336E+00
12.8500 3.340E+00
12.8667 3.344E+00
12.8833 3.347E+00
12.9000 3.351E+00
12.9167 3.354E+00
12.9333 3.357E+00
12.9500 3.359E+00
12.9667 3.362E+00
12.9833 3.364E+00
13.0000 3.366E+00
13.0167 3.368E+00
13.0333 3.370E+00
13.0500 3.371E+00
13.0667 3.372E+00
13.0833 3.373E+00
13.1000 3.374E+00
13.1167 3.375E+00
13.1333 3.375E+00
13.1500 3.375E+00
13.1667 3.375E+00
13.1833 3.375E+00
13.2000 3.374E+00
13.2167 3.374E+00
13.2333 3.373E+00
13.2500 3.372E+00
13.2667 3.370E+00
13.2833 3.369E+00
13.3000 3.367E+00
13.3167 3.365E+00
13.3333 3.363E+00
13.3500 3.360E+00
13.3667 3.358E+00
13.3833 3.355E+00
13.4000 3.352E+00
13.4167 3.349E+00
13.4333 3.345E+00
13.4500 3.341E+00
13.4667 3.338E+00
13.4833 3.334E+00
13.5000 3.329E+00
13.5167 3.325E+00
13.5333 3.320E+00
13.5500 3.315E+00
13.5667 3.310E+00
13.5833 3.305E+00
13.6000 3.299E+00
13.6167 3.293E+00
13.6333 3.287E+00
13.6500 3.281E+00
13.6667 3.275E+00
13.6833 3.268E+00
13.7000 3.262E+00
13.7167 3.255E+00
13.7333 3.247E+00
13.7500 3.240E+00
13.7667 3.233E+00
13.7833 3.225E+00
13.8000 3.217E+00
13.8167 3.209E+00
13.8333 3.201E+00
13.8500 3.192E+00
13.8667 3.183E+00
13.8833 3.175E+00
13.9000 3.165E+00
13.9167 3.156E+00
13.9333 3.147E+00
13.9500 3.137E+00
13.9667 3.127E+00
13.9833 3.118E+00
14.0000 3.107E+00
14.0167 3.097E+00
14.0333 3.087E+00
14.0500 3.076E+00
14.0667 3.065E+00
14.0833 3.054E+00
14.1000 3.043E+00
14.1167 3.032E+00
14.1333 3.020E+00
14.1500 3.009E+00
14.1667 2.997E+00
14.1833 2.985E+00
14.2000 2.973E+00
14.2167 2.960E+00
14.2333 2.948E+00
14.2500 2.935E+00
14.2667 2.923E+00
14.2833 2.910E+00
14.3000 2.897E+00
14.3167 2.884E+00
14.3333 2.870E+00
14.3500 2.857E+00
14.3667 2.843E+00
14.3833 2.829E+00
14.4000 2.816E+00
14.4167 2.802E+00
14.4333 2.787E+00
14.4500 2.773E+00
14.4667 2.759E+00
14.4833 2.744E+00
14.5000 2.730E+00
14.5167 2.715E+00
14.5333 2.700E+00
14.5500 2.685E+00
14.5667 2.670E+00
14.5833 2.655E+00
14.6000 2.639E+00
14.6167 2.624E+00
14.6333 2.608E+00
14.6500 2.593E+00
14.6667 2.577E+00
14.6833 2.561E+00
14.7000 2.545E+00
14.7167 2.529E+00
14.7333 2.513E+00
14.7500 2.497E+00
14.7667 2.481E+00
14.7833 2.464E+00
14.8000 2.448E+00
14.8167 2.431E+00
14.8333 2.414E+00
14.8500 2.398E+00
14.8667 2.381E+00
14.8833 2.364E+00
14.9000 2.347E+00
14.9167 2.330E+00
14.9333 2.313E+00
14.9500 2.296E+00
14.9667 2.279E+00
14.9833 2.262E+00
