11.0000 2.009E+00
11.0167 2.027E+00
11.0333 2.045E+00
11.0500 2.062E+00
11.0667 2.080E+00
11.0833 2.098E+00
11.1000 2.116E+00
11.1167 2.134E+00
11.1333 2.152E+00
11.1500 2.169E+00
11.1667 2.187E+00
11.1833 2.205E+00
11.2000 2.222E+00
11.2167 2.240E+00
11.2333 2.258E+00
11.2500 2.275E+00
11.2667 2.293E+00
11.2833 2.310E+00
11.3000 2.328E+00
11.3167 2.345E+00
11.3333 2.362E+00
11.3500 2.379E+00
11.3667 2.396E+00
11.3833 2.413E+00
11.4000 2.431E+00
11.4167 2.447E+00
11.4333 2.464E+00
11.4500 2.481E+00
11.4667 2.498E+00
11.4833 2.514E+00
11.5000 2.531E+00
11.5167 2.548E+00
11.5333 2.564E+00
11.5500 2.580E+00
11.5667 2.596E+00
11.5833 2.613E+00
11.6000 2.629E+00
11.6167 2.645E+00
11.6333 2.660E+00
11.6500 2.676E+00
11.6667 2.692E+00
11.6833 2.707E+00
11.7000 2.723E+00
11.7167 2.738E+00
11.7333 2.753E+00
11.7500 2.768E+00
11.7667 2.784E+00
11.7833 2.798E+00
11.8000 2.813E+00
11.8167 2.828E+00
11.8333 2.842E+00
11.8500 2.857E+00
11.8667 2.871E+00
11.8833 2.885E+00
11.9000 2.899E+00
11.9167 2.913E+00
11.9333 2.927E+00
11.9500 2.940E+00
11.9667 2.954E+00
11.9833 2.967E+00
12.0000 2.980E+00
12.0167 2.993E+00
12.0333 3.006E+00
12.0500 3.019E+00
12.0667 3.032E+00
12.0833 3.044E+00
12.1000 3.056E+00
12.1167 3.068E+00
12.1333 3.080E+00
12.1500 3.092E+00
12.1667 3.104E+00
12.1833 3.115E+00
12.2000 3.127E+00
12.2167 3.138E+00
12.2333 3.149E+00
12.2500 3.160E+00
12.2667 3.170E+00
12.2833 3.181E+00
12.3000 3.192E+00
12.3167 3.202E+00
12.3333 3.212E+00
12.3500 3.222E+00
12.3667 3.231E+00
12.3833 3.241E+00
12.4000 3.250E+00
12.4167 3.259E+00
12.4333 3.268E+00
12.4500 3.277E+00
12.4667 3.285E+00
12.4833 3.293E+00
12.5000 3.302E+00
12.5167 3.310E+00
12.5333 3.318E+00
12.5500 3.325E+00
12.5667 3.333E+00
12.5833 3.340E+00
12.6000 3.347E+00
12.6167 3.354E+00
12.6333 3.360E+00
12.6500 3.367E+00
12.6667 3.373E+00
12.6833 3.379E+00
12.7000 3.385E+00
12.7167 3.391E+00
12.7333 3.396E+00
12.7500 3.402E+00
12.7667 3.407E+00
12.7833 3.412E+00
12.8000 3.416E+00
12.8167 3.421E+00
12.8333 3.425E+00
12.8500 3.428E+00
12.8667 3.433E+00
12.8833 3.436E+00
12.9000 3.440E+00
12.9167 3.443E+00
12.9333 3.446E+00
12.9500 3.449E+00
12.9667 3.451E+00
12.9833 3.454E+00
13.0000 3.455E+00
13.0167 3.458E+00
13.0333 3.460E+00
13.0500 3.461E+00
13.0667 3.462E+00
13.0833 3.463E+00
13.1000 3.464E+00
13.1167 3.465E+00
13.1333 3.466E+00
13.1500 3.466E+00
13.1667 3.466E+00
13.1833 3.466E+00
13.2000 3.466E+00
13.2167 3.465E+00
13.2333 3.464E+00
13.2500 3.463E+00
13.2667 3.461E+00
13.2833 3.460E+00
13.3000 3.459E+00
13.3167 3.457E+00
13.3333 3.455E+00
13.3500 3.453E+00
13.3667 3.451E+00
13.3833 3.448E+00
13.4000 3.445E+00
13.4167 3.442E+00
13.4333 3.438E+00
13.4500 3.435E+00
13.4667 3.431E+00
13.4833 3.427E+00
13.5000 3.423E+00
13.5167 3.418E+00
13.5333 3.414E+00
13.5500 3.410E+00
13.5667 3.404E+00
13.5833 3.399E+00
13.6000 3.394E+00
13.6167 3.389E+00
13.6333 3.382E+00
13.6500 3.377E+00
13.6667 3.371E+00
13.6833 3.364E+00
13.7000 3.358E+00
13.7167 3.351E+00
13.7333 3.344E+00
13.7500 3.337E+00
13.7667 3.330E+00
13.7833 3.322E+00
13.8000 3.314E+00
13.8167 3.307E+00
13.8333 3.299E+00
13.8500 3.290E+00
13.8667 3.282E+00
13.8833 3.273E+00
13.9000 3.264E+00
13.9167 3.255E+00
13.9333 3.245E+00
13.9500 3.237E+00
13.9667 3.227E+00
13.9833 3.218E+00
14.0000 3.207E+00
14.0167 3.197E+00
14.0333 3.187E+00
14.0500 3.177E+00
14.0667 3.166E+00
14.0833 3.156E+00
14.1000 3.144E+00
14.1167 3.133E+00
14.1333 3.122E+00
14.1500 3.111E+00
14.1667 3.099E+00
14.1833 3.087E+00
14.2000 3.075E+00
14.2167 3.064E+00
14.2333 3.051E+00
14.2500 3.039E+00
14.2667 3.026E+00
14.2833 3.014E+00
14.3000 3.001E+00
14.3167 2.988E+00
14.3333 2.975E+00
14.3500 2.962E+00
14.3667 2.948E+00
14.3833 2.935E+00
14.4000 2.921E+00
14.4167 2.907E+00
14.4333 2.893E+00
14.4500 2.879E+00
14.4667 2.865E+00
14.4833 2.851E+00
14.5000 2.836E+00
14.5167 2.822E+00
14.5333 2.807E+00
14.5500 2.792E+00
14.5667 2.777E+00
14.5833 2.762E+00
14.6000 2.747E+00
14.6167 2.732E+00
14.6333 2.716E+00
14.6500 2.701E+00
14.6667 2.685E+00
14.6833 2.670E+00
14.7000 2.654E+00
14.7167 2.638E+00
14.7333 2.622E+00
14.7500 2.606E+00
14.7667 2.590E+00
14.7833 2.574E+00
14.8000 2.557E+00
14.8167 2.541E+00
14.8333 2.524E+00
14.8500 2.507E+00
14.8667 2.491E+00
14.8833 2.474E+00
14.9000 2.457E+00
14.9167 2.440E+00
14.9333 2.423E+00
14.9500 2.406E+00
14.9667 2.389E+00
14.9833 2.372E+00
