11.0000 1.828E+00
11.0167 1.845E+00
11.0333 1.861E+00
11.0500 1.878E+00
11.0667 1.894E+00
11.0833 1.911E+00
11.1000 1.927E+00
11.1167 1.944E+00
11.1333 1.960E+00
11.1500 1.976E+00
11.1667 1.993E+00
11.1833 2.009E+00
11.2000 2.025E+00
11.2167 2.042E+00
11.2333 2.058E+00
11.2500 2.074E+00
11.2667 2.090E+00
11.2833 2.106E+00
11.3000 2.122E+00
11.3167 2.138E+00
11.3333 2.154E+00
11.3500 2.170E+00
11.3667 2.186E+00
11.3833 2.202E+00
11.4000 2.217E+00
11.4167 2.233E+00
11.4333 2.248E+00
11.4500 2.264E+00
11.4667 2.279E+00
11.4833 2.295E+00
11.5000 2.310E+00
11.5167 2.325E+00
11.5333 2.340E+00
11.5500 2.356E+00
11.5667 2.370E+00
11.5833 2.385E+00
11.6000 2.400E+00
11.6167 2.415E+00
11.6333 2.430E+00
11.6500 2.444E+00
11.6667 2.459E+00
11.6833 2.473E+00
11.7000 2.487E+00
11.7167 2.501E+00
11.7333 2.516E+00
11.7500 2.529E+00
11.7667 2.543E+00
11.7833 2.557E+00
11.8000 2.571E+00
11.8167 2.584E+00
11.8333 2.598E+00
11.8500 2.611E+00
11.8667 2.624E+00
11.8833 2.637E+00
11.9000 2.650E+00
11.9167 2.663E+00
11.9333 2.676E+00
11.9500 2.688E+00
11.9667 2.701E+00
11.9833 2.713E+00
12.0000 2.725E+00
12.0167 2.737E+00
12.0333 2.749E+00
12.0500 2.761E+00
12.0667 2.773E+00
12.0833 2.784E+00
12.1000 2.796E+00
12.1167 2.807E+00
12.1333 2.818E+00
12.1500 2.829E+00
12.1667 2.840E+00
12.1833 2.850E+00
12.2000 2.861E+00
12.2167 2.871E+00
12.2333 2.881E+00
12.2500 2.892E+00
12.2667 2.902E+00
12.2833 2.911E+00
12.3000 2.921E+00
12.3167 2.930E+00
12.3333 2.940E+00
12.3500 2.949E+00
12.3667 2.957E+00
12.3833 2.966E+00
12.4000 2.975E+00
12.4167 2.983E+00
12.4333 2.992E+00
12.4500 3.000E+00
12.4667 3.007E+00
12.4833 3.015E+00
12.5000 3.023E+00
12.5167 3.030E+00
12.5333 3.037E+00
12.5500 3.045E+00
12.5667 3.051E+00
12.5833 3.058E+00
12.6000 3.065E+00
12.6167 3.071E+00
12.6333 3.077E+00
12.6500 3.083E+00
12.6667 3.089E+00
12.6833 3.094E+00
12.7000 3.100E+00
12.7167 3.105E+00
12.7333 3.110E+00
12.7500 3.115E+00
12.7667 3.119E+00
12.7833 3.124E+00
12.8000 3.129E+00
12.8167 3.133E+00
12.8333 3.137E+00
12.8500 3.140E+00
12.8667 3.144E+00
12.8833 3.147E+00
12.9000 3.151E+00
12.9167 3.153E+00
12.9333 3.156E+00
12.9500 3.159E+00
12.9667 3.161E+00
12.9833 3.163E+00
13.0000 3.165E+00
13.0167 3.167E+00
13.0333 3.169E+00
13.0500 3.170E+00
13.0667 3.171E+00
13.0833 3.173E+00
13.1000 3.173E+00
13.1167 3.174E+00
13.1333 3.174E+00
13.1500 3.174E+00
13.1667 3.174E+00
13.1833 3.174E+00
13.2000 3.174E+00
13.2167 3.174E+00
13.2333 3.173E+00
13.2500 3.172E+00
13.2667 3.171E+00
13.2833 3.170E+00
13.3000 3.168E+00
13.3167 3.166E+00
13.3333 3.164E+00
13.3500 3.162E+00
13.3667 3.160E+00
13.3833 3.157E+00
13.4000 3.154E+00
13.4167 3.152E+00
13.4333 3.149E+00
13.4500 3.146E+00
13.4667 3.142E+00
13.4833 3.138E+00
13.5000 3.135E+00
13.5167 3.130E+00
13.5333 3.126E+00
13.5500 3.122E+00
13.5667 3.117E+00
13.5833 3.113E+00
13.6000 3.108E+00
13.6167 3.103E+00
13.6333 3.097E+00
13.6500 3.092E+00
13.6667 3.086E+00
13.6833 3.080E+00
13.7000 3.074E+00
13.7167 3.068E+00
13.7333 3.061E+00
13.7500 3.055E+00
13.7667 3.048E+00
13.7833 3.041E+00
13.8000 3.034E+00
13.8167 3.027E+00
13.8333 3.019E+00
13.8500 3.011E+00
13.8667 3.004E+00
13.8833 2.996E+00
13.9000 2.988E+00
13.9167 2.979E+00
13.9333 2.971E+00
13.9500 2.962E+00
13.9667 2.953E+00
13.9833 2.944E+00
14.0000 2.935E+00
14.0167 2.926E+00
14.0333 2.916E+00
14.0500 2.907E+00
14.0667 2.897E+00
14.0833 2.887E+00
14.1000 2.877E+00
14.1167 2.866E+00
14.1333 2.856E+00
14.1500 2.845E+00
14.1667 2.835E+00
14.1833 2.824E+00
14.2000 2.813E+00
14.2167 2.802E+00
14.2333 2.790E+00
14.2500 2.779E+00
14.2667 2.767E+00
14.2833 2.756E+00
14.3000 2.744E+00
14.3167 2.732E+00
14.3333 2.720E+00
14.3500 2.707E+00
14.3667 2.695E+00
14.3833 2.682E+00
14.4000 2.670E+00
14.4167 2.657E+00
14.4333 2.644E+00
14.4500 2.631E+00
14.4667 2.618E+00
14.4833 2.605E+00
14.5000 2.591E+00
14.5167 2.578E+00
14.5333 2.564E+00
14.5500 2.551E+00
14.5667 2.537E+00
14.5833 2.523E+00
14.6000 2.509E+00
14.6167 2.495E+00
14.6333 2.480E+00
14.6500 2.466E+00
14.6667 2.452E+00
14.6833 2.437E+00
14.7000 2.423E+00
14.7167 2.408E+00
14.7333 2.393E+00
14.7500 2.378E+00
14.7667 2.363E+00
14.7833 2.348E+00
14.8000 2.333E+00
14.8167 2.318E+00
14.8333 2.303E+00
14.8500 2.287E+00
14.8667 2.272E+00
14.8833 2.257E+00
14.9000 2.241E+00
14.9167 2.225E+00
14.9333 2.210E+00
14.9500 2.194E+00
14.9667 2.178E+00
14.9833 2.162E+00
