11.0000 1.878E+00
11.0167 1.895E+00
11.0333 1.911E+00
11.0500 1.928E+00
11.0667 1.945E+00
11.0833 1.962E+00
11.1000 1.978E+00
11.1167 1.995E+00
11.1333 2.012E+00
11.1500 2.028E+00
11.1667 2.045E+00
11.1833 2.062E+00
11.2000 2.078E+00
11.2167 2.095E+00
11.2333 2.111E+00
11.2500 2.127E+00
11.2667 2.144E+00
11.2833 2.160E+00
11.3000 2.177E+00
11.3167 2.193E+00
11.3333 2.209E+00
11.3500 2.225E+00
11.3667 2.241E+00
11.3833 2.257E+00
11.4000 2.273E+00
11.4167 2.289E+00
11.4333 2.305E+00
11.4500 2.321E+00
11.4667 2.336E+00
11.4833 2.352E+00
11.5000 2.367E+00
11.5167 2.383E+00
11.5333 2.398E+00
11.5500 2.413E+00
11.5667 2.429E+00
11.5833 2.444E+00
11.6000 2.459E+00
11.6167 2.474E+00
11.6333 2.489E+00
11.6500 2.503E+00
11.6667 2.518E+00
11.6833 2.533E+00
11.7000 2.547E+00
11.7167 2.562E+00
11.7333 2.576E+00
11.7500 2.590E+00
11.7667 2.604E+00
11.7833 2.618E+00
11.8000 2.632E+00
11.8167 2.646E+00
11.8333 2.659E+00
11.8500 2.673E+00
11.8667 2.686E+00
11.8833 2.699E+00
11.9000 2.713E+00
11.9167 2.726E+00
11.9333 2.738E+00
11.9500 2.751E+00
11.9667 2.764E+00
11.9833 2.776E+00
12.0000 2.789E+00
12.0167 2.801E+00
12.0333 2.813E+00
12.0500 2.825E+00
12.0667 2.837E+00
12.0833 2.849E+00
12.1000 2.860E+00
12.1167 2.871E+00
12.1333 2.883E+00
12.1500 2.894E+00
12.1667 2.905E+00
12.1833 2.916E+00
12.2000 2.926E+00
12.2167 2.937E+00
12.2333 2.947E+00
12.2500 2.957E+00
12.2667 2.967E+00
12.2833 2.977E+00
12.3000 2.987E+00
12.3167 2.996E+00
12.3333 3.006E+00
12.3500 3.015E+00
12.3667 3.024E+00
12.3833 3.033E+00
12.4000 3.042E+00
12.4167 3.050E+00
12.4333 3.059E+00
12.4500 3.067E+00
12.4667 3.075E+00
12.4833 3.083E+00
12.5000 3.090E+00
12.5167 3.098E+00
12.5333 3.104E+00
12.5500 3.113E+00
12.5667 3.119E+00
12.5833 3.126E+00
12.6000 3.132E+00
12.6167 3.139E+00
12.6333 3.146E+00
12.6500 3.151E+00
12.6667 3.157E+00
12.6833 3.163E+00
12.7000 3.168E+00
12.7167 3.174E+00
12.7333 3.179E+00
12.7500 3.184E+00
12.7667 3.188E+00
12.7833 3.193E+00
12.8000 3.197E+00
12.8167 3.202E+00
12.8333 3.206E+00
12.8500 3.210E+00
12.8667 3.213E+00
12.8833 3.217E+00
12.9000 3.220E+00
12.9167 3.223E+00
12.9333 3.226E+00
12.9500 3.228E+00
12.9667 3.230E+00
12.9833 3.232E+00
13.0000 3.235E+00
13.0167 3.237E+00
13.0333 3.239E+00
13.0500 3.240E+00
13.0667 3.241E+00
13.0833 3.242E+00
13.1000 3.243E+00
13.1167 3.244E+00
13.1333 3.244E+00
13.1500 3.245E+00
13.1667 3.245E+00
13.1833 3.245E+00
13.2000 3.244E+00
13.2167 3.244E+00
13.2333 3.243E+00
13.2500 3.242E+00
13.2667 3.241E+00
13.2833 3.240E+00
13.3000 3.238E+00
13.3167 3.236E+00
13.3333 3.234E+00
13.3500 3.231E+00
13.3667 3.230E+00
13.3833 3.228E+00
13.4000 3.225E+00
13.4167 3.222E+00
13.4333 3.219E+00
13.4500 3.215E+00
13.4667 3.212E+00
13.4833 3.208E+00
13.5000 3.204E+00
13.5167 3.199E+00
13.5333 3.196E+00
13.5500 3.192E+00
13.5667 3.187E+00
13.5833 3.182E+00
13.6000 3.177E+00
13.6167 3.172E+00
13.6333 3.167E+00
13.6500 3.161E+00
13.6667 3.155E+00
13.6833 3.149E+00
13.7000 3.143E+00
13.7167 3.137E+00
13.7333 3.130E+00
13.7500 3.124E+00
13.7667 3.117E+00
13.7833 3.110E+00
13.8000 3.102E+00
13.8167 3.095E+00
13.8333 3.088E+00
13.8500 3.080E+00
13.8667 3.072E+00
13.8833 3.064E+00
13.9000 3.055E+00
13.9167 3.047E+00
13.9333 3.038E+00
13.9500 3.030E+00
13.9667 3.021E+00
13.9833 3.011E+00
14.0000 3.002E+00
14.0167 2.993E+00
14.0333 2.983E+00
14.0500 2.974E+00
14.0667 2.964E+00
14.0833 2.953E+00
14.1000 2.943E+00
14.1167 2.933E+00
14.1333 2.922E+00
14.1500 2.912E+00
14.1667 2.901E+00
14.1833 2.890E+00
14.2000 2.878E+00
14.2167 2.867E+00
14.2333 2.856E+00
14.2500 2.844E+00
14.2667 2.832E+00
14.2833 2.820E+00
14.3000 2.809E+00
14.3167 2.796E+00
14.3333 2.784E+00
14.3500 2.772E+00
14.3667 2.759E+00
14.3833 2.746E+00
14.4000 2.734E+00
14.4167 2.721E+00
14.4333 2.708E+00
14.4500 2.694E+00
14.4667 2.681E+00
14.4833 2.668E+00
14.5000 2.654E+00
14.5167 2.640E+00
14.5333 2.627E+00
14.5500 2.613E+00
14.5667 2.599E+00
14.5833 2.585E+00
14.6000 2.570E+00
14.6167 2.556E+00
14.6333 2.542E+00
14.6500 2.527E+00
14.6667 2.512E+00
14.6833 2.498E+00
14.7000 2.483E+00
14.7167 2.468E+00
14.7333 2.453E+00
14.7500 2.438E+00
14.7667 2.423E+00
14.7833 2.408E+00
14.8000 2.392E+00
14.8167 2.377E+00
14.8333 2.361E+00
14.8500 2.346E+00
14.8667 2.330E+00
14.8833 2.315E+00
14.9000 2.299E+00
14.9167 2.283E+00
14.9333 2.267E+00
14.9500 2.251E+00
14.9667 2.235E+00
14.9833 2.219E+00
