11.0000 1.607E+00
11.0167 1.622E+00
11.0333 1.637E+00
11.0500 1.652E+00
11.0667 1.667E+00
11.0833 1.682E+00
11.1000 1.696E+00
11.1167 1.711E+00
11.1333 1.726E+00
11.1500 1.741E+00
11.1667 1.755E+00
11.1833 1.770E+00
11.2000 1.785E+00
11.2167 1.799E+00
11.2333 1.814E+00
11.2500 1.828E+00
11.2667 1.843E+00
11.2833 1.857E+00
11.3000 1.872E+00
11.3167 1.886E+00
11.3333 1.900E+00
11.3500 1.915E+00
11.3667 1.929E+00
11.3833 1.943E+00
11.4000 1.957E+00
11.4167 1.971E+00
11.4333 1.985E+00
11.4500 1.999E+00
11.4667 2.013E+00
11.4833 2.027E+00
11.5000 2.040E+00
11.5167 2.054E+00
11.5333 2.068E+00
11.5500 2.081E+00
11.5667 2.095E+00
11.5833 2.108E+00
11.6000 2.121E+00
11.6167 2.134E+00
11.6333 2.148E+00
11.6500 2.161E+00
11.6667 2.173E+00
11.6833 2.186E+00
11.7000 2.199E+00
11.7167 2.212E+00
11.7333 2.224E+00
11.7500 2.237E+00
11.7667 2.249E+00
11.7833 2.262E+00
11.8000 2.274E+00
11.8167 2.286E+00
11.8333 2.298E+00
11.8500 2.310E+00
11.8667 2.321E+00
11.8833 2.333E+00
11.9000 2.345E+00
11.9167 2.356E+00
11.9333 2.367E+00
11.9500 2.379E+00
11.9667 2.390E+00
11.9833 2.401E+00
12.0000 2.411E+00
12.0167 2.422E+00
12.0333 2.433E+00
12.0500 2.443E+00
12.0667 2.454E+00
12.0833 2.464E+00
12.1000 2.474E+00
12.1167 2.484E+00
12.1333 2.494E+00
12.1500 2.503E+00
12.1667 2.513E+00
12.1833 2.522E+00
12.2000 2.532E+00
12.2167 2.541E+00
12.2333 2.550E+00
12.2500 2.559E+00
12.2667 2.567E+00
12.2833 2.576E+00
12.3000 2.584E+00
12.3167 2.592E+00
12.3333 2.601E+00
12.3500 2.609E+00
12.3667 2.616E+00
12.3833 2.624E+00
12.4000 2.631E+00
12.4167 2.639E+00
12.4333 2.646E+00
12.4500 2.653E+00
12.4667 2.660E+00
12.4833 2.667E+00
12.5000 2.673E+00
12.5167 2.680E+00
12.5333 2.686E+00
12.5500 2.692E+00
12.5667 2.698E+00
12.5833 2.703E+00
12.6000 2.709E+00
12.6167 2.714E+00
12.6333 2.720E+00
12.6500 2.725E+00
12.6667 2.730E+00
12.6833 2.734E+00
12.7000 2.739E+00
12.7167 2.743E+00
12.7333 2.747E+00
12.7500 2.751E+00
12.7667 2.755E+00
12.7833 2.759E+00
12.8000 2.763E+00
12.8167 2.766E+00
12.8333 2.769E+00
12.8500 2.772E+00
12.8667 2.775E+00
12.8833 2.777E+00
12.9000 2.780E+00
12.9167 2.782E+00
12.9333 2.784E+00
12.9500 2.786E+00
12.9667 2.788E+00
12.9833 2.789E+00
13.0000 2.791E+00
13.0167 2.792E+00
13.0333 2.793E+00
13.0500 2.794E+00
13.0667 2.795E+00
13.0833 2.795E+00
13.1000 2.795E+00
13.1167 2.796E+00
13.1333 2.796E+00
13.1500 2.795E+00
13.1667 2.795E+00
13.1833 2.794E+00
13.2000 2.794E+00
13.2167 2.793E+00
13.2333 2.791E+00
13.2500 2.790E+00
13.2667 2.789E+00
13.2833 2.787E+00
13.3000 2.785E+00
13.3167 2.783E+00
13.3333 2.781E+00
13.3500 2.779E+00
13.3667 2.776E+00
13.3833 2.773E+00
13.4000 2.770E+00
13.4167 2.767E+00
13.4333 2.764E+00
13.4500 2.761E+00
13.4667 2.757E+00
13.4833 2.753E+00
13.5000 2.749E+00
13.5167 2.745E+00
13.5333 2.741E+00
13.5500 2.736E+00
13.5667 2.732E+00
13.5833 2.727E+00
13.6000 2.722E+00
13.6167 2.717E+00
13.6333 2.711E+00
13.6500 2.706E+00
13.6667 2.700E+00
13.6833 2.694E+00
13.7000 2.688E+00
13.7167 2.682E+00
13.7333 2.676E+00
13.7500 2.670E+00
13.7667 2.663E+00
13.7833 2.656E+00
13.8000 2.649E+00
13.8167 2.642E+00
13.8333 2.635E+00
13.8500 2.627E+00
13.8667 2.620E+00
13.8833 2.612E+00
13.9000 2.604E+00
13.9167 2.596E+00
13.9333 2.588E+00
13.9500 2.580E+00
13.9667 2.571E+00
13.9833 2.562E+00
14.0000 2.554E+00
14.0167 2.545E+00
14.0333 2.536E+00
14.0500 2.527E+00
14.0667 2.517E+00
14.0833 2.508E+00
14.1000 2.498E+00
14.1167 2.488E+00
14.1333 2.478E+00
14.1500 2.468E+00
14.1667 2.458E+00
14.1833 2.448E+00
14.2000 2.438E+00
14.2167 2.427E+00
14.2333 2.416E+00
14.2500 2.406E+00
14.2667 2.395E+00
14.2833 2.384E+00
14.3000 2.372E+00
14.3167 2.361E+00
14.3333 2.350E+00
14.3500 2.338E+00
14.3667 2.327E+00
14.3833 2.315E+00
14.4000 2.303E+00
14.4167 2.291E+00
14.4333 2.279E+00
14.4500 2.267E+00
14.4667 2.255E+00
14.4833 2.242E+00
14.5000 2.230E+00
14.5167 2.217E+00
14.5333 2.205E+00
14.5500 2.192E+00
14.5667 2.179E+00
14.5833 2.166E+00
14.6000 2.153E+00
14.6167 2.140E+00
14.6333 2.127E+00
14.6500 2.114E+00
14.6667 2.101E+00
14.6833 2.087E+00
14.7000 2.074E+00
14.7167 2.060E+00
14.7333 2.047E+00
14.7500 2.033E+00
14.7667 2.019E+00
14.7833 2.005E+00
14.8000 1.991E+00
14.8167 1.977E+00
14.8333 1.963E+00
14.8500 1.949E+00
14.8667 1.935E+00
14.8833 1.921E+00
14.9000 1.907E+00
14.9167 1.892E+00
14.9333 1.878E+00
14.9500 1.864E+00
14.9667 1.849E+00
14.9833 1.835E+00
