11.0000 2.801E+00
11.0167 2.824E+00
11.0333 2.848E+00
11.0500 2.872E+00
11.0667 2.895E+00
11.0833 2.919E+00
11.1000 2.942E+00
11.1167 2.966E+00
11.1333 2.989E+00
11.1500 3.013E+00
11.1667 3.036E+00
11.1833 3.059E+00
11.2000 3.082E+00
11.2167 3.106E+00
11.2333 3.129E+00
11.2500 3.152E+00
11.2667 3.175E+00
11.2833 3.198E+00
11.3000 3.220E+00
11.3167 3.243E+00
11.3333 3.266E+00
11.3500 3.288E+00
11.3667 3.311E+00
11.3833 3.333E+00
11.4000 3.355E+00
11.4167 3.377E+00
11.4333 3.399E+00
11.4500 3.421E+00
11.4667 3.443E+00
11.4833 3.465E+00
11.5000 3.486E+00
11.5167 3.508E+00
11.5333 3.529E+00
11.5500 3.550E+00
11.5667 3.572E+00
11.5833 3.593E+00
11.6000 3.613E+00
11.6167 3.633E+00
11.6333 3.655E+00
11.6500 3.675E+00
11.6667 3.695E+00
11.6833 3.716E+00
11.7000 3.736E+00
11.7167 3.755E+00
11.7333 3.774E+00
11.7500 3.795E+00
11.7667 3.814E+00
11.7833 3.834E+00
11.8000 3.853E+00
11.8167 3.871E+00
11.8333 3.891E+00
11.8500 3.909E+00
11.8667 3.928E+00
11.8833 3.945E+00
11.9000 3.964E+00
11.9167 3.981E+00
11.9333 4.000E+00
11.9500 4.017E+00
11.9667 4.034E+00
11.9833 4.052E+00
12.0000 4.068E+00
12.0167 4.086E+00
12.0333 4.102E+00
12.0500 4.119E+00
12.0667 4.135E+00
12.0833 4.151E+00
12.1000 4.167E+00
12.1167 4.182E+00
12.1333 4.198E+00
12.1500 4.213E+00
12.1667 4.228E+00
12.1833 4.242E+00
12.2000 4.257E+00
12.2167 4.271E+00
12.2333 4.285E+00
12.2500 4.299E+00
12.2667 4.313E+00
12.2833 4.327E+00
12.3000 4.338E+00
12.3167 4.353E+00
12.3333 4.366E+00
12.3500 4.378E+00
12.3667 4.389E+00
12.3833 4.402E+00
12.4000 4.414E+00
12.4167 4.425E+00
12.4333 4.436E+00
12.4500 4.447E+00
12.4667 4.459E+00
12.4833 4.469E+00
12.5000 4.480E+00
12.5167 4.490E+00
12.5333 4.500E+00
12.5500 4.509E+00
12.5667 4.518E+00
12.5833 4.528E+00
12.6000 4.536E+00
12.6167 4.545E+00
12.6333 4.553E+00
12.6500 4.562E+00
12.6667 4.569E+00
12.6833 4.577E+00
12.7000 4.584E+00
12.7167 4.591E+00
12.7333 4.598E+00
12.7500 4.605E+00
12.7667 4.609E+00
12.7833 4.616E+00
12.8000 4.623E+00
12.8167 4.628E+00
12.8333 4.633E+00
12.8500 4.638E+00
12.8667 4.641E+00
12.8833 4.647E+00
12.9000 4.651E+00
12.9167 4.655E+00
12.9333 4.659E+00
12.9500 4.662E+00
12.9667 4.665E+00
12.9833 4.667E+00
13.0000 4.670E+00
13.0167 4.672E+00
13.0333 4.674E+00
13.0500 4.676E+00
13.0667 4.677E+00
13.0833 4.679E+00
13.1000 4.679E+00
13.1167 4.680E+00
13.1333 4.680E+00
13.1500 4.680E+00
13.1667 4.680E+00
13.1833 4.679E+00
13.2000 4.679E+00
13.2167 4.677E+00
13.2333 4.676E+00
13.2500 4.674E+00
13.2667 4.673E+00
13.2833 4.670E+00
13.3000 4.668E+00
13.3167 4.665E+00
13.3333 4.662E+00
13.3500 4.659E+00
13.3667 4.655E+00
13.3833 4.652E+00
13.4000 4.647E+00
13.4167 4.641E+00
13.4333 4.638E+00
13.4500 4.633E+00
13.4667 4.628E+00
13.4833 4.623E+00
13.5000 4.617E+00
13.5167 4.610E+00
13.5333 4.605E+00
13.5500 4.599E+00
13.5667 4.592E+00
13.5833 4.585E+00
13.6000 4.577E+00
13.6167 4.570E+00
13.6333 4.562E+00
13.6500 4.554E+00
13.6667 4.546E+00
13.6833 4.537E+00
13.7000 4.528E+00
13.7167 4.518E+00
13.7333 4.510E+00
13.7500 4.500E+00
13.7667 4.491E+00
13.7833 4.480E+00
13.8000 4.469E+00
13.8167 4.459E+00
13.8333 4.447E+00
13.8500 4.437E+00
13.8667 4.426E+00
13.8833 4.414E+00
13.9000 4.403E+00
13.9167 4.389E+00
13.9333 4.379E+00
13.9500 4.366E+00
13.9667 4.353E+00
13.9833 4.340E+00
14.0000 4.327E+00
14.0167 4.314E+00
14.0333 4.300E+00
14.0500 4.286E+00
14.0667 4.272E+00
14.0833 4.258E+00
14.1000 4.242E+00
14.1167 4.229E+00
14.1333 4.214E+00
14.1500 4.199E+00
14.1667 4.182E+00
14.1833 4.168E+00
14.2000 4.152E+00
14.2167 4.136E+00
14.2333 4.120E+00
14.2500 4.103E+00
14.2667 4.087E+00
14.2833 4.068E+00
14.3000 4.053E+00
14.3167 4.036E+00
14.3333 4.018E+00
14.3500 4.001E+00
14.3667 3.983E+00
14.3833 3.965E+00
14.4000 3.946E+00
14.4167 3.929E+00
14.4333 3.910E+00
14.4500 3.891E+00
14.4667 3.872E+00
14.4833 3.854E+00
14.5000 3.835E+00
14.5167 3.815E+00
14.5333 3.796E+00
14.5500 3.776E+00
14.5667 3.756E+00
14.5833 3.737E+00
14.6000 3.717E+00
14.6167 3.696E+00
14.6333 3.676E+00
14.6500 3.656E+00
14.6667 3.634E+00
14.6833 3.614E+00
14.7000 3.594E+00
14.7167 3.573E+00
14.7333 3.552E+00
14.7500 3.530E+00
14.7667 3.509E+00
14.7833 3.487E+00
14.8000 3.466E+00
14.8167 3.444E+00
14.8333 3.422E+00
14.8500 3.400E+00
14.8667 3.379E+00
14.8833 3.357E+00
14.9000 3.334E+00
14.9167 3.312E+00
14.9333 3.289E+00
14.9500 3.267E+00
14.9667 3.244E+00
14.9833 3.222E+00
