11.0000 3.708E+00
11.0167 3.735E+00
11.0333 3.763E+00
11.0500 3.791E+00
11.0667 3.818E+00
11.0833 3.846E+00
11.1000 3.873E+00
11.1167 3.901E+00
11.1333 3.928E+00
11.1500 3.955E+00
11.1667 3.982E+00
11.1833 4.009E+00
11.2000 4.036E+00
11.2167 4.063E+00
11.2333 4.090E+00
11.2500 4.116E+00
11.2667 4.143E+00
11.2833 4.169E+00
11.3000 4.195E+00
11.3167 4.221E+00
11.3333 4.247E+00
11.3500 4.273E+00
11.3667 4.299E+00
11.3833 4.323E+00
11.4000 4.350E+00
11.4167 4.375E+00
11.4333 4.401E+00
11.4500 4.425E+00
11.4667 4.450E+00
11.4833 4.475E+00
11.5000 4.499E+00
11.5167 4.524E+00
11.5333 4.549E+00
11.5500 4.573E+00
11.5667 4.596E+00
11.5833 4.621E+00
11.6000 4.643E+00
11.6167 4.667E+00
11.6333 4.691E+00
11.6500 4.714E+00
11.6667 4.736E+00
11.6833 4.759E+00
11.7000 4.782E+00
11.7167 4.804E+00
11.7333 4.826E+00
11.7500 4.848E+00
11.7667 4.870E+00
11.7833 4.891E+00
11.8000 4.913E+00
11.8167 4.930E+00
11.8333 4.955E+00
11.8500 4.975E+00
11.8667 4.996E+00
11.8833 5.016E+00
11.9000 5.036E+00
11.9167 5.055E+00
11.9333 5.076E+00
11.9500 5.095E+00
11.9667 5.114E+00
11.9833 5.133E+00
12.0000 5.152E+00
12.0167 5.170E+00
12.0333 5.188E+00
12.0500 5.206E+00
12.0667 5.224E+00
12.0833 5.241E+00
12.1000 5.257E+00
12.1167 5.276E+00
12.1333 5.292E+00
12.1500 5.309E+00
12.1667 5.325E+00
12.1833 5.341E+00
12.2000 5.355E+00
12.2167 5.372E+00
12.2333 5.387E+00
12.2500 5.402E+00
12.2667 5.416E+00
12.2833 5.430E+00
12.3000 5.443E+00
12.3167 5.459E+00
12.3333 5.472E+00
12.3500 5.486E+00
12.3667 5.499E+00
12.3833 5.511E+00
12.4000 5.523E+00
12.4167 5.535E+00
12.4333 5.546E+00
12.4500 5.559E+00
12.4667 5.570E+00
12.4833 5.581E+00
12.5000 5.592E+00
12.5167 5.602E+00
12.5333 5.612E+00
12.5500 5.622E+00
12.5667 5.632E+00
12.5833 5.641E+00
12.6000 5.650E+00
12.6167 5.659E+00
12.6333 5.667E+00
12.6500 5.675E+00
12.6667 5.682E+00
12.6833 5.690E+00
12.7000 5.697E+00
12.7167 5.704E+00
12.7333 5.710E+00
12.7500 5.716E+00
12.7667 5.722E+00
12.7833 5.727E+00
12.8000 5.733E+00
12.8167 5.738E+00
12.8333 5.743E+00
12.8500 5.746E+00
12.8667 5.748E+00
12.8833 5.754E+00
12.9000 5.758E+00
12.9167 5.760E+00
12.9333 5.763E+00
12.9500 5.766E+00
12.9667 5.768E+00
12.9833 5.770E+00
13.0000 5.772E+00
13.0167 5.773E+00
13.0333 5.774E+00
13.0500 5.774E+00
13.0667 5.774E+00
13.0833 5.775E+00
13.1000 5.774E+00
13.1167 5.773E+00
13.1333 5.772E+00
13.1500 5.771E+00
13.1667 5.769E+00
13.1833 5.768E+00
13.2000 5.765E+00
13.2167 5.762E+00
13.2333 5.759E+00
13.2500 5.756E+00
13.2667 5.752E+00
13.2833 5.747E+00
13.3000 5.745E+00
13.3167 5.740E+00
13.3333 5.736E+00
13.3500 5.729E+00
13.3667 5.725E+00
13.3833 5.720E+00
13.4000 5.714E+00
13.4167 5.707E+00
13.4333 5.701E+00
13.4500 5.694E+00
13.4667 5.687E+00
13.4833 5.679E+00
13.5000 5.671E+00
13.5167 5.663E+00
13.5333 5.654E+00
13.5500 5.645E+00
13.5667 5.637E+00
13.5833 5.627E+00
13.6000 5.615E+00
13.6167 5.607E+00
13.6333 5.598E+00
13.6500 5.587E+00
13.6667 5.576E+00
13.6833 5.565E+00
13.7000 5.554E+00
13.7167 5.541E+00
13.7333 5.530E+00
13.7500 5.518E+00
13.7667 5.506E+00
13.7833 5.493E+00
13.8000 5.479E+00
13.8167 5.465E+00
13.8333 5.453E+00
13.8500 5.439E+00
13.8667 5.423E+00
13.8833 5.410E+00
13.9000 5.395E+00
13.9167 5.380E+00
13.9333 5.365E+00
13.9500 5.349E+00
13.9667 5.334E+00
13.9833 5.318E+00
14.0000 5.301E+00
14.0167 5.283E+00
14.0333 5.268E+00
14.0500 5.251E+00
14.0667 5.234E+00
14.0833 5.212E+00
14.1000 5.197E+00
14.1167 5.180E+00
14.1333 5.161E+00
14.1500 5.143E+00
14.1667 5.125E+00
14.1833 5.105E+00
14.2000 5.085E+00
14.2167 5.067E+00
14.2333 5.047E+00
14.2500 5.027E+00
14.2667 5.007E+00
14.2833 4.987E+00
14.3000 4.966E+00
14.3167 4.945E+00
14.3333 4.924E+00
14.3500 4.903E+00
14.3667 4.882E+00
14.3833 4.860E+00
14.4000 4.838E+00
14.4167 4.816E+00
14.4333 4.792E+00
14.4500 4.772E+00
14.4667 4.749E+00
14.4833 4.724E+00
14.5000 4.703E+00
14.5167 4.680E+00
14.5333 4.657E+00
14.5500 4.633E+00
14.5667 4.610E+00
14.5833 4.586E+00
14.6000 4.562E+00
14.6167 4.538E+00
14.6333 4.513E+00
14.6500 4.489E+00
14.6667 4.464E+00
14.6833 4.439E+00
14.7000 4.414E+00
14.7167 4.388E+00
14.7333 4.362E+00
14.7500 4.339E+00
14.7667 4.313E+00
14.7833 4.288E+00
14.8000 4.261E+00
14.8167 4.236E+00
14.8333 4.210E+00
14.8500 4.182E+00
14.8667 4.157E+00
14.8833 4.131E+00
14.9000 4.104E+00
14.9167 4.078E+00
14.9333 4.049E+00
14.9500 4.024E+00
14.9667 3.997E+00
14.9833 3.970E+00
