11.0000 2.770E+00
11.0167 2.793E+00
11.0333 2.817E+00
11.0500 2.840E+00
11.0667 2.863E+00
11.0833 2.886E+00
11.1000 2.909E+00
11.1167 2.932E+00
11.1333 2.955E+00
11.1500 2.978E+00
11.1667 3.001E+00
11.1833 3.024E+00
11.2000 3.046E+00
11.2167 3.069E+00
11.2333 3.092E+00
11.2500 3.114E+00
11.2667 3.137E+00
11.2833 3.159E+00
11.3000 3.182E+00
11.3167 3.204E+00
11.3333 3.226E+00
11.3500 3.248E+00
11.3667 3.270E+00
11.3833 3.292E+00
11.4000 3.314E+00
11.4167 3.335E+00
11.4333 3.357E+00
11.4500 3.378E+00
11.4667 3.399E+00
11.4833 3.421E+00
11.5000 3.442E+00
11.5167 3.464E+00
11.5333 3.484E+00
11.5500 3.505E+00
11.5667 3.526E+00
11.5833 3.547E+00
11.6000 3.567E+00
11.6167 3.587E+00
11.6333 3.607E+00
11.6500 3.627E+00
11.6667 3.647E+00
11.6833 3.667E+00
11.7000 3.687E+00
11.7167 3.706E+00
11.7333 3.726E+00
11.7500 3.745E+00
11.7667 3.764E+00
11.7833 3.783E+00
11.8000 3.801E+00
11.8167 3.819E+00
11.8333 3.838E+00
11.8500 3.856E+00
11.8667 3.875E+00
11.8833 3.892E+00
11.9000 3.910E+00
11.9167 3.928E+00
11.9333 3.945E+00
11.9500 3.962E+00
11.9667 3.979E+00
11.9833 3.995E+00
12.0000 4.012E+00
12.0167 4.028E+00
12.0333 4.045E+00
12.0500 4.061E+00
12.0667 4.077E+00
12.0833 4.092E+00
12.1000 4.108E+00
12.1167 4.123E+00
12.1333 4.138E+00
12.1500 4.153E+00
12.1667 4.168E+00
12.1833 4.179E+00
12.2000 4.197E+00
12.2167 4.211E+00
12.2333 4.224E+00
12.2500 4.238E+00
12.2667 4.251E+00
12.2833 4.264E+00
12.3000 4.277E+00
12.3167 4.290E+00
12.3333 4.303E+00
12.3500 4.315E+00
12.3667 4.327E+00
12.3833 4.338E+00
12.4000 4.350E+00
12.4167 4.361E+00
12.4333 4.372E+00
12.4500 4.383E+00
12.4667 4.394E+00
12.4833 4.404E+00
12.5000 4.414E+00
12.5167 4.424E+00
12.5333 4.433E+00
12.5500 4.442E+00
12.5667 4.452E+00
12.5833 4.461E+00
12.6000 4.468E+00
12.6167 4.478E+00
12.6333 4.486E+00
12.6500 4.494E+00
12.6667 4.501E+00
12.6833 4.507E+00
12.7000 4.514E+00
12.7167 4.523E+00
12.7333 4.529E+00
12.7500 4.535E+00
12.7667 4.542E+00
12.7833 4.547E+00
12.8000 4.553E+00
12.8167 4.558E+00
12.8333 4.563E+00
12.8500 4.568E+00
12.8667 4.571E+00
12.8833 4.577E+00
12.9000 4.581E+00
12.9167 4.585E+00
12.9333 4.588E+00
12.9500 4.591E+00
12.9667 4.594E+00
12.9833 4.597E+00
13.0000 4.599E+00
13.0167 4.601E+00
13.0333 4.603E+00
13.0500 4.605E+00
13.0667 4.606E+00
13.0833 4.606E+00
13.1000 4.607E+00
13.1167 4.608E+00
13.1333 4.608E+00
13.1500 4.608E+00
13.1667 4.607E+00
13.1833 4.607E+00
13.2000 4.606E+00
13.2167 4.605E+00
13.2333 4.604E+00
13.2500 4.603E+00
13.2667 4.601E+00
13.2833 4.599E+00
13.3000 4.596E+00
13.3167 4.593E+00
13.3333 4.590E+00
13.3500 4.587E+00
13.3667 4.584E+00
13.3833 4.580E+00
13.4000 4.576E+00
13.4167 4.571E+00
13.4333 4.567E+00
13.4500 4.562E+00
13.4667 4.557E+00
13.4833 4.552E+00
13.5000 4.546E+00
13.5167 4.540E+00
13.5333 4.534E+00
13.5500 4.528E+00
13.5667 4.519E+00
13.5833 4.512E+00
13.6000 4.506E+00
13.6167 4.499E+00
13.6333 4.492E+00
13.6500 4.484E+00
13.6667 4.476E+00
13.6833 4.467E+00
13.7000 4.458E+00
13.7167 4.449E+00
13.7333 4.440E+00
13.7500 4.431E+00
13.7667 4.421E+00
13.7833 4.411E+00
13.8000 4.401E+00
13.8167 4.391E+00
13.8333 4.380E+00
13.8500 4.369E+00
13.8667 4.358E+00
13.8833 4.347E+00
13.9000 4.335E+00
13.9167 4.323E+00
13.9333 4.311E+00
13.9500 4.299E+00
13.9667 4.285E+00
13.9833 4.272E+00
14.0000 4.261E+00
14.0167 4.248E+00
14.0333 4.234E+00
14.0500 4.221E+00
14.0667 4.207E+00
14.0833 4.192E+00
14.1000 4.177E+00
14.1167 4.164E+00
14.1333 4.149E+00
14.1500 4.134E+00
14.1667 4.119E+00
14.1833 4.104E+00
14.2000 4.088E+00
14.2167 4.073E+00
14.2333 4.057E+00
14.2500 4.040E+00
14.2667 4.024E+00
14.2833 4.008E+00
14.3000 3.992E+00
14.3167 3.974E+00
14.3333 3.957E+00
14.3500 3.940E+00
14.3667 3.923E+00
14.3833 3.905E+00
14.4000 3.888E+00
14.4167 3.868E+00
14.4333 3.852E+00
14.4500 3.832E+00
14.4667 3.814E+00
14.4833 3.796E+00
14.5000 3.777E+00
14.5167 3.759E+00
14.5333 3.740E+00
14.5500 3.720E+00
14.5667 3.701E+00
14.5833 3.682E+00
14.6000 3.662E+00
14.6167 3.642E+00
14.6333 3.621E+00
14.6500 3.602E+00
14.6667 3.581E+00
14.6833 3.561E+00
14.7000 3.541E+00
14.7167 3.519E+00
14.7333 3.499E+00
14.7500 3.478E+00
14.7667 3.458E+00
14.7833 3.436E+00
14.8000 3.415E+00
14.8167 3.394E+00
14.8333 3.373E+00
14.8500 3.351E+00
14.8667 3.329E+00
14.8833 3.308E+00
14.9000 3.286E+00
14.9167 3.264E+00
14.9333 3.242E+00
14.9500 3.220E+00
14.9667 3.198E+00
14.9833 3.176E+00
