11.0000 2.212E+00
11.0167 2.232E+00
11.0333 2.251E+00
11.0500 2.270E+00
11.0667 2.290E+00
11.0833 2.309E+00
11.1000 2.328E+00
11.1167 2.347E+00
11.1333 2.366E+00
11.1500 2.385E+00
11.1667 2.404E+00
11.1833 2.423E+00
11.2000 2.442E+00
11.2167 2.461E+00
11.2333 2.480E+00
11.2500 2.499E+00
11.2667 2.518E+00
11.2833 2.536E+00
11.3000 2.555E+00
11.3167 2.574E+00
11.3333 2.592E+00
11.3500 2.611E+00
11.3667 2.629E+00
11.3833 2.647E+00
11.4000 2.666E+00
11.4167 2.684E+00
11.4333 2.702E+00
11.4500 2.720E+00
11.4667 2.738E+00
11.4833 2.756E+00
11.5000 2.773E+00
11.5167 2.791E+00
11.5333 2.809E+00
11.5500 2.826E+00
11.5667 2.843E+00
11.5833 2.861E+00
11.6000 2.878E+00
11.6167 2.895E+00
11.6333 2.912E+00
11.6500 2.929E+00
11.6667 2.946E+00
11.6833 2.962E+00
11.7000 2.979E+00
11.7167 2.995E+00
11.7333 3.011E+00
11.7500 3.027E+00
11.7667 3.044E+00
11.7833 3.059E+00
11.8000 3.075E+00
11.8167 3.091E+00
11.8333 3.106E+00
11.8500 3.122E+00
11.8667 3.137E+00
11.8833 3.152E+00
11.9000 3.167E+00
11.9167 3.181E+00
11.9333 3.196E+00
11.9500 3.211E+00
11.9667 3.225E+00
11.9833 3.240E+00
12.0000 3.254E+00
12.0167 3.267E+00
12.0333 3.281E+00
12.0500 3.295E+00
12.0667 3.308E+00
12.0833 3.322E+00
12.1000 3.335E+00
12.1167 3.347E+00
12.1333 3.359E+00
12.1500 3.373E+00
12.1667 3.386E+00
12.1833 3.398E+00
12.2000 3.410E+00
12.2167 3.422E+00
12.2333 3.433E+00
12.2500 3.445E+00
12.2667 3.457E+00
12.2833 3.468E+00
12.3000 3.479E+00
12.3167 3.490E+00
12.3333 3.500E+00
12.3500 3.511E+00
12.3667 3.521E+00
12.3833 3.530E+00
12.4000 3.541E+00
12.4167 3.551E+00
12.4333 3.560E+00
12.4500 3.569E+00
12.4667 3.579E+00
12.4833 3.587E+00
12.5000 3.596E+00
12.5167 3.604E+00
12.5333 3.613E+00
12.5500 3.621E+00
12.5667 3.629E+00
12.5833 3.636E+00
12.6000 3.644E+00
12.6167 3.651E+00
12.6333 3.658E+00
12.6500 3.665E+00
12.6667 3.671E+00
12.6833 3.678E+00
12.7000 3.684E+00
12.7167 3.691E+00
12.7333 3.696E+00
12.7500 3.701E+00
12.7667 3.707E+00
12.7833 3.712E+00
12.8000 3.717E+00
12.8167 3.722E+00
12.8333 3.726E+00
12.8500 3.731E+00
12.8667 3.735E+00
12.8833 3.738E+00
12.9000 3.742E+00
12.9167 3.745E+00
12.9333 3.748E+00
12.9500 3.751E+00
12.9667 3.754E+00
12.9833 3.756E+00
13.0000 3.759E+00
13.0167 3.760E+00
13.0333 3.762E+00
13.0500 3.764E+00
13.0667 3.765E+00
13.0833 3.767E+00
13.1000 3.768E+00
13.1167 3.768E+00
13.1333 3.769E+00
13.1500 3.769E+00
13.1667 3.769E+00
13.1833 3.769E+00
13.2000 3.768E+00
13.2167 3.768E+00
13.2333 3.766E+00
13.2500 3.765E+00
13.2667 3.764E+00
13.2833 3.762E+00
13.3000 3.760E+00
13.3167 3.759E+00
13.3333 3.756E+00
13.3500 3.754E+00
13.3667 3.751E+00
13.3833 3.748E+00
13.4000 3.745E+00
13.4167 3.742E+00
13.4333 3.738E+00
13.4500 3.734E+00
13.4667 3.731E+00
13.4833 3.726E+00
13.5000 3.722E+00
13.5167 3.717E+00
13.5333 3.712E+00
13.5500 3.707E+00
13.5667 3.701E+00
13.5833 3.696E+00
13.6000 3.690E+00
13.6167 3.684E+00
13.6333 3.678E+00
13.6500 3.671E+00
13.6667 3.665E+00
13.6833 3.658E+00
13.7000 3.651E+00
13.7167 3.644E+00
13.7333 3.636E+00
13.7500 3.629E+00
13.7667 3.621E+00
13.7833 3.613E+00
13.8000 3.604E+00
13.8167 3.596E+00
13.8333 3.587E+00
13.8500 3.578E+00
13.8667 3.569E+00
13.8833 3.560E+00
13.9000 3.550E+00
13.9167 3.541E+00
13.9333 3.530E+00
13.9500 3.520E+00
13.9667 3.511E+00
13.9833 3.500E+00
14.0000 3.489E+00
14.0167 3.479E+00
14.0333 3.468E+00
14.0500 3.456E+00
14.0667 3.445E+00
14.0833 3.433E+00
14.1000 3.422E+00
14.1167 3.410E+00
14.1333 3.398E+00
14.1500 3.385E+00
14.1667 3.372E+00
14.1833 3.359E+00
14.2000 3.346E+00
14.2167 3.334E+00
14.2333 3.321E+00
14.2500 3.307E+00
14.2667 3.295E+00
14.2833 3.281E+00
14.3000 3.267E+00
14.3167 3.254E+00
14.3333 3.239E+00
14.3500 3.225E+00
14.3667 3.211E+00
14.3833 3.196E+00
14.4000 3.181E+00
14.4167 3.167E+00
14.4333 3.152E+00
14.4500 3.137E+00
14.4667 3.121E+00
14.4833 3.106E+00
14.5000 3.091E+00
14.5167 3.075E+00
14.5333 3.059E+00
14.5500 3.043E+00
14.5667 3.027E+00
14.5833 3.011E+00
14.6000 2.995E+00
14.6167 2.978E+00
14.6333 2.962E+00
14.6500 2.945E+00
14.6667 2.928E+00
14.6833 2.912E+00
14.7000 2.895E+00
14.7167 2.878E+00
14.7333 2.860E+00
14.7500 2.843E+00
14.7667 2.826E+00
14.7833 2.808E+00
14.8000 2.791E+00
14.8167 2.773E+00
14.8333 2.755E+00
14.8500 2.737E+00
14.8667 2.720E+00
14.8833 2.702E+00
14.9000 2.684E+00
14.9167 2.665E+00
14.9333 2.647E+00
14.9500 2.629E+00
14.9667 2.610E+00
14.9833 2.592E+00
