11.0000 2.988E+00
11.0167 3.013E+00
11.0333 3.038E+00
11.0500 3.062E+00
11.0667 3.087E+00
11.0833 3.111E+00
11.1000 3.136E+00
11.1167 3.161E+00
11.1333 3.185E+00
11.1500 3.209E+00
11.1667 3.233E+00
11.1833 3.258E+00
11.2000 3.282E+00
11.2167 3.306E+00
11.2333 3.330E+00
11.2500 3.354E+00
11.2667 3.377E+00
11.2833 3.401E+00
11.3000 3.425E+00
11.3167 3.449E+00
11.3333 3.472E+00
11.3500 3.495E+00
11.3667 3.518E+00
11.3833 3.541E+00
11.4000 3.565E+00
11.4167 3.588E+00
11.4333 3.611E+00
11.4500 3.633E+00
11.4667 3.656E+00
11.4833 3.678E+00
11.5000 3.701E+00
11.5167 3.723E+00
11.5333 3.745E+00
11.5500 3.766E+00
11.5667 3.789E+00
11.5833 3.810E+00
11.6000 3.833E+00
11.6167 3.854E+00
11.6333 3.875E+00
11.6500 3.896E+00
11.6667 3.917E+00
11.6833 3.939E+00
11.7000 3.959E+00
11.7167 3.980E+00
11.7333 4.000E+00
11.7500 4.020E+00
11.7667 4.041E+00
11.7833 4.060E+00
11.8000 4.080E+00
11.8167 4.099E+00
11.8333 4.119E+00
11.8500 4.138E+00
11.8667 4.157E+00
11.8833 4.176E+00
11.9000 4.195E+00
11.9167 4.213E+00
11.9333 4.231E+00
11.9500 4.249E+00
11.9667 4.268E+00
11.9833 4.285E+00
12.0000 4.302E+00
12.0167 4.320E+00
12.0333 4.337E+00
12.0500 4.353E+00
12.0667 4.371E+00
12.0833 4.385E+00
12.1000 4.401E+00
12.1167 4.419E+00
12.1333 4.435E+00
12.1500 4.451E+00
12.1667 4.466E+00
12.1833 4.481E+00
12.2000 4.496E+00
12.2167 4.511E+00
12.2333 4.525E+00
12.2500 4.540E+00
12.2667 4.553E+00
12.2833 4.567E+00
12.3000 4.581E+00
12.3167 4.593E+00
12.3333 4.607E+00
12.3500 4.620E+00
12.3667 4.632E+00
12.3833 4.643E+00
12.4000 4.657E+00
12.4167 4.668E+00
12.4333 4.680E+00
12.4500 4.692E+00
12.4667 4.702E+00
12.4833 4.713E+00
12.5000 4.724E+00
12.5167 4.734E+00
12.5333 4.744E+00
12.5500 4.754E+00
12.5667 4.759E+00
12.5833 4.773E+00
12.6000 4.781E+00
12.6167 4.791E+00
12.6333 4.799E+00
12.6500 4.807E+00
12.6667 4.815E+00
12.6833 4.822E+00
12.7000 4.830E+00
12.7167 4.837E+00
12.7333 4.843E+00
12.7500 4.850E+00
12.7667 4.856E+00
12.7833 4.863E+00
12.8000 4.869E+00
12.8167 4.873E+00
12.8333 4.879E+00
12.8500 4.884E+00
12.8667 4.888E+00
12.8833 4.893E+00
12.9000 4.897E+00
12.9167 4.900E+00
12.9333 4.904E+00
12.9500 4.907E+00
12.9667 4.910E+00
12.9833 4.913E+00
13.0000 4.915E+00
13.0167 4.917E+00
13.0333 4.919E+00
13.0500 4.921E+00
13.0667 4.922E+00
13.0833 4.923E+00
13.1000 4.924E+00
13.1167 4.924E+00
13.1333 4.924E+00
13.1500 4.924E+00
13.1667 4.923E+00
13.1833 4.923E+00
13.2000 4.922E+00
13.2167 4.920E+00
13.2333 4.919E+00
13.2500 4.917E+00
13.2667 4.915E+00
13.2833 4.912E+00
13.3000 4.909E+00
13.3167 4.906E+00
13.3333 4.903E+00
13.3500 4.899E+00
13.3667 4.896E+00
13.3833 4.891E+00
13.4000 4.887E+00
13.4167 4.882E+00
13.4333 4.876E+00
13.4500 4.872E+00
13.4667 4.866E+00
13.4833 4.861E+00
13.5000 4.854E+00
13.5167 4.848E+00
13.5333 4.841E+00
13.5500 4.835E+00
13.5667 4.827E+00
13.5833 4.820E+00
13.6000 4.812E+00
13.6167 4.804E+00
13.6333 4.796E+00
13.6500 4.787E+00
13.6667 4.777E+00
13.6833 4.769E+00
13.7000 4.759E+00
13.7167 4.750E+00
13.7333 4.740E+00
13.7500 4.730E+00
13.7667 4.720E+00
13.7833 4.709E+00
13.8000 4.698E+00
13.8167 4.687E+00
13.8333 4.676E+00
13.8500 4.663E+00
13.8667 4.652E+00
13.8833 4.637E+00
13.9000 4.628E+00
13.9167 4.615E+00
13.9333 4.602E+00
13.9500 4.589E+00
13.9667 4.576E+00
13.9833 4.561E+00
14.0000 4.548E+00
14.0167 4.534E+00
14.0333 4.520E+00
14.0500 4.505E+00
14.0667 4.491E+00
14.0833 4.476E+00
14.1000 4.460E+00
14.1167 4.445E+00
14.1333 4.429E+00
14.1500 4.413E+00
14.1667 4.397E+00
14.1833 4.381E+00
14.2000 4.364E+00
14.2167 4.347E+00
14.2333 4.331E+00
14.2500 4.313E+00
14.2667 4.296E+00
14.2833 4.278E+00
14.3000 4.261E+00
14.3167 4.243E+00
14.3333 4.225E+00
14.3500 4.205E+00
14.3667 4.188E+00
14.3833 4.169E+00
14.4000 4.150E+00
14.4167 4.129E+00
14.4333 4.112E+00
14.4500 4.092E+00
14.4667 4.073E+00
14.4833 4.053E+00
14.5000 4.032E+00
14.5167 4.013E+00
14.5333 3.993E+00
14.5500 3.972E+00
14.5667 3.951E+00
14.5833 3.930E+00
14.6000 3.908E+00
14.6167 3.888E+00
14.6333 3.868E+00
14.6500 3.846E+00
14.6667 3.824E+00
14.6833 3.803E+00
14.7000 3.781E+00
14.7167 3.759E+00
14.7333 3.737E+00
14.7500 3.715E+00
14.7667 3.693E+00
14.7833 3.670E+00
14.8000 3.648E+00
14.8167 3.625E+00
14.8333 3.601E+00
14.8500 3.579E+00
14.8667 3.556E+00
14.8833 3.533E+00
14.9000 3.510E+00
14.9167 3.486E+00
14.9333 3.463E+00
14.9500 3.439E+00
14.9667 3.416E+00
14.9833 3.392E+00
