11.0000 3.022E+00
11.0167 3.046E+00
11.0333 3.071E+00
11.0500 3.095E+00
11.0667 3.120E+00
11.0833 3.144E+00
11.1000 3.169E+00
11.1167 3.193E+00
11.1333 3.217E+00
11.1500 3.242E+00
11.1667 3.266E+00
11.1833 3.290E+00
11.2000 3.314E+00
11.2167 3.338E+00
11.2333 3.362E+00
11.2500 3.385E+00
11.2667 3.409E+00
11.2833 3.432E+00
11.3000 3.456E+00
11.3167 3.480E+00
11.3333 3.502E+00
11.3500 3.526E+00
11.3667 3.550E+00
11.3833 3.572E+00
11.4000 3.596E+00
11.4167 3.617E+00
11.4333 3.641E+00
11.4500 3.664E+00
11.4667 3.686E+00
11.4833 3.709E+00
11.5000 3.731E+00
11.5167 3.753E+00
11.5333 3.775E+00
11.5500 3.796E+00
11.5667 3.818E+00
11.5833 3.840E+00
11.6000 3.862E+00
11.6167 3.883E+00
11.6333 3.904E+00
11.6500 3.925E+00
11.6667 3.945E+00
11.6833 3.967E+00
11.7000 3.986E+00
11.7167 4.007E+00
11.7333 4.028E+00
11.7500 4.048E+00
11.7667 4.067E+00
11.7833 4.088E+00
11.8000 4.107E+00
11.8167 4.127E+00
11.8333 4.146E+00
11.8500 4.164E+00
11.8667 4.184E+00
11.8833 4.202E+00
11.9000 4.221E+00
11.9167 4.239E+00
11.9333 4.257E+00
11.9500 4.275E+00
11.9667 4.291E+00
11.9833 4.310E+00
12.0000 4.328E+00
12.0167 4.345E+00
12.0333 4.362E+00
12.0500 4.379E+00
12.0667 4.395E+00
12.0833 4.411E+00
12.1000 4.427E+00
12.1167 4.443E+00
12.1333 4.459E+00
12.1500 4.474E+00
12.1667 4.488E+00
12.1833 4.504E+00
12.2000 4.519E+00
12.2167 4.533E+00
12.2333 4.548E+00
12.2500 4.562E+00
12.2667 4.575E+00
12.2833 4.589E+00
12.3000 4.599E+00
12.3167 4.615E+00
12.3333 4.629E+00
12.3500 4.641E+00
12.3667 4.654E+00
12.3833 4.666E+00
12.4000 4.677E+00
12.4167 4.688E+00
12.4333 4.701E+00
12.4500 4.712E+00
12.4667 4.723E+00
12.4833 4.733E+00
12.5000 4.744E+00
12.5167 4.754E+00
12.5333 4.764E+00
12.5500 4.773E+00
12.5667 4.783E+00
12.5833 4.792E+00
12.6000 4.800E+00
12.6167 4.809E+00
12.6333 4.818E+00
12.6500 4.824E+00
12.6667 4.833E+00
12.6833 4.841E+00
12.7000 4.848E+00
12.7167 4.855E+00
12.7333 4.861E+00
12.7500 4.868E+00
12.7667 4.873E+00
12.7833 4.880E+00
12.8000 4.886E+00
12.8167 4.890E+00
12.8333 4.896E+00
12.8500 4.901E+00
12.8667 4.905E+00
12.8833 4.909E+00
12.9000 4.913E+00
12.9167 4.917E+00
12.9333 4.918E+00
12.9500 4.921E+00
12.9667 4.926E+00
12.9833 4.926E+00
13.0000 4.929E+00
13.0167 4.933E+00
13.0333 4.934E+00
13.0500 4.936E+00
13.0667 4.937E+00
13.0833 4.938E+00
13.1000 4.938E+00
13.1167 4.938E+00
13.1333 4.938E+00
13.1500 4.938E+00
13.1667 4.937E+00
13.1833 4.937E+00
13.2000 4.936E+00
13.2167 4.934E+00
13.2333 4.932E+00
13.2500 4.928E+00
13.2667 4.926E+00
13.2833 4.926E+00
13.3000 4.920E+00
13.3167 4.918E+00
13.3333 4.916E+00
13.3500 4.912E+00
13.3667 4.909E+00
13.3833 4.904E+00
13.4000 4.900E+00
13.4167 4.895E+00
13.4333 4.889E+00
13.4500 4.884E+00
13.4667 4.878E+00
13.4833 4.872E+00
13.5000 4.867E+00
13.5167 4.859E+00
13.5333 4.853E+00
13.5500 4.847E+00
13.5667 4.839E+00
13.5833 4.832E+00
13.6000 4.824E+00
13.6167 4.816E+00
13.6333 4.807E+00
13.6500 4.799E+00
13.6667 4.790E+00
13.6833 4.781E+00
13.7000 4.771E+00
13.7167 4.762E+00
13.7333 4.752E+00
13.7500 4.742E+00
13.7667 4.731E+00
13.7833 4.720E+00
13.8000 4.708E+00
13.8167 4.698E+00
13.8333 4.687E+00
13.8500 4.675E+00
13.8667 4.663E+00
13.8833 4.651E+00
13.9000 4.639E+00
13.9167 4.626E+00
13.9333 4.613E+00
13.9500 4.597E+00
13.9667 4.587E+00
13.9833 4.573E+00
14.0000 4.559E+00
14.0167 4.545E+00
14.0333 4.530E+00
14.0500 4.516E+00
14.0667 4.501E+00
14.0833 4.485E+00
14.1000 4.471E+00
14.1167 4.456E+00
14.1333 4.439E+00
14.1500 4.424E+00
14.1667 4.407E+00
14.1833 4.392E+00
14.2000 4.375E+00
14.2167 4.358E+00
14.2333 4.341E+00
14.2500 4.324E+00
14.2667 4.307E+00
14.2833 4.289E+00
14.3000 4.272E+00
14.3167 4.254E+00
14.3333 4.235E+00
14.3500 4.217E+00
14.3667 4.199E+00
14.3833 4.180E+00
14.4000 4.161E+00
14.4167 4.142E+00
14.4333 4.123E+00
14.4500 4.103E+00
14.4667 4.084E+00
14.4833 4.064E+00
14.5000 4.044E+00
14.5167 4.024E+00
14.5333 4.001E+00
14.5500 3.983E+00
14.5667 3.962E+00
14.5833 3.942E+00
14.6000 3.921E+00
14.6167 3.900E+00
14.6333 3.879E+00
14.6500 3.857E+00
14.6667 3.836E+00
14.6833 3.814E+00
14.7000 3.791E+00
14.7167 3.771E+00
14.7333 3.748E+00
14.7500 3.726E+00
14.7667 3.704E+00
14.7833 3.682E+00
14.8000 3.659E+00
14.8167 3.637E+00
14.8333 3.613E+00
14.8500 3.591E+00
14.8667 3.568E+00
14.8833 3.545E+00
14.9000 3.522E+00
14.9167 3.498E+00
14.9333 3.475E+00
14.9500 3.452E+00
14.9667 3.428E+00
14.9833 3.405E+00
