11.0000 3.157E+00
11.0167 3.182E+00
11.0333 3.207E+00
11.0500 3.232E+00
11.0667 3.257E+00
11.0833 3.282E+00
11.1000 3.306E+00
11.1167 3.331E+00
11.1333 3.356E+00
11.1500 3.380E+00
11.1667 3.405E+00
11.1833 3.429E+00
11.2000 3.454E+00
11.2167 3.478E+00
11.2333 3.502E+00
11.2500 3.526E+00
11.2667 3.550E+00
11.2833 3.574E+00
11.3000 3.598E+00
11.3167 3.622E+00
11.3333 3.645E+00
11.3500 3.669E+00
11.3667 3.692E+00
11.3833 3.716E+00
11.4000 3.739E+00
11.4167 3.762E+00
11.4333 3.785E+00
11.4500 3.807E+00
11.4667 3.830E+00
11.4833 3.853E+00
11.5000 3.875E+00
11.5167 3.898E+00
11.5333 3.920E+00
11.5500 3.941E+00
11.5667 3.963E+00
11.5833 3.985E+00
11.6000 4.006E+00
11.6167 4.029E+00
11.6333 4.050E+00
11.6500 4.071E+00
11.6667 4.092E+00
11.6833 4.113E+00
11.7000 4.134E+00
11.7167 4.154E+00
11.7333 4.174E+00
11.7500 4.195E+00
11.7667 4.215E+00
11.7833 4.235E+00
11.8000 4.254E+00
11.8167 4.274E+00
11.8333 4.293E+00
11.8500 4.312E+00
11.8667 4.330E+00
11.8833 4.350E+00
11.9000 4.368E+00
11.9167 4.387E+00
11.9333 4.405E+00
11.9500 4.422E+00
11.9667 4.441E+00
11.9833 4.458E+00
12.0000 4.475E+00
12.0167 4.492E+00
12.0333 4.509E+00
12.0500 4.526E+00
12.0667 4.542E+00
12.0833 4.559E+00
12.1000 4.575E+00
12.1167 4.591E+00
12.1333 4.606E+00
12.1500 4.622E+00
12.1667 4.637E+00
12.1833 4.652E+00
12.2000 4.667E+00
12.2167 4.681E+00
12.2333 4.695E+00
12.2500 4.709E+00
12.2667 4.723E+00
12.2833 4.737E+00
12.3000 4.750E+00
12.3167 4.763E+00
12.3333 4.776E+00
12.3500 4.788E+00
12.3667 4.801E+00
12.3833 4.813E+00
12.4000 4.822E+00
12.4167 4.836E+00
12.4333 4.847E+00
12.4500 4.858E+00
12.4667 4.869E+00
12.4833 4.879E+00
12.5000 4.890E+00
12.5167 4.900E+00
12.5333 4.910E+00
12.5500 4.917E+00
12.5667 4.928E+00
12.5833 4.937E+00
12.6000 4.946E+00
12.6167 4.954E+00
12.6333 4.962E+00
12.6500 4.970E+00
12.6667 4.978E+00
12.6833 4.984E+00
12.7000 4.992E+00
12.7167 4.999E+00
12.7333 5.005E+00
12.7500 5.010E+00
12.7667 5.017E+00
12.7833 5.023E+00
12.8000 5.029E+00
12.8167 5.034E+00
12.8333 5.038E+00
12.8500 5.043E+00
12.8667 5.047E+00
12.8833 5.051E+00
12.9000 5.055E+00
12.9167 5.058E+00
12.9333 5.061E+00
12.9500 5.064E+00
12.9667 5.067E+00
12.9833 5.069E+00
13.0000 5.071E+00
13.0167 5.073E+00
13.0333 5.074E+00
13.0500 5.075E+00
13.0667 5.076E+00
13.0833 5.077E+00
13.1000 5.077E+00
13.1167 5.077E+00
13.1333 5.077E+00
13.1500 5.076E+00
13.1667 5.075E+00
13.1833 5.074E+00
13.2000 5.073E+00
13.2167 5.071E+00
13.2333 5.069E+00
13.2500 5.067E+00
13.2667 5.064E+00
13.2833 5.061E+00
13.3000 5.058E+00
13.3167 5.055E+00
13.3333 5.051E+00
13.3500 5.047E+00
13.3667 5.043E+00
13.3833 5.038E+00
13.4000 5.033E+00
13.4167 5.028E+00
13.4333 5.023E+00
13.4500 5.017E+00
13.4667 5.010E+00
13.4833 5.005E+00
13.5000 4.999E+00
13.5167 4.992E+00
13.5333 4.984E+00
13.5500 4.977E+00
13.5667 4.970E+00
13.5833 4.962E+00
13.6000 4.954E+00
13.6167 4.945E+00
13.6333 4.937E+00
13.6500 4.928E+00
13.6667 4.917E+00
13.6833 4.909E+00
13.7000 4.899E+00
13.7167 4.889E+00
13.7333 4.879E+00
13.7500 4.868E+00
13.7667 4.858E+00
13.7833 4.847E+00
13.8000 4.835E+00
13.8167 4.822E+00
13.8333 4.812E+00
13.8500 4.800E+00
13.8667 4.788E+00
13.8833 4.775E+00
13.9000 4.762E+00
13.9167 4.749E+00
13.9333 4.736E+00
13.9500 4.723E+00
13.9667 4.709E+00
13.9833 4.695E+00
14.0000 4.680E+00
14.0167 4.666E+00
14.0333 4.651E+00
14.0500 4.636E+00
14.0667 4.621E+00
14.0833 4.606E+00
14.1000 4.590E+00
14.1167 4.574E+00
14.1333 4.558E+00
14.1500 4.542E+00
14.1667 4.525E+00
14.1833 4.509E+00
14.2000 4.491E+00
14.2167 4.475E+00
14.2333 4.457E+00
14.2500 4.440E+00
14.2667 4.422E+00
14.2833 4.404E+00
14.3000 4.386E+00
14.3167 4.368E+00
14.3333 4.349E+00
14.3500 4.329E+00
14.3667 4.311E+00
14.3833 4.292E+00
14.4000 4.273E+00
14.4167 4.254E+00
14.4333 4.234E+00
14.4500 4.214E+00
14.4667 4.194E+00
14.4833 4.173E+00
14.5000 4.153E+00
14.5167 4.133E+00
14.5333 4.112E+00
14.5500 4.091E+00
14.5667 4.070E+00
14.5833 4.049E+00
14.6000 4.028E+00
14.6167 4.006E+00
14.6333 3.985E+00
14.6500 3.963E+00
14.6667 3.941E+00
14.6833 3.919E+00
14.7000 3.897E+00
14.7167 3.875E+00
14.7333 3.852E+00
14.7500 3.828E+00
14.7667 3.806E+00
14.7833 3.784E+00
14.8000 3.761E+00
14.8167 3.738E+00
14.8333 3.715E+00
14.8500 3.691E+00
14.8667 3.668E+00
14.8833 3.645E+00
14.9000 3.621E+00
14.9167 3.597E+00
14.9333 3.573E+00
14.9500 3.549E+00
14.9667 3.525E+00
14.9833 3.501E+00
