11.0000 3.280E+00
11.0167 3.306E+00
11.0333 3.331E+00
11.0500 3.357E+00
11.0667 3.382E+00
11.0833 3.407E+00
11.1000 3.432E+00
11.1167 3.457E+00
11.1333 3.482E+00
11.1500 3.507E+00
11.1667 3.532E+00
11.1833 3.557E+00
11.2000 3.581E+00
11.2167 3.606E+00
11.2333 3.630E+00
11.2500 3.654E+00
11.2667 3.679E+00
11.2833 3.703E+00
11.3000 3.728E+00
11.3167 3.752E+00
11.3333 3.775E+00
11.3500 3.799E+00
11.3667 3.823E+00
11.3833 3.847E+00
11.4000 3.870E+00
11.4167 3.893E+00
11.4333 3.917E+00
11.4500 3.940E+00
11.4667 3.963E+00
11.4833 3.985E+00
11.5000 4.008E+00
11.5167 4.031E+00
11.5333 4.053E+00
11.5500 4.076E+00
11.5667 4.098E+00
11.5833 4.120E+00
11.6000 4.140E+00
11.6167 4.163E+00
11.6333 4.185E+00
11.6500 4.205E+00
11.6667 4.227E+00
11.6833 4.248E+00
11.7000 4.269E+00
11.7167 4.290E+00
11.7333 4.310E+00
11.7500 4.330E+00
11.7667 4.351E+00
11.7833 4.371E+00
11.8000 4.391E+00
11.8167 4.410E+00
11.8333 4.430E+00
11.8500 4.449E+00
11.8667 4.468E+00
11.8833 4.487E+00
11.9000 4.506E+00
11.9167 4.524E+00
11.9333 4.542E+00
11.9500 4.560E+00
11.9667 4.578E+00
11.9833 4.596E+00
12.0000 4.612E+00
12.0167 4.630E+00
12.0333 4.647E+00
12.0500 4.664E+00
12.0667 4.681E+00
12.0833 4.697E+00
12.1000 4.712E+00
12.1167 4.729E+00
12.1333 4.740E+00
12.1500 4.760E+00
12.1667 4.775E+00
12.1833 4.790E+00
12.2000 4.805E+00
12.2167 4.820E+00
12.2333 4.833E+00
12.2500 4.848E+00
12.2667 4.861E+00
12.2833 4.875E+00
12.3000 4.888E+00
12.3167 4.901E+00
12.3333 4.914E+00
12.3500 4.927E+00
12.3667 4.939E+00
12.3833 4.951E+00
12.4000 4.962E+00
12.4167 4.974E+00
12.4333 4.986E+00
12.4500 4.997E+00
12.4667 5.007E+00
12.4833 5.017E+00
12.5000 5.028E+00
12.5167 5.038E+00
12.5333 5.047E+00
12.5500 5.057E+00
12.5667 5.066E+00
12.5833 5.074E+00
12.6000 5.083E+00
12.6167 5.092E+00
12.6333 5.100E+00
12.6500 5.107E+00
12.6667 5.115E+00
12.6833 5.122E+00
12.7000 5.129E+00
12.7167 5.135E+00
12.7333 5.138E+00
12.7500 5.148E+00
12.7667 5.154E+00
12.7833 5.159E+00
12.8000 5.165E+00
12.8167 5.170E+00
12.8333 5.174E+00
12.8500 5.179E+00
12.8667 5.183E+00
12.8833 5.186E+00
12.9000 5.190E+00
12.9167 5.193E+00
12.9333 5.196E+00
12.9500 5.199E+00
12.9667 5.201E+00
12.9833 5.202E+00
13.0000 5.202E+00
13.0167 5.204E+00
13.0333 5.206E+00
13.0500 5.208E+00
13.0667 5.209E+00
13.0833 5.210E+00
13.1000 5.210E+00
13.1167 5.209E+00
13.1333 5.209E+00
13.1500 5.207E+00
13.1667 5.205E+00
13.1833 5.203E+00
13.2000 5.202E+00
13.2167 5.202E+00
13.2333 5.199E+00
13.2500 5.197E+00
13.2667 5.194E+00
13.2833 5.191E+00
13.3000 5.188E+00
13.3167 5.184E+00
13.3333 5.180E+00
13.3500 5.176E+00
13.3667 5.172E+00
13.3833 5.167E+00
13.4000 5.162E+00
13.4167 5.156E+00
13.4333 5.150E+00
13.4500 5.144E+00
13.4667 5.136E+00
13.4833 5.132E+00
13.5000 5.125E+00
13.5167 5.118E+00
13.5333 5.110E+00
13.5500 5.103E+00
13.5667 5.095E+00
13.5833 5.087E+00
13.6000 5.076E+00
13.6167 5.069E+00
13.6333 5.059E+00
13.6500 5.049E+00
13.6667 5.042E+00
13.6833 5.031E+00
13.7000 5.022E+00
13.7167 5.009E+00
13.7333 5.001E+00
13.7500 4.989E+00
13.7667 4.979E+00
13.7833 4.968E+00
13.8000 4.954E+00
13.8167 4.944E+00
13.8333 4.932E+00
13.8500 4.919E+00
13.8667 4.907E+00
13.8833 4.894E+00
13.9000 4.881E+00
13.9167 4.867E+00
13.9333 4.854E+00
13.9500 4.840E+00
13.9667 4.825E+00
13.9833 4.811E+00
14.0000 4.796E+00
14.0167 4.782E+00
14.0333 4.767E+00
14.0500 4.751E+00
14.0667 4.736E+00
14.0833 4.720E+00
14.1000 4.703E+00
14.1167 4.688E+00
14.1333 4.671E+00
14.1500 4.654E+00
14.1667 4.637E+00
14.1833 4.620E+00
14.2000 4.601E+00
14.2167 4.586E+00
14.2333 4.568E+00
14.2500 4.549E+00
14.2667 4.532E+00
14.2833 4.513E+00
14.3000 4.495E+00
14.3167 4.476E+00
14.3333 4.457E+00
14.3500 4.438E+00
14.3667 4.418E+00
14.3833 4.399E+00
14.4000 4.379E+00
14.4167 4.359E+00
14.4333 4.339E+00
14.4500 4.319E+00
14.4667 4.298E+00
14.4833 4.278E+00
14.5000 4.257E+00
14.5167 4.236E+00
14.5333 4.213E+00
14.5500 4.193E+00
14.5667 4.172E+00
14.5833 4.150E+00
14.6000 4.129E+00
14.6167 4.107E+00
14.6333 4.085E+00
14.6500 4.062E+00
14.6667 4.040E+00
14.6833 4.018E+00
14.7000 3.994E+00
14.7167 3.972E+00
14.7333 3.949E+00
14.7500 3.926E+00
14.7667 3.903E+00
14.7833 3.880E+00
14.8000 3.856E+00
14.8167 3.832E+00
14.8333 3.809E+00
14.8500 3.785E+00
14.8667 3.762E+00
14.8833 3.737E+00
14.9000 3.713E+00
14.9167 3.688E+00
14.9333 3.665E+00
14.9500 3.640E+00
14.9667 3.616E+00
14.9833 3.591E+00
