11.0000 3.528E+00
11.0167 3.554E+00
11.0333 3.580E+00
11.0500 3.606E+00
11.0667 3.631E+00
11.0833 3.657E+00
11.1000 3.682E+00
11.1167 3.708E+00
11.1333 3.733E+00
11.1500 3.757E+00
11.1667 3.783E+00
11.1833 3.809E+00
11.2000 3.834E+00
11.2167 3.859E+00
11.2333 3.884E+00
11.2500 3.906E+00
11.2667 3.932E+00
11.2833 3.957E+00
11.3000 3.982E+00
11.3167 4.003E+00
11.3333 4.030E+00
11.3500 4.054E+00
11.3667 4.077E+00
11.3833 4.102E+00
11.4000 4.125E+00
11.4167 4.149E+00
11.4333 4.172E+00
11.4500 4.195E+00
11.4667 4.218E+00
11.4833 4.241E+00
11.5000 4.262E+00
11.5167 4.287E+00
11.5333 4.308E+00
11.5500 4.332E+00
11.5667 4.353E+00
11.5833 4.376E+00
11.6000 4.398E+00
11.6167 4.420E+00
11.6333 4.441E+00
11.6500 4.462E+00
11.6667 4.484E+00
11.6833 4.505E+00
11.7000 4.525E+00
11.7167 4.546E+00
11.7333 4.567E+00
11.7500 4.587E+00
11.7667 4.605E+00
11.7833 4.627E+00
11.8000 4.647E+00
11.8167 4.666E+00
11.8333 4.684E+00
11.8500 4.705E+00
11.8667 4.724E+00
11.8833 4.741E+00
11.9000 4.761E+00
11.9167 4.779E+00
11.9333 4.795E+00
11.9500 4.812E+00
11.9667 4.831E+00
11.9833 4.850E+00
12.0000 4.867E+00
12.0167 4.884E+00
12.0333 4.898E+00
12.0500 4.918E+00
12.0667 4.934E+00
12.0833 4.950E+00
12.1000 4.966E+00
12.1167 4.981E+00
12.1333 4.997E+00
12.1500 5.012E+00
12.1667 5.027E+00
12.1833 5.042E+00
12.2000 5.054E+00
12.2167 5.068E+00
12.2333 5.084E+00
12.2500 5.098E+00
12.2667 5.111E+00
12.2833 5.124E+00
12.3000 5.137E+00
12.3167 5.149E+00
12.3333 5.162E+00
12.3500 5.175E+00
12.3667 5.186E+00
12.3833 5.197E+00
12.4000 5.208E+00
12.4167 5.217E+00
12.4333 5.231E+00
12.4500 5.242E+00
12.4667 5.252E+00
12.4833 5.262E+00
12.5000 5.272E+00
12.5167 5.281E+00
12.5333 5.290E+00
12.5500 5.300E+00
12.5667 5.308E+00
12.5833 5.317E+00
12.6000 5.325E+00
12.6167 5.333E+00
12.6333 5.340E+00
12.6500 5.346E+00
12.6667 5.354E+00
12.6833 5.360E+00
12.7000 5.367E+00
12.7167 5.374E+00
12.7333 5.379E+00
12.7500 5.385E+00
12.7667 5.390E+00
12.7833 5.391E+00
12.8000 5.400E+00
12.8167 5.404E+00
12.8333 5.408E+00
12.8500 5.412E+00
12.8667 5.416E+00
12.8833 5.419E+00
12.9000 5.422E+00
12.9167 5.425E+00
12.9333 5.427E+00
12.9500 5.427E+00
12.9667 5.427E+00
12.9833 5.430E+00
13.0000 5.433E+00
13.0167 5.435E+00
13.0333 5.435E+00
13.0500 5.435E+00
13.0667 5.435E+00
13.0833 5.435E+00
13.1000 5.435E+00
13.1167 5.433E+00
13.1333 5.431E+00
13.1500 5.428E+00
13.1667 5.427E+00
13.1833 5.427E+00
13.2000 5.426E+00
13.2167 5.423E+00
13.2333 5.420E+00
13.2500 5.417E+00
13.2667 5.414E+00
13.2833 5.410E+00
13.3000 5.406E+00
13.3167 5.401E+00
13.3333 5.394E+00
13.3500 5.391E+00
13.3667 5.387E+00
13.3833 5.381E+00
13.4000 5.375E+00
13.4167 5.369E+00
13.4333 5.363E+00
13.4500 5.356E+00
13.4667 5.347E+00
13.4833 5.342E+00
13.5000 5.335E+00
13.5167 5.327E+00
13.5333 5.319E+00
13.5500 5.311E+00
13.5667 5.302E+00
13.5833 5.292E+00
13.6000 5.284E+00
13.6167 5.275E+00
13.6333 5.265E+00
13.6500 5.255E+00
13.6667 5.245E+00
13.6833 5.235E+00
13.7000 5.223E+00
13.7167 5.212E+00
13.7333 5.201E+00
13.7500 5.188E+00
13.7667 5.178E+00
13.7833 5.165E+00
13.8000 5.154E+00
13.8167 5.141E+00
13.8333 5.129E+00
13.8500 5.116E+00
13.8667 5.102E+00
13.8833 5.088E+00
13.9000 5.075E+00
13.9167 5.060E+00
13.9333 5.046E+00
13.9500 5.032E+00
13.9667 5.017E+00
13.9833 5.002E+00
14.0000 4.986E+00
14.0167 4.971E+00
14.0333 4.955E+00
14.0500 4.939E+00
14.0667 4.923E+00
14.0833 4.906E+00
14.1000 4.890E+00
14.1167 4.873E+00
14.1333 4.856E+00
14.1500 4.838E+00
14.1667 4.821E+00
14.1833 4.802E+00
14.2000 4.785E+00
14.2167 4.767E+00
14.2333 4.748E+00
14.2500 4.730E+00
14.2667 4.711E+00
14.2833 4.692E+00
14.3000 4.672E+00
14.3167 4.653E+00
14.3333 4.633E+00
14.3500 4.613E+00
14.3667 4.593E+00
14.3833 4.573E+00
14.4000 4.553E+00
14.4167 4.532E+00
14.4333 4.511E+00
14.4500 4.490E+00
14.4667 4.469E+00
14.4833 4.448E+00
14.5000 4.427E+00
14.5167 4.405E+00
14.5333 4.383E+00
14.5500 4.361E+00
14.5667 4.339E+00
14.5833 4.316E+00
14.6000 4.294E+00
14.6167 4.270E+00
14.6333 4.249E+00
14.6500 4.225E+00
14.6667 4.203E+00
14.6833 4.180E+00
14.7000 4.156E+00
14.7167 4.133E+00
14.7333 4.109E+00
14.7500 4.086E+00
14.7667 4.062E+00
14.7833 4.038E+00
14.8000 4.014E+00
14.8167 3.989E+00
14.8333 3.965E+00
14.8500 3.941E+00
14.8667 3.915E+00
14.8833 3.892E+00
14.9000 3.867E+00
14.9167 3.842E+00
14.9333 3.817E+00
14.9500 3.792E+00
14.9667 3.767E+00
14.9833 3.741E+00
