11.0000 3.696E+00
11.0167 3.723E+00
11.0333 3.751E+00
11.0500 3.779E+00
11.0667 3.807E+00
11.0833 3.835E+00
11.1000 3.862E+00
11.1167 3.890E+00
11.1333 3.917E+00
11.1500 3.945E+00
11.1667 3.972E+00
11.1833 3.999E+00
11.2000 4.026E+00
11.2167 4.052E+00
11.2333 4.080E+00
11.2500 4.107E+00
11.2667 4.133E+00
11.2833 4.160E+00
11.3000 4.186E+00
11.3167 4.212E+00
11.3333 4.239E+00
11.3500 4.264E+00
11.3667 4.290E+00
11.3833 4.316E+00
11.4000 4.342E+00
11.4167 4.368E+00
11.4333 4.393E+00
11.4500 4.418E+00
11.4667 4.443E+00
11.4833 4.468E+00
11.5000 4.493E+00
11.5167 4.518E+00
11.5333 4.542E+00
11.5500 4.566E+00
11.5667 4.588E+00
11.5833 4.614E+00
11.6000 4.638E+00
11.6167 4.662E+00
11.6333 4.685E+00
11.6500 4.708E+00
11.6667 4.731E+00
11.6833 4.754E+00
11.7000 4.777E+00
11.7167 4.800E+00
11.7333 4.820E+00
11.7500 4.843E+00
11.7667 4.866E+00
11.7833 4.886E+00
11.8000 4.909E+00
11.8167 4.930E+00
11.8333 4.951E+00
11.8500 4.972E+00
11.8667 4.993E+00
11.8833 5.013E+00
11.9000 5.034E+00
11.9167 5.054E+00
11.9333 5.073E+00
11.9500 5.093E+00
11.9667 5.112E+00
11.9833 5.131E+00
12.0000 5.150E+00
12.0167 5.169E+00
12.0333 5.187E+00
12.0500 5.205E+00
12.0667 5.223E+00
12.0833 5.241E+00
12.1000 5.258E+00
12.1167 5.274E+00
12.1333 5.292E+00
12.1500 5.306E+00
12.1667 5.325E+00
12.1833 5.341E+00
12.2000 5.357E+00
12.2167 5.371E+00
12.2333 5.384E+00
12.2500 5.400E+00
12.2667 5.418E+00
12.2833 5.432E+00
12.3000 5.446E+00
12.3167 5.460E+00
12.3333 5.472E+00
12.3500 5.488E+00
12.3667 5.501E+00
12.3833 5.514E+00
12.4000 5.526E+00
12.4167 5.538E+00
12.4333 5.550E+00
12.4500 5.561E+00
12.4667 5.573E+00
12.4833 5.582E+00
12.5000 5.595E+00
12.5167 5.606E+00
12.5333 5.616E+00
12.5500 5.626E+00
12.5667 5.636E+00
12.5833 5.645E+00
12.6000 5.654E+00
12.6167 5.663E+00
12.6333 5.669E+00
12.6500 5.680E+00
12.6667 5.687E+00
12.6833 5.695E+00
12.7000 5.702E+00
12.7167 5.708E+00
12.7333 5.716E+00
12.7500 5.722E+00
12.7667 5.728E+00
12.7833 5.733E+00
12.8000 5.739E+00
12.8167 5.742E+00
12.8333 5.748E+00
12.8500 5.753E+00
12.8667 5.757E+00
12.8833 5.761E+00
12.9000 5.765E+00
12.9167 5.768E+00
12.9333 5.771E+00
12.9500 5.773E+00
12.9667 5.775E+00
12.9833 5.777E+00
13.0000 5.779E+00
13.0167 5.780E+00
13.0333 5.781E+00
13.0500 5.782E+00
13.0667 5.782E+00
13.0833 5.783E+00
13.1000 5.782E+00
13.1167 5.782E+00
13.1333 5.780E+00
13.1500 5.779E+00
13.1667 5.778E+00
13.1833 5.776E+00
13.2000 5.773E+00
13.2167 5.771E+00
13.2333 5.768E+00
13.2500 5.765E+00
13.2667 5.762E+00
13.2833 5.758E+00
13.3000 5.754E+00
13.3167 5.749E+00
13.3333 5.742E+00
13.3500 5.740E+00
13.3667 5.734E+00
13.3833 5.729E+00
13.4000 5.723E+00
13.4167 5.717E+00
13.4333 5.708E+00
13.4500 5.703E+00
13.4667 5.696E+00
13.4833 5.689E+00
13.5000 5.681E+00
13.5167 5.671E+00
13.5333 5.664E+00
13.5500 5.656E+00
13.5667 5.647E+00
13.5833 5.637E+00
13.6000 5.628E+00
13.6167 5.618E+00
13.6333 5.607E+00
13.6500 5.597E+00
13.6667 5.583E+00
13.6833 5.575E+00
13.7000 5.561E+00
13.7167 5.551E+00
13.7333 5.540E+00
13.7500 5.528E+00
13.7667 5.515E+00
13.7833 5.503E+00
13.8000 5.489E+00
13.8167 5.476E+00
13.8333 5.463E+00
13.8500 5.449E+00
13.8667 5.434E+00
13.8833 5.420E+00
13.9000 5.404E+00
13.9167 5.389E+00
13.9333 5.373E+00
13.9500 5.359E+00
13.9667 5.344E+00
13.9833 5.326E+00
14.0000 5.310E+00
14.0167 5.295E+00
14.0333 5.276E+00
14.0500 5.261E+00
14.0667 5.243E+00
14.0833 5.226E+00
14.1000 5.208E+00
14.1167 5.190E+00
14.1333 5.172E+00
14.1500 5.153E+00
14.1667 5.134E+00
14.1833 5.115E+00
14.2000 5.095E+00
14.2167 5.076E+00
14.2333 5.057E+00
14.2500 5.037E+00
14.2667 5.016E+00
14.2833 4.995E+00
14.3000 4.976E+00
14.3167 4.954E+00
14.3333 4.933E+00
14.3500 4.912E+00
14.3667 4.891E+00
14.3833 4.869E+00
14.4000 4.847E+00
14.4167 4.823E+00
14.4333 4.803E+00
14.4500 4.780E+00
14.4667 4.758E+00
14.4833 4.735E+00
14.5000 4.712E+00
14.5167 4.688E+00
14.5333 4.665E+00
14.5500 4.642E+00
14.5667 4.618E+00
14.5833 4.594E+00
14.6000 4.566E+00
14.6167 4.545E+00
14.6333 4.521E+00
14.6500 4.496E+00
14.6667 4.472E+00
14.6833 4.446E+00
14.7000 4.422E+00
14.7167 4.397E+00
14.7333 4.371E+00
14.7500 4.345E+00
14.7667 4.320E+00
14.7833 4.295E+00
14.8000 4.269E+00
14.8167 4.243E+00
14.8333 4.216E+00
14.8500 4.190E+00
14.8667 4.164E+00
14.8833 4.137E+00
14.9000 4.111E+00
14.9167 4.084E+00
14.9333 4.057E+00
14.9500 4.030E+00
14.9667 4.003E+00
14.9833 3.976E+00
