11.0000 2.429E+00
11.0167 2.450E+00
11.0333 2.470E+00
11.0500 2.491E+00
11.0667 2.511E+00
11.0833 2.532E+00
11.1000 2.552E+00
11.1167 2.573E+00
11.1333 2.593E+00
11.1500 2.613E+00
11.1667 2.633E+00
11.1833 2.654E+00
11.2000 2.674E+00
11.2167 2.694E+00
11.2333 2.714E+00
11.2500 2.734E+00
11.2667 2.754E+00
11.2833 2.774E+00
11.3000 2.794E+00
11.3167 2.813E+00
11.3333 2.833E+00
11.3500 2.853E+00
11.3667 2.872E+00
11.3833 2.891E+00
11.4000 2.911E+00
11.4167 2.930E+00
11.4333 2.949E+00
11.4500 2.968E+00
11.4667 2.987E+00
11.4833 3.006E+00
11.5000 3.025E+00
11.5167 3.044E+00
11.5333 3.062E+00
11.5500 3.081E+00
11.5667 3.099E+00
11.5833 3.117E+00
11.6000 3.136E+00
11.6167 3.153E+00
11.6333 3.172E+00
11.6500 3.189E+00
11.6667 3.207E+00
11.6833 3.225E+00
11.7000 3.242E+00
11.7167 3.259E+00
11.7333 3.276E+00
11.7500 3.293E+00
11.7667 3.311E+00
11.7833 3.327E+00
11.8000 3.344E+00
11.8167 3.360E+00
11.8333 3.377E+00
11.8500 3.393E+00
11.8667 3.409E+00
11.8833 3.425E+00
11.9000 3.440E+00
11.9167 3.456E+00
11.9333 3.472E+00
11.9500 3.487E+00
11.9667 3.502E+00
11.9833 3.517E+00
12.0000 3.532E+00
12.0167 3.547E+00
12.0333 3.561E+00
12.0500 3.575E+00
12.0667 3.590E+00
12.0833 3.604E+00
12.1000 3.617E+00
12.1167 3.631E+00
12.1333 3.644E+00
12.1500 3.658E+00
12.1667 3.670E+00
12.1833 3.684E+00
12.2000 3.696E+00
12.2167 3.708E+00
12.2333 3.720E+00
12.2500 3.733E+00
12.2667 3.745E+00
12.2833 3.757E+00
12.3000 3.768E+00
12.3167 3.779E+00
12.3333 3.789E+00
12.3500 3.802E+00
12.3667 3.813E+00
12.3833 3.823E+00
12.4000 3.833E+00
12.4167 3.842E+00
12.4333 3.853E+00
12.4500 3.863E+00
12.4667 3.872E+00
12.4833 3.880E+00
12.5000 3.891E+00
12.5167 3.899E+00
12.5333 3.908E+00
12.5500 3.917E+00
12.5667 3.925E+00
12.5833 3.933E+00
12.6000 3.940E+00
12.6167 3.948E+00
12.6333 3.956E+00
12.6500 3.963E+00
12.6667 3.969E+00
12.6833 3.976E+00
12.7000 3.982E+00
12.7167 3.989E+00
12.7333 3.995E+00
12.7500 4.000E+00
12.7667 4.006E+00
12.7833 4.010E+00
12.8000 4.015E+00
12.8167 4.021E+00
12.8333 4.026E+00
12.8500 4.030E+00
12.8667 4.034E+00
12.8833 4.037E+00
12.9000 4.042E+00
12.9167 4.045E+00
12.9333 4.048E+00
12.9500 4.051E+00
12.9667 4.054E+00
12.9833 4.056E+00
13.0000 4.058E+00
13.0167 4.060E+00
13.0333 4.062E+00
13.0500 4.064E+00
13.0667 4.065E+00
13.0833 4.066E+00
13.1000 4.067E+00
13.1167 4.067E+00
13.1333 4.068E+00
13.1500 4.068E+00
13.1667 4.067E+00
13.1833 4.067E+00
13.2000 4.067E+00
13.2167 4.066E+00
13.2333 4.064E+00
13.2500 4.063E+00
13.2667 4.061E+00
13.2833 4.060E+00
13.3000 4.058E+00
13.3167 4.055E+00
13.3333 4.053E+00
13.3500 4.050E+00
13.3667 4.047E+00
13.3833 4.044E+00
13.4000 4.040E+00
13.4167 4.035E+00
13.4333 4.033E+00
13.4500 4.028E+00
13.4667 4.024E+00
13.4833 4.019E+00
13.5000 4.014E+00
13.5167 4.009E+00
13.5333 4.004E+00
13.5500 3.999E+00
13.5667 3.993E+00
13.5833 3.987E+00
13.6000 3.980E+00
13.6167 3.974E+00
13.6333 3.967E+00
13.6500 3.960E+00
13.6667 3.953E+00
13.6833 3.946E+00
13.7000 3.938E+00
13.7167 3.930E+00
13.7333 3.922E+00
13.7500 3.914E+00
13.7667 3.906E+00
13.7833 3.897E+00
13.8000 3.888E+00
13.8167 3.879E+00
13.8333 3.868E+00
13.8500 3.860E+00
13.8667 3.850E+00
13.8833 3.840E+00
13.9000 3.830E+00
13.9167 3.819E+00
13.9333 3.809E+00
13.9500 3.798E+00
13.9667 3.787E+00
13.9833 3.776E+00
14.0000 3.764E+00
14.0167 3.753E+00
14.0333 3.741E+00
14.0500 3.729E+00
14.0667 3.716E+00
14.0833 3.705E+00
14.1000 3.692E+00
14.1167 3.679E+00
14.1333 3.666E+00
14.1500 3.653E+00
14.1667 3.640E+00
14.1833 3.626E+00
14.2000 3.613E+00
14.2167 3.598E+00
14.2333 3.585E+00
14.2500 3.571E+00
14.2667 3.556E+00
14.2833 3.542E+00
14.3000 3.527E+00
14.3167 3.512E+00
14.3333 3.497E+00
14.3500 3.482E+00
14.3667 3.467E+00
14.3833 3.451E+00
14.4000 3.435E+00
14.4167 3.420E+00
14.4333 3.404E+00
14.4500 3.388E+00
14.4667 3.371E+00
14.4833 3.355E+00
14.5000 3.338E+00
14.5167 3.322E+00
14.5333 3.305E+00
14.5500 3.288E+00
14.5667 3.271E+00
14.5833 3.254E+00
14.6000 3.236E+00
14.6167 3.219E+00
14.6333 3.201E+00
14.6500 3.183E+00
14.6667 3.165E+00
14.6833 3.148E+00
14.7000 3.129E+00
14.7167 3.111E+00
14.7333 3.093E+00
14.7500 3.074E+00
14.7667 3.056E+00
14.7833 3.037E+00
14.8000 3.019E+00
14.8167 3.000E+00
14.8333 2.981E+00
14.8500 2.962E+00
14.8667 2.943E+00
14.8833 2.924E+00
14.9000 2.904E+00
14.9167 2.885E+00
14.9333 2.865E+00
14.9500 2.846E+00
14.9667 2.826E+00
14.9833 2.807E+00
