11.0000 3.824E+00
11.0167 3.853E+00
11.0333 3.881E+00
11.0500 3.912E+00
11.0667 3.941E+00
11.0833 3.970E+00
11.1000 3.999E+00
11.1167 4.029E+00
11.1333 4.057E+00
11.1500 4.086E+00
11.1667 4.115E+00
11.1833 4.144E+00
11.2000 4.172E+00
11.2167 4.201E+00
11.2333 4.227E+00
11.2500 4.257E+00
11.2667 4.286E+00
11.2833 4.314E+00
11.3000 4.341E+00
11.3167 4.370E+00
11.3333 4.397E+00
11.3500 4.425E+00
11.3667 4.452E+00
11.3833 4.479E+00
11.4000 4.506E+00
11.4167 4.533E+00
11.4333 4.560E+00
11.4500 4.587E+00
11.4667 4.612E+00
11.4833 4.640E+00
11.5000 4.665E+00
11.5167 4.692E+00
11.5333 4.718E+00
11.5500 4.744E+00
11.5667 4.769E+00
11.5833 4.795E+00
11.6000 4.820E+00
11.6167 4.845E+00
11.6333 4.870E+00
11.6500 4.894E+00
11.6667 4.919E+00
11.6833 4.943E+00
11.7000 4.967E+00
11.7167 4.990E+00
11.7333 5.015E+00
11.7500 5.038E+00
11.7667 5.062E+00
11.7833 5.085E+00
11.8000 5.108E+00
11.8167 5.130E+00
11.8333 5.153E+00
11.8500 5.175E+00
11.8667 5.197E+00
11.8833 5.217E+00
11.9000 5.240E+00
11.9167 5.261E+00
11.9333 5.282E+00
11.9500 5.303E+00
11.9667 5.324E+00
11.9833 5.344E+00
12.0000 5.364E+00
12.0167 5.380E+00
12.0333 5.403E+00
12.0500 5.423E+00
12.0667 5.442E+00
12.0833 5.460E+00
12.1000 5.479E+00
12.1167 5.497E+00
12.1333 5.513E+00
12.1500 5.533E+00
12.1667 5.550E+00
12.1833 5.568E+00
12.2000 5.584E+00
12.2167 5.601E+00
12.2333 5.617E+00
12.2500 5.634E+00
12.2667 5.649E+00
12.2833 5.665E+00
12.3000 5.680E+00
12.3167 5.695E+00
12.3333 5.710E+00
12.3500 5.724E+00
12.3667 5.738E+00
12.3833 5.751E+00
12.4000 5.765E+00
12.4167 5.778E+00
12.4333 5.791E+00
12.4500 5.804E+00
12.4667 5.816E+00
12.4833 5.828E+00
12.5000 5.838E+00
12.5167 5.851E+00
12.5333 5.862E+00
12.5500 5.871E+00
12.5667 5.883E+00
12.5833 5.893E+00
12.6000 5.902E+00
12.6167 5.912E+00
12.6333 5.921E+00
12.6500 5.930E+00
12.6667 5.938E+00
12.6833 5.944E+00
12.7000 5.954E+00
12.7167 5.958E+00
12.7333 5.969E+00
12.7500 5.976E+00
12.7667 5.981E+00
12.7833 5.989E+00
12.8000 5.995E+00
12.8167 6.000E+00
12.8333 6.005E+00
12.8500 6.010E+00
12.8667 6.015E+00
12.8833 6.019E+00
12.9000 6.023E+00
12.9167 6.027E+00
12.9333 6.030E+00
12.9500 6.033E+00
12.9667 6.035E+00
12.9833 6.037E+00
13.0000 6.039E+00
13.0167 6.041E+00
13.0333 6.042E+00
13.0500 6.043E+00
13.0667 6.043E+00
13.0833 6.044E+00
13.1000 6.044E+00
13.1167 6.043E+00
13.1333 6.042E+00
13.1500 6.041E+00
13.1667 6.040E+00
13.1833 6.038E+00
13.2000 6.036E+00
13.2167 6.034E+00
13.2333 6.031E+00
13.2500 6.027E+00
13.2667 6.024E+00
13.2833 6.020E+00
13.3000 6.016E+00
13.3167 6.012E+00
13.3333 6.007E+00
13.3500 6.002E+00
13.3667 5.997E+00
13.3833 5.991E+00
13.4000 5.984E+00
13.4167 5.976E+00
13.4333 5.971E+00
13.4500 5.961E+00
13.4667 5.957E+00
13.4833 5.948E+00
13.5000 5.941E+00
13.5167 5.933E+00
13.5333 5.924E+00
13.5500 5.915E+00
13.5667 5.906E+00
13.5833 5.892E+00
13.6000 5.886E+00
13.6167 5.876E+00
13.6333 5.865E+00
13.6500 5.854E+00
13.6667 5.843E+00
13.6833 5.831E+00
13.7000 5.820E+00
13.7167 5.807E+00
13.7333 5.795E+00
13.7500 5.782E+00
13.7667 5.769E+00
13.7833 5.756E+00
13.8000 5.741E+00
13.8167 5.728E+00
13.8333 5.714E+00
13.8500 5.699E+00
13.8667 5.685E+00
13.8833 5.669E+00
13.9000 5.654E+00
13.9167 5.638E+00
13.9333 5.622E+00
13.9500 5.606E+00
13.9667 5.590E+00
13.9833 5.573E+00
14.0000 5.556E+00
14.0167 5.538E+00
14.0333 5.517E+00
14.0500 5.503E+00
14.0667 5.485E+00
14.0833 5.465E+00
14.1000 5.446E+00
14.1167 5.429E+00
14.1333 5.409E+00
14.1500 5.389E+00
14.1667 5.370E+00
14.1833 5.349E+00
14.2000 5.328E+00
14.2167 5.308E+00
14.2333 5.289E+00
14.2500 5.268E+00
14.2667 5.246E+00
14.2833 5.225E+00
14.3000 5.204E+00
14.3167 5.182E+00
14.3333 5.159E+00
14.3500 5.137E+00
14.3667 5.114E+00
14.3833 5.092E+00
14.4000 5.069E+00
14.4167 5.046E+00
14.4333 5.021E+00
14.4500 4.999E+00
14.4667 4.975E+00
14.4833 4.950E+00
14.5000 4.927E+00
14.5167 4.902E+00
14.5333 4.877E+00
14.5500 4.853E+00
14.5667 4.828E+00
14.5833 4.802E+00
14.6000 4.777E+00
14.6167 4.752E+00
14.6333 4.726E+00
14.6500 4.700E+00
14.6667 4.674E+00
14.6833 4.648E+00
14.7000 4.622E+00
14.7167 4.595E+00
14.7333 4.567E+00
14.7500 4.542E+00
14.7667 4.515E+00
14.7833 4.488E+00
14.8000 4.461E+00
14.8167 4.433E+00
14.8333 4.406E+00
14.8500 4.378E+00
14.8667 4.350E+00
14.8833 4.322E+00
14.9000 4.294E+00
14.9167 4.266E+00
14.9333 4.238E+00
14.9500 4.210E+00
14.9667 4.181E+00
14.9833 4.153E+00
