11.0000 4.821E+00
11.0167 4.853E+00
11.0333 4.887E+00
11.0500 4.919E+00
11.0667 4.951E+00
11.0833 4.983E+00
11.1000 5.014E+00
11.1167 5.047E+00
11.1333 5.078E+00
11.1500 5.109E+00
11.1667 5.141E+00
11.1833 5.172E+00
11.2000 5.203E+00
11.2167 5.234E+00
11.2333 5.265E+00
11.2500 5.295E+00
11.2667 5.326E+00
11.2833 5.356E+00
11.3000 5.386E+00
11.3167 5.416E+00
11.3333 5.446E+00
11.3500 5.475E+00
11.3667 5.504E+00
11.3833 5.534E+00
11.4000 5.563E+00
11.4167 5.592E+00
11.4333 5.621E+00
11.4500 5.649E+00
11.4667 5.678E+00
11.4833 5.706E+00
11.5000 5.734E+00
11.5167 5.761E+00
11.5333 5.789E+00
11.5500 5.815E+00
11.5667 5.843E+00
11.5833 5.870E+00
11.6000 5.897E+00
11.6167 5.922E+00
11.6333 5.948E+00
11.6500 5.974E+00
11.6667 6.001E+00
11.6833 6.026E+00
11.7000 6.052E+00
11.7167 6.077E+00
11.7333 6.100E+00
11.7500 6.126E+00
11.7667 6.150E+00
11.7833 6.172E+00
11.8000 6.198E+00
11.8167 6.221E+00
11.8333 6.244E+00
11.8500 6.266E+00
11.8667 6.290E+00
11.8833 6.312E+00
11.9000 6.334E+00
11.9167 6.356E+00
11.9333 6.378E+00
11.9500 6.399E+00
11.9667 6.420E+00
11.9833 6.441E+00
12.0000 6.461E+00
12.0167 6.481E+00
12.0333 6.501E+00
12.0500 6.521E+00
12.0667 6.540E+00
12.0833 6.556E+00
12.1000 6.577E+00
12.1167 6.596E+00
12.1333 6.614E+00
12.1500 6.632E+00
12.1667 6.649E+00
12.1833 6.666E+00
12.2000 6.683E+00
12.2167 6.699E+00
12.2333 6.715E+00
12.2500 6.731E+00
12.2667 6.747E+00
12.2833 6.762E+00
12.3000 6.776E+00
12.3167 6.789E+00
12.3333 6.806E+00
12.3500 6.819E+00
12.3667 6.833E+00
12.3833 6.846E+00
12.4000 6.858E+00
12.4167 6.866E+00
12.4333 6.883E+00
12.4500 6.895E+00
12.4667 6.907E+00
12.4833 6.916E+00
12.5000 6.925E+00
12.5167 6.935E+00
12.5333 6.949E+00
12.5500 6.959E+00
12.5667 6.965E+00
12.5833 6.977E+00
12.6000 6.986E+00
12.6167 6.988E+00
12.6333 7.003E+00
12.6500 7.010E+00
12.6667 7.017E+00
12.6833 7.024E+00
12.7000 7.031E+00
12.7167 7.037E+00
12.7333 7.043E+00
12.7500 7.048E+00
12.7667 7.053E+00
12.7833 7.058E+00
12.8000 7.063E+00
12.8167 7.067E+00
12.8333 7.070E+00
12.8500 7.074E+00
12.8667 7.077E+00
12.8833 7.079E+00
12.9000 7.082E+00
12.9167 7.084E+00
12.9333 7.085E+00
12.9500 7.086E+00
12.9667 7.087E+00
12.9833 7.087E+00
13.0000 7.087E+00
13.0167 7.087E+00
13.0333 7.086E+00
13.0500 7.085E+00
13.0667 7.084E+00
13.0833 7.082E+00
13.1000 7.080E+00
13.1167 7.077E+00
13.1333 7.074E+00
13.1500 7.071E+00
13.1667 7.067E+00
13.1833 7.064E+00
13.2000 7.059E+00
13.2167 7.055E+00
13.2333 7.050E+00
13.2500 7.044E+00
13.2667 7.039E+00
13.2833 7.032E+00
13.3000 7.026E+00
13.3167 7.019E+00
13.3333 7.012E+00
13.3500 7.004E+00
13.3667 6.992E+00
13.3833 6.987E+00
13.4000 6.979E+00
13.4167 6.967E+00
13.4333 6.961E+00
13.4500 6.951E+00
13.4667 6.938E+00
13.4833 6.927E+00
13.5000 6.919E+00
13.5167 6.909E+00
13.5333 6.898E+00
13.5500 6.885E+00
13.5667 6.870E+00
13.5833 6.861E+00
13.6000 6.849E+00
13.6167 6.836E+00
13.6333 6.822E+00
13.6500 6.809E+00
13.6667 6.794E+00
13.6833 6.780E+00
13.7000 6.765E+00
13.7167 6.750E+00
13.7333 6.735E+00
13.7500 6.715E+00
13.7667 6.702E+00
13.7833 6.686E+00
13.8000 6.670E+00
13.8167 6.652E+00
13.8333 6.636E+00
13.8500 6.618E+00
13.8667 6.600E+00
13.8833 6.582E+00
13.9000 6.563E+00
13.9167 6.544E+00
13.9333 6.525E+00
13.9500 6.506E+00
13.9667 6.486E+00
13.9833 6.466E+00
14.0000 6.445E+00
14.0167 6.425E+00
14.0333 6.404E+00
14.0500 6.383E+00
14.0667 6.361E+00
14.0833 6.339E+00
14.1000 6.317E+00
14.1167 6.295E+00
14.1333 6.270E+00
14.1500 6.250E+00
14.1667 6.223E+00
14.1833 6.203E+00
14.2000 6.179E+00
14.2167 6.155E+00
14.2333 6.131E+00
14.2500 6.106E+00
14.2667 6.082E+00
14.2833 6.057E+00
14.3000 6.032E+00
14.3167 6.005E+00
14.3333 5.980E+00
14.3500 5.955E+00
14.3667 5.927E+00
14.3833 5.903E+00
14.4000 5.876E+00
14.4167 5.849E+00
14.4333 5.822E+00
14.4500 5.795E+00
14.4667 5.768E+00
14.4833 5.740E+00
14.5000 5.712E+00
14.5167 5.684E+00
14.5333 5.656E+00
14.5500 5.625E+00
14.5667 5.599E+00
14.5833 5.570E+00
14.6000 5.538E+00
14.6167 5.512E+00
14.6333 5.482E+00
14.6500 5.453E+00
14.6667 5.423E+00
14.6833 5.393E+00
14.7000 5.361E+00
14.7167 5.331E+00
14.7333 5.302E+00
14.7500 5.271E+00
14.7667 5.241E+00
14.7833 5.210E+00
14.8000 5.179E+00
14.8167 5.148E+00
14.8333 5.117E+00
14.8500 5.085E+00
14.8667 5.054E+00
14.8833 5.022E+00
14.9000 4.990E+00
14.9167 4.958E+00
14.9333 4.926E+00
14.9500 4.894E+00
14.9667 4.860E+00
14.9833 4.829E+00
