11.0000 6.321E+00
11.0167 6.359E+00
11.0333 6.394E+00
11.0500 6.434E+00
11.0667 6.471E+00
11.0833 6.508E+00
11.1000 6.543E+00
11.1167 6.580E+00
11.1333 6.618E+00
11.1500 6.654E+00
11.1667 6.690E+00
11.1833 6.726E+00
11.2000 6.762E+00
11.2167 6.798E+00
11.2333 6.833E+00
11.2500 6.868E+00
11.2667 6.903E+00
11.2833 6.937E+00
11.3000 6.972E+00
11.3167 7.006E+00
11.3333 7.040E+00
11.3500 7.074E+00
11.3667 7.107E+00
11.3833 7.139E+00
11.4000 7.174E+00
11.4167 7.207E+00
11.4333 7.238E+00
11.4500 7.271E+00
11.4667 7.301E+00
11.4833 7.334E+00
11.5000 7.367E+00
11.5167 7.398E+00
11.5333 7.429E+00
11.5500 7.459E+00
11.5667 7.490E+00
11.5833 7.520E+00
11.6000 7.550E+00
11.6167 7.575E+00
11.6333 7.608E+00
11.6500 7.637E+00
11.6667 7.666E+00
11.6833 7.694E+00
11.7000 7.722E+00
11.7167 7.748E+00
11.7333 7.777E+00
11.7500 7.804E+00
11.7667 7.831E+00
11.7833 7.858E+00
11.8000 7.884E+00
11.8167 7.910E+00
11.8333 7.935E+00
11.8500 7.956E+00
11.8667 7.985E+00
11.8833 8.010E+00
11.9000 8.027E+00
11.9167 8.057E+00
11.9333 8.081E+00
11.9500 8.104E+00
11.9667 8.127E+00
11.9833 8.149E+00
12.0000 8.171E+00
12.0167 8.193E+00
12.0333 8.214E+00
12.0500 8.235E+00
12.0667 8.256E+00
12.0833 8.276E+00
12.1000 8.291E+00
12.1167 8.315E+00
12.1333 8.331E+00
12.1500 8.350E+00
12.1667 8.371E+00
12.1833 8.390E+00
12.2000 8.406E+00
12.2167 8.424E+00
12.2333 8.440E+00
12.2500 8.458E+00
12.2667 8.470E+00
12.2833 8.489E+00
12.3000 8.505E+00
12.3167 8.518E+00
12.3333 8.534E+00
12.3500 8.548E+00
12.3667 8.559E+00
12.3833 8.570E+00
12.4000 8.581E+00
12.4167 8.599E+00
12.4333 8.613E+00
12.4500 8.624E+00
12.4667 8.634E+00
12.4833 8.646E+00
12.5000 8.656E+00
12.5167 8.667E+00
12.5333 8.676E+00
12.5500 8.685E+00
12.5667 8.694E+00
12.5833 8.702E+00
12.6000 8.710E+00
12.6167 8.718E+00
12.6333 8.725E+00
12.6500 8.732E+00
12.6667 8.738E+00
12.6833 8.744E+00
12.7000 8.749E+00
12.7167 8.754E+00
12.7333 8.759E+00
12.7500 8.763E+00
12.7667 8.767E+00
12.7833 8.770E+00
12.8000 8.773E+00
12.8167 8.776E+00
12.8333 8.778E+00
12.8500 8.779E+00
12.8667 8.780E+00
12.8833 8.781E+00
12.9000 8.782E+00
12.9167 8.781E+00
12.9333 8.781E+00
12.9500 8.780E+00
12.9667 8.778E+00
12.9833 8.777E+00
13.0000 8.775E+00
13.0167 8.772E+00
13.0333 8.769E+00
13.0500 8.765E+00
13.0667 8.761E+00
13.0833 8.757E+00
13.1000 8.752E+00
13.1167 8.747E+00
13.1333 8.742E+00
13.1500 8.735E+00
13.1667 8.729E+00
13.1833 8.722E+00
13.2000 8.715E+00
13.2167 8.707E+00
13.2333 8.699E+00
13.2500 8.691E+00
13.2667 8.682E+00
13.2833 8.672E+00
13.3000 8.663E+00
13.3167 8.652E+00
13.3333 8.642E+00
13.3500 8.629E+00
13.3667 8.620E+00
13.3833 8.608E+00
13.4000 8.589E+00
13.4167 8.582E+00
13.4333 8.568E+00
13.4500 8.549E+00
13.4667 8.543E+00
13.4833 8.528E+00
13.5000 8.514E+00
13.5167 8.499E+00
13.5333 8.482E+00
13.5500 8.467E+00
13.5667 8.449E+00
13.5833 8.434E+00
13.6000 8.417E+00
13.6167 8.398E+00
13.6333 8.382E+00
13.6500 8.356E+00
13.6667 8.346E+00
13.6833 8.326E+00
13.7000 8.308E+00
13.7167 8.286E+00
13.7333 8.268E+00
13.7500 8.248E+00
13.7667 8.227E+00
13.7833 8.206E+00
13.8000 8.184E+00
13.8167 8.162E+00
13.8333 8.140E+00
13.8500 8.118E+00
13.8667 8.095E+00
13.8833 8.072E+00
13.9000 8.048E+00
13.9167 8.024E+00
13.9333 8.000E+00
13.9500 7.975E+00
13.9667 7.950E+00
13.9833 7.925E+00
14.0000 7.899E+00
14.0167 7.874E+00
14.0333 7.847E+00
14.0500 7.821E+00
14.0667 7.794E+00
14.0833 7.766E+00
14.1000 7.739E+00
14.1167 7.707E+00
14.1333 7.683E+00
14.1500 7.655E+00
14.1667 7.626E+00
14.1833 7.597E+00
14.2000 7.567E+00
14.2167 7.538E+00
14.2333 7.508E+00
14.2500 7.473E+00
14.2667 7.447E+00
14.2833 7.416E+00
14.3000 7.386E+00
14.3167 7.350E+00
14.3333 7.323E+00
14.3500 7.287E+00
14.3667 7.258E+00
14.3833 7.221E+00
14.4000 7.194E+00
14.4167 7.161E+00
14.4333 7.127E+00
14.4500 7.094E+00
14.4667 7.060E+00
14.4833 7.027E+00
14.5000 6.993E+00
14.5167 6.958E+00
14.5333 6.924E+00
14.5500 6.886E+00
14.5667 6.854E+00
14.5833 6.819E+00
14.6000 6.784E+00
14.6167 6.748E+00
14.6333 6.712E+00
14.6500 6.676E+00
14.6667 6.640E+00
14.6833 6.603E+00
14.7000 6.567E+00
14.7167 6.530E+00
14.7333 6.493E+00
14.7500 6.456E+00
14.7667 6.419E+00
14.7833 6.382E+00
14.8000 6.344E+00
14.8167 6.305E+00
14.8333 6.268E+00
14.8500 6.230E+00
14.8667 6.192E+00
14.8833 6.154E+00
14.9000 6.115E+00
14.9167 6.077E+00
14.9333 6.038E+00
14.9500 5.999E+00
14.9667 5.960E+00
14.9833 5.921E+00
