11.0000 6.456E+00
11.0167 6.494E+00
11.0333 6.532E+00
11.0500 6.570E+00
11.0667 6.603E+00
11.0833 6.645E+00
11.1000 6.683E+00
11.1167 6.720E+00
11.1333 6.757E+00
11.1500 6.794E+00
11.1667 6.830E+00
11.1833 6.867E+00
11.2000 6.903E+00
11.2167 6.939E+00
11.2333 6.975E+00
11.2500 7.010E+00
11.2667 7.045E+00
11.2833 7.080E+00
11.3000 7.116E+00
11.3167 7.150E+00
11.3333 7.184E+00
11.3500 7.218E+00
11.3667 7.252E+00
11.3833 7.286E+00
11.4000 7.317E+00
11.4167 7.352E+00
11.4333 7.386E+00
11.4500 7.418E+00
11.4667 7.451E+00
11.4833 7.483E+00
11.5000 7.515E+00
11.5167 7.546E+00
11.5333 7.578E+00
11.5500 7.608E+00
11.5667 7.639E+00
11.5833 7.670E+00
11.6000 7.700E+00
11.6167 7.730E+00
11.6333 7.759E+00
11.6500 7.784E+00
11.6667 7.816E+00
11.6833 7.846E+00
11.7000 7.875E+00
11.7167 7.902E+00
11.7333 7.930E+00
11.7500 7.957E+00
11.7667 7.985E+00
11.7833 8.011E+00
11.8000 8.037E+00
11.8167 8.064E+00
11.8333 8.089E+00
11.8500 8.115E+00
11.8667 8.140E+00
11.8833 8.165E+00
11.9000 8.189E+00
11.9167 8.213E+00
11.9333 8.237E+00
11.9500 8.260E+00
11.9667 8.283E+00
11.9833 8.306E+00
12.0000 8.328E+00
12.0167 8.350E+00
12.0333 8.371E+00
12.0500 8.392E+00
12.0667 8.413E+00
12.0833 8.433E+00
12.1000 8.446E+00
12.1167 8.473E+00
12.1333 8.490E+00
12.1500 8.511E+00
12.1667 8.528E+00
12.1833 8.547E+00
12.2000 8.563E+00
12.2167 8.583E+00
12.2333 8.600E+00
12.2500 8.616E+00
12.2667 8.632E+00
12.2833 8.642E+00
12.3000 8.662E+00
12.3167 8.676E+00
12.3333 8.692E+00
12.3500 8.707E+00
12.3667 8.720E+00
12.3833 8.734E+00
12.4000 8.747E+00
12.4167 8.759E+00
12.4333 8.772E+00
12.4500 8.783E+00
12.4667 8.795E+00
12.4833 8.805E+00
12.5000 8.816E+00
12.5167 8.826E+00
12.5333 8.836E+00
12.5500 8.845E+00
12.5667 8.853E+00
12.5833 8.862E+00
12.6000 8.870E+00
12.6167 8.877E+00
12.6333 8.884E+00
12.6500 8.891E+00
12.6667 8.897E+00
12.6833 8.903E+00
12.7000 8.908E+00
12.7167 8.910E+00
12.7333 8.911E+00
12.7500 8.917E+00
12.7667 8.924E+00
12.7833 8.928E+00
12.8000 8.931E+00
12.8167 8.933E+00
12.8333 8.935E+00
12.8500 8.937E+00
12.8667 8.938E+00
12.8833 8.938E+00
12.9000 8.939E+00
12.9167 8.939E+00
12.9333 8.938E+00
12.9500 8.936E+00
12.9667 8.935E+00
12.9833 8.933E+00
13.0000 8.931E+00
13.0167 8.928E+00
13.0333 8.924E+00
13.0500 8.917E+00
13.0667 8.911E+00
13.0833 8.910E+00
13.1000 8.908E+00
13.1167 8.903E+00
13.1333 8.897E+00
13.1500 8.890E+00
13.1667 8.883E+00
13.1833 8.877E+00
13.2000 8.869E+00
13.2167 8.861E+00
13.2333 8.853E+00
13.2500 8.844E+00
13.2667 8.835E+00
13.2833 8.825E+00
13.3000 8.815E+00
13.3167 8.805E+00
13.3333 8.794E+00
13.3500 8.782E+00
13.3667 8.771E+00
13.3833 8.759E+00
13.4000 8.746E+00
13.4167 8.733E+00
13.4333 8.719E+00
13.4500 8.706E+00
13.4667 8.689E+00
13.4833 8.676E+00
13.5000 8.662E+00
13.5167 8.642E+00
13.5333 8.631E+00
13.5500 8.614E+00
13.5667 8.599E+00
13.5833 8.581E+00
13.6000 8.562E+00
13.6167 8.545E+00
13.6333 8.527E+00
13.6500 8.510E+00
13.6667 8.489E+00
13.6833 8.472E+00
13.7000 8.445E+00
13.7167 8.432E+00
13.7333 8.411E+00
13.7500 8.390E+00
13.7667 8.369E+00
13.7833 8.348E+00
13.8000 8.326E+00
13.8167 8.304E+00
13.8333 8.281E+00
13.8500 8.258E+00
13.8667 8.235E+00
13.8833 8.211E+00
13.9000 8.187E+00
13.9167 8.163E+00
13.9333 8.138E+00
13.9500 8.113E+00
13.9667 8.088E+00
13.9833 8.062E+00
14.0000 8.036E+00
14.0167 8.009E+00
14.0333 7.983E+00
14.0500 7.955E+00
14.0667 7.928E+00
14.0833 7.900E+00
14.1000 7.872E+00
14.1167 7.844E+00
14.1333 7.812E+00
14.1500 7.784E+00
14.1667 7.757E+00
14.1833 7.727E+00
14.2000 7.697E+00
14.2167 7.667E+00
14.2333 7.637E+00
14.2500 7.606E+00
14.2667 7.575E+00
14.2833 7.544E+00
14.3000 7.513E+00
14.3167 7.481E+00
14.3333 7.448E+00
14.3500 7.416E+00
14.3667 7.383E+00
14.3833 7.349E+00
14.4000 7.316E+00
14.4167 7.284E+00
14.4333 7.250E+00
14.4500 7.215E+00
14.4667 7.182E+00
14.4833 7.147E+00
14.5000 7.113E+00
14.5167 7.078E+00
14.5333 7.043E+00
14.5500 7.008E+00
14.5667 6.972E+00
14.5833 6.936E+00
14.6000 6.900E+00
14.6167 6.864E+00
14.6333 6.828E+00
14.6500 6.791E+00
14.6667 6.754E+00
14.6833 6.717E+00
14.7000 6.680E+00
14.7167 6.643E+00
14.7333 6.602E+00
14.7500 6.568E+00
14.7667 6.530E+00
14.7833 6.492E+00
14.8000 6.453E+00
14.8167 6.415E+00
14.8333 6.372E+00
14.8500 6.336E+00
14.8667 6.299E+00
14.8833 6.260E+00
14.9000 6.221E+00
14.9167 6.179E+00
14.9333 6.142E+00
14.9500 6.103E+00
14.9667 6.063E+00
14.9833 6.023E+00
