11.0000 5.599E+00
11.0167 5.637E+00
11.0333 5.670E+00
11.0500 5.710E+00
11.0667 5.746E+00
11.0833 5.781E+00
11.1000 5.819E+00
11.1167 5.855E+00
11.1333 5.891E+00
11.1500 5.927E+00
11.1667 5.963E+00
11.1833 5.998E+00
11.2000 6.033E+00
11.2167 6.069E+00
11.2333 6.104E+00
11.2500 6.138E+00
11.2667 6.173E+00
11.2833 6.207E+00
11.3000 6.242E+00
11.3167 6.276E+00
11.3333 6.309E+00
11.3500 6.340E+00
11.3667 6.376E+00
11.3833 6.409E+00
11.4000 6.443E+00
11.4167 6.475E+00
11.4333 6.508E+00
11.4500 6.540E+00
11.4667 6.572E+00
11.4833 6.604E+00
11.5000 6.636E+00
11.5167 6.667E+00
11.5333 6.696E+00
11.5500 6.727E+00
11.5667 6.759E+00
11.5833 6.790E+00
11.6000 6.820E+00
11.6167 6.850E+00
11.6333 6.879E+00
11.6500 6.907E+00
11.6667 6.936E+00
11.6833 6.967E+00
11.7000 6.995E+00
11.7167 7.023E+00
11.7333 7.049E+00
11.7500 7.079E+00
11.7667 7.106E+00
11.7833 7.132E+00
11.8000 7.160E+00
11.8167 7.186E+00
11.8333 7.212E+00
11.8500 7.238E+00
11.8667 7.264E+00
11.8833 7.289E+00
11.9000 7.314E+00
11.9167 7.338E+00
11.9333 7.363E+00
11.9500 7.386E+00
11.9667 7.410E+00
11.9833 7.434E+00
12.0000 7.456E+00
12.0167 7.479E+00
12.0333 7.501E+00
12.0500 7.523E+00
12.0667 7.545E+00
12.0833 7.566E+00
12.1000 7.587E+00
12.1167 7.607E+00
12.1333 7.627E+00
12.1500 7.648E+00
12.1667 7.667E+00
12.1833 7.686E+00
12.2000 7.705E+00
12.2167 7.723E+00
12.2333 7.741E+00
12.2500 7.759E+00
12.2667 7.776E+00
12.2833 7.791E+00
12.3000 7.809E+00
12.3167 7.825E+00
12.3333 7.841E+00
12.3500 7.857E+00
12.3667 7.871E+00
12.3833 7.884E+00
12.4000 7.900E+00
12.4167 7.914E+00
12.4333 7.928E+00
12.4500 7.941E+00
12.4667 7.953E+00
12.4833 7.965E+00
12.5000 7.977E+00
12.5167 7.984E+00
12.5333 7.999E+00
12.5500 8.011E+00
12.5667 8.021E+00
12.5833 8.031E+00
12.6000 8.039E+00
12.6167 8.047E+00
12.6333 8.056E+00
12.6500 8.065E+00
12.6667 8.070E+00
12.6833 8.082E+00
12.7000 8.089E+00
12.7167 8.096E+00
12.7333 8.098E+00
12.7500 8.106E+00
12.7667 8.113E+00
12.7833 8.118E+00
12.8000 8.122E+00
12.8167 8.126E+00
12.8333 8.127E+00
12.8500 8.127E+00
12.8667 8.132E+00
12.8833 8.137E+00
12.9000 8.142E+00
12.9167 8.143E+00
12.9333 8.144E+00
12.9500 8.145E+00
12.9667 8.145E+00
12.9833 8.145E+00
13.0000 8.145E+00
13.0167 8.144E+00
13.0333 8.143E+00
13.0500 8.141E+00
13.0667 8.138E+00
13.0833 8.133E+00
13.1000 8.127E+00
13.1167 8.127E+00
13.1333 8.126E+00
13.1500 8.122E+00
13.1667 8.118E+00
13.1833 8.114E+00
13.2000 8.107E+00
13.2167 8.098E+00
13.2333 8.096E+00
13.2500 8.089E+00
13.2667 8.083E+00
13.2833 8.072E+00
13.3000 8.065E+00
13.3167 8.057E+00
13.3333 8.048E+00
13.3500 8.040E+00
13.3667 8.032E+00
13.3833 8.022E+00
13.4000 8.012E+00
13.4167 7.999E+00
13.4333 7.986E+00
13.4500 7.978E+00
13.4667 7.966E+00
13.4833 7.955E+00
13.5000 7.942E+00
13.5167 7.929E+00
13.5333 7.915E+00
13.5500 7.902E+00
13.5667 7.886E+00
13.5833 7.873E+00
13.6000 7.858E+00
13.6167 7.842E+00
13.6333 7.827E+00
13.6500 7.811E+00
13.6667 7.794E+00
13.6833 7.776E+00
13.7000 7.760E+00
13.7167 7.742E+00
13.7333 7.724E+00
13.7500 7.706E+00
13.7667 7.688E+00
13.7833 7.668E+00
13.8000 7.649E+00
13.8167 7.629E+00
13.8333 7.609E+00
13.8500 7.589E+00
13.8667 7.568E+00
13.8833 7.547E+00
13.9000 7.525E+00
13.9167 7.503E+00
13.9333 7.481E+00
13.9500 7.458E+00
13.9667 7.436E+00
13.9833 7.412E+00
14.0000 7.389E+00
14.0167 7.365E+00
14.0333 7.341E+00
14.0500 7.316E+00
14.0667 7.291E+00
14.0833 7.266E+00
14.1000 7.241E+00
14.1167 7.215E+00
14.1333 7.189E+00
14.1500 7.162E+00
14.1667 7.132E+00
14.1833 7.108E+00
14.2000 7.081E+00
14.2167 7.053E+00
14.2333 7.025E+00
14.2500 6.998E+00
14.2667 6.969E+00
14.2833 6.938E+00
14.3000 6.911E+00
14.3167 6.882E+00
14.3333 6.852E+00
14.3500 6.823E+00
14.3667 6.792E+00
14.3833 6.762E+00
14.4000 6.732E+00
14.4167 6.701E+00
14.4333 6.670E+00
14.4500 6.639E+00
14.4667 6.607E+00
14.4833 6.575E+00
14.5000 6.543E+00
14.5167 6.511E+00
14.5333 6.478E+00
14.5500 6.446E+00
14.5667 6.413E+00
14.5833 6.380E+00
14.6000 6.342E+00
14.6167 6.313E+00
14.6333 6.279E+00
14.6500 6.245E+00
14.6667 6.210E+00
14.6833 6.176E+00
14.7000 6.141E+00
14.7167 6.107E+00
14.7333 6.072E+00
14.7500 6.034E+00
14.7667 5.998E+00
14.7833 5.966E+00
14.8000 5.930E+00
14.8167 5.894E+00
14.8333 5.858E+00
14.8500 5.822E+00
14.8667 5.784E+00
14.8833 5.750E+00
14.9000 5.711E+00
14.9167 5.677E+00
14.9333 5.640E+00
14.9500 5.603E+00
14.9667 5.565E+00
14.9833 5.528E+00
