11.0000 6.292E+00
11.0167 6.329E+00
11.0333 6.368E+00
11.0500 6.403E+00
11.0667 6.443E+00
11.0833 6.480E+00
11.1000 6.517E+00
11.1167 6.554E+00
11.1333 6.591E+00
11.1500 6.627E+00
11.1667 6.664E+00
11.1833 6.698E+00
11.2000 6.735E+00
11.2167 6.771E+00
11.2333 6.807E+00
11.2500 6.842E+00
11.2667 6.877E+00
11.2833 6.912E+00
11.3000 6.944E+00
11.3167 6.981E+00
11.3333 7.015E+00
11.3500 7.049E+00
11.3667 7.082E+00
11.3833 7.116E+00
11.4000 7.149E+00
11.4167 7.182E+00
11.4333 7.215E+00
11.4500 7.246E+00
11.4667 7.279E+00
11.4833 7.311E+00
11.5000 7.343E+00
11.5167 7.375E+00
11.5333 7.404E+00
11.5500 7.435E+00
11.5667 7.461E+00
11.5833 7.498E+00
11.6000 7.528E+00
11.6167 7.557E+00
11.6333 7.586E+00
11.6500 7.616E+00
11.6667 7.644E+00
11.6833 7.673E+00
11.7000 7.699E+00
11.7167 7.729E+00
11.7333 7.757E+00
11.7500 7.784E+00
11.7667 7.811E+00
11.7833 7.837E+00
11.8000 7.861E+00
11.8167 7.890E+00
11.8333 7.916E+00
11.8500 7.941E+00
11.8667 7.966E+00
11.8833 7.991E+00
11.9000 8.015E+00
11.9167 8.039E+00
11.9333 8.063E+00
11.9500 8.084E+00
11.9667 8.109E+00
11.9833 8.132E+00
12.0000 8.153E+00
12.0167 8.176E+00
12.0333 8.197E+00
12.0500 8.218E+00
12.0667 8.239E+00
12.0833 8.260E+00
12.1000 8.280E+00
12.1167 8.299E+00
12.1333 8.318E+00
12.1500 8.338E+00
12.1667 8.356E+00
12.1833 8.374E+00
12.2000 8.392E+00
12.2167 8.409E+00
12.2333 8.421E+00
12.2500 8.443E+00
12.2667 8.458E+00
12.2833 8.475E+00
12.3000 8.485E+00
12.3167 8.505E+00
12.3333 8.520E+00
12.3500 8.532E+00
12.3667 8.548E+00
12.3833 8.562E+00
12.4000 8.574E+00
12.4167 8.587E+00
12.4333 8.600E+00
12.4500 8.608E+00
12.4667 8.623E+00
12.4833 8.634E+00
12.5000 8.645E+00
12.5167 8.654E+00
12.5333 8.665E+00
12.5500 8.674E+00
12.5667 8.683E+00
12.5833 8.684E+00
12.6000 8.699E+00
12.6167 8.705E+00
12.6333 8.712E+00
12.6500 8.718E+00
12.6667 8.719E+00
12.6833 8.732E+00
12.7000 8.739E+00
12.7167 8.745E+00
12.7333 8.750E+00
12.7500 8.754E+00
12.7667 8.758E+00
12.7833 8.760E+00
12.8000 8.763E+00
12.8167 8.765E+00
12.8333 8.767E+00
12.8500 8.770E+00
12.8667 8.771E+00
12.8833 8.772E+00
12.9000 8.773E+00
12.9167 8.773E+00
12.9333 8.773E+00
12.9500 8.772E+00
12.9667 8.770E+00
12.9833 8.768E+00
13.0000 8.766E+00
13.0167 8.763E+00
13.0333 8.761E+00
13.0500 8.759E+00
13.0667 8.755E+00
13.0833 8.751E+00
13.1000 8.746E+00
13.1167 8.741E+00
13.1333 8.734E+00
13.1500 8.722E+00
13.1667 8.717E+00
13.1833 8.715E+00
13.2000 8.706E+00
13.2167 8.702E+00
13.2333 8.687E+00
13.2500 8.684E+00
13.2667 8.677E+00
13.2833 8.668E+00
13.3000 8.657E+00
13.3167 8.648E+00
13.3333 8.637E+00
13.3500 8.626E+00
13.3667 8.613E+00
13.3833 8.602E+00
13.4000 8.591E+00
13.4167 8.577E+00
13.4333 8.565E+00
13.4500 8.552E+00
13.4667 8.537E+00
13.4833 8.524E+00
13.5000 8.510E+00
13.5167 8.487E+00
13.5333 8.479E+00
13.5500 8.460E+00
13.5667 8.448E+00
13.5833 8.431E+00
13.6000 8.414E+00
13.6167 8.397E+00
13.6333 8.379E+00
13.6500 8.361E+00
13.6667 8.343E+00
13.6833 8.324E+00
13.7000 8.305E+00
13.7167 8.285E+00
13.7333 8.265E+00
13.7500 8.245E+00
13.7667 8.224E+00
13.7833 8.203E+00
13.8000 8.182E+00
13.8167 8.152E+00
13.8333 8.138E+00
13.8500 8.115E+00
13.8667 8.093E+00
13.8833 8.069E+00
13.9000 8.046E+00
13.9167 8.022E+00
13.9333 7.998E+00
13.9500 7.973E+00
13.9667 7.948E+00
13.9833 7.923E+00
14.0000 7.897E+00
14.0167 7.870E+00
14.0333 7.841E+00
14.0500 7.819E+00
14.0667 7.792E+00
14.0833 7.765E+00
14.1000 7.737E+00
14.1167 7.709E+00
14.1333 7.681E+00
14.1500 7.653E+00
14.1667 7.624E+00
14.1833 7.590E+00
14.2000 7.566E+00
14.2167 7.536E+00
14.2333 7.506E+00
14.2500 7.476E+00
14.2667 7.444E+00
14.2833 7.412E+00
14.3000 7.382E+00
14.3167 7.350E+00
14.3333 7.320E+00
14.3500 7.289E+00
14.3667 7.257E+00
14.3833 7.223E+00
14.4000 7.192E+00
14.4167 7.156E+00
14.4333 7.126E+00
14.4500 7.092E+00
14.4667 7.059E+00
14.4833 7.025E+00
14.5000 6.988E+00
14.5167 6.957E+00
14.5333 6.922E+00
14.5500 6.887E+00
14.5667 6.852E+00
14.5833 6.817E+00
14.6000 6.782E+00
14.6167 6.746E+00
14.6333 6.710E+00
14.6500 6.674E+00
14.6667 6.633E+00
14.6833 6.602E+00
14.7000 6.565E+00
14.7167 6.528E+00
14.7333 6.486E+00
14.7500 6.454E+00
14.7667 6.417E+00
14.7833 6.379E+00
14.8000 6.342E+00
14.8167 6.304E+00
14.8333 6.265E+00
14.8500 6.228E+00
14.8667 6.190E+00
14.8833 6.151E+00
14.9000 6.113E+00
14.9167 6.074E+00
14.9333 6.035E+00
14.9500 5.996E+00
14.9667 5.957E+00
14.9833 5.918E+00
