11.0000 5.515E+00
11.0167 5.549E+00
11.0333 5.582E+00
11.0500 5.613E+00
11.0667 5.645E+00
11.0833 5.682E+00
11.1000 5.715E+00
11.1167 5.749E+00
11.1333 5.781E+00
11.1500 5.814E+00
11.1667 5.844E+00
11.1833 5.878E+00
11.2000 5.911E+00
11.2167 5.943E+00
11.2333 5.975E+00
11.2500 6.006E+00
11.2667 6.038E+00
11.2833 6.069E+00
11.3000 6.100E+00
11.3167 6.131E+00
11.3333 6.161E+00
11.3500 6.192E+00
11.3667 6.222E+00
11.3833 6.252E+00
11.4000 6.278E+00
11.4167 6.312E+00
11.4333 6.340E+00
11.4500 6.370E+00
11.4667 6.399E+00
11.4833 6.427E+00
11.5000 6.456E+00
11.5167 6.482E+00
11.5333 6.512E+00
11.5500 6.539E+00
11.5667 6.567E+00
11.5833 6.595E+00
11.6000 6.622E+00
11.6167 6.644E+00
11.6333 6.675E+00
11.6500 6.701E+00
11.6667 6.727E+00
11.6833 6.753E+00
11.7000 6.778E+00
11.7167 6.804E+00
11.7333 6.828E+00
11.7500 6.853E+00
11.7667 6.875E+00
11.7833 6.902E+00
11.8000 6.925E+00
11.8167 6.949E+00
11.8333 6.972E+00
11.8500 6.995E+00
11.8667 7.018E+00
11.8833 7.040E+00
11.9000 7.058E+00
11.9167 7.084E+00
11.9333 7.105E+00
11.9500 7.119E+00
11.9667 7.147E+00
11.9833 7.167E+00
12.0000 7.187E+00
12.0167 7.207E+00
12.0333 7.227E+00
12.0500 7.246E+00
12.0667 7.265E+00
12.0833 7.284E+00
12.1000 7.302E+00
12.1167 7.320E+00
12.1333 7.337E+00
12.1500 7.355E+00
12.1667 7.371E+00
12.1833 7.386E+00
12.2000 7.401E+00
12.2167 7.420E+00
12.2333 7.434E+00
12.2500 7.451E+00
12.2667 7.465E+00
12.2833 7.479E+00
12.3000 7.494E+00
12.3167 7.504E+00
12.3333 7.522E+00
12.3500 7.535E+00
12.3667 7.546E+00
12.3833 7.560E+00
12.4000 7.566E+00
12.4167 7.583E+00
12.4333 7.593E+00
12.4500 7.600E+00
12.4667 7.616E+00
12.4833 7.627E+00
12.5000 7.635E+00
12.5167 7.646E+00
12.5333 7.655E+00
12.5500 7.664E+00
12.5667 7.672E+00
12.5833 7.680E+00
12.6000 7.688E+00
12.6167 7.695E+00
12.6333 7.702E+00
12.6500 7.708E+00
12.6667 7.715E+00
12.6833 7.720E+00
12.7000 7.726E+00
12.7167 7.731E+00
12.7333 7.735E+00
12.7500 7.740E+00
12.7667 7.743E+00
12.7833 7.747E+00
12.8000 7.750E+00
12.8167 7.753E+00
12.8333 7.755E+00
12.8500 7.757E+00
12.8667 7.759E+00
12.8833 7.760E+00
12.9000 7.761E+00
12.9167 7.761E+00
12.9333 7.761E+00
12.9500 7.761E+00
12.9667 7.760E+00
12.9833 7.759E+00
13.0000 7.758E+00
13.0167 7.756E+00
13.0333 7.754E+00
13.0500 7.751E+00
13.0667 7.748E+00
13.0833 7.745E+00
13.1000 7.741E+00
13.1167 7.737E+00
13.1333 7.732E+00
13.1500 7.728E+00
13.1667 7.722E+00
13.1833 7.717E+00
13.2000 7.711E+00
13.2167 7.704E+00
13.2333 7.698E+00
13.2500 7.690E+00
13.2667 7.683E+00
13.2833 7.675E+00
13.3000 7.667E+00
13.3167 7.658E+00
13.3333 7.649E+00
13.3500 7.638E+00
13.3667 7.630E+00
13.3833 7.620E+00
13.4000 7.606E+00
13.4167 7.596E+00
13.4333 7.586E+00
13.4500 7.572E+00
13.4667 7.564E+00
13.4833 7.552E+00
13.5000 7.540E+00
13.5167 7.527E+00
13.5333 7.512E+00
13.5500 7.500E+00
13.5667 7.483E+00
13.5833 7.471E+00
13.6000 7.456E+00
13.6167 7.441E+00
13.6333 7.426E+00
13.6500 7.404E+00
13.6667 7.393E+00
13.6833 7.378E+00
13.7000 7.361E+00
13.7167 7.341E+00
13.7333 7.326E+00
13.7500 7.309E+00
13.7667 7.290E+00
13.7833 7.272E+00
13.8000 7.253E+00
13.8167 7.234E+00
13.8333 7.215E+00
13.8500 7.195E+00
13.8667 7.175E+00
13.8833 7.155E+00
13.9000 7.134E+00
13.9167 7.113E+00
13.9333 7.091E+00
13.9500 7.070E+00
13.9667 7.048E+00
13.9833 7.026E+00
14.0000 7.003E+00
14.0167 6.981E+00
14.0333 6.958E+00
14.0500 6.934E+00
14.0667 6.911E+00
14.0833 6.887E+00
14.1000 6.857E+00
14.1167 6.838E+00
14.1333 6.813E+00
14.1500 6.788E+00
14.1667 6.763E+00
14.1833 6.732E+00
14.2000 6.711E+00
14.2167 6.685E+00
14.2333 6.659E+00
14.2500 6.632E+00
14.2667 6.605E+00
14.2833 6.578E+00
14.3000 6.550E+00
14.3167 6.519E+00
14.3333 6.491E+00
14.3500 6.467E+00
14.3667 6.438E+00
14.3833 6.410E+00
14.4000 6.381E+00
14.4167 6.352E+00
14.4333 6.323E+00
14.4500 6.289E+00
14.4667 6.263E+00
14.4833 6.233E+00
14.5000 6.203E+00
14.5167 6.173E+00
14.5333 6.142E+00
14.5500 6.112E+00
14.5667 6.081E+00
14.5833 6.050E+00
14.6000 6.018E+00
14.6167 5.987E+00
14.6333 5.951E+00
14.6500 5.923E+00
14.6667 5.890E+00
14.6833 5.859E+00
14.7000 5.827E+00
14.7167 5.792E+00
14.7333 5.761E+00
14.7500 5.727E+00
14.7667 5.695E+00
14.7833 5.662E+00
14.8000 5.629E+00
14.8167 5.595E+00
14.8333 5.562E+00
14.8500 5.528E+00
14.8667 5.493E+00
14.8833 5.460E+00
14.9000 5.426E+00
14.9167 5.391E+00
14.9333 5.357E+00
14.9500 5.322E+00
14.9667 5.288E+00
14.9833 5.253E+00
