11.0000 5.314E+00
11.0167 5.349E+00
11.0333 5.380E+00
11.0500 5.413E+00
11.0667 5.445E+00
11.0833 5.477E+00
11.1000 5.508E+00
11.1167 5.540E+00
11.1333 5.571E+00
11.1500 5.602E+00
11.1667 5.633E+00
11.1833 5.662E+00
11.2000 5.694E+00
11.2167 5.725E+00
11.2333 5.755E+00
11.2500 5.785E+00
11.2667 5.815E+00
11.2833 5.845E+00
11.3000 5.874E+00
11.3167 5.904E+00
11.3333 5.933E+00
11.3500 5.961E+00
11.3667 5.991E+00
11.3833 6.019E+00
11.4000 6.048E+00
11.4167 6.076E+00
11.4333 6.104E+00
11.4500 6.131E+00
11.4667 6.159E+00
11.4833 6.186E+00
11.5000 6.213E+00
11.5167 6.240E+00
11.5333 6.267E+00
11.5500 6.293E+00
11.5667 6.319E+00
11.5833 6.342E+00
11.6000 6.371E+00
11.6167 6.396E+00
11.6333 6.422E+00
11.6500 6.446E+00
11.6667 6.471E+00
11.6833 6.496E+00
11.7000 6.520E+00
11.7167 6.544E+00
11.7333 6.567E+00
11.7500 6.591E+00
11.7667 6.614E+00
11.7833 6.637E+00
11.8000 6.659E+00
11.8167 6.682E+00
11.8333 6.704E+00
11.8500 6.725E+00
11.8667 6.747E+00
11.8833 6.768E+00
11.9000 6.789E+00
11.9167 6.810E+00
11.9333 6.829E+00
11.9500 6.850E+00
11.9667 6.870E+00
11.9833 6.889E+00
12.0000 6.906E+00
12.0167 6.923E+00
12.0333 6.945E+00
12.0500 6.963E+00
12.0667 6.979E+00
12.0833 6.998E+00
12.1000 7.012E+00
12.1167 7.033E+00
12.1333 7.048E+00
12.1500 7.067E+00
12.1667 7.082E+00
12.1833 7.098E+00
12.2000 7.114E+00
12.2167 7.129E+00
12.2333 7.143E+00
12.2500 7.158E+00
12.2667 7.172E+00
12.2833 7.185E+00
12.3000 7.199E+00
12.3167 7.211E+00
12.3333 7.225E+00
12.3500 7.237E+00
12.3667 7.249E+00
12.3833 7.261E+00
12.4000 7.272E+00
12.4167 7.283E+00
12.4333 7.294E+00
12.4500 7.304E+00
12.4667 7.314E+00
12.4833 7.324E+00
12.5000 7.333E+00
12.5167 7.342E+00
12.5333 7.350E+00
12.5500 7.359E+00
12.5667 7.362E+00
12.5833 7.373E+00
12.6000 7.381E+00
12.6167 7.388E+00
12.6333 7.394E+00
12.6500 7.400E+00
12.6667 7.406E+00
12.6833 7.411E+00
12.7000 7.416E+00
12.7167 7.421E+00
12.7333 7.426E+00
12.7500 7.429E+00
12.7667 7.433E+00
12.7833 7.436E+00
12.8000 7.438E+00
12.8167 7.440E+00
12.8333 7.442E+00
12.8500 7.444E+00
12.8667 7.446E+00
12.8833 7.447E+00
12.9000 7.448E+00
12.9167 7.448E+00
12.9333 7.448E+00
12.9500 7.448E+00
12.9667 7.447E+00
12.9833 7.445E+00
13.0000 7.444E+00
13.0167 7.441E+00
13.0333 7.440E+00
13.0500 7.438E+00
13.0667 7.435E+00
13.0833 7.432E+00
13.1000 7.428E+00
13.1167 7.424E+00
13.1333 7.420E+00
13.1500 7.415E+00
13.1667 7.410E+00
13.1833 7.404E+00
13.2000 7.399E+00
13.2167 7.392E+00
13.2333 7.386E+00
13.2500 7.379E+00
13.2667 7.368E+00
13.2833 7.362E+00
13.3000 7.356E+00
13.3167 7.348E+00
13.3333 7.339E+00
13.3500 7.330E+00
13.3667 7.321E+00
13.3833 7.311E+00
13.4000 7.301E+00
13.4167 7.290E+00
13.4333 7.279E+00
13.4500 7.268E+00
13.4667 7.257E+00
13.4833 7.245E+00
13.5000 7.233E+00
13.5167 7.220E+00
13.5333 7.207E+00
13.5500 7.191E+00
13.5667 7.181E+00
13.5833 7.167E+00
13.6000 7.153E+00
13.6167 7.139E+00
13.6333 7.124E+00
13.6500 7.109E+00
13.6667 7.093E+00
13.6833 7.077E+00
13.7000 7.061E+00
13.7167 7.044E+00
13.7333 7.028E+00
13.7500 7.007E+00
13.7667 6.994E+00
13.7833 6.976E+00
13.8000 6.958E+00
13.8167 6.940E+00
13.8333 6.921E+00
13.8500 6.901E+00
13.8667 6.883E+00
13.8833 6.863E+00
13.9000 6.843E+00
13.9167 6.822E+00
13.9333 6.803E+00
13.9500 6.779E+00
13.9667 6.761E+00
13.9833 6.740E+00
14.0000 6.718E+00
14.0167 6.697E+00
14.0333 6.675E+00
14.0500 6.652E+00
14.0667 6.629E+00
14.0833 6.606E+00
14.1000 6.578E+00
14.1167 6.560E+00
14.1333 6.536E+00
14.1500 6.512E+00
14.1667 6.488E+00
14.1833 6.463E+00
14.2000 6.438E+00
14.2167 6.414E+00
14.2333 6.388E+00
14.2500 6.363E+00
14.2667 6.336E+00
14.2833 6.311E+00
14.3000 6.285E+00
14.3167 6.258E+00
14.3333 6.228E+00
14.3500 6.205E+00
14.3667 6.177E+00
14.3833 6.148E+00
14.4000 6.123E+00
14.4167 6.095E+00
14.4333 6.067E+00
14.4500 6.036E+00
14.4667 6.005E+00
14.4833 5.981E+00
14.5000 5.952E+00
14.5167 5.924E+00
14.5333 5.893E+00
14.5500 5.865E+00
14.5667 5.833E+00
14.5833 5.806E+00
14.6000 5.775E+00
14.6167 5.745E+00
14.6333 5.715E+00
14.6500 5.685E+00
14.6667 5.654E+00
14.6833 5.623E+00
14.7000 5.592E+00
14.7167 5.561E+00
14.7333 5.528E+00
14.7500 5.498E+00
14.7667 5.466E+00
14.7833 5.435E+00
14.8000 5.403E+00
14.8167 5.371E+00
14.8333 5.339E+00
14.8500 5.307E+00
14.8667 5.274E+00
14.8833 5.241E+00
14.9000 5.209E+00
14.9167 5.173E+00
14.9333 5.143E+00
14.9500 5.110E+00
14.9667 5.077E+00
14.9833 5.044E+00
