11.0000 3.848E+00
11.0167 3.876E+00
11.0333 3.903E+00
11.0500 3.930E+00
11.0667 3.958E+00
11.0833 3.985E+00
11.1000 4.012E+00
11.1167 4.039E+00
11.1333 4.066E+00
11.1500 4.091E+00
11.1667 4.119E+00
11.1833 4.145E+00
11.2000 4.172E+00
11.2167 4.198E+00
11.2333 4.224E+00
11.2500 4.250E+00
11.2667 4.276E+00
11.2833 4.302E+00
11.3000 4.328E+00
11.3167 4.353E+00
11.3333 4.379E+00
11.3500 4.404E+00
11.3667 4.429E+00
11.3833 4.454E+00
11.4000 4.479E+00
11.4167 4.504E+00
11.4333 4.529E+00
11.4500 4.553E+00
11.4667 4.577E+00
11.4833 4.601E+00
11.5000 4.625E+00
11.5167 4.649E+00
11.5333 4.673E+00
11.5500 4.694E+00
11.5667 4.719E+00
11.5833 4.743E+00
11.6000 4.766E+00
11.6167 4.789E+00
11.6333 4.811E+00
11.6500 4.831E+00
11.6667 4.856E+00
11.6833 4.878E+00
11.7000 4.899E+00
11.7167 4.921E+00
11.7333 4.942E+00
11.7500 4.964E+00
11.7667 4.985E+00
11.7833 5.006E+00
11.8000 5.025E+00
11.8167 5.047E+00
11.8333 5.067E+00
11.8500 5.087E+00
11.8667 5.107E+00
11.8833 5.126E+00
11.9000 5.145E+00
11.9167 5.164E+00
11.9333 5.183E+00
11.9500 5.202E+00
11.9667 5.220E+00
11.9833 5.239E+00
12.0000 5.256E+00
12.0167 5.274E+00
12.0333 5.291E+00
12.0500 5.309E+00
12.0667 5.322E+00
12.0833 5.342E+00
12.1000 5.359E+00
12.1167 5.375E+00
12.1333 5.391E+00
12.1500 5.407E+00
12.1667 5.422E+00
12.1833 5.437E+00
12.2000 5.452E+00
12.2167 5.466E+00
12.2333 5.481E+00
12.2500 5.495E+00
12.2667 5.509E+00
12.2833 5.523E+00
12.3000 5.536E+00
12.3167 5.548E+00
12.3333 5.562E+00
12.3500 5.575E+00
12.3667 5.587E+00
12.3833 5.598E+00
12.4000 5.608E+00
12.4167 5.621E+00
12.4333 5.633E+00
12.4500 5.644E+00
12.4667 5.654E+00
12.4833 5.664E+00
12.5000 5.674E+00
12.5167 5.684E+00
12.5333 5.693E+00
12.5500 5.702E+00
12.5667 5.711E+00
12.5833 5.719E+00
12.6000 5.728E+00
12.6167 5.736E+00
12.6333 5.743E+00
12.6500 5.750E+00
12.6667 5.757E+00
12.6833 5.764E+00
12.7000 5.770E+00
12.7167 5.777E+00
12.7333 5.782E+00
12.7500 5.786E+00
12.7667 5.793E+00
12.7833 5.798E+00
12.8000 5.803E+00
12.8167 5.807E+00
12.8333 5.811E+00
12.8500 5.814E+00
12.8667 5.818E+00
12.8833 5.821E+00
12.9000 5.824E+00
12.9167 5.826E+00
12.9333 5.828E+00
12.9500 5.830E+00
12.9667 5.831E+00
12.9833 5.832E+00
13.0000 5.834E+00
13.0167 5.834E+00
13.0333 5.834E+00
13.0500 5.834E+00
13.0667 5.834E+00
13.0833 5.833E+00
13.1000 5.832E+00
13.1167 5.831E+00
13.1333 5.830E+00
13.1500 5.828E+00
13.1667 5.825E+00
13.1833 5.823E+00
13.2000 5.820E+00
13.2167 5.817E+00
13.2333 5.814E+00
13.2500 5.810E+00
13.2667 5.806E+00
13.2833 5.802E+00
13.3000 5.797E+00
13.3167 5.792E+00
13.3333 5.783E+00
13.3500 5.781E+00
13.3667 5.775E+00
13.3833 5.769E+00
13.4000 5.762E+00
13.4167 5.756E+00
13.4333 5.746E+00
13.4500 5.741E+00
13.4667 5.734E+00
13.4833 5.726E+00
13.5000 5.717E+00
13.5167 5.709E+00
13.5333 5.700E+00
13.5500 5.691E+00
13.5667 5.681E+00
13.5833 5.672E+00
13.6000 5.662E+00
13.6167 5.651E+00
13.6333 5.641E+00
13.6500 5.630E+00
13.6667 5.619E+00
13.6833 5.604E+00
13.7000 5.595E+00
13.7167 5.583E+00
13.7333 5.571E+00
13.7500 5.559E+00
13.7667 5.546E+00
13.7833 5.533E+00
13.8000 5.519E+00
13.8167 5.501E+00
13.8333 5.492E+00
13.8500 5.478E+00
13.8667 5.463E+00
13.8833 5.448E+00
13.9000 5.433E+00
13.9167 5.418E+00
13.9333 5.400E+00
13.9500 5.386E+00
13.9667 5.371E+00
13.9833 5.355E+00
14.0000 5.338E+00
14.0167 5.321E+00
14.0333 5.303E+00
14.0500 5.287E+00
14.0667 5.268E+00
14.0833 5.249E+00
14.1000 5.234E+00
14.1167 5.216E+00
14.1333 5.197E+00
14.1500 5.178E+00
14.1667 5.159E+00
14.1833 5.140E+00
14.2000 5.121E+00
14.2167 5.102E+00
14.2333 5.082E+00
14.2500 5.060E+00
14.2667 5.041E+00
14.2833 5.021E+00
14.3000 5.000E+00
14.3167 4.980E+00
14.3333 4.958E+00
14.3500 4.937E+00
14.3667 4.916E+00
14.3833 4.894E+00
14.4000 4.872E+00
14.4167 4.850E+00
14.4333 4.827E+00
14.4500 4.805E+00
14.4667 4.783E+00
14.4833 4.757E+00
14.5000 4.737E+00
14.5167 4.712E+00
14.5333 4.690E+00
14.5500 4.665E+00
14.5667 4.643E+00
14.5833 4.619E+00
14.6000 4.595E+00
14.6167 4.571E+00
14.6333 4.547E+00
14.6500 4.521E+00
14.6667 4.497E+00
14.6833 4.470E+00
14.7000 4.448E+00
14.7167 4.423E+00
14.7333 4.397E+00
14.7500 4.372E+00
14.7667 4.347E+00
14.7833 4.321E+00
14.8000 4.296E+00
14.8167 4.270E+00
14.8333 4.244E+00
14.8500 4.217E+00
14.8667 4.192E+00
14.8833 4.165E+00
14.9000 4.139E+00
14.9167 4.112E+00
14.9333 4.085E+00
14.9500 4.059E+00
14.9667 4.032E+00
14.9833 4.005E+00
