11.0000 8.471E+00
11.0167 8.513E+00
11.0333 8.554E+00
11.0500 8.595E+00
11.0667 8.636E+00
11.0833 8.677E+00
11.1000 8.718E+00
11.1167 8.758E+00
11.1333 8.798E+00
11.1500 8.838E+00
11.1667 8.877E+00
11.1833 8.916E+00
11.2000 8.955E+00
11.2167 8.994E+00
11.2333 9.028E+00
11.2500 9.071E+00
11.2667 9.108E+00
11.2833 9.146E+00
11.3000 9.183E+00
11.3167 9.220E+00
11.3333 9.257E+00
11.3500 9.293E+00
11.3667 9.329E+00
11.3833 9.365E+00
11.4000 9.400E+00
11.4167 9.435E+00
11.4333 9.470E+00
11.4500 9.504E+00
11.4667 9.538E+00
11.4833 9.572E+00
11.5000 9.597E+00
11.5167 9.639E+00
11.5333 9.671E+00
11.5500 9.704E+00
11.5667 9.736E+00
11.5833 9.764E+00
11.6000 9.799E+00
11.6167 9.830E+00
11.6333 9.849E+00
11.6500 9.890E+00
11.6667 9.915E+00
11.6833 9.948E+00
11.7000 9.971E+00
11.7167 1.001E+01
11.7333 1.003E+01
11.7500 1.006E+01
11.7667 1.009E+01
11.7833 1.012E+01
11.8000 1.015E+01
11.8167 1.017E+01
11.8333 1.020E+01
11.8500 1.022E+01
11.8667 1.025E+01
11.8833 1.027E+01
11.9000 1.030E+01
11.9167 1.032E+01
11.9333 1.035E+01
11.9500 1.037E+01
11.9667 1.039E+01
11.9833 1.041E+01
12.0000 1.043E+01
12.0167 1.046E+01
12.0333 1.048E+01
12.0500 1.050E+01
12.0667 1.052E+01
12.0833 1.054E+01
12.1000 1.056E+01
12.1167 1.058E+01
12.1333 1.060E+01
12.1500 1.061E+01
12.1667 1.063E+01
12.1833 1.065E+01
12.2000 1.066E+01
12.2167 1.068E+01
12.2333 1.070E+01
12.2500 1.071E+01
12.2667 1.073E+01
12.2833 1.074E+01
12.3000 1.075E+01
12.3167 1.077E+01
12.3333 1.078E+01
12.3500 1.079E+01
12.3667 1.081E+01
12.3833 1.082E+01
12.4000 1.083E+01
12.4167 1.084E+01
12.4333 1.085E+01
12.4500 1.086E+01
12.4667 1.087E+01
12.4833 1.088E+01
12.5000 1.089E+01
12.5167 1.090E+01
12.5333 1.090E+01
12.5500 1.091E+01
12.5667 1.092E+01
12.5833 1.092E+01
12.6000 1.093E+01
12.6167 1.093E+01
12.6333 1.094E+01
12.6500 1.094E+01
12.6667 1.094E+01
12.6833 1.094E+01
12.7000 1.094E+01
12.7167 1.094E+01
12.7333 1.094E+01
12.7500 1.094E+01
12.7667 1.094E+01
12.7833 1.094E+01
12.8000 1.094E+01
12.8167 1.094E+01
12.8333 1.094E+01
12.8500 1.094E+01
12.8667 1.094E+01
12.8833 1.094E+01
12.9000 1.094E+01
12.9167 1.094E+01
12.9333 1.094E+01
12.9500 1.094E+01
12.9667 1.093E+01
12.9833 1.093E+01
13.0000 1.092E+01
13.0167 1.091E+01
13.0333 1.091E+01
13.0500 1.090E+01
13.0667 1.089E+01
13.0833 1.088E+01
13.1000 1.088E+01
13.1167 1.087E+01
13.1333 1.086E+01
13.1500 1.085E+01
13.1667 1.083E+01
13.1833 1.082E+01
13.2000 1.081E+01
13.2167 1.080E+01
13.2333 1.079E+01
13.2500 1.078E+01
13.2667 1.076E+01
13.2833 1.075E+01
13.3000 1.074E+01
13.3167 1.072E+01
13.3333 1.071E+01
13.3500 1.069E+01
13.3667 1.068E+01
13.3833 1.066E+01
13.4000 1.064E+01
13.4167 1.062E+01
13.4333 1.061E+01
13.4500 1.059E+01
13.4667 1.057E+01
13.4833 1.055E+01
13.5000 1.053E+01
13.5167 1.051E+01
13.5333 1.049E+01
13.5500 1.047E+01
13.5667 1.045E+01
13.5833 1.042E+01
13.6000 1.041E+01
13.6167 1.038E+01
13.6333 1.036E+01
13.6500 1.034E+01
13.6667 1.031E+01
13.6833 1.029E+01
13.7000 1.026E+01
13.7167 1.024E+01
13.7333 1.021E+01
13.7500 1.019E+01
13.7667 1.016E+01
13.7833 1.014E+01
13.8000 1.011E+01
13.8167 1.008E+01
13.8333 1.005E+01
13.8500 1.003E+01
13.8667 9.997E+00
13.8833 9.968E+00
13.9000 9.939E+00
13.9167 9.905E+00
13.9333 9.879E+00
13.9500 9.845E+00
13.9667 9.812E+00
13.9833 9.787E+00
14.0000 9.756E+00
14.0167 9.724E+00
14.0333 9.692E+00
14.0500 9.659E+00
14.0667 9.626E+00
14.0833 9.593E+00
14.1000 9.560E+00
14.1167 9.526E+00
14.1333 9.492E+00
14.1500 9.457E+00
14.1667 9.415E+00
14.1833 9.387E+00
14.2000 9.352E+00
14.2167 9.316E+00
14.2333 9.280E+00
14.2500 9.243E+00
14.2667 9.206E+00
14.2833 9.168E+00
14.3000 9.132E+00
14.3167 9.095E+00
14.3333 9.057E+00
14.3500 9.018E+00
14.3667 8.970E+00
14.3833 8.940E+00
14.4000 8.902E+00
14.4167 8.863E+00
14.4333 8.816E+00
14.4500 8.783E+00
14.4667 8.743E+00
14.4833 8.703E+00
14.5000 8.662E+00
14.5167 8.621E+00
14.5333 8.580E+00
14.5500 8.539E+00
14.5667 8.497E+00
14.5833 8.456E+00
14.6000 8.413E+00
14.6167 8.369E+00
14.6333 8.329E+00
14.6500 8.286E+00
14.6667 8.242E+00
14.6833 8.199E+00
14.7000 8.153E+00
14.7167 8.113E+00
14.7333 8.069E+00
14.7500 8.025E+00
14.7667 7.981E+00
14.7833 7.937E+00
14.8000 7.893E+00
14.8167 7.843E+00
14.8333 7.803E+00
14.8500 7.758E+00
14.8667 7.713E+00
14.8833 7.668E+00
14.9000 7.622E+00
14.9167 7.577E+00
14.9333 7.526E+00
14.9500 7.485E+00
14.9667 7.439E+00
14.9833 7.393E+00
