11.0000 7.658E+00
11.0167 7.696E+00
11.0333 7.734E+00
11.0500 7.771E+00
11.0667 7.808E+00
11.0833 7.846E+00
11.1000 7.883E+00
11.1167 7.920E+00
11.1333 7.956E+00
11.1500 7.992E+00
11.1667 8.028E+00
11.1833 8.064E+00
11.2000 8.099E+00
11.2167 8.135E+00
11.2333 8.170E+00
11.2500 8.204E+00
11.2667 8.239E+00
11.2833 8.273E+00
11.3000 8.307E+00
11.3167 8.341E+00
11.3333 8.372E+00
11.3500 8.407E+00
11.3667 8.440E+00
11.3833 8.472E+00
11.4000 8.505E+00
11.4167 8.537E+00
11.4333 8.565E+00
11.4500 8.592E+00
11.4667 8.631E+00
11.4833 8.660E+00
11.5000 8.692E+00
11.5167 8.722E+00
11.5333 8.751E+00
11.5500 8.781E+00
11.5667 8.811E+00
11.5833 8.840E+00
11.6000 8.867E+00
11.6167 8.897E+00
11.6333 8.924E+00
11.6500 8.952E+00
11.6667 8.979E+00
11.6833 9.006E+00
11.7000 9.033E+00
11.7167 9.059E+00
11.7333 9.078E+00
11.7500 9.110E+00
11.7667 9.136E+00
11.7833 9.160E+00
11.8000 9.185E+00
11.8167 9.209E+00
11.8333 9.233E+00
11.8500 9.256E+00
11.8667 9.279E+00
11.8833 9.302E+00
11.9000 9.324E+00
11.9167 9.346E+00
11.9333 9.367E+00
11.9500 9.389E+00
11.9667 9.408E+00
11.9833 9.430E+00
12.0000 9.450E+00
12.0167 9.469E+00
12.0333 9.489E+00
12.0500 9.508E+00
12.0667 9.514E+00
12.0833 9.539E+00
12.1000 9.562E+00
12.1167 9.579E+00
12.1333 9.596E+00
12.1500 9.613E+00
12.1667 9.629E+00
12.1833 9.645E+00
12.2000 9.660E+00
12.2167 9.675E+00
12.2333 9.689E+00
12.2500 9.703E+00
12.2667 9.717E+00
12.2833 9.730E+00
12.3000 9.743E+00
12.3167 9.755E+00
12.3333 9.767E+00
12.3500 9.779E+00
12.3667 9.789E+00
12.3833 9.801E+00
12.4000 9.811E+00
12.4167 9.821E+00
12.4333 9.831E+00
12.4500 9.840E+00
12.4667 9.848E+00
12.4833 9.856E+00
12.5000 9.864E+00
12.5167 9.872E+00
12.5333 9.879E+00
12.5500 9.885E+00
12.5667 9.891E+00
12.5833 9.897E+00
12.6000 9.902E+00
12.6167 9.907E+00
12.6333 9.911E+00
12.6500 9.915E+00
12.6667 9.918E+00
12.6833 9.922E+00
12.7000 9.924E+00
12.7167 9.927E+00
12.7333 9.928E+00
12.7500 9.930E+00
12.7667 9.930E+00
12.7833 9.931E+00
12.8000 9.931E+00
12.8167 9.931E+00
12.8333 9.930E+00
12.8500 9.928E+00
12.8667 9.927E+00
12.8833 9.924E+00
12.9000 9.922E+00
12.9167 9.919E+00
12.9333 9.916E+00
12.9500 9.912E+00
12.9667 9.907E+00
12.9833 9.903E+00
13.0000 9.898E+00
13.0167 9.892E+00
13.0333 9.886E+00
13.0500 9.879E+00
13.0667 9.872E+00
13.0833 9.865E+00
13.1000 9.858E+00
13.1167 9.849E+00
13.1333 9.841E+00
13.1500 9.832E+00
13.1667 9.822E+00
13.1833 9.813E+00
13.2000 9.802E+00
13.2167 9.791E+00
13.2333 9.780E+00
13.2500 9.769E+00
13.2667 9.757E+00
13.2833 9.745E+00
13.3000 9.732E+00
13.3167 9.719E+00
13.3333 9.705E+00
13.3500 9.691E+00
13.3667 9.677E+00
13.3833 9.662E+00
13.4000 9.647E+00
13.4167 9.631E+00
13.4333 9.615E+00
13.4500 9.598E+00
13.4667 9.582E+00
13.4833 9.565E+00
13.5000 9.544E+00
13.5167 9.517E+00
13.5333 9.510E+00
13.5500 9.492E+00
13.5667 9.472E+00
13.5833 9.453E+00
13.6000 9.433E+00
13.6167 9.410E+00
13.6333 9.392E+00
13.6500 9.371E+00
13.6667 9.349E+00
13.6833 9.327E+00
13.7000 9.305E+00
13.7167 9.282E+00
13.7333 9.259E+00
13.7500 9.236E+00
13.7667 9.212E+00
13.7833 9.188E+00
13.8000 9.164E+00
13.8167 9.139E+00
13.8333 9.114E+00
13.8500 9.084E+00
13.8667 9.063E+00
13.8833 9.037E+00
13.9000 9.010E+00
13.9167 8.983E+00
13.9333 8.956E+00
13.9500 8.928E+00
13.9667 8.901E+00
13.9833 8.872E+00
14.0000 8.844E+00
14.0167 8.815E+00
14.0333 8.786E+00
14.0500 8.755E+00
14.0667 8.727E+00
14.0833 8.693E+00
14.1000 8.664E+00
14.1167 8.635E+00
14.1333 8.599E+00
14.1500 8.572E+00
14.1667 8.541E+00
14.1833 8.509E+00
14.2000 8.477E+00
14.2167 8.445E+00
14.2333 8.412E+00
14.2500 8.377E+00
14.2667 8.346E+00
14.2833 8.312E+00
14.3000 8.278E+00
14.3167 8.244E+00
14.3333 8.210E+00
14.3500 8.175E+00
14.3667 8.140E+00
14.3833 8.105E+00
14.4000 8.069E+00
14.4167 8.034E+00
14.4333 7.998E+00
14.4500 7.961E+00
14.4667 7.925E+00
14.4833 7.888E+00
14.5000 7.845E+00
14.5167 7.814E+00
14.5333 7.777E+00
14.5500 7.740E+00
14.5667 7.702E+00
14.5833 7.664E+00
14.6000 7.626E+00
14.6167 7.587E+00
14.6333 7.549E+00
14.6500 7.510E+00
14.6667 7.471E+00
14.6833 7.432E+00
14.7000 7.393E+00
14.7167 7.350E+00
14.7333 7.312E+00
14.7500 7.274E+00
14.7667 7.233E+00
14.7833 7.194E+00
14.8000 7.151E+00
14.8167 7.113E+00
14.8333 7.072E+00
14.8500 7.031E+00
14.8667 6.990E+00
14.8833 6.949E+00
14.9000 6.908E+00
14.9167 6.866E+00
14.9333 6.825E+00
14.9500 6.783E+00
14.9667 6.742E+00
14.9833 6.700E+00
