11.0000 8.049E+00
11.0167 8.089E+00
11.0333 8.128E+00
11.0500 8.167E+00
11.0667 8.206E+00
11.0833 8.241E+00
11.1000 8.284E+00
11.1167 8.323E+00
11.1333 8.361E+00
11.1500 8.399E+00
11.1667 8.430E+00
11.1833 8.473E+00
11.2000 8.511E+00
11.2167 8.547E+00
11.2333 8.584E+00
11.2500 8.621E+00
11.2667 8.657E+00
11.2833 8.692E+00
11.3000 8.728E+00
11.3167 8.763E+00
11.3333 8.793E+00
11.3500 8.832E+00
11.3667 8.867E+00
11.3833 8.901E+00
11.4000 8.935E+00
11.4167 8.966E+00
11.4333 9.002E+00
11.4500 9.034E+00
11.4667 9.067E+00
11.4833 9.099E+00
11.5000 9.131E+00
11.5167 9.161E+00
11.5333 9.185E+00
11.5500 9.225E+00
11.5667 9.253E+00
11.5833 9.284E+00
11.6000 9.316E+00
11.6167 9.345E+00
11.6333 9.374E+00
11.6500 9.403E+00
11.6667 9.432E+00
11.6833 9.460E+00
11.7000 9.487E+00
11.7167 9.515E+00
11.7333 9.542E+00
11.7500 9.569E+00
11.7667 9.595E+00
11.7833 9.621E+00
11.8000 9.647E+00
11.8167 9.672E+00
11.8333 9.697E+00
11.8500 9.713E+00
11.8667 9.745E+00
11.8833 9.769E+00
11.9000 9.792E+00
11.9167 9.815E+00
11.9333 9.838E+00
11.9500 9.859E+00
11.9667 9.882E+00
11.9833 9.903E+00
12.0000 9.924E+00
12.0167 9.944E+00
12.0333 9.964E+00
12.0500 9.984E+00
12.0667 1.000E+01
12.0833 1.002E+01
12.1000 1.004E+01
12.1167 1.006E+01
12.1333 1.008E+01
12.1500 1.009E+01
12.1667 1.011E+01
12.1833 1.013E+01
12.2000 1.014E+01
12.2167 1.016E+01
12.2333 1.017E+01
12.2500 1.019E+01
12.2667 1.019E+01
12.2833 1.020E+01
12.3000 1.023E+01
12.3167 1.024E+01
12.3333 1.026E+01
12.3500 1.027E+01
12.3667 1.028E+01
12.3833 1.029E+01
12.4000 1.030E+01
12.4167 1.031E+01
12.4333 1.032E+01
12.4500 1.033E+01
12.4667 1.034E+01
12.4833 1.035E+01
12.5000 1.036E+01
12.5167 1.036E+01
12.5333 1.037E+01
12.5500 1.038E+01
12.5667 1.038E+01
12.5833 1.039E+01
12.6000 1.040E+01
12.6167 1.040E+01
12.6333 1.040E+01
12.6500 1.041E+01
12.6667 1.041E+01
12.6833 1.042E+01
12.7000 1.042E+01
12.7167 1.042E+01
12.7333 1.042E+01
12.7500 1.042E+01
12.7667 1.042E+01
12.7833 1.042E+01
12.8000 1.042E+01
12.8167 1.042E+01
12.8333 1.042E+01
12.8500 1.042E+01
12.8667 1.042E+01
12.8833 1.042E+01
12.9000 1.042E+01
12.9167 1.041E+01
12.9333 1.041E+01
12.9500 1.040E+01
12.9667 1.040E+01
12.9833 1.039E+01
13.0000 1.039E+01
13.0167 1.038E+01
13.0333 1.038E+01
13.0500 1.037E+01
13.0667 1.036E+01
13.0833 1.036E+01
13.1000 1.035E+01
13.1167 1.034E+01
13.1333 1.033E+01
13.1500 1.032E+01
13.1667 1.031E+01
13.1833 1.030E+01
13.2000 1.029E+01
13.2167 1.028E+01
13.2333 1.027E+01
13.2500 1.025E+01
13.2667 1.024E+01
13.2833 1.023E+01
13.3000 1.020E+01
13.3167 1.019E+01
13.3333 1.019E+01
13.3500 1.017E+01
13.3667 1.016E+01
13.3833 1.014E+01
13.4000 1.012E+01
13.4167 1.011E+01
13.4333 1.009E+01
13.4500 1.007E+01
13.4667 1.006E+01
13.4833 1.004E+01
13.5000 1.002E+01
13.5167 1.000E+01
13.5333 9.981E+00
13.5500 9.962E+00
13.5667 9.942E+00
13.5833 9.921E+00
13.6000 9.900E+00
13.6167 9.879E+00
13.6333 9.857E+00
13.6500 9.835E+00
13.6667 9.812E+00
13.6833 9.789E+00
13.7000 9.766E+00
13.7167 9.742E+00
13.7333 9.712E+00
13.7500 9.694E+00
13.7667 9.669E+00
13.7833 9.643E+00
13.8000 9.618E+00
13.8167 9.592E+00
13.8333 9.565E+00
13.8500 9.539E+00
13.8667 9.512E+00
13.8833 9.483E+00
13.9000 9.456E+00
13.9167 9.428E+00
13.9333 9.400E+00
13.9500 9.371E+00
13.9667 9.341E+00
13.9833 9.309E+00
14.0000 9.279E+00
14.0167 9.246E+00
14.0333 9.221E+00
14.0500 9.183E+00
14.0667 9.154E+00
14.0833 9.127E+00
14.1000 9.095E+00
14.1167 9.063E+00
14.1333 9.031E+00
14.1500 8.998E+00
14.1667 8.956E+00
14.1833 8.931E+00
14.2000 8.897E+00
14.2167 8.863E+00
14.2333 8.828E+00
14.2500 8.786E+00
14.2667 8.759E+00
14.2833 8.724E+00
14.3000 8.688E+00
14.3167 8.652E+00
14.3333 8.616E+00
14.3500 8.580E+00
14.3667 8.543E+00
14.3833 8.506E+00
14.4000 8.469E+00
14.4167 8.430E+00
14.4333 8.393E+00
14.4500 8.356E+00
14.4667 8.318E+00
14.4833 8.279E+00
14.5000 8.236E+00
14.5167 8.202E+00
14.5333 8.163E+00
14.5500 8.123E+00
14.5667 8.084E+00
14.5833 8.040E+00
14.6000 8.004E+00
14.6167 7.964E+00
14.6333 7.923E+00
14.6500 7.883E+00
14.6667 7.837E+00
14.6833 7.798E+00
14.7000 7.759E+00
14.7167 7.717E+00
14.7333 7.676E+00
14.7500 7.628E+00
14.7667 7.593E+00
14.7833 7.551E+00
14.8000 7.508E+00
14.8167 7.466E+00
14.8333 7.423E+00
14.8500 7.380E+00
14.8667 7.337E+00
14.8833 7.294E+00
14.9000 7.251E+00
14.9167 7.207E+00
14.9333 7.164E+00
14.9500 7.120E+00
14.9667 7.076E+00
14.9833 7.033E+00
