11.0000 6.997E+00
11.0167 7.036E+00
11.0333 7.074E+00
11.0500 7.109E+00
11.0667 7.149E+00
11.0833 7.186E+00
11.1000 7.223E+00
11.1167 7.260E+00
11.1333 7.296E+00
11.1500 7.329E+00
11.1667 7.369E+00
11.1833 7.403E+00
11.2000 7.440E+00
11.2167 7.476E+00
11.2333 7.511E+00
11.2500 7.546E+00
11.2667 7.581E+00
11.2833 7.616E+00
11.3000 7.650E+00
11.3167 7.682E+00
11.3333 7.718E+00
11.3500 7.751E+00
11.3667 7.785E+00
11.3833 7.817E+00
11.4000 7.850E+00
11.4167 7.881E+00
11.4333 7.915E+00
11.4500 7.947E+00
11.4667 7.978E+00
11.4833 8.010E+00
11.5000 8.041E+00
11.5167 8.072E+00
11.5333 8.099E+00
11.5500 8.132E+00
11.5667 8.162E+00
11.5833 8.192E+00
11.6000 8.221E+00
11.6167 8.250E+00
11.6333 8.279E+00
11.6500 8.304E+00
11.6667 8.335E+00
11.6833 8.363E+00
11.7000 8.390E+00
11.7167 8.416E+00
11.7333 8.443E+00
11.7500 8.470E+00
11.7667 8.496E+00
11.7833 8.522E+00
11.8000 8.547E+00
11.8167 8.572E+00
11.8333 8.596E+00
11.8500 8.619E+00
11.8667 8.645E+00
11.8833 8.668E+00
11.9000 8.692E+00
11.9167 8.714E+00
11.9333 8.737E+00
11.9500 8.759E+00
11.9667 8.781E+00
11.9833 8.802E+00
12.0000 8.823E+00
12.0167 8.844E+00
12.0333 8.862E+00
12.0500 8.884E+00
12.0667 8.903E+00
12.0833 8.923E+00
12.1000 8.941E+00
12.1167 8.960E+00
12.1333 8.977E+00
12.1500 8.995E+00
12.1667 9.012E+00
12.1833 9.029E+00
12.2000 9.041E+00
12.2167 9.061E+00
12.2333 9.077E+00
12.2500 9.092E+00
12.2667 9.107E+00
12.2833 9.122E+00
12.3000 9.135E+00
12.3167 9.149E+00
12.3333 9.162E+00
12.3500 9.175E+00
12.3667 9.185E+00
12.3833 9.195E+00
12.4000 9.211E+00
12.4167 9.222E+00
12.4333 9.228E+00
12.4500 9.241E+00
12.4667 9.253E+00
12.4833 9.260E+00
12.5000 9.263E+00
12.5167 9.274E+00
12.5333 9.288E+00
12.5500 9.296E+00
12.5667 9.303E+00
12.5833 9.310E+00
12.6000 9.316E+00
12.6167 9.319E+00
12.6333 9.321E+00
12.6500 9.328E+00
12.6667 9.336E+00
12.6833 9.341E+00
12.7000 9.345E+00
12.7167 9.349E+00
12.7333 9.353E+00
12.7500 9.355E+00
12.7667 9.357E+00
12.7833 9.358E+00
12.8000 9.359E+00
12.8167 9.359E+00
12.8333 9.360E+00
12.8500 9.360E+00
12.8667 9.359E+00
12.8833 9.359E+00
12.9000 9.358E+00
12.9167 9.357E+00
12.9333 9.355E+00
12.9500 9.353E+00
12.9667 9.349E+00
12.9833 9.345E+00
13.0000 9.341E+00
13.0167 9.336E+00
13.0333 9.329E+00
13.0500 9.322E+00
13.0667 9.319E+00
13.0833 9.316E+00
13.1000 9.310E+00
13.1167 9.304E+00
13.1333 9.296E+00
13.1500 9.289E+00
13.1667 9.275E+00
13.1833 9.264E+00
13.2000 9.260E+00
13.2167 9.254E+00
13.2333 9.243E+00
13.2500 9.228E+00
13.2667 9.223E+00
13.2833 9.212E+00
13.3000 9.197E+00
13.3167 9.186E+00
13.3333 9.176E+00
13.3500 9.163E+00
13.3667 9.151E+00
13.3833 9.137E+00
13.4000 9.123E+00
13.4167 9.109E+00
13.4333 9.094E+00
13.4500 9.079E+00
13.4667 9.063E+00
13.4833 9.044E+00
13.5000 9.031E+00
13.5167 9.013E+00
13.5333 8.997E+00
13.5500 8.980E+00
13.5667 8.962E+00
13.5833 8.943E+00
13.6000 8.925E+00
13.6167 8.905E+00
13.6333 8.886E+00
13.6500 8.862E+00
13.6667 8.846E+00
13.6833 8.825E+00
13.7000 8.804E+00
13.7167 8.783E+00
13.7333 8.761E+00
13.7500 8.739E+00
13.7667 8.717E+00
13.7833 8.694E+00
13.8000 8.671E+00
13.8167 8.647E+00
13.8333 8.621E+00
13.8500 8.599E+00
13.8667 8.575E+00
13.8833 8.549E+00
13.9000 8.524E+00
13.9167 8.498E+00
13.9333 8.473E+00
13.9500 8.446E+00
13.9667 8.419E+00
13.9833 8.393E+00
14.0000 8.365E+00
14.0167 8.338E+00
14.0333 8.305E+00
14.0500 8.282E+00
14.0667 8.253E+00
14.0833 8.224E+00
14.1000 8.195E+00
14.1167 8.165E+00
14.1333 8.136E+00
14.1500 8.100E+00
14.1667 8.075E+00
14.1833 8.044E+00
14.2000 8.013E+00
14.2167 7.982E+00
14.2333 7.951E+00
14.2500 7.919E+00
14.2667 7.883E+00
14.2833 7.854E+00
14.3000 7.821E+00
14.3167 7.788E+00
14.3333 7.755E+00
14.3500 7.721E+00
14.3667 7.685E+00
14.3833 7.654E+00
14.4000 7.620E+00
14.4167 7.585E+00
14.4333 7.550E+00
14.4500 7.515E+00
14.4667 7.480E+00
14.4833 7.445E+00
14.5000 7.409E+00
14.5167 7.373E+00
14.5333 7.334E+00
14.5500 7.300E+00
14.5667 7.264E+00
14.5833 7.227E+00
14.6000 7.190E+00
14.6167 7.153E+00
14.6333 7.116E+00
14.6500 7.078E+00
14.6667 7.040E+00
14.6833 7.002E+00
14.7000 6.964E+00
14.7167 6.926E+00
14.7333 6.887E+00
14.7500 6.848E+00
14.7667 6.810E+00
14.7833 6.768E+00
14.8000 6.727E+00
14.8167 6.690E+00
14.8333 6.653E+00
14.8500 6.613E+00
14.8667 6.572E+00
14.8833 6.532E+00
14.9000 6.493E+00
14.9167 6.453E+00
14.9333 6.413E+00
14.9500 6.370E+00
14.9667 6.329E+00
14.9833 6.291E+00
