11.0000 6.465E+00
11.0167 6.505E+00
11.0333 6.541E+00
11.0500 6.576E+00
11.0667 6.611E+00
11.0833 6.646E+00
11.1000 6.681E+00
11.1167 6.716E+00
11.1333 6.751E+00
11.1500 6.785E+00
11.1667 6.819E+00
11.1833 6.853E+00
11.2000 6.887E+00
11.2167 6.921E+00
11.2333 6.954E+00
11.2500 6.987E+00
11.2667 7.020E+00
11.2833 7.052E+00
11.3000 7.085E+00
11.3167 7.117E+00
11.3333 7.149E+00
11.3500 7.178E+00
11.3667 7.212E+00
11.3833 7.243E+00
11.4000 7.273E+00
11.4167 7.305E+00
11.4333 7.334E+00
11.4500 7.366E+00
11.4667 7.392E+00
11.4833 7.423E+00
11.5000 7.455E+00
11.5167 7.484E+00
11.5333 7.513E+00
11.5500 7.541E+00
11.5667 7.570E+00
11.5833 7.597E+00
11.6000 7.626E+00
11.6167 7.653E+00
11.6333 7.680E+00
11.6500 7.707E+00
11.6667 7.733E+00
11.6833 7.760E+00
11.7000 7.786E+00
11.7167 7.812E+00
11.7333 7.837E+00
11.7500 7.861E+00
11.7667 7.887E+00
11.7833 7.911E+00
11.8000 7.935E+00
11.8167 7.959E+00
11.8333 7.982E+00
11.8500 8.005E+00
11.8667 8.028E+00
11.8833 8.051E+00
11.9000 8.073E+00
11.9167 8.095E+00
11.9333 8.116E+00
11.9500 8.137E+00
11.9667 8.158E+00
11.9833 8.178E+00
12.0000 8.198E+00
12.0167 8.218E+00
12.0333 8.237E+00
12.0500 8.257E+00
12.0667 8.272E+00
12.0833 8.294E+00
12.1000 8.311E+00
12.1167 8.329E+00
12.1333 8.346E+00
12.1500 8.363E+00
12.1667 8.380E+00
12.1833 8.396E+00
12.2000 8.411E+00
12.2167 8.426E+00
12.2333 8.439E+00
12.2500 8.457E+00
12.2667 8.471E+00
12.2833 8.485E+00
12.3000 8.498E+00
12.3167 8.511E+00
12.3333 8.524E+00
12.3500 8.536E+00
12.3667 8.548E+00
12.3833 8.560E+00
12.4000 8.568E+00
12.4167 8.578E+00
12.4333 8.592E+00
12.4500 8.602E+00
12.4667 8.609E+00
12.4833 8.617E+00
12.5000 8.630E+00
12.5167 8.636E+00
12.5333 8.642E+00
12.5500 8.646E+00
12.5667 8.659E+00
12.5833 8.668E+00
12.6000 8.674E+00
12.6167 8.680E+00
12.6333 8.686E+00
12.6500 8.691E+00
12.6667 8.694E+00
12.6833 8.694E+00
12.7000 8.697E+00
12.7167 8.705E+00
12.7333 8.710E+00
12.7500 8.713E+00
12.7667 8.715E+00
12.7833 8.717E+00
12.8000 8.719E+00
12.8167 8.720E+00
12.8333 8.721E+00
12.8500 8.721E+00
12.8667 8.721E+00
12.8833 8.721E+00
12.9000 8.720E+00
12.9167 8.718E+00
12.9333 8.716E+00
12.9500 8.715E+00
12.9667 8.713E+00
12.9833 8.709E+00
13.0000 8.703E+00
13.0167 8.696E+00
13.0333 8.694E+00
13.0500 8.693E+00
13.0667 8.690E+00
13.0833 8.685E+00
13.1000 8.679E+00
13.1167 8.673E+00
13.1333 8.667E+00
13.1500 8.657E+00
13.1667 8.646E+00
13.1833 8.641E+00
13.2000 8.635E+00
13.2167 8.628E+00
13.2333 8.614E+00
13.2500 8.609E+00
13.2667 8.600E+00
13.2833 8.590E+00
13.3000 8.575E+00
13.3167 8.568E+00
13.3333 8.558E+00
13.3500 8.546E+00
13.3667 8.534E+00
13.3833 8.522E+00
13.4000 8.509E+00
13.4167 8.496E+00
13.4333 8.482E+00
13.4500 8.468E+00
13.4667 8.454E+00
13.4833 8.433E+00
13.5000 8.422E+00
13.5167 8.409E+00
13.5333 8.393E+00
13.5500 8.377E+00
13.5667 8.360E+00
13.5833 8.343E+00
13.6000 8.326E+00
13.6167 8.308E+00
13.6333 8.290E+00
13.6500 8.272E+00
13.6667 8.253E+00
13.6833 8.234E+00
13.7000 8.215E+00
13.7167 8.195E+00
13.7333 8.175E+00
13.7500 8.154E+00
13.7667 8.134E+00
13.7833 8.112E+00
13.8000 8.091E+00
13.8167 8.069E+00
13.8333 8.047E+00
13.8500 8.024E+00
13.8667 8.001E+00
13.8833 7.978E+00
13.9000 7.955E+00
13.9167 7.931E+00
13.9333 7.906E+00
13.9500 7.882E+00
13.9667 7.857E+00
13.9833 7.832E+00
14.0000 7.807E+00
14.0167 7.781E+00
14.0333 7.755E+00
14.0500 7.729E+00
14.0667 7.702E+00
14.0833 7.675E+00
14.1000 7.648E+00
14.1167 7.621E+00
14.1333 7.593E+00
14.1500 7.565E+00
14.1667 7.536E+00
14.1833 7.508E+00
14.2000 7.479E+00
14.2167 7.450E+00
14.2333 7.420E+00
14.2500 7.385E+00
14.2667 7.355E+00
14.2833 7.330E+00
14.3000 7.297E+00
14.3167 7.268E+00
14.3333 7.238E+00
14.3500 7.205E+00
14.3667 7.175E+00
14.3833 7.140E+00
14.4000 7.112E+00
14.4167 7.079E+00
14.4333 7.047E+00
14.4500 7.014E+00
14.4667 6.981E+00
14.4833 6.948E+00
14.5000 6.915E+00
14.5167 6.881E+00
14.5333 6.847E+00
14.5500 6.813E+00
14.5667 6.779E+00
14.5833 6.745E+00
14.6000 6.710E+00
14.6167 6.671E+00
14.6333 6.641E+00
14.6500 6.605E+00
14.6667 6.570E+00
14.6833 6.535E+00
14.7000 6.499E+00
14.7167 6.463E+00
14.7333 6.427E+00
14.7500 6.391E+00
14.7667 6.354E+00
14.7833 6.314E+00
14.8000 6.280E+00
14.8167 6.245E+00
14.8333 6.208E+00
14.8500 6.170E+00
14.8667 6.133E+00
14.8833 6.096E+00
14.9000 6.059E+00
14.9167 6.021E+00
14.9333 5.983E+00
14.9500 5.944E+00
14.9667 5.907E+00
14.9833 5.869E+00
