11.0000 6.832E+00
11.0167 6.869E+00
11.0333 6.907E+00
11.0500 6.943E+00
11.0667 6.978E+00
11.0833 7.017E+00
11.1000 7.053E+00
11.1167 7.090E+00
11.1333 7.125E+00
11.1500 7.161E+00
11.1667 7.192E+00
11.1833 7.232E+00
11.2000 7.266E+00
11.2167 7.302E+00
11.2333 7.337E+00
11.2500 7.371E+00
11.2667 7.405E+00
11.2833 7.439E+00
11.3000 7.473E+00
11.3167 7.507E+00
11.3333 7.537E+00
11.3500 7.573E+00
11.3667 7.605E+00
11.3833 7.638E+00
11.4000 7.670E+00
11.4167 7.702E+00
11.4333 7.731E+00
11.4500 7.765E+00
11.4667 7.796E+00
11.4833 7.827E+00
11.5000 7.858E+00
11.5167 7.888E+00
11.5333 7.918E+00
11.5500 7.944E+00
11.5667 7.977E+00
11.5833 8.006E+00
11.6000 8.035E+00
11.6167 8.064E+00
11.6333 8.092E+00
11.6500 8.120E+00
11.6667 8.144E+00
11.6833 8.175E+00
11.7000 8.202E+00
11.7167 8.228E+00
11.7333 8.254E+00
11.7500 8.280E+00
11.7667 8.306E+00
11.7833 8.331E+00
11.8000 8.356E+00
11.8167 8.381E+00
11.8333 8.405E+00
11.8500 8.429E+00
11.8667 8.452E+00
11.8833 8.476E+00
11.9000 8.499E+00
11.9167 8.521E+00
11.9333 8.543E+00
11.9500 8.565E+00
11.9667 8.587E+00
11.9833 8.608E+00
12.0000 8.629E+00
12.0167 8.649E+00
12.0333 8.669E+00
12.0500 8.688E+00
12.0667 8.708E+00
12.0833 8.727E+00
12.1000 8.745E+00
12.1167 8.763E+00
12.1333 8.781E+00
12.1500 8.799E+00
12.1667 8.816E+00
12.1833 8.832E+00
12.2000 8.846E+00
12.2167 8.857E+00
12.2333 8.880E+00
12.2500 8.895E+00
12.2667 8.909E+00
12.2833 8.924E+00
12.3000 8.937E+00
12.3167 8.951E+00
12.3333 8.964E+00
12.3500 8.977E+00
12.3667 8.989E+00
12.3833 9.000E+00
12.4000 9.004E+00
12.4167 9.023E+00
12.4333 9.034E+00
12.4500 9.043E+00
12.4667 9.048E+00
12.4833 9.063E+00
12.5000 9.072E+00
12.5167 9.077E+00
12.5333 9.081E+00
12.5500 9.091E+00
12.5667 9.104E+00
12.5833 9.111E+00
12.6000 9.117E+00
12.6167 9.123E+00
12.6333 9.128E+00
12.6500 9.133E+00
12.6667 9.135E+00
12.6833 9.136E+00
12.7000 9.140E+00
12.7167 9.148E+00
12.7333 9.152E+00
12.7500 9.155E+00
12.7667 9.157E+00
12.7833 9.159E+00
12.8000 9.161E+00
12.8167 9.162E+00
12.8333 9.162E+00
12.8500 9.163E+00
12.8667 9.162E+00
12.8833 9.161E+00
12.9000 9.160E+00
12.9167 9.158E+00
12.9333 9.156E+00
12.9500 9.154E+00
12.9667 9.150E+00
12.9833 9.145E+00
13.0000 9.139E+00
13.0167 9.135E+00
13.0333 9.135E+00
13.0500 9.132E+00
13.0667 9.126E+00
13.0833 9.121E+00
13.1000 9.115E+00
13.1167 9.108E+00
13.1333 9.100E+00
13.1500 9.085E+00
13.1667 9.079E+00
13.1833 9.076E+00
13.2000 9.069E+00
13.2167 9.058E+00
13.2333 9.046E+00
13.2500 9.040E+00
13.2667 9.030E+00
13.2833 9.018E+00
13.3000 9.004E+00
13.3167 8.996E+00
13.3333 8.985E+00
13.3500 8.972E+00
13.3667 8.960E+00
13.3833 8.946E+00
13.4000 8.933E+00
13.4167 8.919E+00
13.4333 8.904E+00
13.4500 8.890E+00
13.4667 8.875E+00
13.4833 8.854E+00
13.5000 8.839E+00
13.5167 8.827E+00
13.5333 8.810E+00
13.5500 8.793E+00
13.5667 8.775E+00
13.5833 8.758E+00
13.6000 8.739E+00
13.6167 8.720E+00
13.6333 8.697E+00
13.6500 8.682E+00
13.6667 8.662E+00
13.6833 8.642E+00
13.7000 8.622E+00
13.7167 8.601E+00
13.7333 8.580E+00
13.7500 8.558E+00
13.7667 8.536E+00
13.7833 8.514E+00
13.8000 8.491E+00
13.8167 8.468E+00
13.8333 8.445E+00
13.8500 8.421E+00
13.8667 8.397E+00
13.8833 8.373E+00
13.9000 8.345E+00
13.9167 8.323E+00
13.9333 8.294E+00
13.9500 8.272E+00
13.9667 8.245E+00
13.9833 8.219E+00
14.0000 8.192E+00
14.0167 8.166E+00
14.0333 8.138E+00
14.0500 8.111E+00
14.0667 8.082E+00
14.0833 8.054E+00
14.1000 8.026E+00
14.1167 7.997E+00
14.1333 7.967E+00
14.1500 7.938E+00
14.1667 7.908E+00
14.1833 7.878E+00
14.2000 7.848E+00
14.2167 7.817E+00
14.2333 7.785E+00
14.2500 7.751E+00
14.2667 7.721E+00
14.2833 7.691E+00
14.3000 7.660E+00
14.3167 7.626E+00
14.3333 7.595E+00
14.3500 7.562E+00
14.3667 7.527E+00
14.3833 7.496E+00
14.4000 7.462E+00
14.4167 7.428E+00
14.4333 7.394E+00
14.4500 7.360E+00
14.4667 7.325E+00
14.4833 7.291E+00
14.5000 7.256E+00
14.5167 7.221E+00
14.5333 7.185E+00
14.5500 7.149E+00
14.5667 7.114E+00
14.5833 7.078E+00
14.6000 7.041E+00
14.6167 7.003E+00
14.6333 6.968E+00
14.6500 6.931E+00
14.6667 6.894E+00
14.6833 6.857E+00
14.7000 6.820E+00
14.7167 6.782E+00
14.7333 6.744E+00
14.7500 6.706E+00
14.7667 6.663E+00
14.7833 6.630E+00
14.8000 6.592E+00
14.8167 6.548E+00
14.8333 6.514E+00
14.8500 6.475E+00
14.8667 6.437E+00
14.8833 6.394E+00
14.9000 6.358E+00
14.9167 6.319E+00
14.9333 6.279E+00
14.9500 6.240E+00
14.9667 6.200E+00
14.9833 6.160E+00
