11.0000 8.063E+00
11.0167 8.106E+00
11.0333 8.148E+00
11.0500 8.190E+00
11.0667 8.232E+00
11.0833 8.273E+00
11.1000 8.315E+00
11.1167 8.356E+00
11.1333 8.397E+00
11.1500 8.437E+00
11.1667 8.477E+00
11.1833 8.517E+00
11.2000 8.557E+00
11.2167 8.597E+00
11.2333 8.636E+00
11.2500 8.675E+00
11.2667 8.714E+00
11.2833 8.752E+00
11.3000 8.791E+00
11.3167 8.828E+00
11.3333 8.866E+00
11.3500 8.901E+00
11.3667 8.940E+00
11.3833 8.976E+00
11.4000 9.009E+00
11.4167 9.043E+00
11.4333 9.085E+00
11.4500 9.120E+00
11.4667 9.155E+00
11.4833 9.190E+00
11.5000 9.225E+00
11.5167 9.259E+00
11.5333 9.290E+00
11.5500 9.326E+00
11.5667 9.359E+00
11.5833 9.392E+00
11.6000 9.424E+00
11.6167 9.456E+00
11.6333 9.488E+00
11.6500 9.519E+00
11.6667 9.550E+00
11.6833 9.581E+00
11.7000 9.611E+00
11.7167 9.641E+00
11.7333 9.669E+00
11.7500 9.699E+00
11.7667 9.728E+00
11.7833 9.756E+00
11.8000 9.779E+00
11.8167 9.811E+00
11.8333 9.839E+00
11.8500 9.865E+00
11.8667 9.892E+00
11.8833 9.915E+00
11.9000 9.943E+00
11.9167 9.968E+00
11.9333 9.993E+00
11.9500 1.002E+01
11.9667 1.004E+01
11.9833 1.006E+01
12.0000 1.009E+01
12.0167 1.011E+01
12.0333 1.013E+01
12.0500 1.015E+01
12.0667 1.018E+01
12.0833 1.019E+01
12.1000 1.022E+01
12.1167 1.024E+01
12.1333 1.026E+01
12.1500 1.028E+01
12.1667 1.029E+01
12.1833 1.031E+01
12.2000 1.033E+01
12.2167 1.035E+01
12.2333 1.036E+01
12.2500 1.038E+01
12.2667 1.040E+01
12.2833 1.041E+01
12.3000 1.043E+01
12.3167 1.044E+01
12.3333 1.046E+01
12.3500 1.047E+01
12.3667 1.048E+01
12.3833 1.050E+01
12.4000 1.051E+01
12.4167 1.052E+01
12.4333 1.053E+01
12.4500 1.054E+01
12.4667 1.055E+01
12.4833 1.056E+01
12.5000 1.057E+01
12.5167 1.058E+01
12.5333 1.058E+01
12.5500 1.059E+01
12.5667 1.061E+01
12.5833 1.061E+01
12.6000 1.062E+01
12.6167 1.062E+01
12.6333 1.063E+01
12.6500 1.063E+01
12.6667 1.064E+01
12.6833 1.064E+01
12.7000 1.065E+01
12.7167 1.065E+01
12.7333 1.065E+01
12.7500 1.066E+01
12.7667 1.066E+01
12.7833 1.066E+01
12.8000 1.066E+01
12.8167 1.066E+01
12.8333 1.066E+01
12.8500 1.066E+01
12.8667 1.066E+01
12.8833 1.066E+01
12.9000 1.066E+01
12.9167 1.065E+01
12.9333 1.065E+01
12.9500 1.065E+01
12.9667 1.064E+01
12.9833 1.063E+01
13.0000 1.063E+01
13.0167 1.063E+01
13.0333 1.062E+01
13.0500 1.062E+01
13.0667 1.061E+01
13.0833 1.060E+01
13.1000 1.059E+01
13.1167 1.058E+01
13.1333 1.058E+01
13.1500 1.057E+01
13.1667 1.056E+01
13.1833 1.055E+01
13.2000 1.054E+01
13.2167 1.053E+01
13.2333 1.051E+01
13.2500 1.050E+01
13.2667 1.049E+01
13.2833 1.048E+01
13.3000 1.046E+01
13.3167 1.045E+01
13.3333 1.044E+01
13.3500 1.042E+01
13.3667 1.040E+01
13.3833 1.039E+01
13.4000 1.037E+01
13.4167 1.036E+01
13.4333 1.034E+01
13.4500 1.032E+01
13.4667 1.030E+01
13.4833 1.029E+01
13.5000 1.027E+01
13.5167 1.025E+01
13.5333 1.023E+01
13.5500 1.020E+01
13.5667 1.019E+01
13.5833 1.017E+01
13.6000 1.014E+01
13.6167 1.012E+01
13.6333 1.010E+01
13.6500 1.008E+01
13.6667 1.005E+01
13.6833 1.003E+01
13.7000 1.001E+01
13.7167 9.982E+00
13.7333 9.957E+00
13.7500 9.932E+00
13.7667 9.904E+00
13.7833 9.880E+00
13.8000 9.853E+00
13.8167 9.826E+00
13.8333 9.799E+00
13.8500 9.770E+00
13.8667 9.743E+00
13.8833 9.704E+00
13.9000 9.686E+00
13.9167 9.654E+00
13.9333 9.627E+00
13.9500 9.597E+00
13.9667 9.567E+00
13.9833 9.532E+00
14.0000 9.505E+00
14.0167 9.474E+00
14.0333 9.442E+00
14.0500 9.410E+00
14.0667 9.377E+00
14.0833 9.344E+00
14.1000 9.311E+00
14.1167 9.278E+00
14.1333 9.244E+00
14.1500 9.210E+00
14.1667 9.175E+00
14.1833 9.140E+00
14.2000 9.105E+00
14.2167 9.069E+00
14.2333 9.030E+00
14.2500 8.997E+00
14.2667 8.961E+00
14.2833 8.923E+00
14.3000 8.886E+00
14.3167 8.848E+00
14.3333 8.803E+00
14.3500 8.772E+00
14.3667 8.730E+00
14.3833 8.697E+00
14.4000 8.658E+00
14.4167 8.619E+00
14.4333 8.580E+00
14.4500 8.540E+00
14.4667 8.500E+00
14.4833 8.455E+00
14.5000 8.419E+00
14.5167 8.374E+00
14.5333 8.338E+00
14.5500 8.296E+00
14.5667 8.255E+00
14.5833 8.214E+00
14.6000 8.172E+00
14.6167 8.129E+00
14.6333 8.087E+00
14.6500 8.045E+00
14.6667 8.002E+00
14.6833 7.959E+00
14.7000 7.916E+00
14.7167 7.868E+00
14.7333 7.829E+00
14.7500 7.785E+00
14.7667 7.736E+00
14.7833 7.697E+00
14.8000 7.651E+00
14.8167 7.608E+00
14.8333 7.563E+00
14.8500 7.519E+00
14.8667 7.474E+00
14.8833 7.423E+00
14.9000 7.383E+00
14.9167 7.338E+00
14.9333 7.292E+00
14.9500 7.245E+00
14.9667 7.198E+00
14.9833 7.155E+00
