11.0000 8.983E+00
11.0167 9.029E+00
11.0333 9.072E+00
11.0500 9.116E+00
11.0667 9.159E+00
11.0833 9.202E+00
11.1000 9.244E+00
11.1167 9.287E+00
11.1333 9.329E+00
11.1500 9.371E+00
11.1667 9.412E+00
11.1833 9.449E+00
11.2000 9.494E+00
11.2167 9.535E+00
11.2333 9.573E+00
11.2500 9.615E+00
11.2667 9.655E+00
11.2833 9.687E+00
11.3000 9.734E+00
11.3167 9.773E+00
11.3333 9.811E+00
11.3500 9.849E+00
11.3667 9.887E+00
11.3833 9.924E+00
11.4000 9.962E+00
11.4167 9.999E+00
11.4333 1.004E+01
11.4500 1.007E+01
11.4667 1.010E+01
11.4833 1.014E+01
11.5000 1.018E+01
11.5167 1.021E+01
11.5333 1.025E+01
11.5500 1.028E+01
11.5667 1.030E+01
11.5833 1.035E+01
11.6000 1.038E+01
11.6167 1.041E+01
11.6333 1.044E+01
11.6500 1.048E+01
11.6667 1.051E+01
11.6833 1.053E+01
11.7000 1.057E+01
11.7167 1.060E+01
11.7333 1.063E+01
11.7500 1.066E+01
11.7667 1.069E+01
11.7833 1.071E+01
11.8000 1.074E+01
11.8167 1.077E+01
11.8333 1.080E+01
11.8500 1.083E+01
11.8667 1.085E+01
11.8833 1.088E+01
11.9000 1.090E+01
11.9167 1.093E+01
11.9333 1.095E+01
11.9500 1.098E+01
11.9667 1.100E+01
11.9833 1.103E+01
12.0000 1.105E+01
12.0167 1.107E+01
12.0333 1.109E+01
12.0500 1.111E+01
12.0667 1.114E+01
12.0833 1.116E+01
12.1000 1.118E+01
12.1167 1.120E+01
12.1333 1.121E+01
12.1500 1.123E+01
12.1667 1.125E+01
12.1833 1.127E+01
12.2000 1.129E+01
12.2167 1.131E+01
12.2333 1.132E+01
12.2500 1.134E+01
12.2667 1.135E+01
12.2833 1.137E+01
12.3000 1.138E+01
12.3167 1.140E+01
12.3333 1.141E+01
12.3500 1.142E+01
12.3667 1.144E+01
12.3833 1.145E+01
12.4000 1.146E+01
12.4167 1.147E+01
12.4333 1.148E+01
12.4500 1.149E+01
12.4667 1.150E+01
12.4833 1.151E+01
12.5000 1.152E+01
12.5167 1.153E+01
12.5333 1.154E+01
12.5500 1.154E+01
12.5667 1.155E+01
12.5833 1.156E+01
12.6000 1.156E+01
12.6167 1.156E+01
12.6333 1.157E+01
12.6500 1.157E+01
12.6667 1.158E+01
12.6833 1.158E+01
12.7000 1.159E+01
12.7167 1.159E+01
12.7333 1.159E+01
12.7500 1.159E+01
12.7667 1.159E+01
12.7833 1.159E+01
12.8000 1.159E+01
12.8167 1.159E+01
12.8333 1.159E+01
12.8500 1.159E+01
12.8667 1.159E+01
12.8833 1.158E+01
12.9000 1.158E+01
12.9167 1.157E+01
12.9333 1.157E+01
12.9500 1.156E+01
12.9667 1.156E+01
12.9833 1.156E+01
13.0000 1.155E+01
13.0167 1.155E+01
13.0333 1.154E+01
13.0500 1.153E+01
13.0667 1.152E+01
13.0833 1.151E+01
13.1000 1.150E+01
13.1167 1.149E+01
13.1333 1.148E+01
13.1500 1.147E+01
13.1667 1.146E+01
13.1833 1.145E+01
13.2000 1.144E+01
13.2167 1.143E+01
13.2333 1.141E+01
13.2500 1.140E+01
13.2667 1.139E+01
13.2833 1.137E+01
13.3000 1.136E+01
13.3167 1.134E+01
13.3333 1.132E+01
13.3500 1.131E+01
13.3667 1.129E+01
13.3833 1.127E+01
13.4000 1.126E+01
13.4167 1.124E+01
13.4333 1.122E+01
13.4500 1.120E+01
13.4667 1.118E+01
13.4833 1.116E+01
13.5000 1.114E+01
13.5167 1.112E+01
13.5333 1.110E+01
13.5500 1.108E+01
13.5667 1.105E+01
13.5833 1.103E+01
13.6000 1.101E+01
13.6167 1.098E+01
13.6333 1.096E+01
13.6500 1.093E+01
13.6667 1.091E+01
13.6833 1.088E+01
13.7000 1.086E+01
13.7167 1.083E+01
13.7333 1.080E+01
13.7500 1.078E+01
13.7667 1.075E+01
13.7833 1.071E+01
13.8000 1.069E+01
13.8167 1.066E+01
13.8333 1.063E+01
13.8500 1.061E+01
13.8667 1.057E+01
13.8833 1.054E+01
13.9000 1.051E+01
13.9167 1.048E+01
13.9333 1.045E+01
13.9500 1.042E+01
13.9667 1.039E+01
13.9833 1.035E+01
14.0000 1.032E+01
14.0167 1.028E+01
14.0333 1.025E+01
14.0500 1.022E+01
14.0667 1.018E+01
14.0833 1.015E+01
14.1000 1.010E+01
14.1167 1.008E+01
14.1333 1.004E+01
14.1500 1.001E+01
14.1667 9.969E+00
14.1833 9.932E+00
14.2000 9.895E+00
14.2167 9.857E+00
14.2333 9.817E+00
14.2500 9.781E+00
14.2667 9.742E+00
14.2833 9.702E+00
14.3000 9.663E+00
14.3167 9.620E+00
14.3333 9.583E+00
14.3500 9.543E+00
14.3667 9.503E+00
14.3833 9.457E+00
14.4000 9.421E+00
14.4167 9.379E+00
14.4333 9.338E+00
14.4500 9.296E+00
14.4667 9.253E+00
14.4833 9.210E+00
14.5000 9.168E+00
14.5167 9.125E+00
14.5333 9.081E+00
14.5500 9.038E+00
14.5667 8.994E+00
14.5833 8.950E+00
14.6000 8.905E+00
14.6167 8.859E+00
14.6333 8.815E+00
14.6500 8.771E+00
14.6667 8.724E+00
14.6833 8.681E+00
14.7000 8.635E+00
14.7167 8.589E+00
14.7333 8.543E+00
14.7500 8.496E+00
14.7667 8.450E+00
14.7833 8.403E+00
14.8000 8.356E+00
14.8167 8.306E+00
14.8333 8.262E+00
14.8500 8.215E+00
14.8667 8.167E+00
14.8833 8.119E+00
14.9000 8.066E+00
14.9167 8.023E+00
14.9333 7.975E+00
14.9500 7.927E+00
14.9667 7.878E+00
14.9833 7.830E+00
