11.0000 7.932E+00
11.0167 7.972E+00
11.0333 8.012E+00
11.0500 8.051E+00
11.0667 8.090E+00
11.0833 8.129E+00
11.1000 8.167E+00
11.1167 8.206E+00
11.1333 8.244E+00
11.1500 8.281E+00
11.1667 8.319E+00
11.1833 8.354E+00
11.2000 8.393E+00
11.2167 8.430E+00
11.2333 8.465E+00
11.2500 8.502E+00
11.2667 8.539E+00
11.2833 8.571E+00
11.3000 8.610E+00
11.3167 8.645E+00
11.3333 8.680E+00
11.3500 8.714E+00
11.3667 8.749E+00
11.3833 8.783E+00
11.4000 8.810E+00
11.4167 8.849E+00
11.4333 8.883E+00
11.4500 8.915E+00
11.4667 8.948E+00
11.4833 8.978E+00
11.5000 9.012E+00
11.5167 9.044E+00
11.5333 9.075E+00
11.5500 9.105E+00
11.5667 9.131E+00
11.5833 9.166E+00
11.6000 9.196E+00
11.6167 9.221E+00
11.6333 9.255E+00
11.6500 9.282E+00
11.6667 9.310E+00
11.6833 9.340E+00
11.7000 9.368E+00
11.7167 9.395E+00
11.7333 9.422E+00
11.7500 9.449E+00
11.7667 9.476E+00
11.7833 9.501E+00
11.8000 9.525E+00
11.8167 9.552E+00
11.8333 9.577E+00
11.8500 9.601E+00
11.8667 9.626E+00
11.8833 9.649E+00
11.9000 9.673E+00
11.9167 9.695E+00
11.9333 9.718E+00
11.9500 9.737E+00
11.9667 9.762E+00
11.9833 9.783E+00
12.0000 9.804E+00
12.0167 9.825E+00
12.0333 9.845E+00
12.0500 9.865E+00
12.0667 9.884E+00
12.0833 9.903E+00
12.1000 9.921E+00
12.1167 9.939E+00
12.1333 9.957E+00
12.1500 9.975E+00
12.1667 9.991E+00
12.1833 1.001E+01
12.2000 1.002E+01
12.2167 1.004E+01
12.2333 1.005E+01
12.2500 1.007E+01
12.2667 1.008E+01
12.2833 1.010E+01
12.3000 1.011E+01
12.3167 1.012E+01
12.3333 1.014E+01
12.3500 1.015E+01
12.3667 1.016E+01
12.3833 1.017E+01
12.4000 1.018E+01
12.4167 1.019E+01
12.4333 1.020E+01
12.4500 1.021E+01
12.4667 1.022E+01
12.4833 1.022E+01
12.5000 1.023E+01
12.5167 1.023E+01
12.5333 1.025E+01
12.5500 1.026E+01
12.5667 1.027E+01
12.5833 1.027E+01
12.6000 1.028E+01
12.6167 1.028E+01
12.6333 1.029E+01
12.6500 1.029E+01
12.6667 1.030E+01
12.6833 1.030E+01
12.7000 1.030E+01
12.7167 1.030E+01
12.7333 1.031E+01
12.7500 1.031E+01
12.7667 1.031E+01
12.7833 1.031E+01
12.8000 1.031E+01
12.8167 1.031E+01
12.8333 1.031E+01
12.8500 1.031E+01
12.8667 1.030E+01
12.8833 1.030E+01
12.9000 1.030E+01
12.9167 1.030E+01
12.9333 1.029E+01
12.9500 1.029E+01
12.9667 1.029E+01
12.9833 1.028E+01
13.0000 1.028E+01
13.0167 1.027E+01
13.0333 1.026E+01
13.0500 1.026E+01
13.0667 1.024E+01
13.0833 1.023E+01
13.1000 1.022E+01
13.1167 1.022E+01
13.1333 1.022E+01
13.1500 1.021E+01
13.1667 1.020E+01
13.1833 1.019E+01
13.2000 1.018E+01
13.2167 1.017E+01
13.2333 1.015E+01
13.2500 1.014E+01
13.2667 1.013E+01
13.2833 1.011E+01
13.3000 1.010E+01
13.3167 1.009E+01
13.3333 1.008E+01
13.3500 1.006E+01
13.3667 1.004E+01
13.3833 1.003E+01
13.4000 1.001E+01
13.4167 9.999E+00
13.4333 9.982E+00
13.4500 9.965E+00
13.4667 9.947E+00
13.4833 9.929E+00
13.5000 9.911E+00
13.5167 9.891E+00
13.5333 9.873E+00
13.5500 9.854E+00
13.5667 9.834E+00
13.5833 9.813E+00
13.6000 9.792E+00
13.6167 9.771E+00
13.6333 9.743E+00
13.6500 9.728E+00
13.6667 9.705E+00
13.6833 9.683E+00
13.7000 9.659E+00
13.7167 9.636E+00
13.7333 9.612E+00
13.7500 9.588E+00
13.7667 9.563E+00
13.7833 9.538E+00
13.8000 9.512E+00
13.8167 9.487E+00
13.8333 9.461E+00
13.8500 9.434E+00
13.8667 9.407E+00
13.8833 9.379E+00
13.9000 9.352E+00
13.9167 9.322E+00
13.9333 9.296E+00
13.9500 9.264E+00
13.9667 9.239E+00
13.9833 9.205E+00
14.0000 9.174E+00
14.0167 9.149E+00
14.0333 9.119E+00
14.0500 9.088E+00
14.0667 9.057E+00
14.0833 9.026E+00
14.1000 8.992E+00
14.1167 8.961E+00
14.1333 8.930E+00
14.1500 8.897E+00
14.1667 8.864E+00
14.1833 8.831E+00
14.2000 8.797E+00
14.2167 8.764E+00
14.2333 8.730E+00
14.2500 8.695E+00
14.2667 8.660E+00
14.2833 8.625E+00
14.3000 8.590E+00
14.3167 8.555E+00
14.3333 8.519E+00
14.3500 8.483E+00
14.3667 8.446E+00
14.3833 8.401E+00
14.4000 8.372E+00
14.4167 8.335E+00
14.4333 8.298E+00
14.4500 8.258E+00
14.4667 8.222E+00
14.4833 8.184E+00
14.5000 8.146E+00
14.5167 8.107E+00
14.5333 8.067E+00
14.5500 8.029E+00
14.5667 7.990E+00
14.5833 7.950E+00
14.6000 7.911E+00
14.6167 7.871E+00
14.6333 7.828E+00
14.6500 7.790E+00
14.6667 7.749E+00
14.6833 7.708E+00
14.7000 7.668E+00
14.7167 7.625E+00
14.7333 7.584E+00
14.7500 7.544E+00
14.7667 7.502E+00
14.7833 7.460E+00
14.8000 7.418E+00
14.8167 7.376E+00
14.8333 7.333E+00
14.8500 7.290E+00
14.8667 7.248E+00
14.8833 7.206E+00
14.9000 7.163E+00
14.9167 7.119E+00
14.9333 7.074E+00
14.9500 7.033E+00
14.9667 6.989E+00
14.9833 6.946E+00
