11.0000 7.265E+00
11.0167 7.302E+00
11.0333 7.336E+00
11.0500 7.376E+00
11.0667 7.413E+00
11.0833 7.449E+00
11.1000 7.486E+00
11.1167 7.522E+00
11.1333 7.557E+00
11.1500 7.593E+00
11.1667 7.629E+00
11.1833 7.664E+00
11.2000 7.699E+00
11.2167 7.734E+00
11.2333 7.768E+00
11.2500 7.801E+00
11.2667 7.836E+00
11.2833 7.870E+00
11.3000 7.899E+00
11.3167 7.936E+00
11.3333 7.969E+00
11.3500 8.002E+00
11.3667 8.034E+00
11.3833 8.066E+00
11.4000 8.099E+00
11.4167 8.130E+00
11.4333 8.161E+00
11.4500 8.192E+00
11.4667 8.223E+00
11.4833 8.253E+00
11.5000 8.284E+00
11.5167 8.313E+00
11.5333 8.343E+00
11.5500 8.368E+00
11.5667 8.401E+00
11.5833 8.430E+00
11.6000 8.458E+00
11.6167 8.486E+00
11.6333 8.513E+00
11.6500 8.541E+00
11.6667 8.562E+00
11.6833 8.591E+00
11.7000 8.621E+00
11.7167 8.643E+00
11.7333 8.672E+00
11.7500 8.695E+00
11.7667 8.723E+00
11.7833 8.748E+00
11.8000 8.772E+00
11.8167 8.796E+00
11.8333 8.820E+00
11.8500 8.843E+00
11.8667 8.866E+00
11.8833 8.887E+00
11.9000 8.911E+00
11.9167 8.933E+00
11.9333 8.954E+00
11.9500 8.975E+00
11.9667 8.996E+00
11.9833 9.017E+00
12.0000 9.037E+00
12.0167 9.056E+00
12.0333 9.075E+00
12.0500 9.093E+00
12.0667 9.113E+00
12.0833 9.131E+00
12.1000 9.149E+00
12.1167 9.166E+00
12.1333 9.183E+00
12.1500 9.200E+00
12.1667 9.216E+00
12.1833 9.231E+00
12.2000 9.247E+00
12.2167 9.262E+00
12.2333 9.276E+00
12.2500 9.291E+00
12.2667 9.305E+00
12.2833 9.318E+00
12.3000 9.331E+00
12.3167 9.344E+00
12.3333 9.354E+00
12.3500 9.366E+00
12.3667 9.379E+00
12.3833 9.390E+00
12.4000 9.400E+00
12.4167 9.410E+00
12.4333 9.419E+00
12.4500 9.430E+00
12.4667 9.438E+00
12.4833 9.447E+00
12.5000 9.455E+00
12.5167 9.463E+00
12.5333 9.470E+00
12.5500 9.477E+00
12.5667 9.483E+00
12.5833 9.489E+00
12.6000 9.495E+00
12.6167 9.500E+00
12.6333 9.505E+00
12.6500 9.509E+00
12.6667 9.513E+00
12.6833 9.516E+00
12.7000 9.518E+00
12.7167 9.518E+00
12.7333 9.517E+00
12.7500 9.517E+00
12.7667 9.516E+00
12.7833 9.515E+00
12.8000 9.516E+00
12.8167 9.515E+00
12.8333 9.515E+00
12.8500 9.516E+00
12.8667 9.516E+00
12.8833 9.517E+00
12.9000 9.518E+00
12.9167 9.518E+00
12.9333 9.517E+00
12.9500 9.514E+00
12.9667 9.510E+00
12.9833 9.506E+00
13.0000 9.501E+00
13.0167 9.496E+00
13.0333 9.491E+00
13.0500 9.485E+00
13.0667 9.478E+00
13.0833 9.472E+00
13.1000 9.465E+00
13.1167 9.457E+00
13.1333 9.449E+00
13.1500 9.440E+00
13.1667 9.432E+00
13.1833 9.421E+00
13.2000 9.412E+00
13.2167 9.403E+00
13.2333 9.392E+00
13.2500 9.381E+00
13.2667 9.370E+00
13.2833 9.356E+00
13.3000 9.346E+00
13.3167 9.334E+00
13.3333 9.321E+00
13.3500 9.307E+00
13.3667 9.294E+00
13.3833 9.280E+00
13.4000 9.265E+00
13.4167 9.250E+00
13.4333 9.235E+00
13.4500 9.219E+00
13.4667 9.203E+00
13.4833 9.187E+00
13.5000 9.170E+00
13.5167 9.153E+00
13.5333 9.135E+00
13.5500 9.117E+00
13.5667 9.099E+00
13.5833 9.078E+00
13.6000 9.061E+00
13.6167 9.041E+00
13.6333 9.021E+00
13.6500 9.001E+00
13.6667 8.980E+00
13.6833 8.959E+00
13.7000 8.938E+00
13.7167 8.916E+00
13.7333 8.893E+00
13.7500 8.871E+00
13.7667 8.849E+00
13.7833 8.825E+00
13.8000 8.802E+00
13.8167 8.777E+00
13.8333 8.753E+00
13.8500 8.729E+00
13.8667 8.696E+00
13.8833 8.678E+00
13.9000 8.645E+00
13.9167 8.627E+00
13.9333 8.595E+00
13.9500 8.573E+00
13.9667 8.547E+00
13.9833 8.518E+00
14.0000 8.492E+00
14.0167 8.465E+00
14.0333 8.436E+00
14.0500 8.408E+00
14.0667 8.378E+00
14.0833 8.350E+00
14.1000 8.320E+00
14.1167 8.291E+00
14.1333 8.261E+00
14.1500 8.225E+00
14.1667 8.200E+00
14.1833 8.169E+00
14.2000 8.137E+00
14.2167 8.106E+00
14.2333 8.074E+00
14.2500 8.042E+00
14.2667 8.007E+00
14.2833 7.977E+00
14.3000 7.944E+00
14.3167 7.911E+00
14.3333 7.878E+00
14.3500 7.844E+00
14.3667 7.810E+00
14.3833 7.776E+00
14.4000 7.742E+00
14.4167 7.707E+00
14.4333 7.672E+00
14.4500 7.637E+00
14.4667 7.602E+00
14.4833 7.566E+00
14.5000 7.531E+00
14.5167 7.494E+00
14.5333 7.458E+00
14.5500 7.422E+00
14.5667 7.383E+00
14.5833 7.343E+00
14.6000 7.311E+00
14.6167 7.274E+00
14.6333 7.235E+00
14.6500 7.199E+00
14.6667 7.157E+00
14.6833 7.123E+00
14.7000 7.085E+00
14.7167 7.046E+00
14.7333 7.008E+00
14.7500 6.969E+00
14.7667 6.930E+00
14.7833 6.887E+00
14.8000 6.852E+00
14.8167 6.813E+00
14.8333 6.773E+00
14.8500 6.733E+00
14.8667 6.694E+00
14.8833 6.651E+00
14.9000 6.614E+00
14.9167 6.573E+00
14.9333 6.533E+00
14.9500 6.493E+00
14.9667 6.452E+00
14.9833 6.411E+00
