11.0000 7.599E+00
11.0167 7.640E+00
11.0333 7.680E+00
11.0500 7.721E+00
11.0667 7.761E+00
11.0833 7.797E+00
11.1000 7.840E+00
11.1167 7.880E+00
11.1333 7.919E+00
11.1500 7.958E+00
11.1667 7.997E+00
11.1833 8.031E+00
11.2000 8.073E+00
11.2167 8.105E+00
11.2333 8.150E+00
11.2500 8.187E+00
11.2667 8.225E+00
11.2833 8.262E+00
11.3000 8.299E+00
11.3167 8.335E+00
11.3333 8.367E+00
11.3500 8.407E+00
11.3667 8.436E+00
11.3833 8.477E+00
11.4000 8.513E+00
11.4167 8.548E+00
11.4333 8.582E+00
11.4500 8.616E+00
11.4667 8.650E+00
11.4833 8.683E+00
11.5000 8.716E+00
11.5167 8.750E+00
11.5333 8.783E+00
11.5500 8.815E+00
11.5667 8.847E+00
11.5833 8.878E+00
11.6000 8.905E+00
11.6167 8.941E+00
11.6333 8.971E+00
11.6500 9.001E+00
11.6667 9.031E+00
11.6833 9.061E+00
11.7000 9.090E+00
11.7167 9.119E+00
11.7333 9.147E+00
11.7500 9.176E+00
11.7667 9.204E+00
11.7833 9.231E+00
11.8000 9.257E+00
11.8167 9.284E+00
11.8333 9.310E+00
11.8500 9.337E+00
11.8667 9.354E+00
11.8833 9.387E+00
11.9000 9.412E+00
11.9167 9.436E+00
11.9333 9.460E+00
11.9500 9.482E+00
11.9667 9.507E+00
11.9833 9.530E+00
12.0000 9.552E+00
12.0167 9.574E+00
12.0333 9.596E+00
12.0500 9.617E+00
12.0667 9.638E+00
12.0833 9.658E+00
12.1000 9.678E+00
12.1167 9.697E+00
12.1333 9.716E+00
12.1500 9.735E+00
12.1667 9.754E+00
12.1833 9.765E+00
12.2000 9.789E+00
12.2167 9.805E+00
12.2333 9.822E+00
12.2500 9.838E+00
12.2667 9.854E+00
12.2833 9.869E+00
12.3000 9.884E+00
12.3167 9.898E+00
12.3333 9.912E+00
12.3500 9.924E+00
12.3667 9.937E+00
12.3833 9.948E+00
12.4000 9.958E+00
12.4167 9.975E+00
12.4333 9.987E+00
12.4500 9.997E+00
12.4667 1.001E+01
12.4833 1.002E+01
12.5000 1.003E+01
12.5167 1.004E+01
12.5333 1.004E+01
12.5500 1.005E+01
12.5667 1.006E+01
12.5833 1.007E+01
12.6000 1.007E+01
12.6167 1.008E+01
12.6333 1.009E+01
12.6500 1.009E+01
12.6667 1.010E+01
12.6833 1.010E+01
12.7000 1.010E+01
12.7167 1.011E+01
12.7333 1.011E+01
12.7500 1.011E+01
12.7667 1.012E+01
12.7833 1.012E+01
12.8000 1.012E+01
12.8167 1.012E+01
12.8333 1.012E+01
12.8500 1.012E+01
12.8667 1.012E+01
12.8833 1.012E+01
12.9000 1.012E+01
12.9167 1.011E+01
12.9333 1.011E+01
12.9500 1.011E+01
12.9667 1.010E+01
12.9833 1.010E+01
13.0000 1.010E+01
13.0167 1.009E+01
13.0333 1.009E+01
13.0500 1.008E+01
13.0667 1.007E+01
13.0833 1.007E+01
13.1000 1.006E+01
13.1167 1.005E+01
13.1333 1.004E+01
13.1500 1.004E+01
13.1667 1.003E+01
13.1833 1.002E+01
13.2000 1.001E+01
13.2167 9.998E+00
13.2333 9.987E+00
13.2500 9.975E+00
13.2667 9.959E+00
13.2833 9.948E+00
13.3000 9.938E+00
13.3167 9.924E+00
13.3333 9.913E+00
13.3500 9.899E+00
13.3667 9.885E+00
13.3833 9.870E+00
13.4000 9.854E+00
13.4167 9.839E+00
13.4333 9.823E+00
13.4500 9.806E+00
13.4667 9.789E+00
13.4833 9.766E+00
13.5000 9.754E+00
13.5167 9.736E+00
13.5333 9.717E+00
13.5500 9.698E+00
13.5667 9.679E+00
13.5833 9.659E+00
13.6000 9.638E+00
13.6167 9.618E+00
13.6333 9.596E+00
13.6500 9.575E+00
13.6667 9.553E+00
13.6833 9.531E+00
13.7000 9.508E+00
13.7167 9.483E+00
13.7333 9.461E+00
13.7500 9.437E+00
13.7667 9.413E+00
13.7833 9.388E+00
13.8000 9.355E+00
13.8167 9.337E+00
13.8333 9.312E+00
13.8500 9.285E+00
13.8667 9.258E+00
13.8833 9.232E+00
13.9000 9.204E+00
13.9167 9.177E+00
13.9333 9.149E+00
13.9500 9.120E+00
13.9667 9.091E+00
13.9833 9.062E+00
14.0000 9.032E+00
14.0167 9.003E+00
14.0333 8.972E+00
14.0500 8.942E+00
14.0667 8.907E+00
14.0833 8.879E+00
14.1000 8.848E+00
14.1167 8.816E+00
14.1333 8.784E+00
14.1500 8.751E+00
14.1667 8.717E+00
14.1833 8.685E+00
14.2000 8.651E+00
14.2167 8.618E+00
14.2333 8.584E+00
14.2500 8.549E+00
14.2667 8.514E+00
14.2833 8.478E+00
14.3000 8.437E+00
14.3167 8.408E+00
14.3333 8.367E+00
14.3500 8.336E+00
14.3667 8.300E+00
14.3833 8.263E+00
14.4000 8.226E+00
14.4167 8.189E+00
14.4333 8.151E+00
14.4500 8.105E+00
14.4667 8.075E+00
14.4833 8.033E+00
14.5000 7.999E+00
14.5167 7.960E+00
14.5333 7.921E+00
14.5500 7.882E+00
14.5667 7.842E+00
14.5833 7.797E+00
14.6000 7.763E+00
14.6167 7.723E+00
14.6333 7.682E+00
14.6500 7.641E+00
14.6667 7.601E+00
14.6833 7.560E+00
14.7000 7.519E+00
14.7167 7.477E+00
14.7333 7.436E+00
14.7500 7.394E+00
14.7667 7.352E+00
14.7833 7.309E+00
14.8000 7.268E+00
14.8167 7.225E+00
14.8333 7.182E+00
14.8500 7.140E+00
14.8667 7.097E+00
14.8833 7.054E+00
14.9000 7.011E+00
14.9167 6.967E+00
14.9333 6.924E+00
14.9500 6.880E+00
14.9667 6.836E+00
14.9833 6.792E+00
