11.0000 9.957E+00
11.0167 1.000E+01
11.0333 1.005E+01
11.0500 1.009E+01
11.0667 1.014E+01
11.0833 1.018E+01
11.1000 1.023E+01
11.1167 1.027E+01
11.1333 1.032E+01
11.1500 1.036E+01
11.1667 1.040E+01
11.1833 1.044E+01
11.2000 1.048E+01
11.2167 1.053E+01
11.2333 1.057E+01
11.2500 1.061E+01
11.2667 1.066E+01
11.2833 1.070E+01
11.3000 1.074E+01
11.3167 1.078E+01
11.3333 1.082E+01
11.3500 1.086E+01
11.3667 1.090E+01
11.3833 1.094E+01
11.4000 1.098E+01
11.4167 1.102E+01
11.4333 1.105E+01
11.4500 1.109E+01
11.4667 1.113E+01
11.4833 1.117E+01
11.5000 1.120E+01
11.5167 1.124E+01
11.5333 1.127E+01
11.5500 1.131E+01
11.5667 1.135E+01
11.5833 1.138E+01
11.6000 1.141E+01
11.6167 1.145E+01
11.6333 1.148E+01
11.6500 1.152E+01
11.6667 1.155E+01
11.6833 1.158E+01
11.7000 1.161E+01
11.7167 1.164E+01
11.7333 1.167E+01
11.7500 1.171E+01
11.7667 1.174E+01
11.7833 1.177E+01
11.8000 1.180E+01
11.8167 1.182E+01
11.8333 1.185E+01
11.8500 1.188E+01
11.8667 1.191E+01
11.8833 1.194E+01
11.9000 1.196E+01
11.9167 1.199E+01
11.9333 1.202E+01
11.9500 1.204E+01
11.9667 1.207E+01
11.9833 1.209E+01
12.0000 1.212E+01
12.0167 1.214E+01
12.0333 1.216E+01
12.0500 1.219E+01
12.0667 1.221E+01
12.0833 1.223E+01
12.1000 1.225E+01
12.1167 1.227E+01
12.1333 1.229E+01
12.1500 1.231E+01
12.1667 1.233E+01
12.1833 1.235E+01
12.2000 1.237E+01
12.2167 1.239E+01
12.2333 1.239E+01
12.2500 1.242E+01
12.2667 1.244E+01
12.2833 1.246E+01
12.3000 1.247E+01
12.3167 1.249E+01
12.3333 1.250E+01
12.3500 1.252E+01
12.3667 1.253E+01
12.3833 1.254E+01
12.4000 1.256E+01
12.4167 1.257E+01
12.4333 1.257E+01
12.4500 1.258E+01
12.4667 1.259E+01
12.4833 1.261E+01
12.5000 1.262E+01
12.5167 1.263E+01
12.5333 1.264E+01
12.5500 1.265E+01
12.5667 1.266E+01
12.5833 1.266E+01
12.6000 1.267E+01
12.6167 1.268E+01
12.6333 1.268E+01
12.6500 1.269E+01
12.6667 1.269E+01
12.6833 1.270E+01
12.7000 1.270E+01
12.7167 1.270E+01
12.7333 1.271E+01
12.7500 1.271E+01
12.7667 1.271E+01
12.7833 1.271E+01
12.8000 1.271E+01
12.8167 1.271E+01
12.8333 1.271E+01
12.8500 1.271E+01
12.8667 1.271E+01
12.8833 1.271E+01
12.9000 1.271E+01
12.9167 1.270E+01
12.9333 1.270E+01
12.9500 1.269E+01
12.9667 1.269E+01
12.9833 1.269E+01
13.0000 1.268E+01
13.0167 1.267E+01
13.0333 1.267E+01
13.0500 1.266E+01
13.0667 1.265E+01
13.0833 1.264E+01
13.1000 1.264E+01
13.1167 1.262E+01
13.1333 1.261E+01
13.1500 1.260E+01
13.1667 1.258E+01
13.1833 1.258E+01
13.2000 1.257E+01
13.2167 1.256E+01
13.2333 1.255E+01
13.2500 1.254E+01
13.2667 1.252E+01
13.2833 1.251E+01
13.3000 1.250E+01
13.3167 1.248E+01
13.3333 1.246E+01
13.3500 1.245E+01
13.3667 1.243E+01
13.3833 1.241E+01
13.4000 1.239E+01
13.4167 1.238E+01
13.4333 1.236E+01
13.4500 1.234E+01
13.4667 1.231E+01
13.4833 1.230E+01
13.5000 1.228E+01
13.5167 1.226E+01
13.5333 1.224E+01
13.5500 1.222E+01
13.5667 1.220E+01
13.5833 1.217E+01
13.6000 1.215E+01
13.6167 1.213E+01
13.6333 1.210E+01
13.6500 1.208E+01
13.6667 1.205E+01
13.6833 1.203E+01
13.7000 1.200E+01
13.7167 1.198E+01
13.7333 1.195E+01
13.7500 1.192E+01
13.7667 1.190E+01
13.7833 1.187E+01
13.8000 1.184E+01
13.8167 1.181E+01
13.8333 1.178E+01
13.8500 1.175E+01
13.8667 1.172E+01
13.8833 1.168E+01
13.9000 1.165E+01
13.9167 1.163E+01
13.9333 1.160E+01
13.9500 1.156E+01
13.9667 1.153E+01
13.9833 1.150E+01
14.0000 1.146E+01
14.0167 1.143E+01
14.0333 1.140E+01
14.0500 1.136E+01
14.0667 1.133E+01
14.0833 1.129E+01
14.1000 1.126E+01
14.1167 1.122E+01
14.1333 1.118E+01
14.1500 1.115E+01
14.1667 1.111E+01
14.1833 1.107E+01
14.2000 1.104E+01
14.2167 1.100E+01
14.2333 1.096E+01
14.2500 1.092E+01
14.2667 1.088E+01
14.2833 1.084E+01
14.3000 1.080E+01
14.3167 1.076E+01
14.3333 1.072E+01
14.3500 1.068E+01
14.3667 1.064E+01
14.3833 1.060E+01
14.4000 1.055E+01
14.4167 1.051E+01
14.4333 1.047E+01
14.4500 1.043E+01
14.4667 1.038E+01
14.4833 1.034E+01
14.5000 1.030E+01
14.5167 1.025E+01
14.5333 1.021E+01
14.5500 1.016E+01
14.5667 1.012E+01
14.5833 1.007E+01
14.6000 1.002E+01
14.6167 9.981E+00
14.6333 9.935E+00
14.6500 9.889E+00
14.6667 9.843E+00
14.6833 9.796E+00
14.7000 9.749E+00
14.7167 9.702E+00
14.7333 9.655E+00
14.7500 9.600E+00
14.7667 9.559E+00
14.7833 9.511E+00
14.8000 9.463E+00
14.8167 9.414E+00
14.8333 9.364E+00
14.8500 9.317E+00
14.8667 9.268E+00
14.8833 9.218E+00
14.9000 9.169E+00
14.9167 9.119E+00
14.9333 9.069E+00
14.9500 9.019E+00
14.9667 8.969E+00
14.9833 8.919E+00
