11.0000 1.134E+01
11.0167 1.139E+01
11.0333 1.145E+01
11.0500 1.150E+01
11.0667 1.155E+01
11.0833 1.160E+01
11.1000 1.165E+01
11.1167 1.169E+01
11.1333 1.175E+01
11.1500 1.180E+01
11.1667 1.185E+01
11.1833 1.190E+01
11.2000 1.195E+01
11.2167 1.200E+01
11.2333 1.205E+01
11.2500 1.210E+01
11.2667 1.214E+01
11.2833 1.219E+01
11.3000 1.224E+01
11.3167 1.228E+01
11.3333 1.233E+01
11.3500 1.238E+01
11.3667 1.242E+01
11.3833 1.246E+01
11.4000 1.251E+01
11.4167 1.255E+01
11.4333 1.260E+01
11.4500 1.264E+01
11.4667 1.268E+01
11.4833 1.273E+01
11.5000 1.277E+01
11.5167 1.280E+01
11.5333 1.285E+01
11.5500 1.289E+01
11.5667 1.293E+01
11.5833 1.297E+01
11.6000 1.301E+01
11.6167 1.305E+01
11.6333 1.309E+01
11.6500 1.313E+01
11.6667 1.317E+01
11.6833 1.320E+01
11.7000 1.324E+01
11.7167 1.328E+01
11.7333 1.331E+01
11.7500 1.335E+01
11.7667 1.338E+01
11.7833 1.342E+01
11.8000 1.345E+01
11.8167 1.348E+01
11.8333 1.352E+01
11.8500 1.355E+01
11.8667 1.357E+01
11.8833 1.361E+01
11.9000 1.364E+01
11.9167 1.367E+01
11.9333 1.370E+01
11.9500 1.373E+01
11.9667 1.376E+01
11.9833 1.379E+01
12.0000 1.382E+01
12.0167 1.385E+01
12.0333 1.387E+01
12.0500 1.390E+01
12.0667 1.393E+01
12.0833 1.395E+01
12.1000 1.398E+01
12.1167 1.400E+01
12.1333 1.403E+01
12.1500 1.404E+01
12.1667 1.407E+01
12.1833 1.409E+01
12.2000 1.412E+01
12.2167 1.414E+01
12.2333 1.415E+01
12.2500 1.418E+01
12.2667 1.420E+01
12.2833 1.422E+01
12.3000 1.423E+01
12.3167 1.425E+01
12.3333 1.427E+01
12.3500 1.428E+01
12.3667 1.428E+01
12.3833 1.431E+01
12.4000 1.432E+01
12.4167 1.434E+01
12.4333 1.436E+01
12.4500 1.438E+01
12.4667 1.439E+01
12.4833 1.440E+01
12.5000 1.441E+01
12.5167 1.442E+01
12.5333 1.443E+01
12.5500 1.444E+01
12.5667 1.445E+01
12.5833 1.446E+01
12.6000 1.447E+01
12.6167 1.448E+01
12.6333 1.448E+01
12.6500 1.449E+01
12.6667 1.450E+01
12.6833 1.450E+01
12.7000 1.451E+01
12.7167 1.451E+01
12.7333 1.452E+01
12.7500 1.452E+01
12.7667 1.452E+01
12.7833 1.452E+01
12.8000 1.452E+01
12.8167 1.452E+01
12.8333 1.452E+01
12.8500 1.452E+01
12.8667 1.452E+01
12.8833 1.452E+01
12.9000 1.452E+01
12.9167 1.452E+01
12.9333 1.451E+01
12.9500 1.451E+01
12.9667 1.451E+01
12.9833 1.450E+01
13.0000 1.450E+01
13.0167 1.449E+01
13.0333 1.448E+01
13.0500 1.447E+01
13.0667 1.447E+01
13.0833 1.446E+01
13.1000 1.445E+01
13.1167 1.444E+01
13.1333 1.443E+01
13.1500 1.442E+01
13.1667 1.441E+01
13.1833 1.440E+01
13.2000 1.438E+01
13.2167 1.437E+01
13.2333 1.436E+01
13.2500 1.433E+01
13.2667 1.432E+01
13.2833 1.430E+01
13.3000 1.428E+01
13.3167 1.428E+01
13.3333 1.426E+01
13.3500 1.425E+01
13.3667 1.423E+01
13.3833 1.421E+01
13.4000 1.419E+01
13.4167 1.417E+01
13.4333 1.415E+01
13.4500 1.413E+01
13.4667 1.411E+01
13.4833 1.409E+01
13.5000 1.406E+01
13.5167 1.404E+01
13.5333 1.402E+01
13.5500 1.399E+01
13.5667 1.397E+01
13.5833 1.394E+01
13.6000 1.392E+01
13.6167 1.389E+01
13.6333 1.386E+01
13.6500 1.384E+01
13.6667 1.381E+01
13.6833 1.378E+01
13.7000 1.375E+01
13.7167 1.372E+01
13.7333 1.369E+01
13.7500 1.366E+01
13.7667 1.363E+01
13.7833 1.360E+01
13.8000 1.357E+01
13.8167 1.354E+01
13.8333 1.350E+01
13.8500 1.347E+01
13.8667 1.344E+01
13.8833 1.340E+01
13.9000 1.337E+01
13.9167 1.333E+01
13.9333 1.330E+01
13.9500 1.326E+01
13.9667 1.322E+01
13.9833 1.319E+01
14.0000 1.315E+01
14.0167 1.311E+01
14.0333 1.307E+01
14.0500 1.303E+01
14.0667 1.300E+01
14.0833 1.296E+01
14.1000 1.291E+01
14.1167 1.287E+01
14.1333 1.284E+01
14.1500 1.279E+01
14.1667 1.275E+01
14.1833 1.270E+01
14.2000 1.267E+01
14.2167 1.262E+01
14.2333 1.258E+01
14.2500 1.254E+01
14.2667 1.249E+01
14.2833 1.245E+01
14.3000 1.240E+01
14.3167 1.236E+01
14.3333 1.231E+01
14.3500 1.227E+01
14.3667 1.221E+01
14.3833 1.217E+01
14.4000 1.213E+01
14.4167 1.208E+01
14.4333 1.203E+01
14.4500 1.198E+01
14.4667 1.193E+01
14.4833 1.188E+01
14.5000 1.183E+01
14.5167 1.178E+01
14.5333 1.173E+01
14.5500 1.168E+01
14.5667 1.163E+01
14.5833 1.158E+01
14.6000 1.153E+01
14.6167 1.148E+01
14.6333 1.143E+01
14.6500 1.138E+01
14.6667 1.132E+01
14.6833 1.127E+01
14.7000 1.122E+01
14.7167 1.116E+01
14.7333 1.111E+01
14.7500 1.106E+01
14.7667 1.100E+01
14.7833 1.095E+01
14.8000 1.089E+01
14.8167 1.084E+01
14.8333 1.078E+01
14.8500 1.073E+01
14.8667 1.067E+01
14.8833 1.062E+01
14.9000 1.056E+01
14.9167 1.050E+01
14.9333 1.044E+01
14.9500 1.039E+01
14.9667 1.033E+01
14.9833 1.028E+01
