11.0000 8.954E+00
11.0167 8.996E+00
11.0333 9.038E+00
11.0500 9.079E+00
11.0667 9.120E+00
11.0833 9.161E+00
11.1000 9.202E+00
11.1167 9.243E+00
11.1333 9.281E+00
11.1500 9.323E+00
11.1667 9.363E+00
11.1833 9.402E+00
11.2000 9.441E+00
11.2167 9.480E+00
11.2333 9.516E+00
11.2500 9.550E+00
11.2667 9.594E+00
11.2833 9.632E+00
11.3000 9.662E+00
11.3167 9.707E+00
11.3333 9.743E+00
11.3500 9.780E+00
11.3667 9.816E+00
11.3833 9.851E+00
11.4000 9.887E+00
11.4167 9.922E+00
11.4333 9.957E+00
11.4500 9.992E+00
11.4667 1.003E+01
11.4833 1.006E+01
11.5000 1.009E+01
11.5167 1.013E+01
11.5333 1.016E+01
11.5500 1.019E+01
11.5667 1.022E+01
11.5833 1.025E+01
11.6000 1.029E+01
11.6167 1.032E+01
11.6333 1.035E+01
11.6500 1.038E+01
11.6667 1.041E+01
11.6833 1.044E+01
11.7000 1.047E+01
11.7167 1.049E+01
11.7333 1.052E+01
11.7500 1.055E+01
11.7667 1.058E+01
11.7833 1.059E+01
11.8000 1.063E+01
11.8167 1.066E+01
11.8333 1.068E+01
11.8500 1.071E+01
11.8667 1.074E+01
11.8833 1.076E+01
11.9000 1.078E+01
11.9167 1.081E+01
11.9333 1.083E+01
11.9500 1.085E+01
11.9667 1.088E+01
11.9833 1.090E+01
12.0000 1.092E+01
12.0167 1.094E+01
12.0333 1.096E+01
12.0500 1.098E+01
12.0667 1.100E+01
12.0833 1.102E+01
12.1000 1.104E+01
12.1167 1.106E+01
12.1333 1.108E+01
12.1500 1.110E+01
12.1667 1.111E+01
12.1833 1.113E+01
12.2000 1.115E+01
12.2167 1.116E+01
12.2333 1.118E+01
12.2500 1.119E+01
12.2667 1.121E+01
12.2833 1.122E+01
12.3000 1.124E+01
12.3167 1.125E+01
12.3333 1.126E+01
12.3500 1.127E+01
12.3667 1.129E+01
12.3833 1.130E+01
12.4000 1.131E+01
12.4167 1.132E+01
12.4333 1.133E+01
12.4500 1.134E+01
12.4667 1.135E+01
12.4833 1.136E+01
12.5000 1.137E+01
12.5167 1.137E+01
12.5333 1.138E+01
12.5500 1.139E+01
12.5667 1.140E+01
12.5833 1.140E+01
12.6000 1.141E+01
12.6167 1.141E+01
12.6333 1.142E+01
12.6500 1.142E+01
12.6667 1.142E+01
12.6833 1.142E+01
12.7000 1.142E+01
12.7167 1.142E+01
12.7333 1.142E+01
12.7500 1.142E+01
12.7667 1.142E+01
12.7833 1.142E+01
12.8000 1.142E+01
12.8167 1.142E+01
12.8333 1.142E+01
12.8500 1.142E+01
12.8667 1.142E+01
12.8833 1.142E+01
12.9000 1.142E+01
12.9167 1.142E+01
12.9333 1.141E+01
12.9500 1.141E+01
12.9667 1.140E+01
12.9833 1.140E+01
13.0000 1.139E+01
13.0167 1.139E+01
13.0333 1.138E+01
13.0500 1.137E+01
13.0667 1.136E+01
13.0833 1.136E+01
13.1000 1.135E+01
13.1167 1.134E+01
13.1333 1.133E+01
13.1500 1.132E+01
13.1667 1.131E+01
13.1833 1.130E+01
13.2000 1.128E+01
13.2167 1.126E+01
13.2333 1.126E+01
13.2500 1.125E+01
13.2667 1.123E+01
13.2833 1.122E+01
13.3000 1.120E+01
13.3167 1.118E+01
13.3333 1.117E+01
13.3500 1.116E+01
13.3667 1.114E+01
13.3833 1.113E+01
13.4000 1.111E+01
13.4167 1.109E+01
13.4333 1.107E+01
13.4500 1.105E+01
13.4667 1.104E+01
13.4833 1.102E+01
13.5000 1.100E+01
13.5167 1.098E+01
13.5333 1.096E+01
13.5500 1.093E+01
13.5667 1.091E+01
13.5833 1.089E+01
13.6000 1.087E+01
13.6167 1.085E+01
13.6333 1.082E+01
13.6500 1.080E+01
13.6667 1.078E+01
13.6833 1.075E+01
13.7000 1.073E+01
13.7167 1.070E+01
13.7333 1.068E+01
13.7500 1.065E+01
13.7667 1.061E+01
13.7833 1.059E+01
13.8000 1.057E+01
13.8167 1.054E+01
13.8333 1.051E+01
13.8500 1.048E+01
13.8667 1.046E+01
13.8833 1.042E+01
13.9000 1.040E+01
13.9167 1.037E+01
13.9333 1.034E+01
13.9500 1.031E+01
13.9667 1.027E+01
13.9833 1.024E+01
14.0000 1.021E+01
14.0167 1.018E+01
14.0333 1.015E+01
14.0500 1.011E+01
14.0667 1.008E+01
14.0833 1.005E+01
14.1000 1.001E+01
14.1167 9.979E+00
14.1333 9.945E+00
14.1500 9.910E+00
14.1667 9.873E+00
14.1833 9.839E+00
14.2000 9.803E+00
14.2167 9.767E+00
14.2333 9.730E+00
14.2500 9.694E+00
14.2667 9.656E+00
14.2833 9.617E+00
14.3000 9.581E+00
14.3167 9.539E+00
14.3333 9.503E+00
14.3500 9.461E+00
14.3667 9.427E+00
14.3833 9.388E+00
14.4000 9.349E+00
14.4167 9.301E+00
14.4333 9.269E+00
14.4500 9.228E+00
14.4667 9.188E+00
14.4833 9.147E+00
14.5000 9.106E+00
14.5167 9.065E+00
14.5333 9.023E+00
14.5500 8.981E+00
14.5667 8.939E+00
14.5833 8.897E+00
14.6000 8.854E+00
14.6167 8.811E+00
14.6333 8.767E+00
14.6500 8.725E+00
14.6667 8.682E+00
14.6833 8.638E+00
14.7000 8.594E+00
14.7167 8.549E+00
14.7333 8.506E+00
14.7500 8.461E+00
14.7667 8.417E+00
14.7833 8.372E+00
14.8000 8.327E+00
14.8167 8.281E+00
14.8333 8.236E+00
14.8500 8.190E+00
14.8667 8.145E+00
14.8833 8.092E+00
14.9000 8.053E+00
14.9167 8.005E+00
14.9333 7.960E+00
14.9500 7.910E+00
14.9667 7.867E+00
14.9833 7.820E+00
