11.0000 9.280E+00
11.0167 9.325E+00
11.0333 9.369E+00
11.0500 9.413E+00
11.0667 9.455E+00
11.0833 9.500E+00
11.1000 9.543E+00
11.1167 9.585E+00
11.1333 9.626E+00
11.1500 9.670E+00
11.1667 9.712E+00
11.1833 9.754E+00
11.2000 9.795E+00
11.2167 9.836E+00
11.2333 9.877E+00
11.2500 9.917E+00
11.2667 9.957E+00
11.2833 9.997E+00
11.3000 1.004E+01
11.3167 1.008E+01
11.3333 1.011E+01
11.3500 1.015E+01
11.3667 1.019E+01
11.3833 1.023E+01
11.4000 1.027E+01
11.4167 1.029E+01
11.4333 1.034E+01
11.4500 1.038E+01
11.4667 1.041E+01
11.4833 1.045E+01
11.5000 1.047E+01
11.5167 1.052E+01
11.5333 1.055E+01
11.5500 1.059E+01
11.5667 1.062E+01
11.5833 1.065E+01
11.6000 1.069E+01
11.6167 1.072E+01
11.6333 1.075E+01
11.6500 1.079E+01
11.6667 1.082E+01
11.6833 1.085E+01
11.7000 1.088E+01
11.7167 1.091E+01
11.7333 1.094E+01
11.7500 1.097E+01
11.7667 1.100E+01
11.7833 1.103E+01
11.8000 1.106E+01
11.8167 1.108E+01
11.8333 1.111E+01
11.8500 1.114E+01
11.8667 1.116E+01
11.8833 1.119E+01
11.9000 1.122E+01
11.9167 1.124E+01
11.9333 1.127E+01
11.9500 1.129E+01
11.9667 1.131E+01
11.9833 1.134E+01
12.0000 1.136E+01
12.0167 1.138E+01
12.0333 1.141E+01
12.0500 1.143E+01
12.0667 1.145E+01
12.0833 1.147E+01
12.1000 1.149E+01
12.1167 1.151E+01
12.1333 1.153E+01
12.1500 1.155E+01
12.1667 1.156E+01
12.1833 1.158E+01
12.2000 1.160E+01
12.2167 1.162E+01
12.2333 1.163E+01
12.2500 1.165E+01
12.2667 1.167E+01
12.2833 1.168E+01
12.3000 1.170E+01
12.3167 1.171E+01
12.3333 1.172E+01
12.3500 1.174E+01
12.3667 1.175E+01
12.3833 1.175E+01
12.4000 1.176E+01
12.4167 1.177E+01
12.4333 1.179E+01
12.4500 1.181E+01
12.4667 1.181E+01
12.4833 1.182E+01
12.5000 1.183E+01
12.5167 1.184E+01
12.5333 1.185E+01
12.5500 1.186E+01
12.5667 1.186E+01
12.5833 1.187E+01
12.6000 1.187E+01
12.6167 1.188E+01
12.6333 1.188E+01
12.6500 1.189E+01
12.6667 1.189E+01
12.6833 1.190E+01
12.7000 1.190E+01
12.7167 1.190E+01
12.7333 1.190E+01
12.7500 1.190E+01
12.7667 1.190E+01
12.7833 1.190E+01
12.8000 1.190E+01
12.8167 1.190E+01
12.8333 1.190E+01
12.8500 1.190E+01
12.8667 1.190E+01
12.8833 1.189E+01
12.9000 1.189E+01
12.9167 1.189E+01
12.9333 1.188E+01
12.9500 1.188E+01
12.9667 1.187E+01
12.9833 1.187E+01
13.0000 1.186E+01
13.0167 1.185E+01
13.0333 1.185E+01
13.0500 1.184E+01
13.0667 1.183E+01
13.0833 1.182E+01
13.1000 1.181E+01
13.1167 1.180E+01
13.1333 1.178E+01
13.1500 1.177E+01
13.1667 1.175E+01
13.1833 1.175E+01
13.2000 1.174E+01
13.2167 1.173E+01
13.2333 1.172E+01
13.2500 1.170E+01
13.2667 1.169E+01
13.2833 1.168E+01
13.3000 1.166E+01
13.3167 1.164E+01
13.3333 1.163E+01
13.3500 1.161E+01
13.3667 1.159E+01
13.3833 1.158E+01
13.4000 1.155E+01
13.4167 1.154E+01
13.4333 1.152E+01
13.4500 1.150E+01
13.4667 1.148E+01
13.4833 1.146E+01
13.5000 1.144E+01
13.5167 1.142E+01
13.5333 1.140E+01
13.5500 1.137E+01
13.5667 1.135E+01
13.5833 1.133E+01
13.6000 1.130E+01
13.6167 1.128E+01
13.6333 1.126E+01
13.6500 1.123E+01
13.6667 1.120E+01
13.6833 1.118E+01
13.7000 1.115E+01
13.7167 1.113E+01
13.7333 1.110E+01
13.7500 1.107E+01
13.7667 1.104E+01
13.7833 1.101E+01
13.8000 1.099E+01
13.8167 1.096E+01
13.8333 1.093E+01
13.8500 1.090E+01
13.8667 1.087E+01
13.8833 1.084E+01
13.9000 1.080E+01
13.9167 1.077E+01
13.9333 1.074E+01
13.9500 1.070E+01
13.9667 1.067E+01
13.9833 1.064E+01
14.0000 1.061E+01
14.0167 1.056E+01
14.0333 1.054E+01
14.0500 1.051E+01
14.0667 1.047E+01
14.0833 1.043E+01
14.1000 1.040E+01
14.1167 1.036E+01
14.1333 1.033E+01
14.1500 1.029E+01
14.1667 1.025E+01
14.1833 1.021E+01
14.2000 1.018E+01
14.2167 1.014E+01
14.2333 1.009E+01
14.2500 1.006E+01
14.2667 1.002E+01
14.2833 9.981E+00
14.3000 9.941E+00
14.3167 9.901E+00
14.3333 9.860E+00
14.3500 9.816E+00
14.3667 9.778E+00
14.3833 9.737E+00
14.4000 9.695E+00
14.4167 9.653E+00
14.4333 9.611E+00
14.4500 9.566E+00
14.4667 9.525E+00
14.4833 9.482E+00
14.5000 9.439E+00
14.5167 9.395E+00
14.5333 9.351E+00
14.5500 9.307E+00
14.5667 9.262E+00
14.5833 9.217E+00
14.6000 9.173E+00
14.6167 9.128E+00
14.6333 9.082E+00
14.6500 9.036E+00
14.6667 8.990E+00
14.6833 8.944E+00
14.7000 8.897E+00
14.7167 8.848E+00
14.7333 8.804E+00
14.7500 8.758E+00
14.7667 8.711E+00
14.7833 8.662E+00
14.8000 8.616E+00
14.8167 8.568E+00
14.8333 8.520E+00
14.8500 8.472E+00
14.8667 8.423E+00
14.8833 8.375E+00
14.9000 8.326E+00
14.9167 8.277E+00
14.9333 8.228E+00
14.9500 8.179E+00
14.9667 8.130E+00
14.9833 8.078E+00
