11.0000 1.051E+01
11.0167 1.056E+01
11.0333 1.060E+01
11.0500 1.065E+01
11.0667 1.070E+01
11.0833 1.075E+01
11.1000 1.079E+01
11.1167 1.084E+01
11.1333 1.089E+01
11.1500 1.093E+01
11.1667 1.098E+01
11.1833 1.103E+01
11.2000 1.107E+01
11.2167 1.112E+01
11.2333 1.116E+01
11.2500 1.121E+01
11.2667 1.125E+01
11.2833 1.129E+01
11.3000 1.134E+01
11.3167 1.138E+01
11.3333 1.142E+01
11.3500 1.147E+01
11.3667 1.151E+01
11.3833 1.154E+01
11.4000 1.159E+01
11.4167 1.163E+01
11.4333 1.167E+01
11.4500 1.171E+01
11.4667 1.175E+01
11.4833 1.179E+01
11.5000 1.183E+01
11.5167 1.185E+01
11.5333 1.191E+01
11.5500 1.194E+01
11.5667 1.198E+01
11.5833 1.201E+01
11.6000 1.205E+01
11.6167 1.209E+01
11.6333 1.213E+01
11.6500 1.216E+01
11.6667 1.220E+01
11.6833 1.223E+01
11.7000 1.226E+01
11.7167 1.230E+01
11.7333 1.233E+01
11.7500 1.236E+01
11.7667 1.239E+01
11.7833 1.243E+01
11.8000 1.246E+01
11.8167 1.249E+01
11.8333 1.252E+01
11.8500 1.255E+01
11.8667 1.257E+01
11.8833 1.261E+01
11.9000 1.263E+01
11.9167 1.266E+01
11.9333 1.269E+01
11.9500 1.272E+01
11.9667 1.274E+01
11.9833 1.277E+01
12.0000 1.279E+01
12.0167 1.282E+01
12.0333 1.284E+01
12.0500 1.287E+01
12.0667 1.289E+01
12.0833 1.291E+01
12.1000 1.293E+01
12.1167 1.296E+01
12.1333 1.298E+01
12.1500 1.299E+01
12.1667 1.302E+01
12.1833 1.304E+01
12.2000 1.306E+01
12.2167 1.308E+01
12.2333 1.309E+01
12.2500 1.311E+01
12.2667 1.313E+01
12.2833 1.315E+01
12.3000 1.316E+01
12.3167 1.318E+01
12.3333 1.319E+01
12.3500 1.321E+01
12.3667 1.321E+01
12.3833 1.322E+01
12.4000 1.325E+01
12.4167 1.324E+01
12.4333 1.327E+01
12.4500 1.329E+01
12.4667 1.330E+01
12.4833 1.331E+01
12.5000 1.332E+01
12.5167 1.333E+01
12.5333 1.333E+01
12.5500 1.334E+01
12.5667 1.335E+01
12.5833 1.336E+01
12.6000 1.336E+01
12.6167 1.337E+01
12.6333 1.337E+01
12.6500 1.338E+01
12.6667 1.338E+01
12.6833 1.339E+01
12.7000 1.339E+01
12.7167 1.339E+01
12.7333 1.340E+01
12.7500 1.340E+01
12.7667 1.340E+01
12.7833 1.340E+01
12.8000 1.340E+01
12.8167 1.340E+01
12.8333 1.340E+01
12.8500 1.339E+01
12.8667 1.339E+01
12.8833 1.339E+01
12.9000 1.339E+01
12.9167 1.338E+01
12.9333 1.338E+01
12.9500 1.337E+01
12.9667 1.337E+01
12.9833 1.336E+01
13.0000 1.335E+01
13.0167 1.335E+01
13.0333 1.334E+01
13.0500 1.333E+01
13.0667 1.332E+01
13.0833 1.331E+01
13.1000 1.330E+01
13.1167 1.329E+01
13.1333 1.328E+01
13.1500 1.326E+01
13.1667 1.325E+01
13.1833 1.324E+01
13.2000 1.321E+01
13.2167 1.322E+01
13.2333 1.320E+01
13.2500 1.319E+01
13.2667 1.317E+01
13.2833 1.316E+01
13.3000 1.314E+01
13.3167 1.312E+01
13.3333 1.310E+01
13.3500 1.308E+01
13.3667 1.307E+01
13.3833 1.305E+01
13.4000 1.303E+01
13.4167 1.301E+01
13.4333 1.299E+01
13.4500 1.297E+01
13.4667 1.295E+01
13.4833 1.293E+01
13.5000 1.290E+01
13.5167 1.288E+01
13.5333 1.286E+01
13.5500 1.283E+01
13.5667 1.281E+01
13.5833 1.278E+01
13.6000 1.276E+01
13.6167 1.273E+01
13.6333 1.271E+01
13.6500 1.268E+01
13.6667 1.265E+01
13.6833 1.262E+01
13.7000 1.259E+01
13.7167 1.256E+01
13.7333 1.254E+01
13.7500 1.251E+01
13.7667 1.248E+01
13.7833 1.244E+01
13.8000 1.241E+01
13.8167 1.238E+01
13.8333 1.235E+01
13.8500 1.232E+01
13.8667 1.228E+01
13.8833 1.225E+01
13.9000 1.222E+01
13.9167 1.218E+01
13.9333 1.215E+01
13.9500 1.211E+01
13.9667 1.207E+01
13.9833 1.204E+01
14.0000 1.200E+01
14.0167 1.197E+01
14.0333 1.192E+01
14.0500 1.189E+01
14.0667 1.185E+01
14.0833 1.181E+01
14.1000 1.177E+01
14.1167 1.174E+01
14.1333 1.170E+01
14.1500 1.166E+01
14.1667 1.162E+01
14.1833 1.157E+01
14.2000 1.153E+01
14.2167 1.149E+01
14.2333 1.145E+01
14.2500 1.141E+01
14.2667 1.136E+01
14.2833 1.132E+01
14.3000 1.128E+01
14.3167 1.123E+01
14.3333 1.119E+01
14.3500 1.115E+01
14.3667 1.110E+01
14.3833 1.106E+01
14.4000 1.101E+01
14.4167 1.096E+01
14.4333 1.092E+01
14.4500 1.087E+01
14.4667 1.082E+01
14.4833 1.077E+01
14.5000 1.073E+01
14.5167 1.068E+01
14.5333 1.063E+01
14.5500 1.059E+01
14.5667 1.054E+01
14.5833 1.049E+01
14.6000 1.044E+01
14.6167 1.039E+01
14.6333 1.034E+01
14.6500 1.029E+01
14.6667 1.024E+01
14.6833 1.019E+01
14.7000 1.014E+01
14.7167 1.009E+01
14.7333 1.004E+01
14.7500 9.976E+00
14.7667 9.932E+00
14.7833 9.878E+00
14.8000 9.829E+00
14.8167 9.777E+00
14.8333 9.724E+00
14.8500 9.663E+00
14.8667 9.618E+00
14.8833 9.565E+00
14.9000 9.512E+00
14.9167 9.458E+00
14.9333 9.404E+00
14.9500 9.350E+00
14.9667 9.296E+00
14.9833 9.242E+00
