11.0000 9.089E+00
11.0167 9.132E+00
11.0333 9.173E+00
11.0500 9.217E+00
11.0667 9.259E+00
11.0833 9.300E+00
11.1000 9.342E+00
11.1167 9.383E+00
11.1333 9.421E+00
11.1500 9.464E+00
11.1667 9.505E+00
11.1833 9.545E+00
11.2000 9.583E+00
11.2167 9.625E+00
11.2333 9.664E+00
11.2500 9.703E+00
11.2667 9.742E+00
11.2833 9.773E+00
11.3000 9.813E+00
11.3167 9.850E+00
11.3333 9.894E+00
11.3500 9.928E+00
11.3667 9.967E+00
11.3833 1.000E+01
11.4000 1.004E+01
11.4167 1.008E+01
11.4333 1.011E+01
11.4500 1.015E+01
11.4667 1.018E+01
11.4833 1.022E+01
11.5000 1.025E+01
11.5167 1.028E+01
11.5333 1.032E+01
11.5500 1.035E+01
11.5667 1.038E+01
11.5833 1.041E+01
11.6000 1.045E+01
11.6167 1.048E+01
11.6333 1.051E+01
11.6500 1.054E+01
11.6667 1.057E+01
11.6833 1.060E+01
11.7000 1.063E+01
11.7167 1.066E+01
11.7333 1.069E+01
11.7500 1.072E+01
11.7667 1.074E+01
11.7833 1.077E+01
11.8000 1.080E+01
11.8167 1.083E+01
11.8333 1.085E+01
11.8500 1.088E+01
11.8667 1.090E+01
11.8833 1.093E+01
11.9000 1.094E+01
11.9167 1.096E+01
11.9333 1.100E+01
11.9500 1.103E+01
11.9667 1.105E+01
11.9833 1.107E+01
12.0000 1.109E+01
12.0167 1.112E+01
12.0333 1.114E+01
12.0500 1.116E+01
12.0667 1.118E+01
12.0833 1.120E+01
12.1000 1.122E+01
12.1167 1.124E+01
12.1333 1.125E+01
12.1500 1.127E+01
12.1667 1.129E+01
12.1833 1.131E+01
12.2000 1.132E+01
12.2167 1.134E+01
12.2333 1.136E+01
12.2500 1.137E+01
12.2667 1.139E+01
12.2833 1.140E+01
12.3000 1.142E+01
12.3167 1.143E+01
12.3333 1.144E+01
12.3500 1.146E+01
12.3667 1.147E+01
12.3833 1.148E+01
12.4000 1.149E+01
12.4167 1.150E+01
12.4333 1.151E+01
12.4500 1.152E+01
12.4667 1.153E+01
12.4833 1.153E+01
12.5000 1.155E+01
12.5167 1.156E+01
12.5333 1.156E+01
12.5500 1.156E+01
12.5667 1.157E+01
12.5833 1.158E+01
12.6000 1.159E+01
12.6167 1.159E+01
12.6333 1.160E+01
12.6500 1.160E+01
12.6667 1.161E+01
12.6833 1.161E+01
12.7000 1.161E+01
12.7167 1.161E+01
12.7333 1.161E+01
12.7500 1.162E+01
12.7667 1.162E+01
12.7833 1.162E+01
12.8000 1.162E+01
12.8167 1.162E+01
12.8333 1.161E+01
12.8500 1.161E+01
12.8667 1.161E+01
12.8833 1.161E+01
12.9000 1.160E+01
12.9167 1.160E+01
12.9333 1.160E+01
12.9500 1.159E+01
12.9667 1.159E+01
12.9833 1.158E+01
13.0000 1.157E+01
13.0167 1.156E+01
13.0333 1.156E+01
13.0500 1.155E+01
13.0667 1.154E+01
13.0833 1.153E+01
13.1000 1.153E+01
13.1167 1.152E+01
13.1333 1.151E+01
13.1500 1.150E+01
13.1667 1.149E+01
13.1833 1.147E+01
13.2000 1.146E+01
13.2167 1.145E+01
13.2333 1.144E+01
13.2500 1.142E+01
13.2667 1.141E+01
13.2833 1.140E+01
13.3000 1.138E+01
13.3167 1.137E+01
13.3333 1.135E+01
13.3500 1.133E+01
13.3667 1.132E+01
13.3833 1.130E+01
13.4000 1.128E+01
13.4167 1.126E+01
13.4333 1.125E+01
13.4500 1.123E+01
13.4667 1.121E+01
13.4833 1.119E+01
13.5000 1.117E+01
13.5167 1.115E+01
13.5333 1.113E+01
13.5500 1.111E+01
13.5667 1.108E+01
13.5833 1.106E+01
13.6000 1.104E+01
13.6167 1.102E+01
13.6333 1.099E+01
13.6500 1.096E+01
13.6667 1.094E+01
13.6833 1.092E+01
13.7000 1.089E+01
13.7167 1.087E+01
13.7333 1.084E+01
13.7500 1.081E+01
13.7667 1.079E+01
13.7833 1.076E+01
13.8000 1.073E+01
13.8167 1.070E+01
13.8333 1.068E+01
13.8500 1.065E+01
13.8667 1.062E+01
13.8833 1.059E+01
13.9000 1.056E+01
13.9167 1.053E+01
13.9333 1.050E+01
13.9500 1.046E+01
13.9667 1.043E+01
13.9833 1.040E+01
14.0000 1.037E+01
14.0167 1.034E+01
14.0333 1.030E+01
14.0500 1.027E+01
14.0667 1.024E+01
14.0833 1.020E+01
14.1000 1.017E+01
14.1167 1.013E+01
14.1333 1.010E+01
14.1500 1.006E+01
14.1667 1.002E+01
14.1833 9.982E+00
14.2000 9.951E+00
14.2167 9.911E+00
14.2333 9.878E+00
14.2500 9.840E+00
14.2667 9.802E+00
14.2833 9.764E+00
14.3000 9.726E+00
14.3167 9.687E+00
14.3333 9.648E+00
14.3500 9.603E+00
14.3667 9.569E+00
14.3833 9.529E+00
14.4000 9.489E+00
14.4167 9.448E+00
14.4333 9.407E+00
14.4500 9.366E+00
14.4667 9.325E+00
14.4833 9.283E+00
14.5000 9.241E+00
14.5167 9.199E+00
14.5333 9.157E+00
14.5500 9.114E+00
14.5667 9.071E+00
14.5833 9.028E+00
14.6000 8.976E+00
14.6167 8.941E+00
14.6333 8.897E+00
14.6500 8.853E+00
14.6667 8.809E+00
14.6833 8.764E+00
14.7000 8.720E+00
14.7167 8.675E+00
14.7333 8.629E+00
14.7500 8.584E+00
14.7667 8.539E+00
14.7833 8.493E+00
14.8000 8.447E+00
14.8167 8.401E+00
14.8333 8.347E+00
14.8500 8.308E+00
14.8667 8.262E+00
14.8833 8.215E+00
14.9000 8.161E+00
14.9167 8.121E+00
14.9333 8.073E+00
14.9500 8.026E+00
14.9667 7.978E+00
14.9833 7.931E+00
