11.0000 1.089E+01
11.0167 1.094E+01
11.0333 1.100E+01
11.0500 1.106E+01
11.0667 1.112E+01
11.0833 1.117E+01
11.1000 1.123E+01
11.1167 1.128E+01
11.1333 1.134E+01
11.1500 1.139E+01
11.1667 1.145E+01
11.1833 1.150E+01
11.2000 1.156E+01
11.2167 1.161E+01
11.2333 1.166E+01
11.2500 1.172E+01
11.2667 1.177E+01
11.2833 1.182E+01
11.3000 1.188E+01
11.3167 1.193E+01
11.3333 1.198E+01
11.3500 1.204E+01
11.3667 1.209E+01
11.3833 1.214E+01
11.4000 1.219E+01
11.4167 1.224E+01
11.4333 1.229E+01
11.4500 1.233E+01
11.4667 1.239E+01
11.4833 1.244E+01
11.5000 1.249E+01
11.5167 1.253E+01
11.5333 1.258E+01
11.5500 1.263E+01
11.5667 1.268E+01
11.5833 1.272E+01
11.6000 1.277E+01
11.6167 1.282E+01
11.6333 1.286E+01
11.6500 1.290E+01
11.6667 1.294E+01
11.6833 1.299E+01
11.7000 1.304E+01
11.7167 1.308E+01
11.7333 1.313E+01
11.7500 1.317E+01
11.7667 1.321E+01
11.7833 1.326E+01
11.8000 1.330E+01
11.8167 1.334E+01
11.8333 1.338E+01
11.8500 1.342E+01
11.8667 1.346E+01
11.8833 1.350E+01
11.9000 1.354E+01
11.9167 1.358E+01
11.9333 1.361E+01
11.9500 1.365E+01
11.9667 1.369E+01
11.9833 1.372E+01
12.0000 1.376E+01
12.0167 1.380E+01
12.0333 1.383E+01
12.0500 1.387E+01
12.0667 1.390E+01
12.0833 1.394E+01
12.1000 1.397E+01
12.1167 1.400E+01
12.1333 1.403E+01
12.1500 1.407E+01
12.1667 1.410E+01
12.1833 1.413E+01
12.2000 1.416E+01
12.2167 1.418E+01
12.2333 1.422E+01
12.2500 1.425E+01
12.2667 1.428E+01
12.2833 1.430E+01
12.3000 1.433E+01
12.3167 1.436E+01
12.3333 1.438E+01
12.3500 1.441E+01
12.3667 1.443E+01
12.3833 1.445E+01
12.4000 1.446E+01
12.4167 1.451E+01
12.4333 1.453E+01
12.4500 1.455E+01
12.4667 1.457E+01
12.4833 1.460E+01
12.5000 1.462E+01
12.5167 1.464E+01
12.5333 1.466E+01
12.5500 1.468E+01
12.5667 1.469E+01
12.5833 1.471E+01
12.6000 1.473E+01
12.6167 1.475E+01
12.6333 1.476E+01
12.6500 1.478E+01
12.6667 1.479E+01
12.6833 1.481E+01
12.7000 1.482E+01
12.7167 1.484E+01
12.7333 1.485E+01
12.7500 1.486E+01
12.7667 1.487E+01
12.7833 1.489E+01
12.8000 1.490E+01
12.8167 1.491E+01
12.8333 1.492E+01
12.8500 1.493E+01
12.8667 1.493E+01
12.8833 1.494E+01
12.9000 1.495E+01
12.9167 1.496E+01
12.9333 1.496E+01
12.9500 1.497E+01
12.9667 1.497E+01
12.9833 1.498E+01
13.0000 1.498E+01
13.0167 1.498E+01
13.0333 1.499E+01
13.0500 1.499E+01
13.0667 1.499E+01
13.0833 1.499E+01
13.1000 1.499E+01
13.1167 1.499E+01
13.1333 1.499E+01
13.1500 1.499E+01
13.1667 1.499E+01
13.1833 1.498E+01
13.2000 1.498E+01
13.2167 1.498E+01
13.2333 1.497E+01
13.2500 1.497E+01
13.2667 1.496E+01
13.2833 1.496E+01
13.3000 1.495E+01
13.3167 1.494E+01
13.3333 1.493E+01
13.3500 1.493E+01
13.3667 1.492E+01
13.3833 1.491E+01
13.4000 1.490E+01
13.4167 1.489E+01
13.4333 1.488E+01
13.4500 1.486E+01
13.4667 1.485E+01
13.4833 1.484E+01
13.5000 1.482E+01
13.5167 1.481E+01
13.5333 1.480E+01
13.5500 1.478E+01
13.5667 1.476E+01
13.5833 1.475E+01
13.6000 1.473E+01
13.6167 1.471E+01
13.6333 1.470E+01
13.6500 1.468E+01
13.6667 1.466E+01
13.6833 1.464E+01
13.7000 1.462E+01
13.7167 1.460E+01
13.7333 1.458E+01
13.7500 1.455E+01
13.7667 1.453E+01
13.7833 1.451E+01
13.8000 1.447E+01
13.8167 1.446E+01
13.8333 1.443E+01
13.8500 1.441E+01
13.8667 1.439E+01
13.8833 1.436E+01
13.9000 1.433E+01
13.9167 1.430E+01
13.9333 1.428E+01
13.9500 1.425E+01
13.9667 1.422E+01
13.9833 1.419E+01
14.0000 1.416E+01
14.0167 1.413E+01
14.0333 1.410E+01
14.0500 1.407E+01
14.0667 1.404E+01
14.0833 1.400E+01
14.1000 1.397E+01
14.1167 1.394E+01
14.1333 1.390E+01
14.1500 1.387E+01
14.1667 1.384E+01
14.1833 1.380E+01
14.2000 1.376E+01
14.2167 1.372E+01
14.2333 1.369E+01
14.2500 1.365E+01
14.2667 1.362E+01
14.2833 1.358E+01
14.3000 1.354E+01
14.3167 1.350E+01
14.3333 1.346E+01
14.3500 1.342E+01
14.3667 1.338E+01
14.3833 1.334E+01
14.4000 1.330E+01
14.4167 1.326E+01
14.4333 1.322E+01
14.4500 1.317E+01
14.4667 1.313E+01
14.4833 1.309E+01
14.5000 1.304E+01
14.5167 1.300E+01
14.5333 1.295E+01
14.5500 1.291E+01
14.5667 1.286E+01
14.5833 1.282E+01
14.6000 1.277E+01
14.6167 1.273E+01
14.6333 1.268E+01
14.6500 1.263E+01
14.6667 1.258E+01
14.6833 1.254E+01
14.7000 1.249E+01
14.7167 1.244E+01
14.7333 1.239E+01
14.7500 1.233E+01
14.7667 1.229E+01
14.7833 1.224E+01
14.8000 1.219E+01
14.8167 1.214E+01
14.8333 1.209E+01
14.8500 1.204E+01
14.8667 1.199E+01
14.8833 1.194E+01
14.9000 1.188E+01
14.9167 1.183E+01
14.9333 1.178E+01
14.9500 1.172E+01
14.9667 1.167E+01
14.9833 1.162E+01
