11.0000 1.188E+01
11.0167 1.193E+01
11.0333 1.200E+01
11.0500 1.206E+01
11.0667 1.212E+01
11.0833 1.218E+01
11.1000 1.224E+01
11.1167 1.230E+01
11.1333 1.236E+01
11.1500 1.242E+01
11.1667 1.248E+01
11.1833 1.254E+01
11.2000 1.260E+01
11.2167 1.266E+01
11.2333 1.272E+01
11.2500 1.277E+01
11.2667 1.283E+01
11.2833 1.289E+01
11.3000 1.294E+01
11.3167 1.300E+01
11.3333 1.306E+01
11.3500 1.311E+01
11.3667 1.317E+01
11.3833 1.322E+01
11.4000 1.327E+01
11.4167 1.333E+01
11.4333 1.339E+01
11.4500 1.344E+01
11.4667 1.349E+01
11.4833 1.355E+01
11.5000 1.360E+01
11.5167 1.365E+01
11.5333 1.370E+01
11.5500 1.375E+01
11.5667 1.380E+01
11.5833 1.385E+01
11.6000 1.390E+01
11.6167 1.395E+01
11.6333 1.400E+01
11.6500 1.405E+01
11.6667 1.410E+01
11.6833 1.415E+01
11.7000 1.420E+01
11.7167 1.424E+01
11.7333 1.429E+01
11.7500 1.434E+01
11.7667 1.438E+01
11.7833 1.443E+01
11.8000 1.447E+01
11.8167 1.451E+01
11.8333 1.456E+01
11.8500 1.460E+01
11.8667 1.463E+01
11.8833 1.468E+01
11.9000 1.472E+01
11.9167 1.476E+01
11.9333 1.481E+01
11.9500 1.484E+01
11.9667 1.489E+01
11.9833 1.493E+01
12.0000 1.496E+01
12.0167 1.501E+01
12.0333 1.504E+01
12.0500 1.508E+01
12.0667 1.512E+01
12.0833 1.515E+01
12.1000 1.519E+01
12.1167 1.523E+01
12.1333 1.526E+01
12.1500 1.529E+01
12.1667 1.533E+01
12.1833 1.536E+01
12.2000 1.539E+01
12.2167 1.542E+01
12.2333 1.546E+01
12.2500 1.549E+01
12.2667 1.552E+01
12.2833 1.555E+01
12.3000 1.558E+01
12.3167 1.560E+01
12.3333 1.563E+01
12.3500 1.565E+01
12.3667 1.568E+01
12.3833 1.571E+01
12.4000 1.574E+01
12.4167 1.576E+01
12.4333 1.579E+01
12.4500 1.581E+01
12.4667 1.583E+01
12.4833 1.586E+01
12.5000 1.588E+01
12.5167 1.590E+01
12.5333 1.592E+01
12.5500 1.594E+01
12.5667 1.596E+01
12.5833 1.598E+01
12.6000 1.600E+01
12.6167 1.602E+01
12.6333 1.603E+01
12.6500 1.605E+01
12.6667 1.607E+01
12.6833 1.608E+01
12.7000 1.610E+01
12.7167 1.611E+01
12.7333 1.612E+01
12.7500 1.614E+01
12.7667 1.615E+01
12.7833 1.616E+01
12.8000 1.617E+01
12.8167 1.618E+01
12.8333 1.619E+01
12.8500 1.620E+01
12.8667 1.621E+01
12.8833 1.622E+01
12.9000 1.622E+01
12.9167 1.622E+01
12.9333 1.622E+01
12.9500 1.623E+01
12.9667 1.624E+01
12.9833 1.625E+01
13.0000 1.625E+01
13.0167 1.626E+01
13.0333 1.626E+01
13.0500 1.626E+01
13.0667 1.626E+01
13.0833 1.626E+01
13.1000 1.626E+01
13.1167 1.626E+01
13.1333 1.626E+01
13.1500 1.626E+01
13.1667 1.625E+01
13.1833 1.625E+01
13.2000 1.624E+01
13.2167 1.623E+01
13.2333 1.623E+01
13.2500 1.622E+01
13.2667 1.622E+01
13.2833 1.622E+01
13.3000 1.621E+01
13.3167 1.620E+01
13.3333 1.619E+01
13.3500 1.618E+01
13.3667 1.617E+01
13.3833 1.616E+01
13.4000 1.615E+01
13.4167 1.614E+01
13.4333 1.613E+01
13.4500 1.611E+01
13.4667 1.610E+01
13.4833 1.608E+01
13.5000 1.607E+01
13.5167 1.605E+01
13.5333 1.604E+01
13.5500 1.602E+01
13.5667 1.600E+01
13.5833 1.598E+01
13.6000 1.596E+01
13.6167 1.594E+01
13.6333 1.592E+01
13.6500 1.590E+01
13.6667 1.588E+01
13.6833 1.586E+01
13.7000 1.584E+01
13.7167 1.581E+01
13.7333 1.579E+01
13.7500 1.577E+01
13.7667 1.574E+01
13.7833 1.572E+01
13.8000 1.569E+01
13.8167 1.566E+01
13.8333 1.564E+01
13.8500 1.561E+01
13.8667 1.558E+01
13.8833 1.555E+01
13.9000 1.552E+01
13.9167 1.549E+01
13.9333 1.546E+01
13.9500 1.543E+01
13.9667 1.540E+01
13.9833 1.537E+01
14.0000 1.533E+01
14.0167 1.530E+01
14.0333 1.526E+01
14.0500 1.523E+01
14.0667 1.520E+01
14.0833 1.516E+01
14.1000 1.512E+01
14.1167 1.509E+01
14.1333 1.505E+01
14.1500 1.501E+01
14.1667 1.497E+01
14.1833 1.494E+01
14.2000 1.490E+01
14.2167 1.485E+01
14.2333 1.481E+01
14.2500 1.476E+01
14.2667 1.473E+01
14.2833 1.469E+01
14.3000 1.465E+01
14.3167 1.461E+01
14.3333 1.457E+01
14.3500 1.452E+01
14.3667 1.448E+01
14.3833 1.443E+01
14.4000 1.439E+01
14.4167 1.434E+01
14.4333 1.429E+01
14.4500 1.425E+01
14.4667 1.420E+01
14.4833 1.416E+01
14.5000 1.411E+01
14.5167 1.405E+01
14.5333 1.401E+01
14.5500 1.396E+01
14.5667 1.391E+01
14.5833 1.386E+01
14.6000 1.381E+01
14.6167 1.376E+01
14.6333 1.371E+01
14.6500 1.366E+01
14.6667 1.361E+01
14.6833 1.355E+01
14.7000 1.350E+01
14.7167 1.344E+01
14.7333 1.339E+01
14.7500 1.334E+01
14.7667 1.328E+01
14.7833 1.323E+01
14.8000 1.318E+01
14.8167 1.312E+01
14.8333 1.307E+01
14.8500 1.301E+01
14.8667 1.295E+01
14.8833 1.290E+01
14.9000 1.284E+01
14.9167 1.278E+01
14.9333 1.272E+01
14.9500 1.267E+01
14.9667 1.261E+01
14.9833 1.255E+01
