11.0000 1.026E+01
11.0167 1.030E+01
11.0333 1.035E+01
11.0500 1.040E+01
11.0667 1.045E+01
11.0833 1.050E+01
11.1000 1.054E+01
11.1167 1.059E+01
11.1333 1.064E+01
11.1500 1.069E+01
11.1667 1.073E+01
11.1833 1.078E+01
11.2000 1.083E+01
11.2167 1.087E+01
11.2333 1.091E+01
11.2500 1.096E+01
11.2667 1.101E+01
11.2833 1.105E+01
11.3000 1.109E+01
11.3167 1.114E+01
11.3333 1.118E+01
11.3500 1.122E+01
11.3667 1.127E+01
11.3833 1.131E+01
11.4000 1.135E+01
11.4167 1.140E+01
11.4333 1.144E+01
11.4500 1.148E+01
11.4667 1.152E+01
11.4833 1.156E+01
11.5000 1.160E+01
11.5167 1.164E+01
11.5333 1.168E+01
11.5500 1.172E+01
11.5667 1.176E+01
11.5833 1.179E+01
11.6000 1.183E+01
11.6167 1.186E+01
11.6333 1.191E+01
11.6500 1.194E+01
11.6667 1.198E+01
11.6833 1.202E+01
11.7000 1.205E+01
11.7167 1.207E+01
11.7333 1.212E+01
11.7500 1.216E+01
11.7667 1.219E+01
11.7833 1.222E+01
11.8000 1.226E+01
11.8167 1.229E+01
11.8333 1.232E+01
11.8500 1.235E+01
11.8667 1.239E+01
11.8833 1.242E+01
11.9000 1.245E+01
11.9167 1.248E+01
11.9333 1.251E+01
11.9500 1.254E+01
11.9667 1.257E+01
11.9833 1.259E+01
12.0000 1.262E+01
12.0167 1.265E+01
12.0333 1.268E+01
12.0500 1.270E+01
12.0667 1.273E+01
12.0833 1.275E+01
12.1000 1.278E+01
12.1167 1.281E+01
12.1333 1.283E+01
12.1500 1.284E+01
12.1667 1.288E+01
12.1833 1.290E+01
12.2000 1.292E+01
12.2167 1.295E+01
12.2333 1.297E+01
12.2500 1.299E+01
12.2667 1.301E+01
12.2833 1.302E+01
12.3000 1.304E+01
12.3167 1.306E+01
12.3333 1.308E+01
12.3500 1.310E+01
12.3667 1.312E+01
12.3833 1.314E+01
12.4000 1.315E+01
12.4167 1.317E+01
12.4333 1.318E+01
12.4500 1.319E+01
12.4667 1.321E+01
12.4833 1.323E+01
12.5000 1.324E+01
12.5167 1.326E+01
12.5333 1.327E+01
12.5500 1.328E+01
12.5667 1.329E+01
12.5833 1.330E+01
12.6000 1.331E+01
12.6167 1.333E+01
12.6333 1.333E+01
12.6500 1.334E+01
12.6667 1.335E+01
12.6833 1.336E+01
12.7000 1.337E+01
12.7167 1.337E+01
12.7333 1.337E+01
12.7500 1.338E+01
12.7667 1.338E+01
12.7833 1.339E+01
12.8000 1.340E+01
12.8167 1.340E+01
12.8333 1.341E+01
12.8500 1.341E+01
12.8667 1.341E+01
12.8833 1.342E+01
12.9000 1.342E+01
12.9167 1.342E+01
12.9333 1.342E+01
12.9500 1.342E+01
12.9667 1.342E+01
12.9833 1.341E+01
13.0000 1.341E+01
13.0167 1.341E+01
13.0333 1.341E+01
13.0500 1.340E+01
13.0667 1.339E+01
13.0833 1.339E+01
13.1000 1.338E+01
13.1167 1.338E+01
13.1333 1.337E+01
13.1500 1.337E+01
13.1667 1.337E+01
13.1833 1.336E+01
13.2000 1.335E+01
13.2167 1.334E+01
13.2333 1.333E+01
13.2500 1.332E+01
13.2667 1.331E+01
13.2833 1.330E+01
13.3000 1.329E+01
13.3167 1.328E+01
13.3333 1.327E+01
13.3500 1.325E+01
13.3667 1.324E+01
13.3833 1.323E+01
13.4000 1.320E+01
13.4167 1.319E+01
13.4333 1.318E+01
13.4500 1.317E+01
13.4667 1.315E+01
13.4833 1.313E+01
13.5000 1.312E+01
13.5167 1.310E+01
13.5333 1.308E+01
13.5500 1.305E+01
13.5667 1.303E+01
13.5833 1.302E+01
13.6000 1.300E+01
13.6167 1.298E+01
13.6333 1.296E+01
13.6500 1.294E+01
13.6667 1.292E+01
13.6833 1.289E+01
13.7000 1.287E+01
13.7167 1.284E+01
13.7333 1.282E+01
13.7500 1.280E+01
13.7667 1.277E+01
13.7833 1.275E+01
13.8000 1.272E+01
13.8167 1.270E+01
13.8333 1.267E+01
13.8500 1.264E+01
13.8667 1.261E+01
13.8833 1.259E+01
13.9000 1.256E+01
13.9167 1.253E+01
13.9333 1.250E+01
13.9500 1.247E+01
13.9667 1.244E+01
13.9833 1.241E+01
14.0000 1.238E+01
14.0167 1.235E+01
14.0333 1.231E+01
14.0500 1.228E+01
14.0667 1.225E+01
14.0833 1.222E+01
14.1000 1.218E+01
14.1167 1.215E+01
14.1333 1.210E+01
14.1500 1.206E+01
14.1667 1.204E+01
14.1833 1.201E+01
14.2000 1.197E+01
14.2167 1.193E+01
14.2333 1.190E+01
14.2500 1.186E+01
14.2667 1.182E+01
14.2833 1.178E+01
14.3000 1.175E+01
14.3167 1.171E+01
14.3333 1.167E+01
14.3500 1.163E+01
14.3667 1.159E+01
14.3833 1.155E+01
14.4000 1.151E+01
14.4167 1.147E+01
14.4333 1.143E+01
14.4500 1.138E+01
14.4667 1.134E+01
14.4833 1.130E+01
14.5000 1.126E+01
14.5167 1.121E+01
14.5333 1.117E+01
14.5500 1.113E+01
14.5667 1.108E+01
14.5833 1.104E+01
14.6000 1.098E+01
14.6167 1.095E+01
14.6333 1.090E+01
14.6500 1.084E+01
14.6667 1.081E+01
14.6833 1.076E+01
14.7000 1.072E+01
14.7167 1.067E+01
14.7333 1.063E+01
14.7500 1.057E+01
14.7667 1.053E+01
14.7833 1.048E+01
14.8000 1.044E+01
14.8167 1.039E+01
14.8333 1.034E+01
14.8500 1.029E+01
14.8667 1.024E+01
14.8833 1.019E+01
14.9000 1.014E+01
14.9167 1.009E+01
14.9333 1.004E+01
14.9500 9.994E+00
14.9667 9.939E+00
14.9833 9.894E+00
