11.0000 1.155E+01
11.0167 1.161E+01
11.0333 1.167E+01
11.0500 1.172E+01
11.0667 1.179E+01
11.0833 1.185E+01
11.1000 1.190E+01
11.1167 1.197E+01
11.1333 1.202E+01
11.1500 1.208E+01
11.1667 1.214E+01
11.1833 1.220E+01
11.2000 1.225E+01
11.2167 1.231E+01
11.2333 1.237E+01
11.2500 1.243E+01
11.2667 1.248E+01
11.2833 1.254E+01
11.3000 1.259E+01
11.3167 1.265E+01
11.3333 1.270E+01
11.3500 1.275E+01
11.3667 1.281E+01
11.3833 1.287E+01
11.4000 1.291E+01
11.4167 1.297E+01
11.4333 1.303E+01
11.4500 1.308E+01
11.4667 1.313E+01
11.4833 1.318E+01
11.5000 1.323E+01
11.5167 1.328E+01
11.5333 1.334E+01
11.5500 1.339E+01
11.5667 1.344E+01
11.5833 1.348E+01
11.6000 1.353E+01
11.6167 1.358E+01
11.6333 1.363E+01
11.6500 1.368E+01
11.6667 1.372E+01
11.6833 1.377E+01
11.7000 1.382E+01
11.7167 1.386E+01
11.7333 1.391E+01
11.7500 1.396E+01
11.7667 1.400E+01
11.7833 1.404E+01
11.8000 1.408E+01
11.8167 1.413E+01
11.8333 1.416E+01
11.8500 1.422E+01
11.8667 1.425E+01
11.8833 1.430E+01
11.9000 1.434E+01
11.9167 1.438E+01
11.9333 1.442E+01
11.9500 1.446E+01
11.9667 1.450E+01
11.9833 1.454E+01
12.0000 1.458E+01
12.0167 1.461E+01
12.0333 1.465E+01
12.0500 1.469E+01
12.0667 1.472E+01
12.0833 1.476E+01
12.1000 1.479E+01
12.1167 1.483E+01
12.1333 1.486E+01
12.1500 1.490E+01
12.1667 1.493E+01
12.1833 1.496E+01
12.2000 1.499E+01
12.2167 1.502E+01
12.2333 1.505E+01
12.2500 1.509E+01
12.2667 1.512E+01
12.2833 1.514E+01
12.3000 1.517E+01
12.3167 1.520E+01
12.3333 1.523E+01
12.3500 1.525E+01
12.3667 1.528E+01
12.3833 1.531E+01
12.4000 1.533E+01
12.4167 1.536E+01
12.4333 1.538E+01
12.4500 1.541E+01
12.4667 1.543E+01
12.4833 1.545E+01
12.5000 1.547E+01
12.5167 1.549E+01
12.5333 1.551E+01
12.5500 1.553E+01
12.5667 1.555E+01
12.5833 1.556E+01
12.6000 1.559E+01
12.6167 1.561E+01
12.6333 1.563E+01
12.6500 1.564E+01
12.6667 1.566E+01
12.6833 1.567E+01
12.7000 1.568E+01
12.7167 1.569E+01
12.7333 1.571E+01
12.7500 1.573E+01
12.7667 1.574E+01
12.7833 1.575E+01
12.8000 1.576E+01
12.8167 1.577E+01
12.8333 1.578E+01
12.8500 1.579E+01
12.8667 1.580E+01
12.8833 1.581E+01
12.9000 1.582E+01
12.9167 1.582E+01
12.9333 1.583E+01
12.9500 1.583E+01
12.9667 1.582E+01
12.9833 1.583E+01
13.0000 1.583E+01
13.0167 1.583E+01
13.0333 1.584E+01
13.0500 1.584E+01
13.0667 1.584E+01
13.0833 1.584E+01
13.1000 1.584E+01
13.1167 1.584E+01
13.1333 1.584E+01
13.1500 1.584E+01
13.1667 1.583E+01
13.1833 1.583E+01
13.2000 1.583E+01
13.2167 1.583E+01
13.2333 1.583E+01
13.2500 1.583E+01
13.2667 1.582E+01
13.2833 1.582E+01
13.3000 1.581E+01
13.3167 1.580E+01
13.3333 1.579E+01
13.3500 1.578E+01
13.3667 1.577E+01
13.3833 1.576E+01
13.4000 1.575E+01
13.4167 1.574E+01
13.4333 1.573E+01
13.4500 1.572E+01
13.4667 1.570E+01
13.4833 1.568E+01
13.5000 1.567E+01
13.5167 1.566E+01
13.5333 1.564E+01
13.5500 1.563E+01
13.5667 1.561E+01
13.5833 1.559E+01
13.6000 1.557E+01
13.6167 1.556E+01
13.6333 1.554E+01
13.6500 1.552E+01
13.6667 1.550E+01
13.6833 1.547E+01
13.7000 1.545E+01
13.7167 1.543E+01
13.7333 1.541E+01
13.7500 1.538E+01
13.7667 1.536E+01
13.7833 1.534E+01
13.8000 1.531E+01
13.8167 1.529E+01
13.8333 1.526E+01
13.8500 1.523E+01
13.8667 1.520E+01
13.8833 1.518E+01
13.9000 1.515E+01
13.9167 1.512E+01
13.9333 1.509E+01
13.9500 1.506E+01
13.9667 1.503E+01
13.9833 1.500E+01
14.0000 1.497E+01
14.0167 1.493E+01
14.0333 1.490E+01
14.0500 1.487E+01
14.0667 1.483E+01
14.0833 1.480E+01
14.1000 1.476E+01
14.1167 1.473E+01
14.1333 1.469E+01
14.1500 1.465E+01
14.1667 1.462E+01
14.1833 1.458E+01
14.2000 1.454E+01
14.2167 1.451E+01
14.2333 1.447E+01
14.2500 1.443E+01
14.2667 1.439E+01
14.2833 1.434E+01
14.3000 1.430E+01
14.3167 1.426E+01
14.3333 1.422E+01
14.3500 1.417E+01
14.3667 1.413E+01
14.3833 1.409E+01
14.4000 1.404E+01
14.4167 1.401E+01
14.4333 1.396E+01
14.4500 1.392E+01
14.4667 1.387E+01
14.4833 1.382E+01
14.5000 1.378E+01
14.5167 1.373E+01
14.5333 1.368E+01
14.5500 1.364E+01
14.5667 1.359E+01
14.5833 1.354E+01
14.6000 1.349E+01
14.6167 1.344E+01
14.6333 1.339E+01
14.6500 1.334E+01
14.6667 1.329E+01
14.6833 1.324E+01
14.7000 1.319E+01
14.7167 1.314E+01
14.7333 1.308E+01
14.7500 1.303E+01
14.7667 1.298E+01
14.7833 1.291E+01
14.8000 1.287E+01
14.8167 1.282E+01
14.8333 1.276E+01
14.8500 1.271E+01
14.8667 1.266E+01
14.8833 1.260E+01
14.9000 1.255E+01
14.9167 1.249E+01
14.9333 1.243E+01
14.9500 1.238E+01
14.9667 1.232E+01
14.9833 1.226E+01
