11.0000 1.004E+01
11.0167 1.009E+01
11.0333 1.013E+01
11.0500 1.018E+01
11.0667 1.023E+01
11.0833 1.028E+01
11.1000 1.033E+01
11.1167 1.038E+01
11.1333 1.043E+01
11.1500 1.047E+01
11.1667 1.052E+01
11.1833 1.057E+01
11.2000 1.062E+01
11.2167 1.066E+01
11.2333 1.071E+01
11.2500 1.076E+01
11.2667 1.080E+01
11.2833 1.085E+01
11.3000 1.089E+01
11.3167 1.094E+01
11.3333 1.098E+01
11.3500 1.103E+01
11.3667 1.107E+01
11.3833 1.112E+01
11.4000 1.116E+01
11.4167 1.120E+01
11.4333 1.125E+01
11.4500 1.129E+01
11.4667 1.133E+01
11.4833 1.137E+01
11.5000 1.141E+01
11.5167 1.146E+01
11.5333 1.150E+01
11.5500 1.154E+01
11.5667 1.158E+01
11.5833 1.162E+01
11.6000 1.166E+01
11.6167 1.170E+01
11.6333 1.173E+01
11.6500 1.177E+01
11.6667 1.181E+01
11.6833 1.185E+01
11.7000 1.189E+01
11.7167 1.192E+01
11.7333 1.196E+01
11.7500 1.199E+01
11.7667 1.203E+01
11.7833 1.207E+01
11.8000 1.210E+01
11.8167 1.214E+01
11.8333 1.217E+01
11.8500 1.220E+01
11.8667 1.224E+01
11.8833 1.227E+01
11.9000 1.230E+01
11.9167 1.233E+01
11.9333 1.237E+01
11.9500 1.240E+01
11.9667 1.243E+01
11.9833 1.246E+01
12.0000 1.249E+01
12.0167 1.252E+01
12.0333 1.255E+01
12.0500 1.258E+01
12.0667 1.260E+01
12.0833 1.263E+01
12.1000 1.265E+01
12.1167 1.269E+01
12.1333 1.271E+01
12.1500 1.274E+01
12.1667 1.276E+01
12.1833 1.279E+01
12.2000 1.281E+01
12.2167 1.284E+01
12.2333 1.286E+01
12.2500 1.288E+01
12.2667 1.291E+01
12.2833 1.292E+01
12.3000 1.294E+01
12.3167 1.297E+01
12.3333 1.299E+01
12.3500 1.301E+01
12.3667 1.303E+01
12.3833 1.305E+01
12.4000 1.307E+01
12.4167 1.308E+01
12.4333 1.310E+01
12.4500 1.313E+01
12.4667 1.314E+01
12.4833 1.316E+01
12.5000 1.318E+01
12.5167 1.319E+01
12.5333 1.321E+01
12.5500 1.322E+01
12.5667 1.323E+01
12.5833 1.325E+01
12.6000 1.326E+01
12.6167 1.327E+01
12.6333 1.327E+01
12.6500 1.329E+01
12.6667 1.331E+01
12.6833 1.332E+01
12.7000 1.333E+01
12.7167 1.334E+01
12.7333 1.335E+01
12.7500 1.335E+01
12.7667 1.336E+01
12.7833 1.337E+01
12.8000 1.337E+01
12.8167 1.338E+01
12.8333 1.339E+01
12.8500 1.339E+01
12.8667 1.340E+01
12.8833 1.340E+01
12.9000 1.340E+01
12.9167 1.341E+01
12.9333 1.341E+01
12.9500 1.341E+01
12.9667 1.341E+01
12.9833 1.341E+01
13.0000 1.341E+01
13.0167 1.341E+01
13.0333 1.341E+01
13.0500 1.341E+01
13.0667 1.341E+01
13.0833 1.341E+01
13.1000 1.341E+01
13.1167 1.341E+01
13.1333 1.340E+01
13.1500 1.340E+01
13.1667 1.339E+01
13.1833 1.339E+01
13.2000 1.338E+01
13.2167 1.337E+01
13.2333 1.337E+01
13.2500 1.336E+01
13.2667 1.336E+01
13.2833 1.335E+01
13.3000 1.334E+01
13.3167 1.333E+01
13.3333 1.332E+01
13.3500 1.331E+01
13.3667 1.330E+01
13.3833 1.328E+01
13.4000 1.327E+01
13.4167 1.326E+01
13.4333 1.325E+01
13.4500 1.324E+01
13.4667 1.322E+01
13.4833 1.321E+01
13.5000 1.319E+01
13.5167 1.318E+01
13.5333 1.316E+01
13.5500 1.315E+01
13.5667 1.313E+01
13.5833 1.311E+01
13.6000 1.309E+01
13.6167 1.307E+01
13.6333 1.306E+01
13.6500 1.304E+01
13.6667 1.302E+01
13.6833 1.300E+01
13.7000 1.297E+01
13.7167 1.295E+01
13.7333 1.293E+01
13.7500 1.291E+01
13.7667 1.289E+01
13.7833 1.287E+01
13.8000 1.284E+01
13.8167 1.282E+01
13.8333 1.280E+01
13.8500 1.277E+01
13.8667 1.274E+01
13.8833 1.272E+01
13.9000 1.269E+01
13.9167 1.266E+01
13.9333 1.264E+01
13.9500 1.261E+01
13.9667 1.258E+01
13.9833 1.256E+01
14.0000 1.253E+01
14.0167 1.250E+01
14.0333 1.247E+01
14.0500 1.244E+01
14.0667 1.241E+01
14.0833 1.238E+01
14.1000 1.234E+01
14.1167 1.231E+01
14.1333 1.228E+01
14.1500 1.225E+01
14.1667 1.221E+01
14.1833 1.218E+01
14.2000 1.215E+01
14.2167 1.211E+01
14.2333 1.208E+01
14.2500 1.204E+01
14.2667 1.200E+01
14.2833 1.197E+01
14.3000 1.193E+01
14.3167 1.190E+01
14.3333 1.185E+01
14.3500 1.182E+01
14.3667 1.178E+01
14.3833 1.175E+01
14.4000 1.171E+01
14.4167 1.167E+01
14.4333 1.163E+01
14.4500 1.159E+01
14.4667 1.155E+01
14.4833 1.151E+01
14.5000 1.147E+01
14.5167 1.143E+01
14.5333 1.138E+01
14.5500 1.134E+01
14.5667 1.130E+01
14.5833 1.126E+01
14.6000 1.121E+01
14.6167 1.117E+01
14.6333 1.113E+01
14.6500 1.108E+01
14.6667 1.104E+01
14.6833 1.100E+01
14.7000 1.095E+01
14.7167 1.090E+01
14.7333 1.086E+01
14.7500 1.081E+01
14.7667 1.076E+01
14.7833 1.072E+01
14.8000 1.067E+01
14.8167 1.063E+01
14.8333 1.058E+01
14.8500 1.054E+01
14.8667 1.049E+01
14.8833 1.044E+01
14.9000 1.039E+01
14.9167 1.034E+01
14.9333 1.029E+01
14.9500 1.025E+01
14.9667 1.020E+01
14.9833 1.015E+01
