11.0000 8.861E+00
11.0167 8.914E+00
11.0333 8.968E+00
11.0500 9.021E+00
11.0667 9.074E+00
11.0833 9.126E+00
11.1000 9.179E+00
11.1167 9.231E+00
11.1333 9.284E+00
11.1500 9.335E+00
11.1667 9.388E+00
11.1833 9.439E+00
11.2000 9.489E+00
11.2167 9.541E+00
11.2333 9.593E+00
11.2500 9.644E+00
11.2667 9.695E+00
11.2833 9.745E+00
11.3000 9.795E+00
11.3167 9.846E+00
11.3333 9.895E+00
11.3500 9.945E+00
11.3667 9.994E+00
11.3833 1.004E+01
11.4000 1.009E+01
11.4167 1.014E+01
11.4333 1.019E+01
11.4500 1.024E+01
11.4667 1.028E+01
11.4833 1.033E+01
11.5000 1.038E+01
11.5167 1.043E+01
11.5333 1.047E+01
11.5500 1.052E+01
11.5667 1.057E+01
11.5833 1.061E+01
11.6000 1.066E+01
11.6167 1.070E+01
11.6333 1.075E+01
11.6500 1.079E+01
11.6667 1.084E+01
11.6833 1.088E+01
11.7000 1.092E+01
11.7167 1.097E+01
11.7333 1.101E+01
11.7500 1.105E+01
11.7667 1.109E+01
11.7833 1.113E+01
11.8000 1.117E+01
11.8167 1.121E+01
11.8333 1.126E+01
11.8500 1.130E+01
11.8667 1.134E+01
11.8833 1.138E+01
11.9000 1.142E+01
11.9167 1.146E+01
11.9333 1.150E+01
11.9500 1.154E+01
11.9667 1.157E+01
11.9833 1.161E+01
12.0000 1.165E+01
12.0167 1.169E+01
12.0333 1.172E+01
12.0500 1.176E+01
12.0667 1.179E+01
12.0833 1.183E+01
12.1000 1.186E+01
12.1167 1.189E+01
12.1333 1.193E+01
12.1500 1.196E+01
12.1667 1.200E+01
12.1833 1.203E+01
12.2000 1.206E+01
12.2167 1.209E+01
12.2333 1.212E+01
12.2500 1.216E+01
12.2667 1.219E+01
12.2833 1.222E+01
12.3000 1.225E+01
12.3167 1.227E+01
12.3333 1.230E+01
12.3500 1.233E+01
12.3667 1.236E+01
12.3833 1.239E+01
12.4000 1.241E+01
12.4167 1.244E+01
12.4333 1.246E+01
12.4500 1.248E+01
12.4667 1.251E+01
12.4833 1.254E+01
12.5000 1.256E+01
12.5167 1.259E+01
12.5333 1.261E+01
12.5500 1.263E+01
12.5667 1.265E+01
12.5833 1.268E+01
12.6000 1.270E+01
12.6167 1.272E+01
12.6333 1.274E+01
12.6500 1.276E+01
12.6667 1.278E+01
12.6833 1.279E+01
12.7000 1.281E+01
12.7167 1.283E+01
12.7333 1.284E+01
12.7500 1.286E+01
12.7667 1.288E+01
12.7833 1.289E+01
12.8000 1.291E+01
12.8167 1.292E+01
12.8333 1.294E+01
12.8500 1.295E+01
12.8667 1.296E+01
12.8833 1.298E+01
12.9000 1.299E+01
12.9167 1.300E+01
12.9333 1.301E+01
12.9500 1.302E+01
12.9667 1.303E+01
12.9833 1.304E+01
13.0000 1.305E+01
13.0167 1.305E+01
13.0333 1.306E+01
13.0500 1.307E+01
13.0667 1.308E+01
13.0833 1.308E+01
13.1000 1.309E+01
13.1167 1.309E+01
13.1333 1.310E+01
13.1500 1.310E+01
13.1667 1.310E+01
13.1833 1.311E+01
13.2000 1.311E+01
13.2167 1.311E+01
13.2333 1.311E+01
13.2500 1.311E+01
13.2667 1.311E+01
13.2833 1.311E+01
13.3000 1.311E+01
13.3167 1.311E+01
13.3333 1.311E+01
13.3500 1.311E+01
13.3667 1.310E+01
13.3833 1.310E+01
13.4000 1.309E+01
13.4167 1.309E+01
13.4333 1.308E+01
13.4500 1.308E+01
13.4667 1.307E+01
13.4833 1.307E+01
13.5000 1.306E+01
13.5167 1.305E+01
13.5333 1.304E+01
13.5500 1.303E+01
13.5667 1.302E+01
13.5833 1.301E+01
13.6000 1.300E+01
13.6167 1.299E+01
13.6333 1.298E+01
13.6500 1.297E+01
13.6667 1.296E+01
13.6833 1.294E+01
13.7000 1.293E+01
13.7167 1.292E+01
13.7333 1.290E+01
13.7500 1.289E+01
13.7667 1.287E+01
13.7833 1.285E+01
13.8000 1.284E+01
13.8167 1.282E+01
13.8333 1.280E+01
13.8500 1.278E+01
13.8667 1.276E+01
13.8833 1.275E+01
13.9000 1.273E+01
13.9167 1.271E+01
13.9333 1.268E+01
13.9500 1.266E+01
13.9667 1.264E+01
13.9833 1.262E+01
14.0000 1.260E+01
14.0167 1.257E+01
14.0333 1.255E+01
14.0500 1.251E+01
14.0667 1.248E+01
14.0833 1.248E+01
14.1000 1.245E+01
14.1167 1.242E+01
14.1333 1.240E+01
14.1500 1.237E+01
14.1667 1.234E+01
14.1833 1.232E+01
14.2000 1.228E+01
14.2167 1.226E+01
14.2333 1.223E+01
14.2500 1.220E+01
14.2667 1.217E+01
14.2833 1.214E+01
14.3000 1.211E+01
14.3167 1.208E+01
14.3333 1.204E+01
14.3500 1.201E+01
14.3667 1.198E+01
14.3833 1.195E+01
14.4000 1.191E+01
14.4167 1.188E+01
14.4333 1.184E+01
14.4500 1.181E+01
14.4667 1.177E+01
14.4833 1.174E+01
14.5000 1.170E+01
14.5167 1.167E+01
14.5333 1.163E+01
14.5500 1.159E+01
14.5667 1.155E+01
14.5833 1.152E+01
14.6000 1.148E+01
14.6167 1.144E+01
14.6333 1.140E+01
14.6500 1.135E+01
14.6667 1.132E+01
14.6833 1.128E+01
14.7000 1.124E+01
14.7167 1.120E+01
14.7333 1.116E+01
14.7500 1.111E+01
14.7667 1.107E+01
14.7833 1.103E+01
14.8000 1.099E+01
14.8167 1.094E+01
14.8333 1.090E+01
14.8500 1.086E+01
14.8667 1.081E+01
14.8833 1.077E+01
14.9000 1.071E+01
14.9167 1.068E+01
14.9333 1.063E+01
14.9500 1.059E+01
14.9667 1.054E+01
14.9833 1.049E+01
