11.0000 9.276E+00
11.0167 9.332E+00
11.0333 9.389E+00
11.0500 9.445E+00
11.0667 9.501E+00
11.0833 9.557E+00
11.1000 9.613E+00
11.1167 9.668E+00
11.1333 9.724E+00
11.1500 9.779E+00
11.1667 9.834E+00
11.1833 9.889E+00
11.2000 9.943E+00
11.2167 9.997E+00
11.2333 1.005E+01
11.2500 1.009E+01
11.2667 1.016E+01
11.2833 1.021E+01
11.3000 1.027E+01
11.3167 1.032E+01
11.3333 1.037E+01
11.3500 1.042E+01
11.3667 1.048E+01
11.3833 1.053E+01
11.4000 1.058E+01
11.4167 1.063E+01
11.4333 1.067E+01
11.4500 1.073E+01
11.4667 1.078E+01
11.4833 1.084E+01
11.5000 1.089E+01
11.5167 1.094E+01
11.5333 1.098E+01
11.5500 1.103E+01
11.5667 1.108E+01
11.5833 1.113E+01
11.6000 1.117E+01
11.6167 1.123E+01
11.6333 1.128E+01
11.6500 1.132E+01
11.6667 1.137E+01
11.6833 1.142E+01
11.7000 1.146E+01
11.7167 1.151E+01
11.7333 1.155E+01
11.7500 1.160E+01
11.7667 1.164E+01
11.7833 1.169E+01
11.8000 1.173E+01
11.8167 1.178E+01
11.8333 1.182E+01
11.8500 1.186E+01
11.8667 1.191E+01
11.8833 1.194E+01
11.9000 1.198E+01
11.9167 1.203E+01
11.9333 1.207E+01
11.9500 1.211E+01
11.9667 1.215E+01
11.9833 1.219E+01
12.0000 1.223E+01
12.0167 1.227E+01
12.0333 1.230E+01
12.0500 1.235E+01
12.0667 1.238E+01
12.0833 1.242E+01
12.1000 1.246E+01
12.1167 1.250E+01
12.1333 1.253E+01
12.1500 1.257E+01
12.1667 1.260E+01
12.1833 1.264E+01
12.2000 1.267E+01
12.2167 1.270E+01
12.2333 1.274E+01
12.2500 1.277E+01
12.2667 1.280E+01
12.2833 1.284E+01
12.3000 1.287E+01
12.3167 1.290E+01
12.3333 1.293E+01
12.3500 1.296E+01
12.3667 1.299E+01
12.3833 1.302E+01
12.4000 1.304E+01
12.4167 1.307E+01
12.4333 1.310E+01
12.4500 1.313E+01
12.4667 1.315E+01
12.4833 1.318E+01
12.5000 1.321E+01
12.5167 1.323E+01
12.5333 1.325E+01
12.5500 1.328E+01
12.5667 1.330E+01
12.5833 1.333E+01
12.6000 1.335E+01
12.6167 1.337E+01
12.6333 1.339E+01
12.6500 1.341E+01
12.6667 1.343E+01
12.6833 1.345E+01
12.7000 1.347E+01
12.7167 1.349E+01
12.7333 1.350E+01
12.7500 1.353E+01
12.7667 1.354E+01
12.7833 1.356E+01
12.8000 1.357E+01
12.8167 1.359E+01
12.8333 1.360E+01
12.8500 1.362E+01
12.8667 1.363E+01
12.8833 1.365E+01
12.9000 1.366E+01
12.9167 1.367E+01
12.9333 1.368E+01
12.9500 1.369E+01
12.9667 1.370E+01
12.9833 1.371E+01
13.0000 1.372E+01
13.0167 1.372E+01
13.0333 1.372E+01
13.0500 1.374E+01
13.0667 1.375E+01
13.0833 1.375E+01
13.1000 1.375E+01
13.1167 1.376E+01
13.1333 1.377E+01
13.1500 1.378E+01
13.1667 1.378E+01
13.1833 1.379E+01
13.2000 1.379E+01
13.2167 1.379E+01
13.2333 1.380E+01
13.2500 1.380E+01
13.2667 1.380E+01
13.2833 1.380E+01
13.3000 1.380E+01
13.3167 1.379E+01
13.3333 1.379E+01
13.3500 1.379E+01
13.3667 1.379E+01
13.3833 1.378E+01
13.4000 1.377E+01
13.4167 1.376E+01
13.4333 1.375E+01
13.4500 1.375E+01
13.4667 1.375E+01
13.4833 1.374E+01
13.5000 1.372E+01
13.5167 1.372E+01
13.5333 1.372E+01
13.5500 1.372E+01
13.5667 1.371E+01
13.5833 1.370E+01
13.6000 1.369E+01
13.6167 1.367E+01
13.6333 1.366E+01
13.6500 1.365E+01
13.6667 1.364E+01
13.6833 1.362E+01
13.7000 1.361E+01
13.7167 1.359E+01
13.7333 1.358E+01
13.7500 1.356E+01
13.7667 1.355E+01
13.7833 1.353E+01
13.8000 1.351E+01
13.8167 1.349E+01
13.8333 1.347E+01
13.8500 1.346E+01
13.8667 1.344E+01
13.8833 1.342E+01
13.9000 1.340E+01
13.9167 1.337E+01
13.9333 1.335E+01
13.9500 1.333E+01
13.9667 1.331E+01
13.9833 1.328E+01
14.0000 1.326E+01
14.0167 1.324E+01
14.0333 1.321E+01
14.0500 1.319E+01
14.0667 1.316E+01
14.0833 1.313E+01
14.1000 1.311E+01
14.1167 1.308E+01
14.1333 1.304E+01
14.1500 1.302E+01
14.1667 1.299E+01
14.1833 1.296E+01
14.2000 1.293E+01
14.2167 1.290E+01
14.2333 1.287E+01
14.2500 1.284E+01
14.2667 1.281E+01
14.2833 1.278E+01
14.3000 1.275E+01
14.3167 1.271E+01
14.3333 1.268E+01
14.3500 1.264E+01
14.3667 1.261E+01
14.3833 1.257E+01
14.4000 1.254E+01
14.4167 1.250E+01
14.4333 1.246E+01
14.4500 1.243E+01
14.4667 1.239E+01
14.4833 1.236E+01
14.5000 1.230E+01
14.5167 1.228E+01
14.5333 1.224E+01
14.5500 1.220E+01
14.5667 1.216E+01
14.5833 1.212E+01
14.6000 1.208E+01
14.6167 1.204E+01
14.6333 1.199E+01
14.6500 1.195E+01
14.6667 1.191E+01
14.6833 1.187E+01
14.7000 1.183E+01
14.7167 1.178E+01
14.7333 1.174E+01
14.7500 1.170E+01
14.7667 1.165E+01
14.7833 1.161E+01
14.8000 1.156E+01
14.8167 1.152E+01
14.8333 1.147E+01
14.8500 1.143E+01
14.8667 1.138E+01
14.8833 1.133E+01
14.9000 1.128E+01
14.9167 1.124E+01
14.9333 1.119E+01
14.9500 1.114E+01
14.9667 1.109E+01
14.9833 1.104E+01
