11.0000 1.036E+01
11.0167 1.042E+01
11.0333 1.048E+01
11.0500 1.054E+01
11.0667 1.059E+01
11.0833 1.065E+01
11.1000 1.071E+01
11.1167 1.077E+01
11.1333 1.082E+01
11.1500 1.088E+01
11.1667 1.094E+01
11.1833 1.099E+01
11.2000 1.105E+01
11.2167 1.111E+01
11.2333 1.116E+01
11.2500 1.122E+01
11.2667 1.127E+01
11.2833 1.133E+01
11.3000 1.138E+01
11.3167 1.144E+01
11.3333 1.149E+01
11.3500 1.155E+01
11.3667 1.159E+01
11.3833 1.165E+01
11.4000 1.171E+01
11.4167 1.175E+01
11.4333 1.181E+01
11.4500 1.186E+01
11.4667 1.190E+01
11.4833 1.197E+01
11.5000 1.202E+01
11.5167 1.206E+01
11.5333 1.212E+01
11.5500 1.217E+01
11.5667 1.222E+01
11.5833 1.227E+01
11.6000 1.232E+01
11.6167 1.236E+01
11.6333 1.241E+01
11.6500 1.246E+01
11.6667 1.251E+01
11.6833 1.255E+01
11.7000 1.260E+01
11.7167 1.265E+01
11.7333 1.269E+01
11.7500 1.274E+01
11.7667 1.278E+01
11.7833 1.283E+01
11.8000 1.287E+01
11.8167 1.292E+01
11.8333 1.296E+01
11.8500 1.300E+01
11.8667 1.303E+01
11.8833 1.309E+01
11.9000 1.313E+01
11.9167 1.317E+01
11.9333 1.321E+01
11.9500 1.326E+01
11.9667 1.330E+01
11.9833 1.333E+01
12.0000 1.337E+01
12.0167 1.341E+01
12.0333 1.345E+01
12.0500 1.349E+01
12.0667 1.353E+01
12.0833 1.356E+01
12.1000 1.360E+01
12.1167 1.364E+01
12.1333 1.367E+01
12.1500 1.371E+01
12.1667 1.374E+01
12.1833 1.378E+01
12.2000 1.381E+01
12.2167 1.383E+01
12.2333 1.387E+01
12.2500 1.391E+01
12.2667 1.394E+01
12.2833 1.397E+01
12.3000 1.400E+01
12.3167 1.403E+01
12.3333 1.406E+01
12.3500 1.409E+01
12.3667 1.412E+01
12.3833 1.415E+01
12.4000 1.417E+01
12.4167 1.420E+01
12.4333 1.423E+01
12.4500 1.425E+01
12.4667 1.428E+01
12.4833 1.430E+01
12.5000 1.432E+01
12.5167 1.435E+01
12.5333 1.437E+01
12.5500 1.440E+01
12.5667 1.441E+01
12.5833 1.444E+01
12.6000 1.446E+01
12.6167 1.448E+01
12.6333 1.450E+01
12.6500 1.452E+01
12.6667 1.454E+01
12.6833 1.455E+01
12.7000 1.456E+01
12.7167 1.459E+01
12.7333 1.459E+01
12.7500 1.462E+01
12.7667 1.464E+01
12.7833 1.465E+01
12.8000 1.467E+01
12.8167 1.468E+01
12.8333 1.470E+01
12.8500 1.471E+01
12.8667 1.472E+01
12.8833 1.473E+01
12.9000 1.474E+01
12.9167 1.475E+01
12.9333 1.476E+01
12.9500 1.477E+01
12.9667 1.478E+01
12.9833 1.479E+01
13.0000 1.480E+01
13.0167 1.480E+01
13.0333 1.481E+01
13.0500 1.481E+01
13.0667 1.482E+01
13.0833 1.482E+01
13.1000 1.483E+01
13.1167 1.483E+01
13.1333 1.483E+01
13.1500 1.484E+01
13.1667 1.484E+01
13.1833 1.484E+01
13.2000 1.484E+01
13.2167 1.484E+01
13.2333 1.484E+01
13.2500 1.484E+01
13.2667 1.483E+01
13.2833 1.483E+01
13.3000 1.483E+01
13.3167 1.482E+01
13.3333 1.482E+01
13.3500 1.481E+01
13.3667 1.481E+01
13.3833 1.480E+01
13.4000 1.480E+01
13.4167 1.479E+01
13.4333 1.478E+01
13.4500 1.477E+01
13.4667 1.476E+01
13.4833 1.475E+01
13.5000 1.474E+01
13.5167 1.473E+01
13.5333 1.472E+01
13.5500 1.471E+01
13.5667 1.470E+01
13.5833 1.468E+01
13.6000 1.467E+01
13.6167 1.466E+01
13.6333 1.464E+01
13.6500 1.463E+01
13.6667 1.459E+01
13.6833 1.459E+01
13.7000 1.456E+01
13.7167 1.455E+01
13.7333 1.454E+01
13.7500 1.452E+01
13.7667 1.450E+01
13.7833 1.448E+01
13.8000 1.446E+01
13.8167 1.444E+01
13.8333 1.441E+01
13.8500 1.440E+01
13.8667 1.437E+01
13.8833 1.435E+01
13.9000 1.432E+01
13.9167 1.430E+01
13.9333 1.428E+01
13.9500 1.425E+01
13.9667 1.423E+01
13.9833 1.420E+01
14.0000 1.417E+01
14.0167 1.415E+01
14.0333 1.412E+01
14.0500 1.409E+01
14.0667 1.406E+01
14.0833 1.403E+01
14.1000 1.400E+01
14.1167 1.397E+01
14.1333 1.394E+01
14.1500 1.391E+01
14.1667 1.388E+01
14.1833 1.383E+01
14.2000 1.381E+01
14.2167 1.378E+01
14.2333 1.374E+01
14.2500 1.371E+01
14.2667 1.367E+01
14.2833 1.364E+01
14.3000 1.360E+01
14.3167 1.356E+01
14.3333 1.353E+01
14.3500 1.349E+01
14.3667 1.345E+01
14.3833 1.341E+01
14.4000 1.338E+01
14.4167 1.334E+01
14.4333 1.330E+01
14.4500 1.326E+01
14.4667 1.321E+01
14.4833 1.317E+01
14.5000 1.313E+01
14.5167 1.309E+01
14.5333 1.303E+01
14.5500 1.300E+01
14.5667 1.296E+01
14.5833 1.292E+01
14.6000 1.288E+01
14.6167 1.283E+01
14.6333 1.279E+01
14.6500 1.274E+01
14.6667 1.269E+01
14.6833 1.265E+01
14.7000 1.260E+01
14.7167 1.256E+01
14.7333 1.251E+01
14.7500 1.246E+01
14.7667 1.241E+01
14.7833 1.237E+01
14.8000 1.232E+01
14.8167 1.227E+01
14.8333 1.222E+01
14.8500 1.217E+01
14.8667 1.212E+01
14.8833 1.206E+01
14.9000 1.202E+01
14.9167 1.197E+01
14.9333 1.190E+01
14.9500 1.186E+01
14.9667 1.181E+01
14.9833 1.175E+01
