11.0000 9.733E+00
11.0167 9.789E+00
11.0333 9.845E+00
11.0500 9.901E+00
11.0667 9.955E+00
11.0833 1.001E+01
11.1000 1.007E+01
11.1167 1.012E+01
11.1333 1.018E+01
11.1500 1.023E+01
11.1667 1.028E+01
11.1833 1.034E+01
11.2000 1.039E+01
11.2167 1.045E+01
11.2333 1.050E+01
11.2500 1.055E+01
11.2667 1.061E+01
11.2833 1.066E+01
11.3000 1.071E+01
11.3167 1.076E+01
11.3333 1.081E+01
11.3500 1.087E+01
11.3667 1.092E+01
11.3833 1.097E+01
11.4000 1.101E+01
11.4167 1.107E+01
11.4333 1.112E+01
11.4500 1.117E+01
11.4667 1.122E+01
11.4833 1.127E+01
11.5000 1.132E+01
11.5167 1.137E+01
11.5333 1.142E+01
11.5500 1.147E+01
11.5667 1.152E+01
11.5833 1.156E+01
11.6000 1.161E+01
11.6167 1.166E+01
11.6333 1.170E+01
11.6500 1.175E+01
11.6667 1.180E+01
11.6833 1.184E+01
11.7000 1.189E+01
11.7167 1.193E+01
11.7333 1.198E+01
11.7500 1.202E+01
11.7667 1.206E+01
11.7833 1.211E+01
11.8000 1.214E+01
11.8167 1.219E+01
11.8333 1.223E+01
11.8500 1.228E+01
11.8667 1.232E+01
11.8833 1.236E+01
11.9000 1.240E+01
11.9167 1.244E+01
11.9333 1.248E+01
11.9500 1.252E+01
11.9667 1.256E+01
11.9833 1.260E+01
12.0000 1.263E+01
12.0167 1.267E+01
12.0333 1.271E+01
12.0500 1.275E+01
12.0667 1.278E+01
12.0833 1.282E+01
12.1000 1.285E+01
12.1167 1.289E+01
12.1333 1.292E+01
12.1500 1.296E+01
12.1667 1.299E+01
12.1833 1.302E+01
12.2000 1.306E+01
12.2167 1.309E+01
12.2333 1.312E+01
12.2500 1.315E+01
12.2667 1.318E+01
12.2833 1.321E+01
12.3000 1.324E+01
12.3167 1.327E+01
12.3333 1.329E+01
12.3500 1.333E+01
12.3667 1.336E+01
12.3833 1.338E+01
12.4000 1.341E+01
12.4167 1.344E+01
12.4333 1.347E+01
12.4500 1.349E+01
12.4667 1.352E+01
12.4833 1.352E+01
12.5000 1.355E+01
12.5167 1.359E+01
12.5333 1.361E+01
12.5500 1.363E+01
12.5667 1.365E+01
12.5833 1.368E+01
12.6000 1.370E+01
12.6167 1.372E+01
12.6333 1.374E+01
12.6500 1.376E+01
12.6667 1.377E+01
12.6833 1.379E+01
12.7000 1.381E+01
12.7167 1.383E+01
12.7333 1.384E+01
12.7500 1.386E+01
12.7667 1.388E+01
12.7833 1.389E+01
12.8000 1.390E+01
12.8167 1.392E+01
12.8333 1.393E+01
12.8500 1.395E+01
12.8667 1.396E+01
12.8833 1.397E+01
12.9000 1.398E+01
12.9167 1.399E+01
12.9333 1.400E+01
12.9500 1.401E+01
12.9667 1.402E+01
12.9833 1.403E+01
13.0000 1.404E+01
13.0167 1.404E+01
13.0333 1.405E+01
13.0500 1.406E+01
13.0667 1.406E+01
13.0833 1.407E+01
13.1000 1.407E+01
13.1167 1.407E+01
13.1333 1.408E+01
13.1500 1.408E+01
13.1667 1.408E+01
13.1833 1.408E+01
13.2000 1.408E+01
13.2167 1.409E+01
13.2333 1.409E+01
13.2500 1.408E+01
13.2667 1.408E+01
13.2833 1.408E+01
13.3000 1.408E+01
13.3167 1.408E+01
13.3333 1.407E+01
13.3500 1.407E+01
13.3667 1.406E+01
13.3833 1.406E+01
13.4000 1.405E+01
13.4167 1.405E+01
13.4333 1.404E+01
13.4500 1.403E+01
13.4667 1.403E+01
13.4833 1.402E+01
13.5000 1.401E+01
13.5167 1.400E+01
13.5333 1.399E+01
13.5500 1.398E+01
13.5667 1.397E+01
13.5833 1.395E+01
13.6000 1.394E+01
13.6167 1.393E+01
13.6333 1.392E+01
13.6500 1.390E+01
13.6667 1.389E+01
13.6833 1.387E+01
13.7000 1.386E+01
13.7167 1.384E+01
13.7333 1.382E+01
13.7500 1.381E+01
13.7667 1.379E+01
13.7833 1.377E+01
13.8000 1.375E+01
13.8167 1.373E+01
13.8333 1.371E+01
13.8500 1.369E+01
13.8667 1.367E+01
13.8833 1.365E+01
13.9000 1.363E+01
13.9167 1.361E+01
13.9333 1.358E+01
13.9500 1.355E+01
13.9667 1.351E+01
13.9833 1.351E+01
14.0000 1.349E+01
14.0167 1.346E+01
14.0333 1.343E+01
14.0500 1.340E+01
14.0667 1.338E+01
14.0833 1.335E+01
14.1000 1.332E+01
14.1167 1.329E+01
14.1333 1.327E+01
14.1500 1.324E+01
14.1667 1.321E+01
14.1833 1.318E+01
14.2000 1.315E+01
14.2167 1.311E+01
14.2333 1.308E+01
14.2500 1.305E+01
14.2667 1.302E+01
14.2833 1.298E+01
14.3000 1.295E+01
14.3167 1.292E+01
14.3333 1.288E+01
14.3500 1.285E+01
14.3667 1.281E+01
14.3833 1.277E+01
14.4000 1.274E+01
14.4167 1.270E+01
14.4333 1.266E+01
14.4500 1.263E+01
14.4667 1.259E+01
14.4833 1.255E+01
14.5000 1.251E+01
14.5167 1.247E+01
14.5333 1.243E+01
14.5500 1.239E+01
14.5667 1.235E+01
14.5833 1.231E+01
14.6000 1.227E+01
14.6167 1.222E+01
14.6333 1.218E+01
14.6500 1.212E+01
14.6667 1.209E+01
14.6833 1.205E+01
14.7000 1.201E+01
14.7167 1.197E+01
14.7333 1.192E+01
14.7500 1.188E+01
14.7667 1.183E+01
14.7833 1.178E+01
14.8000 1.174E+01
14.8167 1.169E+01
14.8333 1.165E+01
14.8500 1.160E+01
14.8667 1.155E+01
14.8833 1.150E+01
14.9000 1.146E+01
14.9167 1.141E+01
14.9333 1.136E+01
14.9500 1.131E+01
14.9667 1.126E+01
14.9833 1.121E+01
