11.0000 1.077E+01
11.0167 1.083E+01
11.0333 1.089E+01
11.0500 1.095E+01
11.0667 1.101E+01
11.0833 1.107E+01
11.1000 1.111E+01
11.1167 1.119E+01
11.1333 1.124E+01
11.1500 1.130E+01
11.1667 1.136E+01
11.1833 1.141E+01
11.2000 1.148E+01
11.2167 1.153E+01
11.2333 1.159E+01
11.2500 1.165E+01
11.2667 1.170E+01
11.2833 1.176E+01
11.3000 1.182E+01
11.3167 1.187E+01
11.3333 1.193E+01
11.3500 1.198E+01
11.3667 1.204E+01
11.3833 1.208E+01
11.4000 1.214E+01
11.4167 1.220E+01
11.4333 1.225E+01
11.4500 1.230E+01
11.4667 1.236E+01
11.4833 1.241E+01
11.5000 1.246E+01
11.5167 1.251E+01
11.5333 1.256E+01
11.5500 1.261E+01
11.5667 1.267E+01
11.5833 1.272E+01
11.6000 1.277E+01
11.6167 1.281E+01
11.6333 1.286E+01
11.6500 1.291E+01
11.6667 1.296E+01
11.6833 1.301E+01
11.7000 1.306E+01
11.7167 1.310E+01
11.7333 1.315E+01
11.7500 1.319E+01
11.7667 1.323E+01
11.7833 1.329E+01
11.8000 1.333E+01
11.8167 1.338E+01
11.8333 1.342E+01
11.8500 1.347E+01
11.8667 1.351E+01
11.8833 1.355E+01
11.9000 1.359E+01
11.9167 1.364E+01
11.9333 1.367E+01
11.9500 1.372E+01
11.9667 1.376E+01
11.9833 1.380E+01
12.0000 1.384E+01
12.0167 1.388E+01
12.0333 1.392E+01
12.0500 1.396E+01
12.0667 1.399E+01
12.0833 1.403E+01
12.1000 1.407E+01
12.1167 1.411E+01
12.1333 1.414E+01
12.1500 1.418E+01
12.1667 1.421E+01
12.1833 1.425E+01
12.2000 1.428E+01
12.2167 1.431E+01
12.2333 1.435E+01
12.2500 1.438E+01
12.2667 1.441E+01
12.2833 1.443E+01
12.3000 1.447E+01
12.3167 1.450E+01
12.3333 1.453E+01
12.3500 1.456E+01
12.3667 1.459E+01
12.3833 1.462E+01
12.4000 1.464E+01
12.4167 1.467E+01
12.4333 1.470E+01
12.4500 1.472E+01
12.4667 1.475E+01
12.4833 1.478E+01
12.5000 1.480E+01
12.5167 1.482E+01
12.5333 1.485E+01
12.5500 1.487E+01
12.5667 1.489E+01
12.5833 1.491E+01
12.6000 1.493E+01
12.6167 1.495E+01
12.6333 1.497E+01
12.6500 1.499E+01
12.6667 1.501E+01
12.6833 1.503E+01
12.7000 1.504E+01
12.7167 1.506E+01
12.7333 1.508E+01
12.7500 1.510E+01
12.7667 1.511E+01
12.7833 1.513E+01
12.8000 1.514E+01
12.8167 1.515E+01
12.8333 1.517E+01
12.8500 1.518E+01
12.8667 1.519E+01
12.8833 1.519E+01
12.9000 1.519E+01
12.9167 1.521E+01
12.9333 1.523E+01
12.9500 1.523E+01
12.9667 1.523E+01
12.9833 1.524E+01
13.0000 1.525E+01
13.0167 1.527E+01
13.0333 1.527E+01
13.0500 1.528E+01
13.0667 1.528E+01
13.0833 1.529E+01
13.1000 1.529E+01
13.1167 1.529E+01
13.1333 1.529E+01
13.1500 1.530E+01
13.1667 1.530E+01
13.1833 1.530E+01
13.2000 1.530E+01
13.2167 1.529E+01
13.2333 1.529E+01
13.2500 1.529E+01
13.2667 1.529E+01
13.2833 1.529E+01
13.3000 1.528E+01
13.3167 1.528E+01
13.3333 1.527E+01
13.3500 1.526E+01
13.3667 1.525E+01
13.3833 1.524E+01
13.4000 1.523E+01
13.4167 1.523E+01
13.4333 1.522E+01
13.4500 1.521E+01
13.4667 1.519E+01
13.4833 1.519E+01
13.5000 1.518E+01
13.5167 1.517E+01
13.5333 1.516E+01
13.5500 1.515E+01
13.5667 1.514E+01
13.5833 1.512E+01
13.6000 1.511E+01
13.6167 1.509E+01
13.6333 1.508E+01
13.6500 1.505E+01
13.6667 1.504E+01
13.6833 1.502E+01
13.7000 1.501E+01
13.7167 1.499E+01
13.7333 1.497E+01
13.7500 1.494E+01
13.7667 1.493E+01
13.7833 1.491E+01
13.8000 1.489E+01
13.8167 1.486E+01
13.8333 1.484E+01
13.8500 1.482E+01
13.8667 1.479E+01
13.8833 1.477E+01
13.9000 1.474E+01
13.9167 1.472E+01
13.9333 1.469E+01
13.9500 1.467E+01
13.9667 1.464E+01
13.9833 1.461E+01
14.0000 1.458E+01
14.0167 1.455E+01
14.0333 1.452E+01
14.0500 1.450E+01
14.0667 1.446E+01
14.0833 1.443E+01
14.1000 1.440E+01
14.1167 1.437E+01
14.1333 1.434E+01
14.1500 1.430E+01
14.1667 1.427E+01
14.1833 1.424E+01
14.2000 1.420E+01
14.2167 1.417E+01
14.2333 1.413E+01
14.2500 1.410E+01
14.2667 1.406E+01
14.2833 1.402E+01
14.3000 1.399E+01
14.3167 1.395E+01
14.3333 1.391E+01
14.3500 1.387E+01
14.3667 1.383E+01
14.3833 1.378E+01
14.4000 1.375E+01
14.4167 1.371E+01
14.4333 1.366E+01
14.4500 1.362E+01
14.4667 1.358E+01
14.4833 1.354E+01
14.5000 1.349E+01
14.5167 1.346E+01
14.5333 1.341E+01
14.5500 1.337E+01
14.5667 1.332E+01
14.5833 1.328E+01
14.6000 1.323E+01
14.6167 1.318E+01
14.6333 1.314E+01
14.6500 1.309E+01
14.6667 1.304E+01
14.6833 1.300E+01
14.7000 1.295E+01
14.7167 1.290E+01
14.7333 1.285E+01
14.7500 1.280E+01
14.7667 1.275E+01
14.7833 1.270E+01
14.8000 1.265E+01
14.8167 1.260E+01
14.8333 1.255E+01
14.8500 1.250E+01
14.8667 1.245E+01
14.8833 1.240E+01
14.9000 1.234E+01
14.9167 1.229E+01
14.9333 1.224E+01
14.9500 1.218E+01
14.9667 1.213E+01
14.9833 1.208E+01
