11.0000 9.782E+00
11.0167 9.838E+00
11.0333 9.889E+00
11.0500 9.950E+00
11.0667 1.001E+01
11.0833 1.006E+01
11.1000 1.011E+01
11.1167 1.017E+01
11.1333 1.022E+01
11.1500 1.028E+01
11.1667 1.033E+01
11.1833 1.039E+01
11.2000 1.044E+01
11.2167 1.050E+01
11.2333 1.055E+01
11.2500 1.060E+01
11.2667 1.066E+01
11.2833 1.071E+01
11.3000 1.076E+01
11.3167 1.081E+01
11.3333 1.087E+01
11.3500 1.092E+01
11.3667 1.097E+01
11.3833 1.101E+01
11.4000 1.107E+01
11.4167 1.112E+01
11.4333 1.117E+01
11.4500 1.122E+01
11.4667 1.127E+01
11.4833 1.132E+01
11.5000 1.137E+01
11.5167 1.142E+01
11.5333 1.147E+01
11.5500 1.152E+01
11.5667 1.156E+01
11.5833 1.161E+01
11.6000 1.166E+01
11.6167 1.170E+01
11.6333 1.175E+01
11.6500 1.180E+01
11.6667 1.184E+01
11.6833 1.189E+01
11.7000 1.193E+01
11.7167 1.198E+01
11.7333 1.202E+01
11.7500 1.207E+01
11.7667 1.211E+01
11.7833 1.214E+01
11.8000 1.219E+01
11.8167 1.224E+01
11.8333 1.228E+01
11.8500 1.232E+01
11.8667 1.236E+01
11.8833 1.240E+01
11.9000 1.245E+01
11.9167 1.249E+01
11.9333 1.253E+01
11.9500 1.256E+01
11.9667 1.260E+01
11.9833 1.264E+01
12.0000 1.268E+01
12.0167 1.272E+01
12.0333 1.275E+01
12.0500 1.279E+01
12.0667 1.283E+01
12.0833 1.286E+01
12.1000 1.290E+01
12.1167 1.293E+01
12.1333 1.297E+01
12.1500 1.300E+01
12.1667 1.304E+01
12.1833 1.307E+01
12.2000 1.310E+01
12.2167 1.313E+01
12.2333 1.317E+01
12.2500 1.320E+01
12.2667 1.323E+01
12.2833 1.326E+01
12.3000 1.329E+01
12.3167 1.331E+01
12.3333 1.334E+01
12.3500 1.337E+01
12.3667 1.340E+01
12.3833 1.343E+01
12.4000 1.346E+01
12.4167 1.348E+01
12.4333 1.351E+01
12.4500 1.353E+01
12.4667 1.355E+01
12.4833 1.357E+01
12.5000 1.361E+01
12.5167 1.363E+01
12.5333 1.365E+01
12.5500 1.367E+01
12.5667 1.370E+01
12.5833 1.372E+01
12.6000 1.374E+01
12.6167 1.376E+01
12.6333 1.378E+01
12.6500 1.380E+01
12.6667 1.381E+01
12.6833 1.383E+01
12.7000 1.385E+01
12.7167 1.387E+01
12.7333 1.388E+01
12.7500 1.390E+01
12.7667 1.391E+01
12.7833 1.393E+01
12.8000 1.394E+01
12.8167 1.396E+01
12.8333 1.397E+01
12.8500 1.398E+01
12.8667 1.399E+01
12.8833 1.401E+01
12.9000 1.402E+01
12.9167 1.403E+01
12.9333 1.404E+01
12.9500 1.405E+01
12.9667 1.406E+01
12.9833 1.406E+01
13.0000 1.407E+01
13.0167 1.408E+01
13.0333 1.408E+01
13.0500 1.409E+01
13.0667 1.410E+01
13.0833 1.410E+01
13.1000 1.411E+01
13.1167 1.411E+01
13.1333 1.411E+01
13.1500 1.411E+01
13.1667 1.412E+01
13.1833 1.412E+01
13.2000 1.412E+01
13.2167 1.412E+01
13.2333 1.412E+01
13.2500 1.412E+01
13.2667 1.412E+01
13.2833 1.411E+01
13.3000 1.411E+01
13.3167 1.411E+01
13.3333 1.411E+01
13.3500 1.410E+01
13.3667 1.410E+01
13.3833 1.409E+01
13.4000 1.409E+01
13.4167 1.408E+01
13.4333 1.407E+01
13.4500 1.406E+01
13.4667 1.406E+01
13.4833 1.405E+01
13.5000 1.404E+01
13.5167 1.403E+01
13.5333 1.402E+01
13.5500 1.401E+01
13.5667 1.400E+01
13.5833 1.398E+01
13.6000 1.397E+01
13.6167 1.396E+01
13.6333 1.395E+01
13.6500 1.393E+01
13.6667 1.392E+01
13.6833 1.390E+01
13.7000 1.389E+01
13.7167 1.387E+01
13.7333 1.385E+01
13.7500 1.383E+01
13.7667 1.382E+01
13.7833 1.380E+01
13.8000 1.378E+01
13.8167 1.376E+01
13.8333 1.374E+01
13.8500 1.372E+01
13.8667 1.370E+01
13.8833 1.368E+01
13.9000 1.365E+01
13.9167 1.363E+01
13.9333 1.361E+01
13.9500 1.358E+01
13.9667 1.356E+01
13.9833 1.352E+01
14.0000 1.351E+01
14.0167 1.348E+01
14.0333 1.346E+01
14.0500 1.343E+01
14.0667 1.340E+01
14.0833 1.338E+01
14.1000 1.335E+01
14.1167 1.332E+01
14.1333 1.329E+01
14.1500 1.326E+01
14.1667 1.323E+01
14.1833 1.320E+01
14.2000 1.317E+01
14.2167 1.314E+01
14.2333 1.310E+01
14.2500 1.307E+01
14.2667 1.304E+01
14.2833 1.301E+01
14.3000 1.297E+01
14.3167 1.294E+01
14.3333 1.290E+01
14.3500 1.286E+01
14.3667 1.283E+01
14.3833 1.280E+01
14.4000 1.276E+01
14.4167 1.272E+01
14.4333 1.268E+01
14.4500 1.265E+01
14.4667 1.261E+01
14.4833 1.257E+01
14.5000 1.253E+01
14.5167 1.249E+01
14.5333 1.245E+01
14.5500 1.241E+01
14.5667 1.237E+01
14.5833 1.233E+01
14.6000 1.229E+01
14.6167 1.224E+01
14.6333 1.220E+01
14.6500 1.216E+01
14.6667 1.211E+01
14.6833 1.207E+01
14.7000 1.203E+01
14.7167 1.198E+01
14.7333 1.194E+01
14.7500 1.189E+01
14.7667 1.185E+01
14.7833 1.180E+01
14.8000 1.176E+01
14.8167 1.171E+01
14.8333 1.166E+01
14.8500 1.162E+01
14.8667 1.157E+01
14.8833 1.152E+01
14.9000 1.147E+01
14.9167 1.142E+01
14.9333 1.138E+01
14.9500 1.133E+01
14.9667 1.128E+01
14.9833 1.123E+01
