11.0000 9.641E+00
11.0167 9.693E+00
11.0333 9.745E+00
11.0500 9.797E+00
11.0667 9.848E+00
11.0833 9.900E+00
11.1000 9.950E+00
11.1167 9.997E+00
11.1333 1.005E+01
11.1500 1.010E+01
11.1667 1.015E+01
11.1833 1.020E+01
11.2000 1.025E+01
11.2167 1.030E+01
11.2333 1.035E+01
11.2500 1.040E+01
11.2667 1.045E+01
11.2833 1.049E+01
11.3000 1.055E+01
11.3167 1.059E+01
11.3333 1.064E+01
11.3500 1.069E+01
11.3667 1.074E+01
11.3833 1.078E+01
11.4000 1.083E+01
11.4167 1.088E+01
11.4333 1.092E+01
11.4500 1.097E+01
11.4667 1.101E+01
11.4833 1.105E+01
11.5000 1.110E+01
11.5167 1.115E+01
11.5333 1.119E+01
11.5500 1.124E+01
11.5667 1.128E+01
11.5833 1.132E+01
11.6000 1.137E+01
11.6167 1.141E+01
11.6333 1.145E+01
11.6500 1.149E+01
11.6667 1.153E+01
11.6833 1.158E+01
11.7000 1.162E+01
11.7167 1.166E+01
11.7333 1.170E+01
11.7500 1.174E+01
11.7667 1.178E+01
11.7833 1.181E+01
11.8000 1.185E+01
11.8167 1.189E+01
11.8333 1.193E+01
11.8500 1.197E+01
11.8667 1.201E+01
11.8833 1.204E+01
11.9000 1.208E+01
11.9167 1.211E+01
11.9333 1.215E+01
11.9500 1.219E+01
11.9667 1.222E+01
11.9833 1.224E+01
12.0000 1.229E+01
12.0167 1.232E+01
12.0333 1.235E+01
12.0500 1.239E+01
12.0667 1.242E+01
12.0833 1.245E+01
12.1000 1.248E+01
12.1167 1.251E+01
12.1333 1.254E+01
12.1500 1.257E+01
12.1667 1.260E+01
12.1833 1.263E+01
12.2000 1.266E+01
12.2167 1.269E+01
12.2333 1.272E+01
12.2500 1.274E+01
12.2667 1.277E+01
12.2833 1.280E+01
12.3000 1.282E+01
12.3167 1.285E+01
12.3333 1.287E+01
12.3500 1.290E+01
12.3667 1.291E+01
12.3833 1.295E+01
12.4000 1.297E+01
12.4167 1.299E+01
12.4333 1.301E+01
12.4500 1.304E+01
12.4667 1.306E+01
12.4833 1.308E+01
12.5000 1.310E+01
12.5167 1.312E+01
12.5333 1.314E+01
12.5500 1.315E+01
12.5667 1.317E+01
12.5833 1.319E+01
12.6000 1.320E+01
12.6167 1.322E+01
12.6333 1.324E+01
12.6500 1.326E+01
12.6667 1.327E+01
12.6833 1.329E+01
12.7000 1.330E+01
12.7167 1.332E+01
12.7333 1.333E+01
12.7500 1.334E+01
12.7667 1.335E+01
12.7833 1.336E+01
12.8000 1.337E+01
12.8167 1.338E+01
12.8333 1.340E+01
12.8500 1.341E+01
12.8667 1.342E+01
12.8833 1.343E+01
12.9000 1.343E+01
12.9167 1.344E+01
12.9333 1.345E+01
12.9500 1.345E+01
12.9667 1.346E+01
12.9833 1.347E+01
13.0000 1.347E+01
13.0167 1.347E+01
13.0333 1.348E+01
13.0500 1.348E+01
13.0667 1.348E+01
13.0833 1.349E+01
13.1000 1.349E+01
13.1167 1.349E+01
13.1333 1.349E+01
13.1500 1.349E+01
13.1667 1.349E+01
13.1833 1.349E+01
13.2000 1.349E+01
13.2167 1.349E+01
13.2333 1.348E+01
13.2500 1.348E+01
13.2667 1.348E+01
13.2833 1.347E+01
13.3000 1.347E+01
13.3167 1.346E+01
13.3333 1.346E+01
13.3500 1.345E+01
13.3667 1.344E+01
13.3833 1.344E+01
13.4000 1.343E+01
13.4167 1.342E+01
13.4333 1.341E+01
13.4500 1.340E+01
13.4667 1.339E+01
13.4833 1.338E+01
13.5000 1.336E+01
13.5167 1.336E+01
13.5333 1.335E+01
13.5500 1.334E+01
13.5667 1.332E+01
13.5833 1.331E+01
13.6000 1.330E+01
13.6167 1.328E+01
13.6333 1.327E+01
13.6500 1.325E+01
13.6667 1.323E+01
13.6833 1.320E+01
13.7000 1.320E+01
13.7167 1.318E+01
13.7333 1.317E+01
13.7500 1.315E+01
13.7667 1.313E+01
13.7833 1.311E+01
13.8000 1.309E+01
13.8167 1.307E+01
13.8333 1.305E+01
13.8500 1.302E+01
13.8667 1.300E+01
13.8833 1.298E+01
13.9000 1.296E+01
13.9167 1.293E+01
13.9333 1.291E+01
13.9500 1.288E+01
13.9667 1.286E+01
13.9833 1.284E+01
14.0000 1.281E+01
14.0167 1.279E+01
14.0333 1.276E+01
14.0500 1.273E+01
14.0667 1.271E+01
14.0833 1.268E+01
14.1000 1.265E+01
14.1167 1.262E+01
14.1333 1.259E+01
14.1500 1.256E+01
14.1667 1.253E+01
14.1833 1.250E+01
14.2000 1.247E+01
14.2167 1.244E+01
14.2333 1.241E+01
14.2500 1.237E+01
14.2667 1.234E+01
14.2833 1.231E+01
14.3000 1.227E+01
14.3167 1.223E+01
14.3333 1.221E+01
14.3500 1.217E+01
14.3667 1.214E+01
14.3833 1.209E+01
14.4000 1.206E+01
14.4167 1.202E+01
14.4333 1.199E+01
14.4500 1.195E+01
14.4667 1.191E+01
14.4833 1.188E+01
14.5000 1.184E+01
14.5167 1.180E+01
14.5333 1.176E+01
14.5500 1.172E+01
14.5667 1.168E+01
14.5833 1.163E+01
14.6000 1.160E+01
14.6167 1.156E+01
14.6333 1.152E+01
14.6500 1.148E+01
14.6667 1.143E+01
14.6833 1.139E+01
14.7000 1.135E+01
14.7167 1.131E+01
14.7333 1.126E+01
14.7500 1.122E+01
14.7667 1.117E+01
14.7833 1.112E+01
14.8000 1.108E+01
14.8167 1.104E+01
14.8333 1.098E+01
14.8500 1.095E+01
14.8667 1.090E+01
14.8833 1.086E+01
14.9000 1.081E+01
14.9167 1.076E+01
14.9333 1.071E+01
14.9500 1.067E+01
14.9667 1.062E+01
14.9833 1.057E+01
