11.0000 1.077E+01
11.0167 1.083E+01
11.0333 1.089E+01
11.0500 1.095E+01
11.0667 1.100E+01
11.0833 1.106E+01
11.1000 1.112E+01
11.1167 1.117E+01
11.1333 1.123E+01
11.1500 1.128E+01
11.1667 1.134E+01
11.1833 1.140E+01
11.2000 1.145E+01
11.2167 1.151E+01
11.2333 1.156E+01
11.2500 1.161E+01
11.2667 1.167E+01
11.2833 1.172E+01
11.3000 1.178E+01
11.3167 1.183E+01
11.3333 1.187E+01
11.3500 1.193E+01
11.3667 1.199E+01
11.3833 1.203E+01
11.4000 1.209E+01
11.4167 1.214E+01
11.4333 1.219E+01
11.4500 1.224E+01
11.4667 1.229E+01
11.4833 1.234E+01
11.5000 1.239E+01
11.5167 1.244E+01
11.5333 1.249E+01
11.5500 1.254E+01
11.5667 1.259E+01
11.5833 1.263E+01
11.6000 1.268E+01
11.6167 1.273E+01
11.6333 1.277E+01
11.6500 1.282E+01
11.6667 1.287E+01
11.6833 1.291E+01
11.7000 1.296E+01
11.7167 1.300E+01
11.7333 1.305E+01
11.7500 1.308E+01
11.7667 1.313E+01
11.7833 1.317E+01
11.8000 1.322E+01
11.8167 1.326E+01
11.8333 1.330E+01
11.8500 1.334E+01
11.8667 1.339E+01
11.8833 1.342E+01
11.9000 1.347E+01
11.9167 1.351E+01
11.9333 1.354E+01
11.9500 1.358E+01
11.9667 1.362E+01
11.9833 1.366E+01
12.0000 1.370E+01
12.0167 1.373E+01
12.0333 1.377E+01
12.0500 1.380E+01
12.0667 1.384E+01
12.0833 1.387E+01
12.1000 1.391E+01
12.1167 1.394E+01
12.1333 1.398E+01
12.1500 1.401E+01
12.1667 1.404E+01
12.1833 1.407E+01
12.2000 1.411E+01
12.2167 1.414E+01
12.2333 1.417E+01
12.2500 1.420E+01
12.2667 1.423E+01
12.2833 1.426E+01
12.3000 1.428E+01
12.3167 1.431E+01
12.3333 1.434E+01
12.3500 1.436E+01
12.3667 1.439E+01
12.3833 1.442E+01
12.4000 1.444E+01
12.4167 1.447E+01
12.4333 1.449E+01
12.4500 1.451E+01
12.4667 1.453E+01
12.4833 1.454E+01
12.5000 1.458E+01
12.5167 1.460E+01
12.5333 1.462E+01
12.5500 1.465E+01
12.5667 1.466E+01
12.5833 1.468E+01
12.6000 1.470E+01
12.6167 1.472E+01
12.6333 1.474E+01
12.6500 1.476E+01
12.6667 1.477E+01
12.6833 1.479E+01
12.7000 1.480E+01
12.7167 1.482E+01
12.7333 1.483E+01
12.7500 1.485E+01
12.7667 1.486E+01
12.7833 1.487E+01
12.8000 1.488E+01
12.8167 1.489E+01
12.8333 1.490E+01
12.8500 1.491E+01
12.8667 1.492E+01
12.8833 1.493E+01
12.9000 1.494E+01
12.9167 1.495E+01
12.9333 1.496E+01
12.9500 1.496E+01
12.9667 1.497E+01
12.9833 1.497E+01
13.0000 1.498E+01
13.0167 1.498E+01
13.0333 1.499E+01
13.0500 1.499E+01
13.0667 1.499E+01
13.0833 1.500E+01
13.1000 1.500E+01
13.1167 1.500E+01
13.1333 1.500E+01
13.1500 1.500E+01
13.1667 1.500E+01
13.1833 1.500E+01
13.2000 1.499E+01
13.2167 1.499E+01
13.2333 1.499E+01
13.2500 1.498E+01
13.2667 1.498E+01
13.2833 1.497E+01
13.3000 1.497E+01
13.3167 1.496E+01
13.3333 1.496E+01
13.3500 1.495E+01
13.3667 1.494E+01
13.3833 1.493E+01
13.4000 1.492E+01
13.4167 1.491E+01
13.4333 1.490E+01
13.4500 1.489E+01
13.4667 1.488E+01
13.4833 1.487E+01
13.5000 1.486E+01
13.5167 1.484E+01
13.5333 1.483E+01
13.5500 1.481E+01
13.5667 1.480E+01
13.5833 1.478E+01
13.6000 1.477E+01
13.6167 1.475E+01
13.6333 1.473E+01
13.6500 1.472E+01
13.6667 1.470E+01
13.6833 1.468E+01
13.7000 1.466E+01
13.7167 1.464E+01
13.7333 1.462E+01
13.7500 1.460E+01
13.7667 1.458E+01
13.7833 1.454E+01
13.8000 1.452E+01
13.8167 1.451E+01
13.8333 1.449E+01
13.8500 1.446E+01
13.8667 1.444E+01
13.8833 1.441E+01
13.9000 1.438E+01
13.9167 1.436E+01
13.9333 1.433E+01
13.9500 1.431E+01
13.9667 1.427E+01
13.9833 1.425E+01
14.0000 1.422E+01
14.0167 1.419E+01
14.0333 1.416E+01
14.0500 1.413E+01
14.0667 1.410E+01
14.0833 1.407E+01
14.1000 1.404E+01
14.1167 1.400E+01
14.1333 1.397E+01
14.1500 1.394E+01
14.1667 1.390E+01
14.1833 1.387E+01
14.2000 1.383E+01
14.2167 1.379E+01
14.2333 1.376E+01
14.2500 1.373E+01
14.2667 1.369E+01
14.2833 1.365E+01
14.3000 1.361E+01
14.3167 1.358E+01
14.3333 1.354E+01
14.3500 1.350E+01
14.3667 1.346E+01
14.3833 1.342E+01
14.4000 1.338E+01
14.4167 1.334E+01
14.4333 1.329E+01
14.4500 1.325E+01
14.4667 1.321E+01
14.4833 1.316E+01
14.5000 1.312E+01
14.5167 1.308E+01
14.5333 1.304E+01
14.5500 1.299E+01
14.5667 1.295E+01
14.5833 1.289E+01
14.6000 1.286E+01
14.6167 1.281E+01
14.6333 1.277E+01
14.6500 1.272E+01
14.6667 1.266E+01
14.6833 1.262E+01
14.7000 1.258E+01
14.7167 1.253E+01
14.7333 1.248E+01
14.7500 1.243E+01
14.7667 1.238E+01
14.7833 1.233E+01
14.8000 1.228E+01
14.8167 1.223E+01
14.8333 1.218E+01
14.8500 1.213E+01
14.8667 1.208E+01
14.8833 1.202E+01
14.9000 1.198E+01
14.9167 1.192E+01
14.9333 1.187E+01
14.9500 1.182E+01
14.9667 1.176E+01
14.9833 1.171E+01
