11.0000 8.533E+00
11.0167 8.595E+00
11.0333 8.645E+00
11.0500 8.708E+00
11.0667 8.764E+00
11.0833 8.820E+00
11.1000 8.877E+00
11.1167 8.932E+00
11.1333 8.988E+00
11.1500 9.043E+00
11.1667 9.098E+00
11.1833 9.154E+00
11.2000 9.203E+00
11.2167 9.264E+00
11.2333 9.318E+00
11.2500 9.373E+00
11.2667 9.427E+00
11.2833 9.481E+00
11.3000 9.534E+00
11.3167 9.588E+00
11.3333 9.642E+00
11.3500 9.695E+00
11.3667 9.748E+00
11.3833 9.801E+00
11.4000 9.853E+00
11.4167 9.905E+00
11.4333 9.957E+00
11.4500 1.001E+01
11.4667 1.006E+01
11.4833 1.011E+01
11.5000 1.016E+01
11.5167 1.021E+01
11.5333 1.026E+01
11.5500 1.031E+01
11.5667 1.036E+01
11.5833 1.041E+01
11.6000 1.046E+01
11.6167 1.051E+01
11.6333 1.056E+01
11.6500 1.061E+01
11.6667 1.065E+01
11.6833 1.070E+01
11.7000 1.075E+01
11.7167 1.080E+01
11.7333 1.084E+01
11.7500 1.089E+01
11.7667 1.092E+01
11.7833 1.098E+01
11.8000 1.101E+01
11.8167 1.107E+01
11.8333 1.111E+01
11.8500 1.116E+01
11.8667 1.120E+01
11.8833 1.124E+01
11.9000 1.129E+01
11.9167 1.133E+01
11.9333 1.137E+01
11.9500 1.141E+01
11.9667 1.145E+01
11.9833 1.149E+01
12.0000 1.154E+01
12.0167 1.158E+01
12.0333 1.161E+01
12.0500 1.165E+01
12.0667 1.169E+01
12.0833 1.173E+01
12.1000 1.177E+01
12.1167 1.181E+01
12.1333 1.184E+01
12.1500 1.188E+01
12.1667 1.192E+01
12.1833 1.195E+01
12.2000 1.198E+01
12.2167 1.202E+01
12.2333 1.206E+01
12.2500 1.209E+01
12.2667 1.212E+01
12.2833 1.215E+01
12.3000 1.219E+01
12.3167 1.221E+01
12.3333 1.225E+01
12.3500 1.228E+01
12.3667 1.230E+01
12.3833 1.234E+01
12.4000 1.237E+01
12.4167 1.240E+01
12.4333 1.243E+01
12.4500 1.245E+01
12.4667 1.248E+01
12.4833 1.251E+01
12.5000 1.254E+01
12.5167 1.256E+01
12.5333 1.259E+01
12.5500 1.261E+01
12.5667 1.264E+01
12.5833 1.266E+01
12.6000 1.268E+01
12.6167 1.271E+01
12.6333 1.273E+01
12.6500 1.275E+01
12.6667 1.277E+01
12.6833 1.279E+01
12.7000 1.281E+01
12.7167 1.283E+01
12.7333 1.284E+01
12.7500 1.287E+01
12.7667 1.289E+01
12.7833 1.290E+01
12.8000 1.292E+01
12.8167 1.294E+01
12.8333 1.295E+01
12.8500 1.297E+01
12.8667 1.298E+01
12.8833 1.300E+01
12.9000 1.301E+01
12.9167 1.302E+01
12.9333 1.303E+01
12.9500 1.305E+01
12.9667 1.306E+01
12.9833 1.306E+01
13.0000 1.307E+01
13.0167 1.309E+01
13.0333 1.310E+01
13.0500 1.310E+01
13.0667 1.311E+01
13.0833 1.311E+01
13.1000 1.311E+01
13.1167 1.312E+01
13.1333 1.313E+01
13.1500 1.314E+01
13.1667 1.315E+01
13.1833 1.315E+01
13.2000 1.315E+01
13.2167 1.316E+01
13.2333 1.316E+01
13.2500 1.316E+01
13.2667 1.316E+01
13.2833 1.316E+01
13.3000 1.316E+01
13.3167 1.316E+01
13.3333 1.316E+01
13.3500 1.315E+01
13.3667 1.315E+01
13.3833 1.315E+01
13.4000 1.315E+01
13.4167 1.314E+01
13.4333 1.313E+01
13.4500 1.312E+01
13.4667 1.311E+01
13.4833 1.311E+01
13.5000 1.311E+01
13.5167 1.310E+01
13.5333 1.309E+01
13.5500 1.308E+01
13.5667 1.307E+01
13.5833 1.306E+01
13.6000 1.305E+01
13.6167 1.304E+01
13.6333 1.303E+01
13.6500 1.302E+01
13.6667 1.301E+01
13.6833 1.299E+01
13.7000 1.298E+01
13.7167 1.296E+01
13.7333 1.295E+01
13.7500 1.293E+01
13.7667 1.292E+01
13.7833 1.290E+01
13.8000 1.288E+01
13.8167 1.286E+01
13.8333 1.284E+01
13.8500 1.283E+01
13.8667 1.281E+01
13.8833 1.279E+01
13.9000 1.277E+01
13.9167 1.274E+01
13.9333 1.272E+01
13.9500 1.270E+01
13.9667 1.268E+01
13.9833 1.265E+01
14.0000 1.263E+01
14.0167 1.261E+01
14.0333 1.258E+01
14.0500 1.255E+01
14.0667 1.253E+01
14.0833 1.250E+01
14.1000 1.247E+01
14.1167 1.245E+01
14.1333 1.242E+01
14.1500 1.239E+01
14.1667 1.236E+01
14.1833 1.233E+01
14.2000 1.229E+01
14.2167 1.227E+01
14.2333 1.224E+01
14.2500 1.220E+01
14.2667 1.218E+01
14.2833 1.214E+01
14.3000 1.211E+01
14.3167 1.208E+01
14.3333 1.204E+01
14.3500 1.201E+01
14.3667 1.197E+01
14.3833 1.194E+01
14.4000 1.190E+01
14.4167 1.187E+01
14.4333 1.183E+01
14.4500 1.179E+01
14.4667 1.176E+01
14.4833 1.172E+01
14.5000 1.168E+01
14.5167 1.164E+01
14.5333 1.160E+01
14.5500 1.156E+01
14.5667 1.152E+01
14.5833 1.148E+01
14.6000 1.144E+01
14.6167 1.140E+01
14.6333 1.136E+01
14.6500 1.131E+01
14.6667 1.127E+01
14.6833 1.123E+01
14.7000 1.119E+01
14.7167 1.114E+01
14.7333 1.110E+01
14.7500 1.106E+01
14.7667 1.101E+01
14.7833 1.096E+01
14.8000 1.092E+01
14.8167 1.087E+01
14.8333 1.083E+01
14.8500 1.078E+01
14.8667 1.073E+01
14.8833 1.069E+01
14.9000 1.064E+01
14.9167 1.059E+01
14.9333 1.054E+01
14.9500 1.049E+01
14.9667 1.044E+01
14.9833 1.040E+01
