11.0000 8.992E+00
11.0167 9.050E+00
11.0333 9.107E+00
11.0500 9.157E+00
11.0667 9.220E+00
11.0833 9.279E+00
11.1000 9.329E+00
11.1167 9.392E+00
11.1333 9.448E+00
11.1500 9.497E+00
11.1667 9.561E+00
11.1833 9.617E+00
11.2000 9.672E+00
11.2167 9.728E+00
11.2333 9.783E+00
11.2500 9.835E+00
11.2667 9.893E+00
11.2833 9.948E+00
11.3000 1.000E+01
11.3167 1.006E+01
11.3333 1.011E+01
11.3500 1.016E+01
11.3667 1.022E+01
11.3833 1.027E+01
11.4000 1.032E+01
11.4167 1.038E+01
11.4333 1.043E+01
11.4500 1.048E+01
11.4667 1.053E+01
11.4833 1.059E+01
11.5000 1.064E+01
11.5167 1.068E+01
11.5333 1.074E+01
11.5500 1.079E+01
11.5667 1.083E+01
11.5833 1.089E+01
11.6000 1.094E+01
11.6167 1.099E+01
11.6333 1.104E+01
11.6500 1.109E+01
11.6667 1.113E+01
11.6833 1.118E+01
11.7000 1.123E+01
11.7167 1.128E+01
11.7333 1.132E+01
11.7500 1.137E+01
11.7667 1.142E+01
11.7833 1.146E+01
11.8000 1.151E+01
11.8167 1.155E+01
11.8333 1.160E+01
11.8500 1.164E+01
11.8667 1.169E+01
11.8833 1.173E+01
11.9000 1.177E+01
11.9167 1.181E+01
11.9333 1.186E+01
11.9500 1.190E+01
11.9667 1.194E+01
11.9833 1.198E+01
12.0000 1.202E+01
12.0167 1.206E+01
12.0333 1.210E+01
12.0500 1.214E+01
12.0667 1.218E+01
12.0833 1.222E+01
12.1000 1.226E+01
12.1167 1.230E+01
12.1333 1.233E+01
12.1500 1.237E+01
12.1667 1.241E+01
12.1833 1.244E+01
12.2000 1.248E+01
12.2167 1.251E+01
12.2333 1.255E+01
12.2500 1.258E+01
12.2667 1.262E+01
12.2833 1.265E+01
12.3000 1.268E+01
12.3167 1.270E+01
12.3333 1.275E+01
12.3500 1.278E+01
12.3667 1.281E+01
12.3833 1.284E+01
12.4000 1.287E+01
12.4167 1.290E+01
12.4333 1.293E+01
12.4500 1.294E+01
12.4667 1.298E+01
12.4833 1.301E+01
12.5000 1.303E+01
12.5167 1.305E+01
12.5333 1.309E+01
12.5500 1.311E+01
12.5667 1.313E+01
12.5833 1.316E+01
12.6000 1.318E+01
12.6167 1.321E+01
12.6333 1.322E+01
12.6500 1.325E+01
12.6667 1.327E+01
12.6833 1.329E+01
12.7000 1.331E+01
12.7167 1.333E+01
12.7333 1.335E+01
12.7500 1.337E+01
12.7667 1.339E+01
12.7833 1.341E+01
12.8000 1.342E+01
12.8167 1.344E+01
12.8333 1.346E+01
12.8500 1.347E+01
12.8667 1.349E+01
12.8833 1.350E+01
12.9000 1.351E+01
12.9167 1.353E+01
12.9333 1.354E+01
12.9500 1.355E+01
12.9667 1.356E+01
12.9833 1.357E+01
13.0000 1.358E+01
13.0167 1.359E+01
13.0333 1.360E+01
13.0500 1.361E+01
13.0667 1.362E+01
13.0833 1.363E+01
13.1000 1.363E+01
13.1167 1.364E+01
13.1333 1.365E+01
13.1500 1.365E+01
13.1667 1.365E+01
13.1833 1.366E+01
13.2000 1.366E+01
13.2167 1.366E+01
13.2333 1.367E+01
13.2500 1.367E+01
13.2667 1.367E+01
13.2833 1.367E+01
13.3000 1.367E+01
13.3167 1.367E+01
13.3333 1.367E+01
13.3500 1.367E+01
13.3667 1.366E+01
13.3833 1.366E+01
13.4000 1.366E+01
13.4167 1.365E+01
13.4333 1.365E+01
13.4500 1.364E+01
13.4667 1.364E+01
13.4833 1.363E+01
13.5000 1.362E+01
13.5167 1.361E+01
13.5333 1.361E+01
13.5500 1.360E+01
13.5667 1.359E+01
13.5833 1.358E+01
13.6000 1.357E+01
13.6167 1.356E+01
13.6333 1.355E+01
13.6500 1.353E+01
13.6667 1.352E+01
13.6833 1.350E+01
13.7000 1.349E+01
13.7167 1.348E+01
13.7333 1.346E+01
13.7500 1.345E+01
13.7667 1.343E+01
13.7833 1.341E+01
13.8000 1.340E+01
13.8167 1.338E+01
13.8333 1.336E+01
13.8500 1.334E+01
13.8667 1.332E+01
13.8833 1.330E+01
13.9000 1.328E+01
13.9167 1.326E+01
13.9333 1.323E+01
13.9500 1.322E+01
13.9667 1.319E+01
13.9833 1.317E+01
14.0000 1.314E+01
14.0167 1.312E+01
14.0333 1.310E+01
14.0500 1.306E+01
14.0667 1.305E+01
14.0833 1.302E+01
14.1000 1.299E+01
14.1167 1.296E+01
14.1333 1.294E+01
14.1500 1.291E+01
14.1667 1.288E+01
14.1833 1.285E+01
14.2000 1.282E+01
14.2167 1.279E+01
14.2333 1.276E+01
14.2500 1.272E+01
14.2667 1.270E+01
14.2833 1.266E+01
14.3000 1.263E+01
14.3167 1.260E+01
14.3333 1.256E+01
14.3500 1.253E+01
14.3667 1.249E+01
14.3833 1.245E+01
14.4000 1.242E+01
14.4167 1.239E+01
14.4333 1.235E+01
14.4500 1.231E+01
14.4667 1.228E+01
14.4833 1.224E+01
14.5000 1.220E+01
14.5167 1.216E+01
14.5333 1.212E+01
14.5500 1.208E+01
14.5667 1.204E+01
14.5833 1.200E+01
14.6000 1.196E+01
14.6167 1.191E+01
14.6333 1.188E+01
14.6500 1.183E+01
14.6667 1.179E+01
14.6833 1.175E+01
14.7000 1.170E+01
14.7167 1.166E+01
14.7333 1.161E+01
14.7500 1.157E+01
14.7667 1.153E+01
14.7833 1.148E+01
14.8000 1.144E+01
14.8167 1.139E+01
14.8333 1.134E+01
14.8500 1.130E+01
14.8667 1.125E+01
14.8833 1.120E+01
14.9000 1.115E+01
14.9167 1.111E+01
14.9333 1.106E+01
14.9500 1.101E+01
14.9667 1.095E+01
14.9833 1.091E+01
