11.0000 8.665E+00
11.0167 8.721E+00
11.0333 8.778E+00
11.0500 8.835E+00
11.0667 8.892E+00
11.0833 8.948E+00
11.1000 9.004E+00
11.1167 9.060E+00
11.1333 9.116E+00
11.1500 9.172E+00
11.1667 9.228E+00
11.1833 9.283E+00
11.2000 9.337E+00
11.2167 9.393E+00
11.2333 9.448E+00
11.2500 9.495E+00
11.2667 9.557E+00
11.2833 9.611E+00
11.3000 9.665E+00
11.3167 9.719E+00
11.3333 9.773E+00
11.3500 9.826E+00
11.3667 9.879E+00
11.3833 9.932E+00
11.4000 9.978E+00
11.4167 1.004E+01
11.4333 1.009E+01
11.4500 1.014E+01
11.4667 1.019E+01
11.4833 1.024E+01
11.5000 1.029E+01
11.5167 1.035E+01
11.5333 1.040E+01
11.5500 1.044E+01
11.5667 1.050E+01
11.5833 1.055E+01
11.6000 1.059E+01
11.6167 1.064E+01
11.6333 1.069E+01
11.6500 1.074E+01
11.6667 1.079E+01
11.6833 1.083E+01
11.7000 1.088E+01
11.7167 1.093E+01
11.7333 1.098E+01
11.7500 1.102E+01
11.7667 1.107E+01
11.7833 1.111E+01
11.8000 1.115E+01
11.8167 1.119E+01
11.8333 1.125E+01
11.8500 1.129E+01
11.8667 1.134E+01
11.8833 1.138E+01
11.9000 1.142E+01
11.9167 1.147E+01
11.9333 1.151E+01
11.9500 1.155E+01
11.9667 1.159E+01
11.9833 1.163E+01
12.0000 1.167E+01
12.0167 1.171E+01
12.0333 1.175E+01
12.0500 1.179E+01
12.0667 1.182E+01
12.0833 1.187E+01
12.1000 1.191E+01
12.1167 1.194E+01
12.1333 1.198E+01
12.1500 1.202E+01
12.1667 1.205E+01
12.1833 1.209E+01
12.2000 1.213E+01
12.2167 1.216E+01
12.2333 1.219E+01
12.2500 1.223E+01
12.2667 1.226E+01
12.2833 1.229E+01
12.3000 1.233E+01
12.3167 1.236E+01
12.3333 1.239E+01
12.3500 1.242E+01
12.3667 1.245E+01
12.3833 1.248E+01
12.4000 1.251E+01
12.4167 1.254E+01
12.4333 1.257E+01
12.4500 1.260E+01
12.4667 1.262E+01
12.4833 1.265E+01
12.5000 1.268E+01
12.5167 1.270E+01
12.5333 1.273E+01
12.5500 1.275E+01
12.5667 1.278E+01
12.5833 1.280E+01
12.6000 1.283E+01
12.6167 1.285E+01
12.6333 1.287E+01
12.6500 1.289E+01
12.6667 1.291E+01
12.6833 1.294E+01
12.7000 1.294E+01
12.7167 1.297E+01
12.7333 1.299E+01
12.7500 1.301E+01
12.7667 1.303E+01
12.7833 1.305E+01
12.8000 1.306E+01
12.8167 1.308E+01
12.8333 1.310E+01
12.8500 1.311E+01
12.8667 1.313E+01
12.8833 1.314E+01
12.9000 1.315E+01
12.9167 1.317E+01
12.9333 1.318E+01
12.9500 1.319E+01
12.9667 1.319E+01
12.9833 1.321E+01
13.0000 1.322E+01
13.0167 1.323E+01
13.0333 1.324E+01
13.0500 1.325E+01
13.0667 1.326E+01
13.0833 1.327E+01
13.1000 1.327E+01
13.1167 1.327E+01
13.1333 1.328E+01
13.1500 1.329E+01
13.1667 1.329E+01
13.1833 1.330E+01
13.2000 1.330E+01
13.2167 1.330E+01
13.2333 1.330E+01
13.2500 1.330E+01
13.2667 1.330E+01
13.2833 1.330E+01
13.3000 1.330E+01
13.3167 1.330E+01
13.3333 1.330E+01
13.3500 1.330E+01
13.3667 1.330E+01
13.3833 1.330E+01
13.4000 1.329E+01
13.4167 1.329E+01
13.4333 1.328E+01
13.4500 1.328E+01
13.4667 1.327E+01
13.4833 1.327E+01
13.5000 1.326E+01
13.5167 1.325E+01
13.5333 1.324E+01
13.5500 1.323E+01
13.5667 1.322E+01
13.5833 1.321E+01
13.6000 1.319E+01
13.6167 1.319E+01
13.6333 1.318E+01
13.6500 1.317E+01
13.6667 1.316E+01
13.6833 1.314E+01
13.7000 1.313E+01
13.7167 1.311E+01
13.7333 1.310E+01
13.7500 1.308E+01
13.7667 1.307E+01
13.7833 1.305E+01
13.8000 1.303E+01
13.8167 1.302E+01
13.8333 1.300E+01
13.8500 1.298E+01
13.8667 1.294E+01
13.8833 1.294E+01
13.9000 1.292E+01
13.9167 1.290E+01
13.9333 1.288E+01
13.9500 1.285E+01
13.9667 1.283E+01
13.9833 1.281E+01
14.0000 1.278E+01
14.0167 1.276E+01
14.0333 1.273E+01
14.0500 1.271E+01
14.0667 1.268E+01
14.0833 1.266E+01
14.1000 1.263E+01
14.1167 1.260E+01
14.1333 1.257E+01
14.1500 1.255E+01
14.1667 1.252E+01
14.1833 1.249E+01
14.2000 1.246E+01
14.2167 1.243E+01
14.2333 1.240E+01
14.2500 1.236E+01
14.2667 1.233E+01
14.2833 1.230E+01
14.3000 1.227E+01
14.3167 1.223E+01
14.3333 1.220E+01
14.3500 1.217E+01
14.3667 1.213E+01
14.3833 1.210E+01
14.4000 1.205E+01
14.4167 1.202E+01
14.4333 1.199E+01
14.4500 1.195E+01
14.4667 1.191E+01
14.4833 1.188E+01
14.5000 1.183E+01
14.5167 1.180E+01
14.5333 1.176E+01
14.5500 1.172E+01
14.5667 1.168E+01
14.5833 1.164E+01
14.6000 1.160E+01
14.6167 1.156E+01
14.6333 1.151E+01
14.6500 1.147E+01
14.6667 1.143E+01
14.6833 1.139E+01
14.7000 1.134E+01
14.7167 1.130E+01
14.7333 1.126E+01
14.7500 1.121E+01
14.7667 1.116E+01
14.7833 1.112E+01
14.8000 1.108E+01
14.8167 1.103E+01
14.8333 1.098E+01
14.8500 1.094E+01
14.8667 1.087E+01
14.8833 1.084E+01
14.9000 1.079E+01
14.9167 1.075E+01
14.9333 1.070E+01
14.9500 1.065E+01
14.9667 1.060E+01
14.9833 1.055E+01
