11.0000 8.791E+00
11.0167 8.846E+00
11.0333 8.902E+00
11.0500 8.957E+00
11.0667 9.012E+00
11.0833 9.067E+00
11.1000 9.122E+00
11.1167 9.176E+00
11.1333 9.227E+00
11.1500 9.285E+00
11.1667 9.339E+00
11.1833 9.393E+00
11.2000 9.447E+00
11.2167 9.498E+00
11.2333 9.553E+00
11.2500 9.596E+00
11.2667 9.660E+00
11.2833 9.712E+00
11.3000 9.765E+00
11.3167 9.817E+00
11.3333 9.869E+00
11.3500 9.918E+00
11.3667 9.970E+00
11.3833 1.002E+01
11.4000 1.007E+01
11.4167 1.013E+01
11.4333 1.018E+01
11.4500 1.023E+01
11.4667 1.027E+01
11.4833 1.033E+01
11.5000 1.038E+01
11.5167 1.042E+01
11.5333 1.047E+01
11.5500 1.052E+01
11.5667 1.057E+01
11.5833 1.062E+01
11.6000 1.067E+01
11.6167 1.071E+01
11.6333 1.076E+01
11.6500 1.081E+01
11.6667 1.085E+01
11.6833 1.090E+01
11.7000 1.095E+01
11.7167 1.099E+01
11.7333 1.104E+01
11.7500 1.108E+01
11.7667 1.113E+01
11.7833 1.117E+01
11.8000 1.121E+01
11.8167 1.126E+01
11.8333 1.130E+01
11.8500 1.134E+01
11.8667 1.139E+01
11.8833 1.143E+01
11.9000 1.147E+01
11.9167 1.151E+01
11.9333 1.155E+01
11.9500 1.159E+01
11.9667 1.162E+01
11.9833 1.167E+01
12.0000 1.171E+01
12.0167 1.175E+01
12.0333 1.179E+01
12.0500 1.182E+01
12.0667 1.186E+01
12.0833 1.190E+01
12.1000 1.194E+01
12.1167 1.197E+01
12.1333 1.201E+01
12.1500 1.204E+01
12.1667 1.208E+01
12.1833 1.211E+01
12.2000 1.215E+01
12.2167 1.218E+01
12.2333 1.222E+01
12.2500 1.224E+01
12.2667 1.228E+01
12.2833 1.231E+01
12.3000 1.234E+01
12.3167 1.237E+01
12.3333 1.240E+01
12.3500 1.243E+01
12.3667 1.246E+01
12.3833 1.249E+01
12.4000 1.252E+01
12.4167 1.255E+01
12.4333 1.258E+01
12.4500 1.260E+01
12.4667 1.263E+01
12.4833 1.266E+01
12.5000 1.268E+01
12.5167 1.271E+01
12.5333 1.273E+01
12.5500 1.276E+01
12.5667 1.278E+01
12.5833 1.280E+01
12.6000 1.283E+01
12.6167 1.285E+01
12.6333 1.287E+01
12.6500 1.289E+01
12.6667 1.291E+01
12.6833 1.292E+01
12.7000 1.295E+01
12.7167 1.297E+01
12.7333 1.299E+01
12.7500 1.301E+01
12.7667 1.302E+01
12.7833 1.304E+01
12.8000 1.306E+01
12.8167 1.307E+01
12.8333 1.309E+01
12.8500 1.310E+01
12.8667 1.311E+01
12.8833 1.313E+01
12.9000 1.314E+01
12.9167 1.315E+01
12.9333 1.317E+01
12.9500 1.318E+01
12.9667 1.319E+01
12.9833 1.320E+01
13.0000 1.321E+01
13.0167 1.322E+01
13.0333 1.323E+01
13.0500 1.323E+01
13.0667 1.324E+01
13.0833 1.325E+01
13.1000 1.326E+01
13.1167 1.326E+01
13.1333 1.327E+01
13.1500 1.327E+01
13.1667 1.328E+01
13.1833 1.328E+01
13.2000 1.328E+01
13.2167 1.329E+01
13.2333 1.329E+01
13.2500 1.329E+01
13.2667 1.329E+01
13.2833 1.329E+01
13.3000 1.329E+01
13.3167 1.329E+01
13.3333 1.329E+01
13.3500 1.329E+01
13.3667 1.328E+01
13.3833 1.328E+01
13.4000 1.328E+01
13.4167 1.327E+01
13.4333 1.327E+01
13.4500 1.326E+01
13.4667 1.326E+01
13.4833 1.325E+01
13.5000 1.324E+01
13.5167 1.324E+01
13.5333 1.323E+01
13.5500 1.322E+01
13.5667 1.321E+01
13.5833 1.320E+01
13.6000 1.319E+01
13.6167 1.318E+01
13.6333 1.317E+01
13.6500 1.316E+01
13.6667 1.314E+01
13.6833 1.313E+01
13.7000 1.312E+01
13.7167 1.310E+01
13.7333 1.309E+01
13.7500 1.307E+01
13.7667 1.306E+01
13.7833 1.304E+01
13.8000 1.303E+01
13.8167 1.301E+01
13.8333 1.299E+01
13.8500 1.297E+01
13.8667 1.295E+01
13.8833 1.293E+01
13.9000 1.291E+01
13.9167 1.289E+01
13.9333 1.287E+01
13.9500 1.285E+01
13.9667 1.283E+01
13.9833 1.281E+01
14.0000 1.278E+01
14.0167 1.276E+01
14.0333 1.274E+01
14.0500 1.271E+01
14.0667 1.269E+01
14.0833 1.266E+01
14.1000 1.263E+01
14.1167 1.261E+01
14.1333 1.258E+01
14.1500 1.255E+01
14.1667 1.253E+01
14.1833 1.250E+01
14.2000 1.247E+01
14.2167 1.244E+01
14.2333 1.241E+01
14.2500 1.238E+01
14.2667 1.234E+01
14.2833 1.232E+01
14.3000 1.228E+01
14.3167 1.225E+01
14.3333 1.222E+01
14.3500 1.218E+01
14.3667 1.215E+01
14.3833 1.212E+01
14.4000 1.208E+01
14.4167 1.205E+01
14.4333 1.201E+01
14.4500 1.198E+01
14.4667 1.194E+01
14.4833 1.191E+01
14.5000 1.186E+01
14.5167 1.183E+01
14.5333 1.179E+01
14.5500 1.175E+01
14.5667 1.172E+01
14.5833 1.168E+01
14.6000 1.163E+01
14.6167 1.160E+01
14.6333 1.156E+01
14.6500 1.152E+01
14.6667 1.147E+01
14.6833 1.143E+01
14.7000 1.139E+01
14.7167 1.135E+01
14.7333 1.131E+01
14.7500 1.126E+01
14.7667 1.122E+01
14.7833 1.118E+01
14.8000 1.113E+01
14.8167 1.109E+01
14.8333 1.104E+01
14.8500 1.099E+01
14.8667 1.095E+01
14.8833 1.091E+01
14.9000 1.085E+01
14.9167 1.081E+01
14.9333 1.077E+01
14.9500 1.072E+01
14.9667 1.067E+01
14.9833 1.063E+01
