11.0000 9.224E+00
11.0167 9.281E+00
11.0333 9.339E+00
11.0500 9.396E+00
11.0667 9.452E+00
11.0833 9.510E+00
11.1000 9.567E+00
11.1167 9.617E+00
11.1333 9.677E+00
11.1500 9.736E+00
11.1667 9.792E+00
11.1833 9.848E+00
11.2000 9.904E+00
11.2167 9.957E+00
11.2333 1.001E+01
11.2500 1.007E+01
11.2667 1.012E+01
11.2833 1.018E+01
11.3000 1.023E+01
11.3167 1.029E+01
11.3333 1.034E+01
11.3500 1.039E+01
11.3667 1.045E+01
11.3833 1.050E+01
11.4000 1.055E+01
11.4167 1.061E+01
11.4333 1.066E+01
11.4500 1.071E+01
11.4667 1.076E+01
11.4833 1.081E+01
11.5000 1.086E+01
11.5167 1.092E+01
11.5333 1.097E+01
11.5500 1.102E+01
11.5667 1.107E+01
11.5833 1.112E+01
11.6000 1.117E+01
11.6167 1.121E+01
11.6333 1.126E+01
11.6500 1.131E+01
11.6667 1.136E+01
11.6833 1.141E+01
11.7000 1.146E+01
11.7167 1.150E+01
11.7333 1.155E+01
11.7500 1.159E+01
11.7667 1.164E+01
11.7833 1.168E+01
11.8000 1.173E+01
11.8167 1.178E+01
11.8333 1.182E+01
11.8500 1.187E+01
11.8667 1.191E+01
11.8833 1.195E+01
11.9000 1.200E+01
11.9167 1.204E+01
11.9333 1.208E+01
11.9500 1.212E+01
11.9667 1.216E+01
11.9833 1.220E+01
12.0000 1.224E+01
12.0167 1.228E+01
12.0333 1.232E+01
12.0500 1.236E+01
12.0667 1.240E+01
12.0833 1.244E+01
12.1000 1.248E+01
12.1167 1.252E+01
12.1333 1.255E+01
12.1500 1.259E+01
12.1667 1.263E+01
12.1833 1.266E+01
12.2000 1.269E+01
12.2167 1.272E+01
12.2333 1.276E+01
12.2500 1.278E+01
12.2667 1.283E+01
12.2833 1.286E+01
12.3000 1.290E+01
12.3167 1.293E+01
12.3333 1.295E+01
12.3500 1.299E+01
12.3667 1.302E+01
12.3833 1.305E+01
12.4000 1.308E+01
12.4167 1.311E+01
12.4333 1.314E+01
12.4500 1.317E+01
12.4667 1.319E+01
12.4833 1.322E+01
12.5000 1.325E+01
12.5167 1.327E+01
12.5333 1.330E+01
12.5500 1.332E+01
12.5667 1.335E+01
12.5833 1.337E+01
12.6000 1.339E+01
12.6167 1.342E+01
12.6333 1.344E+01
12.6500 1.346E+01
12.6667 1.348E+01
12.6833 1.350E+01
12.7000 1.352E+01
12.7167 1.354E+01
12.7333 1.356E+01
12.7500 1.357E+01
12.7667 1.360E+01
12.7833 1.361E+01
12.8000 1.363E+01
12.8167 1.365E+01
12.8333 1.366E+01
12.8500 1.368E+01
12.8667 1.369E+01
12.8833 1.370E+01
12.9000 1.372E+01
12.9167 1.373E+01
12.9333 1.374E+01
12.9500 1.375E+01
12.9667 1.377E+01
12.9833 1.378E+01
13.0000 1.379E+01
13.0167 1.380E+01
13.0333 1.380E+01
13.0500 1.381E+01
13.0667 1.382E+01
13.0833 1.383E+01
13.1000 1.383E+01
13.1167 1.384E+01
13.1333 1.385E+01
13.1500 1.385E+01
13.1667 1.385E+01
13.1833 1.386E+01
13.2000 1.386E+01
13.2167 1.386E+01
13.2333 1.387E+01
13.2500 1.387E+01
13.2667 1.387E+01
13.2833 1.387E+01
13.3000 1.387E+01
13.3167 1.387E+01
13.3333 1.386E+01
13.3500 1.386E+01
13.3667 1.386E+01
13.3833 1.386E+01
13.4000 1.385E+01
13.4167 1.385E+01
13.4333 1.384E+01
13.4500 1.384E+01
13.4667 1.383E+01
13.4833 1.382E+01
13.5000 1.382E+01
13.5167 1.381E+01
13.5333 1.380E+01
13.5500 1.379E+01
13.5667 1.378E+01
13.5833 1.377E+01
13.6000 1.376E+01
13.6167 1.375E+01
13.6333 1.374E+01
13.6500 1.373E+01
13.6667 1.371E+01
13.6833 1.370E+01
13.7000 1.369E+01
13.7167 1.367E+01
13.7333 1.366E+01
13.7500 1.364E+01
13.7667 1.362E+01
13.7833 1.361E+01
13.8000 1.359E+01
13.8167 1.356E+01
13.8333 1.355E+01
13.8500 1.353E+01
13.8667 1.351E+01
13.8833 1.349E+01
13.9000 1.347E+01
13.9167 1.345E+01
13.9333 1.343E+01
13.9500 1.341E+01
13.9667 1.338E+01
13.9833 1.336E+01
14.0000 1.334E+01
14.0167 1.331E+01
14.0333 1.329E+01
14.0500 1.326E+01
14.0667 1.324E+01
14.0833 1.321E+01
14.1000 1.318E+01
14.1167 1.316E+01
14.1333 1.313E+01
14.1500 1.310E+01
14.1667 1.307E+01
14.1833 1.304E+01
14.2000 1.301E+01
14.2167 1.298E+01
14.2333 1.295E+01
14.2500 1.292E+01
14.2667 1.288E+01
14.2833 1.285E+01
14.3000 1.282E+01
14.3167 1.278E+01
14.3333 1.275E+01
14.3500 1.272E+01
14.3667 1.268E+01
14.3833 1.265E+01
14.4000 1.261E+01
14.4167 1.258E+01
14.4333 1.254E+01
14.4500 1.250E+01
14.4667 1.245E+01
14.4833 1.243E+01
14.5000 1.239E+01
14.5167 1.235E+01
14.5333 1.231E+01
14.5500 1.227E+01
14.5667 1.223E+01
14.5833 1.219E+01
14.6000 1.215E+01
14.6167 1.211E+01
14.6333 1.206E+01
14.6500 1.202E+01
14.6667 1.198E+01
14.6833 1.194E+01
14.7000 1.189E+01
14.7167 1.185E+01
14.7333 1.180E+01
14.7500 1.176E+01
14.7667 1.171E+01
14.7833 1.167E+01
14.8000 1.162E+01
14.8167 1.158E+01
14.8333 1.153E+01
14.8500 1.148E+01
14.8667 1.144E+01
14.8833 1.138E+01
14.9000 1.134E+01
14.9167 1.129E+01
14.9333 1.124E+01
14.9500 1.120E+01
14.9667 1.115E+01
14.9833 1.109E+01
