11.0000 8.753E+00
11.0167 8.811E+00
11.0333 8.868E+00
11.0500 8.926E+00
11.0667 8.983E+00
11.0833 9.035E+00
11.1000 9.096E+00
11.1167 9.154E+00
11.1333 9.211E+00
11.1500 9.268E+00
11.1667 9.323E+00
11.1833 9.380E+00
11.2000 9.433E+00
11.2167 9.492E+00
11.2333 9.547E+00
11.2500 9.603E+00
11.2667 9.653E+00
11.2833 9.713E+00
11.3000 9.766E+00
11.3167 9.822E+00
11.3333 9.877E+00
11.3500 9.931E+00
11.3667 9.985E+00
11.3833 1.004E+01
11.4000 1.009E+01
11.4167 1.014E+01
11.4333 1.020E+01
11.4500 1.025E+01
11.4667 1.030E+01
11.4833 1.035E+01
11.5000 1.041E+01
11.5167 1.046E+01
11.5333 1.051E+01
11.5500 1.056E+01
11.5667 1.061E+01
11.5833 1.066E+01
11.6000 1.071E+01
11.6167 1.076E+01
11.6333 1.081E+01
11.6500 1.086E+01
11.6667 1.091E+01
11.6833 1.096E+01
11.7000 1.100E+01
11.7167 1.105E+01
11.7333 1.109E+01
11.7500 1.114E+01
11.7667 1.119E+01
11.7833 1.124E+01
11.8000 1.128E+01
11.8167 1.133E+01
11.8333 1.137E+01
11.8500 1.142E+01
11.8667 1.146E+01
11.8833 1.151E+01
11.9000 1.155E+01
11.9167 1.159E+01
11.9333 1.164E+01
11.9500 1.168E+01
11.9667 1.172E+01
11.9833 1.176E+01
12.0000 1.180E+01
12.0167 1.184E+01
12.0333 1.189E+01
12.0500 1.192E+01
12.0667 1.196E+01
12.0833 1.200E+01
12.1000 1.204E+01
12.1167 1.208E+01
12.1333 1.212E+01
12.1500 1.215E+01
12.1667 1.219E+01
12.1833 1.223E+01
12.2000 1.226E+01
12.2167 1.230E+01
12.2333 1.233E+01
12.2500 1.237E+01
12.2667 1.240E+01
12.2833 1.244E+01
12.3000 1.247E+01
12.3167 1.249E+01
12.3333 1.253E+01
12.3500 1.256E+01
12.3667 1.259E+01
12.3833 1.263E+01
12.4000 1.265E+01
12.4167 1.268E+01
12.4333 1.271E+01
12.4500 1.274E+01
12.4667 1.277E+01
12.4833 1.280E+01
12.5000 1.282E+01
12.5167 1.285E+01
12.5333 1.288E+01
12.5500 1.290E+01
12.5667 1.293E+01
12.5833 1.295E+01
12.6000 1.297E+01
12.6167 1.300E+01
12.6333 1.302E+01
12.6500 1.304E+01
12.6667 1.305E+01
12.6833 1.308E+01
12.7000 1.310E+01
12.7167 1.312E+01
12.7333 1.314E+01
12.7500 1.316E+01
12.7667 1.318E+01
12.7833 1.320E+01
12.8000 1.322E+01
12.8167 1.323E+01
12.8333 1.325E+01
12.8500 1.326E+01
12.8667 1.327E+01
12.8833 1.329E+01
12.9000 1.331E+01
12.9167 1.332E+01
12.9333 1.332E+01
12.9500 1.334E+01
12.9667 1.336E+01
12.9833 1.337E+01
13.0000 1.338E+01
13.0167 1.339E+01
13.0333 1.340E+01
13.0500 1.340E+01
13.0667 1.341E+01
13.0833 1.342E+01
13.1000 1.343E+01
13.1167 1.343E+01
13.1333 1.344E+01
13.1500 1.344E+01
13.1667 1.345E+01
13.1833 1.345E+01
13.2000 1.345E+01
13.2167 1.346E+01
13.2333 1.346E+01
13.2500 1.346E+01
13.2667 1.346E+01
13.2833 1.346E+01
13.3000 1.346E+01
13.3167 1.346E+01
13.3333 1.346E+01
13.3500 1.346E+01
13.3667 1.345E+01
13.3833 1.345E+01
13.4000 1.345E+01
13.4167 1.344E+01
13.4333 1.344E+01
13.4500 1.343E+01
13.4667 1.343E+01
13.4833 1.342E+01
13.5000 1.341E+01
13.5167 1.340E+01
13.5333 1.340E+01
13.5500 1.339E+01
13.5667 1.338E+01
13.5833 1.337E+01
13.6000 1.336E+01
13.6167 1.334E+01
13.6333 1.332E+01
13.6500 1.332E+01
13.6667 1.331E+01
13.6833 1.329E+01
13.7000 1.327E+01
13.7167 1.326E+01
13.7333 1.325E+01
13.7500 1.323E+01
13.7667 1.322E+01
13.7833 1.320E+01
13.8000 1.318E+01
13.8167 1.316E+01
13.8333 1.314E+01
13.8500 1.313E+01
13.8667 1.311E+01
13.8833 1.309E+01
13.9000 1.305E+01
13.9167 1.304E+01
13.9333 1.302E+01
13.9500 1.300E+01
13.9667 1.298E+01
13.9833 1.295E+01
14.0000 1.293E+01
14.0167 1.290E+01
14.0333 1.288E+01
14.0500 1.285E+01
14.0667 1.283E+01
14.0833 1.280E+01
14.1000 1.277E+01
14.1167 1.274E+01
14.1333 1.271E+01
14.1500 1.269E+01
14.1667 1.265E+01
14.1833 1.263E+01
14.2000 1.260E+01
14.2167 1.256E+01
14.2333 1.253E+01
14.2500 1.249E+01
14.2667 1.247E+01
14.2833 1.244E+01
14.3000 1.240E+01
14.3167 1.237E+01
14.3333 1.233E+01
14.3500 1.230E+01
14.3667 1.226E+01
14.3833 1.223E+01
14.4000 1.219E+01
14.4167 1.216E+01
14.4333 1.212E+01
14.4500 1.208E+01
14.4667 1.204E+01
14.4833 1.200E+01
14.5000 1.197E+01
14.5167 1.193E+01
14.5333 1.189E+01
14.5500 1.184E+01
14.5667 1.181E+01
14.5833 1.176E+01
14.6000 1.172E+01
14.6167 1.168E+01
14.6333 1.164E+01
14.6500 1.160E+01
14.6667 1.155E+01
14.6833 1.151E+01
14.7000 1.146E+01
14.7167 1.142E+01
14.7333 1.138E+01
14.7500 1.133E+01
14.7667 1.128E+01
14.7833 1.124E+01
14.8000 1.118E+01
14.8167 1.114E+01
14.8333 1.109E+01
14.8500 1.105E+01
14.8667 1.100E+01
14.8833 1.096E+01
14.9000 1.091E+01
14.9167 1.086E+01
14.9333 1.081E+01
14.9500 1.076E+01
14.9667 1.071E+01
14.9833 1.066E+01
