11.0000 7.150E+00
11.0167 7.198E+00
11.0333 7.246E+00
11.0500 7.295E+00
11.0667 7.343E+00
11.0833 7.391E+00
11.1000 7.438E+00
11.1167 7.486E+00
11.1333 7.533E+00
11.1500 7.581E+00
11.1667 7.628E+00
11.1833 7.670E+00
11.2000 7.722E+00
11.2167 7.769E+00
11.2333 7.815E+00
11.2500 7.861E+00
11.2667 7.908E+00
11.2833 7.954E+00
11.3000 7.999E+00
11.3167 8.046E+00
11.3333 8.091E+00
11.3500 8.136E+00
11.3667 8.182E+00
11.3833 8.226E+00
11.4000 8.271E+00
11.4167 8.316E+00
11.4333 8.360E+00
11.4500 8.400E+00
11.4667 8.448E+00
11.4833 8.492E+00
11.5000 8.535E+00
11.5167 8.578E+00
11.5333 8.621E+00
11.5500 8.661E+00
11.5667 8.706E+00
11.5833 8.740E+00
11.6000 8.790E+00
11.6167 8.831E+00
11.6333 8.873E+00
11.6500 8.914E+00
11.6667 8.955E+00
11.6833 8.995E+00
11.7000 9.031E+00
11.7167 9.073E+00
11.7333 9.113E+00
11.7500 9.152E+00
11.7667 9.192E+00
11.7833 9.227E+00
11.8000 9.270E+00
11.8167 9.308E+00
11.8333 9.344E+00
11.8500 9.384E+00
11.8667 9.421E+00
11.8833 9.458E+00
11.9000 9.494E+00
11.9167 9.530E+00
11.9333 9.566E+00
11.9500 9.602E+00
11.9667 9.636E+00
11.9833 9.671E+00
12.0000 9.706E+00
12.0167 9.740E+00
12.0333 9.774E+00
12.0500 9.807E+00
12.0667 9.840E+00
12.0833 9.870E+00
12.1000 9.905E+00
12.1167 9.936E+00
12.1333 9.968E+00
12.1500 9.998E+00
12.1667 1.003E+01
12.1833 1.006E+01
12.2000 1.009E+01
12.2167 1.011E+01
12.2333 1.015E+01
12.2500 1.018E+01
12.2667 1.021E+01
12.2833 1.023E+01
12.3000 1.026E+01
12.3167 1.029E+01
12.3333 1.031E+01
12.3500 1.034E+01
12.3667 1.037E+01
12.3833 1.039E+01
12.4000 1.042E+01
12.4167 1.044E+01
12.4333 1.046E+01
12.4500 1.049E+01
12.4667 1.051E+01
12.4833 1.053E+01
12.5000 1.055E+01
12.5167 1.058E+01
12.5333 1.060E+01
12.5500 1.062E+01
12.5667 1.064E+01
12.5833 1.066E+01
12.6000 1.068E+01
12.6167 1.070E+01
12.6333 1.072E+01
12.6500 1.073E+01
12.6667 1.075E+01
12.6833 1.077E+01
12.7000 1.079E+01
12.7167 1.081E+01
12.7333 1.082E+01
12.7500 1.084E+01
12.7667 1.085E+01
12.7833 1.087E+01
12.8000 1.088E+01
12.8167 1.089E+01
12.8333 1.091E+01
12.8500 1.092E+01
12.8667 1.093E+01
12.8833 1.094E+01
12.9000 1.095E+01
12.9167 1.096E+01
12.9333 1.097E+01
12.9500 1.098E+01
12.9667 1.099E+01
12.9833 1.100E+01
13.0000 1.101E+01
13.0167 1.102E+01
13.0333 1.102E+01
13.0500 1.103E+01
13.0667 1.104E+01
13.0833 1.104E+01
13.1000 1.103E+01
13.1167 1.104E+01
13.1333 1.105E+01
13.1500 1.106E+01
13.1667 1.106E+01
13.1833 1.107E+01
13.2000 1.107E+01
13.2167 1.107E+01
13.2333 1.107E+01
13.2500 1.107E+01
13.2667 1.107E+01
13.2833 1.107E+01
13.3000 1.107E+01
13.3167 1.107E+01
13.3333 1.107E+01
13.3500 1.107E+01
13.3667 1.106E+01
13.3833 1.106E+01
13.4000 1.105E+01
13.4167 1.104E+01
13.4333 1.103E+01
13.4500 1.104E+01
13.4667 1.104E+01
13.4833 1.103E+01
13.5000 1.102E+01
13.5167 1.102E+01
13.5333 1.101E+01
13.5500 1.099E+01
13.5667 1.099E+01
13.5833 1.098E+01
13.6000 1.097E+01
13.6167 1.096E+01
13.6333 1.095E+01
13.6500 1.094E+01
13.6667 1.093E+01
13.6833 1.092E+01
13.7000 1.090E+01
13.7167 1.089E+01
13.7333 1.088E+01
13.7500 1.086E+01
13.7667 1.085E+01
13.7833 1.083E+01
13.8000 1.082E+01
13.8167 1.080E+01
13.8333 1.079E+01
13.8500 1.076E+01
13.8667 1.075E+01
13.8833 1.073E+01
13.9000 1.072E+01
13.9167 1.070E+01
13.9333 1.068E+01
13.9500 1.066E+01
13.9667 1.064E+01
13.9833 1.062E+01
14.0000 1.060E+01
14.0167 1.058E+01
14.0333 1.054E+01
14.0500 1.053E+01
14.0667 1.051E+01
14.0833 1.048E+01
14.1000 1.046E+01
14.1167 1.044E+01
14.1333 1.041E+01
14.1500 1.039E+01
14.1667 1.036E+01
14.1833 1.034E+01
14.2000 1.031E+01
14.2167 1.028E+01
14.2333 1.025E+01
14.2500 1.023E+01
14.2667 1.020E+01
14.2833 1.017E+01
14.3000 1.014E+01
14.3167 1.011E+01
14.3333 1.008E+01
14.3500 1.005E+01
14.3667 1.002E+01
14.3833 9.992E+00
14.4000 9.963E+00
14.4167 9.931E+00
14.4333 9.899E+00
14.4500 9.861E+00
14.4667 9.834E+00
14.4833 9.802E+00
14.5000 9.768E+00
14.5167 9.734E+00
14.5333 9.700E+00
14.5500 9.666E+00
14.5667 9.630E+00
14.5833 9.596E+00
14.6000 9.560E+00
14.6167 9.524E+00
14.6333 9.488E+00
14.6500 9.451E+00
14.6667 9.415E+00
14.6833 9.377E+00
14.7000 9.335E+00
14.7167 9.302E+00
14.7333 9.264E+00
14.7500 9.223E+00
14.7667 9.185E+00
14.7833 9.146E+00
14.8000 9.099E+00
14.8167 9.066E+00
14.8333 9.023E+00
14.8500 8.988E+00
14.8667 8.948E+00
14.8833 8.907E+00
14.9000 8.866E+00
14.9167 8.824E+00
14.9333 8.783E+00
14.9500 8.737E+00
14.9667 8.698E+00
14.9833 8.652E+00
