11.0000 8.913E+00
11.0167 8.964E+00
11.0333 9.021E+00
11.0500 9.078E+00
11.0667 9.133E+00
11.0833 9.187E+00
11.1000 9.241E+00
11.1167 9.295E+00
11.1333 9.349E+00
11.1500 9.403E+00
11.1667 9.457E+00
11.1833 9.510E+00
11.2000 9.563E+00
11.2167 9.616E+00
11.2333 9.664E+00
11.2500 9.721E+00
11.2667 9.774E+00
11.2833 9.825E+00
11.3000 9.878E+00
11.3167 9.929E+00
11.3333 9.978E+00
11.3500 1.003E+01
11.3667 1.008E+01
11.3833 1.013E+01
11.4000 1.018E+01
11.4167 1.023E+01
11.4333 1.028E+01
11.4500 1.033E+01
11.4667 1.038E+01
11.4833 1.043E+01
11.5000 1.048E+01
11.5167 1.053E+01
11.5333 1.057E+01
11.5500 1.063E+01
11.5667 1.067E+01
11.5833 1.072E+01
11.6000 1.076E+01
11.6167 1.082E+01
11.6333 1.086E+01
11.6500 1.091E+01
11.6667 1.095E+01
11.6833 1.100E+01
11.7000 1.105E+01
11.7167 1.109E+01
11.7333 1.113E+01
11.7500 1.118E+01
11.7667 1.122E+01
11.7833 1.127E+01
11.8000 1.131E+01
11.8167 1.135E+01
11.8333 1.140E+01
11.8500 1.144E+01
11.8667 1.148E+01
11.8833 1.152E+01
11.9000 1.155E+01
11.9167 1.160E+01
11.9333 1.164E+01
11.9500 1.168E+01
11.9667 1.172E+01
11.9833 1.175E+01
12.0000 1.180E+01
12.0167 1.184E+01
12.0333 1.186E+01
12.0500 1.191E+01
12.0667 1.195E+01
12.0833 1.199E+01
12.1000 1.201E+01
12.1167 1.206E+01
12.1333 1.209E+01
12.1500 1.213E+01
12.1667 1.216E+01
12.1833 1.220E+01
12.2000 1.223E+01
12.2167 1.226E+01
12.2333 1.230E+01
12.2500 1.233E+01
12.2667 1.236E+01
12.2833 1.239E+01
12.3000 1.242E+01
12.3167 1.245E+01
12.3333 1.248E+01
12.3500 1.251E+01
12.3667 1.254E+01
12.3833 1.256E+01
12.4000 1.260E+01
12.4167 1.262E+01
12.4333 1.265E+01
12.4500 1.268E+01
12.4667 1.270E+01
12.4833 1.273E+01
12.5000 1.275E+01
12.5167 1.278E+01
12.5333 1.280E+01
12.5500 1.283E+01
12.5667 1.285E+01
12.5833 1.287E+01
12.6000 1.289E+01
12.6167 1.291E+01
12.6333 1.294E+01
12.6500 1.296E+01
12.6667 1.298E+01
12.6833 1.299E+01
12.7000 1.301E+01
12.7167 1.303E+01
12.7333 1.305E+01
12.7500 1.307E+01
12.7667 1.308E+01
12.7833 1.310E+01
12.8000 1.312E+01
12.8167 1.313E+01
12.8333 1.315E+01
12.8500 1.316E+01
12.8667 1.318E+01
12.8833 1.319E+01
12.9000 1.320E+01
12.9167 1.321E+01
12.9333 1.321E+01
12.9500 1.322E+01
12.9667 1.324E+01
12.9833 1.324E+01
13.0000 1.326E+01
13.0167 1.327E+01
13.0333 1.328E+01
13.0500 1.329E+01
13.0667 1.330E+01
13.0833 1.330E+01
13.1000 1.331E+01
13.1167 1.332E+01
13.1333 1.332E+01
13.1500 1.333E+01
13.1667 1.333E+01
13.1833 1.333E+01
13.2000 1.334E+01
13.2167 1.334E+01
13.2333 1.334E+01
13.2500 1.334E+01
13.2667 1.334E+01
13.2833 1.334E+01
13.3000 1.334E+01
13.3167 1.334E+01
13.3333 1.334E+01
13.3500 1.334E+01
13.3667 1.333E+01
13.3833 1.333E+01
13.4000 1.333E+01
13.4167 1.332E+01
13.4333 1.332E+01
13.4500 1.331E+01
13.4667 1.331E+01
13.4833 1.330E+01
13.5000 1.329E+01
13.5167 1.328E+01
13.5333 1.328E+01
13.5500 1.326E+01
13.5667 1.324E+01
13.5833 1.324E+01
13.6000 1.323E+01
13.6167 1.321E+01
13.6333 1.321E+01
13.6500 1.320E+01
13.6667 1.319E+01
13.6833 1.318E+01
13.7000 1.316E+01
13.7167 1.315E+01
13.7333 1.314E+01
13.7500 1.312E+01
13.7667 1.310E+01
13.7833 1.308E+01
13.8000 1.307E+01
13.8167 1.305E+01
13.8333 1.304E+01
13.8500 1.302E+01
13.8667 1.299E+01
13.8833 1.298E+01
13.9000 1.296E+01
13.9167 1.294E+01
13.9333 1.292E+01
13.9500 1.290E+01
13.9667 1.287E+01
13.9833 1.285E+01
14.0000 1.283E+01
14.0167 1.281E+01
14.0333 1.278E+01
14.0500 1.276E+01
14.0667 1.273E+01
14.0833 1.271E+01
14.1000 1.268E+01
14.1167 1.265E+01
14.1333 1.263E+01
14.1500 1.260E+01
14.1667 1.256E+01
14.1833 1.254E+01
14.2000 1.251E+01
14.2167 1.249E+01
14.2333 1.246E+01
14.2500 1.243E+01
14.2667 1.239E+01
14.2833 1.236E+01
14.3000 1.233E+01
14.3167 1.230E+01
14.3333 1.226E+01
14.3500 1.223E+01
14.3667 1.220E+01
14.3833 1.217E+01
14.4000 1.213E+01
14.4167 1.210E+01
14.4333 1.206E+01
14.4500 1.202E+01
14.4667 1.199E+01
14.4833 1.195E+01
14.5000 1.191E+01
14.5167 1.188E+01
14.5333 1.184E+01
14.5500 1.180E+01
14.5667 1.175E+01
14.5833 1.173E+01
14.6000 1.169E+01
14.6167 1.165E+01
14.6333 1.161E+01
14.6500 1.156E+01
14.6667 1.152E+01
14.6833 1.148E+01
14.7000 1.144E+01
14.7167 1.140E+01
14.7333 1.136E+01
14.7500 1.132E+01
14.7667 1.127E+01
14.7833 1.123E+01
14.8000 1.119E+01
14.8167 1.114E+01
14.8333 1.110E+01
14.8500 1.105E+01
14.8667 1.101E+01
14.8833 1.096E+01
14.9000 1.091E+01
14.9167 1.087E+01
14.9333 1.082E+01
14.9500 1.076E+01
14.9667 1.073E+01
14.9833 1.068E+01
