11.0000 9.279E+00
11.0167 9.333E+00
11.0333 9.395E+00
11.0500 9.453E+00
11.0667 9.511E+00
11.0833 9.568E+00
11.1000 9.626E+00
11.1167 9.683E+00
11.1333 9.740E+00
11.1500 9.796E+00
11.1667 9.853E+00
11.1833 9.910E+00
11.2000 9.966E+00
11.2167 1.002E+01
11.2333 1.008E+01
11.2500 1.013E+01
11.2667 1.019E+01
11.2833 1.024E+01
11.3000 1.030E+01
11.3167 1.035E+01
11.3333 1.041E+01
11.3500 1.046E+01
11.3667 1.052E+01
11.3833 1.057E+01
11.4000 1.062E+01
11.4167 1.068E+01
11.4333 1.073E+01
11.4500 1.078E+01
11.4667 1.083E+01
11.4833 1.089E+01
11.5000 1.094E+01
11.5167 1.098E+01
11.5333 1.104E+01
11.5500 1.109E+01
11.5667 1.114E+01
11.5833 1.119E+01
11.6000 1.124E+01
11.6167 1.129E+01
11.6333 1.134E+01
11.6500 1.139E+01
11.6667 1.144E+01
11.6833 1.149E+01
11.7000 1.154E+01
11.7167 1.158E+01
11.7333 1.163E+01
11.7500 1.168E+01
11.7667 1.172E+01
11.7833 1.176E+01
11.8000 1.182E+01
11.8167 1.186E+01
11.8333 1.191E+01
11.8500 1.195E+01
11.8667 1.199E+01
11.8833 1.204E+01
11.9000 1.208E+01
11.9167 1.212E+01
11.9333 1.217E+01
11.9500 1.221E+01
11.9667 1.225E+01
11.9833 1.229E+01
12.0000 1.233E+01
12.0167 1.237E+01
12.0333 1.241E+01
12.0500 1.244E+01
12.0667 1.249E+01
12.0833 1.253E+01
12.1000 1.257E+01
12.1167 1.261E+01
12.1333 1.265E+01
12.1500 1.268E+01
12.1667 1.272E+01
12.1833 1.276E+01
12.2000 1.279E+01
12.2167 1.283E+01
12.2333 1.286E+01
12.2500 1.289E+01
12.2667 1.293E+01
12.2833 1.296E+01
12.3000 1.299E+01
12.3167 1.302E+01
12.3333 1.304E+01
12.3500 1.309E+01
12.3667 1.312E+01
12.3833 1.315E+01
12.4000 1.318E+01
12.4167 1.321E+01
12.4333 1.324E+01
12.4500 1.327E+01
12.4667 1.329E+01
12.4833 1.332E+01
12.5000 1.335E+01
12.5167 1.337E+01
12.5333 1.340E+01
12.5500 1.343E+01
12.5667 1.345E+01
12.5833 1.347E+01
12.6000 1.350E+01
12.6167 1.352E+01
12.6333 1.354E+01
12.6500 1.356E+01
12.6667 1.359E+01
12.6833 1.361E+01
12.7000 1.363E+01
12.7167 1.365E+01
12.7333 1.367E+01
12.7500 1.368E+01
12.7667 1.370E+01
12.7833 1.372E+01
12.8000 1.374E+01
12.8167 1.375E+01
12.8333 1.377E+01
12.8500 1.378E+01
12.8667 1.380E+01
12.8833 1.381E+01
12.9000 1.383E+01
12.9167 1.383E+01
12.9333 1.385E+01
12.9500 1.386E+01
12.9667 1.388E+01
12.9833 1.389E+01
13.0000 1.390E+01
13.0167 1.391E+01
13.0333 1.391E+01
13.0500 1.392E+01
13.0667 1.393E+01
13.0833 1.394E+01
13.1000 1.394E+01
13.1167 1.395E+01
13.1333 1.396E+01
13.1500 1.396E+01
13.1667 1.397E+01
13.1833 1.397E+01
13.2000 1.397E+01
13.2167 1.397E+01
13.2333 1.398E+01
13.2500 1.398E+01
13.2667 1.398E+01
13.2833 1.398E+01
13.3000 1.398E+01
13.3167 1.398E+01
13.3333 1.398E+01
13.3500 1.397E+01
13.3667 1.397E+01
13.3833 1.397E+01
13.4000 1.396E+01
13.4167 1.396E+01
13.4333 1.396E+01
13.4500 1.395E+01
13.4667 1.394E+01
13.4833 1.394E+01
13.5000 1.393E+01
13.5167 1.392E+01
13.5333 1.391E+01
13.5500 1.390E+01
13.5667 1.389E+01
13.5833 1.388E+01
13.6000 1.387E+01
13.6167 1.386E+01
13.6333 1.384E+01
13.6500 1.383E+01
13.6667 1.382E+01
13.6833 1.381E+01
13.7000 1.380E+01
13.7167 1.378E+01
13.7333 1.377E+01
13.7500 1.375E+01
13.7667 1.373E+01
13.7833 1.372E+01
13.8000 1.370E+01
13.8167 1.368E+01
13.8333 1.366E+01
13.8500 1.364E+01
13.8667 1.362E+01
13.8833 1.360E+01
13.9000 1.358E+01
13.9167 1.356E+01
13.9333 1.354E+01
13.9500 1.352E+01
13.9667 1.349E+01
13.9833 1.347E+01
14.0000 1.345E+01
14.0167 1.342E+01
14.0333 1.340E+01
14.0500 1.337E+01
14.0667 1.334E+01
14.0833 1.332E+01
14.1000 1.329E+01
14.1167 1.326E+01
14.1333 1.323E+01
14.1500 1.320E+01
14.1667 1.317E+01
14.1833 1.314E+01
14.2000 1.311E+01
14.2167 1.308E+01
14.2333 1.304E+01
14.2500 1.302E+01
14.2667 1.298E+01
14.2833 1.295E+01
14.3000 1.292E+01
14.3167 1.289E+01
14.3333 1.285E+01
14.3500 1.282E+01
14.3667 1.278E+01
14.3833 1.275E+01
14.4000 1.270E+01
14.4167 1.268E+01
14.4333 1.264E+01
14.4500 1.260E+01
14.4667 1.256E+01
14.4833 1.253E+01
14.5000 1.249E+01
14.5167 1.244E+01
14.5333 1.241E+01
14.5500 1.237E+01
14.5667 1.233E+01
14.5833 1.229E+01
14.6000 1.224E+01
14.6167 1.220E+01
14.6333 1.216E+01
14.6500 1.212E+01
14.6667 1.207E+01
14.6833 1.203E+01
14.7000 1.199E+01
14.7167 1.194E+01
14.7333 1.190E+01
14.7500 1.185E+01
14.7667 1.181E+01
14.7833 1.176E+01
14.8000 1.171E+01
14.8167 1.167E+01
14.8333 1.162E+01
14.8500 1.157E+01
14.8667 1.153E+01
14.8833 1.148E+01
14.9000 1.143E+01
14.9167 1.138E+01
14.9333 1.133E+01
14.9500 1.128E+01
14.9667 1.123E+01
14.9833 1.118E+01
