11.0000 6.896E+00
11.0167 6.942E+00
11.0333 6.994E+00
11.0500 7.040E+00
11.0667 7.091E+00
11.0833 7.133E+00
11.1000 7.188E+00
11.1167 7.236E+00
11.1333 7.284E+00
11.1500 7.332E+00
11.1667 7.379E+00
11.1833 7.427E+00
11.2000 7.474E+00
11.2167 7.519E+00
11.2333 7.568E+00
11.2500 7.615E+00
11.2667 7.662E+00
11.2833 7.708E+00
11.3000 7.752E+00
11.3167 7.801E+00
11.3333 7.847E+00
11.3500 7.893E+00
11.3667 7.938E+00
11.3833 7.983E+00
11.4000 8.029E+00
11.4167 8.074E+00
11.4333 8.118E+00
11.4500 8.163E+00
11.4667 8.207E+00
11.4833 8.251E+00
11.5000 8.294E+00
11.5167 8.337E+00
11.5333 8.381E+00
11.5500 8.424E+00
11.5667 8.467E+00
11.5833 8.509E+00
11.6000 8.550E+00
11.6167 8.593E+00
11.6333 8.634E+00
11.6500 8.676E+00
11.6667 8.716E+00
11.6833 8.757E+00
11.7000 8.797E+00
11.7167 8.837E+00
11.7333 8.877E+00
11.7500 8.917E+00
11.7667 8.956E+00
11.7833 8.992E+00
11.8000 9.033E+00
11.8167 9.071E+00
11.8333 9.109E+00
11.8500 9.146E+00
11.8667 9.183E+00
11.8833 9.220E+00
11.9000 9.256E+00
11.9167 9.288E+00
11.9333 9.328E+00
11.9500 9.364E+00
11.9667 9.397E+00
11.9833 9.433E+00
12.0000 9.467E+00
12.0167 9.501E+00
12.0333 9.526E+00
12.0500 9.567E+00
12.0667 9.599E+00
12.0833 9.632E+00
12.1000 9.664E+00
12.1167 9.695E+00
12.1333 9.727E+00
12.1500 9.757E+00
12.1667 9.788E+00
12.1833 9.817E+00
12.2000 9.847E+00
12.2167 9.876E+00
12.2333 9.905E+00
12.2500 9.932E+00
12.2667 9.960E+00
12.2833 9.987E+00
12.3000 1.001E+01
12.3167 1.004E+01
12.3333 1.007E+01
12.3500 1.009E+01
12.3667 1.012E+01
12.3833 1.014E+01
12.4000 1.017E+01
12.4167 1.019E+01
12.4333 1.021E+01
12.4500 1.024E+01
12.4667 1.025E+01
12.4833 1.028E+01
12.5000 1.030E+01
12.5167 1.032E+01
12.5333 1.034E+01
12.5500 1.036E+01
12.5667 1.038E+01
12.5833 1.040E+01
12.6000 1.042E+01
12.6167 1.044E+01
12.6333 1.045E+01
12.6500 1.047E+01
12.6667 1.049E+01
12.6833 1.050E+01
12.7000 1.052E+01
12.7167 1.054E+01
12.7333 1.055E+01
12.7500 1.056E+01
12.7667 1.058E+01
12.7833 1.059E+01
12.8000 1.060E+01
12.8167 1.061E+01
12.8333 1.063E+01
12.8500 1.064E+01
12.8667 1.065E+01
12.8833 1.066E+01
12.9000 1.067E+01
12.9167 1.068E+01
12.9333 1.068E+01
12.9500 1.069E+01
12.9667 1.070E+01
12.9833 1.071E+01
13.0000 1.071E+01
13.0167 1.072E+01
13.0333 1.073E+01
13.0500 1.073E+01
13.0667 1.074E+01
13.0833 1.074E+01
13.1000 1.074E+01
13.1167 1.075E+01
13.1333 1.075E+01
13.1500 1.075E+01
13.1667 1.075E+01
13.1833 1.075E+01
13.2000 1.075E+01
13.2167 1.075E+01
13.2333 1.075E+01
13.2500 1.075E+01
13.2667 1.075E+01
13.2833 1.075E+01
13.3000 1.074E+01
13.3167 1.074E+01
13.3333 1.074E+01
13.3500 1.073E+01
13.3667 1.073E+01
13.3833 1.072E+01
13.4000 1.071E+01
13.4167 1.071E+01
13.4333 1.070E+01
13.4500 1.069E+01
13.4667 1.068E+01
13.4833 1.068E+01
13.5000 1.067E+01
13.5167 1.066E+01
13.5333 1.065E+01
13.5500 1.064E+01
13.5667 1.063E+01
13.5833 1.061E+01
13.6000 1.060E+01
13.6167 1.059E+01
13.6333 1.058E+01
13.6500 1.056E+01
13.6667 1.055E+01
13.6833 1.053E+01
13.7000 1.052E+01
13.7167 1.050E+01
13.7333 1.049E+01
13.7500 1.047E+01
13.7667 1.045E+01
13.7833 1.044E+01
13.8000 1.042E+01
13.8167 1.040E+01
13.8333 1.038E+01
13.8500 1.036E+01
13.8667 1.034E+01
13.8833 1.032E+01
13.9000 1.030E+01
13.9167 1.027E+01
13.9333 1.025E+01
13.9500 1.023E+01
13.9667 1.021E+01
13.9833 1.019E+01
14.0000 1.016E+01
14.0167 1.014E+01
14.0333 1.012E+01
14.0500 1.009E+01
14.0667 1.007E+01
14.0833 1.003E+01
14.1000 1.001E+01
14.1167 9.986E+00
14.1333 9.959E+00
14.1500 9.931E+00
14.1667 9.903E+00
14.1833 9.874E+00
14.2000 9.845E+00
14.2167 9.816E+00
14.2333 9.786E+00
14.2500 9.756E+00
14.2667 9.725E+00
14.2833 9.694E+00
14.3000 9.662E+00
14.3167 9.630E+00
14.3333 9.597E+00
14.3500 9.566E+00
14.3667 9.525E+00
14.3833 9.499E+00
14.4000 9.465E+00
14.4167 9.431E+00
14.4333 9.395E+00
14.4500 9.362E+00
14.4667 9.326E+00
14.4833 9.286E+00
14.5000 9.254E+00
14.5167 9.218E+00
14.5333 9.181E+00
14.5500 9.144E+00
14.5667 9.107E+00
14.5833 9.069E+00
14.6000 9.031E+00
14.6167 8.992E+00
14.6333 8.953E+00
14.6500 8.914E+00
14.6667 8.875E+00
14.6833 8.835E+00
14.7000 8.795E+00
14.7167 8.755E+00
14.7333 8.714E+00
14.7500 8.673E+00
14.7667 8.632E+00
14.7833 8.590E+00
14.8000 8.548E+00
14.8167 8.506E+00
14.8333 8.464E+00
14.8500 8.421E+00
14.8667 8.378E+00
14.8833 8.334E+00
14.9000 8.292E+00
14.9167 8.248E+00
14.9333 8.204E+00
14.9500 8.160E+00
14.9667 8.115E+00
14.9833 8.071E+00
