11.0000 6.959E+00
11.0167 7.009E+00
11.0333 7.059E+00
11.0500 7.108E+00
11.0667 7.157E+00
11.0833 7.206E+00
11.1000 7.255E+00
11.1167 7.303E+00
11.1333 7.352E+00
11.1500 7.400E+00
11.1667 7.447E+00
11.1833 7.497E+00
11.2000 7.545E+00
11.2167 7.593E+00
11.2333 7.640E+00
11.2500 7.687E+00
11.2667 7.733E+00
11.2833 7.782E+00
11.3000 7.829E+00
11.3167 7.876E+00
11.3333 7.922E+00
11.3500 7.968E+00
11.3667 8.015E+00
11.3833 8.061E+00
11.4000 8.106E+00
11.4167 8.152E+00
11.4333 8.197E+00
11.4500 8.242E+00
11.4667 8.286E+00
11.4833 8.331E+00
11.5000 8.373E+00
11.5167 8.415E+00
11.5333 8.463E+00
11.5500 8.506E+00
11.5667 8.549E+00
11.5833 8.592E+00
11.6000 8.634E+00
11.6167 8.677E+00
11.6333 8.719E+00
11.6500 8.761E+00
11.6667 8.802E+00
11.6833 8.843E+00
11.7000 8.878E+00
11.7167 8.924E+00
11.7333 8.963E+00
11.7500 8.998E+00
11.7667 9.044E+00
11.7833 9.083E+00
11.8000 9.122E+00
11.8167 9.161E+00
11.8333 9.199E+00
11.8500 9.237E+00
11.8667 9.272E+00
11.8833 9.311E+00
11.9000 9.348E+00
11.9167 9.384E+00
11.9333 9.421E+00
11.9500 9.456E+00
11.9667 9.491E+00
11.9833 9.526E+00
12.0000 9.559E+00
12.0167 9.589E+00
12.0333 9.629E+00
12.0500 9.662E+00
12.0667 9.694E+00
12.0833 9.728E+00
12.1000 9.760E+00
12.1167 9.792E+00
12.1333 9.823E+00
12.1500 9.852E+00
12.1667 9.884E+00
12.1833 9.911E+00
12.2000 9.940E+00
12.2167 9.973E+00
12.2333 1.000E+01
12.2500 1.003E+01
12.2667 1.006E+01
12.2833 1.009E+01
12.3000 1.011E+01
12.3167 1.014E+01
12.3333 1.017E+01
12.3500 1.019E+01
12.3667 1.021E+01
12.3833 1.024E+01
12.4000 1.027E+01
12.4167 1.029E+01
12.4333 1.031E+01
12.4500 1.034E+01
12.4667 1.035E+01
12.4833 1.038E+01
12.5000 1.040E+01
12.5167 1.042E+01
12.5333 1.044E+01
12.5500 1.046E+01
12.5667 1.048E+01
12.5833 1.050E+01
12.6000 1.052E+01
12.6167 1.053E+01
12.6333 1.056E+01
12.6500 1.057E+01
12.6667 1.059E+01
12.6833 1.061E+01
12.7000 1.062E+01
12.7167 1.064E+01
12.7333 1.065E+01
12.7500 1.067E+01
12.7667 1.068E+01
12.7833 1.069E+01
12.8000 1.071E+01
12.8167 1.072E+01
12.8333 1.073E+01
12.8500 1.074E+01
12.8667 1.075E+01
12.8833 1.076E+01
12.9000 1.077E+01
12.9167 1.078E+01
12.9333 1.079E+01
12.9500 1.080E+01
12.9667 1.080E+01
12.9833 1.081E+01
13.0000 1.082E+01
13.0167 1.082E+01
13.0333 1.083E+01
13.0500 1.083E+01
13.0667 1.084E+01
13.0833 1.084E+01
13.1000 1.085E+01
13.1167 1.085E+01
13.1333 1.085E+01
13.1500 1.085E+01
13.1667 1.085E+01
13.1833 1.085E+01
13.2000 1.085E+01
13.2167 1.085E+01
13.2333 1.085E+01
13.2500 1.085E+01
13.2667 1.085E+01
13.2833 1.085E+01
13.3000 1.084E+01
13.3167 1.084E+01
13.3333 1.084E+01
13.3500 1.083E+01
13.3667 1.083E+01
13.3833 1.082E+01
13.4000 1.081E+01
13.4167 1.081E+01
13.4333 1.080E+01
13.4500 1.079E+01
13.4667 1.078E+01
13.4833 1.078E+01
13.5000 1.077E+01
13.5167 1.076E+01
13.5333 1.075E+01
13.5500 1.073E+01
13.5667 1.072E+01
13.5833 1.071E+01
13.6000 1.070E+01
13.6167 1.069E+01
13.6333 1.067E+01
13.6500 1.066E+01
13.6667 1.064E+01
13.6833 1.063E+01
13.7000 1.061E+01
13.7167 1.060E+01
13.7333 1.057E+01
13.7500 1.056E+01
13.7667 1.054E+01
13.7833 1.053E+01
13.8000 1.051E+01
13.8167 1.049E+01
13.8333 1.047E+01
13.8500 1.045E+01
13.8667 1.043E+01
13.8833 1.041E+01
13.9000 1.039E+01
13.9167 1.037E+01
13.9333 1.035E+01
13.9500 1.032E+01
13.9667 1.030E+01
13.9833 1.028E+01
14.0000 1.025E+01
14.0167 1.023E+01
14.0333 1.020E+01
14.0500 1.018E+01
14.0667 1.015E+01
14.0833 1.012E+01
14.1000 1.010E+01
14.1167 1.007E+01
14.1333 1.004E+01
14.1500 1.001E+01
14.1667 9.981E+00
14.1833 9.954E+00
14.2000 9.926E+00
14.2167 9.894E+00
14.2333 9.866E+00
14.2500 9.826E+00
14.2667 9.803E+00
14.2833 9.772E+00
14.3000 9.740E+00
14.3167 9.706E+00
14.3333 9.675E+00
14.3500 9.641E+00
14.3667 9.608E+00
14.3833 9.574E+00
14.4000 9.539E+00
14.4167 9.504E+00
14.4333 9.469E+00
14.4500 9.434E+00
14.4667 9.398E+00
14.4833 9.362E+00
14.5000 9.323E+00
14.5167 9.288E+00
14.5333 9.251E+00
14.5500 9.213E+00
14.5667 9.175E+00
14.5833 9.136E+00
14.6000 9.098E+00
14.6167 9.059E+00
14.6333 9.019E+00
14.6500 8.979E+00
14.6667 8.940E+00
14.6833 8.899E+00
14.7000 8.858E+00
14.7167 8.814E+00
14.7333 8.776E+00
14.7500 8.729E+00
14.7667 8.692E+00
14.7833 8.650E+00
14.8000 8.601E+00
14.8167 8.565E+00
14.8333 8.522E+00
14.8500 8.473E+00
14.8667 8.434E+00
14.8833 8.391E+00
14.9000 8.339E+00
14.9167 8.302E+00
14.9333 8.258E+00
14.9500 8.214E+00
14.9667 8.168E+00
14.9833 8.123E+00
