11.0000 6.866E+00
11.0167 6.917E+00
11.0333 6.966E+00
11.0500 7.015E+00
11.0667 7.063E+00
11.0833 7.112E+00
11.1000 7.161E+00
11.1167 7.209E+00
11.1333 7.257E+00
11.1500 7.305E+00
11.1667 7.352E+00
11.1833 7.400E+00
11.2000 7.448E+00
11.2167 7.495E+00
11.2333 7.539E+00
11.2500 7.589E+00
11.2667 7.635E+00
11.2833 7.679E+00
11.3000 7.728E+00
11.3167 7.774E+00
11.3333 7.820E+00
11.3500 7.866E+00
11.3667 7.912E+00
11.3833 7.954E+00
11.4000 8.002E+00
11.4167 8.047E+00
11.4333 8.092E+00
11.4500 8.134E+00
11.4667 8.175E+00
11.4833 8.224E+00
11.5000 8.268E+00
11.5167 8.311E+00
11.5333 8.355E+00
11.5500 8.396E+00
11.5667 8.440E+00
11.5833 8.482E+00
11.6000 8.524E+00
11.6167 8.566E+00
11.6333 8.608E+00
11.6500 8.649E+00
11.6667 8.690E+00
11.6833 8.730E+00
11.7000 8.771E+00
11.7167 8.811E+00
11.7333 8.850E+00
11.7500 8.885E+00
11.7667 8.927E+00
11.7833 8.968E+00
11.8000 9.006E+00
11.8167 9.044E+00
11.8333 9.082E+00
11.8500 9.120E+00
11.8667 9.156E+00
11.8833 9.193E+00
11.9000 9.229E+00
11.9167 9.265E+00
11.9333 9.296E+00
11.9500 9.336E+00
11.9667 9.371E+00
11.9833 9.405E+00
12.0000 9.440E+00
12.0167 9.474E+00
12.0333 9.507E+00
12.0500 9.539E+00
12.0667 9.567E+00
12.0833 9.604E+00
12.1000 9.636E+00
12.1167 9.666E+00
12.1333 9.699E+00
12.1500 9.729E+00
12.1667 9.759E+00
12.1833 9.789E+00
12.2000 9.815E+00
12.2167 9.847E+00
12.2333 9.875E+00
12.2500 9.903E+00
12.2667 9.931E+00
12.2833 9.958E+00
12.3000 9.983E+00
12.3167 1.001E+01
12.3333 1.004E+01
12.3500 1.006E+01
12.3667 1.009E+01
12.3833 1.011E+01
12.4000 1.014E+01
12.4167 1.016E+01
12.4333 1.018E+01
12.4500 1.021E+01
12.4667 1.023E+01
12.4833 1.025E+01
12.5000 1.027E+01
12.5167 1.029E+01
12.5333 1.031E+01
12.5500 1.033E+01
12.5667 1.035E+01
12.5833 1.037E+01
12.6000 1.039E+01
12.6167 1.041E+01
12.6333 1.042E+01
12.6500 1.044E+01
12.6667 1.046E+01
12.6833 1.047E+01
12.7000 1.049E+01
12.7167 1.050E+01
12.7333 1.052E+01
12.7500 1.053E+01
12.7667 1.054E+01
12.7833 1.055E+01
12.8000 1.057E+01
12.8167 1.057E+01
12.8333 1.059E+01
12.8500 1.060E+01
12.8667 1.061E+01
12.8833 1.062E+01
12.9000 1.063E+01
12.9167 1.064E+01
12.9333 1.065E+01
12.9500 1.066E+01
12.9667 1.066E+01
12.9833 1.067E+01
13.0000 1.068E+01
13.0167 1.068E+01
13.0333 1.069E+01
13.0500 1.069E+01
13.0667 1.070E+01
13.0833 1.070E+01
13.1000 1.070E+01
13.1167 1.071E+01
13.1333 1.071E+01
13.1500 1.071E+01
13.1667 1.071E+01
13.1833 1.071E+01
13.2000 1.071E+01
13.2167 1.071E+01
13.2333 1.071E+01
13.2500 1.071E+01
13.2667 1.071E+01
13.2833 1.070E+01
13.3000 1.070E+01
13.3167 1.070E+01
13.3333 1.069E+01
13.3500 1.069E+01
13.3667 1.068E+01
13.3833 1.068E+01
13.4000 1.067E+01
13.4167 1.066E+01
13.4333 1.066E+01
13.4500 1.065E+01
13.4667 1.064E+01
13.4833 1.063E+01
13.5000 1.062E+01
13.5167 1.061E+01
13.5333 1.060E+01
13.5500 1.059E+01
13.5667 1.057E+01
13.5833 1.057E+01
13.6000 1.055E+01
13.6167 1.054E+01
13.6333 1.053E+01
13.6500 1.051E+01
13.6667 1.050E+01
13.6833 1.048E+01
13.7000 1.047E+01
13.7167 1.045E+01
13.7333 1.044E+01
13.7500 1.042E+01
13.7667 1.040E+01
13.7833 1.038E+01
13.8000 1.037E+01
13.8167 1.035E+01
13.8333 1.032E+01
13.8500 1.031E+01
13.8667 1.029E+01
13.8833 1.027E+01
13.9000 1.024E+01
13.9167 1.022E+01
13.9333 1.020E+01
13.9500 1.017E+01
13.9667 1.015E+01
13.9833 1.013E+01
14.0000 1.011E+01
14.0167 1.008E+01
14.0333 1.006E+01
14.0500 1.003E+01
14.0667 1.001E+01
14.0833 9.979E+00
14.1000 9.950E+00
14.1167 9.926E+00
14.1333 9.898E+00
14.1500 9.869E+00
14.1667 9.842E+00
14.1833 9.812E+00
14.2000 9.784E+00
14.2167 9.753E+00
14.2333 9.723E+00
14.2500 9.693E+00
14.2667 9.660E+00
14.2833 9.630E+00
14.3000 9.598E+00
14.3167 9.558E+00
14.3333 9.530E+00
14.3500 9.500E+00
14.3667 9.467E+00
14.3833 9.433E+00
14.4000 9.398E+00
14.4167 9.364E+00
14.4333 9.329E+00
14.4500 9.293E+00
14.4667 9.258E+00
14.4833 9.223E+00
14.5000 9.186E+00
14.5167 9.149E+00
14.5333 9.112E+00
14.5500 9.075E+00
14.5667 9.037E+00
14.5833 8.998E+00
14.6000 8.960E+00
14.6167 8.921E+00
14.6333 8.880E+00
14.6500 8.843E+00
14.6667 8.803E+00
14.6833 8.763E+00
14.7000 8.722E+00
14.7167 8.682E+00
14.7333 8.641E+00
14.7500 8.600E+00
14.7667 8.556E+00
14.7833 8.516E+00
14.8000 8.474E+00
14.8167 8.431E+00
14.8333 8.387E+00
14.8500 8.344E+00
14.8667 8.302E+00
14.8833 8.259E+00
14.9000 8.215E+00
14.9167 8.171E+00
14.9333 8.127E+00
14.9500 8.083E+00
14.9667 8.038E+00
14.9833 7.993E+00
