11.0000 7.078E+00
11.0167 7.128E+00
11.0333 7.179E+00
11.0500 7.228E+00
11.0667 7.278E+00
11.0833 7.327E+00
11.1000 7.376E+00
11.1167 7.423E+00
11.1333 7.474E+00
11.1500 7.523E+00
11.1667 7.572E+00
11.1833 7.620E+00
11.2000 7.669E+00
11.2167 7.717E+00
11.2333 7.765E+00
11.2500 7.813E+00
11.2667 7.858E+00
11.2833 7.908E+00
11.3000 7.955E+00
11.3167 8.002E+00
11.3333 8.049E+00
11.3500 8.096E+00
11.3667 8.142E+00
11.3833 8.188E+00
11.4000 8.234E+00
11.4167 8.278E+00
11.4333 8.326E+00
11.4500 8.371E+00
11.4667 8.416E+00
11.4833 8.461E+00
11.5000 8.505E+00
11.5167 8.545E+00
11.5333 8.594E+00
11.5500 8.637E+00
11.5667 8.681E+00
11.5833 8.724E+00
11.6000 8.767E+00
11.6167 8.810E+00
11.6333 8.853E+00
11.6500 8.895E+00
11.6667 8.937E+00
11.6833 8.977E+00
11.7000 9.019E+00
11.7167 9.060E+00
11.7333 9.101E+00
11.7500 9.141E+00
11.7667 9.181E+00
11.7833 9.217E+00
11.8000 9.260E+00
11.8167 9.299E+00
11.8333 9.337E+00
11.8500 9.376E+00
11.8667 9.413E+00
11.8833 9.442E+00
11.9000 9.488E+00
11.9167 9.522E+00
11.9333 9.557E+00
11.9500 9.597E+00
11.9667 9.629E+00
11.9833 9.669E+00
12.0000 9.704E+00
12.0167 9.739E+00
12.0333 9.773E+00
12.0500 9.797E+00
12.0667 9.840E+00
12.0833 9.873E+00
12.1000 9.906E+00
12.1167 9.938E+00
12.1333 9.970E+00
12.1500 1.000E+01
12.1667 1.003E+01
12.1833 1.006E+01
12.2000 1.009E+01
12.2167 1.012E+01
12.2333 1.015E+01
12.2500 1.018E+01
12.2667 1.021E+01
12.2833 1.024E+01
12.3000 1.027E+01
12.3167 1.029E+01
12.3333 1.032E+01
12.3500 1.034E+01
12.3667 1.037E+01
12.3833 1.040E+01
12.4000 1.042E+01
12.4167 1.045E+01
12.4333 1.047E+01
12.4500 1.049E+01
12.4667 1.052E+01
12.4833 1.054E+01
12.5000 1.056E+01
12.5167 1.058E+01
12.5333 1.060E+01
12.5500 1.062E+01
12.5667 1.064E+01
12.5833 1.066E+01
12.6000 1.068E+01
12.6167 1.070E+01
12.6333 1.072E+01
12.6500 1.074E+01
12.6667 1.075E+01
12.6833 1.077E+01
12.7000 1.079E+01
12.7167 1.080E+01
12.7333 1.082E+01
12.7500 1.083E+01
12.7667 1.085E+01
12.7833 1.086E+01
12.8000 1.087E+01
12.8167 1.089E+01
12.8333 1.090E+01
12.8500 1.091E+01
12.8667 1.092E+01
12.8833 1.093E+01
12.9000 1.094E+01
12.9167 1.094E+01
12.9333 1.096E+01
12.9500 1.097E+01
12.9667 1.098E+01
12.9833 1.098E+01
13.0000 1.099E+01
13.0167 1.100E+01
13.0333 1.100E+01
13.0500 1.101E+01
13.0667 1.102E+01
13.0833 1.102E+01
13.1000 1.102E+01
13.1167 1.103E+01
13.1333 1.103E+01
13.1500 1.103E+01
13.1667 1.103E+01
13.1833 1.103E+01
13.2000 1.104E+01
13.2167 1.104E+01
13.2333 1.104E+01
13.2500 1.103E+01
13.2667 1.103E+01
13.2833 1.103E+01
13.3000 1.103E+01
13.3167 1.103E+01
13.3333 1.102E+01
13.3500 1.102E+01
13.3667 1.101E+01
13.3833 1.101E+01
13.4000 1.100E+01
13.4167 1.099E+01
13.4333 1.099E+01
13.4500 1.098E+01
13.4667 1.097E+01
13.4833 1.097E+01
13.5000 1.095E+01
13.5167 1.094E+01
13.5333 1.094E+01
13.5500 1.093E+01
13.5667 1.092E+01
13.5833 1.091E+01
13.6000 1.089E+01
13.6167 1.088E+01
13.6333 1.087E+01
13.6500 1.086E+01
13.6667 1.084E+01
13.6833 1.083E+01
13.7000 1.081E+01
13.7167 1.080E+01
13.7333 1.078E+01
13.7500 1.076E+01
13.7667 1.075E+01
13.7833 1.073E+01
13.8000 1.071E+01
13.8167 1.069E+01
13.8333 1.067E+01
13.8500 1.066E+01
13.8667 1.064E+01
13.8833 1.062E+01
13.9000 1.059E+01
13.9167 1.057E+01
13.9333 1.055E+01
13.9500 1.053E+01
13.9667 1.051E+01
13.9833 1.048E+01
14.0000 1.046E+01
14.0167 1.044E+01
14.0333 1.041E+01
14.0500 1.039E+01
14.0667 1.036E+01
14.0833 1.033E+01
14.1000 1.031E+01
14.1167 1.028E+01
14.1333 1.025E+01
14.1500 1.023E+01
14.1667 1.020E+01
14.1833 1.017E+01
14.2000 1.014E+01
14.2167 1.011E+01
14.2333 1.008E+01
14.2500 1.005E+01
14.2667 1.002E+01
14.2833 9.989E+00
14.3000 9.957E+00
14.3167 9.924E+00
14.3333 9.893E+00
14.3500 9.860E+00
14.3667 9.827E+00
14.3833 9.793E+00
14.4000 9.759E+00
14.4167 9.724E+00
14.4333 9.690E+00
14.4500 9.655E+00
14.4667 9.619E+00
14.4833 9.582E+00
14.5000 9.547E+00
14.5167 9.508E+00
14.5333 9.473E+00
14.5500 9.436E+00
14.5667 9.398E+00
14.5833 9.360E+00
14.6000 9.319E+00
14.6167 9.283E+00
14.6333 9.244E+00
14.6500 9.203E+00
14.6667 9.165E+00
14.6833 9.124E+00
14.7000 9.084E+00
14.7167 9.043E+00
14.7333 9.002E+00
14.7500 8.961E+00
14.7667 8.914E+00
14.7833 8.877E+00
14.8000 8.835E+00
14.8167 8.793E+00
14.8333 8.750E+00
14.8500 8.707E+00
14.8667 8.658E+00
14.8833 8.617E+00
14.9000 8.570E+00
14.9167 8.532E+00
14.9333 8.480E+00
14.9500 8.443E+00
14.9667 8.397E+00
14.9833 8.352E+00
