11.0000 5.734E+00
11.0167 5.777E+00
11.0333 5.819E+00
11.0500 5.860E+00
11.0667 5.902E+00
11.0833 5.943E+00
11.1000 5.984E+00
11.1167 6.025E+00
11.1333 6.066E+00
11.1500 6.107E+00
11.1667 6.145E+00
11.1833 6.188E+00
11.2000 6.229E+00
11.2167 6.269E+00
11.2333 6.309E+00
11.2500 6.349E+00
11.2667 6.388E+00
11.2833 6.422E+00
11.3000 6.467E+00
11.3167 6.504E+00
11.3333 6.546E+00
11.3500 6.585E+00
11.3667 6.623E+00
11.3833 6.662E+00
11.4000 6.699E+00
11.4167 6.738E+00
11.4333 6.776E+00
11.4500 6.814E+00
11.4667 6.851E+00
11.4833 6.888E+00
11.5000 6.925E+00
11.5167 6.962E+00
11.5333 6.999E+00
11.5500 7.030E+00
11.5667 7.071E+00
11.5833 7.107E+00
11.6000 7.139E+00
11.6167 7.178E+00
11.6333 7.213E+00
11.6500 7.248E+00
11.6667 7.283E+00
11.6833 7.317E+00
11.7000 7.351E+00
11.7167 7.385E+00
11.7333 7.415E+00
11.7500 7.451E+00
11.7667 7.484E+00
11.7833 7.517E+00
11.8000 7.549E+00
11.8167 7.580E+00
11.8333 7.612E+00
11.8500 7.645E+00
11.8667 7.676E+00
11.8833 7.706E+00
11.9000 7.737E+00
11.9167 7.767E+00
11.9333 7.797E+00
11.9500 7.825E+00
11.9667 7.856E+00
11.9833 7.885E+00
12.0000 7.913E+00
12.0167 7.942E+00
12.0333 7.969E+00
12.0500 7.994E+00
12.0667 8.024E+00
12.0833 8.051E+00
12.1000 8.077E+00
12.1167 8.100E+00
12.1333 8.129E+00
12.1500 8.155E+00
12.1667 8.173E+00
12.1833 8.204E+00
12.2000 8.229E+00
12.2167 8.252E+00
12.2333 8.276E+00
12.2500 8.298E+00
12.2667 8.322E+00
12.2833 8.339E+00
12.3000 8.366E+00
12.3167 8.388E+00
12.3333 8.409E+00
12.3500 8.430E+00
12.3667 8.450E+00
12.3833 8.470E+00
12.4000 8.490E+00
12.4167 8.509E+00
12.4333 8.528E+00
12.4500 8.546E+00
12.4667 8.564E+00
12.4833 8.582E+00
12.5000 8.597E+00
12.5167 8.615E+00
12.5333 8.632E+00
12.5500 8.647E+00
12.5667 8.663E+00
12.5833 8.678E+00
12.6000 8.693E+00
12.6167 8.707E+00
12.6333 8.720E+00
12.6500 8.733E+00
12.6667 8.747E+00
12.6833 8.759E+00
12.7000 8.771E+00
12.7167 8.782E+00
12.7333 8.794E+00
12.7500 8.804E+00
12.7667 8.815E+00
12.7833 8.825E+00
12.8000 8.834E+00
12.8167 8.842E+00
12.8333 8.849E+00
12.8500 8.858E+00
12.8667 8.863E+00
12.8833 8.873E+00
12.9000 8.875E+00
12.9167 8.881E+00
12.9333 8.892E+00
12.9500 8.898E+00
12.9667 8.903E+00
12.9833 8.907E+00
13.0000 8.911E+00
13.0167 8.914E+00
13.0333 8.917E+00
13.0500 8.920E+00
13.0667 8.922E+00
13.0833 8.923E+00
13.1000 8.925E+00
13.1167 8.925E+00
13.1333 8.926E+00
13.1500 8.926E+00
13.1667 8.925E+00
13.1833 8.924E+00
13.2000 8.922E+00
13.2167 8.920E+00
13.2333 8.918E+00
13.2500 8.915E+00
13.2667 8.911E+00
13.2833 8.908E+00
13.3000 8.903E+00
13.3167 8.899E+00
13.3333 8.894E+00
13.3500 8.885E+00
13.3667 8.874E+00
13.3833 8.875E+00
13.4000 8.864E+00
13.4167 8.860E+00
13.4333 8.850E+00
13.4500 8.845E+00
13.4667 8.836E+00
13.4833 8.826E+00
13.5000 8.817E+00
13.5167 8.807E+00
13.5333 8.796E+00
13.5500 8.785E+00
13.5667 8.773E+00
13.5833 8.762E+00
13.6000 8.750E+00
13.6167 8.737E+00
13.6333 8.724E+00
13.6500 8.710E+00
13.6667 8.696E+00
13.6833 8.681E+00
13.7000 8.667E+00
13.7167 8.651E+00
13.7333 8.635E+00
13.7500 8.619E+00
13.7667 8.602E+00
13.7833 8.586E+00
13.8000 8.568E+00
13.8167 8.550E+00
13.8333 8.532E+00
13.8500 8.513E+00
13.8667 8.494E+00
13.8833 8.475E+00
13.9000 8.455E+00
13.9167 8.435E+00
13.9333 8.414E+00
13.9500 8.393E+00
13.9667 8.371E+00
13.9833 8.347E+00
14.0000 8.327E+00
14.0167 8.302E+00
14.0333 8.281E+00
14.0500 8.256E+00
14.0667 8.229E+00
14.0833 8.210E+00
14.1000 8.185E+00
14.1167 8.160E+00
14.1333 8.135E+00
14.1500 8.109E+00
14.1667 8.083E+00
14.1833 8.057E+00
14.2000 8.030E+00
14.2167 8.003E+00
14.2333 7.976E+00
14.2500 7.948E+00
14.2667 7.920E+00
14.2833 7.891E+00
14.3000 7.860E+00
14.3167 7.833E+00
14.3333 7.804E+00
14.3500 7.773E+00
14.3667 7.741E+00
14.3833 7.714E+00
14.4000 7.683E+00
14.4167 7.652E+00
14.4333 7.618E+00
14.4500 7.588E+00
14.4667 7.557E+00
14.4833 7.525E+00
14.5000 7.492E+00
14.5167 7.459E+00
14.5333 7.426E+00
14.5500 7.392E+00
14.5667 7.359E+00
14.5833 7.324E+00
14.6000 7.290E+00
14.6167 7.256E+00
14.6333 7.221E+00
14.6500 7.186E+00
14.6667 7.150E+00
14.6833 7.115E+00
14.7000 7.079E+00
14.7167 7.043E+00
14.7333 7.007E+00
14.7500 6.970E+00
14.7667 6.931E+00
14.7833 6.895E+00
14.8000 6.859E+00
14.8167 6.822E+00
14.8333 6.784E+00
14.8500 6.745E+00
14.8667 6.708E+00
14.8833 6.670E+00
14.9000 6.632E+00
14.9167 6.593E+00
14.9333 6.554E+00
14.9500 6.515E+00
14.9667 6.476E+00
14.9833 6.436E+00
