11.0000 5.743E+00
11.0167 5.785E+00
11.0333 5.824E+00
11.0500 5.867E+00
11.0667 5.909E+00
11.0833 5.948E+00
11.1000 5.991E+00
11.1167 6.032E+00
11.1333 6.072E+00
11.1500 6.111E+00
11.1667 6.154E+00
11.1833 6.194E+00
11.2000 6.234E+00
11.2167 6.273E+00
11.2333 6.314E+00
11.2500 6.354E+00
11.2667 6.394E+00
11.2833 6.431E+00
11.3000 6.472E+00
11.3167 6.511E+00
11.3333 6.550E+00
11.3500 6.589E+00
11.3667 6.628E+00
11.3833 6.664E+00
11.4000 6.701E+00
11.4167 6.742E+00
11.4333 6.780E+00
11.4500 6.818E+00
11.4667 6.855E+00
11.4833 6.892E+00
11.5000 6.927E+00
11.5167 6.966E+00
11.5333 7.002E+00
11.5500 7.039E+00
11.5667 7.075E+00
11.5833 7.110E+00
11.6000 7.146E+00
11.6167 7.181E+00
11.6333 7.216E+00
11.6500 7.251E+00
11.6667 7.286E+00
11.6833 7.317E+00
11.7000 7.350E+00
11.7167 7.387E+00
11.7333 7.421E+00
11.7500 7.454E+00
11.7667 7.487E+00
11.7833 7.519E+00
11.8000 7.551E+00
11.8167 7.584E+00
11.8333 7.616E+00
11.8500 7.647E+00
11.8667 7.678E+00
11.8833 7.705E+00
11.9000 7.739E+00
11.9167 7.770E+00
11.9333 7.800E+00
11.9500 7.829E+00
11.9667 7.858E+00
11.9833 7.883E+00
12.0000 7.916E+00
12.0167 7.939E+00
12.0333 7.968E+00
12.0500 7.999E+00
12.0667 8.026E+00
12.0833 8.050E+00
12.1000 8.080E+00
12.1167 8.106E+00
12.1333 8.132E+00
12.1500 8.157E+00
12.1667 8.182E+00
12.1833 8.207E+00
12.2000 8.231E+00
12.2167 8.255E+00
12.2333 8.278E+00
12.2500 8.302E+00
12.2667 8.325E+00
12.2833 8.347E+00
12.3000 8.369E+00
12.3167 8.391E+00
12.3333 8.412E+00
12.3500 8.433E+00
12.3667 8.453E+00
12.3833 8.473E+00
12.4000 8.493E+00
12.4167 8.513E+00
12.4333 8.530E+00
12.4500 8.547E+00
12.4667 8.566E+00
12.4833 8.586E+00
12.5000 8.603E+00
12.5167 8.619E+00
12.5333 8.633E+00
12.5500 8.650E+00
12.5667 8.668E+00
12.5833 8.683E+00
12.6000 8.698E+00
12.6167 8.712E+00
12.6333 8.725E+00
12.6500 8.739E+00
12.6667 8.752E+00
12.6833 8.760E+00
12.7000 8.777E+00
12.7167 8.787E+00
12.7333 8.800E+00
12.7500 8.811E+00
12.7667 8.820E+00
12.7833 8.831E+00
12.8000 8.836E+00
12.8167 8.849E+00
12.8333 8.857E+00
12.8500 8.861E+00
12.8667 8.874E+00
12.8833 8.882E+00
12.9000 8.888E+00
12.9167 8.891E+00
12.9333 8.899E+00
12.9500 8.906E+00
12.9667 8.912E+00
12.9833 8.916E+00
13.0000 8.919E+00
13.0167 8.923E+00
13.0333 8.924E+00
13.0500 8.924E+00
13.0667 8.925E+00
13.0833 8.929E+00
13.1000 8.932E+00
13.1167 8.934E+00
13.1333 8.935E+00
13.1500 8.935E+00
13.1667 8.935E+00
13.1833 8.932E+00
13.2000 8.930E+00
13.2167 8.927E+00
13.2333 8.924E+00
13.2500 8.924E+00
13.2667 8.924E+00
13.2833 8.921E+00
13.3000 8.917E+00
13.3167 8.913E+00
13.3333 8.909E+00
13.3500 8.903E+00
13.3667 8.893E+00
13.3833 8.890E+00
13.4000 8.885E+00
13.4167 8.878E+00
13.4333 8.868E+00
13.4500 8.857E+00
13.4667 8.853E+00
13.4833 8.841E+00
13.5000 8.834E+00
13.5167 8.824E+00
13.5333 8.815E+00
13.5500 8.804E+00
13.5667 8.793E+00
13.5833 8.780E+00
13.6000 8.764E+00
13.6167 8.758E+00
13.6333 8.744E+00
13.6500 8.731E+00
13.6667 8.718E+00
13.6833 8.704E+00
13.7000 8.689E+00
13.7167 8.674E+00
13.7333 8.659E+00
13.7500 8.643E+00
13.7667 8.627E+00
13.7833 8.610E+00
13.8000 8.593E+00
13.8167 8.576E+00
13.8333 8.554E+00
13.8500 8.538E+00
13.8667 8.521E+00
13.8833 8.502E+00
13.9000 8.482E+00
13.9167 8.462E+00
13.9333 8.442E+00
13.9500 8.421E+00
13.9667 8.400E+00
13.9833 8.379E+00
14.0000 8.357E+00
14.0167 8.331E+00
14.0333 8.312E+00
14.0500 8.286E+00
14.0667 8.265E+00
14.0833 8.242E+00
14.1000 8.218E+00
14.1167 8.193E+00
14.1333 8.168E+00
14.1500 8.143E+00
14.1667 8.117E+00
14.1833 8.091E+00
14.2000 8.065E+00
14.2167 8.038E+00
14.2333 8.010E+00
14.2500 7.984E+00
14.2667 7.956E+00
14.2833 7.928E+00
14.3000 7.899E+00
14.3167 7.871E+00
14.3333 7.842E+00
14.3500 7.809E+00
14.3667 7.783E+00
14.3833 7.753E+00
14.4000 7.722E+00
14.4167 7.691E+00
14.4333 7.661E+00
14.4500 7.629E+00
14.4667 7.592E+00
14.4833 7.566E+00
14.5000 7.534E+00
14.5167 7.500E+00
14.5333 7.468E+00
14.5500 7.435E+00
14.5667 7.402E+00
14.5833 7.368E+00
14.6000 7.335E+00
14.6167 7.300E+00
14.6333 7.266E+00
14.6500 7.231E+00
14.6667 7.196E+00
14.6833 7.160E+00
14.7000 7.122E+00
14.7167 7.090E+00
14.7333 7.054E+00
14.7500 7.018E+00
14.7667 6.981E+00
14.7833 6.945E+00
14.8000 6.907E+00
14.8167 6.871E+00
14.8333 6.834E+00
14.8500 6.793E+00
14.8667 6.759E+00
14.8833 6.721E+00
14.9000 6.681E+00
14.9167 6.644E+00
14.9333 6.606E+00
14.9500 6.567E+00
14.9667 6.528E+00
14.9833 6.489E+00
