11.0000 5.736E+00
11.0167 5.778E+00
11.0333 5.820E+00
11.0500 5.861E+00
11.0667 5.903E+00
11.0833 5.944E+00
11.1000 5.985E+00
11.1167 6.027E+00
11.1333 6.068E+00
11.1500 6.109E+00
11.1667 6.149E+00
11.1833 6.191E+00
11.2000 6.231E+00
11.2167 6.271E+00
11.2333 6.312E+00
11.2500 6.352E+00
11.2667 6.392E+00
11.2833 6.428E+00
11.3000 6.471E+00
11.3167 6.510E+00
11.3333 6.549E+00
11.3500 6.589E+00
11.3667 6.628E+00
11.3833 6.667E+00
11.4000 6.705E+00
11.4167 6.741E+00
11.4333 6.781E+00
11.4500 6.819E+00
11.4667 6.857E+00
11.4833 6.893E+00
11.5000 6.931E+00
11.5167 6.968E+00
11.5333 7.005E+00
11.5500 7.041E+00
11.5667 7.078E+00
11.5833 7.113E+00
11.6000 7.148E+00
11.6167 7.185E+00
11.6333 7.220E+00
11.6500 7.255E+00
11.6667 7.290E+00
11.6833 7.324E+00
11.7000 7.358E+00
11.7167 7.392E+00
11.7333 7.426E+00
11.7500 7.459E+00
11.7667 7.492E+00
11.7833 7.525E+00
11.8000 7.557E+00
11.8167 7.585E+00
11.8333 7.621E+00
11.8500 7.653E+00
11.8667 7.683E+00
11.8833 7.715E+00
11.9000 7.745E+00
11.9167 7.776E+00
11.9333 7.806E+00
11.9500 7.835E+00
11.9667 7.864E+00
11.9833 7.893E+00
12.0000 7.922E+00
12.0167 7.950E+00
12.0333 7.978E+00
12.0500 8.005E+00
12.0667 8.033E+00
12.0833 8.060E+00
12.1000 8.086E+00
12.1167 8.112E+00
12.1333 8.138E+00
12.1500 8.163E+00
12.1667 8.188E+00
12.1833 8.213E+00
12.2000 8.238E+00
12.2167 8.261E+00
12.2333 8.285E+00
12.2500 8.304E+00
12.2667 8.331E+00
12.2833 8.353E+00
12.3000 8.375E+00
12.3167 8.397E+00
12.3333 8.415E+00
12.3500 8.438E+00
12.3667 8.459E+00
12.3833 8.479E+00
12.4000 8.496E+00
12.4167 8.517E+00
12.4333 8.536E+00
12.4500 8.554E+00
12.4667 8.572E+00
12.4833 8.587E+00
12.5000 8.607E+00
12.5167 8.623E+00
12.5333 8.638E+00
12.5500 8.655E+00
12.5667 8.670E+00
12.5833 8.685E+00
12.6000 8.700E+00
12.6167 8.714E+00
12.6333 8.727E+00
12.6500 8.740E+00
12.6667 8.753E+00
12.6833 8.766E+00
12.7000 8.777E+00
12.7167 8.789E+00
12.7333 8.800E+00
12.7500 8.810E+00
12.7667 8.820E+00
12.7833 8.830E+00
12.8000 8.839E+00
12.8167 8.847E+00
12.8333 8.856E+00
12.8500 8.864E+00
12.8667 8.871E+00
12.8833 8.878E+00
12.9000 8.884E+00
12.9167 8.890E+00
12.9333 8.896E+00
12.9500 8.901E+00
12.9667 8.906E+00
12.9833 8.910E+00
13.0000 8.913E+00
13.0167 8.917E+00
13.0333 8.919E+00
13.0500 8.922E+00
13.0667 8.924E+00
13.0833 8.925E+00
13.1000 8.926E+00
13.1167 8.926E+00
13.1333 8.926E+00
13.1500 8.926E+00
13.1667 8.925E+00
13.1833 8.923E+00
13.2000 8.922E+00
13.2167 8.919E+00
13.2333 8.917E+00
13.2500 8.914E+00
13.2667 8.910E+00
13.2833 8.905E+00
13.3000 8.901E+00
13.3167 8.896E+00
13.3333 8.891E+00
13.3500 8.885E+00
13.3667 8.878E+00
13.3833 8.871E+00
13.4000 8.864E+00
13.4167 8.856E+00
13.4333 8.848E+00
13.4500 8.839E+00
13.4667 8.830E+00
13.4833 8.820E+00
13.5000 8.810E+00
13.5167 8.800E+00
13.5333 8.789E+00
13.5500 8.777E+00
13.5667 8.766E+00
13.5833 8.753E+00
13.6000 8.741E+00
13.6167 8.728E+00
13.6333 8.714E+00
13.6500 8.700E+00
13.6667 8.685E+00
13.6833 8.671E+00
13.7000 8.655E+00
13.7167 8.639E+00
13.7333 8.624E+00
13.7500 8.607E+00
13.7667 8.587E+00
13.7833 8.573E+00
13.8000 8.555E+00
13.8167 8.536E+00
13.8333 8.517E+00
13.8500 8.496E+00
13.8667 8.479E+00
13.8833 8.459E+00
13.9000 8.439E+00
13.9167 8.415E+00
13.9333 8.397E+00
13.9500 8.375E+00
13.9667 8.353E+00
13.9833 8.331E+00
14.0000 8.304E+00
14.0167 8.285E+00
14.0333 8.262E+00
14.0500 8.238E+00
14.0667 8.214E+00
14.0833 8.189E+00
14.1000 8.164E+00
14.1167 8.138E+00
14.1333 8.112E+00
14.1500 8.087E+00
14.1667 8.060E+00
14.1833 8.034E+00
14.2000 8.006E+00
14.2167 7.979E+00
14.2333 7.951E+00
14.2500 7.923E+00
14.2667 7.894E+00
14.2833 7.865E+00
14.3000 7.836E+00
14.3167 7.806E+00
14.3333 7.776E+00
14.3500 7.746E+00
14.3667 7.715E+00
14.3833 7.684E+00
14.4000 7.653E+00
14.4167 7.622E+00
14.4333 7.585E+00
14.4500 7.558E+00
14.4667 7.526E+00
14.4833 7.493E+00
14.5000 7.459E+00
14.5167 7.426E+00
14.5333 7.393E+00
14.5500 7.359E+00
14.5667 7.325E+00
14.5833 7.290E+00
14.6000 7.255E+00
14.6167 7.221E+00
14.6333 7.185E+00
14.6500 7.148E+00
14.6667 7.114E+00
14.6833 7.078E+00
14.7000 7.042E+00
14.7167 7.005E+00
14.7333 6.969E+00
14.7500 6.932E+00
14.7667 6.893E+00
14.7833 6.857E+00
14.8000 6.819E+00
14.8167 6.782E+00
14.8333 6.741E+00
14.8500 6.705E+00
14.8667 6.667E+00
14.8833 6.628E+00
14.9000 6.589E+00
14.9167 6.550E+00
14.9333 6.510E+00
14.9500 6.472E+00
14.9667 6.427E+00
14.9833 6.392E+00
