11.0000 6.084E+00
11.0167 6.128E+00
11.0333 6.172E+00
11.0500 6.215E+00
11.0667 6.258E+00
11.0833 6.302E+00
11.1000 6.342E+00
11.1167 6.388E+00
11.1333 6.431E+00
11.1500 6.474E+00
11.1667 6.517E+00
11.1833 6.560E+00
11.2000 6.602E+00
11.2167 6.644E+00
11.2333 6.686E+00
11.2500 6.728E+00
11.2667 6.770E+00
11.2833 6.810E+00
11.3000 6.853E+00
11.3167 6.894E+00
11.3333 6.935E+00
11.3500 6.976E+00
11.3667 7.017E+00
11.3833 7.058E+00
11.4000 7.098E+00
11.4167 7.134E+00
11.4333 7.178E+00
11.4500 7.217E+00
11.4667 7.257E+00
11.4833 7.296E+00
11.5000 7.335E+00
11.5167 7.374E+00
11.5333 7.412E+00
11.5500 7.451E+00
11.5667 7.489E+00
11.5833 7.526E+00
11.6000 7.564E+00
11.6167 7.600E+00
11.6333 7.638E+00
11.6500 7.675E+00
11.6667 7.705E+00
11.6833 7.748E+00
11.7000 7.783E+00
11.7167 7.819E+00
11.7333 7.855E+00
11.7500 7.890E+00
11.7667 7.924E+00
11.7833 7.956E+00
11.8000 7.993E+00
11.8167 8.027E+00
11.8333 8.056E+00
11.8500 8.094E+00
11.8667 8.126E+00
11.8833 8.159E+00
11.9000 8.191E+00
11.9167 8.218E+00
11.9333 8.255E+00
11.9500 8.286E+00
11.9667 8.317E+00
11.9833 8.348E+00
12.0000 8.378E+00
12.0167 8.408E+00
12.0333 8.438E+00
12.0500 8.466E+00
12.0667 8.495E+00
12.0833 8.524E+00
12.1000 8.546E+00
12.1167 8.580E+00
12.1333 8.607E+00
12.1500 8.634E+00
12.1667 8.661E+00
12.1833 8.687E+00
12.2000 8.713E+00
12.2167 8.738E+00
12.2333 8.764E+00
12.2500 8.788E+00
12.2667 8.809E+00
12.2833 8.832E+00
12.3000 8.860E+00
12.3167 8.883E+00
12.3333 8.905E+00
12.3500 8.927E+00
12.3667 8.949E+00
12.3833 8.971E+00
12.4000 8.992E+00
12.4167 9.013E+00
12.4333 9.032E+00
12.4500 9.046E+00
12.4667 9.069E+00
12.4833 9.091E+00
12.5000 9.108E+00
12.5167 9.123E+00
12.5333 9.144E+00
12.5500 9.160E+00
12.5667 9.178E+00
12.5833 9.194E+00
12.6000 9.210E+00
12.6167 9.219E+00
12.6333 9.241E+00
12.6500 9.255E+00
12.6667 9.270E+00
12.6833 9.283E+00
12.7000 9.296E+00
12.7167 9.309E+00
12.7333 9.321E+00
12.7500 9.333E+00
12.7667 9.344E+00
12.7833 9.355E+00
12.8000 9.365E+00
12.8167 9.375E+00
12.8333 9.383E+00
12.8500 9.388E+00
12.8667 9.403E+00
12.8833 9.411E+00
12.9000 9.418E+00
12.9167 9.425E+00
12.9333 9.432E+00
12.9500 9.438E+00
12.9667 9.444E+00
12.9833 9.449E+00
13.0000 9.454E+00
13.0167 9.458E+00
13.0333 9.462E+00
13.0500 9.466E+00
13.0667 9.469E+00
13.0833 9.471E+00
13.1000 9.473E+00
13.1167 9.474E+00
13.1333 9.475E+00
13.1500 9.476E+00
13.1667 9.476E+00
13.1833 9.475E+00
13.2000 9.474E+00
13.2167 9.473E+00
13.2333 9.471E+00
13.2500 9.469E+00
13.2667 9.466E+00
13.2833 9.463E+00
13.3000 9.459E+00
13.3167 9.455E+00
13.3333 9.451E+00
13.3500 9.445E+00
13.3667 9.439E+00
13.3833 9.433E+00
13.4000 9.427E+00
13.4167 9.420E+00
13.4333 9.413E+00
13.4500 9.405E+00
13.4667 9.392E+00
13.4833 9.382E+00
13.5000 9.378E+00
13.5167 9.368E+00
13.5333 9.358E+00
13.5500 9.347E+00
13.5667 9.336E+00
13.5833 9.324E+00
13.6000 9.312E+00
13.6167 9.300E+00
13.6333 9.287E+00
13.6500 9.273E+00
13.6667 9.259E+00
13.6833 9.245E+00
13.7000 9.227E+00
13.7167 9.214E+00
13.7333 9.199E+00
13.7500 9.180E+00
13.7667 9.166E+00
13.7833 9.147E+00
13.8000 9.127E+00
13.8167 9.113E+00
13.8333 9.095E+00
13.8500 9.076E+00
13.8667 9.052E+00
13.8833 9.038E+00
13.9000 9.018E+00
13.9167 8.997E+00
13.9333 8.976E+00
13.9500 8.955E+00
13.9667 8.931E+00
13.9833 8.910E+00
14.0000 8.889E+00
14.0167 8.865E+00
14.0333 8.835E+00
14.0500 8.817E+00
14.0667 8.794E+00
14.0833 8.770E+00
14.1000 8.745E+00
14.1167 8.719E+00
14.1333 8.693E+00
14.1500 8.667E+00
14.1667 8.641E+00
14.1833 8.614E+00
14.2000 8.587E+00
14.2167 8.559E+00
14.2333 8.531E+00
14.2500 8.503E+00
14.2667 8.474E+00
14.2833 8.445E+00
14.3000 8.415E+00
14.3167 8.386E+00
14.3333 8.355E+00
14.3500 8.325E+00
14.3667 8.294E+00
14.3833 8.261E+00
14.4000 8.231E+00
14.4167 8.196E+00
14.4333 8.167E+00
14.4500 8.132E+00
14.4667 8.102E+00
14.4833 8.068E+00
14.5000 8.035E+00
14.5167 8.001E+00
14.5333 7.967E+00
14.5500 7.933E+00
14.5667 7.899E+00
14.5833 7.863E+00
14.6000 7.824E+00
14.6167 7.791E+00
14.6333 7.757E+00
14.6500 7.721E+00
14.6667 7.684E+00
14.6833 7.647E+00
14.7000 7.610E+00
14.7167 7.573E+00
14.7333 7.536E+00
14.7500 7.498E+00
14.7667 7.460E+00
14.7833 7.421E+00
14.8000 7.380E+00
14.8167 7.341E+00
14.8333 7.306E+00
14.8500 7.267E+00
14.8667 7.227E+00
14.8833 7.187E+00
14.9000 7.148E+00
14.9167 7.103E+00
14.9333 7.068E+00
14.9500 7.027E+00
14.9667 6.986E+00
14.9833 6.945E+00
