11.0000 7.282E+00
11.0167 7.332E+00
11.0333 7.381E+00
11.0500 7.428E+00
11.0667 7.478E+00
11.0833 7.531E+00
11.1000 7.580E+00
11.1167 7.629E+00
11.1333 7.679E+00
11.1500 7.728E+00
11.1667 7.777E+00
11.1833 7.821E+00
11.2000 7.874E+00
11.2167 7.920E+00
11.2333 7.970E+00
11.2500 8.019E+00
11.2667 8.066E+00
11.2833 8.114E+00
11.3000 8.161E+00
11.3167 8.208E+00
11.3333 8.256E+00
11.3500 8.303E+00
11.3667 8.350E+00
11.3833 8.395E+00
11.4000 8.442E+00
11.4167 8.488E+00
11.4333 8.534E+00
11.4500 8.580E+00
11.4667 8.618E+00
11.4833 8.670E+00
11.5000 8.713E+00
11.5167 8.759E+00
11.5333 8.804E+00
11.5500 8.848E+00
11.5667 8.892E+00
11.5833 8.934E+00
11.6000 8.979E+00
11.6167 9.022E+00
11.6333 9.061E+00
11.6500 9.107E+00
11.6667 9.149E+00
11.6833 9.191E+00
11.7000 9.232E+00
11.7167 9.274E+00
11.7333 9.315E+00
11.7500 9.356E+00
11.7667 9.396E+00
11.7833 9.436E+00
11.8000 9.476E+00
11.8167 9.515E+00
11.8333 9.554E+00
11.8500 9.593E+00
11.8667 9.630E+00
11.8833 9.669E+00
11.9000 9.707E+00
11.9167 9.744E+00
11.9333 9.781E+00
11.9500 9.818E+00
11.9667 9.854E+00
11.9833 9.890E+00
12.0000 9.925E+00
12.0167 9.953E+00
12.0333 9.994E+00
12.0500 1.003E+01
12.0667 1.006E+01
12.0833 1.010E+01
12.1000 1.013E+01
12.1167 1.016E+01
12.1333 1.020E+01
12.1500 1.023E+01
12.1667 1.026E+01
12.1833 1.028E+01
12.2000 1.032E+01
12.2167 1.035E+01
12.2333 1.038E+01
12.2500 1.041E+01
12.2667 1.044E+01
12.2833 1.047E+01
12.3000 1.050E+01
12.3167 1.052E+01
12.3333 1.055E+01
12.3500 1.058E+01
12.3667 1.060E+01
12.3833 1.063E+01
12.4000 1.066E+01
12.4167 1.068E+01
12.4333 1.071E+01
12.4500 1.073E+01
12.4667 1.075E+01
12.4833 1.078E+01
12.5000 1.080E+01
12.5167 1.082E+01
12.5333 1.084E+01
12.5500 1.087E+01
12.5667 1.089E+01
12.5833 1.090E+01
12.6000 1.093E+01
12.6167 1.095E+01
12.6333 1.097E+01
12.6500 1.098E+01
12.6667 1.100E+01
12.6833 1.102E+01
12.7000 1.104E+01
12.7167 1.105E+01
12.7333 1.107E+01
12.7500 1.109E+01
12.7667 1.110E+01
12.7833 1.111E+01
12.8000 1.113E+01
12.8167 1.114E+01
12.8333 1.116E+01
12.8500 1.117E+01
12.8667 1.118E+01
12.8833 1.119E+01
12.9000 1.120E+01
12.9167 1.121E+01
12.9333 1.122E+01
12.9500 1.123E+01
12.9667 1.124E+01
12.9833 1.125E+01
13.0000 1.126E+01
13.0167 1.127E+01
13.0333 1.127E+01
13.0500 1.128E+01
13.0667 1.129E+01
13.0833 1.129E+01
13.1000 1.130E+01
13.1167 1.130E+01
13.1333 1.131E+01
13.1500 1.131E+01
13.1667 1.131E+01
13.1833 1.131E+01
13.2000 1.132E+01
13.2167 1.132E+01
13.2333 1.132E+01
13.2500 1.132E+01
13.2667 1.132E+01
13.2833 1.132E+01
13.3000 1.132E+01
13.3167 1.131E+01
13.3333 1.131E+01
13.3500 1.131E+01
13.3667 1.130E+01
13.3833 1.130E+01
13.4000 1.130E+01
13.4167 1.129E+01
13.4333 1.129E+01
13.4500 1.128E+01
13.4667 1.127E+01
13.4833 1.127E+01
13.5000 1.126E+01
13.5167 1.125E+01
13.5333 1.124E+01
13.5500 1.123E+01
13.5667 1.122E+01
13.5833 1.121E+01
13.6000 1.120E+01
13.6167 1.119E+01
13.6333 1.118E+01
13.6500 1.117E+01
13.6667 1.116E+01
13.6833 1.114E+01
13.7000 1.113E+01
13.7167 1.111E+01
13.7333 1.110E+01
13.7500 1.108E+01
13.7667 1.107E+01
13.7833 1.105E+01
13.8000 1.104E+01
13.8167 1.102E+01
13.8333 1.100E+01
13.8500 1.098E+01
13.8667 1.096E+01
13.8833 1.095E+01
13.9000 1.093E+01
13.9167 1.090E+01
13.9333 1.089E+01
13.9500 1.086E+01
13.9667 1.084E+01
13.9833 1.082E+01
14.0000 1.080E+01
14.0167 1.078E+01
14.0333 1.075E+01
14.0500 1.073E+01
14.0667 1.070E+01
14.0833 1.068E+01
14.1000 1.066E+01
14.1167 1.063E+01
14.1333 1.060E+01
14.1500 1.058E+01
14.1667 1.055E+01
14.1833 1.052E+01
14.2000 1.050E+01
14.2167 1.047E+01
14.2333 1.044E+01
14.2500 1.041E+01
14.2667 1.038E+01
14.2833 1.035E+01
14.3000 1.032E+01
14.3167 1.028E+01
14.3333 1.026E+01
14.3500 1.023E+01
14.3667 1.019E+01
14.3833 1.016E+01
14.4000 1.013E+01
14.4167 1.009E+01
14.4333 1.006E+01
14.4500 1.003E+01
14.4667 9.993E+00
14.4833 9.952E+00
14.5000 9.923E+00
14.5167 9.887E+00
14.5333 9.852E+00
14.5500 9.815E+00
14.5667 9.779E+00
14.5833 9.742E+00
14.6000 9.704E+00
14.6167 9.667E+00
14.6333 9.629E+00
14.6500 9.590E+00
14.6667 9.552E+00
14.6833 9.512E+00
14.7000 9.473E+00
14.7167 9.433E+00
14.7333 9.393E+00
14.7500 9.353E+00
14.7667 9.312E+00
14.7833 9.271E+00
14.8000 9.227E+00
14.8167 9.188E+00
14.8333 9.147E+00
14.8500 9.104E+00
14.8667 9.061E+00
14.8833 9.019E+00
14.9000 8.976E+00
14.9167 8.933E+00
14.9333 8.889E+00
14.9500 8.845E+00
14.9667 8.801E+00
14.9833 8.755E+00
