11.0000 5.544E+00
11.0167 5.583E+00
11.0333 5.624E+00
11.0500 5.664E+00
11.0667 5.704E+00
11.0833 5.744E+00
11.1000 5.783E+00
11.1167 5.823E+00
11.1333 5.862E+00
11.1500 5.900E+00
11.1667 5.940E+00
11.1833 5.978E+00
11.2000 6.018E+00
11.2167 6.057E+00
11.2333 6.096E+00
11.2500 6.134E+00
11.2667 6.172E+00
11.2833 6.210E+00
11.3000 6.248E+00
11.3167 6.286E+00
11.3333 6.323E+00
11.3500 6.361E+00
11.3667 6.398E+00
11.3833 6.435E+00
11.4000 6.471E+00
11.4167 6.509E+00
11.4333 6.545E+00
11.4500 6.578E+00
11.4667 6.618E+00
11.4833 6.654E+00
11.5000 6.689E+00
11.5167 6.725E+00
11.5333 6.760E+00
11.5500 6.795E+00
11.5667 6.830E+00
11.5833 6.864E+00
11.6000 6.897E+00
11.6167 6.930E+00
11.6333 6.966E+00
11.6500 7.000E+00
11.6667 7.034E+00
11.6833 7.066E+00
11.7000 7.099E+00
11.7167 7.130E+00
11.7333 7.164E+00
11.7500 7.196E+00
11.7667 7.228E+00
11.7833 7.258E+00
11.8000 7.290E+00
11.8167 7.321E+00
11.8333 7.351E+00
11.8500 7.382E+00
11.8667 7.412E+00
11.8833 7.442E+00
11.9000 7.471E+00
11.9167 7.501E+00
11.9333 7.529E+00
11.9500 7.555E+00
11.9667 7.586E+00
11.9833 7.614E+00
12.0000 7.641E+00
12.0167 7.669E+00
12.0333 7.696E+00
12.0500 7.722E+00
12.0667 7.748E+00
12.0833 7.774E+00
12.1000 7.800E+00
12.1167 7.825E+00
12.1333 7.850E+00
12.1500 7.874E+00
12.1667 7.898E+00
12.1833 7.922E+00
12.2000 7.946E+00
12.2167 7.969E+00
12.2333 7.992E+00
12.2500 8.013E+00
12.2667 8.036E+00
12.2833 8.057E+00
12.3000 8.078E+00
12.3167 8.099E+00
12.3333 8.120E+00
12.3500 8.140E+00
12.3667 8.160E+00
12.3833 8.179E+00
12.4000 8.198E+00
12.4167 8.217E+00
12.4333 8.234E+00
12.4500 8.249E+00
12.4667 8.262E+00
12.4833 8.287E+00
12.5000 8.303E+00
12.5167 8.319E+00
12.5333 8.333E+00
12.5500 8.349E+00
12.5667 8.365E+00
12.5833 8.380E+00
12.6000 8.394E+00
12.6167 8.408E+00
12.6333 8.421E+00
12.6500 8.434E+00
12.6667 8.446E+00
12.6833 8.458E+00
12.7000 8.467E+00
12.7167 8.479E+00
12.7333 8.492E+00
12.7500 8.503E+00
12.7667 8.513E+00
12.7833 8.521E+00
12.8000 8.530E+00
12.8167 8.536E+00
12.8333 8.548E+00
12.8500 8.551E+00
12.8667 8.562E+00
12.8833 8.570E+00
12.9000 8.577E+00
12.9167 8.582E+00
12.9333 8.585E+00
12.9500 8.592E+00
12.9667 8.599E+00
12.9833 8.603E+00
13.0000 8.606E+00
13.0167 8.609E+00
13.0333 8.612E+00
13.0500 8.615E+00
13.0667 8.615E+00
13.0833 8.616E+00
13.1000 8.615E+00
13.1167 8.615E+00
13.1333 8.615E+00
13.1500 8.615E+00
13.1667 8.615E+00
13.1833 8.615E+00
13.2000 8.615E+00
13.2167 8.615E+00
13.2333 8.615E+00
13.2500 8.612E+00
13.2667 8.609E+00
13.2833 8.606E+00
13.3000 8.602E+00
13.3167 8.598E+00
13.3333 8.591E+00
13.3500 8.584E+00
13.3667 8.582E+00
13.3833 8.576E+00
13.4000 8.569E+00
13.4167 8.560E+00
13.4333 8.551E+00
13.4500 8.547E+00
13.4667 8.534E+00
13.4833 8.529E+00
13.5000 8.519E+00
13.5167 8.511E+00
13.5333 8.501E+00
13.5500 8.490E+00
13.5667 8.477E+00
13.5833 8.463E+00
13.6000 8.457E+00
13.6167 8.444E+00
13.6333 8.432E+00
13.6500 8.419E+00
13.6667 8.406E+00
13.6833 8.392E+00
13.7000 8.378E+00
13.7167 8.363E+00
13.7333 8.348E+00
13.7500 8.332E+00
13.7667 8.317E+00
13.7833 8.301E+00
13.8000 8.284E+00
13.8167 8.261E+00
13.8333 8.247E+00
13.8500 8.231E+00
13.8667 8.213E+00
13.8833 8.195E+00
13.9000 8.176E+00
13.9167 8.157E+00
13.9333 8.136E+00
13.9500 8.116E+00
13.9667 8.096E+00
13.9833 8.075E+00
14.0000 8.051E+00
14.0167 8.032E+00
14.0333 8.009E+00
14.0500 7.987E+00
14.0667 7.965E+00
14.0833 7.942E+00
14.1000 7.918E+00
14.1167 7.894E+00
14.1333 7.870E+00
14.1500 7.845E+00
14.1667 7.821E+00
14.1833 7.796E+00
14.2000 7.770E+00
14.2167 7.744E+00
14.2333 7.717E+00
14.2500 7.691E+00
14.2667 7.664E+00
14.2833 7.637E+00
14.3000 7.609E+00
14.3167 7.581E+00
14.3333 7.549E+00
14.3500 7.524E+00
14.3667 7.496E+00
14.3833 7.467E+00
14.4000 7.436E+00
14.4167 7.407E+00
14.4333 7.377E+00
14.4500 7.341E+00
14.4667 7.316E+00
14.4833 7.285E+00
14.5000 7.253E+00
14.5167 7.222E+00
14.5333 7.190E+00
14.5500 7.159E+00
14.5667 7.126E+00
14.5833 7.093E+00
14.6000 7.061E+00
14.6167 7.028E+00
14.6333 6.994E+00
14.6500 6.961E+00
14.6667 6.927E+00
14.6833 6.891E+00
14.7000 6.858E+00
14.7167 6.824E+00
14.7333 6.789E+00
14.7500 6.754E+00
14.7667 6.718E+00
14.7833 6.681E+00
14.8000 6.647E+00
14.8167 6.612E+00
14.8333 6.576E+00
14.8500 6.539E+00
14.8667 6.502E+00
14.8833 6.466E+00
14.9000 6.429E+00
14.9167 6.392E+00
14.9333 6.355E+00
14.9500 6.317E+00
14.9667 6.279E+00
14.9833 6.241E+00
