11.0000 6.944E+00
11.0167 6.987E+00
11.0333 7.041E+00
11.0500 7.090E+00
11.0667 7.138E+00
11.0833 7.187E+00
11.1000 7.235E+00
11.1167 7.283E+00
11.1333 7.327E+00
11.1500 7.378E+00
11.1667 7.426E+00
11.1833 7.473E+00
11.2000 7.521E+00
11.2167 7.562E+00
11.2333 7.614E+00
11.2500 7.661E+00
11.2667 7.708E+00
11.2833 7.754E+00
11.3000 7.800E+00
11.3167 7.846E+00
11.3333 7.892E+00
11.3500 7.935E+00
11.3667 7.984E+00
11.3833 8.029E+00
11.4000 8.073E+00
11.4167 8.114E+00
11.4333 8.163E+00
11.4500 8.204E+00
11.4667 8.251E+00
11.4833 8.295E+00
11.5000 8.339E+00
11.5167 8.382E+00
11.5333 8.425E+00
11.5500 8.468E+00
11.5667 8.511E+00
11.5833 8.553E+00
11.6000 8.595E+00
11.6167 8.637E+00
11.6333 8.678E+00
11.6500 8.720E+00
11.6667 8.760E+00
11.6833 8.797E+00
11.7000 8.841E+00
11.7167 8.881E+00
11.7333 8.921E+00
11.7500 8.960E+00
11.7667 8.999E+00
11.7833 9.037E+00
11.8000 9.077E+00
11.8167 9.115E+00
11.8333 9.153E+00
11.8500 9.189E+00
11.8667 9.227E+00
11.8833 9.264E+00
11.9000 9.300E+00
11.9167 9.337E+00
11.9333 9.370E+00
11.9500 9.408E+00
11.9667 9.442E+00
11.9833 9.477E+00
12.0000 9.511E+00
12.0167 9.545E+00
12.0333 9.579E+00
12.0500 9.612E+00
12.0667 9.645E+00
12.0833 9.677E+00
12.1000 9.709E+00
12.1167 9.741E+00
12.1333 9.772E+00
12.1500 9.803E+00
12.1667 9.833E+00
12.1833 9.863E+00
12.2000 9.893E+00
12.2167 9.922E+00
12.2333 9.951E+00
12.2500 9.979E+00
12.2667 1.001E+01
12.2833 1.003E+01
12.3000 1.006E+01
12.3167 1.009E+01
12.3333 1.011E+01
12.3500 1.014E+01
12.3667 1.016E+01
12.3833 1.019E+01
12.4000 1.021E+01
12.4167 1.024E+01
12.4333 1.026E+01
12.4500 1.028E+01
12.4667 1.031E+01
12.4833 1.033E+01
12.5000 1.035E+01
12.5167 1.037E+01
12.5333 1.039E+01
12.5500 1.041E+01
12.5667 1.043E+01
12.5833 1.045E+01
12.6000 1.047E+01
12.6167 1.049E+01
12.6333 1.051E+01
12.6500 1.052E+01
12.6667 1.053E+01
12.6833 1.056E+01
12.7000 1.057E+01
12.7167 1.059E+01
12.7333 1.060E+01
12.7500 1.062E+01
12.7667 1.063E+01
12.7833 1.064E+01
12.8000 1.066E+01
12.8167 1.067E+01
12.8333 1.068E+01
12.8500 1.070E+01
12.8667 1.071E+01
12.8833 1.072E+01
12.9000 1.073E+01
12.9167 1.074E+01
12.9333 1.074E+01
12.9500 1.075E+01
12.9667 1.076E+01
12.9833 1.077E+01
13.0000 1.078E+01
13.0167 1.078E+01
13.0333 1.079E+01
13.0500 1.079E+01
13.0667 1.079E+01
13.0833 1.080E+01
13.1000 1.080E+01
13.1167 1.081E+01
13.1333 1.081E+01
13.1500 1.081E+01
13.1667 1.081E+01
13.1833 1.082E+01
13.2000 1.082E+01
13.2167 1.082E+01
13.2333 1.082E+01
13.2500 1.082E+01
13.2667 1.081E+01
13.2833 1.081E+01
13.3000 1.081E+01
13.3167 1.081E+01
13.3333 1.081E+01
13.3500 1.080E+01
13.3667 1.079E+01
13.3833 1.079E+01
13.4000 1.079E+01
13.4167 1.078E+01
13.4333 1.078E+01
13.4500 1.077E+01
13.4667 1.076E+01
13.4833 1.075E+01
13.5000 1.075E+01
13.5167 1.074E+01
13.5333 1.073E+01
13.5500 1.072E+01
13.5667 1.071E+01
13.5833 1.070E+01
13.6000 1.068E+01
13.6167 1.067E+01
13.6333 1.066E+01
13.6500 1.065E+01
13.6667 1.063E+01
13.6833 1.062E+01
13.7000 1.060E+01
13.7167 1.059E+01
13.7333 1.058E+01
13.7500 1.056E+01
13.7667 1.054E+01
13.7833 1.053E+01
13.8000 1.051E+01
13.8167 1.049E+01
13.8333 1.047E+01
13.8500 1.045E+01
13.8667 1.044E+01
13.8833 1.042E+01
13.9000 1.040E+01
13.9167 1.037E+01
13.9333 1.035E+01
13.9500 1.033E+01
13.9667 1.031E+01
13.9833 1.029E+01
14.0000 1.026E+01
14.0167 1.024E+01
14.0333 1.022E+01
14.0500 1.019E+01
14.0667 1.017E+01
14.0833 1.014E+01
14.1000 1.012E+01
14.1167 1.009E+01
14.1333 1.006E+01
14.1500 1.004E+01
14.1667 1.001E+01
14.1833 9.982E+00
14.2000 9.954E+00
14.2167 9.925E+00
14.2333 9.896E+00
14.2500 9.867E+00
14.2667 9.837E+00
14.2833 9.807E+00
14.3000 9.776E+00
14.3167 9.744E+00
14.3333 9.713E+00
14.3500 9.681E+00
14.3667 9.649E+00
14.3833 9.616E+00
14.4000 9.583E+00
14.4167 9.549E+00
14.4333 9.516E+00
14.4500 9.481E+00
14.4667 9.447E+00
14.4833 9.412E+00
14.5000 9.376E+00
14.5167 9.341E+00
14.5333 9.305E+00
14.5500 9.269E+00
14.5667 9.232E+00
14.5833 9.192E+00
14.6000 9.156E+00
14.6167 9.119E+00
14.6333 9.081E+00
14.6500 9.041E+00
14.6667 9.004E+00
14.6833 8.965E+00
14.7000 8.926E+00
14.7167 8.886E+00
14.7333 8.846E+00
14.7500 8.804E+00
14.7667 8.765E+00
14.7833 8.724E+00
14.8000 8.683E+00
14.8167 8.642E+00
14.8333 8.600E+00
14.8500 8.558E+00
14.8667 8.515E+00
14.8833 8.473E+00
14.9000 8.430E+00
14.9167 8.387E+00
14.9333 8.344E+00
14.9500 8.300E+00
14.9667 8.256E+00
14.9833 8.212E+00
