11.0000 6.778E+00
11.0167 6.826E+00
11.0333 6.874E+00
11.0500 6.922E+00
11.0667 6.970E+00
11.0833 7.018E+00
11.1000 7.066E+00
11.1167 7.113E+00
11.1333 7.161E+00
11.1500 7.208E+00
11.1667 7.256E+00
11.1833 7.299E+00
11.2000 7.349E+00
11.2167 7.396E+00
11.2333 7.443E+00
11.2500 7.489E+00
11.2667 7.535E+00
11.2833 7.582E+00
11.3000 7.627E+00
11.3167 7.673E+00
11.3333 7.718E+00
11.3500 7.764E+00
11.3667 7.809E+00
11.3833 7.854E+00
11.4000 7.896E+00
11.4167 7.942E+00
11.4333 7.986E+00
11.4500 8.030E+00
11.4667 8.074E+00
11.4833 8.117E+00
11.5000 8.161E+00
11.5167 8.203E+00
11.5333 8.245E+00
11.5500 8.289E+00
11.5667 8.331E+00
11.5833 8.372E+00
11.6000 8.414E+00
11.6167 8.455E+00
11.6333 8.496E+00
11.6500 8.537E+00
11.6667 8.578E+00
11.6833 8.618E+00
11.7000 8.658E+00
11.7167 8.697E+00
11.7333 8.736E+00
11.7500 8.775E+00
11.7667 8.814E+00
11.7833 8.852E+00
11.8000 8.890E+00
11.8167 8.927E+00
11.8333 8.965E+00
11.8500 9.002E+00
11.8667 9.038E+00
11.8833 9.075E+00
11.9000 9.110E+00
11.9167 9.146E+00
11.9333 9.181E+00
11.9500 9.213E+00
11.9667 9.250E+00
11.9833 9.285E+00
12.0000 9.318E+00
12.0167 9.352E+00
12.0333 9.385E+00
12.0500 9.416E+00
12.0667 9.449E+00
12.0833 9.481E+00
12.1000 9.512E+00
12.1167 9.541E+00
12.1333 9.574E+00
12.1500 9.604E+00
12.1667 9.632E+00
12.1833 9.663E+00
12.2000 9.692E+00
12.2167 9.720E+00
12.2333 9.748E+00
12.2500 9.771E+00
12.2667 9.803E+00
12.2833 9.829E+00
12.3000 9.852E+00
12.3167 9.876E+00
12.3333 9.907E+00
12.3500 9.932E+00
12.3667 9.950E+00
12.3833 9.981E+00
12.4000 1.000E+01
12.4167 1.003E+01
12.4333 1.005E+01
12.4500 1.007E+01
12.4667 1.009E+01
12.4833 1.012E+01
12.5000 1.013E+01
12.5167 1.016E+01
12.5333 1.018E+01
12.5500 1.020E+01
12.5667 1.022E+01
12.5833 1.023E+01
12.6000 1.025E+01
12.6167 1.027E+01
12.6333 1.028E+01
12.6500 1.030E+01
12.6667 1.032E+01
12.6833 1.034E+01
12.7000 1.035E+01
12.7167 1.036E+01
12.7333 1.038E+01
12.7500 1.039E+01
12.7667 1.041E+01
12.7833 1.042E+01
12.8000 1.043E+01
12.8167 1.044E+01
12.8333 1.045E+01
12.8500 1.046E+01
12.8667 1.047E+01
12.8833 1.048E+01
12.9000 1.049E+01
12.9167 1.050E+01
12.9333 1.050E+01
12.9500 1.051E+01
12.9667 1.052E+01
12.9833 1.053E+01
13.0000 1.054E+01
13.0167 1.054E+01
13.0333 1.054E+01
13.0500 1.055E+01
13.0667 1.055E+01
13.0833 1.056E+01
13.1000 1.056E+01
13.1167 1.056E+01
13.1333 1.057E+01
13.1500 1.057E+01
13.1667 1.057E+01
13.1833 1.057E+01
13.2000 1.057E+01
13.2167 1.057E+01
13.2333 1.057E+01
13.2500 1.056E+01
13.2667 1.056E+01
13.2833 1.056E+01
13.3000 1.056E+01
13.3167 1.055E+01
13.3333 1.054E+01
13.3500 1.054E+01
13.3667 1.054E+01
13.3833 1.053E+01
13.4000 1.053E+01
13.4167 1.051E+01
13.4333 1.050E+01
13.4500 1.050E+01
13.4667 1.049E+01
13.4833 1.049E+01
13.5000 1.047E+01
13.5167 1.046E+01
13.5333 1.046E+01
13.5500 1.044E+01
13.5667 1.043E+01
13.5833 1.042E+01
13.6000 1.041E+01
13.6167 1.040E+01
13.6333 1.038E+01
13.6500 1.037E+01
13.6667 1.035E+01
13.6833 1.034E+01
13.7000 1.032E+01
13.7167 1.031E+01
13.7333 1.028E+01
13.7500 1.027E+01
13.7667 1.026E+01
13.7833 1.024E+01
13.8000 1.022E+01
13.8167 1.020E+01
13.8333 1.018E+01
13.8500 1.016E+01
13.8667 1.013E+01
13.8833 1.012E+01
13.9000 1.010E+01
13.9167 1.008E+01
13.9333 1.006E+01
13.9500 1.003E+01
13.9667 1.001E+01
13.9833 9.987E+00
14.0000 9.959E+00
14.0167 9.937E+00
14.0333 9.910E+00
14.0500 9.883E+00
14.0667 9.862E+00
14.0833 9.835E+00
14.1000 9.809E+00
14.1167 9.780E+00
14.1333 9.754E+00
14.1500 9.727E+00
14.1667 9.698E+00
14.1833 9.670E+00
14.2000 9.638E+00
14.2167 9.610E+00
14.2333 9.580E+00
14.2500 9.550E+00
14.2667 9.515E+00
14.2833 9.488E+00
14.3000 9.456E+00
14.3167 9.424E+00
14.3333 9.392E+00
14.3500 9.359E+00
14.3667 9.326E+00
14.3833 9.292E+00
14.4000 9.258E+00
14.4167 9.219E+00
14.4333 9.189E+00
14.4500 9.154E+00
14.4667 9.119E+00
14.4833 9.083E+00
14.5000 9.046E+00
14.5167 9.010E+00
14.5333 8.973E+00
14.5500 8.936E+00
14.5667 8.898E+00
14.5833 8.855E+00
14.6000 8.821E+00
14.6167 8.784E+00
14.6333 8.745E+00
14.6500 8.706E+00
14.6667 8.667E+00
14.6833 8.626E+00
14.7000 8.586E+00
14.7167 8.546E+00
14.7333 8.505E+00
14.7500 8.465E+00
14.7667 8.419E+00
14.7833 8.380E+00
14.8000 8.340E+00
14.8167 8.292E+00
14.8333 8.256E+00
14.8500 8.213E+00
14.8667 8.170E+00
14.8833 8.127E+00
14.9000 8.083E+00
14.9167 8.040E+00
14.9333 7.996E+00
14.9500 7.952E+00
14.9667 7.907E+00
14.9833 7.863E+00
