11.0000 6.002E+00
11.0167 6.045E+00
11.0333 6.088E+00
11.0500 6.131E+00
11.0667 6.173E+00
11.0833 6.216E+00
11.1000 6.258E+00
11.1167 6.300E+00
11.1333 6.343E+00
11.1500 6.385E+00
11.1667 6.427E+00
11.1833 6.469E+00
11.2000 6.510E+00
11.2167 6.549E+00
11.2333 6.593E+00
11.2500 6.634E+00
11.2667 6.675E+00
11.2833 6.716E+00
11.3000 6.756E+00
11.3167 6.797E+00
11.3333 6.837E+00
11.3500 6.878E+00
11.3667 6.918E+00
11.3833 6.956E+00
11.4000 6.994E+00
11.4167 7.036E+00
11.4333 7.075E+00
11.4500 7.114E+00
11.4667 7.153E+00
11.4833 7.192E+00
11.5000 7.230E+00
11.5167 7.268E+00
11.5333 7.303E+00
11.5500 7.343E+00
11.5667 7.380E+00
11.5833 7.412E+00
11.6000 7.455E+00
11.6167 7.491E+00
11.6333 7.526E+00
11.6500 7.564E+00
11.6667 7.600E+00
11.6833 7.634E+00
11.7000 7.670E+00
11.7167 7.705E+00
11.7333 7.740E+00
11.7500 7.771E+00
11.7667 7.807E+00
11.7833 7.843E+00
11.8000 7.876E+00
11.8167 7.910E+00
11.8333 7.943E+00
11.8500 7.975E+00
11.8667 8.007E+00
11.8833 8.040E+00
11.9000 8.071E+00
11.9167 8.103E+00
11.9333 8.133E+00
11.9500 8.165E+00
11.9667 8.195E+00
11.9833 8.225E+00
12.0000 8.255E+00
12.0167 8.285E+00
12.0333 8.314E+00
12.0500 8.342E+00
12.0667 8.371E+00
12.0833 8.399E+00
12.1000 8.426E+00
12.1167 8.454E+00
12.1333 8.481E+00
12.1500 8.507E+00
12.1667 8.533E+00
12.1833 8.558E+00
12.2000 8.585E+00
12.2167 8.610E+00
12.2333 8.634E+00
12.2500 8.659E+00
12.2667 8.683E+00
12.2833 8.700E+00
12.3000 8.730E+00
12.3167 8.753E+00
12.3333 8.775E+00
12.3500 8.797E+00
12.3667 8.818E+00
12.3833 8.840E+00
12.4000 8.853E+00
12.4167 8.881E+00
12.4333 8.901E+00
12.4500 8.920E+00
12.4667 8.939E+00
12.4833 8.958E+00
12.5000 8.976E+00
12.5167 8.993E+00
12.5333 9.012E+00
12.5500 9.029E+00
12.5667 9.045E+00
12.5833 9.062E+00
12.6000 9.077E+00
12.6167 9.092E+00
12.6333 9.107E+00
12.6500 9.122E+00
12.6667 9.134E+00
12.6833 9.149E+00
12.7000 9.161E+00
12.7167 9.169E+00
12.7333 9.187E+00
12.7500 9.193E+00
12.7667 9.210E+00
12.7833 9.221E+00
12.8000 9.231E+00
12.8167 9.242E+00
12.8333 9.251E+00
12.8500 9.260E+00
12.8667 9.269E+00
12.8833 9.277E+00
12.9000 9.285E+00
12.9167 9.292E+00
12.9333 9.299E+00
12.9500 9.305E+00
12.9667 9.311E+00
12.9833 9.317E+00
13.0000 9.321E+00
13.0167 9.326E+00
13.0333 9.330E+00
13.0500 9.334E+00
13.0667 9.337E+00
13.0833 9.339E+00
13.1000 9.341E+00
13.1167 9.343E+00
13.1333 9.344E+00
13.1500 9.345E+00
13.1667 9.346E+00
13.1833 9.345E+00
13.2000 9.345E+00
13.2167 9.344E+00
13.2333 9.342E+00
13.2500 9.340E+00
13.2667 9.338E+00
13.2833 9.335E+00
13.3000 9.332E+00
13.3167 9.328E+00
13.3333 9.324E+00
13.3500 9.319E+00
13.3667 9.313E+00
13.3833 9.308E+00
13.4000 9.302E+00
13.4167 9.295E+00
13.4333 9.288E+00
13.4500 9.281E+00
13.4667 9.273E+00
13.4833 9.264E+00
13.5000 9.255E+00
13.5167 9.246E+00
13.5333 9.236E+00
13.5500 9.226E+00
13.5667 9.215E+00
13.5833 9.203E+00
13.6000 9.190E+00
13.6167 9.180E+00
13.6333 9.164E+00
13.6500 9.155E+00
13.6667 9.135E+00
13.6833 9.128E+00
13.7000 9.114E+00
13.7167 9.099E+00
13.7333 9.084E+00
13.7500 9.069E+00
13.7667 9.053E+00
13.7833 9.036E+00
13.8000 9.020E+00
13.8167 9.002E+00
13.8333 8.979E+00
13.8500 8.966E+00
13.8667 8.948E+00
13.8833 8.929E+00
13.9000 8.910E+00
13.9167 8.890E+00
13.9333 8.869E+00
13.9500 8.849E+00
13.9667 8.828E+00
13.9833 8.807E+00
14.0000 8.785E+00
14.0167 8.762E+00
14.0333 8.740E+00
14.0500 8.717E+00
14.0667 8.693E+00
14.0833 8.667E+00
14.1000 8.644E+00
14.1167 8.616E+00
14.1333 8.596E+00
14.1500 8.571E+00
14.1667 8.540E+00
14.1833 8.519E+00
14.2000 8.493E+00
14.2167 8.466E+00
14.2333 8.437E+00
14.2500 8.411E+00
14.2667 8.384E+00
14.2833 8.355E+00
14.3000 8.324E+00
14.3167 8.298E+00
14.3333 8.268E+00
14.3500 8.239E+00
14.3667 8.209E+00
14.3833 8.179E+00
14.4000 8.148E+00
14.4167 8.117E+00
14.4333 8.084E+00
14.4500 8.054E+00
14.4667 8.022E+00
14.4833 7.990E+00
14.5000 7.957E+00
14.5167 7.924E+00
14.5333 7.891E+00
14.5500 7.856E+00
14.5667 7.824E+00
14.5833 7.790E+00
14.6000 7.753E+00
14.6167 7.721E+00
14.6333 7.686E+00
14.6500 7.651E+00
14.6667 7.616E+00
14.6833 7.580E+00
14.7000 7.544E+00
14.7167 7.507E+00
14.7333 7.471E+00
14.7500 7.434E+00
14.7667 7.397E+00
14.7833 7.359E+00
14.8000 7.321E+00
14.8167 7.285E+00
14.8333 7.247E+00
14.8500 7.209E+00
14.8667 7.170E+00
14.8833 7.132E+00
14.9000 7.093E+00
14.9167 7.054E+00
14.9333 7.014E+00
14.9500 6.975E+00
14.9667 6.935E+00
14.9833 6.895E+00
