11.0000 5.753E+00
11.0167 5.794E+00
11.0333 5.836E+00
11.0500 5.878E+00
11.0667 5.920E+00
11.0833 5.962E+00
11.1000 6.002E+00
11.1167 6.045E+00
11.1333 6.086E+00
11.1500 6.128E+00
11.1667 6.169E+00
11.1833 6.210E+00
11.2000 6.249E+00
11.2167 6.291E+00
11.2333 6.331E+00
11.2500 6.372E+00
11.2667 6.412E+00
11.2833 6.452E+00
11.3000 6.491E+00
11.3167 6.531E+00
11.3333 6.570E+00
11.3500 6.610E+00
11.3667 6.649E+00
11.3833 6.686E+00
11.4000 6.726E+00
11.4167 6.765E+00
11.4333 6.803E+00
11.4500 6.841E+00
11.4667 6.879E+00
11.4833 6.917E+00
11.5000 6.954E+00
11.5167 6.991E+00
11.5333 7.028E+00
11.5500 7.065E+00
11.5667 7.101E+00
11.5833 7.137E+00
11.6000 7.172E+00
11.6167 7.209E+00
11.6333 7.244E+00
11.6500 7.279E+00
11.6667 7.312E+00
11.6833 7.348E+00
11.7000 7.383E+00
11.7167 7.417E+00
11.7333 7.451E+00
11.7500 7.485E+00
11.7667 7.517E+00
11.7833 7.550E+00
11.8000 7.579E+00
11.8167 7.611E+00
11.8333 7.646E+00
11.8500 7.679E+00
11.8667 7.710E+00
11.8833 7.741E+00
11.9000 7.769E+00
11.9167 7.802E+00
11.9333 7.833E+00
11.9500 7.862E+00
11.9667 7.891E+00
11.9833 7.920E+00
12.0000 7.949E+00
12.0167 7.978E+00
12.0333 8.006E+00
12.0500 8.033E+00
12.0667 8.058E+00
12.0833 8.087E+00
12.1000 8.114E+00
12.1167 8.140E+00
12.1333 8.166E+00
12.1500 8.191E+00
12.1667 8.216E+00
12.1833 8.237E+00
12.2000 8.265E+00
12.2167 8.290E+00
12.2333 8.310E+00
12.2500 8.336E+00
12.2667 8.359E+00
12.2833 8.378E+00
12.3000 8.403E+00
12.3167 8.425E+00
12.3333 8.446E+00
12.3500 8.467E+00
12.3667 8.487E+00
12.3833 8.504E+00
12.4000 8.527E+00
12.4167 8.546E+00
12.4333 8.564E+00
12.4500 8.583E+00
12.4667 8.601E+00
12.4833 8.618E+00
12.5000 8.635E+00
12.5167 8.652E+00
12.5333 8.668E+00
12.5500 8.684E+00
12.5667 8.699E+00
12.5833 8.708E+00
12.6000 8.729E+00
12.6167 8.742E+00
12.6333 8.756E+00
12.6500 8.767E+00
12.6667 8.782E+00
12.6833 8.794E+00
12.7000 8.801E+00
12.7167 8.817E+00
12.7333 8.828E+00
12.7500 8.838E+00
12.7667 8.845E+00
12.7833 8.858E+00
12.8000 8.866E+00
12.8167 8.876E+00
12.8333 8.884E+00
12.8500 8.886E+00
12.8667 8.898E+00
12.8833 8.906E+00
12.9000 8.912E+00
12.9167 8.918E+00
12.9333 8.923E+00
12.9500 8.928E+00
12.9667 8.933E+00
12.9833 8.937E+00
13.0000 8.940E+00
13.0167 8.943E+00
13.0333 8.946E+00
13.0500 8.948E+00
13.0667 8.950E+00
13.0833 8.951E+00
13.1000 8.952E+00
13.1167 8.952E+00
13.1333 8.952E+00
13.1500 8.952E+00
13.1667 8.951E+00
13.1833 8.949E+00
13.2000 8.947E+00
13.2167 8.945E+00
13.2333 8.942E+00
13.2500 8.938E+00
13.2667 8.934E+00
13.2833 8.930E+00
13.3000 8.925E+00
13.3167 8.920E+00
13.3333 8.915E+00
13.3500 8.909E+00
13.3667 8.902E+00
13.3833 8.890E+00
13.4000 8.885E+00
13.4167 8.879E+00
13.4333 8.871E+00
13.4500 8.862E+00
13.4667 8.850E+00
13.4833 8.842E+00
13.5000 8.832E+00
13.5167 8.822E+00
13.5333 8.810E+00
13.5500 8.797E+00
13.5667 8.787E+00
13.5833 8.769E+00
13.6000 8.762E+00
13.6167 8.748E+00
13.6333 8.735E+00
13.6500 8.720E+00
13.6667 8.704E+00
13.6833 8.690E+00
13.7000 8.675E+00
13.7167 8.659E+00
13.7333 8.643E+00
13.7500 8.620E+00
13.7667 8.608E+00
13.7833 8.590E+00
13.8000 8.572E+00
13.8167 8.554E+00
13.8333 8.535E+00
13.8500 8.515E+00
13.8667 8.494E+00
13.8833 8.475E+00
13.9000 8.455E+00
13.9167 8.434E+00
13.9333 8.412E+00
13.9500 8.390E+00
13.9667 8.366E+00
13.9833 8.346E+00
14.0000 8.322E+00
14.0167 8.299E+00
14.0333 8.275E+00
14.0500 8.251E+00
14.0667 8.227E+00
14.0833 8.202E+00
14.1000 8.177E+00
14.1167 8.151E+00
14.1333 8.122E+00
14.1500 8.097E+00
14.1667 8.071E+00
14.1833 8.045E+00
14.2000 8.017E+00
14.2167 7.989E+00
14.2333 7.961E+00
14.2500 7.932E+00
14.2667 7.904E+00
14.2833 7.875E+00
14.3000 7.840E+00
14.3167 7.815E+00
14.3333 7.785E+00
14.3500 7.754E+00
14.3667 7.723E+00
14.3833 7.692E+00
14.4000 7.660E+00
14.4167 7.628E+00
14.4333 7.595E+00
14.4500 7.564E+00
14.4667 7.531E+00
14.4833 7.498E+00
14.5000 7.461E+00
14.5167 7.431E+00
14.5333 7.397E+00
14.5500 7.362E+00
14.5667 7.329E+00
14.5833 7.294E+00
14.6000 7.258E+00
14.6167 7.223E+00
14.6333 7.188E+00
14.6500 7.151E+00
14.6667 7.116E+00
14.6833 7.079E+00
14.7000 7.043E+00
14.7167 7.006E+00
14.7333 6.969E+00
14.7500 6.932E+00
14.7667 6.892E+00
14.7833 6.857E+00
14.8000 6.819E+00
14.8167 6.781E+00
14.8333 6.742E+00
14.8500 6.704E+00
14.8667 6.665E+00
14.8833 6.626E+00
14.9000 6.585E+00
14.9167 6.547E+00
14.9333 6.507E+00
14.9500 6.468E+00
14.9667 6.428E+00
14.9833 6.388E+00
