11.0000 3.978E+00
11.0167 4.008E+00
11.0333 4.038E+00
11.0500 4.068E+00
11.0667 4.097E+00
11.0833 4.127E+00
11.1000 4.156E+00
11.1167 4.186E+00
11.1333 4.215E+00
11.1500 4.244E+00
11.1667 4.274E+00
11.1833 4.303E+00
11.2000 4.332E+00
11.2167 4.361E+00
11.2333 4.390E+00
11.2500 4.418E+00
11.2667 4.447E+00
11.2833 4.475E+00
11.3000 4.503E+00
11.3167 4.530E+00
11.3333 4.559E+00
11.3500 4.587E+00
11.3667 4.615E+00
11.3833 4.642E+00
11.4000 4.669E+00
11.4167 4.696E+00
11.4333 4.724E+00
11.4500 4.751E+00
11.4667 4.778E+00
11.4833 4.804E+00
11.5000 4.830E+00
11.5167 4.857E+00
11.5333 4.883E+00
11.5500 4.909E+00
11.5667 4.933E+00
11.5833 4.960E+00
11.6000 4.985E+00
11.6167 5.010E+00
11.6333 5.035E+00
11.6500 5.060E+00
11.6667 5.084E+00
11.6833 5.108E+00
11.7000 5.132E+00
11.7167 5.156E+00
11.7333 5.179E+00
11.7500 5.204E+00
11.7667 5.227E+00
11.7833 5.249E+00
11.8000 5.272E+00
11.8167 5.295E+00
11.8333 5.317E+00
11.8500 5.340E+00
11.8667 5.361E+00
11.8833 5.383E+00
11.9000 5.404E+00
11.9167 5.425E+00
11.9333 5.446E+00
11.9500 5.465E+00
11.9667 5.485E+00
11.9833 5.507E+00
12.0000 5.527E+00
12.0167 5.544E+00
12.0333 5.566E+00
12.0500 5.585E+00
12.0667 5.603E+00
12.0833 5.622E+00
12.1000 5.641E+00
12.1167 5.659E+00
12.1333 5.675E+00
12.1500 5.693E+00
12.1667 5.711E+00
12.1833 5.727E+00
12.2000 5.744E+00
12.2167 5.760E+00
12.2333 5.777E+00
12.2500 5.789E+00
12.2667 5.807E+00
12.2833 5.823E+00
12.3000 5.837E+00
12.3167 5.852E+00
12.3333 5.865E+00
12.3500 5.880E+00
12.3667 5.893E+00
12.3833 5.907E+00
12.4000 5.920E+00
12.4167 5.932E+00
12.4333 5.945E+00
12.4500 5.956E+00
12.4667 5.968E+00
12.4833 5.980E+00
12.5000 5.991E+00
12.5167 6.001E+00
12.5333 6.011E+00
12.5500 6.022E+00
12.5667 6.032E+00
12.5833 6.041E+00
12.6000 6.051E+00
12.6167 6.059E+00
12.6333 6.067E+00
12.6500 6.076E+00
12.6667 6.084E+00
12.6833 6.091E+00
12.7000 6.099E+00
12.7167 6.104E+00
12.7333 6.112E+00
12.7500 6.118E+00
12.7667 6.122E+00
12.7833 6.129E+00
12.8000 6.134E+00
12.8167 6.134E+00
12.8333 6.143E+00
12.8500 6.148E+00
12.8667 6.152E+00
12.8833 6.153E+00
12.9000 6.155E+00
12.9167 6.160E+00
12.9333 6.163E+00
12.9500 6.165E+00
12.9667 6.167E+00
12.9833 6.169E+00
13.0000 6.169E+00
13.0167 6.170E+00
13.0333 6.171E+00
13.0500 6.171E+00
13.0667 6.171E+00
13.0833 6.170E+00
13.1000 6.169E+00
13.1167 6.167E+00
13.1333 6.166E+00
13.1500 6.164E+00
13.1667 6.161E+00
13.1833 6.156E+00
13.2000 6.153E+00
13.2167 6.152E+00
13.2333 6.148E+00
13.2500 6.144E+00
13.2667 6.135E+00
13.2833 6.135E+00
13.3000 6.130E+00
13.3167 6.124E+00
13.3333 6.118E+00
13.3500 6.113E+00
13.3667 6.106E+00
13.3833 6.099E+00
13.4000 6.093E+00
13.4167 6.085E+00
13.4333 6.077E+00
13.4500 6.067E+00
13.4667 6.061E+00
13.4833 6.052E+00
13.5000 6.041E+00
13.5167 6.034E+00
13.5333 6.024E+00
13.5500 6.014E+00
13.5667 6.003E+00
13.5833 5.992E+00
13.6000 5.982E+00
13.6167 5.970E+00
13.6333 5.959E+00
13.6500 5.947E+00
13.6667 5.934E+00
13.6833 5.922E+00
13.7000 5.909E+00
13.7167 5.896E+00
13.7333 5.882E+00
13.7500 5.868E+00
13.7667 5.854E+00
13.7833 5.840E+00
13.8000 5.825E+00
13.8167 5.810E+00
13.8333 5.793E+00
13.8500 5.779E+00
13.8667 5.763E+00
13.8833 5.747E+00
13.9000 5.730E+00
13.9167 5.714E+00
13.9333 5.696E+00
13.9500 5.677E+00
13.9667 5.661E+00
13.9833 5.644E+00
14.0000 5.624E+00
14.0167 5.606E+00
14.0333 5.588E+00
14.0500 5.569E+00
14.0667 5.548E+00
14.0833 5.530E+00
14.1000 5.511E+00
14.1167 5.490E+00
14.1333 5.470E+00
14.1500 5.449E+00
14.1667 5.426E+00
14.1833 5.408E+00
14.2000 5.387E+00
14.2167 5.365E+00
14.2333 5.343E+00
14.2500 5.321E+00
14.2667 5.299E+00
14.2833 5.276E+00
14.3000 5.253E+00
14.3167 5.230E+00
14.3333 5.207E+00
14.3500 5.182E+00
14.3667 5.154E+00
14.3833 5.136E+00
14.4000 5.112E+00
14.4167 5.088E+00
14.4333 5.064E+00
14.4500 5.039E+00
14.4667 5.013E+00
14.4833 4.989E+00
14.5000 4.964E+00
14.5167 4.937E+00
14.5333 4.913E+00
14.5500 4.887E+00
14.5667 4.861E+00
14.5833 4.833E+00
14.6000 4.808E+00
14.6167 4.780E+00
14.6333 4.755E+00
14.6500 4.728E+00
14.6667 4.701E+00
14.6833 4.674E+00
14.7000 4.646E+00
14.7167 4.619E+00
14.7333 4.591E+00
14.7500 4.564E+00
14.7667 4.536E+00
14.7833 4.508E+00
14.8000 4.479E+00
14.8167 4.451E+00
14.8333 4.423E+00
14.8500 4.394E+00
14.8667 4.366E+00
14.8833 4.337E+00
14.9000 4.308E+00
14.9167 4.279E+00
14.9333 4.250E+00
14.9500 4.220E+00
14.9667 4.191E+00
14.9833 4.161E+00
