11.0000 3.884E+00
11.0167 3.914E+00
11.0333 3.944E+00
11.0500 3.974E+00
11.0667 4.004E+00
11.0833 4.033E+00
11.1000 4.063E+00
11.1167 4.092E+00
11.1333 4.122E+00
11.1500 4.151E+00
11.1667 4.180E+00
11.1833 4.209E+00
11.2000 4.238E+00
11.2167 4.267E+00
11.2333 4.296E+00
11.2500 4.325E+00
11.2667 4.353E+00
11.2833 4.382E+00
11.3000 4.410E+00
11.3167 4.437E+00
11.3333 4.466E+00
11.3500 4.494E+00
11.3667 4.521E+00
11.3833 4.549E+00
11.4000 4.575E+00
11.4167 4.603E+00
11.4333 4.628E+00
11.4500 4.656E+00
11.4667 4.684E+00
11.4833 4.711E+00
11.5000 4.737E+00
11.5167 4.763E+00
11.5333 4.789E+00
11.5500 4.815E+00
11.5667 4.841E+00
11.5833 4.866E+00
11.6000 4.892E+00
11.6167 4.917E+00
11.6333 4.942E+00
11.6500 4.966E+00
11.6667 4.990E+00
11.6833 5.015E+00
11.7000 5.039E+00
11.7167 5.063E+00
11.7333 5.086E+00
11.7500 5.110E+00
11.7667 5.132E+00
11.7833 5.156E+00
11.8000 5.178E+00
11.8167 5.201E+00
11.8333 5.223E+00
11.8500 5.245E+00
11.8667 5.267E+00
11.8833 5.288E+00
11.9000 5.310E+00
11.9167 5.331E+00
11.9333 5.351E+00
11.9500 5.371E+00
11.9667 5.392E+00
11.9833 5.412E+00
12.0000 5.430E+00
12.0167 5.450E+00
12.0333 5.470E+00
12.0500 5.489E+00
12.0667 5.508E+00
12.0833 5.526E+00
12.1000 5.544E+00
12.1167 5.562E+00
12.1333 5.580E+00
12.1500 5.597E+00
12.1667 5.614E+00
12.1833 5.630E+00
12.2000 5.647E+00
12.2167 5.662E+00
12.2333 5.679E+00
12.2500 5.694E+00
12.2667 5.709E+00
12.2833 5.723E+00
12.3000 5.738E+00
12.3167 5.753E+00
12.3333 5.767E+00
12.3500 5.780E+00
12.3667 5.793E+00
12.3833 5.806E+00
12.4000 5.819E+00
12.4167 5.831E+00
12.4333 5.844E+00
12.4500 5.855E+00
12.4667 5.866E+00
12.4833 5.878E+00
12.5000 5.889E+00
12.5167 5.897E+00
12.5333 5.909E+00
12.5500 5.919E+00
12.5667 5.928E+00
12.5833 5.937E+00
12.6000 5.946E+00
12.6167 5.954E+00
12.6333 5.962E+00
12.6500 5.970E+00
12.6667 5.978E+00
12.6833 5.985E+00
12.7000 5.992E+00
12.7167 5.998E+00
12.7333 6.003E+00
12.7500 6.010E+00
12.7667 6.015E+00
12.7833 6.019E+00
12.8000 6.024E+00
12.8167 6.029E+00
12.8333 6.033E+00
12.8500 6.037E+00
12.8667 6.040E+00
12.8833 6.043E+00
12.9000 6.045E+00
12.9167 6.046E+00
12.9333 6.048E+00
12.9500 6.050E+00
12.9667 6.052E+00
12.9833 6.053E+00
13.0000 6.054E+00
13.0167 6.054E+00
13.0333 6.054E+00
13.0500 6.053E+00
13.0667 6.052E+00
13.0833 6.050E+00
13.1000 6.048E+00
13.1167 6.046E+00
13.1333 6.045E+00
13.1500 6.043E+00
13.1667 6.040E+00
13.1833 6.036E+00
13.2000 6.033E+00
13.2167 6.029E+00
13.2333 6.024E+00
13.2500 6.019E+00
13.2667 6.014E+00
13.2833 6.009E+00
13.3000 6.003E+00
13.3167 5.997E+00
13.3333 5.991E+00
13.3500 5.984E+00
13.3667 5.977E+00
13.3833 5.970E+00
13.4000 5.962E+00
13.4167 5.954E+00
13.4333 5.945E+00
13.4500 5.937E+00
13.4667 5.926E+00
13.4833 5.918E+00
13.5000 5.908E+00
13.5167 5.896E+00
13.5333 5.888E+00
13.5500 5.877E+00
13.5667 5.865E+00
13.5833 5.855E+00
13.6000 5.843E+00
13.6167 5.830E+00
13.6333 5.819E+00
13.6500 5.806E+00
13.6667 5.792E+00
13.6833 5.779E+00
13.7000 5.766E+00
13.7167 5.752E+00
13.7333 5.737E+00
13.7500 5.721E+00
13.7667 5.708E+00
13.7833 5.693E+00
13.8000 5.678E+00
13.8167 5.662E+00
13.8333 5.646E+00
13.8500 5.629E+00
13.8667 5.613E+00
13.8833 5.596E+00
13.9000 5.579E+00
13.9167 5.561E+00
13.9333 5.543E+00
13.9500 5.525E+00
13.9667 5.507E+00
13.9833 5.488E+00
14.0000 5.469E+00
14.0167 5.448E+00
14.0333 5.430E+00
14.0500 5.411E+00
14.0667 5.390E+00
14.0833 5.370E+00
14.1000 5.350E+00
14.1167 5.329E+00
14.1333 5.308E+00
14.1500 5.287E+00
14.1667 5.265E+00
14.1833 5.244E+00
14.2000 5.222E+00
14.2167 5.199E+00
14.2333 5.176E+00
14.2500 5.154E+00
14.2667 5.131E+00
14.2833 5.108E+00
14.3000 5.085E+00
14.3167 5.061E+00
14.3333 5.037E+00
14.3500 5.013E+00
14.3667 4.988E+00
14.3833 4.965E+00
14.4000 4.940E+00
14.4167 4.915E+00
14.4333 4.890E+00
14.4500 4.865E+00
14.4667 4.838E+00
14.4833 4.814E+00
14.5000 4.787E+00
14.5167 4.761E+00
14.5333 4.735E+00
14.5500 4.709E+00
14.5667 4.682E+00
14.5833 4.655E+00
14.6000 4.628E+00
14.6167 4.601E+00
14.6333 4.573E+00
14.6500 4.547E+00
14.6667 4.519E+00
14.6833 4.492E+00
14.7000 4.464E+00
14.7167 4.436E+00
14.7333 4.408E+00
14.7500 4.380E+00
14.7667 4.351E+00
14.7833 4.323E+00
14.8000 4.294E+00
14.8167 4.265E+00
14.8333 4.236E+00
14.8500 4.207E+00
14.8667 4.178E+00
14.8833 4.149E+00
14.9000 4.120E+00
14.9167 4.090E+00
14.9333 4.061E+00
14.9500 4.031E+00
14.9667 4.001E+00
14.9833 3.972E+00
