11.0000 4.733E+00
11.0167 4.767E+00
11.0333 4.802E+00
11.0500 4.836E+00
11.0667 4.873E+00
11.0833 4.907E+00
11.1000 4.942E+00
11.1167 4.976E+00
11.1333 5.011E+00
11.1500 5.045E+00
11.1667 5.079E+00
11.1833 5.114E+00
11.2000 5.148E+00
11.2167 5.181E+00
11.2333 5.215E+00
11.2500 5.249E+00
11.2667 5.282E+00
11.2833 5.316E+00
11.3000 5.349E+00
11.3167 5.382E+00
11.3333 5.415E+00
11.3500 5.447E+00
11.3667 5.480E+00
11.3833 5.512E+00
11.4000 5.544E+00
11.4167 5.573E+00
11.4333 5.608E+00
11.4500 5.640E+00
11.4667 5.671E+00
11.4833 5.703E+00
11.5000 5.733E+00
11.5167 5.764E+00
11.5333 5.795E+00
11.5500 5.825E+00
11.5667 5.856E+00
11.5833 5.883E+00
11.6000 5.915E+00
11.6167 5.945E+00
11.6333 5.975E+00
11.6500 6.004E+00
11.6667 6.032E+00
11.6833 6.061E+00
11.7000 6.089E+00
11.7167 6.118E+00
11.7333 6.146E+00
11.7500 6.168E+00
11.7667 6.201E+00
11.7833 6.227E+00
11.8000 6.254E+00
11.8167 6.282E+00
11.8333 6.308E+00
11.8500 6.334E+00
11.8667 6.360E+00
11.8833 6.384E+00
11.9000 6.411E+00
11.9167 6.435E+00
11.9333 6.461E+00
11.9500 6.485E+00
11.9667 6.509E+00
11.9833 6.530E+00
12.0000 6.557E+00
12.0167 6.580E+00
12.0333 6.602E+00
12.0500 6.625E+00
12.0667 6.648E+00
12.0833 6.670E+00
12.1000 6.692E+00
12.1167 6.713E+00
12.1333 6.734E+00
12.1500 6.752E+00
12.1667 6.775E+00
12.1833 6.796E+00
12.2000 6.816E+00
12.2167 6.835E+00
12.2333 6.852E+00
12.2500 6.871E+00
12.2667 6.891E+00
12.2833 6.910E+00
12.3000 6.927E+00
12.3167 6.945E+00
12.3333 6.962E+00
12.3500 6.979E+00
12.3667 6.995E+00
12.3833 7.008E+00
12.4000 7.027E+00
12.4167 7.042E+00
12.4333 7.057E+00
12.4500 7.071E+00
12.4667 7.086E+00
12.4833 7.099E+00
12.5000 7.110E+00
12.5167 7.126E+00
12.5333 7.139E+00
12.5500 7.151E+00
12.5667 7.164E+00
12.5833 7.176E+00
12.6000 7.187E+00
12.6167 7.198E+00
12.6333 7.208E+00
12.6500 7.219E+00
12.6667 7.228E+00
12.6833 7.238E+00
12.7000 7.247E+00
12.7167 7.255E+00
12.7333 7.263E+00
12.7500 7.271E+00
12.7667 7.279E+00
12.7833 7.286E+00
12.8000 7.293E+00
12.8167 7.297E+00
12.8333 7.303E+00
12.8500 7.311E+00
12.8667 7.316E+00
12.8833 7.319E+00
12.9000 7.324E+00
12.9167 7.329E+00
12.9333 7.333E+00
12.9500 7.336E+00
12.9667 7.339E+00
12.9833 7.341E+00
13.0000 7.343E+00
13.0167 7.345E+00
13.0333 7.346E+00
13.0500 7.347E+00
13.0667 7.347E+00
13.0833 7.347E+00
13.1000 7.347E+00
13.1167 7.346E+00
13.1333 7.345E+00
13.1500 7.344E+00
13.1667 7.342E+00
13.1833 7.339E+00
13.2000 7.336E+00
13.2167 7.333E+00
13.2333 7.330E+00
13.2500 7.326E+00
13.2667 7.320E+00
13.2833 7.316E+00
13.3000 7.312E+00
13.3167 7.305E+00
13.3333 7.297E+00
13.3500 7.295E+00
13.3667 7.288E+00
13.3833 7.280E+00
13.4000 7.273E+00
13.4167 7.264E+00
13.4333 7.257E+00
13.4500 7.249E+00
13.4667 7.240E+00
13.4833 7.230E+00
13.5000 7.221E+00
13.5167 7.211E+00
13.5333 7.200E+00
13.5500 7.189E+00
13.5667 7.178E+00
13.5833 7.166E+00
13.6000 7.155E+00
13.6167 7.142E+00
13.6333 7.129E+00
13.6500 7.114E+00
13.6667 7.103E+00
13.6833 7.089E+00
13.7000 7.072E+00
13.7167 7.060E+00
13.7333 7.046E+00
13.7500 7.030E+00
13.7667 7.011E+00
13.7833 6.999E+00
13.8000 6.982E+00
13.8167 6.966E+00
13.8333 6.948E+00
13.8500 6.931E+00
13.8667 6.913E+00
13.8833 6.895E+00
13.9000 6.873E+00
13.9167 6.857E+00
13.9333 6.839E+00
13.9500 6.820E+00
13.9667 6.800E+00
13.9833 6.780E+00
14.0000 6.760E+00
14.0167 6.739E+00
14.0333 6.718E+00
14.0500 6.696E+00
14.0667 6.675E+00
14.0833 6.652E+00
14.1000 6.631E+00
14.1167 6.608E+00
14.1333 6.585E+00
14.1500 6.557E+00
14.1667 6.538E+00
14.1833 6.515E+00
14.2000 6.490E+00
14.2167 6.466E+00
14.2333 6.441E+00
14.2500 6.416E+00
14.2667 6.391E+00
14.2833 6.366E+00
14.3000 6.339E+00
14.3167 6.314E+00
14.3333 6.287E+00
14.3500 6.261E+00
14.3667 6.234E+00
14.3833 6.207E+00
14.4000 6.179E+00
14.4167 6.152E+00
14.4333 6.123E+00
14.4500 6.096E+00
14.4667 6.066E+00
14.4833 6.039E+00
14.5000 6.009E+00
14.5167 5.978E+00
14.5333 5.951E+00
14.5500 5.922E+00
14.5667 5.892E+00
14.5833 5.862E+00
14.6000 5.832E+00
14.6167 5.802E+00
14.6333 5.771E+00
14.6500 5.740E+00
14.6667 5.709E+00
14.6833 5.678E+00
14.7000 5.646E+00
14.7167 5.615E+00
14.7333 5.583E+00
14.7500 5.547E+00
14.7667 5.518E+00
14.7833 5.486E+00
14.8000 5.454E+00
14.8167 5.421E+00
14.8333 5.387E+00
14.8500 5.356E+00
14.8667 5.323E+00
14.8833 5.289E+00
14.9000 5.255E+00
14.9167 5.223E+00
14.9333 5.189E+00
14.9500 5.155E+00
14.9667 5.121E+00
14.9833 5.086E+00
