11.0000 3.908E+00
11.0167 3.938E+00
11.0333 3.968E+00
11.0500 3.998E+00
11.0667 4.028E+00
11.0833 4.058E+00
11.1000 4.088E+00
11.1167 4.117E+00
11.1333 4.146E+00
11.1500 4.176E+00
11.1667 4.205E+00
11.1833 4.235E+00
11.2000 4.263E+00
11.2167 4.292E+00
11.2333 4.320E+00
11.2500 4.348E+00
11.2667 4.378E+00
11.2833 4.407E+00
11.3000 4.435E+00
11.3167 4.464E+00
11.3333 4.491E+00
11.3500 4.520E+00
11.3667 4.547E+00
11.3833 4.575E+00
11.4000 4.602E+00
11.4167 4.630E+00
11.4333 4.657E+00
11.4500 4.684E+00
11.4667 4.711E+00
11.4833 4.738E+00
11.5000 4.764E+00
11.5167 4.788E+00
11.5333 4.816E+00
11.5500 4.841E+00
11.5667 4.868E+00
11.5833 4.892E+00
11.6000 4.919E+00
11.6167 4.944E+00
11.6333 4.969E+00
11.6500 4.994E+00
11.6667 5.018E+00
11.6833 5.043E+00
11.7000 5.066E+00
11.7167 5.091E+00
11.7333 5.114E+00
11.7500 5.138E+00
11.7667 5.161E+00
11.7833 5.184E+00
11.8000 5.207E+00
11.8167 5.229E+00
11.8333 5.252E+00
11.8500 5.274E+00
11.8667 5.295E+00
11.8833 5.315E+00
11.9000 5.336E+00
11.9167 5.360E+00
11.9333 5.380E+00
11.9500 5.401E+00
11.9667 5.421E+00
11.9833 5.441E+00
12.0000 5.461E+00
12.0167 5.481E+00
12.0333 5.500E+00
12.0500 5.519E+00
12.0667 5.537E+00
12.0833 5.555E+00
12.1000 5.574E+00
12.1167 5.591E+00
12.1333 5.610E+00
12.1500 5.626E+00
12.1667 5.643E+00
12.1833 5.660E+00
12.2000 5.677E+00
12.2167 5.693E+00
12.2333 5.709E+00
12.2500 5.724E+00
12.2667 5.740E+00
12.2833 5.754E+00
12.3000 5.769E+00
12.3167 5.784E+00
12.3333 5.797E+00
12.3500 5.811E+00
12.3667 5.824E+00
12.3833 5.837E+00
12.4000 5.847E+00
12.4167 5.863E+00
12.4333 5.875E+00
12.4500 5.886E+00
12.4667 5.898E+00
12.4833 5.909E+00
12.5000 5.920E+00
12.5167 5.930E+00
12.5333 5.940E+00
12.5500 5.950E+00
12.5667 5.960E+00
12.5833 5.968E+00
12.6000 5.978E+00
12.6167 5.986E+00
12.6333 5.994E+00
12.6500 6.002E+00
12.6667 6.010E+00
12.6833 6.017E+00
12.7000 6.024E+00
12.7167 6.030E+00
12.7333 6.036E+00
12.7500 6.042E+00
12.7667 6.048E+00
12.7833 6.053E+00
12.8000 6.057E+00
12.8167 6.062E+00
12.8333 6.066E+00
12.8500 6.070E+00
12.8667 6.071E+00
12.8833 6.075E+00
12.9000 6.078E+00
12.9167 6.081E+00
12.9333 6.083E+00
12.9500 6.085E+00
12.9667 6.086E+00
12.9833 6.087E+00
13.0000 6.087E+00
13.0167 6.087E+00
13.0333 6.087E+00
13.0500 6.087E+00
13.0667 6.086E+00
13.0833 6.085E+00
13.1000 6.083E+00
13.1167 6.081E+00
13.1333 6.079E+00
13.1500 6.077E+00
13.1667 6.072E+00
13.1833 6.070E+00
13.2000 6.067E+00
13.2167 6.063E+00
13.2333 6.059E+00
13.2500 6.054E+00
13.2667 6.049E+00
13.2833 6.044E+00
13.3000 6.038E+00
13.3167 6.032E+00
13.3333 6.026E+00
13.3500 6.019E+00
13.3667 6.012E+00
13.3833 6.004E+00
13.4000 5.996E+00
13.4167 5.989E+00
13.4333 5.980E+00
13.4500 5.970E+00
13.4667 5.962E+00
13.4833 5.953E+00
13.5000 5.942E+00
13.5167 5.933E+00
13.5333 5.923E+00
13.5500 5.912E+00
13.5667 5.901E+00
13.5833 5.890E+00
13.6000 5.878E+00
13.6167 5.866E+00
13.6333 5.854E+00
13.6500 5.840E+00
13.6667 5.828E+00
13.6833 5.815E+00
13.7000 5.801E+00
13.7167 5.787E+00
13.7333 5.773E+00
13.7500 5.758E+00
13.7667 5.744E+00
13.7833 5.729E+00
13.8000 5.713E+00
13.8167 5.698E+00
13.8333 5.681E+00
13.8500 5.663E+00
13.8667 5.645E+00
13.8833 5.632E+00
13.9000 5.615E+00
13.9167 5.597E+00
13.9333 5.579E+00
13.9500 5.561E+00
13.9667 5.543E+00
13.9833 5.524E+00
14.0000 5.505E+00
14.0167 5.486E+00
14.0333 5.467E+00
14.0500 5.446E+00
14.0667 5.426E+00
14.0833 5.407E+00
14.1000 5.386E+00
14.1167 5.364E+00
14.1333 5.344E+00
14.1500 5.322E+00
14.1667 5.302E+00
14.1833 5.280E+00
14.2000 5.257E+00
14.2167 5.236E+00
14.2333 5.213E+00
14.2500 5.188E+00
14.2667 5.167E+00
14.2833 5.145E+00
14.3000 5.121E+00
14.3167 5.097E+00
14.3333 5.072E+00
14.3500 5.050E+00
14.3667 5.025E+00
14.3833 5.001E+00
14.4000 4.973E+00
14.4167 4.950E+00
14.4333 4.926E+00
14.4500 4.901E+00
14.4667 4.875E+00
14.4833 4.850E+00
14.5000 4.823E+00
14.5167 4.798E+00
14.5333 4.771E+00
14.5500 4.745E+00
14.5667 4.718E+00
14.5833 4.691E+00
14.6000 4.665E+00
14.6167 4.637E+00
14.6333 4.610E+00
14.6500 4.583E+00
14.6667 4.555E+00
14.6833 4.527E+00
14.7000 4.500E+00
14.7167 4.471E+00
14.7333 4.444E+00
14.7500 4.415E+00
14.7667 4.387E+00
14.7833 4.358E+00
14.8000 4.330E+00
14.8167 4.300E+00
14.8333 4.272E+00
14.8500 4.243E+00
14.8667 4.214E+00
14.8833 4.184E+00
14.9000 4.155E+00
14.9167 4.126E+00
14.9333 4.096E+00
14.9500 4.066E+00
14.9667 4.037E+00
14.9833 4.007E+00
