11.0000 5.489E+00
11.0167 5.529E+00
11.0333 5.569E+00
11.0500 5.609E+00
11.0667 5.649E+00
11.0833 5.690E+00
11.1000 5.730E+00
11.1167 5.769E+00
11.1333 5.809E+00
11.1500 5.849E+00
11.1667 5.888E+00
11.1833 5.927E+00
11.2000 5.966E+00
11.2167 6.004E+00
11.2333 6.044E+00
11.2500 6.083E+00
11.2667 6.121E+00
11.2833 6.160E+00
11.3000 6.195E+00
11.3167 6.236E+00
11.3333 6.273E+00
11.3500 6.311E+00
11.3667 6.349E+00
11.3833 6.386E+00
11.4000 6.417E+00
11.4167 6.460E+00
11.4333 6.496E+00
11.4500 6.533E+00
11.4667 6.569E+00
11.4833 6.605E+00
11.5000 6.641E+00
11.5167 6.676E+00
11.5333 6.712E+00
11.5500 6.740E+00
11.5667 6.782E+00
11.5833 6.816E+00
11.6000 6.851E+00
11.6167 6.884E+00
11.6333 6.919E+00
11.6500 6.953E+00
11.6667 6.985E+00
11.6833 7.019E+00
11.7000 7.052E+00
11.7167 7.084E+00
11.7333 7.117E+00
11.7500 7.147E+00
11.7667 7.180E+00
11.7833 7.212E+00
11.8000 7.243E+00
11.8167 7.270E+00
11.8333 7.305E+00
11.8500 7.335E+00
11.8667 7.365E+00
11.8833 7.391E+00
11.9000 7.424E+00
11.9167 7.453E+00
11.9333 7.481E+00
11.9500 7.507E+00
11.9667 7.536E+00
11.9833 7.565E+00
12.0000 7.593E+00
12.0167 7.620E+00
12.0333 7.647E+00
12.0500 7.673E+00
12.0667 7.697E+00
12.0833 7.725E+00
12.1000 7.750E+00
12.1167 7.775E+00
12.1333 7.800E+00
12.1500 7.823E+00
12.1667 7.847E+00
12.1833 7.871E+00
12.2000 7.894E+00
12.2167 7.917E+00
12.2333 7.940E+00
12.2500 7.961E+00
12.2667 7.981E+00
12.2833 8.005E+00
12.3000 8.020E+00
12.3167 8.044E+00
12.3333 8.066E+00
12.3500 8.085E+00
12.3667 8.105E+00
12.3833 8.124E+00
12.4000 8.143E+00
12.4167 8.158E+00
12.4333 8.178E+00
12.4500 8.195E+00
12.4667 8.212E+00
12.4833 8.228E+00
12.5000 8.244E+00
12.5167 8.260E+00
12.5333 8.276E+00
12.5500 8.287E+00
12.5667 8.305E+00
12.5833 8.319E+00
12.6000 8.333E+00
12.6167 8.346E+00
12.6333 8.358E+00
12.6500 8.371E+00
12.6667 8.383E+00
12.6833 8.393E+00
12.7000 8.405E+00
12.7167 8.411E+00
12.7333 8.423E+00
12.7500 8.435E+00
12.7667 8.445E+00
12.7833 8.454E+00
12.8000 8.462E+00
12.8167 8.470E+00
12.8333 8.477E+00
12.8500 8.484E+00
12.8667 8.491E+00
12.8833 8.497E+00
12.9000 8.502E+00
12.9167 8.508E+00
12.9333 8.513E+00
12.9500 8.518E+00
12.9667 8.522E+00
12.9833 8.525E+00
13.0000 8.528E+00
13.0167 8.531E+00
13.0333 8.533E+00
13.0500 8.534E+00
13.0667 8.536E+00
13.0833 8.536E+00
13.1000 8.536E+00
13.1167 8.536E+00
13.1333 8.536E+00
13.1500 8.535E+00
13.1667 8.534E+00
13.1833 8.532E+00
13.2000 8.530E+00
13.2167 8.527E+00
13.2333 8.524E+00
13.2500 8.520E+00
13.2667 8.516E+00
13.2833 8.511E+00
13.3000 8.506E+00
13.3167 8.501E+00
13.3333 8.495E+00
13.3500 8.489E+00
13.3667 8.482E+00
13.3833 8.475E+00
13.4000 8.467E+00
13.4167 8.459E+00
13.4333 8.451E+00
13.4500 8.442E+00
13.4667 8.430E+00
13.4833 8.418E+00
13.5000 8.411E+00
13.5167 8.401E+00
13.5333 8.390E+00
13.5500 8.378E+00
13.5667 8.366E+00
13.5833 8.354E+00
13.6000 8.341E+00
13.6167 8.328E+00
13.6333 8.314E+00
13.6500 8.296E+00
13.6667 8.285E+00
13.6833 8.270E+00
13.7000 8.255E+00
13.7167 8.239E+00
13.7333 8.223E+00
13.7500 8.206E+00
13.7667 8.187E+00
13.7833 8.172E+00
13.8000 8.154E+00
13.8167 8.136E+00
13.8333 8.116E+00
13.8500 8.098E+00
13.8667 8.078E+00
13.8833 8.059E+00
13.9000 8.039E+00
13.9167 8.018E+00
13.9333 7.996E+00
13.9500 7.975E+00
13.9667 7.954E+00
13.9833 7.931E+00
14.0000 7.909E+00
14.0167 7.886E+00
14.0333 7.862E+00
14.0500 7.839E+00
14.0667 7.815E+00
14.0833 7.790E+00
14.1000 7.764E+00
14.1167 7.741E+00
14.1333 7.715E+00
14.1500 7.689E+00
14.1667 7.663E+00
14.1833 7.637E+00
14.2000 7.610E+00
14.2167 7.583E+00
14.2333 7.555E+00
14.2500 7.527E+00
14.2667 7.499E+00
14.2833 7.471E+00
14.3000 7.442E+00
14.3167 7.413E+00
14.3333 7.383E+00
14.3500 7.354E+00
14.3667 7.324E+00
14.3833 7.291E+00
14.4000 7.262E+00
14.4167 7.230E+00
14.4333 7.200E+00
14.4500 7.169E+00
14.4667 7.137E+00
14.4833 7.105E+00
14.5000 7.072E+00
14.5167 7.040E+00
14.5333 7.007E+00
14.5500 6.974E+00
14.5667 6.940E+00
14.5833 6.906E+00
14.6000 6.872E+00
14.6167 6.838E+00
14.6333 6.804E+00
14.6500 6.769E+00
14.6667 6.734E+00
14.6833 6.699E+00
14.7000 6.663E+00
14.7167 6.625E+00
14.7333 6.592E+00
14.7500 6.556E+00
14.7667 6.519E+00
14.7833 6.483E+00
14.8000 6.444E+00
14.8167 6.409E+00
14.8333 6.372E+00
14.8500 6.335E+00
14.8667 6.297E+00
14.8833 6.259E+00
14.9000 6.221E+00
14.9167 6.184E+00
14.9333 6.145E+00
14.9500 6.107E+00
14.9667 6.065E+00
14.9833 6.030E+00
