11.0000 3.430E+00
11.0167 3.457E+00
11.0333 3.483E+00
11.0500 3.510E+00
11.0667 3.536E+00
11.0833 3.563E+00
11.1000 3.589E+00
11.1167 3.615E+00
11.1333 3.641E+00
11.1500 3.667E+00
11.1667 3.693E+00
11.1833 3.719E+00
11.2000 3.745E+00
11.2167 3.770E+00
11.2333 3.796E+00
11.2500 3.822E+00
11.2667 3.847E+00
11.2833 3.872E+00
11.3000 3.897E+00
11.3167 3.922E+00
11.3333 3.947E+00
11.3500 3.972E+00
11.3667 3.996E+00
11.3833 4.021E+00
11.4000 4.045E+00
11.4167 4.069E+00
11.4333 4.094E+00
11.4500 4.117E+00
11.4667 4.141E+00
11.4833 4.165E+00
11.5000 4.188E+00
11.5167 4.212E+00
11.5333 4.235E+00
11.5500 4.258E+00
11.5667 4.280E+00
11.5833 4.303E+00
11.6000 4.326E+00
11.6167 4.348E+00
11.6333 4.370E+00
11.6500 4.392E+00
11.6667 4.413E+00
11.6833 4.435E+00
11.7000 4.456E+00
11.7167 4.478E+00
11.7333 4.499E+00
11.7500 4.520E+00
11.7667 4.540E+00
11.7833 4.560E+00
11.8000 4.581E+00
11.8167 4.600E+00
11.8333 4.620E+00
11.8500 4.640E+00
11.8667 4.659E+00
11.8833 4.678E+00
11.9000 4.697E+00
11.9167 4.716E+00
11.9333 4.734E+00
11.9500 4.752E+00
11.9667 4.770E+00
11.9833 4.788E+00
12.0000 4.805E+00
12.0167 4.823E+00
12.0333 4.840E+00
12.0500 4.856E+00
12.0667 4.872E+00
12.0833 4.889E+00
12.1000 4.905E+00
12.1167 4.921E+00
12.1333 4.936E+00
12.1500 4.951E+00
12.1667 4.966E+00
12.1833 4.980E+00
12.2000 4.994E+00
12.2167 5.010E+00
12.2333 5.021E+00
12.2500 5.036E+00
12.2667 5.051E+00
12.2833 5.064E+00
12.3000 5.077E+00
12.3167 5.089E+00
12.3333 5.101E+00
12.3500 5.114E+00
12.3667 5.125E+00
12.3833 5.137E+00
12.4000 5.147E+00
12.4167 5.159E+00
12.4333 5.169E+00
12.4500 5.179E+00
12.4667 5.188E+00
12.4833 5.199E+00
12.5000 5.209E+00
12.5167 5.218E+00
12.5333 5.226E+00
12.5500 5.235E+00
12.5667 5.244E+00
12.5833 5.252E+00
12.6000 5.259E+00
12.6167 5.266E+00
12.6333 5.273E+00
12.6500 5.278E+00
12.6667 5.286E+00
12.6833 5.291E+00
12.7000 5.299E+00
12.7167 5.304E+00
12.7333 5.309E+00
12.7500 5.314E+00
12.7667 5.319E+00
12.7833 5.324E+00
12.8000 5.327E+00
12.8167 5.331E+00
12.8333 5.334E+00
12.8500 5.338E+00
12.8667 5.340E+00
12.8833 5.342E+00
12.9000 5.345E+00
12.9167 5.347E+00
12.9333 5.348E+00
12.9500 5.349E+00
12.9667 5.350E+00
12.9833 5.351E+00
13.0000 5.351E+00
13.0167 5.351E+00
13.0333 5.351E+00
13.0500 5.350E+00
13.0667 5.349E+00
13.0833 5.348E+00
13.1000 5.346E+00
13.1167 5.344E+00
13.1333 5.341E+00
13.1500 5.340E+00
13.1667 5.337E+00
13.1833 5.333E+00
13.2000 5.330E+00
13.2167 5.326E+00
13.2333 5.322E+00
13.2500 5.318E+00
13.2667 5.311E+00
13.2833 5.308E+00
13.3000 5.303E+00
13.3167 5.297E+00
13.3333 5.289E+00
13.3500 5.282E+00
13.3667 5.275E+00
13.3833 5.271E+00
13.4000 5.264E+00
13.4167 5.257E+00
13.4333 5.249E+00
13.4500 5.241E+00
13.4667 5.233E+00
13.4833 5.224E+00
13.5000 5.215E+00
13.5167 5.206E+00
13.5333 5.196E+00
13.5500 5.185E+00
13.5667 5.176E+00
13.5833 5.166E+00
13.6000 5.156E+00
13.6167 5.145E+00
13.6333 5.133E+00
13.6500 5.121E+00
13.6667 5.110E+00
13.6833 5.097E+00
13.7000 5.085E+00
13.7167 5.073E+00
13.7333 5.060E+00
13.7500 5.047E+00
13.7667 5.033E+00
13.7833 5.020E+00
13.8000 5.006E+00
13.8167 4.991E+00
13.8333 4.974E+00
13.8500 4.962E+00
13.8667 4.947E+00
13.8833 4.932E+00
13.9000 4.916E+00
13.9167 4.900E+00
13.9333 4.884E+00
13.9500 4.867E+00
13.9667 4.851E+00
13.9833 4.834E+00
14.0000 4.816E+00
14.0167 4.800E+00
14.0333 4.782E+00
14.0500 4.764E+00
14.0667 4.747E+00
14.0833 4.728E+00
14.1000 4.710E+00
14.1167 4.691E+00
14.1333 4.672E+00
14.1500 4.653E+00
14.1667 4.634E+00
14.1833 4.614E+00
14.2000 4.593E+00
14.2167 4.574E+00
14.2333 4.554E+00
14.2500 4.534E+00
14.2667 4.513E+00
14.2833 4.492E+00
14.3000 4.470E+00
14.3167 4.450E+00
14.3333 4.429E+00
14.3500 4.406E+00
14.3667 4.385E+00
14.3833 4.363E+00
14.4000 4.341E+00
14.4167 4.319E+00
14.4333 4.296E+00
14.4500 4.273E+00
14.4667 4.251E+00
14.4833 4.227E+00
14.5000 4.204E+00
14.5167 4.181E+00
14.5333 4.156E+00
14.5500 4.134E+00
14.5667 4.110E+00
14.5833 4.086E+00
14.6000 4.062E+00
14.6167 4.038E+00
14.6333 4.013E+00
14.6500 3.989E+00
14.6667 3.964E+00
14.6833 3.939E+00
14.7000 3.915E+00
14.7167 3.889E+00
14.7333 3.864E+00
14.7500 3.839E+00
14.7667 3.814E+00
14.7833 3.788E+00
14.8000 3.763E+00
14.8167 3.737E+00
14.8333 3.711E+00
14.8500 3.685E+00
14.8667 3.659E+00
14.8833 3.633E+00
14.9000 3.607E+00
14.9167 3.581E+00
14.9333 3.555E+00
14.9500 3.528E+00
14.9667 3.502E+00
14.9833 3.475E+00
