11.0000 3.972E+00
11.0167 4.002E+00
11.0333 4.032E+00
11.0500 4.062E+00
11.0667 4.092E+00
11.0833 4.121E+00
11.1000 4.150E+00
11.1167 4.179E+00
11.1333 4.209E+00
11.1500 4.238E+00
11.1667 4.267E+00
11.1833 4.296E+00
11.2000 4.325E+00
11.2167 4.354E+00
11.2333 4.382E+00
11.2500 4.411E+00
11.2667 4.439E+00
11.2833 4.467E+00
11.3000 4.495E+00
11.3167 4.523E+00
11.3333 4.550E+00
11.3500 4.579E+00
11.3667 4.606E+00
11.3833 4.634E+00
11.4000 4.659E+00
11.4167 4.687E+00
11.4333 4.715E+00
11.4500 4.742E+00
11.4667 4.768E+00
11.4833 4.795E+00
11.5000 4.821E+00
11.5167 4.847E+00
11.5333 4.873E+00
11.5500 4.899E+00
11.5667 4.922E+00
11.5833 4.950E+00
11.6000 4.975E+00
11.6167 5.000E+00
11.6333 5.024E+00
11.6500 5.046E+00
11.6667 5.071E+00
11.6833 5.098E+00
11.7000 5.122E+00
11.7167 5.146E+00
11.7333 5.169E+00
11.7500 5.193E+00
11.7667 5.216E+00
11.7833 5.239E+00
11.8000 5.261E+00
11.8167 5.284E+00
11.8333 5.306E+00
11.8500 5.328E+00
11.8667 5.350E+00
11.8833 5.371E+00
11.9000 5.393E+00
11.9167 5.413E+00
11.9333 5.434E+00
11.9500 5.455E+00
11.9667 5.475E+00
11.9833 5.495E+00
12.0000 5.515E+00
12.0167 5.535E+00
12.0333 5.550E+00
12.0500 5.573E+00
12.0667 5.591E+00
12.0833 5.610E+00
12.1000 5.628E+00
12.1167 5.646E+00
12.1333 5.662E+00
12.1500 5.681E+00
12.1667 5.698E+00
12.1833 5.715E+00
12.2000 5.731E+00
12.2167 5.748E+00
12.2333 5.764E+00
12.2500 5.778E+00
12.2667 5.795E+00
12.2833 5.810E+00
12.3000 5.824E+00
12.3167 5.839E+00
12.3333 5.853E+00
12.3500 5.867E+00
12.3667 5.880E+00
12.3833 5.894E+00
12.4000 5.905E+00
12.4167 5.919E+00
12.4333 5.927E+00
12.4500 5.944E+00
12.4667 5.955E+00
12.4833 5.967E+00
12.5000 5.977E+00
12.5167 5.988E+00
12.5333 5.996E+00
12.5500 6.009E+00
12.5667 6.019E+00
12.5833 6.028E+00
12.6000 6.038E+00
12.6167 6.046E+00
12.6333 6.055E+00
12.6500 6.063E+00
12.6667 6.071E+00
12.6833 6.078E+00
12.7000 6.086E+00
12.7167 6.089E+00
12.7333 6.098E+00
12.7500 6.105E+00
12.7667 6.111E+00
12.7833 6.117E+00
12.8000 6.122E+00
12.8167 6.126E+00
12.8333 6.131E+00
12.8500 6.135E+00
12.8667 6.139E+00
12.8833 6.143E+00
12.9000 6.146E+00
12.9167 6.149E+00
12.9333 6.151E+00
12.9500 6.153E+00
12.9667 6.155E+00
12.9833 6.157E+00
13.0000 6.158E+00
13.0167 6.158E+00
13.0333 6.159E+00
13.0500 6.159E+00
13.0667 6.159E+00
13.0833 6.158E+00
13.1000 6.157E+00
13.1167 6.156E+00
13.1333 6.154E+00
13.1500 6.153E+00
13.1667 6.150E+00
13.1833 6.147E+00
13.2000 6.145E+00
13.2167 6.141E+00
13.2333 6.138E+00
13.2500 6.134E+00
13.2667 6.129E+00
13.2833 6.125E+00
13.3000 6.120E+00
13.3167 6.115E+00
13.3333 6.109E+00
13.3500 6.103E+00
13.3667 6.092E+00
13.3833 6.090E+00
13.4000 6.083E+00
13.4167 6.076E+00
13.4333 6.068E+00
13.4500 6.060E+00
13.4667 6.052E+00
13.4833 6.043E+00
13.5000 6.034E+00
13.5167 6.025E+00
13.5333 6.013E+00
13.5500 6.005E+00
13.5667 5.992E+00
13.5833 5.985E+00
13.6000 5.974E+00
13.6167 5.962E+00
13.6333 5.951E+00
13.6500 5.939E+00
13.6667 5.927E+00
13.6833 5.915E+00
13.7000 5.902E+00
13.7167 5.889E+00
13.7333 5.876E+00
13.7500 5.862E+00
13.7667 5.848E+00
13.7833 5.834E+00
13.8000 5.819E+00
13.8167 5.804E+00
13.8333 5.789E+00
13.8500 5.773E+00
13.8667 5.758E+00
13.8833 5.742E+00
13.9000 5.725E+00
13.9167 5.709E+00
13.9333 5.692E+00
13.9500 5.675E+00
13.9667 5.657E+00
13.9833 5.639E+00
14.0000 5.622E+00
14.0167 5.603E+00
14.0333 5.585E+00
14.0500 5.566E+00
14.0667 5.544E+00
14.0833 5.527E+00
14.1000 5.508E+00
14.1167 5.488E+00
14.1333 5.468E+00
14.1500 5.447E+00
14.1667 5.425E+00
14.1833 5.406E+00
14.2000 5.385E+00
14.2167 5.361E+00
14.2333 5.340E+00
14.2500 5.320E+00
14.2667 5.298E+00
14.2833 5.276E+00
14.3000 5.252E+00
14.3167 5.230E+00
14.3333 5.207E+00
14.3500 5.184E+00
14.3667 5.161E+00
14.3833 5.137E+00
14.4000 5.113E+00
14.4167 5.089E+00
14.4333 5.065E+00
14.4500 5.040E+00
14.4667 5.016E+00
14.4833 4.991E+00
14.5000 4.966E+00
14.5167 4.940E+00
14.5333 4.915E+00
14.5500 4.889E+00
14.5667 4.864E+00
14.5833 4.837E+00
14.6000 4.811E+00
14.6167 4.785E+00
14.6333 4.759E+00
14.6500 4.732E+00
14.6667 4.705E+00
14.6833 4.678E+00
14.7000 4.651E+00
14.7167 4.623E+00
14.7333 4.596E+00
14.7500 4.569E+00
14.7667 4.539E+00
14.7833 4.513E+00
14.8000 4.485E+00
14.8167 4.457E+00
14.8333 4.429E+00
14.8500 4.400E+00
14.8667 4.371E+00
14.8833 4.343E+00
14.9000 4.314E+00
14.9167 4.285E+00
14.9333 4.255E+00
14.9500 4.227E+00
14.9667 4.198E+00
14.9833 4.169E+00
