11.0000 4.695E+00
11.0167 4.731E+00
11.0333 4.766E+00
11.0500 4.801E+00
11.0667 4.836E+00
11.0833 4.871E+00
11.1000 4.906E+00
11.1167 4.940E+00
11.1333 4.974E+00
11.1500 5.009E+00
11.1667 5.043E+00
11.1833 5.076E+00
11.2000 5.112E+00
11.2167 5.145E+00
11.2333 5.179E+00
11.2500 5.213E+00
11.2667 5.246E+00
11.2833 5.279E+00
11.3000 5.312E+00
11.3167 5.345E+00
11.3333 5.378E+00
11.3500 5.411E+00
11.3667 5.444E+00
11.3833 5.476E+00
11.4000 5.507E+00
11.4167 5.540E+00
11.4333 5.572E+00
11.4500 5.603E+00
11.4667 5.635E+00
11.4833 5.666E+00
11.5000 5.697E+00
11.5167 5.728E+00
11.5333 5.758E+00
11.5500 5.787E+00
11.5667 5.811E+00
11.5833 5.846E+00
11.6000 5.879E+00
11.6167 5.908E+00
11.6333 5.938E+00
11.6500 5.966E+00
11.6667 5.995E+00
11.6833 6.024E+00
11.7000 6.053E+00
11.7167 6.081E+00
11.7333 6.109E+00
11.7500 6.136E+00
11.7667 6.163E+00
11.7833 6.191E+00
11.8000 6.218E+00
11.8167 6.244E+00
11.8333 6.266E+00
11.8500 6.297E+00
11.8667 6.322E+00
11.8833 6.346E+00
11.9000 6.373E+00
11.9167 6.398E+00
11.9333 6.423E+00
11.9500 6.447E+00
11.9667 6.471E+00
11.9833 6.494E+00
12.0000 6.518E+00
12.0167 6.542E+00
12.0333 6.564E+00
12.0500 6.587E+00
12.0667 6.609E+00
12.0833 6.631E+00
12.1000 6.653E+00
12.1167 6.674E+00
12.1333 6.695E+00
12.1500 6.715E+00
12.1667 6.736E+00
12.1833 6.756E+00
12.2000 6.776E+00
12.2167 6.795E+00
12.2333 6.813E+00
12.2500 6.831E+00
12.2667 6.851E+00
12.2833 6.869E+00
12.3000 6.887E+00
12.3167 6.903E+00
12.3333 6.921E+00
12.3500 6.937E+00
12.3667 6.953E+00
12.3833 6.969E+00
12.4000 6.984E+00
12.4167 7.000E+00
12.4333 7.015E+00
12.4500 7.029E+00
12.4667 7.043E+00
12.4833 7.057E+00
12.5000 7.071E+00
12.5167 7.083E+00
12.5333 7.096E+00
12.5500 7.103E+00
12.5667 7.120E+00
12.5833 7.132E+00
12.6000 7.143E+00
12.6167 7.153E+00
12.6333 7.164E+00
12.6500 7.173E+00
12.6667 7.183E+00
12.6833 7.192E+00
12.7000 7.201E+00
12.7167 7.209E+00
12.7333 7.212E+00
12.7500 7.224E+00
12.7667 7.232E+00
12.7833 7.239E+00
12.8000 7.241E+00
12.8167 7.252E+00
12.8333 7.257E+00
12.8500 7.262E+00
12.8667 7.267E+00
12.8833 7.268E+00
12.9000 7.274E+00
12.9167 7.280E+00
12.9333 7.283E+00
12.9500 7.286E+00
12.9667 7.289E+00
12.9833 7.291E+00
13.0000 7.292E+00
13.0167 7.293E+00
13.0333 7.294E+00
13.0500 7.295E+00
13.0667 7.295E+00
13.0833 7.295E+00
13.1000 7.294E+00
13.1167 7.293E+00
13.1333 7.292E+00
13.1500 7.290E+00
13.1667 7.288E+00
13.1833 7.285E+00
13.2000 7.282E+00
13.2167 7.278E+00
13.2333 7.271E+00
13.2500 7.268E+00
13.2667 7.265E+00
13.2833 7.260E+00
13.3000 7.255E+00
13.3167 7.249E+00
13.3333 7.239E+00
13.3500 7.237E+00
13.3667 7.229E+00
13.3833 7.221E+00
13.4000 7.212E+00
13.4167 7.206E+00
13.4333 7.198E+00
13.4500 7.189E+00
13.4667 7.179E+00
13.4833 7.170E+00
13.5000 7.160E+00
13.5167 7.149E+00
13.5333 7.139E+00
13.5500 7.127E+00
13.5667 7.113E+00
13.5833 7.103E+00
13.6000 7.091E+00
13.6167 7.079E+00
13.6333 7.066E+00
13.6500 7.052E+00
13.6667 7.038E+00
13.6833 7.024E+00
13.7000 7.007E+00
13.7167 6.994E+00
13.7333 6.979E+00
13.7500 6.962E+00
13.7667 6.946E+00
13.7833 6.931E+00
13.8000 6.914E+00
13.8167 6.897E+00
13.8333 6.880E+00
13.8500 6.862E+00
13.8667 6.844E+00
13.8833 6.826E+00
13.9000 6.807E+00
13.9167 6.788E+00
13.9333 6.768E+00
13.9500 6.748E+00
13.9667 6.728E+00
13.9833 6.708E+00
14.0000 6.687E+00
14.0167 6.665E+00
14.0333 6.644E+00
14.0500 6.622E+00
14.0667 6.601E+00
14.0833 6.579E+00
14.1000 6.556E+00
14.1167 6.532E+00
14.1333 6.509E+00
14.1500 6.485E+00
14.1667 6.462E+00
14.1833 6.436E+00
14.2000 6.414E+00
14.2167 6.388E+00
14.2333 6.363E+00
14.2500 6.338E+00
14.2667 6.311E+00
14.2833 6.287E+00
14.3000 6.260E+00
14.3167 6.234E+00
14.3333 6.205E+00
14.3500 6.177E+00
14.3667 6.153E+00
14.3833 6.126E+00
14.4000 6.098E+00
14.4167 6.068E+00
14.4333 6.042E+00
14.4500 6.013E+00
14.4667 5.985E+00
14.4833 5.956E+00
14.5000 5.926E+00
14.5167 5.897E+00
14.5333 5.867E+00
14.5500 5.837E+00
14.5667 5.808E+00
14.5833 5.777E+00
14.6000 5.747E+00
14.6167 5.716E+00
14.6333 5.684E+00
14.6500 5.651E+00
14.6667 5.623E+00
14.6833 5.591E+00
14.7000 5.559E+00
14.7167 5.528E+00
14.7333 5.496E+00
14.7500 5.464E+00
14.7667 5.431E+00
14.7833 5.398E+00
14.8000 5.364E+00
14.8167 5.333E+00
14.8333 5.300E+00
14.8500 5.267E+00
14.8667 5.233E+00
14.8833 5.199E+00
14.9000 5.166E+00
14.9167 5.132E+00
14.9333 5.098E+00
14.9500 5.064E+00
14.9667 5.030E+00
14.9833 4.996E+00
