11.0000 5.482E+00
11.0167 5.522E+00
11.0333 5.563E+00
11.0500 5.603E+00
11.0667 5.643E+00
11.0833 5.683E+00
11.1000 5.724E+00
11.1167 5.763E+00
11.1333 5.803E+00
11.1500 5.843E+00
11.1667 5.883E+00
11.1833 5.922E+00
11.2000 5.961E+00
11.2167 6.000E+00
11.2333 6.039E+00
11.2500 6.075E+00
11.2667 6.117E+00
11.2833 6.155E+00
11.3000 6.193E+00
11.3167 6.231E+00
11.3333 6.269E+00
11.3500 6.307E+00
11.3667 6.345E+00
11.3833 6.382E+00
11.4000 6.417E+00
11.4167 6.456E+00
11.4333 6.493E+00
11.4500 6.530E+00
11.4667 6.566E+00
11.4833 6.602E+00
11.5000 6.638E+00
11.5167 6.674E+00
11.5333 6.709E+00
11.5500 6.744E+00
11.5667 6.779E+00
11.5833 6.814E+00
11.6000 6.848E+00
11.6167 6.883E+00
11.6333 6.917E+00
11.6500 6.950E+00
11.6667 6.984E+00
11.6833 7.017E+00
11.7000 7.050E+00
11.7167 7.082E+00
11.7333 7.115E+00
11.7500 7.147E+00
11.7667 7.179E+00
11.7833 7.210E+00
11.8000 7.241E+00
11.8167 7.272E+00
11.8333 7.303E+00
11.8500 7.333E+00
11.8667 7.363E+00
11.8833 7.393E+00
11.9000 7.419E+00
11.9167 7.451E+00
11.9333 7.480E+00
11.9500 7.507E+00
11.9667 7.536E+00
11.9833 7.564E+00
12.0000 7.592E+00
12.0167 7.619E+00
12.0333 7.646E+00
12.0500 7.672E+00
12.0667 7.698E+00
12.0833 7.723E+00
12.1000 7.749E+00
12.1167 7.774E+00
12.1333 7.798E+00
12.1500 7.822E+00
12.1667 7.846E+00
12.1833 7.868E+00
12.2000 7.893E+00
12.2167 7.916E+00
12.2333 7.938E+00
12.2500 7.960E+00
12.2667 7.982E+00
12.2833 8.003E+00
12.3000 8.024E+00
12.3167 8.044E+00
12.3333 8.064E+00
12.3500 8.084E+00
12.3667 8.103E+00
12.3833 8.122E+00
12.4000 8.140E+00
12.4167 8.158E+00
12.4333 8.176E+00
12.4500 8.193E+00
12.4667 8.210E+00
12.4833 8.226E+00
12.5000 8.242E+00
12.5167 8.257E+00
12.5333 8.273E+00
12.5500 8.287E+00
12.5667 8.300E+00
12.5833 8.316E+00
12.6000 8.329E+00
12.6167 8.339E+00
12.6333 8.355E+00
12.6500 8.365E+00
12.6667 8.378E+00
12.6833 8.390E+00
12.7000 8.401E+00
12.7167 8.411E+00
12.7333 8.421E+00
12.7500 8.430E+00
12.7667 8.439E+00
12.7833 8.448E+00
12.8000 8.456E+00
12.8167 8.464E+00
12.8333 8.471E+00
12.8500 8.478E+00
12.8667 8.485E+00
12.8833 8.484E+00
12.9000 8.492E+00
12.9167 8.501E+00
12.9333 8.506E+00
12.9500 8.510E+00
12.9667 8.513E+00
12.9833 8.515E+00
13.0000 8.518E+00
13.0167 8.522E+00
13.0333 8.524E+00
13.0500 8.526E+00
13.0667 8.527E+00
13.0833 8.527E+00
13.1000 8.527E+00
13.1167 8.527E+00
13.1333 8.526E+00
13.1500 8.525E+00
13.1667 8.523E+00
13.1833 8.520E+00
13.2000 8.516E+00
13.2167 8.513E+00
13.2333 8.511E+00
13.2500 8.508E+00
13.2667 8.503E+00
13.2833 8.498E+00
13.3000 8.486E+00
13.3167 8.485E+00
13.3333 8.481E+00
13.3500 8.475E+00
13.3667 8.467E+00
13.3833 8.460E+00
13.4000 8.452E+00
13.4167 8.442E+00
13.4333 8.435E+00
13.4500 8.426E+00
13.4667 8.416E+00
13.4833 8.405E+00
13.5000 8.395E+00
13.5167 8.384E+00
13.5333 8.371E+00
13.5500 8.360E+00
13.5667 8.344E+00
13.5833 8.335E+00
13.6000 8.322E+00
13.6167 8.308E+00
13.6333 8.294E+00
13.6500 8.280E+00
13.6667 8.265E+00
13.6833 8.249E+00
13.7000 8.234E+00
13.7167 8.218E+00
13.7333 8.201E+00
13.7500 8.184E+00
13.7667 8.166E+00
13.7833 8.149E+00
13.8000 8.130E+00
13.8167 8.110E+00
13.8333 8.092E+00
13.8500 8.071E+00
13.8667 8.053E+00
13.8833 8.033E+00
13.9000 8.013E+00
13.9167 7.991E+00
13.9333 7.970E+00
13.9500 7.948E+00
13.9667 7.926E+00
13.9833 7.904E+00
14.0000 7.881E+00
14.0167 7.857E+00
14.0333 7.828E+00
14.0500 7.808E+00
14.0667 7.785E+00
14.0833 7.761E+00
14.1000 7.736E+00
14.1167 7.710E+00
14.1333 7.679E+00
14.1500 7.658E+00
14.1667 7.631E+00
14.1833 7.605E+00
14.2000 7.577E+00
14.2167 7.544E+00
14.2333 7.520E+00
14.2500 7.493E+00
14.2667 7.463E+00
14.2833 7.436E+00
14.3000 7.407E+00
14.3167 7.376E+00
14.3333 7.347E+00
14.3500 7.317E+00
14.3667 7.287E+00
14.3833 7.254E+00
14.4000 7.225E+00
14.4167 7.193E+00
14.4333 7.162E+00
14.4500 7.130E+00
14.4667 7.098E+00
14.4833 7.064E+00
14.5000 7.032E+00
14.5167 6.996E+00
14.5333 6.966E+00
14.5500 6.930E+00
14.5667 6.899E+00
14.5833 6.864E+00
14.6000 6.830E+00
14.6167 6.795E+00
14.6333 6.759E+00
14.6500 6.726E+00
14.6667 6.690E+00
14.6833 6.650E+00
14.7000 6.619E+00
14.7167 6.583E+00
14.7333 6.547E+00
14.7500 6.510E+00
14.7667 6.473E+00
14.7833 6.436E+00
14.8000 6.399E+00
14.8167 6.362E+00
14.8333 6.325E+00
14.8500 6.286E+00
14.8667 6.247E+00
14.8833 6.211E+00
14.9000 6.173E+00
14.9167 6.135E+00
14.9333 6.096E+00
14.9500 6.057E+00
14.9667 6.018E+00
14.9833 5.979E+00
