11.0000 5.127E+00
11.0167 5.164E+00
11.0333 5.203E+00
11.0500 5.241E+00
11.0667 5.279E+00
11.0833 5.316E+00
11.1000 5.354E+00
11.1167 5.391E+00
11.1333 5.428E+00
11.1500 5.466E+00
11.1667 5.503E+00
11.1833 5.539E+00
11.2000 5.577E+00
11.2167 5.613E+00
11.2333 5.649E+00
11.2500 5.686E+00
11.2667 5.722E+00
11.2833 5.757E+00
11.3000 5.794E+00
11.3167 5.830E+00
11.3333 5.865E+00
11.3500 5.901E+00
11.3667 5.935E+00
11.3833 5.968E+00
11.4000 6.005E+00
11.4167 6.040E+00
11.4333 6.075E+00
11.4500 6.109E+00
11.4667 6.143E+00
11.4833 6.177E+00
11.5000 6.210E+00
11.5167 6.244E+00
11.5333 6.277E+00
11.5500 6.310E+00
11.5667 6.343E+00
11.5833 6.375E+00
11.6000 6.406E+00
11.6167 6.440E+00
11.6333 6.471E+00
11.6500 6.503E+00
11.6667 6.535E+00
11.6833 6.565E+00
11.7000 6.596E+00
11.7167 6.626E+00
11.7333 6.657E+00
11.7500 6.687E+00
11.7667 6.714E+00
11.7833 6.746E+00
11.8000 6.775E+00
11.8167 6.804E+00
11.8333 6.833E+00
11.8500 6.861E+00
11.8667 6.889E+00
11.8833 6.917E+00
11.9000 6.945E+00
11.9167 6.972E+00
11.9333 6.999E+00
11.9500 7.022E+00
11.9667 7.051E+00
11.9833 7.077E+00
12.0000 7.101E+00
12.0167 7.128E+00
12.0333 7.153E+00
12.0500 7.177E+00
12.0667 7.202E+00
12.0833 7.226E+00
12.1000 7.249E+00
12.1167 7.270E+00
12.1333 7.296E+00
12.1500 7.318E+00
12.1667 7.340E+00
12.1833 7.362E+00
12.2000 7.383E+00
12.2167 7.401E+00
12.2333 7.426E+00
12.2500 7.446E+00
12.2667 7.467E+00
12.2833 7.486E+00
12.3000 7.506E+00
12.3167 7.525E+00
12.3333 7.543E+00
12.3500 7.560E+00
12.3667 7.579E+00
12.3833 7.597E+00
12.4000 7.614E+00
12.4167 7.627E+00
12.4333 7.647E+00
12.4500 7.663E+00
12.4667 7.679E+00
12.4833 7.694E+00
12.5000 7.708E+00
12.5167 7.723E+00
12.5333 7.737E+00
12.5500 7.751E+00
12.5667 7.764E+00
12.5833 7.777E+00
12.6000 7.789E+00
12.6167 7.801E+00
12.6333 7.813E+00
12.6500 7.824E+00
12.6667 7.834E+00
12.6833 7.845E+00
12.7000 7.855E+00
12.7167 7.865E+00
12.7333 7.873E+00
12.7500 7.880E+00
12.7667 7.891E+00
12.7833 7.897E+00
12.8000 7.906E+00
12.8167 7.913E+00
12.8333 7.920E+00
12.8500 7.926E+00
12.8667 7.932E+00
12.8833 7.938E+00
12.9000 7.942E+00
12.9167 7.947E+00
12.9333 7.951E+00
12.9500 7.955E+00
12.9667 7.958E+00
12.9833 7.961E+00
13.0000 7.963E+00
13.0167 7.964E+00
13.0333 7.966E+00
13.0500 7.967E+00
13.0667 7.968E+00
13.0833 7.968E+00
13.1000 7.967E+00
13.1167 7.967E+00
13.1333 7.966E+00
13.1500 7.965E+00
13.1667 7.964E+00
13.1833 7.961E+00
13.2000 7.959E+00
13.2167 7.956E+00
13.2333 7.952E+00
13.2500 7.948E+00
13.2667 7.944E+00
13.2833 7.939E+00
13.3000 7.934E+00
13.3167 7.928E+00
13.3333 7.922E+00
13.3500 7.916E+00
13.3667 7.909E+00
13.3833 7.899E+00
13.4000 7.894E+00
13.4167 7.885E+00
13.4333 7.874E+00
13.4500 7.868E+00
13.4667 7.858E+00
13.4833 7.848E+00
13.5000 7.836E+00
13.5167 7.828E+00
13.5333 7.817E+00
13.5500 7.805E+00
13.5667 7.793E+00
13.5833 7.781E+00
13.6000 7.768E+00
13.6167 7.755E+00
13.6333 7.742E+00
13.6500 7.728E+00
13.6667 7.713E+00
13.6833 7.699E+00
13.7000 7.684E+00
13.7167 7.665E+00
13.7333 7.652E+00
13.7500 7.636E+00
13.7667 7.620E+00
13.7833 7.603E+00
13.8000 7.585E+00
13.8167 7.568E+00
13.8333 7.549E+00
13.8500 7.531E+00
13.8667 7.512E+00
13.8833 7.493E+00
13.9000 7.473E+00
13.9167 7.453E+00
13.9333 7.431E+00
13.9500 7.412E+00
13.9667 7.390E+00
13.9833 7.370E+00
14.0000 7.348E+00
14.0167 7.325E+00
14.0333 7.303E+00
14.0500 7.280E+00
14.0667 7.257E+00
14.0833 7.234E+00
14.1000 7.210E+00
14.1167 7.185E+00
14.1333 7.159E+00
14.1500 7.136E+00
14.1667 7.111E+00
14.1833 7.086E+00
14.2000 7.054E+00
14.2167 7.034E+00
14.2333 7.007E+00
14.2500 6.981E+00
14.2667 6.954E+00
14.2833 6.926E+00
14.3000 6.898E+00
14.3167 6.869E+00
14.3333 6.842E+00
14.3500 6.813E+00
14.3667 6.785E+00
14.3833 6.756E+00
14.4000 6.726E+00
14.4167 6.697E+00
14.4333 6.667E+00
14.4500 6.637E+00
14.4667 6.606E+00
14.4833 6.574E+00
14.5000 6.544E+00
14.5167 6.512E+00
14.5333 6.481E+00
14.5500 6.449E+00
14.5667 6.418E+00
14.5833 6.386E+00
14.6000 6.353E+00
14.6167 6.321E+00
14.6333 6.288E+00
14.6500 6.255E+00
14.6667 6.222E+00
14.6833 6.188E+00
14.7000 6.154E+00
14.7167 6.119E+00
14.7333 6.086E+00
14.7500 6.052E+00
14.7667 6.017E+00
14.7833 5.982E+00
14.8000 5.947E+00
14.8167 5.912E+00
14.8333 5.877E+00
14.8500 5.841E+00
14.8667 5.805E+00
14.8833 5.766E+00
14.9000 5.734E+00
14.9167 5.698E+00
14.9333 5.661E+00
14.9500 5.625E+00
14.9667 5.588E+00
14.9833 5.551E+00
