11.0000 3.564E+00
11.0167 3.591E+00
11.0333 3.619E+00
11.0500 3.647E+00
11.0667 3.675E+00
11.0833 3.702E+00
11.1000 3.730E+00
11.1167 3.757E+00
11.1333 3.784E+00
11.1500 3.812E+00
11.1667 3.839E+00
11.1833 3.866E+00
11.2000 3.893E+00
11.2167 3.920E+00
11.2333 3.946E+00
11.2500 3.973E+00
11.2667 3.999E+00
11.2833 4.026E+00
11.3000 4.052E+00
11.3167 4.078E+00
11.3333 4.104E+00
11.3500 4.130E+00
11.3667 4.155E+00
11.3833 4.181E+00
11.4000 4.207E+00
11.4167 4.232E+00
11.4333 4.257E+00
11.4500 4.282E+00
11.4667 4.307E+00
11.4833 4.331E+00
11.5000 4.356E+00
11.5167 4.380E+00
11.5333 4.405E+00
11.5500 4.429E+00
11.5667 4.453E+00
11.5833 4.476E+00
11.6000 4.499E+00
11.6167 4.523E+00
11.6333 4.546E+00
11.6500 4.569E+00
11.6667 4.590E+00
11.6833 4.614E+00
11.7000 4.637E+00
11.7167 4.659E+00
11.7333 4.681E+00
11.7500 4.703E+00
11.7667 4.724E+00
11.7833 4.745E+00
11.8000 4.766E+00
11.8167 4.787E+00
11.8333 4.808E+00
11.8500 4.828E+00
11.8667 4.848E+00
11.8833 4.868E+00
11.9000 4.887E+00
11.9167 4.906E+00
11.9333 4.927E+00
11.9500 4.945E+00
11.9667 4.965E+00
11.9833 4.983E+00
12.0000 5.001E+00
12.0167 5.019E+00
12.0333 5.037E+00
12.0500 5.055E+00
12.0667 5.072E+00
12.0833 5.088E+00
12.1000 5.106E+00
12.1167 5.122E+00
12.1333 5.138E+00
12.1500 5.154E+00
12.1667 5.170E+00
12.1833 5.185E+00
12.2000 5.200E+00
12.2167 5.215E+00
12.2333 5.230E+00
12.2500 5.244E+00
12.2667 5.258E+00
12.2833 5.272E+00
12.3000 5.285E+00
12.3167 5.298E+00
12.3333 5.311E+00
12.3500 5.323E+00
12.3667 5.334E+00
12.3833 5.348E+00
12.4000 5.359E+00
12.4167 5.371E+00
12.4333 5.382E+00
12.4500 5.392E+00
12.4667 5.402E+00
12.4833 5.413E+00
12.5000 5.423E+00
12.5167 5.432E+00
12.5333 5.442E+00
12.5500 5.451E+00
12.5667 5.459E+00
12.5833 5.467E+00
12.6000 5.476E+00
12.6167 5.483E+00
12.6333 5.490E+00
12.6500 5.497E+00
12.6667 5.504E+00
12.6833 5.511E+00
12.7000 5.517E+00
12.7167 5.522E+00
12.7333 5.528E+00
12.7500 5.533E+00
12.7667 5.538E+00
12.7833 5.542E+00
12.8000 5.546E+00
12.8167 5.550E+00
12.8333 5.554E+00
12.8500 5.557E+00
12.8667 5.560E+00
12.8833 5.562E+00
12.9000 5.564E+00
12.9167 5.565E+00
12.9333 5.566E+00
12.9500 5.568E+00
12.9667 5.569E+00
12.9833 5.570E+00
13.0000 5.570E+00
13.0167 5.570E+00
13.0333 5.569E+00
13.0500 5.569E+00
13.0667 5.567E+00
13.0833 5.565E+00
13.1000 5.565E+00
13.1167 5.563E+00
13.1333 5.561E+00
13.1500 5.558E+00
13.1667 5.555E+00
13.1833 5.551E+00
13.2000 5.548E+00
13.2167 5.544E+00
13.2333 5.540E+00
13.2500 5.535E+00
13.2667 5.530E+00
13.2833 5.524E+00
13.3000 5.519E+00
13.3167 5.513E+00
13.3333 5.507E+00
13.3500 5.500E+00
13.3667 5.493E+00
13.3833 5.486E+00
13.4000 5.479E+00
13.4167 5.471E+00
13.4333 5.463E+00
13.4500 5.454E+00
13.4667 5.444E+00
13.4833 5.436E+00
13.5000 5.427E+00
13.5167 5.417E+00
13.5333 5.407E+00
13.5500 5.397E+00
13.5667 5.383E+00
13.5833 5.375E+00
13.6000 5.364E+00
13.6167 5.353E+00
13.6333 5.340E+00
13.6500 5.328E+00
13.6667 5.316E+00
13.6833 5.303E+00
13.7000 5.290E+00
13.7167 5.275E+00
13.7333 5.264E+00
13.7500 5.250E+00
13.7667 5.236E+00
13.7833 5.221E+00
13.8000 5.205E+00
13.8167 5.192E+00
13.8333 5.176E+00
13.8500 5.161E+00
13.8667 5.145E+00
13.8833 5.129E+00
13.9000 5.113E+00
13.9167 5.096E+00
13.9333 5.079E+00
13.9500 5.062E+00
13.9667 5.045E+00
13.9833 5.027E+00
14.0000 5.009E+00
14.0167 4.987E+00
14.0333 4.972E+00
14.0500 4.954E+00
14.0667 4.935E+00
14.0833 4.916E+00
14.1000 4.897E+00
14.1167 4.877E+00
14.1333 4.856E+00
14.1500 4.836E+00
14.1667 4.816E+00
14.1833 4.796E+00
14.2000 4.775E+00
14.2167 4.753E+00
14.2333 4.733E+00
14.2500 4.712E+00
14.2667 4.688E+00
14.2833 4.668E+00
14.3000 4.646E+00
14.3167 4.624E+00
14.3333 4.602E+00
14.3500 4.579E+00
14.3667 4.556E+00
14.3833 4.533E+00
14.4000 4.510E+00
14.4167 4.486E+00
14.4333 4.462E+00
14.4500 4.439E+00
14.4667 4.415E+00
14.4833 4.390E+00
14.5000 4.366E+00
14.5167 4.342E+00
14.5333 4.318E+00
14.5500 4.293E+00
14.5667 4.268E+00
14.5833 4.243E+00
14.6000 4.217E+00
14.6167 4.192E+00
14.6333 4.166E+00
14.6500 4.141E+00
14.6667 4.115E+00
14.6833 4.089E+00
14.7000 4.062E+00
14.7167 4.037E+00
14.7333 4.010E+00
14.7500 3.984E+00
14.7667 3.957E+00
14.7833 3.931E+00
14.8000 3.904E+00
14.8167 3.877E+00
14.8333 3.850E+00
14.8500 3.823E+00
14.8667 3.796E+00
14.8833 3.769E+00
14.9000 3.741E+00
14.9167 3.714E+00
14.9333 3.686E+00
14.9500 3.659E+00
14.9667 3.631E+00
14.9833 3.603E+00
