11.0000 3.948E+00
11.0167 3.977E+00
11.0333 4.007E+00
11.0500 4.037E+00
11.0667 4.067E+00
11.0833 4.096E+00
11.1000 4.127E+00
11.1167 4.156E+00
11.1333 4.186E+00
11.1500 4.215E+00
11.1667 4.244E+00
11.1833 4.274E+00
11.2000 4.302E+00
11.2167 4.332E+00
11.2333 4.360E+00
11.2500 4.389E+00
11.2667 4.418E+00
11.2833 4.447E+00
11.3000 4.475E+00
11.3167 4.502E+00
11.3333 4.531E+00
11.3500 4.559E+00
11.3667 4.587E+00
11.3833 4.614E+00
11.4000 4.642E+00
11.4167 4.669E+00
11.4333 4.696E+00
11.4500 4.723E+00
11.4667 4.750E+00
11.4833 4.777E+00
11.5000 4.803E+00
11.5167 4.829E+00
11.5333 4.856E+00
11.5500 4.882E+00
11.5667 4.907E+00
11.5833 4.933E+00
11.6000 4.956E+00
11.6167 4.984E+00
11.6333 5.009E+00
11.6500 5.033E+00
11.6667 5.058E+00
11.6833 5.082E+00
11.7000 5.106E+00
11.7167 5.130E+00
11.7333 5.154E+00
11.7500 5.177E+00
11.7667 5.201E+00
11.7833 5.224E+00
11.8000 5.246E+00
11.8167 5.269E+00
11.8333 5.290E+00
11.8500 5.314E+00
11.8667 5.336E+00
11.8833 5.357E+00
11.9000 5.378E+00
11.9167 5.400E+00
11.9333 5.421E+00
11.9500 5.442E+00
11.9667 5.460E+00
11.9833 5.482E+00
12.0000 5.502E+00
12.0167 5.521E+00
12.0333 5.533E+00
12.0500 5.558E+00
12.0667 5.578E+00
12.0833 5.597E+00
12.1000 5.615E+00
12.1167 5.633E+00
12.1333 5.651E+00
12.1500 5.668E+00
12.1667 5.685E+00
12.1833 5.701E+00
12.2000 5.718E+00
12.2167 5.735E+00
12.2333 5.751E+00
12.2500 5.766E+00
12.2667 5.781E+00
12.2833 5.797E+00
12.3000 5.811E+00
12.3167 5.826E+00
12.3333 5.836E+00
12.3500 5.853E+00
12.3667 5.867E+00
12.3833 5.876E+00
12.4000 5.893E+00
12.4167 5.906E+00
12.4333 5.917E+00
12.4500 5.930E+00
12.4667 5.941E+00
12.4833 5.953E+00
12.5000 5.961E+00
12.5167 5.973E+00
12.5333 5.984E+00
12.5500 5.994E+00
12.5667 6.004E+00
12.5833 6.013E+00
12.6000 6.022E+00
12.6167 6.030E+00
12.6333 6.039E+00
12.6500 6.047E+00
12.6667 6.055E+00
12.6833 6.061E+00
12.7000 6.069E+00
12.7167 6.075E+00
12.7333 6.082E+00
12.7500 6.088E+00
12.7667 6.093E+00
12.7833 6.099E+00
12.8000 6.103E+00
12.8167 6.108E+00
12.8333 6.109E+00
12.8500 6.115E+00
12.8667 6.116E+00
12.8833 6.123E+00
12.9000 6.126E+00
12.9167 6.128E+00
12.9333 6.130E+00
12.9500 6.132E+00
12.9667 6.134E+00
12.9833 6.135E+00
13.0000 6.136E+00
13.0167 6.136E+00
13.0333 6.136E+00
13.0500 6.136E+00
13.0667 6.135E+00
13.0833 6.134E+00
13.1000 6.133E+00
13.1167 6.131E+00
13.1333 6.129E+00
13.1500 6.127E+00
13.1667 6.124E+00
13.1833 6.118E+00
13.2000 6.115E+00
13.2167 6.112E+00
13.2333 6.109E+00
13.2500 6.106E+00
13.2667 6.101E+00
13.2833 6.096E+00
13.3000 6.090E+00
13.3167 6.084E+00
13.3333 6.078E+00
13.3500 6.072E+00
13.3667 6.064E+00
13.3833 6.057E+00
13.4000 6.050E+00
13.4167 6.043E+00
13.4333 6.033E+00
13.4500 6.026E+00
13.4667 6.017E+00
13.4833 6.008E+00
13.5000 5.998E+00
13.5167 5.989E+00
13.5333 5.979E+00
13.5500 5.966E+00
13.5667 5.957E+00
13.5833 5.946E+00
13.6000 5.935E+00
13.6167 5.923E+00
13.6333 5.911E+00
13.6500 5.896E+00
13.6667 5.886E+00
13.6833 5.873E+00
13.7000 5.859E+00
13.7167 5.846E+00
13.7333 5.832E+00
13.7500 5.817E+00
13.7667 5.803E+00
13.7833 5.788E+00
13.8000 5.771E+00
13.8167 5.757E+00
13.8333 5.741E+00
13.8500 5.725E+00
13.8667 5.709E+00
13.8833 5.692E+00
13.9000 5.675E+00
13.9167 5.658E+00
13.9333 5.640E+00
13.9500 5.623E+00
13.9667 5.605E+00
13.9833 5.586E+00
14.0000 5.565E+00
14.0167 5.549E+00
14.0333 5.530E+00
14.0500 5.509E+00
14.0667 5.490E+00
14.0833 5.471E+00
14.1000 5.450E+00
14.1167 5.429E+00
14.1333 5.409E+00
14.1500 5.385E+00
14.1667 5.367E+00
14.1833 5.345E+00
14.2000 5.323E+00
14.2167 5.301E+00
14.2333 5.279E+00
14.2500 5.257E+00
14.2667 5.234E+00
14.2833 5.211E+00
14.3000 5.188E+00
14.3167 5.164E+00
14.3333 5.141E+00
14.3500 5.116E+00
14.3667 5.091E+00
14.3833 5.068E+00
14.4000 5.044E+00
14.4167 5.017E+00
14.4333 4.994E+00
14.4500 4.969E+00
14.4667 4.944E+00
14.4833 4.919E+00
14.5000 4.893E+00
14.5167 4.867E+00
14.5333 4.841E+00
14.5500 4.815E+00
14.5667 4.788E+00
14.5833 4.761E+00
14.6000 4.733E+00
14.6167 4.708E+00
14.6333 4.681E+00
14.6500 4.654E+00
14.6667 4.626E+00
14.6833 4.599E+00
14.7000 4.571E+00
14.7167 4.543E+00
14.7333 4.515E+00
14.7500 4.486E+00
14.7667 4.459E+00
14.7833 4.430E+00
14.8000 4.402E+00
14.8167 4.373E+00
14.8333 4.344E+00
14.8500 4.315E+00
14.8667 4.286E+00
14.8833 4.257E+00
14.9000 4.228E+00
14.9167 4.198E+00
14.9333 4.169E+00
14.9500 4.139E+00
14.9667 4.110E+00
14.9833 4.080E+00
