11.0000 4.444E+00
11.0167 4.477E+00
11.0333 4.510E+00
11.0500 4.543E+00
11.0667 4.576E+00
11.0833 4.609E+00
11.1000 4.642E+00
11.1167 4.675E+00
11.1333 4.707E+00
11.1500 4.738E+00
11.1667 4.772E+00
11.1833 4.805E+00
11.2000 4.837E+00
11.2167 4.869E+00
11.2333 4.901E+00
11.2500 4.932E+00
11.2667 4.964E+00
11.2833 4.996E+00
11.3000 5.026E+00
11.3167 5.057E+00
11.3333 5.089E+00
11.3500 5.120E+00
11.3667 5.151E+00
11.3833 5.182E+00
11.4000 5.212E+00
11.4167 5.242E+00
11.4333 5.271E+00
11.4500 5.302E+00
11.4667 5.332E+00
11.4833 5.360E+00
11.5000 5.390E+00
11.5167 5.420E+00
11.5333 5.449E+00
11.5500 5.478E+00
11.5667 5.506E+00
11.5833 5.533E+00
11.6000 5.562E+00
11.6167 5.591E+00
11.6333 5.618E+00
11.6500 5.646E+00
11.6667 5.673E+00
11.6833 5.700E+00
11.7000 5.727E+00
11.7167 5.754E+00
11.7333 5.780E+00
11.7500 5.806E+00
11.7667 5.832E+00
11.7833 5.858E+00
11.8000 5.883E+00
11.8167 5.908E+00
11.8333 5.930E+00
11.8500 5.958E+00
11.8667 5.982E+00
11.8833 6.004E+00
11.9000 6.029E+00
11.9167 6.054E+00
11.9333 6.077E+00
11.9500 6.100E+00
11.9667 6.122E+00
11.9833 6.145E+00
12.0000 6.167E+00
12.0167 6.188E+00
12.0333 6.209E+00
12.0500 6.232E+00
12.0667 6.253E+00
12.0833 6.274E+00
12.1000 6.294E+00
12.1167 6.314E+00
12.1333 6.334E+00
12.1500 6.353E+00
12.1667 6.373E+00
12.1833 6.391E+00
12.2000 6.410E+00
12.2167 6.429E+00
12.2333 6.446E+00
12.2500 6.464E+00
12.2667 6.481E+00
12.2833 6.498E+00
12.3000 6.515E+00
12.3167 6.531E+00
12.3333 6.547E+00
12.3500 6.562E+00
12.3667 6.576E+00
12.3833 6.593E+00
12.4000 6.608E+00
12.4167 6.622E+00
12.4333 6.636E+00
12.4500 6.649E+00
12.4667 6.663E+00
12.4833 6.676E+00
12.5000 6.688E+00
12.5167 6.700E+00
12.5333 6.708E+00
12.5500 6.724E+00
12.5667 6.735E+00
12.5833 6.746E+00
12.6000 6.756E+00
12.6167 6.766E+00
12.6333 6.776E+00
12.6500 6.785E+00
12.6667 6.794E+00
12.6833 6.802E+00
12.7000 6.809E+00
12.7167 6.818E+00
12.7333 6.826E+00
12.7500 6.828E+00
12.7667 6.840E+00
12.7833 6.846E+00
12.8000 6.852E+00
12.8167 6.855E+00
12.8333 6.862E+00
12.8500 6.868E+00
12.8667 6.873E+00
12.8833 6.877E+00
12.9000 6.880E+00
12.9167 6.884E+00
12.9333 6.887E+00
12.9500 6.890E+00
12.9667 6.892E+00
12.9833 6.894E+00
13.0000 6.896E+00
13.0167 6.897E+00
13.0333 6.898E+00
13.0500 6.898E+00
13.0667 6.898E+00
13.0833 6.898E+00
13.1000 6.897E+00
13.1167 6.896E+00
13.1333 6.894E+00
13.1500 6.893E+00
13.1667 6.890E+00
13.1833 6.887E+00
13.2000 6.884E+00
13.2167 6.881E+00
13.2333 6.878E+00
13.2500 6.874E+00
13.2667 6.869E+00
13.2833 6.863E+00
13.3000 6.854E+00
13.3167 6.853E+00
13.3333 6.847E+00
13.3500 6.841E+00
13.3667 6.829E+00
13.3833 6.827E+00
13.4000 6.819E+00
13.4167 6.810E+00
13.4333 6.802E+00
13.4500 6.795E+00
13.4667 6.786E+00
13.4833 6.777E+00
13.5000 6.767E+00
13.5167 6.757E+00
13.5333 6.747E+00
13.5500 6.736E+00
13.5667 6.725E+00
13.5833 6.712E+00
13.6000 6.701E+00
13.6167 6.689E+00
13.6333 6.677E+00
13.6500 6.664E+00
13.6667 6.651E+00
13.6833 6.637E+00
13.7000 6.623E+00
13.7167 6.609E+00
13.7333 6.592E+00
13.7500 6.578E+00
13.7667 6.564E+00
13.7833 6.549E+00
13.8000 6.533E+00
13.8167 6.517E+00
13.8333 6.500E+00
13.8500 6.483E+00
13.8667 6.466E+00
13.8833 6.448E+00
13.9000 6.430E+00
13.9167 6.412E+00
13.9333 6.393E+00
13.9500 6.375E+00
13.9667 6.355E+00
13.9833 6.336E+00
14.0000 6.316E+00
14.0167 6.296E+00
14.0333 6.276E+00
14.0500 6.255E+00
14.0667 6.234E+00
14.0833 6.210E+00
14.1000 6.191E+00
14.1167 6.169E+00
14.1333 6.147E+00
14.1500 6.125E+00
14.1667 6.102E+00
14.1833 6.079E+00
14.2000 6.056E+00
14.2167 6.031E+00
14.2333 6.008E+00
14.2500 5.985E+00
14.2667 5.960E+00
14.2833 5.933E+00
14.3000 5.911E+00
14.3167 5.886E+00
14.3333 5.860E+00
14.3500 5.835E+00
14.3667 5.809E+00
14.3833 5.783E+00
14.4000 5.756E+00
14.4167 5.730E+00
14.4333 5.703E+00
14.4500 5.676E+00
14.4667 5.649E+00
14.4833 5.621E+00
14.5000 5.593E+00
14.5167 5.566E+00
14.5333 5.537E+00
14.5500 5.509E+00
14.5667 5.481E+00
14.5833 5.452E+00
14.6000 5.422E+00
14.6167 5.392E+00
14.6333 5.361E+00
14.6500 5.335E+00
14.6667 5.305E+00
14.6833 5.275E+00
14.7000 5.245E+00
14.7167 5.215E+00
14.7333 5.185E+00
14.7500 5.154E+00
14.7667 5.123E+00
14.7833 5.092E+00
14.8000 5.061E+00
14.8167 5.030E+00
14.8333 4.998E+00
14.8500 4.968E+00
14.8667 4.934E+00
14.8833 4.904E+00
14.9000 4.872E+00
14.9167 4.840E+00
14.9333 4.808E+00
14.9500 4.776E+00
14.9667 4.742E+00
14.9833 4.711E+00
