11.0000 3.986E+00
11.0167 4.016E+00
11.0333 4.047E+00
11.0500 4.077E+00
11.0667 4.108E+00
11.0833 4.138E+00
11.1000 4.168E+00
11.1167 4.198E+00
11.1333 4.228E+00
11.1500 4.257E+00
11.1667 4.287E+00
11.1833 4.317E+00
11.2000 4.347E+00
11.2167 4.375E+00
11.2333 4.405E+00
11.2500 4.434E+00
11.2667 4.463E+00
11.2833 4.492E+00
11.3000 4.520E+00
11.3167 4.549E+00
11.3333 4.578E+00
11.3500 4.606E+00
11.3667 4.634E+00
11.3833 4.662E+00
11.4000 4.688E+00
11.4167 4.717E+00
11.4333 4.745E+00
11.4500 4.768E+00
11.4667 4.800E+00
11.4833 4.827E+00
11.5000 4.854E+00
11.5167 4.880E+00
11.5333 4.906E+00
11.5500 4.933E+00
11.5667 4.959E+00
11.5833 4.985E+00
11.6000 5.011E+00
11.6167 5.036E+00
11.6333 5.062E+00
11.6500 5.087E+00
11.6667 5.109E+00
11.6833 5.136E+00
11.7000 5.161E+00
11.7167 5.184E+00
11.7333 5.209E+00
11.7500 5.233E+00
11.7667 5.256E+00
11.7833 5.280E+00
11.8000 5.301E+00
11.8167 5.326E+00
11.8333 5.348E+00
11.8500 5.371E+00
11.8667 5.393E+00
11.8833 5.415E+00
11.9000 5.437E+00
11.9167 5.458E+00
11.9333 5.479E+00
11.9500 5.500E+00
11.9667 5.521E+00
11.9833 5.541E+00
12.0000 5.560E+00
12.0167 5.581E+00
12.0333 5.600E+00
12.0500 5.620E+00
12.0667 5.639E+00
12.0833 5.658E+00
12.1000 5.676E+00
12.1167 5.694E+00
12.1333 5.712E+00
12.1500 5.722E+00
12.1667 5.747E+00
12.1833 5.764E+00
12.2000 5.781E+00
12.2167 5.797E+00
12.2333 5.813E+00
12.2500 5.829E+00
12.2667 5.845E+00
12.2833 5.860E+00
12.3000 5.874E+00
12.3167 5.889E+00
12.3333 5.902E+00
12.3500 5.917E+00
12.3667 5.931E+00
12.3833 5.944E+00
12.4000 5.957E+00
12.4167 5.970E+00
12.4333 5.982E+00
12.4500 5.994E+00
12.4667 6.006E+00
12.4833 6.018E+00
12.5000 6.029E+00
12.5167 6.039E+00
12.5333 6.050E+00
12.5500 6.060E+00
12.5667 6.069E+00
12.5833 6.079E+00
12.6000 6.084E+00
12.6167 6.096E+00
12.6333 6.103E+00
12.6500 6.112E+00
12.6667 6.121E+00
12.6833 6.127E+00
12.7000 6.135E+00
12.7167 6.141E+00
12.7333 6.148E+00
12.7500 6.154E+00
12.7667 6.160E+00
12.7833 6.165E+00
12.8000 6.169E+00
12.8167 6.171E+00
12.8333 6.178E+00
12.8500 6.178E+00
12.8667 6.186E+00
12.8833 6.189E+00
12.9000 6.192E+00
12.9167 6.194E+00
12.9333 6.196E+00
12.9500 6.198E+00
12.9667 6.200E+00
12.9833 6.201E+00
13.0000 6.201E+00
13.0167 6.202E+00
13.0333 6.202E+00
13.0500 6.201E+00
13.0667 6.201E+00
13.0833 6.199E+00
13.1000 6.198E+00
13.1167 6.196E+00
13.1333 6.194E+00
13.1500 6.192E+00
13.1667 6.189E+00
13.1833 6.185E+00
13.2000 6.178E+00
13.2167 6.178E+00
13.2333 6.171E+00
13.2500 6.169E+00
13.2667 6.164E+00
13.2833 6.160E+00
13.3000 6.154E+00
13.3167 6.148E+00
13.3333 6.142E+00
13.3500 6.135E+00
13.3667 6.127E+00
13.3833 6.121E+00
13.4000 6.112E+00
13.4167 6.103E+00
13.4333 6.097E+00
13.4500 6.085E+00
13.4667 6.079E+00
13.4833 6.069E+00
13.5000 6.060E+00
13.5167 6.050E+00
13.5333 6.040E+00
13.5500 6.029E+00
13.5667 6.018E+00
13.5833 6.006E+00
13.6000 5.995E+00
13.6167 5.983E+00
13.6333 5.971E+00
13.6500 5.958E+00
13.6667 5.945E+00
13.6833 5.931E+00
13.7000 5.918E+00
13.7167 5.904E+00
13.7333 5.890E+00
13.7500 5.874E+00
13.7667 5.860E+00
13.7833 5.845E+00
13.8000 5.830E+00
13.8167 5.814E+00
13.8333 5.798E+00
13.8500 5.781E+00
13.8667 5.765E+00
13.8833 5.747E+00
13.9000 5.723E+00
13.9167 5.713E+00
13.9333 5.695E+00
13.9500 5.677E+00
13.9667 5.658E+00
13.9833 5.640E+00
14.0000 5.621E+00
14.0167 5.601E+00
14.0333 5.582E+00
14.0500 5.559E+00
14.0667 5.542E+00
14.0833 5.522E+00
14.1000 5.501E+00
14.1167 5.480E+00
14.1333 5.459E+00
14.1500 5.438E+00
14.1667 5.416E+00
14.1833 5.394E+00
14.2000 5.372E+00
14.2167 5.349E+00
14.2333 5.327E+00
14.2500 5.302E+00
14.2667 5.281E+00
14.2833 5.256E+00
14.3000 5.234E+00
14.3167 5.209E+00
14.3333 5.186E+00
14.3500 5.162E+00
14.3667 5.137E+00
14.3833 5.110E+00
14.4000 5.088E+00
14.4167 5.063E+00
14.4333 5.037E+00
14.4500 5.012E+00
14.4667 4.986E+00
14.4833 4.960E+00
14.5000 4.934E+00
14.5167 4.908E+00
14.5333 4.880E+00
14.5500 4.855E+00
14.5667 4.827E+00
14.5833 4.801E+00
14.6000 4.771E+00
14.6167 4.746E+00
14.6333 4.718E+00
14.6500 4.691E+00
14.6667 4.663E+00
14.6833 4.635E+00
14.7000 4.607E+00
14.7167 4.579E+00
14.7333 4.550E+00
14.7500 4.522E+00
14.7667 4.493E+00
14.7833 4.463E+00
14.8000 4.435E+00
14.8167 4.406E+00
14.8333 4.377E+00
14.8500 4.348E+00
14.8667 4.318E+00
14.8833 4.288E+00
14.9000 4.258E+00
14.9167 4.229E+00
14.9333 4.198E+00
14.9500 4.169E+00
14.9667 4.139E+00
14.9833 4.108E+00
