11.0000 2.708E+00
11.0167 2.730E+00
11.0333 2.752E+00
11.0500 2.775E+00
11.0667 2.797E+00
11.0833 2.819E+00
11.1000 2.841E+00
11.1167 2.863E+00
11.1333 2.885E+00
11.1500 2.907E+00
11.1667 2.929E+00
11.1833 2.950E+00
11.2000 2.972E+00
11.2167 2.993E+00
11.2333 3.015E+00
11.2500 3.036E+00
11.2667 3.058E+00
11.2833 3.079E+00
11.3000 3.100E+00
11.3167 3.121E+00
11.3333 3.142E+00
11.3500 3.163E+00
11.3667 3.184E+00
11.3833 3.204E+00
11.4000 3.225E+00
11.4167 3.245E+00
11.4333 3.265E+00
11.4500 3.285E+00
11.4667 3.305E+00
11.4833 3.325E+00
11.5000 3.345E+00
11.5167 3.365E+00
11.5333 3.384E+00
11.5500 3.404E+00
11.5667 3.423E+00
11.5833 3.442E+00
11.6000 3.461E+00
11.6167 3.480E+00
11.6333 3.498E+00
11.6500 3.517E+00
11.6667 3.535E+00
11.6833 3.553E+00
11.7000 3.571E+00
11.7167 3.589E+00
11.7333 3.607E+00
11.7500 3.625E+00
11.7667 3.642E+00
11.7833 3.659E+00
11.8000 3.676E+00
11.8167 3.693E+00
11.8333 3.710E+00
11.8500 3.726E+00
11.8667 3.742E+00
11.8833 3.758E+00
11.9000 3.774E+00
11.9167 3.790E+00
11.9333 3.806E+00
11.9500 3.821E+00
11.9667 3.836E+00
11.9833 3.851E+00
12.0000 3.866E+00
12.0167 3.880E+00
12.0333 3.895E+00
12.0500 3.908E+00
12.0667 3.923E+00
12.0833 3.936E+00
12.1000 3.950E+00
12.1167 3.963E+00
12.1333 3.976E+00
12.1500 3.989E+00
12.1667 4.001E+00
12.1833 4.013E+00
12.2000 4.026E+00
12.2167 4.038E+00
12.2333 4.050E+00
12.2500 4.061E+00
12.2667 4.072E+00
12.2833 4.083E+00
12.3000 4.094E+00
12.3167 4.105E+00
12.3333 4.115E+00
12.3500 4.125E+00
12.3667 4.135E+00
12.3833 4.144E+00
12.4000 4.154E+00
12.4167 4.163E+00
12.4333 4.171E+00
12.4500 4.180E+00
12.4667 4.189E+00
12.4833 4.197E+00
12.5000 4.204E+00
12.5167 4.212E+00
12.5333 4.217E+00
12.5500 4.227E+00
12.5667 4.234E+00
12.5833 4.240E+00
12.6000 4.246E+00
12.6167 4.252E+00
12.6333 4.258E+00
12.6500 4.263E+00
12.6667 4.269E+00
12.6833 4.274E+00
12.7000 4.279E+00
12.7167 4.283E+00
12.7333 4.288E+00
12.7500 4.291E+00
12.7667 4.295E+00
12.7833 4.298E+00
12.8000 4.301E+00
12.8167 4.305E+00
12.8333 4.307E+00
12.8500 4.310E+00
12.8667 4.312E+00
12.8833 4.314E+00
12.9000 4.315E+00
12.9167 4.316E+00
12.9333 4.317E+00
12.9500 4.318E+00
12.9667 4.318E+00
12.9833 4.319E+00
13.0000 4.319E+00
13.0167 4.318E+00
13.0333 4.317E+00
13.0500 4.317E+00
13.0667 4.316E+00
13.0833 4.315E+00
13.1000 4.313E+00
13.1167 4.311E+00
13.1333 4.309E+00
13.1500 4.306E+00
13.1667 4.304E+00
13.1833 4.299E+00
13.2000 4.297E+00
13.2167 4.294E+00
13.2333 4.291E+00
13.2500 4.287E+00
13.2667 4.282E+00
13.2833 4.277E+00
13.3000 4.272E+00
13.3167 4.267E+00
13.3333 4.262E+00
13.3500 4.257E+00
13.3667 4.251E+00
13.3833 4.245E+00
13.4000 4.238E+00
13.4167 4.232E+00
13.4333 4.225E+00
13.4500 4.217E+00
13.4667 4.210E+00
13.4833 4.203E+00
13.5000 4.195E+00
13.5167 4.187E+00
13.5333 4.178E+00
13.5500 4.169E+00
13.5667 4.160E+00
13.5833 4.151E+00
13.6000 4.142E+00
13.6167 4.132E+00
13.6333 4.122E+00
13.6500 4.112E+00
13.6667 4.101E+00
13.6833 4.091E+00
13.7000 4.081E+00
13.7167 4.069E+00
13.7333 4.058E+00
13.7500 4.046E+00
13.7667 4.035E+00
13.7833 4.023E+00
13.8000 4.011E+00
13.8167 3.998E+00
13.8333 3.985E+00
13.8500 3.972E+00
13.8667 3.959E+00
13.8833 3.946E+00
13.9000 3.933E+00
13.9167 3.919E+00
13.9333 3.905E+00
13.9500 3.891E+00
13.9667 3.876E+00
13.9833 3.862E+00
14.0000 3.847E+00
14.0167 3.832E+00
14.0333 3.817E+00
14.0500 3.801E+00
14.0667 3.786E+00
14.0833 3.770E+00
14.1000 3.754E+00
14.1167 3.738E+00
14.1333 3.722E+00
14.1500 3.705E+00
14.1667 3.688E+00
14.1833 3.672E+00
14.2000 3.655E+00
14.2167 3.637E+00
14.2333 3.620E+00
14.2500 3.602E+00
14.2667 3.585E+00
14.2833 3.567E+00
14.3000 3.548E+00
14.3167 3.530E+00
14.3333 3.512E+00
14.3500 3.493E+00
14.3667 3.475E+00
14.3833 3.456E+00
14.4000 3.437E+00
14.4167 3.418E+00
14.4333 3.398E+00
14.4500 3.379E+00
14.4667 3.360E+00
14.4833 3.340E+00
14.5000 3.320E+00
14.5167 3.300E+00
14.5333 3.280E+00
14.5500 3.260E+00
14.5667 3.240E+00
14.5833 3.219E+00
14.6000 3.199E+00
14.6167 3.178E+00
14.6333 3.157E+00
14.6500 3.136E+00
14.6667 3.115E+00
14.6833 3.094E+00
14.7000 3.073E+00
14.7167 3.052E+00
14.7333 3.031E+00
14.7500 3.009E+00
14.7667 2.988E+00
14.7833 2.966E+00
14.8000 2.944E+00
14.8167 2.923E+00
14.8333 2.901E+00
14.8500 2.879E+00
14.8667 2.857E+00
14.8833 2.835E+00
14.9000 2.813E+00
14.9167 2.791E+00
14.9333 2.769E+00
14.9500 2.747E+00
14.9667 2.724E+00
14.9833 2.702E+00
