11.0000 2.822E+00
11.0167 2.845E+00
11.0333 2.868E+00
11.0500 2.890E+00
11.0667 2.913E+00
11.0833 2.936E+00
11.1000 2.958E+00
11.1167 2.980E+00
11.1333 3.003E+00
11.1500 3.025E+00
11.1667 3.047E+00
11.1833 3.069E+00
11.2000 3.091E+00
11.2167 3.113E+00
11.2333 3.135E+00
11.2500 3.157E+00
11.2667 3.178E+00
11.2833 3.200E+00
11.3000 3.221E+00
11.3167 3.242E+00
11.3333 3.264E+00
11.3500 3.285E+00
11.3667 3.306E+00
11.3833 3.327E+00
11.4000 3.348E+00
11.4167 3.368E+00
11.4333 3.389E+00
11.4500 3.409E+00
11.4667 3.430E+00
11.4833 3.450E+00
11.5000 3.470E+00
11.5167 3.490E+00
11.5333 3.510E+00
11.5500 3.529E+00
11.5667 3.549E+00
11.5833 3.568E+00
11.6000 3.587E+00
11.6167 3.606E+00
11.6333 3.625E+00
11.6500 3.644E+00
11.6667 3.663E+00
11.6833 3.681E+00
11.7000 3.699E+00
11.7167 3.717E+00
11.7333 3.735E+00
11.7500 3.753E+00
11.7667 3.770E+00
11.7833 3.788E+00
11.8000 3.805E+00
11.8167 3.822E+00
11.8333 3.839E+00
11.8500 3.855E+00
11.8667 3.872E+00
11.8833 3.888E+00
11.9000 3.904E+00
11.9167 3.921E+00
11.9333 3.936E+00
11.9500 3.951E+00
11.9667 3.967E+00
11.9833 3.982E+00
12.0000 3.996E+00
12.0167 4.011E+00
12.0333 4.026E+00
12.0500 4.040E+00
12.0667 4.055E+00
12.0833 4.067E+00
12.1000 4.082E+00
12.1167 4.095E+00
12.1333 4.109E+00
12.1500 4.121E+00
12.1667 4.134E+00
12.1833 4.147E+00
12.2000 4.159E+00
12.2167 4.171E+00
12.2333 4.183E+00
12.2500 4.193E+00
12.2667 4.206E+00
12.2833 4.217E+00
12.3000 4.228E+00
12.3167 4.238E+00
12.3333 4.249E+00
12.3500 4.258E+00
12.3667 4.269E+00
12.3833 4.279E+00
12.4000 4.288E+00
12.4167 4.297E+00
12.4333 4.305E+00
12.4500 4.315E+00
12.4667 4.324E+00
12.4833 4.332E+00
12.5000 4.340E+00
12.5167 4.347E+00
12.5333 4.355E+00
12.5500 4.360E+00
12.5667 4.368E+00
12.5833 4.375E+00
12.6000 4.382E+00
12.6167 4.387E+00
12.6333 4.394E+00
12.6500 4.399E+00
12.6667 4.405E+00
12.6833 4.410E+00
12.7000 4.415E+00
12.7167 4.419E+00
12.7333 4.423E+00
12.7500 4.428E+00
12.7667 4.430E+00
12.7833 4.435E+00
12.8000 4.438E+00
12.8167 4.441E+00
12.8333 4.443E+00
12.8500 4.446E+00
12.8667 4.448E+00
12.8833 4.450E+00
12.9000 4.451E+00
12.9167 4.453E+00
12.9333 4.454E+00
12.9500 4.455E+00
12.9667 4.455E+00
12.9833 4.455E+00
13.0000 4.455E+00
13.0167 4.455E+00
13.0333 4.454E+00
13.0500 4.454E+00
13.0667 4.453E+00
13.0833 4.451E+00
13.1000 4.449E+00
13.1167 4.447E+00
13.1333 4.445E+00
13.1500 4.443E+00
13.1667 4.440E+00
13.1833 4.437E+00
13.2000 4.433E+00
13.2167 4.429E+00
13.2333 4.426E+00
13.2500 4.422E+00
13.2667 4.418E+00
13.2833 4.413E+00
13.3000 4.408E+00
13.3167 4.402E+00
13.3333 4.398E+00
13.3500 4.392E+00
13.3667 4.385E+00
13.3833 4.380E+00
13.4000 4.374E+00
13.4167 4.367E+00
13.4333 4.360E+00
13.4500 4.353E+00
13.4667 4.345E+00
13.4833 4.336E+00
13.5000 4.329E+00
13.5167 4.321E+00
13.5333 4.313E+00
13.5500 4.304E+00
13.5667 4.295E+00
13.5833 4.286E+00
13.6000 4.275E+00
13.6167 4.266E+00
13.6333 4.256E+00
13.6500 4.246E+00
13.6667 4.236E+00
13.6833 4.224E+00
13.7000 4.214E+00
13.7167 4.203E+00
13.7333 4.190E+00
13.7500 4.179E+00
13.7667 4.167E+00
13.7833 4.155E+00
13.8000 4.142E+00
13.8167 4.130E+00
13.8333 4.118E+00
13.8500 4.104E+00
13.8667 4.091E+00
13.8833 4.078E+00
13.9000 4.064E+00
13.9167 4.051E+00
13.9333 4.035E+00
13.9500 4.022E+00
13.9667 4.007E+00
13.9833 3.992E+00
14.0000 3.978E+00
14.0167 3.962E+00
14.0333 3.947E+00
14.0500 3.932E+00
14.0667 3.916E+00
14.0833 3.900E+00
14.1000 3.884E+00
14.1167 3.867E+00
14.1333 3.851E+00
14.1500 3.834E+00
14.1667 3.817E+00
14.1833 3.800E+00
14.2000 3.783E+00
14.2167 3.765E+00
14.2333 3.748E+00
14.2500 3.730E+00
14.2667 3.712E+00
14.2833 3.694E+00
14.3000 3.675E+00
14.3167 3.657E+00
14.3333 3.638E+00
14.3500 3.620E+00
14.3667 3.601E+00
14.3833 3.582E+00
14.4000 3.562E+00
14.4167 3.543E+00
14.4333 3.523E+00
14.4500 3.504E+00
14.4667 3.484E+00
14.4833 3.464E+00
14.5000 3.444E+00
14.5167 3.424E+00
14.5333 3.403E+00
14.5500 3.383E+00
14.5667 3.362E+00
14.5833 3.341E+00
14.6000 3.321E+00
14.6167 3.300E+00
14.6333 3.279E+00
14.6500 3.257E+00
14.6667 3.236E+00
14.6833 3.215E+00
14.7000 3.193E+00
14.7167 3.172E+00
14.7333 3.150E+00
14.7500 3.128E+00
14.7667 3.106E+00
14.7833 3.084E+00
14.8000 3.062E+00
14.8167 3.040E+00
14.8333 3.018E+00
14.8500 2.996E+00
14.8667 2.974E+00
14.8833 2.951E+00
14.9000 2.929E+00
14.9167 2.906E+00
14.9333 2.884E+00
14.9500 2.861E+00
14.9667 2.838E+00
14.9833 2.816E+00
