11.0000 2.630E+00
11.0167 2.651E+00
11.0333 2.673E+00
11.0500 2.694E+00
11.0667 2.716E+00
11.0833 2.737E+00
11.1000 2.758E+00
11.1167 2.779E+00
11.1333 2.800E+00
11.1500 2.821E+00
11.1667 2.842E+00
11.1833 2.863E+00
11.2000 2.884E+00
11.2167 2.904E+00
11.2333 2.925E+00
11.2500 2.946E+00
11.2667 2.966E+00
11.2833 2.986E+00
11.3000 3.007E+00
11.3167 3.027E+00
11.3333 3.047E+00
11.3500 3.067E+00
11.3667 3.087E+00
11.3833 3.107E+00
11.4000 3.126E+00
11.4167 3.146E+00
11.4333 3.165E+00
11.4500 3.184E+00
11.4667 3.204E+00
11.4833 3.223E+00
11.5000 3.242E+00
11.5167 3.261E+00
11.5333 3.279E+00
11.5500 3.298E+00
11.5667 3.316E+00
11.5833 3.334E+00
11.6000 3.353E+00
11.6167 3.371E+00
11.6333 3.389E+00
11.6500 3.406E+00
11.6667 3.424E+00
11.6833 3.441E+00
11.7000 3.459E+00
11.7167 3.476E+00
11.7333 3.493E+00
11.7500 3.510E+00
11.7667 3.526E+00
11.7833 3.543E+00
11.8000 3.559E+00
11.8167 3.575E+00
11.8333 3.591E+00
11.8500 3.607E+00
11.8667 3.622E+00
11.8833 3.638E+00
11.9000 3.653E+00
11.9167 3.668E+00
11.9333 3.683E+00
11.9500 3.698E+00
11.9667 3.712E+00
11.9833 3.726E+00
12.0000 3.741E+00
12.0167 3.754E+00
12.0333 3.768E+00
12.0500 3.781E+00
12.0667 3.795E+00
12.0833 3.808E+00
12.1000 3.821E+00
12.1167 3.834E+00
12.1333 3.846E+00
12.1500 3.858E+00
12.1667 3.870E+00
12.1833 3.882E+00
12.2000 3.894E+00
12.2167 3.905E+00
12.2333 3.917E+00
12.2500 3.927E+00
12.2667 3.939E+00
12.2833 3.947E+00
12.3000 3.959E+00
12.3167 3.969E+00
12.3333 3.979E+00
12.3500 3.988E+00
12.3667 3.998E+00
12.3833 4.008E+00
12.4000 4.016E+00
12.4167 4.025E+00
12.4333 4.034E+00
12.4500 4.042E+00
12.4667 4.050E+00
12.4833 4.057E+00
12.5000 4.065E+00
12.5167 4.072E+00
12.5333 4.079E+00
12.5500 4.086E+00
12.5667 4.092E+00
12.5833 4.099E+00
12.6000 4.105E+00
12.6167 4.109E+00
12.6333 4.116E+00
12.6500 4.122E+00
12.6667 4.127E+00
12.6833 4.132E+00
12.7000 4.136E+00
12.7167 4.139E+00
12.7333 4.142E+00
12.7500 4.148E+00
12.7667 4.152E+00
12.7833 4.155E+00
12.8000 4.158E+00
12.8167 4.161E+00
12.8333 4.163E+00
12.8500 4.165E+00
12.8667 4.168E+00
12.8833 4.169E+00
12.9000 4.171E+00
12.9167 4.172E+00
12.9333 4.173E+00
12.9500 4.173E+00
12.9667 4.173E+00
12.9833 4.173E+00
13.0000 4.173E+00
13.0167 4.173E+00
13.0333 4.173E+00
13.0500 4.173E+00
13.0667 4.172E+00
13.0833 4.170E+00
13.1000 4.169E+00
13.1167 4.167E+00
13.1333 4.165E+00
13.1500 4.163E+00
13.1667 4.160E+00
13.1833 4.157E+00
13.2000 4.154E+00
13.2167 4.150E+00
13.2333 4.147E+00
13.2500 4.142E+00
13.2667 4.138E+00
13.2833 4.134E+00
13.3000 4.130E+00
13.3167 4.125E+00
13.3333 4.120E+00
13.3500 4.115E+00
13.3667 4.109E+00
13.3833 4.103E+00
13.4000 4.097E+00
13.4167 4.090E+00
13.4333 4.084E+00
13.4500 4.077E+00
13.4667 4.070E+00
13.4833 4.062E+00
13.5000 4.055E+00
13.5167 4.047E+00
13.5333 4.039E+00
13.5500 4.030E+00
13.5667 4.021E+00
13.5833 4.013E+00
13.6000 4.004E+00
13.6167 3.995E+00
13.6333 3.985E+00
13.6500 3.976E+00
13.6667 3.965E+00
13.6833 3.956E+00
13.7000 3.945E+00
13.7167 3.934E+00
13.7333 3.924E+00
13.7500 3.912E+00
13.7667 3.902E+00
13.7833 3.890E+00
13.8000 3.878E+00
13.8167 3.866E+00
13.8333 3.854E+00
13.8500 3.841E+00
13.8667 3.829E+00
13.8833 3.816E+00
13.9000 3.803E+00
13.9167 3.790E+00
13.9333 3.777E+00
13.9500 3.763E+00
13.9667 3.750E+00
13.9833 3.735E+00
14.0000 3.721E+00
14.0167 3.707E+00
14.0333 3.692E+00
14.0500 3.678E+00
14.0667 3.663E+00
14.0833 3.648E+00
14.1000 3.632E+00
14.1167 3.617E+00
14.1333 3.601E+00
14.1500 3.585E+00
14.1667 3.569E+00
14.1833 3.553E+00
14.2000 3.537E+00
14.2167 3.520E+00
14.2333 3.504E+00
14.2500 3.487E+00
14.2667 3.470E+00
14.2833 3.453E+00
14.3000 3.435E+00
14.3167 3.418E+00
14.3333 3.400E+00
14.3500 3.382E+00
14.3667 3.364E+00
14.3833 3.346E+00
14.4000 3.328E+00
14.4167 3.310E+00
14.4333 3.291E+00
14.4500 3.273E+00
14.4667 3.254E+00
14.4833 3.235E+00
14.5000 3.216E+00
14.5167 3.197E+00
14.5333 3.178E+00
14.5500 3.158E+00
14.5667 3.139E+00
14.5833 3.119E+00
14.6000 3.099E+00
14.6167 3.080E+00
14.6333 3.060E+00
14.6500 3.040E+00
14.6667 3.020E+00
14.6833 2.999E+00
14.7000 2.979E+00
14.7167 2.959E+00
14.7333 2.938E+00
14.7500 2.918E+00
14.7667 2.897E+00
14.7833 2.876E+00
14.8000 2.856E+00
14.8167 2.835E+00
14.8333 2.814E+00
14.8500 2.793E+00
14.8667 2.772E+00
14.8833 2.750E+00
14.9000 2.729E+00
14.9167 2.708E+00
14.9333 2.687E+00
14.9500 2.665E+00
14.9667 2.644E+00
14.9833 2.622E+00
