11.0000 3.509E+00
11.0167 3.537E+00
11.0333 3.564E+00
11.0500 3.592E+00
11.0667 3.619E+00
11.0833 3.647E+00
11.1000 3.674E+00
11.1167 3.701E+00
11.1333 3.728E+00
11.1500 3.755E+00
11.1667 3.782E+00
11.1833 3.809E+00
11.2000 3.836E+00
11.2167 3.862E+00
11.2333 3.889E+00
11.2500 3.915E+00
11.2667 3.941E+00
11.2833 3.967E+00
11.3000 3.993E+00
11.3167 4.019E+00
11.3333 4.045E+00
11.3500 4.071E+00
11.3667 4.096E+00
11.3833 4.122E+00
11.4000 4.147E+00
11.4167 4.171E+00
11.4333 4.196E+00
11.4500 4.222E+00
11.4667 4.246E+00
11.4833 4.271E+00
11.5000 4.295E+00
11.5167 4.319E+00
11.5333 4.343E+00
11.5500 4.367E+00
11.5667 4.391E+00
11.5833 4.414E+00
11.6000 4.437E+00
11.6167 4.460E+00
11.6333 4.483E+00
11.6500 4.504E+00
11.6667 4.527E+00
11.6833 4.551E+00
11.7000 4.573E+00
11.7167 4.595E+00
11.7333 4.617E+00
11.7500 4.637E+00
11.7667 4.660E+00
11.7833 4.678E+00
11.8000 4.702E+00
11.8167 4.722E+00
11.8333 4.743E+00
11.8500 4.763E+00
11.8667 4.781E+00
11.8833 4.803E+00
11.9000 4.822E+00
11.9167 4.842E+00
11.9333 4.860E+00
11.9500 4.879E+00
11.9667 4.898E+00
11.9833 4.916E+00
12.0000 4.934E+00
12.0167 4.948E+00
12.0333 4.970E+00
12.0500 4.986E+00
12.0667 5.003E+00
12.0833 5.021E+00
12.1000 5.038E+00
12.1167 5.054E+00
12.1333 5.068E+00
12.1500 5.086E+00
12.1667 5.101E+00
12.1833 5.117E+00
12.2000 5.131E+00
12.2167 5.146E+00
12.2333 5.161E+00
12.2500 5.173E+00
12.2667 5.188E+00
12.2833 5.202E+00
12.3000 5.215E+00
12.3167 5.228E+00
12.3333 5.241E+00
12.3500 5.253E+00
12.3667 5.264E+00
12.3833 5.277E+00
12.4000 5.289E+00
12.4167 5.300E+00
12.4333 5.311E+00
12.4500 5.321E+00
12.4667 5.332E+00
12.4833 5.341E+00
12.5000 5.352E+00
12.5167 5.361E+00
12.5333 5.370E+00
12.5500 5.379E+00
12.5667 5.386E+00
12.5833 5.396E+00
12.6000 5.404E+00
12.6167 5.411E+00
12.6333 5.417E+00
12.6500 5.425E+00
12.6667 5.432E+00
12.6833 5.437E+00
12.7000 5.444E+00
12.7167 5.448E+00
12.7333 5.453E+00
12.7500 5.460E+00
12.7667 5.465E+00
12.7833 5.467E+00
12.8000 5.473E+00
12.8167 5.477E+00
12.8333 5.480E+00
12.8500 5.483E+00
12.8667 5.486E+00
12.8833 5.488E+00
12.9000 5.490E+00
12.9167 5.492E+00
12.9333 5.494E+00
12.9500 5.495E+00
12.9667 5.496E+00
12.9833 5.496E+00
13.0000 5.496E+00
13.0167 5.496E+00
13.0333 5.496E+00
13.0500 5.495E+00
13.0667 5.494E+00
13.0833 5.492E+00
13.1000 5.490E+00
13.1167 5.488E+00
13.1333 5.486E+00
13.1500 5.483E+00
13.1667 5.480E+00
13.1833 5.476E+00
13.2000 5.472E+00
13.2167 5.467E+00
13.2333 5.464E+00
13.2500 5.460E+00
13.2667 5.453E+00
13.2833 5.447E+00
13.3000 5.443E+00
13.3167 5.437E+00
13.3333 5.431E+00
13.3500 5.425E+00
13.3667 5.417E+00
13.3833 5.410E+00
13.4000 5.403E+00
13.4167 5.395E+00
13.4333 5.386E+00
13.4500 5.379E+00
13.4667 5.369E+00
13.4833 5.360E+00
13.5000 5.351E+00
13.5167 5.341E+00
13.5333 5.331E+00
13.5500 5.320E+00
13.5667 5.310E+00
13.5833 5.299E+00
13.6000 5.288E+00
13.6167 5.277E+00
13.6333 5.264E+00
13.6500 5.252E+00
13.6667 5.240E+00
13.6833 5.227E+00
13.7000 5.215E+00
13.7167 5.201E+00
13.7333 5.188E+00
13.7500 5.172E+00
13.7667 5.160E+00
13.7833 5.145E+00
13.8000 5.131E+00
13.8167 5.116E+00
13.8333 5.099E+00
13.8500 5.085E+00
13.8667 5.066E+00
13.8833 5.053E+00
13.9000 5.037E+00
13.9167 5.020E+00
13.9333 5.003E+00
13.9500 4.985E+00
13.9667 4.969E+00
13.9833 4.947E+00
14.0000 4.933E+00
14.0167 4.915E+00
14.0333 4.897E+00
14.0500 4.878E+00
14.0667 4.859E+00
14.0833 4.841E+00
14.1000 4.821E+00
14.1167 4.801E+00
14.1333 4.780E+00
14.1500 4.762E+00
14.1667 4.741E+00
14.1833 4.721E+00
14.2000 4.701E+00
14.2167 4.678E+00
14.2333 4.658E+00
14.2500 4.637E+00
14.2667 4.616E+00
14.2833 4.594E+00
14.3000 4.572E+00
14.3167 4.548E+00
14.3333 4.526E+00
14.3500 4.503E+00
14.3667 4.482E+00
14.3833 4.459E+00
14.4000 4.436E+00
14.4167 4.412E+00
14.4333 4.389E+00
14.4500 4.366E+00
14.4667 4.341E+00
14.4833 4.318E+00
14.5000 4.293E+00
14.5167 4.269E+00
14.5333 4.245E+00
14.5500 4.220E+00
14.5667 4.195E+00
14.5833 4.170E+00
14.6000 4.145E+00
14.6167 4.120E+00
14.6333 4.095E+00
14.6500 4.069E+00
14.6667 4.044E+00
14.6833 4.018E+00
14.7000 3.992E+00
14.7167 3.966E+00
14.7333 3.940E+00
14.7500 3.913E+00
14.7667 3.887E+00
14.7833 3.860E+00
14.8000 3.834E+00
14.8167 3.807E+00
14.8333 3.780E+00
14.8500 3.754E+00
14.8667 3.726E+00
14.8833 3.699E+00
14.9000 3.672E+00
14.9167 3.645E+00
14.9333 3.618E+00
14.9500 3.590E+00
14.9667 3.563E+00
14.9833 3.535E+00
