11.0000 3.007E+00
11.0167 3.031E+00
11.0333 3.055E+00
11.0500 3.079E+00
11.0667 3.103E+00
11.0833 3.127E+00
11.1000 3.151E+00
11.1167 3.175E+00
11.1333 3.199E+00
11.1500 3.223E+00
11.1667 3.246E+00
11.1833 3.270E+00
11.2000 3.293E+00
11.2167 3.316E+00
11.2333 3.340E+00
11.2500 3.363E+00
11.2667 3.386E+00
11.2833 3.409E+00
11.3000 3.432E+00
11.3167 3.454E+00
11.3333 3.477E+00
11.3500 3.500E+00
11.3667 3.522E+00
11.3833 3.544E+00
11.4000 3.566E+00
11.4167 3.588E+00
11.4333 3.610E+00
11.4500 3.632E+00
11.4667 3.654E+00
11.4833 3.675E+00
11.5000 3.697E+00
11.5167 3.718E+00
11.5333 3.739E+00
11.5500 3.760E+00
11.5667 3.781E+00
11.5833 3.801E+00
11.6000 3.822E+00
11.6167 3.842E+00
11.6333 3.862E+00
11.6500 3.882E+00
11.6667 3.902E+00
11.6833 3.921E+00
11.7000 3.941E+00
11.7167 3.960E+00
11.7333 3.979E+00
11.7500 3.998E+00
11.7667 4.017E+00
11.7833 4.035E+00
11.8000 4.053E+00
11.8167 4.072E+00
11.8333 4.090E+00
11.8500 4.108E+00
11.8667 4.124E+00
11.8833 4.142E+00
11.9000 4.159E+00
11.9167 4.176E+00
11.9333 4.193E+00
11.9500 4.210E+00
11.9667 4.226E+00
11.9833 4.242E+00
12.0000 4.258E+00
12.0167 4.274E+00
12.0333 4.289E+00
12.0500 4.304E+00
12.0667 4.320E+00
12.0833 4.334E+00
12.1000 4.349E+00
12.1167 4.363E+00
12.1333 4.377E+00
12.1500 4.391E+00
12.1667 4.405E+00
12.1833 4.418E+00
12.2000 4.430E+00
12.2167 4.444E+00
12.2333 4.457E+00
12.2500 4.468E+00
12.2667 4.481E+00
12.2833 4.492E+00
12.3000 4.505E+00
12.3167 4.516E+00
12.3333 4.526E+00
12.3500 4.538E+00
12.3667 4.548E+00
12.3833 4.558E+00
12.4000 4.569E+00
12.4167 4.579E+00
12.4333 4.588E+00
12.4500 4.597E+00
12.4667 4.606E+00
12.4833 4.615E+00
12.5000 4.622E+00
12.5167 4.631E+00
12.5333 4.639E+00
12.5500 4.645E+00
12.5667 4.654E+00
12.5833 4.662E+00
12.6000 4.668E+00
12.6167 4.675E+00
12.6333 4.681E+00
12.6500 4.687E+00
12.6667 4.693E+00
12.6833 4.697E+00
12.7000 4.703E+00
12.7167 4.708E+00
12.7333 4.712E+00
12.7500 4.717E+00
12.7667 4.721E+00
12.7833 4.724E+00
12.8000 4.728E+00
12.8167 4.730E+00
12.8333 4.734E+00
12.8500 4.737E+00
12.8667 4.739E+00
12.8833 4.741E+00
12.9000 4.742E+00
12.9167 4.744E+00
12.9333 4.745E+00
12.9500 4.746E+00
12.9667 4.746E+00
12.9833 4.747E+00
13.0000 4.746E+00
13.0167 4.746E+00
13.0333 4.745E+00
13.0500 4.744E+00
13.0667 4.744E+00
13.0833 4.742E+00
13.1000 4.740E+00
13.1167 4.738E+00
13.1333 4.736E+00
13.1500 4.733E+00
13.1667 4.730E+00
13.1833 4.727E+00
13.2000 4.724E+00
13.2167 4.720E+00
13.2333 4.716E+00
13.2500 4.711E+00
13.2667 4.707E+00
13.2833 4.702E+00
13.3000 4.695E+00
13.3167 4.691E+00
13.3333 4.686E+00
13.3500 4.680E+00
13.3667 4.673E+00
13.3833 4.666E+00
13.4000 4.660E+00
13.4167 4.653E+00
13.4333 4.645E+00
13.4500 4.637E+00
13.4667 4.628E+00
13.4833 4.620E+00
13.5000 4.613E+00
13.5167 4.604E+00
13.5333 4.595E+00
13.5500 4.586E+00
13.5667 4.576E+00
13.5833 4.566E+00
13.6000 4.556E+00
13.6167 4.546E+00
13.6333 4.535E+00
13.6500 4.522E+00
13.6667 4.513E+00
13.6833 4.502E+00
13.7000 4.489E+00
13.7167 4.478E+00
13.7333 4.466E+00
13.7500 4.453E+00
13.7667 4.441E+00
13.7833 4.428E+00
13.8000 4.415E+00
13.8167 4.402E+00
13.8333 4.388E+00
13.8500 4.373E+00
13.8667 4.359E+00
13.8833 4.346E+00
13.9000 4.331E+00
13.9167 4.315E+00
13.9333 4.301E+00
13.9500 4.286E+00
13.9667 4.269E+00
13.9833 4.255E+00
14.0000 4.239E+00
14.0167 4.222E+00
14.0333 4.206E+00
14.0500 4.189E+00
14.0667 4.173E+00
14.0833 4.155E+00
14.1000 4.139E+00
14.1167 4.121E+00
14.1333 4.103E+00
14.1500 4.085E+00
14.1667 4.068E+00
14.1833 4.050E+00
14.2000 4.031E+00
14.2167 4.012E+00
14.2333 3.994E+00
14.2500 3.975E+00
14.2667 3.955E+00
14.2833 3.936E+00
14.3000 3.917E+00
14.3167 3.897E+00
14.3333 3.877E+00
14.3500 3.857E+00
14.3667 3.837E+00
14.3833 3.817E+00
14.4000 3.796E+00
14.4167 3.776E+00
14.4333 3.755E+00
14.4500 3.734E+00
14.4667 3.713E+00
14.4833 3.692E+00
14.5000 3.670E+00
14.5167 3.649E+00
14.5333 3.627E+00
14.5500 3.605E+00
14.5667 3.583E+00
14.5833 3.561E+00
14.6000 3.539E+00
14.6167 3.517E+00
14.6333 3.494E+00
14.6500 3.472E+00
14.6667 3.449E+00
14.6833 3.426E+00
14.7000 3.403E+00
14.7167 3.380E+00
14.7333 3.357E+00
14.7500 3.334E+00
14.7667 3.311E+00
14.7833 3.287E+00
14.8000 3.264E+00
14.8167 3.241E+00
14.8333 3.217E+00
14.8500 3.193E+00
14.8667 3.169E+00
14.8833 3.146E+00
14.9000 3.122E+00
14.9167 3.098E+00
14.9333 3.074E+00
14.9500 3.050E+00
14.9667 3.025E+00
14.9833 3.001E+00
