11.0000 2.231E+00
11.0167 2.250E+00
11.0333 2.269E+00
11.0500 2.288E+00
11.0667 2.308E+00
11.0833 2.327E+00
11.1000 2.346E+00
11.1167 2.365E+00
11.1333 2.384E+00
11.1500 2.403E+00
11.1667 2.422E+00
11.1833 2.441E+00
11.2000 2.460E+00
11.2167 2.478E+00
11.2333 2.497E+00
11.2500 2.516E+00
11.2667 2.534E+00
11.2833 2.553E+00
11.3000 2.571E+00
11.3167 2.590E+00
11.3333 2.608E+00
11.3500 2.626E+00
11.3667 2.644E+00
11.3833 2.662E+00
11.4000 2.680E+00
11.4167 2.698E+00
11.4333 2.716E+00
11.4500 2.733E+00
11.4667 2.751E+00
11.4833 2.768E+00
11.5000 2.785E+00
11.5167 2.803E+00
11.5333 2.820E+00
11.5500 2.837E+00
11.5667 2.854E+00
11.5833 2.870E+00
11.6000 2.887E+00
11.6167 2.904E+00
11.6333 2.920E+00
11.6500 2.936E+00
11.6667 2.952E+00
11.6833 2.968E+00
11.7000 2.984E+00
11.7167 3.000E+00
11.7333 3.016E+00
11.7500 3.031E+00
11.7667 3.046E+00
11.7833 3.061E+00
11.8000 3.077E+00
11.8167 3.091E+00
11.8333 3.106E+00
11.8500 3.121E+00
11.8667 3.135E+00
11.8833 3.149E+00
11.9000 3.163E+00
11.9167 3.177E+00
11.9333 3.191E+00
11.9500 3.205E+00
11.9667 3.218E+00
11.9833 3.231E+00
12.0000 3.245E+00
12.0167 3.257E+00
12.0333 3.270E+00
12.0500 3.283E+00
12.0667 3.295E+00
12.0833 3.307E+00
12.1000 3.319E+00
12.1167 3.331E+00
12.1333 3.343E+00
12.1500 3.354E+00
12.1667 3.366E+00
12.1833 3.377E+00
12.2000 3.388E+00
12.2167 3.398E+00
12.2333 3.409E+00
12.2500 3.419E+00
12.2667 3.429E+00
12.2833 3.439E+00
12.3000 3.449E+00
12.3167 3.458E+00
12.3333 3.467E+00
12.3500 3.476E+00
12.3667 3.485E+00
12.3833 3.494E+00
12.4000 3.502E+00
12.4167 3.511E+00
12.4333 3.519E+00
12.4500 3.526E+00
12.4667 3.534E+00
12.4833 3.541E+00
12.5000 3.549E+00
12.5167 3.555E+00
12.5333 3.562E+00
12.5500 3.569E+00
12.5667 3.575E+00
12.5833 3.581E+00
12.6000 3.587E+00
12.6167 3.592E+00
12.6333 3.598E+00
12.6500 3.603E+00
12.6667 3.608E+00
12.6833 3.613E+00
12.7000 3.617E+00
12.7167 3.621E+00
12.7333 3.625E+00
12.7500 3.629E+00
12.7667 3.633E+00
12.7833 3.636E+00
12.8000 3.639E+00
12.8167 3.642E+00
12.8333 3.644E+00
12.8500 3.647E+00
12.8667 3.649E+00
12.8833 3.651E+00
12.9000 3.653E+00
12.9167 3.654E+00
12.9333 3.655E+00
12.9500 3.656E+00
12.9667 3.657E+00
12.9833 3.658E+00
13.0000 3.658E+00
13.0167 3.658E+00
13.0333 3.658E+00
13.0500 3.657E+00
13.0667 3.657E+00
13.0833 3.656E+00
13.1000 3.654E+00
13.1167 3.653E+00
13.1333 3.652E+00
13.1500 3.650E+00
13.1667 3.648E+00
13.1833 3.645E+00
13.2000 3.643E+00
13.2167 3.640E+00
13.2333 3.637E+00
13.2500 3.634E+00
13.2667 3.630E+00
13.2833 3.627E+00
13.3000 3.623E+00
13.3167 3.619E+00
13.3333 3.614E+00
13.3500 3.610E+00
13.3667 3.605E+00
13.3833 3.600E+00
13.4000 3.594E+00
13.4167 3.589E+00
13.4333 3.583E+00
13.4500 3.577E+00
13.4667 3.571E+00
13.4833 3.564E+00
13.5000 3.558E+00
13.5167 3.551E+00
13.5333 3.544E+00
13.5500 3.537E+00
13.5667 3.529E+00
13.5833 3.521E+00
13.6000 3.513E+00
13.6167 3.505E+00
13.6333 3.497E+00
13.6500 3.488E+00
13.6667 3.479E+00
13.6833 3.470E+00
13.7000 3.461E+00
13.7167 3.452E+00
13.7333 3.442E+00
13.7500 3.432E+00
13.7667 3.422E+00
13.7833 3.412E+00
13.8000 3.402E+00
13.8167 3.391E+00
13.8333 3.380E+00
13.8500 3.369E+00
13.8667 3.358E+00
13.8833 3.347E+00
13.9000 3.335E+00
13.9167 3.323E+00
13.9333 3.311E+00
13.9500 3.299E+00
13.9667 3.287E+00
13.9833 3.274E+00
14.0000 3.262E+00
14.0167 3.249E+00
14.0333 3.236E+00
14.0500 3.223E+00
14.0667 3.209E+00
14.0833 3.196E+00
14.1000 3.182E+00
14.1167 3.168E+00
14.1333 3.154E+00
14.1500 3.140E+00
14.1667 3.126E+00
14.1833 3.111E+00
14.2000 3.096E+00
14.2167 3.082E+00
14.2333 3.067E+00
14.2500 3.051E+00
14.2667 3.036E+00
14.2833 3.021E+00
14.3000 3.005E+00
14.3167 2.990E+00
14.3333 2.974E+00
14.3500 2.958E+00
14.3667 2.942E+00
14.3833 2.926E+00
14.4000 2.909E+00
14.4167 2.893E+00
14.4333 2.876E+00
14.4500 2.859E+00
14.4667 2.843E+00
14.4833 2.826E+00
14.5000 2.808E+00
14.5167 2.791E+00
14.5333 2.774E+00
14.5500 2.757E+00
14.5667 2.739E+00
14.5833 2.721E+00
14.6000 2.704E+00
14.6167 2.686E+00
14.6333 2.668E+00
14.6500 2.650E+00
14.6667 2.632E+00
14.6833 2.614E+00
14.7000 2.596E+00
14.7167 2.577E+00
14.7333 2.559E+00
14.7500 2.541E+00
14.7667 2.522E+00
14.7833 2.503E+00
14.8000 2.485E+00
14.8167 2.466E+00
14.8333 2.447E+00
14.8500 2.428E+00
14.8667 2.409E+00
14.8833 2.390E+00
14.9000 2.371E+00
14.9167 2.352E+00
14.9333 2.333E+00
14.9500 2.314E+00
14.9667 2.295E+00
14.9833 2.276E+00
