11.0000 3.071E+00
11.0167 3.095E+00
11.0333 3.119E+00
11.0500 3.143E+00
11.0667 3.167E+00
11.0833 3.192E+00
11.1000 3.215E+00
11.1167 3.239E+00
11.1333 3.263E+00
11.1500 3.287E+00
11.1667 3.310E+00
11.1833 3.334E+00
11.2000 3.357E+00
11.2167 3.381E+00
11.2333 3.404E+00
11.2500 3.427E+00
11.2667 3.450E+00
11.2833 3.473E+00
11.3000 3.496E+00
11.3167 3.519E+00
11.3333 3.541E+00
11.3500 3.564E+00
11.3667 3.586E+00
11.3833 3.609E+00
11.4000 3.631E+00
11.4167 3.653E+00
11.4333 3.675E+00
11.4500 3.697E+00
11.4667 3.718E+00
11.4833 3.740E+00
11.5000 3.761E+00
11.5167 3.782E+00
11.5333 3.803E+00
11.5500 3.824E+00
11.5667 3.845E+00
11.5833 3.865E+00
11.6000 3.885E+00
11.6167 3.906E+00
11.6333 3.926E+00
11.6500 3.946E+00
11.6667 3.966E+00
11.6833 3.985E+00
11.7000 4.005E+00
11.7167 4.024E+00
11.7333 4.043E+00
11.7500 4.062E+00
11.7667 4.081E+00
11.7833 4.100E+00
11.8000 4.117E+00
11.8167 4.136E+00
11.8333 4.154E+00
11.8500 4.172E+00
11.8667 4.189E+00
11.8833 4.206E+00
11.9000 4.224E+00
11.9167 4.241E+00
11.9333 4.257E+00
11.9500 4.274E+00
11.9667 4.290E+00
11.9833 4.306E+00
12.0000 4.322E+00
12.0167 4.338E+00
12.0333 4.353E+00
12.0500 4.368E+00
12.0667 4.383E+00
12.0833 4.398E+00
12.1000 4.413E+00
12.1167 4.427E+00
12.1333 4.441E+00
12.1500 4.455E+00
12.1667 4.468E+00
12.1833 4.482E+00
12.2000 4.495E+00
12.2167 4.508E+00
12.2333 4.521E+00
12.2500 4.533E+00
12.2667 4.545E+00
12.2833 4.556E+00
12.3000 4.568E+00
12.3167 4.578E+00
12.3333 4.589E+00
12.3500 4.602E+00
12.3667 4.612E+00
12.3833 4.623E+00
12.4000 4.633E+00
12.4167 4.643E+00
12.4333 4.652E+00
12.4500 4.661E+00
12.4667 4.669E+00
12.4833 4.679E+00
12.5000 4.687E+00
12.5167 4.695E+00
12.5333 4.704E+00
12.5500 4.711E+00
12.5667 4.719E+00
12.5833 4.726E+00
12.6000 4.733E+00
12.6167 4.739E+00
12.6333 4.745E+00
12.6500 4.752E+00
12.6667 4.757E+00
12.6833 4.762E+00
12.7000 4.765E+00
12.7167 4.773E+00
12.7333 4.776E+00
12.7500 4.782E+00
12.7667 4.786E+00
12.7833 4.789E+00
12.8000 4.793E+00
12.8167 4.796E+00
12.8333 4.799E+00
12.8500 4.802E+00
12.8667 4.804E+00
12.8833 4.806E+00
12.9000 4.808E+00
12.9167 4.809E+00
12.9333 4.811E+00
12.9500 4.812E+00
12.9667 4.812E+00
12.9833 4.813E+00
13.0000 4.812E+00
13.0167 4.812E+00
13.0333 4.812E+00
13.0500 4.811E+00
13.0667 4.810E+00
13.0833 4.808E+00
13.1000 4.807E+00
13.1167 4.805E+00
13.1333 4.803E+00
13.1500 4.800E+00
13.1667 4.797E+00
13.1833 4.794E+00
13.2000 4.790E+00
13.2167 4.787E+00
13.2333 4.783E+00
13.2500 4.779E+00
13.2667 4.774E+00
13.2833 4.766E+00
13.3000 4.762E+00
13.3167 4.759E+00
13.3333 4.754E+00
13.3500 4.747E+00
13.3667 4.741E+00
13.3833 4.735E+00
13.4000 4.728E+00
13.4167 4.721E+00
13.4333 4.714E+00
13.4500 4.707E+00
13.4667 4.698E+00
13.4833 4.690E+00
13.5000 4.682E+00
13.5167 4.674E+00
13.5333 4.664E+00
13.5500 4.655E+00
13.5667 4.645E+00
13.5833 4.636E+00
13.6000 4.626E+00
13.6167 4.616E+00
13.6333 4.606E+00
13.6500 4.594E+00
13.6667 4.583E+00
13.6833 4.572E+00
13.7000 4.561E+00
13.7167 4.549E+00
13.7333 4.537E+00
13.7500 4.525E+00
13.7667 4.512E+00
13.7833 4.500E+00
13.8000 4.487E+00
13.8167 4.473E+00
13.8333 4.456E+00
13.8500 4.446E+00
13.8667 4.432E+00
13.8833 4.418E+00
13.9000 4.404E+00
13.9167 4.389E+00
13.9333 4.373E+00
13.9500 4.359E+00
13.9667 4.343E+00
13.9833 4.328E+00
14.0000 4.312E+00
14.0167 4.296E+00
14.0333 4.280E+00
14.0500 4.262E+00
14.0667 4.247E+00
14.0833 4.228E+00
14.1000 4.213E+00
14.1167 4.194E+00
14.1333 4.178E+00
14.1500 4.160E+00
14.1667 4.143E+00
14.1833 4.124E+00
14.2000 4.106E+00
14.2167 4.088E+00
14.2333 4.069E+00
14.2500 4.050E+00
14.2667 4.031E+00
14.2833 4.012E+00
14.3000 3.992E+00
14.3167 3.972E+00
14.3333 3.953E+00
14.3500 3.933E+00
14.3667 3.913E+00
14.3833 3.893E+00
14.4000 3.872E+00
14.4167 3.851E+00
14.4333 3.832E+00
14.4500 3.810E+00
14.4667 3.790E+00
14.4833 3.768E+00
14.5000 3.747E+00
14.5167 3.726E+00
14.5333 3.704E+00
14.5500 3.683E+00
14.5667 3.661E+00
14.5833 3.639E+00
14.6000 3.617E+00
14.6167 3.594E+00
14.6333 3.572E+00
14.6500 3.550E+00
14.6667 3.527E+00
14.6833 3.504E+00
14.7000 3.481E+00
14.7167 3.458E+00
14.7333 3.435E+00
14.7500 3.412E+00
14.7667 3.389E+00
14.7833 3.366E+00
14.8000 3.342E+00
14.8167 3.319E+00
14.8333 3.295E+00
14.8500 3.272E+00
14.8667 3.248E+00
14.8833 3.224E+00
14.9000 3.200E+00
14.9167 3.176E+00
14.9333 3.152E+00
14.9500 3.128E+00
14.9667 3.104E+00
14.9833 3.079E+00
