11.0000 2.690E+00
11.0167 2.713E+00
11.0333 2.735E+00
11.0500 2.757E+00
11.0667 2.780E+00
11.0833 2.802E+00
11.1000 2.824E+00
11.1167 2.846E+00
11.1333 2.868E+00
11.1500 2.890E+00
11.1667 2.912E+00
11.1833 2.934E+00
11.2000 2.956E+00
11.2167 2.978E+00
11.2333 2.999E+00
11.2500 3.021E+00
11.2667 3.043E+00
11.2833 3.064E+00
11.3000 3.085E+00
11.3167 3.106E+00
11.3333 3.128E+00
11.3500 3.149E+00
11.3667 3.169E+00
11.3833 3.190E+00
11.4000 3.211E+00
11.4167 3.231E+00
11.4333 3.252E+00
11.4500 3.272E+00
11.4667 3.292E+00
11.4833 3.313E+00
11.5000 3.332E+00
11.5167 3.352E+00
11.5333 3.372E+00
11.5500 3.392E+00
11.5667 3.411E+00
11.5833 3.430E+00
11.6000 3.449E+00
11.6167 3.468E+00
11.6333 3.487E+00
11.6500 3.506E+00
11.6667 3.524E+00
11.6833 3.543E+00
11.7000 3.561E+00
11.7167 3.579E+00
11.7333 3.597E+00
11.7500 3.615E+00
11.7667 3.632E+00
11.7833 3.649E+00
11.8000 3.667E+00
11.8167 3.684E+00
11.8333 3.700E+00
11.8500 3.717E+00
11.8667 3.733E+00
11.8833 3.750E+00
11.9000 3.766E+00
11.9167 3.782E+00
11.9333 3.798E+00
11.9500 3.813E+00
11.9667 3.828E+00
11.9833 3.843E+00
12.0000 3.858E+00
12.0167 3.873E+00
12.0333 3.888E+00
12.0500 3.902E+00
12.0667 3.916E+00
12.0833 3.930E+00
12.1000 3.943E+00
12.1167 3.957E+00
12.1333 3.970E+00
12.1500 3.983E+00
12.1667 3.996E+00
12.1833 4.008E+00
12.2000 4.020E+00
12.2167 4.033E+00
12.2333 4.044E+00
12.2500 4.056E+00
12.2667 4.067E+00
12.2833 4.079E+00
12.3000 4.089E+00
12.3167 4.100E+00
12.3333 4.110E+00
12.3500 4.121E+00
12.3667 4.131E+00
12.3833 4.140E+00
12.4000 4.150E+00
12.4167 4.159E+00
12.4333 4.168E+00
12.4500 4.176E+00
12.4667 4.185E+00
12.4833 4.193E+00
12.5000 4.202E+00
12.5167 4.209E+00
12.5333 4.217E+00
12.5500 4.223E+00
12.5667 4.230E+00
12.5833 4.237E+00
12.6000 4.244E+00
12.6167 4.250E+00
12.6333 4.256E+00
12.6500 4.262E+00
12.6667 4.266E+00
12.6833 4.271E+00
12.7000 4.277E+00
12.7167 4.281E+00
12.7333 4.286E+00
12.7500 4.290E+00
12.7667 4.293E+00
12.7833 4.297E+00
12.8000 4.300E+00
12.8167 4.303E+00
12.8333 4.306E+00
12.8500 4.309E+00
12.8667 4.310E+00
12.8833 4.313E+00
12.9000 4.314E+00
12.9167 4.316E+00
12.9333 4.316E+00
12.9500 4.317E+00
12.9667 4.317E+00
12.9833 4.318E+00
13.0000 4.317E+00
13.0167 4.317E+00
13.0333 4.317E+00
13.0500 4.316E+00
13.0667 4.316E+00
13.0833 4.314E+00
13.1000 4.312E+00
13.1167 4.310E+00
13.1333 4.309E+00
13.1500 4.306E+00
13.1667 4.303E+00
13.1833 4.300E+00
13.2000 4.297E+00
13.2167 4.293E+00
13.2333 4.290E+00
13.2500 4.286E+00
13.2667 4.281E+00
13.2833 4.277E+00
13.3000 4.271E+00
13.3167 4.266E+00
13.3333 4.262E+00
13.3500 4.256E+00
13.3667 4.250E+00
13.3833 4.244E+00
13.4000 4.237E+00
13.4167 4.230E+00
13.4333 4.224E+00
13.4500 4.217E+00
13.4667 4.209E+00
13.4833 4.202E+00
13.5000 4.193E+00
13.5167 4.185E+00
13.5333 4.176E+00
13.5500 4.168E+00
13.5667 4.159E+00
13.5833 4.150E+00
13.6000 4.140E+00
13.6167 4.131E+00
13.6333 4.121E+00
13.6500 4.110E+00
13.6667 4.100E+00
13.6833 4.089E+00
13.7000 4.079E+00
13.7167 4.067E+00
13.7333 4.056E+00
13.7500 4.044E+00
13.7667 4.033E+00
13.7833 4.020E+00
13.8000 4.008E+00
13.8167 3.996E+00
13.8333 3.983E+00
13.8500 3.970E+00
13.8667 3.957E+00
13.8833 3.943E+00
13.9000 3.930E+00
13.9167 3.916E+00
13.9333 3.902E+00
13.9500 3.888E+00
13.9667 3.873E+00
13.9833 3.858E+00
14.0000 3.844E+00
14.0167 3.828E+00
14.0333 3.813E+00
14.0500 3.798E+00
14.0667 3.782E+00
14.0833 3.766E+00
14.1000 3.750E+00
14.1167 3.734E+00
14.1333 3.717E+00
14.1500 3.701E+00
14.1667 3.684E+00
14.1833 3.667E+00
14.2000 3.650E+00
14.2167 3.632E+00
14.2333 3.615E+00
14.2500 3.597E+00
14.2667 3.579E+00
14.2833 3.561E+00
14.3000 3.543E+00
14.3167 3.524E+00
14.3333 3.506E+00
14.3500 3.487E+00
14.3667 3.468E+00
14.3833 3.449E+00
14.4000 3.430E+00
14.4167 3.411E+00
14.4333 3.392E+00
14.4500 3.372E+00
14.4667 3.352E+00
14.4833 3.333E+00
14.5000 3.313E+00
14.5167 3.293E+00
14.5333 3.272E+00
14.5500 3.252E+00
14.5667 3.232E+00
14.5833 3.211E+00
14.6000 3.190E+00
14.6167 3.170E+00
14.6333 3.149E+00
14.6500 3.128E+00
14.6667 3.107E+00
14.6833 3.085E+00
14.7000 3.064E+00
14.7167 3.043E+00
14.7333 3.021E+00
14.7500 3.000E+00
14.7667 2.978E+00
14.7833 2.956E+00
14.8000 2.934E+00
14.8167 2.913E+00
14.8333 2.891E+00
14.8500 2.869E+00
14.8667 2.846E+00
14.8833 2.824E+00
14.9000 2.802E+00
14.9167 2.780E+00
14.9333 2.758E+00
14.9500 2.735E+00
14.9667 2.713E+00
14.9833 2.690E+00
