11.0000 2.530E+00
11.0167 2.550E+00
11.0333 2.570E+00
11.0500 2.591E+00
11.0667 2.611E+00
11.0833 2.631E+00
11.1000 2.651E+00
11.1167 2.671E+00
11.1333 2.691E+00
11.1500 2.711E+00
11.1667 2.731E+00
11.1833 2.751E+00
11.2000 2.771E+00
11.2167 2.790E+00
11.2333 2.810E+00
11.2500 2.829E+00
11.2667 2.849E+00
11.2833 2.868E+00
11.3000 2.887E+00
11.3167 2.906E+00
11.3333 2.925E+00
11.3500 2.944E+00
11.3667 2.963E+00
11.3833 2.982E+00
11.4000 3.001E+00
11.4167 3.019E+00
11.4333 3.038E+00
11.4500 3.056E+00
11.4667 3.074E+00
11.4833 3.092E+00
11.5000 3.110E+00
11.5167 3.128E+00
11.5333 3.146E+00
11.5500 3.164E+00
11.5667 3.181E+00
11.5833 3.198E+00
11.6000 3.216E+00
11.6167 3.233E+00
11.6333 3.250E+00
11.6500 3.266E+00
11.6667 3.283E+00
11.6833 3.300E+00
11.7000 3.316E+00
11.7167 3.332E+00
11.7333 3.348E+00
11.7500 3.364E+00
11.7667 3.380E+00
11.7833 3.395E+00
11.8000 3.411E+00
11.8167 3.426E+00
11.8333 3.441E+00
11.8500 3.456E+00
11.8667 3.471E+00
11.8833 3.486E+00
11.9000 3.500E+00
11.9167 3.514E+00
11.9333 3.528E+00
11.9500 3.543E+00
11.9667 3.556E+00
11.9833 3.570E+00
12.0000 3.583E+00
12.0167 3.596E+00
12.0333 3.609E+00
12.0500 3.622E+00
12.0667 3.635E+00
12.0833 3.647E+00
12.1000 3.660E+00
12.1167 3.671E+00
12.1333 3.683E+00
12.1500 3.694E+00
12.1667 3.706E+00
12.1833 3.716E+00
12.2000 3.729E+00
12.2167 3.739E+00
12.2333 3.750E+00
12.2500 3.760E+00
12.2667 3.770E+00
12.2833 3.779E+00
12.3000 3.790E+00
12.3167 3.800E+00
12.3333 3.809E+00
12.3500 3.818E+00
12.3667 3.827E+00
12.3833 3.836E+00
12.4000 3.844E+00
12.4167 3.853E+00
12.4333 3.861E+00
12.4500 3.868E+00
12.4667 3.876E+00
12.4833 3.883E+00
12.5000 3.890E+00
12.5167 3.897E+00
12.5333 3.904E+00
12.5500 3.910E+00
12.5667 3.916E+00
12.5833 3.922E+00
12.6000 3.928E+00
12.6167 3.934E+00
12.6333 3.939E+00
12.6500 3.944E+00
12.6667 3.949E+00
12.6833 3.953E+00
12.7000 3.958E+00
12.7167 3.962E+00
12.7333 3.965E+00
12.7500 3.968E+00
12.7667 3.972E+00
12.7833 3.975E+00
12.8000 3.978E+00
12.8167 3.981E+00
12.8333 3.984E+00
12.8500 3.986E+00
12.8667 3.987E+00
12.8833 3.989E+00
12.9000 3.991E+00
12.9167 3.992E+00
12.9333 3.993E+00
12.9500 3.993E+00
12.9667 3.994E+00
12.9833 3.994E+00
13.0000 3.994E+00
13.0167 3.994E+00
13.0333 3.993E+00
13.0500 3.992E+00
13.0667 3.991E+00
13.0833 3.990E+00
13.1000 3.987E+00
13.1167 3.987E+00
13.1333 3.985E+00
13.1500 3.983E+00
13.1667 3.980E+00
13.1833 3.977E+00
13.2000 3.974E+00
13.2167 3.971E+00
13.2333 3.966E+00
13.2500 3.964E+00
13.2667 3.960E+00
13.2833 3.956E+00
13.3000 3.952E+00
13.3167 3.946E+00
13.3333 3.942E+00
13.3500 3.937E+00
13.3667 3.931E+00
13.3833 3.926E+00
13.4000 3.919E+00
13.4167 3.914E+00
13.4333 3.908E+00
13.4500 3.902E+00
13.4667 3.895E+00
13.4833 3.888E+00
13.5000 3.880E+00
13.5167 3.873E+00
13.5333 3.865E+00
13.5500 3.858E+00
13.5667 3.849E+00
13.5833 3.841E+00
13.6000 3.833E+00
13.6167 3.823E+00
13.6333 3.815E+00
13.6500 3.806E+00
13.6667 3.796E+00
13.6833 3.787E+00
13.7000 3.777E+00
13.7167 3.767E+00
13.7333 3.757E+00
13.7500 3.746E+00
13.7667 3.736E+00
13.7833 3.725E+00
13.8000 3.713E+00
13.8167 3.702E+00
13.8333 3.690E+00
13.8500 3.679E+00
13.8667 3.667E+00
13.8833 3.654E+00
13.9000 3.643E+00
13.9167 3.630E+00
13.9333 3.617E+00
13.9500 3.604E+00
13.9667 3.591E+00
13.9833 3.578E+00
14.0000 3.565E+00
14.0167 3.551E+00
14.0333 3.537E+00
14.0500 3.523E+00
14.0667 3.509E+00
14.0833 3.495E+00
14.1000 3.481E+00
14.1167 3.466E+00
14.1333 3.451E+00
14.1500 3.436E+00
14.1667 3.421E+00
14.1833 3.405E+00
14.2000 3.390E+00
14.2167 3.374E+00
14.2333 3.358E+00
14.2500 3.342E+00
14.2667 3.326E+00
14.2833 3.310E+00
14.3000 3.293E+00
14.3167 3.277E+00
14.3333 3.260E+00
14.3500 3.243E+00
14.3667 3.226E+00
14.3833 3.209E+00
14.4000 3.192E+00
14.4167 3.175E+00
14.4333 3.157E+00
14.4500 3.139E+00
14.4667 3.122E+00
14.4833 3.104E+00
14.5000 3.086E+00
14.5167 3.068E+00
14.5333 3.049E+00
14.5500 3.031E+00
14.5667 3.012E+00
14.5833 2.994E+00
14.6000 2.975E+00
14.6167 2.956E+00
14.6333 2.937E+00
14.6500 2.918E+00
14.6667 2.899E+00
14.6833 2.880E+00
14.7000 2.861E+00
14.7167 2.842E+00
14.7333 2.822E+00
14.7500 2.803E+00
14.7667 2.783E+00
14.7833 2.763E+00
14.8000 2.744E+00
14.8167 2.724E+00
14.8333 2.704E+00
14.8500 2.684E+00
14.8667 2.664E+00
14.8833 2.644E+00
14.9000 2.624E+00
14.9167 2.603E+00
14.9333 2.583E+00
14.9500 2.563E+00
14.9667 2.542E+00
14.9833 2.522E+00
