11.0000 2.837E+00
11.0167 2.860E+00
11.0333 2.884E+00
11.0500 2.907E+00
11.0667 2.931E+00
11.0833 2.954E+00
11.1000 2.978E+00
11.1167 3.001E+00
11.1333 3.024E+00
11.1500 3.048E+00
11.1667 3.071E+00
11.1833 3.094E+00
11.2000 3.117E+00
11.2167 3.140E+00
11.2333 3.162E+00
11.2500 3.185E+00
11.2667 3.208E+00
11.2833 3.230E+00
11.3000 3.253E+00
11.3167 3.275E+00
11.3333 3.297E+00
11.3500 3.319E+00
11.3667 3.341E+00
11.3833 3.363E+00
11.4000 3.385E+00
11.4167 3.407E+00
11.4333 3.428E+00
11.4500 3.450E+00
11.4667 3.471E+00
11.4833 3.492E+00
11.5000 3.513E+00
11.5167 3.534E+00
11.5333 3.554E+00
11.5500 3.575E+00
11.5667 3.596E+00
11.5833 3.616E+00
11.6000 3.636E+00
11.6167 3.656E+00
11.6333 3.676E+00
11.6500 3.695E+00
11.6667 3.715E+00
11.6833 3.734E+00
11.7000 3.753E+00
11.7167 3.772E+00
11.7333 3.791E+00
11.7500 3.810E+00
11.7667 3.828E+00
11.7833 3.846E+00
11.8000 3.865E+00
11.8167 3.883E+00
11.8333 3.900E+00
11.8500 3.918E+00
11.8667 3.935E+00
11.8833 3.952E+00
11.9000 3.969E+00
11.9167 3.986E+00
11.9333 4.002E+00
11.9500 4.019E+00
11.9667 4.035E+00
11.9833 4.051E+00
12.0000 4.066E+00
12.0167 4.082E+00
12.0333 4.097E+00
12.0500 4.112E+00
12.0667 4.127E+00
12.0833 4.141E+00
12.1000 4.156E+00
12.1167 4.170E+00
12.1333 4.184E+00
12.1500 4.197E+00
12.1667 4.211E+00
12.1833 4.224E+00
12.2000 4.237E+00
12.2167 4.249E+00
12.2333 4.262E+00
12.2500 4.274E+00
12.2667 4.286E+00
12.2833 4.298E+00
12.3000 4.309E+00
12.3167 4.321E+00
12.3333 4.332E+00
12.3500 4.342E+00
12.3667 4.353E+00
12.3833 4.363E+00
12.4000 4.373E+00
12.4167 4.383E+00
12.4333 4.391E+00
12.4500 4.401E+00
12.4667 4.410E+00
12.4833 4.418E+00
12.5000 4.427E+00
12.5167 4.435E+00
12.5333 4.443E+00
12.5500 4.451E+00
12.5667 4.457E+00
12.5833 4.465E+00
12.6000 4.472E+00
12.6167 4.478E+00
12.6333 4.484E+00
12.6500 4.490E+00
12.6667 4.496E+00
12.6833 4.501E+00
12.7000 4.507E+00
12.7167 4.510E+00
12.7333 4.516E+00
12.7500 4.520E+00
12.7667 4.524E+00
12.7833 4.528E+00
12.8000 4.530E+00
12.8167 4.534E+00
12.8333 4.537E+00
12.8500 4.539E+00
12.8667 4.541E+00
12.8833 4.544E+00
12.9000 4.545E+00
12.9167 4.547E+00
12.9333 4.548E+00
12.9500 4.548E+00
12.9667 4.549E+00
12.9833 4.549E+00
13.0000 4.549E+00
13.0167 4.549E+00
13.0333 4.548E+00
13.0500 4.548E+00
13.0667 4.547E+00
13.0833 4.545E+00
13.1000 4.544E+00
13.1167 4.541E+00
13.1333 4.538E+00
13.1500 4.537E+00
13.1667 4.534E+00
13.1833 4.530E+00
13.2000 4.527E+00
13.2167 4.524E+00
13.2333 4.520E+00
13.2500 4.515E+00
13.2667 4.510E+00
13.2833 4.506E+00
13.3000 4.501E+00
13.3167 4.495E+00
13.3333 4.489E+00
13.3500 4.484E+00
13.3667 4.477E+00
13.3833 4.471E+00
13.4000 4.464E+00
13.4167 4.456E+00
13.4333 4.450E+00
13.4500 4.442E+00
13.4667 4.434E+00
13.4833 4.426E+00
13.5000 4.417E+00
13.5167 4.409E+00
13.5333 4.401E+00
13.5500 4.391E+00
13.5667 4.382E+00
13.5833 4.372E+00
13.6000 4.362E+00
13.6167 4.351E+00
13.6333 4.341E+00
13.6500 4.331E+00
13.6667 4.319E+00
13.6833 4.308E+00
13.7000 4.297E+00
13.7167 4.285E+00
13.7333 4.273E+00
13.7500 4.261E+00
13.7667 4.248E+00
13.7833 4.235E+00
13.8000 4.223E+00
13.8167 4.209E+00
13.8333 4.196E+00
13.8500 4.182E+00
13.8667 4.168E+00
13.8833 4.154E+00
13.9000 4.140E+00
13.9167 4.125E+00
13.9333 4.110E+00
13.9500 4.095E+00
13.9667 4.080E+00
13.9833 4.065E+00
14.0000 4.049E+00
14.0167 4.033E+00
14.0333 4.017E+00
14.0500 4.001E+00
14.0667 3.984E+00
14.0833 3.967E+00
14.1000 3.951E+00
14.1167 3.933E+00
14.1333 3.916E+00
14.1500 3.898E+00
14.1667 3.881E+00
14.1833 3.863E+00
14.2000 3.845E+00
14.2167 3.826E+00
14.2333 3.808E+00
14.2500 3.789E+00
14.2667 3.770E+00
14.2833 3.751E+00
14.3000 3.732E+00
14.3167 3.713E+00
14.3333 3.693E+00
14.3500 3.674E+00
14.3667 3.654E+00
14.3833 3.634E+00
14.4000 3.614E+00
14.4167 3.593E+00
14.4333 3.573E+00
14.4500 3.552E+00
14.4667 3.532E+00
14.4833 3.511E+00
14.5000 3.490E+00
14.5167 3.469E+00
14.5333 3.447E+00
14.5500 3.426E+00
14.5667 3.404E+00
14.5833 3.383E+00
14.6000 3.361E+00
14.6167 3.339E+00
14.6333 3.317E+00
14.6500 3.295E+00
14.6667 3.273E+00
14.6833 3.250E+00
14.7000 3.228E+00
14.7167 3.205E+00
14.7333 3.183E+00
14.7500 3.160E+00
14.7667 3.137E+00
14.7833 3.114E+00
14.8000 3.091E+00
14.8167 3.068E+00
14.8333 3.045E+00
14.8500 3.022E+00
14.8667 2.999E+00
14.8833 2.975E+00
14.9000 2.952E+00
14.9167 2.929E+00
14.9333 2.905E+00
14.9500 2.881E+00
14.9667 2.858E+00
14.9833 2.834E+00
