11.0000 2.372E+00
11.0167 2.392E+00
11.0333 2.412E+00
11.0500 2.432E+00
11.0667 2.453E+00
11.0833 2.473E+00
11.1000 2.493E+00
11.1167 2.513E+00
11.1333 2.533E+00
11.1500 2.553E+00
11.1667 2.573E+00
11.1833 2.593E+00
11.2000 2.613E+00
11.2167 2.633E+00
11.2333 2.652E+00
11.2500 2.672E+00
11.2667 2.691E+00
11.2833 2.711E+00
11.3000 2.730E+00
11.3167 2.749E+00
11.3333 2.769E+00
11.3500 2.788E+00
11.3667 2.807E+00
11.3833 2.826E+00
11.4000 2.845E+00
11.4167 2.863E+00
11.4333 2.882E+00
11.4500 2.901E+00
11.4667 2.919E+00
11.4833 2.937E+00
11.5000 2.955E+00
11.5167 2.974E+00
11.5333 2.992E+00
11.5500 3.009E+00
11.5667 3.027E+00
11.5833 3.045E+00
11.6000 3.062E+00
11.6167 3.080E+00
11.6333 3.097E+00
11.6500 3.114E+00
11.6667 3.131E+00
11.6833 3.147E+00
11.7000 3.164E+00
11.7167 3.181E+00
11.7333 3.197E+00
11.7500 3.213E+00
11.7667 3.229E+00
11.7833 3.245E+00
11.8000 3.261E+00
11.8167 3.277E+00
11.8333 3.292E+00
11.8500 3.307E+00
11.8667 3.322E+00
11.8833 3.337E+00
11.9000 3.352E+00
11.9167 3.367E+00
11.9333 3.381E+00
11.9500 3.395E+00
11.9667 3.409E+00
11.9833 3.423E+00
12.0000 3.437E+00
12.0167 3.451E+00
12.0333 3.464E+00
12.0500 3.477E+00
12.0667 3.490E+00
12.0833 3.503E+00
12.1000 3.515E+00
12.1167 3.528E+00
12.1333 3.540E+00
12.1500 3.552E+00
12.1667 3.564E+00
12.1833 3.575E+00
12.2000 3.587E+00
12.2167 3.598E+00
12.2333 3.609E+00
12.2500 3.619E+00
12.2667 3.630E+00
12.2833 3.640E+00
12.3000 3.650E+00
12.3167 3.660E+00
12.3333 3.670E+00
12.3500 3.679E+00
12.3667 3.689E+00
12.3833 3.698E+00
12.4000 3.707E+00
12.4167 3.715E+00
12.4333 3.723E+00
12.4500 3.731E+00
12.4667 3.739E+00
12.4833 3.747E+00
12.5000 3.755E+00
12.5167 3.762E+00
12.5333 3.769E+00
12.5500 3.775E+00
12.5667 3.782E+00
12.5833 3.788E+00
12.6000 3.794E+00
12.6167 3.800E+00
12.6333 3.806E+00
12.6500 3.811E+00
12.6667 3.816E+00
12.6833 3.821E+00
12.7000 3.825E+00
12.7167 3.830E+00
12.7333 3.834E+00
12.7500 3.838E+00
12.7667 3.841E+00
12.7833 3.845E+00
12.8000 3.848E+00
12.8167 3.851E+00
12.8333 3.853E+00
12.8500 3.856E+00
12.8667 3.858E+00
12.8833 3.860E+00
12.9000 3.862E+00
12.9167 3.863E+00
12.9333 3.864E+00
12.9500 3.865E+00
12.9667 3.866E+00
12.9833 3.866E+00
13.0000 3.866E+00
13.0167 3.866E+00
13.0333 3.866E+00
13.0500 3.866E+00
13.0667 3.865E+00
13.0833 3.864E+00
13.1000 3.862E+00
13.1167 3.861E+00
13.1333 3.859E+00
13.1500 3.857E+00
13.1667 3.855E+00
13.1833 3.852E+00
13.2000 3.849E+00
13.2167 3.846E+00
13.2333 3.843E+00
13.2500 3.840E+00
13.2667 3.836E+00
13.2833 3.832E+00
13.3000 3.828E+00
13.3167 3.823E+00
13.3333 3.818E+00
13.3500 3.814E+00
13.3667 3.808E+00
13.3833 3.803E+00
13.4000 3.797E+00
13.4167 3.791E+00
13.4333 3.785E+00
13.4500 3.779E+00
13.4667 3.772E+00
13.4833 3.765E+00
13.5000 3.758E+00
13.5167 3.751E+00
13.5333 3.743E+00
13.5500 3.735E+00
13.5667 3.728E+00
13.5833 3.719E+00
13.6000 3.711E+00
13.6167 3.702E+00
13.6333 3.693E+00
13.6500 3.684E+00
13.6667 3.675E+00
13.6833 3.665E+00
13.7000 3.656E+00
13.7167 3.646E+00
13.7333 3.635E+00
13.7500 3.625E+00
13.7667 3.614E+00
13.7833 3.603E+00
13.8000 3.592E+00
13.8167 3.581E+00
13.8333 3.570E+00
13.8500 3.558E+00
13.8667 3.546E+00
13.8833 3.534E+00
13.9000 3.522E+00
13.9167 3.509E+00
13.9333 3.496E+00
13.9500 3.484E+00
13.9667 3.471E+00
13.9833 3.457E+00
14.0000 3.444E+00
14.0167 3.430E+00
14.0333 3.417E+00
14.0500 3.403E+00
14.0667 3.388E+00
14.0833 3.374E+00
14.1000 3.360E+00
14.1167 3.345E+00
14.1333 3.330E+00
14.1500 3.315E+00
14.1667 3.300E+00
14.1833 3.285E+00
14.2000 3.269E+00
14.2167 3.253E+00
14.2333 3.237E+00
14.2500 3.222E+00
14.2667 3.205E+00
14.2833 3.189E+00
14.3000 3.173E+00
14.3167 3.156E+00
14.3333 3.139E+00
14.3500 3.122E+00
14.3667 3.105E+00
14.3833 3.088E+00
14.4000 3.071E+00
14.4167 3.054E+00
14.4333 3.036E+00
14.4500 3.018E+00
14.4667 3.001E+00
14.4833 2.983E+00
14.5000 2.965E+00
14.5167 2.947E+00
14.5333 2.928E+00
14.5500 2.910E+00
14.5667 2.891E+00
14.5833 2.873E+00
14.6000 2.854E+00
14.6167 2.835E+00
14.6333 2.817E+00
14.6500 2.798E+00
14.6667 2.779E+00
14.6833 2.759E+00
14.7000 2.740E+00
14.7167 2.721E+00
14.7333 2.701E+00
14.7500 2.682E+00
14.7667 2.662E+00
14.7833 2.643E+00
14.8000 2.623E+00
14.8167 2.603E+00
14.8333 2.583E+00
14.8500 2.563E+00
14.8667 2.543E+00
14.8833 2.523E+00
14.9000 2.503E+00
14.9167 2.483E+00
14.9333 2.463E+00
14.9500 2.443E+00
14.9667 2.423E+00
14.9833 2.402E+00
