11.0000 2.817E+00
11.0167 2.839E+00
11.0333 2.861E+00
11.0500 2.884E+00
11.0667 2.906E+00
11.0833 2.928E+00
11.1000 2.950E+00
11.1167 2.972E+00
11.1333 2.994E+00
11.1500 3.016E+00
11.1667 3.038E+00
11.1833 3.060E+00
11.2000 3.081E+00
11.2167 3.103E+00
11.2333 3.124E+00
11.2500 3.146E+00
11.2667 3.167E+00
11.2833 3.188E+00
11.3000 3.209E+00
11.3167 3.230E+00
11.3333 3.251E+00
11.3500 3.272E+00
11.3667 3.293E+00
11.3833 3.313E+00
11.4000 3.334E+00
11.4167 3.354E+00
11.4333 3.374E+00
11.4500 3.394E+00
11.4667 3.414E+00
11.4833 3.434E+00
11.5000 3.454E+00
11.5167 3.473E+00
11.5333 3.493E+00
11.5500 3.512E+00
11.5667 3.532E+00
11.5833 3.550E+00
11.6000 3.569E+00
11.6167 3.588E+00
11.6333 3.606E+00
11.6500 3.625E+00
11.6667 3.643E+00
11.6833 3.661E+00
11.7000 3.679E+00
11.7167 3.697E+00
11.7333 3.715E+00
11.7500 3.732E+00
11.7667 3.749E+00
11.7833 3.766E+00
11.8000 3.783E+00
11.8167 3.800E+00
11.8333 3.817E+00
11.8500 3.833E+00
11.8667 3.849E+00
11.8833 3.865E+00
11.9000 3.881E+00
11.9167 3.897E+00
11.9333 3.912E+00
11.9500 3.928E+00
11.9667 3.943E+00
11.9833 3.958E+00
12.0000 3.972E+00
12.0167 3.987E+00
12.0333 4.001E+00
12.0500 4.015E+00
12.0667 4.029E+00
12.0833 4.042E+00
12.1000 4.056E+00
12.1167 4.068E+00
12.1333 4.082E+00
12.1500 4.094E+00
12.1667 4.107E+00
12.1833 4.118E+00
12.2000 4.131E+00
12.2167 4.144E+00
12.2333 4.154E+00
12.2500 4.167E+00
12.2667 4.178E+00
12.2833 4.189E+00
12.3000 4.199E+00
12.3167 4.209E+00
12.3333 4.220E+00
12.3500 4.230E+00
12.3667 4.240E+00
12.3833 4.247E+00
12.4000 4.259E+00
12.4167 4.268E+00
12.4333 4.276E+00
12.4500 4.285E+00
12.4667 4.292E+00
12.4833 4.301E+00
12.5000 4.309E+00
12.5167 4.317E+00
12.5333 4.323E+00
12.5500 4.331E+00
12.5667 4.338E+00
12.5833 4.344E+00
12.6000 4.351E+00
12.6167 4.357E+00
12.6333 4.362E+00
12.6500 4.368E+00
12.6667 4.373E+00
12.6833 4.378E+00
12.7000 4.383E+00
12.7167 4.387E+00
12.7333 4.392E+00
12.7500 4.396E+00
12.7667 4.399E+00
12.7833 4.403E+00
12.8000 4.406E+00
12.8167 4.409E+00
12.8333 4.411E+00
12.8500 4.414E+00
12.8667 4.416E+00
12.8833 4.418E+00
12.9000 4.419E+00
12.9167 4.421E+00
12.9333 4.422E+00
12.9500 4.422E+00
12.9667 4.423E+00
12.9833 4.423E+00
13.0000 4.423E+00
13.0167 4.422E+00
13.0333 4.422E+00
13.0500 4.422E+00
13.0667 4.421E+00
13.0833 4.419E+00
13.1000 4.418E+00
13.1167 4.416E+00
13.1333 4.414E+00
13.1500 4.411E+00
13.1667 4.409E+00
13.1833 4.406E+00
13.2000 4.403E+00
13.2167 4.399E+00
13.2333 4.395E+00
13.2500 4.391E+00
13.2667 4.387E+00
13.2833 4.383E+00
13.3000 4.378E+00
13.3167 4.372E+00
13.3333 4.368E+00
13.3500 4.362E+00
13.3667 4.356E+00
13.3833 4.350E+00
13.4000 4.344E+00
13.4167 4.338E+00
13.4333 4.331E+00
13.4500 4.323E+00
13.4667 4.316E+00
13.4833 4.309E+00
13.5000 4.301E+00
13.5167 4.291E+00
13.5333 4.285E+00
13.5500 4.276E+00
13.5667 4.267E+00
13.5833 4.258E+00
13.6000 4.247E+00
13.6167 4.239E+00
13.6333 4.230E+00
13.6500 4.219E+00
13.6667 4.208E+00
13.6833 4.199E+00
13.7000 4.188E+00
13.7167 4.177E+00
13.7333 4.166E+00
13.7500 4.154E+00
13.7667 4.143E+00
13.7833 4.130E+00
13.8000 4.117E+00
13.8167 4.106E+00
13.8333 4.094E+00
13.8500 4.081E+00
13.8667 4.067E+00
13.8833 4.055E+00
13.9000 4.042E+00
13.9167 4.028E+00
13.9333 4.014E+00
13.9500 4.000E+00
13.9667 3.986E+00
13.9833 3.971E+00
14.0000 3.957E+00
14.0167 3.942E+00
14.0333 3.927E+00
14.0500 3.912E+00
14.0667 3.896E+00
14.0833 3.881E+00
14.1000 3.865E+00
14.1167 3.848E+00
14.1333 3.832E+00
14.1500 3.816E+00
14.1667 3.799E+00
14.1833 3.782E+00
14.2000 3.766E+00
14.2167 3.749E+00
14.2333 3.731E+00
14.2500 3.714E+00
14.2667 3.696E+00
14.2833 3.678E+00
14.3000 3.660E+00
14.3167 3.642E+00
14.3333 3.624E+00
14.3500 3.605E+00
14.3667 3.587E+00
14.3833 3.568E+00
14.4000 3.549E+00
14.4167 3.530E+00
14.4333 3.511E+00
14.4500 3.492E+00
14.4667 3.472E+00
14.4833 3.453E+00
14.5000 3.433E+00
14.5167 3.413E+00
14.5333 3.393E+00
14.5500 3.373E+00
14.5667 3.353E+00
14.5833 3.332E+00
14.6000 3.312E+00
14.6167 3.292E+00
14.6333 3.271E+00
14.6500 3.250E+00
14.6667 3.229E+00
14.6833 3.208E+00
14.7000 3.187E+00
14.7167 3.166E+00
14.7333 3.145E+00
14.7500 3.123E+00
14.7667 3.101E+00
14.7833 3.080E+00
14.8000 3.058E+00
14.8167 3.037E+00
14.8333 3.015E+00
14.8500 2.993E+00
14.8667 2.971E+00
14.8833 2.949E+00
14.9000 2.927E+00
14.9167 2.905E+00
14.9333 2.882E+00
14.9500 2.860E+00
14.9667 2.838E+00
14.9833 2.815E+00
