11.0000 2.363E+00
11.0167 2.383E+00
11.0333 2.402E+00
11.0500 2.422E+00
11.0667 2.442E+00
11.0833 2.461E+00
11.1000 2.481E+00
11.1167 2.500E+00
11.1333 2.520E+00
11.1500 2.539E+00
11.1667 2.558E+00
11.1833 2.578E+00
11.2000 2.597E+00
11.2167 2.616E+00
11.2333 2.635E+00
11.2500 2.654E+00
11.2667 2.673E+00
11.2833 2.691E+00
11.3000 2.710E+00
11.3167 2.729E+00
11.3333 2.747E+00
11.3500 2.766E+00
11.3667 2.784E+00
11.3833 2.802E+00
11.4000 2.820E+00
11.4167 2.839E+00
11.4333 2.857E+00
11.4500 2.874E+00
11.4667 2.892E+00
11.4833 2.910E+00
11.5000 2.927E+00
11.5167 2.945E+00
11.5333 2.962E+00
11.5500 2.979E+00
11.5667 2.996E+00
11.5833 3.013E+00
11.6000 3.030E+00
11.6167 3.047E+00
11.6333 3.063E+00
11.6500 3.080E+00
11.6667 3.096E+00
11.6833 3.112E+00
11.7000 3.128E+00
11.7167 3.144E+00
11.7333 3.160E+00
11.7500 3.175E+00
11.7667 3.191E+00
11.7833 3.206E+00
11.8000 3.221E+00
11.8167 3.236E+00
11.8333 3.251E+00
11.8500 3.266E+00
11.8667 3.280E+00
11.8833 3.294E+00
11.9000 3.308E+00
11.9167 3.322E+00
11.9333 3.336E+00
11.9500 3.350E+00
11.9667 3.363E+00
11.9833 3.377E+00
12.0000 3.390E+00
12.0167 3.403E+00
12.0333 3.415E+00
12.0500 3.428E+00
12.0667 3.440E+00
12.0833 3.453E+00
12.1000 3.465E+00
12.1167 3.476E+00
12.1333 3.488E+00
12.1500 3.499E+00
12.1667 3.511E+00
12.1833 3.522E+00
12.2000 3.533E+00
12.2167 3.543E+00
12.2333 3.554E+00
12.2500 3.564E+00
12.2667 3.574E+00
12.2833 3.584E+00
12.3000 3.593E+00
12.3167 3.603E+00
12.3333 3.612E+00
12.3500 3.621E+00
12.3667 3.630E+00
12.3833 3.638E+00
12.4000 3.647E+00
12.4167 3.655E+00
12.4333 3.663E+00
12.4500 3.670E+00
12.4667 3.678E+00
12.4833 3.685E+00
12.5000 3.692E+00
12.5167 3.698E+00
12.5333 3.705E+00
12.5500 3.712E+00
12.5667 3.718E+00
12.5833 3.724E+00
12.6000 3.729E+00
12.6167 3.734E+00
12.6333 3.740E+00
12.6500 3.745E+00
12.6667 3.750E+00
12.6833 3.754E+00
12.7000 3.759E+00
12.7167 3.763E+00
12.7333 3.766E+00
12.7500 3.770E+00
12.7667 3.773E+00
12.7833 3.777E+00
12.8000 3.779E+00
12.8167 3.782E+00
12.8333 3.784E+00
12.8500 3.787E+00
12.8667 3.789E+00
12.8833 3.790E+00
12.9000 3.792E+00
12.9167 3.793E+00
12.9333 3.794E+00
12.9500 3.794E+00
12.9667 3.795E+00
12.9833 3.795E+00
13.0000 3.795E+00
13.0167 3.795E+00
13.0333 3.794E+00
13.0500 3.794E+00
13.0667 3.793E+00
13.0833 3.792E+00
13.1000 3.791E+00
13.1167 3.789E+00
13.1333 3.787E+00
13.1500 3.785E+00
13.1667 3.783E+00
13.1833 3.779E+00
13.2000 3.777E+00
13.2167 3.774E+00
13.2333 3.771E+00
13.2500 3.768E+00
13.2667 3.763E+00
13.2833 3.759E+00
13.3000 3.755E+00
13.3167 3.751E+00
13.3333 3.746E+00
13.3500 3.741E+00
13.3667 3.736E+00
13.3833 3.731E+00
13.4000 3.725E+00
13.4167 3.719E+00
13.4333 3.714E+00
13.4500 3.707E+00
13.4667 3.701E+00
13.4833 3.694E+00
13.5000 3.687E+00
13.5167 3.680E+00
13.5333 3.672E+00
13.5500 3.664E+00
13.5667 3.657E+00
13.5833 3.649E+00
13.6000 3.640E+00
13.6167 3.632E+00
13.6333 3.623E+00
13.6500 3.614E+00
13.6667 3.605E+00
13.6833 3.596E+00
13.7000 3.586E+00
13.7167 3.577E+00
13.7333 3.567E+00
13.7500 3.556E+00
13.7667 3.546E+00
13.7833 3.536E+00
13.8000 3.525E+00
13.8167 3.514E+00
13.8333 3.503E+00
13.8500 3.491E+00
13.8667 3.480E+00
13.8833 3.468E+00
13.9000 3.456E+00
13.9167 3.444E+00
13.9333 3.431E+00
13.9500 3.419E+00
13.9667 3.406E+00
13.9833 3.393E+00
14.0000 3.380E+00
14.0167 3.367E+00
14.0333 3.354E+00
14.0500 3.340E+00
14.0667 3.326E+00
14.0833 3.312E+00
14.1000 3.298E+00
14.1167 3.284E+00
14.1333 3.269E+00
14.1500 3.255E+00
14.1667 3.240E+00
14.1833 3.225E+00
14.2000 3.210E+00
14.2167 3.195E+00
14.2333 3.180E+00
14.2500 3.164E+00
14.2667 3.148E+00
14.2833 3.133E+00
14.3000 3.117E+00
14.3167 3.100E+00
14.3333 3.084E+00
14.3500 3.068E+00
14.3667 3.051E+00
14.3833 3.035E+00
14.4000 3.018E+00
14.4167 3.001E+00
14.4333 2.984E+00
14.4500 2.967E+00
14.4667 2.950E+00
14.4833 2.932E+00
14.5000 2.915E+00
14.5167 2.897E+00
14.5333 2.879E+00
14.5500 2.862E+00
14.5667 2.844E+00
14.5833 2.825E+00
14.6000 2.807E+00
14.6167 2.789E+00
14.6333 2.771E+00
14.6500 2.752E+00
14.6667 2.734E+00
14.6833 2.715E+00
14.7000 2.697E+00
14.7167 2.678E+00
14.7333 2.659E+00
14.7500 2.640E+00
14.7667 2.621E+00
14.7833 2.602E+00
14.8000 2.583E+00
14.8167 2.564E+00
14.8333 2.544E+00
14.8500 2.525E+00
14.8667 2.506E+00
14.8833 2.486E+00
14.9000 2.467E+00
14.9167 2.447E+00
14.9333 2.428E+00
14.9500 2.408E+00
14.9667 2.388E+00
14.9833 2.369E+00
