11.0000 3.512E+00
11.0167 3.540E+00
11.0333 3.568E+00
11.0500 3.595E+00
11.0667 3.623E+00
11.0833 3.650E+00
11.1000 3.678E+00
11.1167 3.705E+00
11.1333 3.732E+00
11.1500 3.759E+00
11.1667 3.786E+00
11.1833 3.813E+00
11.2000 3.840E+00
11.2167 3.867E+00
11.2333 3.894E+00
11.2500 3.920E+00
11.2667 3.947E+00
11.2833 3.973E+00
11.3000 3.999E+00
11.3167 4.025E+00
11.3333 4.051E+00
11.3500 4.076E+00
11.3667 4.102E+00
11.3833 4.128E+00
11.4000 4.153E+00
11.4167 4.178E+00
11.4333 4.203E+00
11.4500 4.228E+00
11.4667 4.253E+00
11.4833 4.278E+00
11.5000 4.302E+00
11.5167 4.326E+00
11.5333 4.350E+00
11.5500 4.374E+00
11.5667 4.398E+00
11.5833 4.422E+00
11.6000 4.445E+00
11.6167 4.468E+00
11.6333 4.491E+00
11.6500 4.514E+00
11.6667 4.537E+00
11.6833 4.558E+00
11.7000 4.582E+00
11.7167 4.603E+00
11.7333 4.626E+00
11.7500 4.647E+00
11.7667 4.668E+00
11.7833 4.689E+00
11.8000 4.711E+00
11.8167 4.730E+00
11.8333 4.752E+00
11.8500 4.772E+00
11.8667 4.792E+00
11.8833 4.811E+00
11.9000 4.832E+00
11.9167 4.851E+00
11.9333 4.870E+00
11.9500 4.888E+00
11.9667 4.906E+00
11.9833 4.926E+00
12.0000 4.945E+00
12.0167 4.961E+00
12.0333 4.980E+00
12.0500 4.997E+00
12.0667 5.015E+00
12.0833 5.032E+00
12.1000 5.048E+00
12.1167 5.065E+00
12.1333 5.081E+00
12.1500 5.097E+00
12.1667 5.112E+00
12.1833 5.128E+00
12.2000 5.143E+00
12.2167 5.157E+00
12.2333 5.172E+00
12.2500 5.186E+00
12.2667 5.196E+00
12.2833 5.211E+00
12.3000 5.227E+00
12.3167 5.240E+00
12.3333 5.252E+00
12.3500 5.265E+00
12.3667 5.277E+00
12.3833 5.289E+00
12.4000 5.301E+00
12.4167 5.311E+00
12.4333 5.323E+00
12.4500 5.333E+00
12.4667 5.344E+00
12.4833 5.354E+00
12.5000 5.364E+00
12.5167 5.373E+00
12.5333 5.382E+00
12.5500 5.391E+00
12.5667 5.399E+00
12.5833 5.407E+00
12.6000 5.416E+00
12.6167 5.423E+00
12.6333 5.429E+00
12.6500 5.437E+00
12.6667 5.443E+00
12.6833 5.450E+00
12.7000 5.456E+00
12.7167 5.462E+00
12.7333 5.467E+00
12.7500 5.472E+00
12.7667 5.477E+00
12.7833 5.481E+00
12.8000 5.485E+00
12.8167 5.489E+00
12.8333 5.492E+00
12.8500 5.495E+00
12.8667 5.498E+00
12.8833 5.500E+00
12.9000 5.502E+00
12.9167 5.503E+00
12.9333 5.503E+00
12.9500 5.505E+00
12.9667 5.506E+00
12.9833 5.507E+00
13.0000 5.507E+00
13.0167 5.507E+00
13.0333 5.506E+00
13.0500 5.504E+00
13.0667 5.503E+00
13.0833 5.503E+00
13.1000 5.502E+00
13.1167 5.500E+00
13.1333 5.497E+00
13.1500 5.495E+00
13.1667 5.491E+00
13.1833 5.488E+00
13.2000 5.484E+00
13.2167 5.480E+00
13.2333 5.476E+00
13.2500 5.471E+00
13.2667 5.465E+00
13.2833 5.460E+00
13.3000 5.454E+00
13.3167 5.448E+00
13.3333 5.441E+00
13.3500 5.434E+00
13.3667 5.425E+00
13.3833 5.421E+00
13.4000 5.413E+00
13.4167 5.405E+00
13.4333 5.397E+00
13.4500 5.389E+00
13.4667 5.378E+00
13.4833 5.370E+00
13.5000 5.361E+00
13.5167 5.351E+00
13.5333 5.341E+00
13.5500 5.330E+00
13.5667 5.320E+00
13.5833 5.308E+00
13.6000 5.297E+00
13.6167 5.286E+00
13.6333 5.274E+00
13.6500 5.262E+00
13.6667 5.249E+00
13.6833 5.236E+00
13.7000 5.223E+00
13.7167 5.210E+00
13.7333 5.196E+00
13.7500 5.182E+00
13.7667 5.168E+00
13.7833 5.152E+00
13.8000 5.139E+00
13.8167 5.124E+00
13.8333 5.107E+00
13.8500 5.092E+00
13.8667 5.077E+00
13.8833 5.059E+00
13.9000 5.044E+00
13.9167 5.027E+00
13.9333 5.010E+00
13.9500 4.992E+00
13.9667 4.976E+00
13.9833 4.958E+00
14.0000 4.940E+00
14.0167 4.921E+00
14.0333 4.903E+00
14.0500 4.884E+00
14.0667 4.865E+00
14.0833 4.846E+00
14.1000 4.826E+00
14.1167 4.807E+00
14.1333 4.787E+00
14.1500 4.767E+00
14.1667 4.747E+00
14.1833 4.726E+00
14.2000 4.705E+00
14.2167 4.684E+00
14.2333 4.663E+00
14.2500 4.641E+00
14.2667 4.620E+00
14.2833 4.598E+00
14.3000 4.575E+00
14.3167 4.553E+00
14.3333 4.531E+00
14.3500 4.508E+00
14.3667 4.485E+00
14.3833 4.462E+00
14.4000 4.437E+00
14.4167 4.415E+00
14.4333 4.392E+00
14.4500 4.368E+00
14.4667 4.344E+00
14.4833 4.320E+00
14.5000 4.295E+00
14.5167 4.270E+00
14.5333 4.246E+00
14.5500 4.222E+00
14.5667 4.197E+00
14.5833 4.171E+00
14.6000 4.146E+00
14.6167 4.121E+00
14.6333 4.095E+00
14.6500 4.070E+00
14.6667 4.044E+00
14.6833 4.018E+00
14.7000 3.992E+00
14.7167 3.966E+00
14.7333 3.939E+00
14.7500 3.913E+00
14.7667 3.886E+00
14.7833 3.860E+00
14.8000 3.833E+00
14.8167 3.806E+00
14.8333 3.779E+00
14.8500 3.752E+00
14.8667 3.725E+00
14.8833 3.698E+00
14.9000 3.670E+00
14.9167 3.643E+00
14.9333 3.615E+00
14.9500 3.588E+00
14.9667 3.560E+00
14.9833 3.532E+00
