11.0000 2.380E+00
11.0167 2.400E+00
11.0333 2.420E+00
11.0500 2.440E+00
11.0667 2.460E+00
11.0833 2.480E+00
11.1000 2.500E+00
11.1167 2.519E+00
11.1333 2.539E+00
11.1500 2.559E+00
11.1667 2.578E+00
11.1833 2.598E+00
11.2000 2.618E+00
11.2167 2.637E+00
11.2333 2.656E+00
11.2500 2.676E+00
11.2667 2.695E+00
11.2833 2.714E+00
11.3000 2.733E+00
11.3167 2.752E+00
11.3333 2.771E+00
11.3500 2.790E+00
11.3667 2.808E+00
11.3833 2.827E+00
11.4000 2.845E+00
11.4167 2.864E+00
11.4333 2.882E+00
11.4500 2.900E+00
11.4667 2.918E+00
11.4833 2.936E+00
11.5000 2.954E+00
11.5167 2.972E+00
11.5333 2.990E+00
11.5500 3.007E+00
11.5667 3.025E+00
11.5833 3.042E+00
11.6000 3.059E+00
11.6167 3.076E+00
11.6333 3.093E+00
11.6500 3.110E+00
11.6667 3.126E+00
11.6833 3.143E+00
11.7000 3.159E+00
11.7167 3.175E+00
11.7333 3.191E+00
11.7500 3.207E+00
11.7667 3.223E+00
11.7833 3.238E+00
11.8000 3.254E+00
11.8167 3.269E+00
11.8333 3.284E+00
11.8500 3.299E+00
11.8667 3.314E+00
11.8833 3.328E+00
11.9000 3.343E+00
11.9167 3.357E+00
11.9333 3.371E+00
11.9500 3.385E+00
11.9667 3.399E+00
11.9833 3.412E+00
12.0000 3.426E+00
12.0167 3.439E+00
12.0333 3.452E+00
12.0500 3.465E+00
12.0667 3.478E+00
12.0833 3.490E+00
12.1000 3.502E+00
12.1167 3.514E+00
12.1333 3.526E+00
12.1500 3.538E+00
12.1667 3.549E+00
12.1833 3.561E+00
12.2000 3.572E+00
12.2167 3.583E+00
12.2333 3.593E+00
12.2500 3.604E+00
12.2667 3.614E+00
12.2833 3.624E+00
12.3000 3.634E+00
12.3167 3.644E+00
12.3333 3.653E+00
12.3500 3.662E+00
12.3667 3.671E+00
12.3833 3.680E+00
12.4000 3.688E+00
12.4167 3.697E+00
12.4333 3.705E+00
12.4500 3.713E+00
12.4667 3.720E+00
12.4833 3.728E+00
12.5000 3.735E+00
12.5167 3.742E+00
12.5333 3.749E+00
12.5500 3.755E+00
12.5667 3.761E+00
12.5833 3.768E+00
12.6000 3.773E+00
12.6167 3.779E+00
12.6333 3.784E+00
12.6500 3.789E+00
12.6667 3.794E+00
12.6833 3.799E+00
12.7000 3.803E+00
12.7167 3.807E+00
12.7333 3.811E+00
12.7500 3.815E+00
12.7667 3.819E+00
12.7833 3.822E+00
12.8000 3.825E+00
12.8167 3.827E+00
12.8333 3.830E+00
12.8500 3.832E+00
12.8667 3.834E+00
12.8833 3.836E+00
12.9000 3.837E+00
12.9167 3.839E+00
12.9333 3.840E+00
12.9500 3.841E+00
12.9667 3.841E+00
12.9833 3.841E+00
13.0000 3.841E+00
13.0167 3.841E+00
13.0333 3.841E+00
13.0500 3.840E+00
13.0667 3.840E+00
13.0833 3.838E+00
13.1000 3.837E+00
13.1167 3.835E+00
13.1333 3.833E+00
13.1500 3.831E+00
13.1667 3.829E+00
13.1833 3.826E+00
13.2000 3.824E+00
13.2167 3.821E+00
13.2333 3.817E+00
13.2500 3.814E+00
13.2667 3.810E+00
13.2833 3.806E+00
13.3000 3.802E+00
13.3167 3.797E+00
13.3333 3.793E+00
13.3500 3.787E+00
13.3667 3.782E+00
13.3833 3.777E+00
13.4000 3.771E+00
13.4167 3.765E+00
13.4333 3.759E+00
13.4500 3.753E+00
13.4667 3.746E+00
13.4833 3.739E+00
13.5000 3.732E+00
13.5167 3.725E+00
13.5333 3.718E+00
13.5500 3.710E+00
13.5667 3.702E+00
13.5833 3.694E+00
13.6000 3.685E+00
13.6167 3.677E+00
13.6333 3.668E+00
13.6500 3.659E+00
13.6667 3.649E+00
13.6833 3.640E+00
13.7000 3.630E+00
13.7167 3.620E+00
13.7333 3.610E+00
13.7500 3.600E+00
13.7667 3.589E+00
13.7833 3.579E+00
13.8000 3.568E+00
13.8167 3.557E+00
13.8333 3.545E+00
13.8500 3.534E+00
13.8667 3.522E+00
13.8833 3.510E+00
13.9000 3.498E+00
13.9167 3.485E+00
13.9333 3.473E+00
13.9500 3.460E+00
13.9667 3.447E+00
13.9833 3.434E+00
14.0000 3.421E+00
14.0167 3.407E+00
14.0333 3.394E+00
14.0500 3.380E+00
14.0667 3.366E+00
14.0833 3.352E+00
14.1000 3.337E+00
14.1167 3.323E+00
14.1333 3.308E+00
14.1500 3.293E+00
14.1667 3.278E+00
14.1833 3.263E+00
14.2000 3.248E+00
14.2167 3.232E+00
14.2333 3.217E+00
14.2500 3.201E+00
14.2667 3.185E+00
14.2833 3.169E+00
14.3000 3.153E+00
14.3167 3.136E+00
14.3333 3.120E+00
14.3500 3.103E+00
14.3667 3.086E+00
14.3833 3.070E+00
14.4000 3.052E+00
14.4167 3.035E+00
14.4333 3.018E+00
14.4500 3.001E+00
14.4667 2.983E+00
14.4833 2.965E+00
14.5000 2.947E+00
14.5167 2.930E+00
14.5333 2.912E+00
14.5500 2.893E+00
14.5667 2.875E+00
14.5833 2.857E+00
14.6000 2.838E+00
14.6167 2.820E+00
14.6333 2.801E+00
14.6500 2.783E+00
14.6667 2.764E+00
14.6833 2.745E+00
14.7000 2.726E+00
14.7167 2.707E+00
14.7333 2.688E+00
14.7500 2.668E+00
14.7667 2.649E+00
14.7833 2.630E+00
14.8000 2.610E+00
14.8167 2.591E+00
14.8333 2.571E+00
14.8500 2.551E+00
14.8667 2.532E+00
14.8833 2.512E+00
14.9000 2.492E+00
14.9167 2.472E+00
14.9333 2.452E+00
14.9500 2.432E+00
14.9667 2.412E+00
14.9833 2.392E+00
