11.0000 3.280E+00
11.0167 3.306E+00
11.0333 3.331E+00
11.0500 3.357E+00
11.0667 3.383E+00
11.0833 3.409E+00
11.1000 3.434E+00
11.1167 3.460E+00
11.1333 3.485E+00
11.1500 3.510E+00
11.1667 3.536E+00
11.1833 3.561E+00
11.2000 3.586E+00
11.2167 3.611E+00
11.2333 3.636E+00
11.2500 3.660E+00
11.2667 3.685E+00
11.2833 3.710E+00
11.3000 3.734E+00
11.3167 3.758E+00
11.3333 3.783E+00
11.3500 3.807E+00
11.3667 3.831E+00
11.3833 3.854E+00
11.4000 3.878E+00
11.4167 3.901E+00
11.4333 3.925E+00
11.4500 3.948E+00
11.4667 3.971E+00
11.4833 3.994E+00
11.5000 4.017E+00
11.5167 4.039E+00
11.5333 4.062E+00
11.5500 4.085E+00
11.5667 4.106E+00
11.5833 4.128E+00
11.6000 4.150E+00
11.6167 4.172E+00
11.6333 4.194E+00
11.6500 4.215E+00
11.6667 4.236E+00
11.6833 4.257E+00
11.7000 4.278E+00
11.7167 4.299E+00
11.7333 4.319E+00
11.7500 4.338E+00
11.7667 4.359E+00
11.7833 4.379E+00
11.8000 4.398E+00
11.8167 4.418E+00
11.8333 4.437E+00
11.8500 4.456E+00
11.8667 4.475E+00
11.8833 4.493E+00
11.9000 4.511E+00
11.9167 4.530E+00
11.9333 4.548E+00
11.9500 4.565E+00
11.9667 4.581E+00
11.9833 4.600E+00
12.0000 4.617E+00
12.0167 4.634E+00
12.0333 4.650E+00
12.0500 4.666E+00
12.0667 4.682E+00
12.0833 4.698E+00
12.1000 4.714E+00
12.1167 4.729E+00
12.1333 4.742E+00
12.1500 4.759E+00
12.1667 4.772E+00
12.1833 4.788E+00
12.2000 4.802E+00
12.2167 4.815E+00
12.2333 4.828E+00
12.2500 4.842E+00
12.2667 4.855E+00
12.2833 4.868E+00
12.3000 4.880E+00
12.3167 4.892E+00
12.3333 4.904E+00
12.3500 4.916E+00
12.3667 4.927E+00
12.3833 4.938E+00
12.4000 4.949E+00
12.4167 4.959E+00
12.4333 4.969E+00
12.4500 4.979E+00
12.4667 4.989E+00
12.4833 4.998E+00
12.5000 5.007E+00
12.5167 5.016E+00
12.5333 5.025E+00
12.5500 5.032E+00
12.5667 5.041E+00
12.5833 5.048E+00
12.6000 5.056E+00
12.6167 5.063E+00
12.6333 5.070E+00
12.6500 5.074E+00
12.6667 5.079E+00
12.6833 5.087E+00
12.7000 5.094E+00
12.7167 5.099E+00
12.7333 5.103E+00
12.7500 5.108E+00
12.7667 5.113E+00
12.7833 5.117E+00
12.8000 5.120E+00
12.8167 5.124E+00
12.8333 5.127E+00
12.8500 5.130E+00
12.8667 5.133E+00
12.8833 5.135E+00
12.9000 5.137E+00
12.9167 5.138E+00
12.9333 5.140E+00
12.9500 5.141E+00
12.9667 5.141E+00
12.9833 5.142E+00
13.0000 5.142E+00
13.0167 5.141E+00
13.0333 5.141E+00
13.0500 5.140E+00
13.0667 5.139E+00
13.0833 5.137E+00
13.1000 5.136E+00
13.1167 5.134E+00
13.1333 5.131E+00
13.1500 5.129E+00
13.1667 5.126E+00
13.1833 5.122E+00
13.2000 5.119E+00
13.2167 5.115E+00
13.2333 5.111E+00
13.2500 5.106E+00
13.2667 5.101E+00
13.2833 5.096E+00
13.3000 5.090E+00
13.3167 5.085E+00
13.3333 5.077E+00
13.3500 5.073E+00
13.3667 5.066E+00
13.3833 5.059E+00
13.4000 5.052E+00
13.4167 5.045E+00
13.4333 5.037E+00
13.4500 5.029E+00
13.4667 5.021E+00
13.4833 5.012E+00
13.5000 5.003E+00
13.5167 4.994E+00
13.5333 4.985E+00
13.5500 4.975E+00
13.5667 4.964E+00
13.5833 4.954E+00
13.6000 4.944E+00
13.6167 4.933E+00
13.6333 4.922E+00
13.6500 4.910E+00
13.6667 4.898E+00
13.6833 4.886E+00
13.7000 4.874E+00
13.7167 4.862E+00
13.7333 4.846E+00
13.7500 4.836E+00
13.7667 4.822E+00
13.7833 4.809E+00
13.8000 4.794E+00
13.8167 4.781E+00
13.8333 4.766E+00
13.8500 4.752E+00
13.8667 4.737E+00
13.8833 4.721E+00
13.9000 4.706E+00
13.9167 4.690E+00
13.9333 4.675E+00
13.9500 4.658E+00
13.9667 4.642E+00
13.9833 4.625E+00
14.0000 4.608E+00
14.0167 4.591E+00
14.0333 4.575E+00
14.0500 4.557E+00
14.0667 4.539E+00
14.0833 4.520E+00
14.1000 4.503E+00
14.1167 4.484E+00
14.1333 4.466E+00
14.1500 4.446E+00
14.1667 4.428E+00
14.1833 4.409E+00
14.2000 4.389E+00
14.2167 4.369E+00
14.2333 4.350E+00
14.2500 4.330E+00
14.2667 4.309E+00
14.2833 4.289E+00
14.3000 4.268E+00
14.3167 4.247E+00
14.3333 4.226E+00
14.3500 4.205E+00
14.3667 4.182E+00
14.3833 4.162E+00
14.4000 4.140E+00
14.4167 4.118E+00
14.4333 4.096E+00
14.4500 4.074E+00
14.4667 4.051E+00
14.4833 4.029E+00
14.5000 4.006E+00
14.5167 3.983E+00
14.5333 3.961E+00
14.5500 3.937E+00
14.5667 3.914E+00
14.5833 3.890E+00
14.6000 3.867E+00
14.6167 3.843E+00
14.6333 3.819E+00
14.6500 3.795E+00
14.6667 3.771E+00
14.6833 3.747E+00
14.7000 3.723E+00
14.7167 3.698E+00
14.7333 3.674E+00
14.7500 3.649E+00
14.7667 3.624E+00
14.7833 3.599E+00
14.8000 3.574E+00
14.8167 3.549E+00
14.8333 3.524E+00
14.8500 3.499E+00
14.8667 3.473E+00
14.8833 3.448E+00
14.9000 3.422E+00
14.9167 3.397E+00
14.9333 3.371E+00
14.9500 3.345E+00
14.9667 3.319E+00
14.9833 3.293E+00
