366
190601 269.83 2019 6 1
190602 3604.68 2019 6 2
190603 272.53 2019 6 3
190604 3604.68 2019 6 4
190605 266.22 2019 6 5
190606 257.89 2019 6 6
190607 260.65 2019 6 7
190608 264.84 2019 6 8
190609 90000.0 2019 6 9
190610 264.81 2019 6 10
190611 273.3 2019 6 11
190612 269.34 2019 6 12
190613 275.55 2019 6 13
190614 259.12 2019 6 14
190615 251.86 2019 6 15
190616 242.61 2019 6 16
190617 248.5 2019 6 17
190618 745.07 2019 6 18
190619 245.02 2019 6 19
190620 240.34 2019 6 20
190621 239.25 2019 6 21
190622 251.01 2019 6 22
190623 251.46 2019 6 23
190624 266.5 2019 6 24
190625 3604.68 2019 6 25
190626 280.77 2019 6 26
190627 271.73 2019 6 27
190628 281.78 2019 6 28
190629 292.59 2019 6 29
190630 283.77 2019 6 30
190701 306.72 2019 7 1
190702 302.01 2019 7 2
190703 295.94 2019 7 3
190704 290.48 2019 7 4
190705 313.72 2019 7 5
190706 290.48 2019 7 6
190707 263.86 2019 7 7
190708 269.58 2019 7 8
190709 251.33 2019 7 9
190710 261.86 2019 7 10
190711 290.48 2019 7 11
190712 276.68 2019 7 12
190713 272.19 2019 7 13
190714 278.17 2019 7 14
190715 278.79 2019 7 15
190716 269.32 2019 7 16
190717 271.45 2019 7 17
190718 291.72 2019 7 18
190719 292.43 2019 7 19
190720 290.48 2019 7 20
190721 293.81 2019 7 21
190722 311.62 2019 7 22
190723 316.47 2019 7 23
190724 306.34 2019 7 24
190725 318.04 2019 7 25
190726 320.6 2019 7 26
190727 290.48 2019 7 27
190728 309.68 2019 7 28
190729 313.98 2019 7 29
190730 284.67 2019 7 30
190731 281.43 2019 7 31
190801 301.52 2019 8 1
190802 333.05 2019 8 2
190803 309.13 2019 8 3
190804 272.75 2019 8 4
190805 295.94 2019 8 5
190806 258.84 2019 8 6
190807 295.94 2019 8 7
190808 274.0 2019 8 8
190809 311.88 2019 8 9
190810 296.77 2019 8 10
190811 284.28 2019 8 11
190812 295.94 2019 8 12
190813 298.87 2019 8 13
190814 285.68 2019 8 14
190815 286.57 2019 8 15
190816 280.36 2019 8 16
190817 293.19 2019 8 17
190818 302.76 2019 8 18
190819 300.63 2019 8 19
190820 290.52 2019 8 20
190821 295.94 2019 8 21
190822 312.26 2019 8 22
190823 283.48 2019 8 23
190824 306.37 2019 8 24
190825 283.8 2019 8 25
190826 277.86 2019 8 26
190827 291.38 2019 8 27
190828 295.94 2019 8 28
190829 299.35 2019 8 29
190830 336.66 2019 8 30
190831 322.54 2019 8 31
190901 287.02 2019 9 1
190902 306.51 2019 9 2
190903 327.15 2019 9 3
190904 319.13 2019 9 4
190905 309.44 2019 9 5
190906 300.97 2019 9 6
190907 278.14 2019 9 7
190908 300.97 2019 9 8
190909 332.88 2019 9 9
190910 331.28 2019 9 10
190911 295.44 2019 9 11
190912 298.03 2019 9 12
190913 300.97 2019 9 13
190914 279.15 2019 9 14
190915 274.9 2019 9 15
190916 300.43 2019 9 16
190917 293.04 2019 9 17
190918 282.38 2019 9 18
190919 293.29 2019 9 19
190920 309.41 2019 9 20
190921 297.85 2019 9 21
190922 300.97 2019 9 22
190923 310.12 2019 9 23
190924 323.81 2019 9 24
190925 308.39 2019 9 25
190926 288.79 2019 9 26
190927 291.24 2019 9 27
190928 289.68 2019 9 28
190929 300.97 2019 9 29
190930 296.85 2019 9 30
191001 286.42 2019 10 1
191002 292.45 2019 10 2
191003 294.34 2019 10 3
191004 302.35 2019 10 4
191005 292.69 2019 10 5
191006 316.09 2019 10 6
191007 311.43 2019 10 7
191008 295.82 2019 10 8
191009 305.39 2019 10 9
191010 295.82 2019 10 10
191011 290.99 2019 10 11
191012 285.62 2019 10 12
191013 288.44 2019 10 13
191014 284.86 2019 10 14
191015 295.82 2019 10 15
191016 288.67 2019 10 16
191017 318.06 2019 10 17
191018 275.25 2019 10 18
191019 274.73 2019 10 19
191020 295.69 2019 10 20
191021 296.28 2019 10 21
191022 295.82 2019 10 22
191023 318.66 2019 10 23
191024 295.82 2019 10 24
191025 297.48 2019 10 25
191026 293.46 2019 10 26
191027 287.19 2019 10 27
191028 312.31 2019 10 28
191029 295.82 2019 10 29
191030 290.79 2019 10 30
191031 295.82 2019 10 31
191101 287.75 2019 11 1
191102 284.1 2019 11 2
191103 287.4 2019 11 3
191104 300.57 2019 11 4
191105 298.27 2019 11 5
191106 303.22 2019 11 6
191107 285.12 2019 11 7
191108 293.17 2019 11 8
191109 285.12 2019 11 9
191110 296.76 2019 11 10
191111 285.12 2019 11 11
191112 272.44 2019 11 12
191113 267.09 2019 11 13
191114 285.12 2019 11 14
191115 261.74 2019 11 15
191116 285.12 2019 11 16
191117 297.94 2019 11 17
191118 299.62 2019 11 18
191119 295.01 2019 11 19
191120 290.26 2019 11 20
191121 262.07 2019 11 21
191122 273.74 2019 11 22
191123 285.12 2019 11 23
191124 263.0 2019 11 24
191125 285.12 2019 11 25
191126 277.04 2019 11 26
191127 296.96 2019 11 27
191128 286.35 2019 11 28
191129 278.1 2019 11 29
191130 285.12 2019 11 30
191201 283.51 2019 12 1
191202 281.47 2019 12 2
191203 295.96 2019 12 3
191204 301.62 2019 12 4
191205 299.89 2019 12 5
191206 284.45 2019 12 6
191207 289.25 2019 12 7
191208 294.05 2019 12 8
191209 281.47 2019 12 9
191210 286.22 2019 12 10
191211 281.47 2019 12 11
191212 289.42 2019 12 12
191213 278.5 2019 12 13
191214 266.69 2019 12 14
191215 296.23 2019 12 15
191216 281.47 2019 12 16
191217 298.73 2019 12 17
191218 281.47 2019 12 18
191219 271.93 2019 12 19
191220 287.6 2019 12 20
191221 298.72 2019 12 21
191222 301.92 2019 12 22
191223 275.14 2019 12 23
191224 276.49 2019 12 24
191225 281.47 2019 12 25
191226 265.03 2019 12 26
191227 281.47 2019 12 27
191228 253.65 2019 12 28
191229 246.33 2019 12 29
191230 251.28 2019 12 30
191231 262.77 2019 12 31
200101 269.34 2020 1 1
200102 266.02 2020 1 2
200103 269.34 2020 1 3
200104 262.08 2020 1 4
200105 258.73 2020 1 5
200106 284.89 2020 1 6
200107 276.0 2020 1 7
200108 272.46 2020 1 8
200109 265.78 2020 1 9
200110 269.34 2020 1 10
200111 256.3 2020 1 11
200112 269.34 2020 1 12
200113 263.3 2020 1 13
200114 261.62 2020 1 14
200115 266.93 2020 1 15
200116 270.93 2020 1 16
200117 269.34 2020 1 17
200118 271.06 2020 1 18
200119 269.34 2020 1 19
200120 259.11 2020 1 20
200121 266.23 2020 1 21
200122 265.7 2020 1 22
200123 265.12 2020 1 23
200124 266.12 2020 1 24
200125 267.87 2020 1 25
200126 269.34 2020 1 26
200127 281.54 2020 1 27
200128 269.34 2020 1 28
200129 268.81 2020 1 29
200130 293.96 2020 1 30
200131 284.17 2020 1 31
200201 273.69 2020 2 1
200202 270.18 2020 2 2
200203 263.59 2020 2 3
200204 270.18 2020 2 4
200205 258.42 2020 2 5
200206 269.84 2020 2 6
200207 254.98 2020 2 7
200208 259.53 2020 2 8
200209 260.7 2020 2 9
200210 279.33 2020 2 10
200211 270.18 2020 2 11
200212 270.86 2020 2 12
200213 270.18 2020 2 13
200214 269.4 2020 2 14
200215 268.74 2020 2 15
200216 257.94 2020 2 16
200217 254.26 2020 2 17
200218 270.18 2020 2 18
200219 256.17 2020 2 19
200220 270.18 2020 2 20
200221 273.84 2020 2 21
200222 277.25 2020 2 22
200223 288.21 2020 2 23
200224 281.89 2020 2 24
200225 294.39 2020 2 25
200226 282.19 2020 2 26
200227 270.18 2020 2 27
200228 278.6 2020 2 28
200229 270.18 2020 2 29
200301 272.88 2020 3 1
200302 267.9 2020 3 2
200303 268.45 2020 3 3
200304 262.18 2020 3 4
200305 262.74 2020 3 5
200306 274.2 2020 3 6
200307 262.74 2020 3 7
200308 273.46 2020 3 8
200309 275.67 2020 3 9
200310 260.86 2020 3 10
200311 254.58 2020 3 11
200312 262.98 2020 3 12
200313 257.36 2020 3 13
200314 262.74 2020 3 14
200315 248.99 2020 3 15
200316 262.74 2020 3 16
200317 249.7 2020 3 17
200318 267.61 2020 3 18
200319 270.93 2020 3 19
200320 267.82 2020 3 20
200321 262.74 2020 3 21
200322 259.59 2020 3 22
200323 262.74 2020 3 23
200324 255.64 2020 3 24
200325 263.82 2020 3 25
200326 268.72 2020 3 26
200327 258.52 2020 3 27
200328 264.92 2020 3 28
200329 252.92 2020 3 29
200330 262.74 2020 3 30
200331 246.17 2020 3 31
200401 261.6 2020 4 1
200402 250.64 2020 4 2
200403 247.3 2020 4 3
200404 245.12 2020 4 4
200405 251.04 2020 4 5
200406 261.6 2020 4 6
200407 254.73 2020 4 7
200408 261.6 2020 4 8
200409 272.64 2020 4 9
200410 263.35 2020 4 10
200411 255.69 2020 4 11
200412 264.3 2020 4 12
200413 297.37 2020 4 13
200414 283.21 2020 4 14
200415 261.6 2020 4 15
200416 275.32 2020 4 16
200417 261.6 2020 4 17
200418 263.03 2020 4 18
200419 267.58 2020 4 19
200420 262.85 2020 4 20
200421 257.26 2020 4 21
200422 261.6 2020 4 22
200423 254.59 2020 4 23
200424 261.6 2020 4 24
200425 250.38 2020 4 25
200426 273.55 2020 4 26
200427 254.39 2020 4 27
200428 265.39 2020 4 28
200429 253.51 2020 4 29
200430 253.46 2020 4 30
200501 264.9 2020 5 1
200502 246.32 2020 5 2
200503 264.9 2020 5 3
200504 268.44 2020 5 4
200505 266.91 2020 5 5
200506 280.53 2020 5 6
200507 277.39 2020 5 7
200508 264.9 2020 5 8
200509 255.34 2020 5 9
200510 264.9 2020 5 10
200511 276.44 2020 5 11
200512 284.5 2020 5 12
200513 275.34 2020 5 13
200514 267.91 2020 5 14
200515 262.38 2020 5 15
200516 254.66 2020 5 16
200517 264.9 2020 5 17
200518 238.75 2020 5 18
200519 264.9 2020 5 19
200520 254.57 2020 5 20
200521 269.1 2020 5 21
200522 284.26 2020 5 22
200523 261.22 2020 5 23
200524 264.9 2020 5 24
200525 247.07 2020 5 25
200526 264.9 2020 5 26
200527 250.61 2020 5 27
200528 260.47 2020 5 28
200529 260.06 2020 5 29
200530 256.21 2020 5 30
200531 294.31 2020 5 31
