Spectral Irradiance,W m-2 nm-1
values at z =      0.025 km
Columns: wavelength (nm),times (hrs.) or sza (deg.)
    wc,nm     18.000     18.017     18.033     18.050     18.067     18.083     18.100     18.117     18.133     18.150     18.167     18.183     18.200     18.217     18.233     18.250     18.267     18.283     18.300     18.317     18.333     18.350     18.367     18.383     18.400     18.417     18.433     18.450     18.467     18.483     18.500     18.517     18.533     18.550     18.567     18.583     18.600     18.617     18.633     18.650     18.667     18.683     18.700     18.717     18.733     18.750     18.767     18.783     18.800     18.817     18.833     18.850     18.867     18.883     18.900     18.917     18.933     18.950     18.967     18.983     19.000
    sza =      89.998     90.186     90.374     90.562     90.750     90.939     91.128     91.317     91.506     91.696     91.885     92.075     92.265     92.455     92.646     92.837     93.028     93.219     93.410     93.601     93.793     93.985     94.177     94.369     94.562     94.754     94.947     95.140     95.333     95.527     95.720     95.914     96.108     96.302     96.496     96.691     96.885     97.080     97.275     97.470     97.666     97.861     98.057     98.253     98.449     98.645     98.841     99.037     99.234     99.431     99.628     99.825    100.022    100.219    100.417    100.615    100.813    101.011    101.209    101.407    101.606
  280.5000  5.118E-26  4.731E-26  4.393E-26  4.096E-26  3.834E-26  3.602E-26  3.252E-26  3.009E-26  2.712E-26  2.488E-26  2.205E-26  1.962E-26  1.754E-26  1.549E-26  1.344E-26  1.158E-26  9.907E-27  8.172E-27  6.790E-27  5.598E-27  4.415E-27  3.404E-27  2.505E-27  1.765E-27  1.093E-27  5.944E-28  2.651E-28  7.915E-29  1.147E-29  3.903E-31  9.940E-34  4.940E-38  5.605E-45  0.000E+00  0.000E+00  0.000E+00  0.000E+00  0.000E+00  0.000E+00  0.000E+00  0.000E+00  0.000E+00  0.000E+00  0.000E+00  0.000E+00  0.000E+00  0.000E+00  0.000E+00  0.000E+00  0.000E+00  0.000E+00  0.000E+00  0.000E+00  0.000E+00  0.000E+00  0.000E+00  0.000E+00  0.000E+00  0.000E+00  0.000E+00  0.000E+00
  281.5000  9.311E-24  8.610E-24  7.997E-24  7.458E-24  6.984E-24  6.564E-24  5.928E-24  5.487E-24  4.945E-24  4.538E-24  4.026E-24  3.582E-24  3.203E-24  2.830E-24  2.455E-24  2.117E-24  1.812E-24  1.496E-24  1.244E-24  1.028E-24  8.145E-25  6.326E-25  4.708E-25  3.370E-25  2.147E-25  1.216E-25  5.769E-26  1.902E-26  3.248E-27  1.487E-28  6.403E-31  7.642E-35  3.902E-41  0.000E+00  0.000E+00  0.000E+00  0.000E+00  0.000E+00  0.000E+00  0.000E+00  0.000E+00  0.000E+00  0.000E+00  0.000E+00  0.000E+00  0.000E+00  0.000E+00  0.000E+00  0.000E+00  0.000E+00  0.000E+00  0.000E+00  0.000E+00  0.000E+00  0.000E+00  0.000E+00  0.000E+00  0.000E+00  0.000E+00  0.000E+00  0.000E+00
  282.5000  5.571E-22  5.154E-22  4.788E-22  4.467E-22  4.184E-22  3.934E-22  3.554E-22  3.290E-22  2.966E-22  2.723E-22  2.416E-22  2.150E-22  1.924E-22  1.700E-22  1.475E-22  1.272E-22  1.090E-22  9.006E-23  7.498E-23  6.206E-23  4.935E-23  3.856E-23  2.897E-23  2.102E-23  1.371E-23  8.051E-24  4.027E-24  1.449E-24  2.861E-25  1.702E-26  1.168E-28  3.015E-32  5.435E-38  0.000E+00  0.000E+00  0.000E+00  0.000E+00  0.000E+00  0.000E+00  0.000E+00  0.000E+00  0.000E+00  0.000E+00  0.000E+00  0.000E+00  0.000E+00  0.000E+00  0.000E+00  0.000E+00  0.000E+00  0.000E+00  0.000E+00  0.000E+00  0.000E+00  0.000E+00  0.000E+00  0.000E+00  0.000E+00  0.000E+00  0.000E+00  0.000E+00
  283.5000  7.170E-21  6.634E-21  6.164E-21  5.752E-21  5.389E-21  5.067E-21  4.579E-21  4.240E-21  3.824E-21  3.511E-21  3.116E-21  2.774E-21  2.482E-21  2.194E-21  1.904E-21  1.643E-21  1.408E-21  1.164E-21  9.697E-22  8.034E-22  6.405E-22  5.023E-22  3.796E-22  2.778E-22  1.840E-22  1.106E-22  5.724E-23  2.180E-23  4.736E-24  3.350E-25  3.123E-27  1.337E-30  5.494E-36  5.885E-44  0.000E+00  0.000E+00  0.000E+00  0.000E+00  0.000E+00  0.000E+00  0.000E+00  0.000E+00  0.000E+00  0.000E+00  0.000E+00  0.000E+00  0.000E+00  0.000E+00  0.000E+00  0.000E+00  0.000E+00  0.000E+00  0.000E+00  0.000E+00  0.000E+00  0.000E+00  0.000E+00  0.000E+00  0.000E+00  0.000E+00  0.000E+00
  284.5000  4.634E-19  4.288E-19  3.987E-19  3.722E-19  3.488E-19  3.282E-19  2.967E-19  2.749E-19  2.480E-19  2.278E-19  2.023E-19  1.802E-19  1.613E-19  1.426E-19  1.239E-19  1.070E-19  9.172E-20  7.590E-20  6.331E-20  5.256E-20  4.207E-20  3.320E-20  2.534E-20  1.882E-20  1.278E-20  7.982E-21  4.378E-21  1.832E-21  4.664E-22  4.400E-23  6.859E-25  6.935E-28  1.170E-32  1.028E-39  0.000E+00  0.000E+00  0.000E+00  0.000E+00  0.000E+00  0.000E+00  0.000E+00  0.000E+00  0.000E+00  0.000E+00  0.000E+00  0.000E+00  0.000E+00  0.000E+00  0.000E+00  0.000E+00  0.000E+00  0.000E+00  0.000E+00  0.000E+00  0.000E+00  0.000E+00  0.000E+00  0.000E+00  0.000E+00  0.000E+00  0.000E+00
  285.5000  6.343E-18  5.872E-18  5.461E-18  5.099E-18  4.781E-18  4.500E-18  4.070E-18  3.772E-18  3.405E-18  3.129E-18  2.780E-18  2.477E-18  2.219E-18  1.963E-18  1.706E-18  1.473E-18  1.264E-18  1.047E-18  8.739E-19  7.266E-19  5.834E-19  4.625E-19  3.556E-19  2.669E-19  1.847E-19  1.187E-19  6.806E-20  3.064E-20  8.830E-21  1.045E-21  2.441E-23  4.826E-26  2.416E-30  1.061E-36  0.000E+00  0.000E+00  0.000E+00  0.000E+00  0.000E+00  0.000E+00  0.000E+00  0.000E+00  0.000E+00  0.000E+00  0.000E+00  0.000E+00  0.000E+00  0.000E+00  0.000E+00  0.000E+00  0.000E+00  0.000E+00  0.000E+00  0.000E+00  0.000E+00  0.000E+00  0.000E+00  0.000E+00  0.000E+00  0.000E+00  0.000E+00
  286.5000  2.138E-16  1.980E-16  1.842E-16  1.720E-16  1.613E-16  1.519E-16  1.374E-16  1.274E-16  1.151E-16  1.058E-16  9.395E-17  8.381E-17  7.511E-17  6.645E-17  5.776E-17  4.991E-17  4.285E-17  3.551E-17  2.967E-17  2.469E-17  1.987E-17  1.581E-17  1.222E-17  9.244E-18  6.489E-18  4.262E-18  2.527E-18  1.203E-18  3.816E-19  5.385E-20  1.722E-21  5.729E-24  6.653E-28  1.010E-33  3.924E-44  0.000E+00  0.000E+00  0.000E+00  0.000E+00  0.000E+00  0.000E+00  0.000E+00  0.000E+00  0.000E+00  0.000E+00  0.000E+00  0.000E+00  0.000E+00  0.000E+00  0.000E+00  0.000E+00  0.000E+00  0.000E+00  0.000E+00  0.000E+00  0.000E+00  0.000E+00  0.000E+00  0.000E+00  0.000E+00  0.000E+00
  287.5000  3.946E-15  3.655E-15  3.400E-15  3.177E-15  2.981E-15  2.808E-15  2.541E-15  2.357E-15  2.130E-15  1.959E-15  1.742E-15  1.554E-15  1.393E-15  1.233E-15  1.072E-15  9.272E-16  7.965E-16  6.606E-16  5.523E-16  4.602E-16  3.713E-16  2.964E-16  2.304E-16  1.758E-16  1.252E-16  8.417E-17  5.170E-17  2.612E-17  9.169E-18  1.560E-18  6.985E-20  4.077E-22  1.178E-25  6.915E-31  3.194E-40  0.000E+00  0.000E+00  0.000E+00  0.000E+00  0.000E+00  0.000E+00  0.000E+00  0.000E+00  0.000E+00  0.000E+00  0.000E+00  0.000E+00  0.000E+00  0.000E+00  0.000E+00  0.000E+00  0.000E+00  0.000E+00  0.000E+00  0.000E+00  0.000E+00  0.000E+00  0.000E+00  0.000E+00  0.000E+00  0.000E+00
  288.5000  7.108E-14  6.584E-14  6.128E-14  5.728E-14  5.376E-14  5.066E-14  4.588E-14  4.257E-14  3.849E-14  3.542E-14  3.152E-14  2.813E-14  2.524E-14  2.235E-14  1.946E-14  1.683E-14  1.447E-14  1.201E-14  1.005E-14  8.388E-15  6.783E-15  5.436E-15  4.251E-15  3.271E-15  2.367E-15  1.630E-15  1.040E-15  5.600E-16  2.195E-16  4.584E-17  2.968E-18  3.215E-20  2.527E-23  6.513E-28  4.478E-36  0.000E+00  0.000E+00  0.000E+00  0.000E+00  0.000E+00  0.000E+00  0.000E+00  0.000E+00  0.000E+00  0.000E+00  0.000E+00  0.000E+00  0.000E+00  0.000E+00  0.000E+00  0.000E+00  0.000E+00  0.000E+00  0.000E+00  0.000E+00  0.000E+00  0.000E+00  0.000E+00  0.000E+00  0.000E+00  0.000E+00
  289.5000  9.768E-13  9.050E-13  8.424E-13  7.876E-13  7.394E-13  6.969E-13  6.314E-13  5.862E-13  5.302E-13  4.881E-13  4.346E-13  3.881E-13  3.484E-13  3.087E-13  2.688E-13  2.327E-13  2.002E-13  1.663E-13  1.392E-13  1.163E-13  9.425E-14  7.572E-14  5.947E-14  4.604E-14  3.367E-14  2.360E-14  1.547E-14  8.726E-15  3.712E-15  9.026E-16  7.693E-17  1.319E-18  2.161E-21  1.636E-25  7.869E-33  9.739E-43  0.000E+00  0.000E+00  0.000E+00  0.000E+00  0.000E+00  0.000E+00  0.000E+00  0.000E+00  0.000E+00  0.000E+00  0.000E+00  0.000E+00  0.000E+00  0.000E+00  0.000E+00  0.000E+00  0.000E+00  0.000E+00  0.000E+00  0.000E+00  0.000E+00  0.000E+00  0.000E+00  0.000E+00  0.000E+00
  290.5000  8.475E-12  7.853E-12  7.311E-12  6.837E-12  6.420E-12  6.052E-12  5.485E-12  5.094E-12  4.609E-12  4.245E-12  3.782E-12  3.378E-12  3.035E-12  2.690E-12  2.344E-12  2.030E-12  1.747E-12  1.452E-12  1.217E-12  1.018E-12  8.258E-13  6.648E-13  5.239E-13  4.076E-13  3.007E-13  2.137E-13  1.432E-13  8.388E-14  3.814E-14  1.051E-14  1.124E-15  2.823E-17  8.535E-20  1.593E-23  3.916E-30  4.527E-39  0.000E+00  0.000E+00  0.000E+00  0.000E+00  0.000E+00  0.000E+00  0.000E+00  0.000E+00  0.000E+00  0.000E+00  0.000E+00  0.000E+00  0.000E+00  0.000E+00  0.000E+00  0.000E+00  0.000E+00  0.000E+00  0.000E+00  0.000E+00  0.000E+00  0.000E+00  0.000E+00  0.000E+00  0.000E+00
  291.5000  6.451E-11  5.978E-11  5.566E-11  5.206E-11  4.890E-11  4.611E-11  4.181E-11  3.884E-11  3.516E-11  3.240E-11  2.888E-11  2.582E-11  2.321E-11  2.058E-11  1.795E-11  1.555E-11  1.340E-11  1.115E-11  9.347E-12  7.823E-12  6.360E-12  5.132E-12  4.059E-12  3.174E-12  2.364E-12  1.705E-12  1.170E-12  7.131E-13  3.483E-13  1.098E-13  1.504E-14  5.752E-16  3.432E-18  1.754E-21  2.696E-27  3.888E-35  1.401E-45  0.000E+00  0.000E+00  0.000E+00  0.000E+00  0.000E+00  0.000E+00  0.000E+00  0.000E+00  0.000E+00  0.000E+00  0.000E+00  0.000E+00  0.000E+00  0.000E+00  0.000E+00  0.000E+00  0.000E+00  0.000E+00  0.000E+00  0.000E+00  0.000E+00  0.000E+00  0.000E+00  0.000E+00
  292.5000  3.194E-10  2.960E-10  2.756E-10  2.578E-10  2.422E-10  2.284E-10  2.071E-10  1.925E-10  1.743E-10  1.607E-10  1.433E-10  1.282E-10  1.153E-10  1.023E-10  8.928E-11  7.742E-11  6.673E-11  5.556E-11  4.663E-11  3.906E-11  3.180E-11  2.571E-11  2.040E-11  1.601E-11  1.201E-11  8.768E-12  6.136E-12  3.867E-12  2.006E-12  7.096E-13  1.199E-13  6.551E-15  6.914E-17  8.176E-20  5.653E-25  6.375E-32  5.345E-42  0.000E+00  0.000E+00  0.000E+00  0.000E+00  0.000E+00  0.000E+00  0.000E+00  0.000E+00  0.000E+00  0.000E+00  0.000E+00  0.000E+00  0.000E+00  0.000E+00  0.000E+00  0.000E+00  0.000E+00  0.000E+00  0.000E+00  0.000E+00  0.000E+00  0.000E+00  0.000E+00  0.000E+00
  293.5000  1.825E-09  1.692E-09  1.575E-09  1.473E-09  1.384E-09  1.306E-09  1.184E-09  1.101E-09  9.975E-10  9.199E-10  8.208E-10  7.348E-10  6.613E-10  5.871E-10  5.125E-10  4.448E-10  3.836E-10  3.197E-10  2.685E-10  2.251E-10  1.836E-10  1.487E-10  1.183E-10  9.318E-11  7.038E-11  5.191E-11  3.696E-11  2.399E-11  1.315E-11  5.161E-12  1.058E-12  8.042E-14  1.445E-15  3.753E-18  1.070E-22  8.374E-29  1.220E-37  0.000E+00  0.000E+00  0.000E+00  0.000E+00  0.000E+00  0.000E+00  0.000E+00  0.000E+00  0.000E+00  0.000E+00  0.000E+00  0.000E+00  0.000E+00  0.000E+00  0.000E+00  0.000E+00  0.000E+00  0.000E+00  0.000E+00  0.000E+00  0.000E+00  0.000E+00  0.000E+00  0.000E+00
  294.5000  5.954E-09  5.517E-09  5.136E-09  4.804E-09  4.514E-09  4.258E-09  3.863E-09  3.591E-09  3.255E-09  3.002E-09  2.680E-09  2.402E-09  2.162E-09  1.920E-09  1.677E-09  1.456E-09  1.257E-09  1.048E-09  8.811E-10  7.393E-10  6.036E-10  4.895E-10  3.902E-10  3.083E-10  2.341E-10  1.741E-10  1.257E-10  8.359E-11  4.788E-11  2.048E-11  4.927E-12  4.918E-13  1.364E-14  6.706E-17  5.931E-21  2.155E-26  2.967E-34  1.682E-44  0.000E+00  0.000E+00  0.000E+00  0.000E+00  0.000E+00  0.000E+00  0.000E+00  0.000E+00  0.000E+00  0.000E+00  0.000E+00  0.000E+00  0.000E+00  0.000E+00  0.000E+00  0.000E+00  0.000E+00  0.000E+00  0.000E+00  0.000E+00  0.000E+00  0.000E+00  0.000E+00
  295.5000  2.673E-08  2.476E-08  2.305E-08  2.156E-08  2.025E-08  1.910E-08  1.733E-08  1.612E-08  1.461E-08  1.348E-08  1.204E-08  1.079E-08  9.720E-09  8.638E-09  7.551E-09  6.562E-09  5.668E-09  4.732E-09  3.980E-09  3.343E-09  2.732E-09  2.219E-09  1.773E-09  1.405E-09  1.072E-09  8.042E-10  5.885E-10  4.005E-10  2.396E-10  1.117E-10  3.152E-11  4.150E-12  1.796E-13  1.710E-15  4.926E-19  8.916E-24  1.291E-30  1.710E-39  0.000E+00  0.000E+00  0.000E+00  0.000E+00  0.000E+00  0.000E+00  0.000E+00  0.000E+00  0.000E+00  0.000E+00  0.000E+00  0.000E+00  0.000E+00  0.000E+00  0.000E+00  0.000E+00  0.000E+00  0.000E+00  0.000E+00  0.000E+00  0.000E+00  0.000E+00  0.000E+00
  296.5000  7.622E-08  7.058E-08  6.568E-08  6.140E-08  5.767E-08  5.440E-08  4.936E-08  4.589E-08  4.161E-08  3.840E-08  3.431E-08  3.062E-08  2.773E-08  2.465E-08  2.156E-08  1.875E-08  1.621E-08  1.354E-08  1.140E-08  9.583E-09  7.844E-09  6.379E-09  5.106E-09  4.056E-09  3.109E-09  2.347E-09  1.737E-09  1.205E-09  7.485E-10  3.752E-10  1.216E-10  2.033E-11  1.290E-12  2.163E-14  1.699E-17  1.191E-21  1.229E-27  2.083E-35  1.401E-45  0.000E+00  0.000E+00  0.000E+00  0.000E+00  0.000E+00  0.000E+00  0.000E+00  0.000E+00  0.000E+00  0.000E+00  0.000E+00  0.000E+00  0.000E+00  0.000E+00  0.000E+00  0.000E+00  0.000E+00  0.000E+00  0.000E+00  0.000E+00  0.000E+00  0.000E+00
  297.5000  2.262E-07  2.094E-07  1.947E-07  1.820E-07  1.709E-07  1.611E-07  1.462E-07  1.359E-07  1.232E-07  1.137E-07  1.016E-07  9.114E-08  8.221E-08  7.312E-08  6.400E-08  5.569E-08  4.818E-08  4.030E-08  3.395E-08  2.856E-08  2.340E-08  1.905E-08  1.528E-08  1.216E-08  9.355E-09  7.104E-09  5.308E-09  3.741E-09  2.396E-09  1.277E-09  4.657E-10  9.564E-11  8.446E-12  2.320E-13  4.377E-16  1.001E-19  5.761E-25  9.121E-32  9.561E-41  0.000E+00  0.000E+00  0.000E+00  0.000E+00  0.000E+00  0.000E+00  0.000E+00  0.000E+00  0.000E+00  0.000E+00  0.000E+00  0.000E+00  0.000E+00  0.000E+00  0.000E+00  0.000E+00  0.000E+00  0.000E+00  0.000E+00  0.000E+00  0.000E+00  0.000E+00
  298.5000  3.931E-07  3.638E-07  3.382E-07  3.159E-07  2.965E-07  2.795E-07  2.535E-07  2.356E-07  2.136E-07  1.972E-07  1.762E-07  1.581E-07  1.426E-07  1.269E-07  1.111E-07  9.678E-08  8.377E-08  7.014E-08  5.913E-08  4.978E-08  4.084E-08  3.329E-08  2.674E-08  2.132E-08  1.645E-08  1.255E-08  9.452E-09  6.749E-09  4.437E-09  2.492E-09  1.005E-09  2.463E-10  2.890E-11  1.214E-12  4.848E-15  3.039E-18  7.501E-23  7.821E-29  9.740E-37  0.000E+00  0.000E+00  0.000E+00  0.000E+00  0.000E+00  0.000E+00  0.000E+00  0.000E+00  0.000E+00  0.000E+00  0.000E+00  0.000E+00  0.000E+00  0.000E+00  0.000E+00  0.000E+00  0.000E+00  0.000E+00  0.000E+00  0.000E+00  0.000E+00  0.000E+00
  299.5000  1.260E-06  1.165E-06  1.082E-06  1.011E-06  9.479E-07  8.930E-07  8.098E-07  7.524E-07  6.822E-07  6.294E-07  5.627E-07  5.047E-07  4.557E-07  4.055E-07  3.553E-07  3.096E-07  2.681E-07  2.247E-07  1.896E-07  1.598E-07  1.312E-07  1.071E-07  8.613E-08  6.878E-08  5.322E-08  4.077E-08  3.092E-08  2.233E-08  1.501E-08  8.827E-09  3.892E-09  1.118E-09  1.698E-10  1.051E-11  8.397E-14  1.343E-16  1.300E-20  8.035E-26  1.046E-32  2.735E-42  0.000E+00  0.000E+00  0.000E+00  0.000E+00  0.000E+00  0.000E+00  0.000E+00  0.000E+00  0.000E+00  0.000E+00  0.000E+00  0.000E+00  0.000E+00  0.000E+00  0.000E+00  0.000E+00  0.000E+00  0.000E+00  0.000E+00  0.000E+00  0.000E+00
  300.5000  1.575E-06  1.455E-06  1.351E-06  1.261E-06  1.182E-06  1.113E-06  1.009E-06  9.367E-07  8.491E-07  7.832E-07  7.002E-07  6.282E-07  5.671E-07  5.048E-07  4.425E-07  3.857E-07  3.343E-07  2.805E-07  2.368E-07  1.997E-07  1.642E-07  1.341E-07  1.080E-07  8.635E-08  6.697E-08  5.148E-08  3.926E-08  2.859E-08  1.957E-08  1.194E-08  5.657E-09  1.848E-09  3.455E-10  2.929E-11  4.081E-13  1.376E-15  3.859E-19  9.383E-24  7.282E-30  2.271E-38  0.000E+00  0.000E+00  0.000E+00  0.000E+00  0.000E+00  0.000E+00  0.000E+00  0.000E+00  0.000E+00  0.000E+00  0.000E+00  0.000E+00  0.000E+00  0.000E+00  0.000E+00  0.000E+00  0.000E+00  0.000E+00  0.000E+00  0.000E+00  0.000E+00
  301.5000  4.318E-06  3.987E-06  3.698E-06  3.447E-06  3.228E-06  3.037E-06  2.751E-06  2.554E-06  2.314E-06  2.133E-06  1.907E-06  1.711E-06  1.544E-06  1.375E-06  1.206E-06  1.052E-06  9.120E-07  7.660E-07  6.473E-07  5.462E-07  4.497E-07  3.676E-07  2.966E-07  2.375E-07  1.846E-07  1.424E-07  1.092E-07  8.022E-08  5.590E-08  3.536E-08  1.803E-08  6.723E-09  1.561E-09  1.842E-10  4.633E-12  3.457E-14  3.032E-17  3.215E-21  1.736E-26  8.237E-34  2.742E-41  1.401E-45  0.000E+00  0.000E+00  0.000E+00  0.000E+00  0.000E+00  0.000E+00  0.000E+00  0.000E+00  0.000E+00  0.000E+00  0.000E+00  0.000E+00  0.000E+00  0.000E+00  0.000E+00  0.000E+00  0.000E+00  0.000E+00  0.000E+00
  302.5000  6.705E-06  6.186E-06  5.733E-06  5.339E-06  4.997E-06  4.697E-06  4.253E-06  3.945E-06  3.573E-06  3.292E-06  2.942E-06  2.639E-06  2.383E-06  2.121E-06  1.860E-06  1.623E-06  1.409E-06  1.184E-06  1.001E-06  8.453E-07  6.967E-07  5.700E-07  4.604E-07  3.690E-07  2.874E-07  2.222E-07  1.710E-07  1.263E-07  8.908E-08  5.774E-08  3.094E-08  1.261E-08  3.393E-09  5.010E-10  1.880E-11  2.390E-13  4.427E-16  1.222E-19  2.332E-24  6.447E-31  1.235E-37  3.854E-43  4.204E-45  1.401E-45  0.000E+00  0.000E+00  0.000E+00  0.000E+00  0.000E+00  0.000E+00  0.000E+00  0.000E+00  0.000E+00  0.000E+00  0.000E+00  0.000E+00  0.000E+00  0.000E+00  0.000E+00  0.000E+00  0.000E+00
  303.5000  1.505E-05  1.386E-05  1.283E-05  1.194E-05  1.116E-05  1.048E-05  9.476E-06  8.781E-06  7.947E-06  7.317E-06  6.536E-06  5.861E-06  5.289E-06  4.708E-06  4.131E-06  3.606E-06  3.130E-06  2.634E-06  2.229E-06  1.884E-06  1.555E-06  1.273E-06  1.030E-06  8.266E-07  6.451E-07  5.002E-07  3.866E-07  2.873E-07  2.052E-07  1.367E-07  7.737E-08  3.490E-08  1.109E-08  2.119E-09  1.261E-10  2.980E-12  1.336E-14  1.154E-17  9.878E-22  2.222E-27  3.432E-33  4.857E-38  4.696E-40  1.100E-41  5.745E-44  0.000E+00  0.000E+00  0.000E+00  0.000E+00  0.000E+00  0.000E+00  0.000E+00  0.000E+00  0.000E+00  0.000E+00  0.000E+00  0.000E+00  0.000E+00  0.000E+00  0.000E+00  0.000E+00
  304.5000  1.943E-05  1.788E-05  1.654E-05  1.537E-05  1.435E-05  1.346E-05  1.217E-05  1.127E-05  1.019E-05  9.379E-06  8.374E-06  7.506E-06  6.700E-06  6.028E-06  5.289E-06  4.618E-06  4.010E-06  3.376E-06  2.859E-06  2.418E-06  1.997E-06  1.637E-06  1.325E-06  1.064E-06  8.319E-07  6.461E-07  5.007E-07  3.734E-07  2.688E-07  1.819E-07  1.064E-07  5.101E-08  1.791E-08  3.989E-09  3.117E-10  1.060E-11  7.978E-14  1.340E-16  2.727E-20  2.017E-25  9.991E-31  3.277E-35  3.289E-37  6.145E-39  2.180E-41  1.401E-45  0.000E+00  0.000E+00  0.000E+00  0.000E+00  0.000E+00  0.000E+00  0.000E+00  0.000E+00  0.000E+00  0.000E+00  0.000E+00  0.000E+00  0.000E+00  0.000E+00  0.000E+00
  305.5000  3.338E-05  3.068E-05  2.832E-05  2.627E-05  2.449E-05  2.294E-05  2.071E-05  1.915E-05  1.730E-05  1.590E-05  1.418E-05  1.271E-05  1.146E-05  1.019E-05  8.942E-06  7.808E-06  6.783E-06  5.717E-06  4.845E-06  4.101E-06  3.392E-06  2.783E-06  2.257E-06  1.815E-06  1.422E-06  1.107E-06  8.608E-07  6.450E-07  4.689E-07  3.240E-07  1.981E-07  1.030E-07  4.146E-08  1.142E-08  1.310E-09  7.508E-11  1.216E-12  5.539E-15  4.149E-18  1.867E-22  5.538E-27  6.558E-31  6.857E-33  8.734E-35  1.573E-37  8.626E-42  0.000E+00  0.000E+00  0.000E+00  0.000E+00  0.000E+00  0.000E+00  0.000E+00  0.000E+00  0.000E+00  0.000E+00  0.000E+00  0.000E+00  0.000E+00  0.000E+00  0.000E+00
  306.5000  3.927E-05  3.605E-05  3.325E-05  3.081E-05  2.870E-05  2.686E-05  2.423E-05  2.238E-05  2.021E-05  1.856E-05  1.655E-05  1.482E-05  1.336E-05  1.188E-05  1.042E-05  9.101E-06  7.906E-06  6.668E-06  5.653E-06  4.786E-06  3.962E-06  3.253E-06  2.641E-06  2.125E-06  1.666E-06  1.299E-06  1.012E-06  7.598E-07  5.550E-07  3.873E-07  2.417E-07  1.304E-07  5.589E-08  1.696E-08  2.307E-09  1.662E-10  3.729E-12  2.584E-14  3.364E-17  3.248E-21  2.049E-25  4.200E-29  4.600E-31  5.213E-33  7.646E-36  3.465E-40  0.000E+00  0.000E+00  0.000E+00  0.000E+00  0.000E+00  0.000E+00  0.000E+00  0.000E+00  0.000E+00  0.000E+00  0.000E+00  0.000E+00  0.000E+00  0.000E+00  0.000E+00
  307.5000  7.254E-05  6.645E-05  6.114E-05  5.653E-05  5.253E-05  4.906E-05  4.416E-05  4.072E-05  3.671E-05  3.366E-05  2.997E-05  2.681E-05  2.415E-05  2.145E-05  1.881E-05  1.642E-05  1.427E-05  1.204E-05  1.022E-05  8.656E-06  7.176E-06  5.898E-06  4.796E-06  3.864E-06  3.036E-06  2.372E-06  1.853E-06  1.397E-06  1.028E-06  7.284E-07  4.698E-07  2.697E-07  1.285E-07  4.613E-08  8.538E-09  9.388E-10  3.935E-11  6.184E-13  2.368E-15  1.023E-18  2.875E-22  1.715E-25  1.972E-27  1.647E-29  1.406E-32  3.510E-37  1.401E-45  0.000E+00  0.000E+00  0.000E+00  0.000E+00  0.000E+00  0.000E+00  0.000E+00  0.000E+00  0.000E+00  0.000E+00  0.000E+00  0.000E+00  0.000E+00  0.000E+00
  308.5000  9.004E-05  8.240E-05  7.573E-05  6.993E-05  6.491E-05  6.056E-05  5.447E-05  5.018E-05  4.519E-05  4.140E-05  3.684E-05  3.293E-05  2.966E-05  2.632E-05  2.308E-05  2.014E-05  1.750E-05  1.478E-05  1.254E-05  1.063E-05  8.817E-06  7.252E-06  5.901E-06  4.758E-06  3.742E-06  2.926E-06  2.289E-06  1.729E-06  1.276E-06  9.107E-07  5.959E-07  3.514E-07  1.751E-07  6.750E-08  1.418E-08  1.845E-09  9.822E-11  2.099E-12  1.206E-14  9.095E-18  4.419E-21  3.924E-24  4.721E-26  3.690E-28  2.809E-31  6.393E-36  1.121E-44  0.000E+00  0.000E+00  0.000E+00  0.000E+00  0.000E+00  0.000E+00  0.000E+00  0.000E+00  0.000E+00  0.000E+00  0.000E+00  0.000E+00  0.000E+00  0.000E+00
  309.5000  9.613E-05  8.778E-05  8.047E-05  7.413E-05  6.865E-05  6.390E-05  5.736E-05  5.273E-05  4.741E-05  4.335E-05  3.852E-05  3.439E-05  3.093E-05  2.742E-05  2.402E-05  2.096E-05  1.820E-05  1.538E-05  1.305E-05  1.107E-05  9.194E-06  7.569E-06  6.168E-06  4.978E-06  3.922E-06  3.073E-06  2.409E-06  1.823E-06  1.353E-06  9.747E-07  6.510E-07  3.992E-07  2.129E-07  9.150E-08  2.348E-08  4.031E-09  3.232E-10  1.183E-11  1.385E-13  2.798E-16  3.622E-19  6.478E-22  8.174E-24  5.361E-26  2.989E-29  4.865E-34  7.777E-43  0.000E+00  0.000E+00  0.000E+00  0.000E+00  0.000E+00  0.000E+00  0.000E+00  0.000E+00  0.000E+00  0.000E+00  0.000E+00  0.000E+00  0.000E+00  0.000E+00
  310.5000  1.528E-04  1.392E-04  1.274E-04  1.171E-04  1.082E-04  1.005E-04  9.005E-05  8.263E-05  7.416E-05  6.771E-05  6.008E-05  5.356E-05  4.812E-05  4.261E-05  3.729E-05  3.252E-05  2.823E-05  2.385E-05  2.025E-05  1.718E-05  1.428E-05  1.177E-05  9.601E-06  7.757E-06  6.120E-06  4.803E-06  3.770E-06  2.860E-06  2.130E-06  1.546E-06  1.048E-06  6.614E-07  3.706E-07  1.725E-07  5.128E-08  1.076E-08  1.154E-09  6.174E-11  1.197E-12  4.834E-15  1.239E-17  3.614E-20  4.768E-22  2.820E-24  1.313E-27  1.790E-32  3.071E-41  0.000E+00  0.000E+00  0.000E+00  0.000E+00  0.000E+00  0.000E+00  0.000E+00  0.000E+00  0.000E+00  0.000E+00  0.000E+00  0.000E+00  0.000E+00  0.000E+00
  311.5000  2.190E-04  1.992E-04  1.820E-04  1.670E-04  1.541E-04  1.429E-04  1.278E-04  1.171E-04  1.050E-04  9.572E-05  8.484E-05  7.555E-05  6.782E-05  5.999E-05  5.247E-05  4.573E-05  3.968E-05  3.353E-05  2.847E-05  2.416E-05  2.009E-05  1.657E-05  1.353E-05  1.094E-05  8.637E-06  6.786E-06  5.333E-06  4.051E-06  3.025E-06  2.205E-06  1.510E-06  9.702E-07  5.611E-07  2.750E-07  8.985E-08  2.146E-08  2.781E-09  1.904E-10  5.144E-12  3.289E-14  1.334E-16  5.431E-19  7.514E-21  4.260E-23  1.832E-26  2.349E-31  4.572E-40  0.000E+00  0.000E+00  0.000E+00  0.000E+00  0.000E+00  0.000E+00  0.000E+00  0.000E+00  0.000E+00  0.000E+00  0.000E+00  0.000E+00  0.000E+00  0.000E+00
  312.5000  2.677E-04  2.426E-04  2.209E-04  2.020E-04  1.857E-04  1.716E-04  1.530E-04  1.397E-04  1.248E-04  1.134E-04  1.002E-04  8.904E-05  7.973E-05  7.031E-05  6.143E-05  5.345E-05  4.634E-05  3.915E-05  3.323E-05  2.820E-05  2.348E-05  1.937E-05  1.584E-05  1.283E-05  1.015E-05  7.994E-06  6.295E-06  4.795E-06  3.595E-06  2.640E-06  1.837E-06  1.215E-06  7.405E-07  3.959E-07  1.524E-07  4.575E-08  8.311E-09  8.873E-10  4.336E-11  6.266E-13  5.676E-15  4.078E-17  5.894E-19  2.914E-21  9.865E-25  9.804E-30  1.942E-38  0.000E+00  0.000E+00  0.000E+00  0.000E+00  0.000E+00  0.000E+00  0.000E+00  0.000E+00  0.000E+00  0.000E+00  0.000E+00  0.000E+00  0.000E+00  0.000E+00
  313.5000  3.223E-04  2.919E-04  2.655E-04  2.425E-04  2.228E-04  2.057E-04  1.832E-04  1.671E-04  1.492E-04  1.355E-04  1.196E-04  1.062E-04  9.503E-05  8.382E-05  7.313E-05  6.360E-05  5.511E-05  4.655E-05  3.952E-05  3.353E-05  2.793E-05  2.305E-05  1.886E-05  1.528E-05  1.210E-05  9.536E-06  7.514E-06  5.729E-06  4.301E-06  3.166E-06  2.214E-06  1.478E-06  9.145E-07  5.012E-07  2.017E-07  6.419E-08  1.261E-08  1.488E-09  8.331E-11  1.448E-12  1.573E-14  1.299E-16  1.961E-18  9.933E-21  3.502E-24  3.787E-29  9.180E-38  0.000E+00  0.000E+00  0.000E+00  0.000E+00  0.000E+00  0.000E+00  0.000E+00  0.000E+00  0.000E+00  0.000E+00  0.000E+00  0.000E+00  0.000E+00  0.000E+00
  314.5000  4.101E-04  3.700E-04  3.351E-04  3.048E-04  2.788E-04  2.563E-04  2.274E-04  2.065E-04  1.837E-04  1.661E-04  1.462E-04  1.293E-04  1.153E-04  1.015E-04  8.822E-05  7.655E-05  6.620E-05  5.587E-05  4.738E-05  4.018E-05  3.348E-05  2.765E-05  2.266E-05  1.838E-05  1.459E-05  1.153E-05  9.099E-06  6.957E-06  5.243E-06  3.883E-06  2.750E-06  1.877E-06  1.209E-06  7.094E-07  3.259E-07  1.250E-07  3.247E-08  5.559E-09  5.148E-10  1.796E-11  3.892E-13  5.240E-15  8.274E-17  3.766E-19  1.095E-22  9.663E-28  2.429E-36  0.000E+00  0.000E+00  0.000E+00  0.000E+00  0.000E+00  0.000E+00  0.000E+00  0.000E+00  0.000E+00  0.000E+00  0.000E+00  0.000E+00  0.000E+00  0.000E+00
  315.5000  4.443E-04  4.006E-04  3.626E-04  3.297E-04  3.013E-04  2.769E-04  2.455E-04  2.229E-04  1.980E-04  1.790E-04  1.574E-04  1.391E-04  1.241E-04  1.090E-04  9.478E-05  8.220E-05  7.107E-05  5.996E-05  5.084E-05  4.311E-05  3.593E-05  2.968E-05  2.433E-05  1.974E-05  1.568E-05  1.240E-05  9.793E-06  7.493E-06  5.654E-06  4.194E-06  2.980E-06  2.046E-06  1.331E-06  7.940E-07  3.753E-07  1.493E-07  4.061E-08  7.361E-09  7.374E-10  2.858E-11  6.849E-13  1.002E-14  1.649E-16  7.831E-19  2.448E-22  2.441E-27  7.629E-36  0.000E+00  0.000E+00  0.000E+00  0.000E+00  0.000E+00  0.000E+00  0.000E+00  0.000E+00  0.000E+00  0.000E+00  0.000E+00  0.000E+00  0.000E+00  0.000E+00
  316.5000  5.628E-04  5.054E-04  4.556E-04  4.125E-04  3.754E-04  3.435E-04  3.033E-04  2.742E-04  2.426E-04  2.184E-04  1.912E-04  1.684E-04  1.496E-04  1.311E-04  1.135E-04  9.814E-05  8.463E-05  7.128E-05  6.034E-05  5.111E-05  4.259E-05  3.518E-05  2.888E-05  2.345E-05  1.867E-05  1.479E-05  1.171E-05  8.983E-06  6.802E-06  5.071E-06  3.638E-06  2.538E-06  1.700E-06  1.065E-06  5.545E-07  2.534E-07  8.519E-08  2.053E-08  3.025E-09  1.993E-10  8.053E-12  1.707E-13  2.930E-15  1.300E-17  3.599E-21  3.178E-26  1.071E-34  0.000E+00  0.000E+00  0.000E+00  0.000E+00  0.000E+00  0.000E+00  0.000E+00  0.000E+00  0.000E+00  0.000E+00  0.000E+00  0.000E+00  0.000E+00  0.000E+00
  317.5000  7.968E-04  7.157E-04  6.452E-04  5.843E-04  5.319E-04  4.870E-04  4.298E-04  3.886E-04  3.440E-04  3.096E-04  2.712E-04  2.388E-04  2.122E-04  1.844E-04  1.610E-04  1.392E-04  1.200E-04  1.011E-04  8.559E-05  7.250E-05  6.042E-05  4.992E-05  4.098E-05  3.328E-05  2.650E-05  2.100E-05  1.663E-05  1.276E-05  9.666E-06  7.211E-06  5.178E-06  3.619E-06  2.430E-06  1.528E-06  8.004E-07  3.678E-07  1.240E-07  2.989E-08  4.411E-09  2.907E-10  1.175E-11  2.530E-13  4.523E-15  2.148E-17  6.672E-21  6.986E-26  2.981E-34  0.000E+00  0.000E+00  0.000E+00  0.000E+00  0.000E+00  0.000E+00  0.000E+00  0.000E+00  0.000E+00  0.000E+00  0.000E+00  0.000E+00  0.000E+00  0.000E+00
  318.5000  8.244E-04  7.375E-04  6.622E-04  5.971E-04  5.412E-04  4.931E-04  4.334E-04  3.900E-04  3.436E-04  3.078E-04  2.683E-04  2.352E-04  2.082E-04  1.812E-04  1.565E-04  1.348E-04  1.158E-04  9.728E-05  8.215E-05  6.944E-05  5.783E-05  4.774E-05  3.922E-05  3.188E-05  2.544E-05  2.021E-05  1.603E-05  1.234E-05  9.385E-06  7.035E-06  5.098E-06  3.610E-06  2.483E-06  1.627E-06  9.256E-07  4.795E-07  1.947E-07  6.053E-08  1.266E-08  1.349E-09  8.754E-11  2.640E-12  4.920E-14  2.206E-16  6.169E-20  5.825E-25  2.692E-33  0.000E+00  0.000E+00  0.000E+00  0.000E+00  0.000E+00  0.000E+00  0.000E+00  0.000E+00  0.000E+00  0.000E+00  0.000E+00  0.000E+00  0.000E+00  0.000E+00
  319.5000  1.069E-03  9.560E-04  8.578E-04  7.731E-04  7.003E-04  6.376E-04  5.600E-04  5.037E-04  4.434E-04  3.969E-04  3.457E-04  3.028E-04  2.677E-04  2.328E-04  2.009E-04  1.729E-04  1.484E-04  1.246E-04  1.052E-04  8.884E-05  7.397E-05  6.106E-05  5.017E-05  4.078E-05  3.256E-05  2.589E-05  2.055E-05  1.584E-05  1.205E-05  9.049E-06  6.573E-06  4.672E-06  3.233E-06  2.140E-06  1.240E-06  6.595E-07  2.774E-07  9.037E-08  2.016E-08  2.343E-09  1.657E-10  5.371E-12  1.041E-13  4.874E-16  1.464E-19  1.552E-24  8.764E-33  0.000E+00  0.000E+00  0.000E+00  0.000E+00  0.000E+00  0.000E+00  0.000E+00  0.000E+00  0.000E+00  0.000E+00  0.000E+00  0.000E+00  0.000E+00  0.000E+00
  320.5000  1.399E-03  1.250E-03  1.120E-03  1.009E-03  9.127E-04  8.302E-04  7.283E-04  6.542E-04  5.751E-04  5.143E-04  4.473E-04  3.912E-04  3.456E-04  3.001E-04  2.586E-04  2.223E-04  1.906E-04  1.599E-04  1.348E-04  1.138E-04  9.471E-05  7.815E-05  6.421E-05  5.220E-05  4.170E-05  3.318E-05  2.635E-05  2.033E-05  1.549E-05  1.164E-05  8.478E-06  6.046E-06  4.207E-06  2.811E-06  1.659E-06  9.060E-07  3.980E-07  1.378E-07  3.337E-08  4.343E-09  3.441E-10  1.224E-11  2.471E-13  1.200E-15  3.818E-19  4.438E-24  3.005E-32  0.000E+00  0.000E+00  0.000E+00  0.000E+00  0.000E+00  0.000E+00  0.000E+00  0.000E+00  0.000E+00  0.000E+00  0.000E+00  0.000E+00  0.000E+00  0.000E+00
  321.5000  1.690E-03  1.507E-03  1.348E-03  1.210E-03  1.092E-03  9.906E-04  8.655E-04  7.746E-04  6.779E-04  6.035E-04  5.222E-04  4.544E-04  3.996E-04  3.449E-04  2.955E-04  2.526E-04  2.155E-04  1.799E-04  1.510E-04  1.270E-04  1.054E-04  8.674E-05  7.123E-05  5.788E-05  4.631E-05  3.694E-05  2.942E-05  2.278E-05  1.744E-05  1.319E-05  9.690E-06  6.989E-06  4.958E-06  3.424E-06  2.158E-06  1.299E-06  6.649E-07  2.852E-07  9.328E-08  1.839E-08  2.196E-09  1.047E-10  2.196E-12  1.017E-14  2.968E-18  3.191E-23  2.362E-31  0.000E+00  0.000E+00  0.000E+00  0.000E+00  0.000E+00  0.000E+00  0.000E+00  0.000E+00  0.000E+00  0.000E+00  0.000E+00  0.000E+00  0.000E+00  0.000E+00
  322.5000  1.282E-03  1.145E-03  1.025E-03  9.225E-04  8.342E-04  7.583E-04  6.645E-04  5.965E-04  5.239E-04  4.680E-04  4.066E-04  3.553E-04  3.135E-04  2.719E-04  2.340E-04  2.010E-04  1.722E-04  1.442E-04  1.215E-04  1.025E-04  8.529E-05  7.035E-05  5.781E-05  4.701E-05  3.757E-05  2.992E-05  2.378E-05  1.837E-05  1.401E-05  1.055E-05  7.705E-06  5.515E-06  3.863E-06  2.609E-06  1.570E-06  8.812E-07  4.025E-07  1.469E-07  3.834E-08  5.535E-09  4.886E-10  1.927E-11  4.211E-13  2.263E-15  8.493E-19  1.267E-23  1.275E-31  0.000E+00  0.000E+00  0.000E+00  0.000E+00  0.000E+00  0.000E+00  0.000E+00  0.000E+00  0.000E+00  0.000E+00  0.000E+00  0.000E+00  0.000E+00  0.000E+00
  323.5000  2.098E-03  1.869E-03  1.671E-03  1.501E-03  1.354E-03  1.227E-03  1.071E-03  9.572E-04  8.362E-04  7.433E-04  6.416E-04  5.570E-04  4.889E-04  4.206E-04  3.593E-04  3.063E-04  2.606E-04  2.168E-04  1.814E-04  1.522E-04  1.261E-04  1.036E-04  8.500E-05  6.901E-05  5.522E-05  4.410E-05  3.516E-05  2.729E-05  2.095E-05  1.589E-05  1.173E-05  8.505E-06  6.085E-06  4.261E-06  2.759E-06  1.729E-06  9.452E-07  4.457E-07  1.670E-07  3.982E-08  5.790E-09  3.258E-10  7.392E-12  3.692E-14  1.213E-17  1.573E-22  1.657E-30  0.000E+00  0.000E+00  0.000E+00  0.000E+00  0.000E+00  0.000E+00  0.000E+00  0.000E+00  0.000E+00  0.000E+00  0.000E+00  0.000E+00  0.000E+00  0.000E+00
  324.5000  2.414E-03  2.152E-03  1.924E-03  1.728E-03  1.559E-03  1.413E-03  1.233E-03  1.103E-03  9.639E-04  8.571E-04  7.402E-04  6.429E-04  5.645E-04  4.859E-04  4.153E-04  3.542E-04  3.014E-04  2.509E-04  2.100E-04  1.763E-04  1.461E-04  1.200E-04  9.852E-05  8.001E-05  6.403E-05  5.114E-05  4.078E-05  3.165E-05  2.429E-05  1.842E-05  1.360E-05  9.864E-06  7.060E-06  4.945E-06  3.200E-06  2.002E-06  1.089E-06  5.091E-07  1.885E-07  4.418E-08  6.327E-09  3.573E-10  8.415E-12  4.491E-14  1.648E-17  2.507E-22  3.272E-30  0.000E+00  0.000E+00  0.000E+00  0.000E+00  0.000E+00  0.000E+00  0.000E+00  0.000E+00  0.000E+00  0.000E+00  0.000E+00  0.000E+00  0.000E+00  0.000E+00
  325.5000  2.522E-03  2.247E-03  2.009E-03  1.803E-03  1.627E-03  1.475E-03  1.287E-03  1.151E-03  1.007E-03  8.954E-04  7.737E-04  6.724E-04  5.907E-04  5.089E-04  4.353E-04  3.715E-04  3.165E-04  2.636E-04  2.209E-04  1.855E-04  1.539E-04  1.265E-04  1.039E-04  8.437E-05  6.752E-05  5.391E-05  4.297E-05  3.333E-05  2.557E-05  1.937E-05  1.428E-05  1.034E-05  7.387E-06  5.155E-06  3.311E-06  2.048E-06  1.092E-06  4.967E-07  1.767E-07  3.922E-08  5.344E-09  2.959E-10  7.245E-12  4.178E-14  1.741E-17  3.151E-22  5.084E-30  0.000E+00  0.000E+00  0.000E+00  0.000E+00  0.000E+00  0.000E+00  0.000E+00  0.000E+00  0.000E+00  0.000E+00  0.000E+00  0.000E+00  0.000E+00  0.000E+00
  326.5000  4.452E-03  3.973E-03  3.558E-03  3.200E-03  2.892E-03  2.627E-03  2.290E-03  2.049E-03  1.788E-03  1.589E-03  1.369E-03  1.186E-03  1.040E-03  8.911E-04  7.585E-04  6.441E-04  5.456E-04  4.518E-04  3.763E-04  3.145E-04  2.597E-04  2.125E-04  1.740E-04  1.410E-04  1.128E-04  9.017E-05  7.200E-05  5.605E-05  4.320E-05  3.293E-05  2.450E-05  1.789E-05  1.294E-05  9.229E-06  6.179E-06  4.076E-06  2.419E-06  1.287E-06  5.754E-07  1.761E-07  3.323E-08  2.336E-09  5.925E-11  3.312E-13  1.300E-16  2.240E-21  3.959E-29  0.000E+00  0.000E+00  0.000E+00  0.000E+00  0.000E+00  0.000E+00  0.000E+00  0.000E+00  0.000E+00  0.000E+00  0.000E+00  0.000E+00  0.000E+00  0.000E+00
  327.5000  3.642E-03  3.247E-03  2.905E-03  2.610E-03  2.357E-03  2.138E-03  1.864E-03  1.667E-03  1.456E-03  1.293E-03  1.115E-03  9.669E-04  8.481E-04  7.280E-04  6.206E-04  5.278E-04  4.480E-04  3.717E-04  3.103E-04  2.597E-04  2.148E-04  1.761E-04  1.444E-04  1.171E-04  9.370E-05  7.490E-05  5.979E-05  4.650E-05  3.579E-05  2.723E-05  2.021E-05  1.472E-05  1.062E-05  7.531E-06  4.988E-06  3.233E-06  1.862E-06  9.460E-07  3.949E-07  1.097E-07  1.881E-08  1.254E-09  3.300E-11  2.013E-13  9.147E-17  1.924E-21  4.271E-29  0.000E+00  0.000E+00  0.000E+00  0.000E+00  0.000E+00  0.000E+00  0.000E+00  0.000E+00  0.000E+00  0.000E+00  0.000E+00  0.000E+00  0.000E+00  0.000E+00
  328.5000  3.364E-03  2.998E-03  2.682E-03  2.409E-03  2.174E-03  1.972E-03  1.719E-03  1.536E-03  1.341E-03  1.191E-03  1.026E-03  8.895E-04  7.800E-04  6.692E-04  5.703E-04  4.849E-04  4.114E-04  3.412E-04  2.847E-04  2.383E-04  1.970E-04  1.615E-04  1.324E-04  1.073E-04  8.589E-05  6.866E-05  5.481E-05  4.262E-05  3.281E-05  2.497E-05  1.853E-05  1.350E-05  9.740E-06  6.908E-06  4.579E-06  2.971E-06  1.715E-06  8.752E-07  3.683E-07  1.039E-07  1.823E-08  1.253E-09  3.427E-11  2.211E-13  1.097E-16  2.610E-21  6.922E-29  0.000E+00  0.000E+00  0.000E+00  0.000E+00  0.000E+00  0.000E+00  0.000E+00  0.000E+00  0.000E+00  0.000E+00  0.000E+00  0.000E+00  0.000E+00  0.000E+00
  329.5000  5.960E-03  5.328E-03  4.781E-03  4.309E-03  3.904E-03  3.555E-03  3.102E-03  2.780E-03  2.428E-03  2.160E-03  1.860E-03  1.611E-03  1.413E-03  1.209E-03  1.027E-03  8.704E-04  7.358E-04  6.073E-04  5.044E-04  4.203E-04  3.462E-04  2.825E-04  2.310E-04  1.867E-04  1.492E-04  1.193E-04  9.538E-05  7.437E-05  5.747E-05  4.394E-05  3.285E-05  2.408E-05  1.754E-05  1.262E-05  8.592E-06  5.816E-06  3.601E-06  2.047E-06  1.010E-06  3.571E-07  7.902E-08  6.468E-09  1.828E-10  1.168E-12  5.672E-16  1.345E-20  3.992E-28  0.000E+00  0.000E+00  0.000E+00  0.000E+00  0.000E+00  0.000E+00  0.000E+00  0.000E+00  0.000E+00  0.000E+00  0.000E+00  0.000E+00  0.000E+00  0.000E+00
  330.5000  4.735E-03  4.226E-03  3.785E-03  3.406E-03  3.079E-03  2.798E-03  2.439E-03  2.183E-03  1.905E-03  1.693E-03  1.458E-03  1.263E-03  1.107E-03  9.481E-04  8.063E-04  6.841E-04  5.791E-04  4.789E-04  3.985E-04  3.327E-04  2.745E-04  2.244E-04  1.837E-04  1.487E-04  1.189E-04  9.511E-05  7.598E-05  5.919E-05  4.567E-05  3.486E-05  2.599E-05  1.901E-05  1.380E-05  9.884E-06  6.667E-06  4.445E-06  2.683E-06  1.465E-06  6.804E-07  2.209E-07  4.496E-08  3.517E-09  1.031E-10  7.154E-13  3.985E-16  1.138E-20  4.179E-28  0.000E+00  0.000E+00  0.000E+00  0.000E+00  0.000E+00  0.000E+00  0.000E+00  0.000E+00  0.000E+00  0.000E+00  0.000E+00  0.000E+00  0.000E+00  0.000E+00
  331.5000  4.548E-03  4.057E-03  3.633E-03  3.267E-03  2.952E-03  2.681E-03  2.336E-03  2.090E-03  1.823E-03  1.620E-03  1.395E-03  1.208E-03  1.059E-03  9.066E-04  7.711E-04  6.542E-04  5.538E-04  4.582E-04  3.813E-04  3.184E-04  2.627E-04  2.148E-04  1.758E-04  1.424E-04  1.139E-04  9.106E-05  7.274E-05  5.666E-05  4.371E-05  3.335E-05  2.485E-05  1.818E-05  1.319E-05  9.435E-06  6.353E-06  4.225E-06  2.539E-06  1.378E-06  6.345E-07  2.039E-07  4.128E-08  3.262E-09  9.908E-11  7.304E-13  4.480E-16  1.463E-20  6.432E-28  0.000E+00  0.000E+00  0.000E+00  0.000E+00  0.000E+00  0.000E+00  0.000E+00  0.000E+00  0.000E+00  0.000E+00  0.000E+00  0.000E+00  0.000E+00  0.000E+00
  332.5000  5.681E-03  5.082E-03  4.565E-03  4.119E-03  3.736E-03  3.406E-03  2.973E-03  2.667E-03  2.330E-03  2.075E-03  1.787E-03  1.547E-03  1.358E-03  1.161E-03  9.859E-04  8.348E-04  7.050E-04  5.811E-04  4.819E-04  4.011E-04  3.300E-04  2.688E-04  2.196E-04  1.774E-04  1.416E-04  1.133E-04  9.055E-05  7.064E-05  5.465E-05  4.185E-05  3.136E-05  2.303E-05  1.682E-05  1.215E-05  8.328E-06  5.695E-06  3.587E-06  2.094E-06  1.077E-06  4.066E-07  9.742E-08  8.775E-09  2.753E-10  2.042E-12  1.259E-15  4.227E-20  2.102E-27  0.000E+00  0.000E+00  0.000E+00  0.000E+00  0.000E+00  0.000E+00  0.000E+00  0.000E+00  0.000E+00  0.000E+00  0.000E+00  0.000E+00  0.000E+00  0.000E+00
  333.5000  4.806E-03  4.293E-03  3.850E-03  3.467E-03  3.139E-03  2.856E-03  2.490E-03  2.230E-03  1.947E-03  1.731E-03  1.490E-03  1.290E-03  1.132E-03  9.675E-04  8.219E-04  6.963E-04  5.885E-04  4.858E-04  4.034E-04  3.361E-04  2.769E-04  2.259E-04  1.847E-04  1.493E-04  1.193E-04  9.543E-05  7.627E-05  5.947E-05  4.596E-05  3.514E-05  2.628E-05  1.927E-05  1.404E-05  1.011E-05  6.885E-06  4.661E-06  2.885E-06  1.639E-06  8.087E-07  2.876E-07  6.508E-08  5.704E-09  1.853E-10  1.479E-12  1.029E-15  4.064E-20  2.451E-27  0.000E+00  0.000E+00  0.000E+00  0.000E+00  0.000E+00  0.000E+00  0.000E+00  0.000E+00  0.000E+00  0.000E+00  0.000E+00  0.000E+00  0.000E+00  0.000E+00
  334.5000  5.662E-03  5.061E-03  4.541E-03  4.093E-03  3.708E-03  3.376E-03  2.945E-03  2.639E-03  2.304E-03  2.050E-03  1.764E-03  1.527E-03  1.340E-03  1.145E-03  9.722E-04  8.232E-04  6.953E-04  5.732E-04  4.755E-04  3.959E-04  3.258E-04  2.655E-04  2.170E-04  1.753E-04  1.400E-04  1.120E-04  8.948E-05  6.980E-05  5.397E-05  4.131E-05  3.094E-05  2.270E-05  1.657E-05  1.196E-05  8.176E-06  5.570E-06  3.486E-06  2.016E-06  1.023E-06  3.793E-07  9.000E-08  8.261E-09  2.775E-10  2.309E-12  1.713E-15  7.449E-20  5.241E-27  0.000E+00  0.000E+00  0.000E+00  0.000E+00  0.000E+00  0.000E+00  0.000E+00  0.000E+00  0.000E+00  0.000E+00  0.000E+00  0.000E+00  0.000E+00  0.000E+00
  335.5000  6.473E-03  5.796E-03  5.211E-03  4.707E-03  4.274E-03  3.902E-03  3.408E-03  3.060E-03  2.675E-03  2.383E-03  2.053E-03  1.778E-03  1.562E-03  1.334E-03  1.132E-03  9.580E-04  8.084E-04  6.653E-04  5.510E-04  4.581E-04  3.765E-04  3.062E-04  2.499E-04  2.016E-04  1.608E-04  1.286E-04  1.028E-04  8.025E-05  6.214E-05  4.765E-05  3.579E-05  2.631E-05  1.927E-05  1.397E-05  9.624E-06  6.637E-06  4.241E-06  2.535E-06  1.354E-06  5.415E-07  1.396E-07  1.375E-08  4.768E-10  4.083E-12  3.168E-15  1.481E-19  1.203E-26  0.000E+00  0.000E+00  0.000E+00  0.000E+00  0.000E+00  0.000E+00  0.000E+00  0.000E+00  0.000E+00  0.000E+00  0.000E+00  0.000E+00  0.000E+00  0.000E+00
  336.5000  4.883E-03  4.369E-03  3.926E-03  3.543E-03  3.215E-03  2.932E-03  2.559E-03  2.296E-03  2.006E-03  1.786E-03  1.538E-03  1.332E-03  1.169E-03  9.985E-04  8.474E-04  7.170E-04  6.051E-04  4.981E-04  4.127E-04  3.432E-04  2.821E-04  2.295E-04  1.874E-04  1.512E-04  1.206E-04  9.646E-05  7.711E-05  6.018E-05  4.658E-05  3.571E-05  2.680E-05  1.970E-05  1.441E-05  1.044E-05  7.183E-06  4.941E-06  3.143E-06  1.866E-06  9.861E-07  3.889E-07  9.923E-08  9.826E-09  3.521E-10  3.192E-12  2.716E-15  1.444E-19  1.388E-26  0.000E+00  0.000E+00  0.000E+00  0.000E+00  0.000E+00  0.000E+00  0.000E+00  0.000E+00  0.000E+00  0.000E+00  0.000E+00  0.000E+00  0.000E+00  0.000E+00
  337.5000  4.926E-03  4.402E-03  3.949E-03  3.559E-03  3.223E-03  2.934E-03  2.559E-03  2.292E-03  2.001E-03  1.779E-03  1.531E-03  1.325E-03  1.162E-03  9.928E-04  8.426E-04  7.132E-04  6.021E-04  4.962E-04  4.114E-04  3.424E-04  2.817E-04  2.295E-04  1.875E-04  1.514E-04  1.209E-04  9.667E-05  7.726E-05  6.027E-05  4.662E-05  3.570E-05  2.675E-05  1.964E-05  1.434E-05  1.036E-05  7.098E-06  4.846E-06  3.045E-06  1.771E-06  9.080E-07  3.428E-07  8.388E-08  8.166E-09  3.024E-10  2.927E-12  2.771E-15  1.704E-19  1.956E-26  0.000E+00  0.000E+00  0.000E+00  0.000E+00  0.000E+00  0.000E+00  0.000E+00  0.000E+00  0.000E+00  0.000E+00  0.000E+00  0.000E+00  0.000E+00  0.000E+00
  338.5000  5.905E-03  5.287E-03  4.753E-03  4.293E-03  3.898E-03  3.557E-03  3.106E-03  2.789E-03  2.437E-03  2.171E-03  1.869E-03  1.619E-03  1.422E-03  1.214E-03  1.030E-03  8.707E-04  7.344E-04  6.040E-04  4.999E-04  4.154E-04  3.412E-04  2.773E-04  2.263E-04  1.824E-04  1.455E-04  1.163E-04  9.295E-05  7.256E-05  5.620E-05  4.311E-05  3.241E-05  2.384E-05  1.747E-05  1.268E-05  8.749E-06  6.048E-06  3.881E-06  2.337E-06  1.264E-06  5.172E-07  1.383E-07  1.451E-08  5.540E-10  5.501E-12  5.407E-15  3.539E-19  4.635E-26  0.000E+00  0.000E+00  0.000E+00  0.000E+00  0.000E+00  0.000E+00  0.000E+00  0.000E+00  0.000E+00  0.000E+00  0.000E+00  0.000E+00  0.000E+00  0.000E+00
  339.5000  6.533E-03  5.851E-03  5.261E-03  4.753E-03  4.316E-03  3.941E-03  3.442E-03  3.090E-03  2.701E-03  2.407E-03  2.072E-03  1.794E-03  1.576E-03  1.345E-03  1.141E-03  9.647E-04  8.134E-04  6.687E-04  5.532E-04  4.595E-04  3.772E-04  3.064E-04  2.500E-04  2.014E-04  1.606E-04  1.284E-04  1.026E-04  8.009E-05  6.205E-05  4.762E-05  3.581E-05  2.635E-05  1.932E-05  1.404E-05  9.698E-06  6.717E-06  4.326E-06  2.621E-06  1.432E-06  5.954E-07  1.627E-07  1.754E-08  6.912E-10  7.179E-12  7.578E-15  5.495E-19  8.362E-26  0.000E+00  0.000E+00  0.000E+00  0.000E+00  0.000E+00  0.000E+00  0.000E+00  0.000E+00  0.000E+00  0.000E+00  0.000E+00  0.000E+00  0.000E+00  0.000E+00
  340.5000  6.662E-03  5.961E-03  5.355E-03  4.833E-03  4.384E-03  3.998E-03  3.489E-03  3.130E-03  2.734E-03  2.434E-03  2.094E-03  1.813E-03  1.591E-03  1.358E-03  1.152E-03  9.738E-04  8.212E-04  6.754E-04  5.590E-04  4.645E-04  3.815E-04  3.101E-04  2.530E-04  2.039E-04  1.627E-04  1.300E-04  1.039E-04  8.113E-05  6.283E-05  4.819E-05  3.621E-05  2.664E-05  1.951E-05  1.416E-05  9.761E-06  6.738E-06  4.314E-06  2.589E-06  1.394E-06  5.675E-07  1.522E-07  1.638E-08  6.659E-10  7.315E-12  8.459E-15  6.960E-19  1.246E-25  0.000E+00  0.000E+00  0.000E+00  0.000E+00  0.000E+00  0.000E+00  0.000E+00  0.000E+00  0.000E+00  0.000E+00  0.000E+00  0.000E+00  0.000E+00  0.000E+00
  341.5000  6.329E-03  5.669E-03  5.098E-03  4.608E-03  4.186E-03  3.823E-03  3.339E-03  2.999E-03  2.621E-03  2.336E-03  2.011E-03  1.742E-03  1.530E-03  1.306E-03  1.107E-03  9.359E-04  7.888E-04  6.481E-04  5.359E-04  4.449E-04  3.651E-04  2.964E-04  2.416E-04  1.946E-04  1.551E-04  1.240E-04  9.907E-05  7.735E-05  5.994E-05  4.602E-05  3.464E-05  2.551E-05  1.872E-05  1.361E-05  9.422E-06  6.544E-06  4.233E-06  2.585E-06  1.430E-06  6.076E-07  1.711E-07  1.929E-08  8.078E-10  9.190E-12  1.122E-14  1.002E-18  2.059E-25  0.000E+00  0.000E+00  0.000E+00  0.000E+00  0.000E+00  0.000E+00  0.000E+00  0.000E+00  0.000E+00  0.000E+00  0.000E+00  0.000E+00  0.000E+00  0.000E+00
  342.5000  7.100E-03  6.361E-03  5.722E-03  5.172E-03  4.700E-03  4.293E-03  3.750E-03  3.369E-03  2.944E-03  2.625E-03  2.260E-03  1.957E-03  1.720E-03  1.467E-03  1.243E-03  1.051E-03  8.856E-04  7.274E-04  6.012E-04  4.989E-04  4.093E-04  3.321E-04  2.707E-04  2.179E-04  1.736E-04  1.388E-04  1.109E-04  8.659E-05  6.711E-05  5.154E-05  3.882E-05  2.859E-05  2.099E-05  1.527E-05  1.058E-05  7.360E-06  4.774E-06  2.929E-06  1.632E-06  7.023E-07  2.013E-07  2.324E-08  1.003E-09  1.192E-11  1.560E-14  1.539E-18  3.656E-25  0.000E+00  0.000E+00  0.000E+00  0.000E+00  0.000E+00  0.000E+00  0.000E+00  0.000E+00  0.000E+00  0.000E+00  0.000E+00  0.000E+00  0.000E+00  0.000E+00
  343.5000  7.207E-03  6.454E-03  5.802E-03  5.241E-03  4.759E-03  4.345E-03  3.793E-03  3.405E-03  2.975E-03  2.651E-03  2.281E-03  1.975E-03  1.735E-03  1.480E-03  1.254E-03  1.060E-03  8.928E-04  7.334E-04  6.062E-04  5.031E-04  4.127E-04  3.350E-04  2.731E-04  2.198E-04  1.752E-04  1.400E-04  1.119E-04  8.735E-05  6.769E-05  5.197E-05  3.913E-05  2.881E-05  2.115E-05  1.538E-05  1.065E-05  7.397E-06  4.788E-06  2.927E-06  1.623E-06  6.936E-07  1.982E-07  2.310E-08  1.027E-09  1.282E-11  1.817E-14  2.004E-18  5.529E-25  0.000E+00  0.000E+00  0.000E+00  0.000E+00  0.000E+00  0.000E+00  0.000E+00  0.000E+00  0.000E+00  0.000E+00  0.000E+00  0.000E+00  0.000E+00  0.000E+00
  344.5000  4.924E-03  4.407E-03  3.960E-03  3.575E-03  3.244E-03  2.959E-03  2.582E-03  2.317E-03  2.023E-03  1.802E-03  1.550E-03  1.341E-03  1.178E-03  1.004E-03  8.511E-04  7.191E-04  6.059E-04  4.978E-04  4.115E-04  3.416E-04  2.803E-04  2.275E-04  1.855E-04  1.494E-04  1.190E-04  9.514E-05  7.603E-05  5.935E-05  4.598E-05  3.530E-05  2.657E-05  1.956E-05  1.435E-05  1.043E-05  7.215E-06  5.004E-06  3.231E-06  1.967E-06  1.084E-06  4.593E-07  1.305E-07  1.531E-08  7.009E-10  9.198E-12  1.411E-14  1.739E-18  5.572E-25  0.000E+00  0.000E+00  0.000E+00  0.000E+00  0.000E+00  0.000E+00  0.000E+00  0.000E+00  0.000E+00  0.000E+00  0.000E+00  0.000E+00  0.000E+00  0.000E+00
  345.5000  7.214E-03  6.464E-03  5.815E-03  5.257E-03  4.778E-03  4.366E-03  3.813E-03  3.426E-03  2.995E-03  2.670E-03  2.298E-03  1.990E-03  1.749E-03  1.492E-03  1.263E-03  1.067E-03  8.990E-04  7.378E-04  6.093E-04  5.054E-04  4.143E-04  3.358E-04  2.736E-04  2.201E-04  1.753E-04  1.400E-04  1.119E-04  8.735E-05  6.772E-05  5.204E-05  3.923E-05  2.891E-05  2.124E-05  1.548E-05  1.074E-05  7.497E-06  4.887E-06  3.023E-06  1.710E-06  7.542E-07  2.245E-07  2.754E-08  1.296E-09  1.757E-11  2.836E-14  3.772E-18  1.372E-24  0.000E+00  0.000E+00  0.000E+00  0.000E+00  0.000E+00  0.000E+00  0.000E+00  0.000E+00  0.000E+00  0.000E+00  0.000E+00  0.000E+00  0.000E+00  0.000E+00
  346.5000  6.480E-03  5.802E-03  5.215E-03  4.709E-03  4.276E-03  3.902E-03  3.406E-03  3.057E-03  2.670E-03  2.378E-03  2.046E-03  1.770E-03  1.555E-03  1.326E-03  1.123E-03  9.484E-04  7.988E-04  6.558E-04  5.418E-04  4.494E-04  3.685E-04  2.989E-04  2.436E-04  1.960E-04  1.562E-04  1.248E-04  9.970E-05  7.783E-05  6.032E-05  4.633E-05  3.490E-05  2.571E-05  1.888E-05  1.375E-05  9.525E-06  6.627E-06  4.300E-06  2.641E-06  1.477E-06  6.414E-07  1.885E-07  2.317E-08  1.122E-09  1.600E-11  2.801E-14  4.170E-18  1.762E-24  0.000E+00  0.000E+00  0.000E+00  0.000E+00  0.000E+00  0.000E+00  0.000E+00  0.000E+00  0.000E+00  0.000E+00  0.000E+00  0.000E+00  0.000E+00  0.000E+00
  347.5000  6.364E-03  5.697E-03  5.121E-03  4.625E-03  4.199E-03  3.832E-03  3.344E-03  3.002E-03  2.622E-03  2.335E-03  2.009E-03  1.738E-03  1.526E-03  1.301E-03  1.102E-03  9.307E-04  7.837E-04  6.432E-04  5.312E-04  4.406E-04  3.612E-04  2.929E-04  2.386E-04  1.920E-04  1.529E-04  1.222E-04  9.760E-05  7.620E-05  5.906E-05  4.537E-05  3.419E-05  2.519E-05  1.850E-05  1.347E-05  9.343E-06  6.505E-06  4.228E-06  2.604E-06  1.462E-06  6.403E-07  1.905E-07  2.387E-08  1.189E-09  1.768E-11  3.308E-14  5.416E-18  2.622E-24  0.000E+00  0.000E+00  0.000E+00  0.000E+00  0.000E+00  0.000E+00  0.000E+00  0.000E+00  0.000E+00  0.000E+00  0.000E+00  0.000E+00  0.000E+00  0.000E+00
  348.5000  7.099E-03  6.357E-03  5.715E-03  5.163E-03  4.689E-03  4.281E-03  3.736E-03  3.354E-03  2.930E-03  2.610E-03  2.245E-03  1.943E-03  1.707E-03  1.454E-03  1.232E-03  1.040E-03  8.755E-04  7.183E-04  5.930E-04  4.917E-04  4.030E-04  3.266E-04  2.660E-04  2.139E-04  1.703E-04  1.361E-04  1.087E-04  8.487E-05  6.579E-05  5.055E-05  3.811E-05  2.809E-05  2.064E-05  1.504E-05  1.044E-05  7.282E-06  4.745E-06  2.936E-06  1.662E-06  7.370E-07  2.232E-07  2.860E-08  1.464E-09  2.265E-11  4.515E-14  8.087E-18  4.468E-24  0.000E+00  0.000E+00  0.000E+00  0.000E+00  0.000E+00  0.000E+00  0.000E+00  0.000E+00  0.000E+00  0.000E+00  0.000E+00  0.000E+00  0.000E+00  0.000E+00
  349.5000  5.939E-03  5.318E-03  4.780E-03  4.317E-03  3.920E-03  3.579E-03  3.123E-03  2.803E-03  2.448E-03  2.181E-03  1.876E-03  1.623E-03  1.425E-03  1.214E-03  1.028E-03  8.681E-04  7.306E-04  5.993E-04  4.947E-04  4.101E-04  3.360E-04  2.723E-04  2.218E-04  1.783E-04  1.420E-04  1.134E-04  9.058E-05  7.071E-05  5.482E-05  4.212E-05  3.176E-05  2.341E-05  1.721E-05  1.254E-05  8.707E-06  6.074E-06  3.961E-06  2.454E-06  1.392E-06  6.198E-07  1.892E-07  2.465E-08  1.297E-09  2.092E-11  4.457E-14  8.775E-18  5.539E-24  0.000E+00  0.000E+00  0.000E+00  0.000E+00  0.000E+00  0.000E+00  0.000E+00  0.000E+00  0.000E+00  0.000E+00  0.000E+00  0.000E+00  0.000E+00  0.000E+00
  350.5000  8.346E-03  7.473E-03  6.717E-03  6.067E-03  5.509E-03  5.029E-03  4.388E-03  3.939E-03  3.440E-03  3.064E-03  2.635E-03  2.280E-03  2.002E-03  1.706E-03  1.444E-03  1.219E-03  1.026E-03  8.410E-04  6.940E-04  5.752E-04  4.712E-04  3.817E-04  3.108E-04  2.498E-04  1.989E-04  1.588E-04  1.269E-04  9.905E-05  7.679E-05  5.902E-05  4.451E-05  3.281E-05  2.412E-05  1.759E-05  1.222E-05  8.528E-06  5.568E-06  3.457E-06  1.968E-06  8.827E-07  2.725E-07  3.615E-08  1.953E-09  3.280E-11  7.453E-14  1.607E-17  1.156E-23  0.000E+00  0.000E+00  0.000E+00  0.000E+00  0.000E+00  0.000E+00  0.000E+00  0.000E+00  0.000E+00  0.000E+00  0.000E+00  0.000E+00  0.000E+00  0.000E+00
  351.5000  7.154E-03  6.405E-03  5.756E-03  5.198E-03  4.718E-03  4.306E-03  3.757E-03  3.371E-03  2.944E-03  2.621E-03  2.254E-03  1.949E-03  1.712E-03  1.458E-03  1.234E-03  1.041E-03  8.762E-04  7.185E-04  5.928E-04  4.912E-04  4.024E-04  3.259E-04  2.653E-04  2.133E-04  1.698E-04  1.356E-04  1.083E-04  8.453E-05  6.553E-05  5.036E-05  3.799E-05  2.800E-05  2.059E-05  1.501E-05  1.043E-05  7.279E-06  4.754E-06  2.953E-06  1.683E-06  7.563E-07  2.349E-07  3.161E-08  1.754E-09  3.070E-11  7.450E-14  1.763E-17  1.444E-23  0.000E+00  0.000E+00  0.000E+00  0.000E+00  0.000E+00  0.000E+00  0.000E+00  0.000E+00  0.000E+00  0.000E+00  0.000E+00  0.000E+00  0.000E+00  0.000E+00
  352.5000  6.485E-03  5.806E-03  5.218E-03  4.712E-03  4.278E-03  3.904E-03  3.406E-03  3.056E-03  2.668E-03  2.376E-03  2.043E-03  1.767E-03  1.552E-03  1.321E-03  1.118E-03  9.434E-04  7.936E-04  6.506E-04  5.366E-04  4.446E-04  3.641E-04  2.948E-04  2.400E-04  1.928E-04  1.534E-04  1.225E-04  9.786E-05  7.639E-05  5.923E-05  4.552E-05  3.435E-05  2.532E-05  1.863E-05  1.359E-05  9.441E-06  6.595E-06  4.313E-06  2.686E-06  1.537E-06  6.960E-07  2.186E-07  2.996E-08  1.706E-09  3.106E-11  8.017E-14  2.071E-17  1.925E-23  0.000E+00  0.000E+00  0.000E+00  0.000E+00  0.000E+00  0.000E+00  0.000E+00  0.000E+00  0.000E+00  0.000E+00  0.000E+00  0.000E+00  0.000E+00  0.000E+00
  353.5000  7.868E-03  7.045E-03  6.332E-03  5.718E-03  5.192E-03  4.739E-03  4.134E-03  3.710E-03  3.239E-03  2.885E-03  2.480E-03  2.145E-03  1.883E-03  1.604E-03  1.357E-03  1.145E-03  9.629E-04  7.891E-04  6.507E-04  5.389E-04  4.412E-04  3.571E-04  2.906E-04  2.335E-04  1.857E-04  1.483E-04  1.184E-04  9.245E-05  7.168E-05  5.511E-05  4.160E-05  3.067E-05  2.257E-05  1.647E-05  1.145E-05  8.007E-06  5.245E-06  3.276E-06  1.884E-06  8.605E-07  2.737E-07  3.824E-08  2.233E-09  4.223E-11  1.158E-13  3.259E-17  3.428E-23  0.000E+00  0.000E+00  0.000E+00  0.000E+00  0.000E+00  0.000E+00  0.000E+00  0.000E+00  0.000E+00  0.000E+00  0.000E+00  0.000E+00  0.000E+00  0.000E+00
  354.5000  8.571E-03  7.675E-03  6.899E-03  6.231E-03  5.658E-03  5.165E-03  4.506E-03  4.044E-03  3.530E-03  3.144E-03  2.703E-03  2.338E-03  2.053E-03  1.747E-03  1.479E-03  1.247E-03  1.049E-03  8.591E-04  7.082E-04  5.864E-04  4.800E-04  3.884E-04  3.160E-04  2.538E-04  2.019E-04  1.611E-04  1.287E-04  1.004E-04  7.789E-05  5.989E-05  4.522E-05  3.335E-05  2.454E-05  1.792E-05  1.246E-05  8.724E-06  5.723E-06  3.584E-06  2.070E-06  9.531E-07  3.068E-07  4.365E-08  2.614E-09  5.133E-11  1.494E-13  4.578E-17  5.443E-23  0.000E+00  0.000E+00  0.000E+00  0.000E+00  0.000E+00  0.000E+00  0.000E+00  0.000E+00  0.000E+00  0.000E+00  0.000E+00  0.000E+00  0.000E+00  0.000E+00
  355.5000  8.017E-03  7.179E-03  6.452E-03  5.827E-03  5.290E-03  4.829E-03  4.212E-03  3.780E-03  3.300E-03  2.939E-03  2.526E-03  2.184E-03  1.918E-03  1.632E-03  1.381E-03  1.165E-03  9.791E-04  8.019E-04  6.610E-04  5.471E-04  4.477E-04  3.622E-04  2.947E-04  2.366E-04  1.882E-04  1.502E-04  1.199E-04  9.361E-05  7.259E-05  5.582E-05  4.215E-05  3.109E-05  2.289E-05  1.671E-05  1.163E-05  8.143E-06  5.346E-06  3.353E-06  1.942E-06  8.986E-07  2.918E-07  4.217E-08  2.590E-09  5.282E-11  1.633E-13  5.452E-17  7.322E-23  0.000E+00  0.000E+00  0.000E+00  0.000E+00  0.000E+00  0.000E+00  0.000E+00  0.000E+00  0.000E+00  0.000E+00  0.000E+00  0.000E+00  0.000E+00  0.000E+00
  356.5000  7.438E-03  6.660E-03  5.986E-03  5.405E-03  4.907E-03  4.478E-03  3.906E-03  3.505E-03  3.059E-03  2.724E-03  2.341E-03  2.024E-03  1.777E-03  1.512E-03  1.279E-03  1.078E-03  9.065E-04  7.423E-04  6.117E-04  5.063E-04  4.142E-04  3.350E-04  2.725E-04  2.187E-04  1.740E-04  1.388E-04  1.108E-04  8.652E-05  6.709E-05  5.160E-05  3.897E-05  2.875E-05  2.116E-05  1.545E-05  1.076E-05  7.536E-06  4.951E-06  3.109E-06  1.805E-06  8.388E-07  2.746E-07  4.030E-08  2.536E-09  5.371E-11  1.763E-13  6.406E-17  9.703E-23  0.000E+00  0.000E+00  0.000E+00  0.000E+00  0.000E+00  0.000E+00  0.000E+00  0.000E+00  0.000E+00  0.000E+00  0.000E+00  0.000E+00  0.000E+00  0.000E+00
  357.5000  6.318E-03  5.657E-03  5.083E-03  4.590E-03  4.166E-03  3.802E-03  3.315E-03  2.975E-03  2.596E-03  2.311E-03  1.986E-03  1.717E-03  1.507E-03  1.282E-03  1.084E-03  9.141E-04  7.682E-04  6.290E-04  5.182E-04  4.288E-04  3.508E-04  2.837E-04  2.307E-04  1.851E-04  1.472E-04  1.175E-04  9.378E-05  7.320E-05  5.677E-05  4.365E-05  3.298E-05  2.433E-05  1.791E-05  1.308E-05  9.110E-06  6.382E-06  4.196E-06  2.638E-06  1.534E-06  7.158E-07  2.361E-07  3.516E-08  2.268E-09  4.985E-11  1.736E-13  6.859E-17  1.170E-22  0.000E+00  0.000E+00  0.000E+00  0.000E+00  0.000E+00  0.000E+00  0.000E+00  0.000E+00  0.000E+00  0.000E+00  0.000E+00  0.000E+00  0.000E+00  0.000E+00
  358.5000  4.892E-03  4.380E-03  3.936E-03  3.554E-03  3.226E-03  2.944E-03  2.567E-03  2.303E-03  2.010E-03  1.789E-03  1.537E-03  1.329E-03  1.166E-03  9.922E-04  8.392E-04  7.072E-04  5.942E-04  4.864E-04  4.006E-04  3.314E-04  2.711E-04  2.191E-04  1.782E-04  1.430E-04  1.137E-04  9.069E-05  7.239E-05  5.650E-05  4.382E-05  3.370E-05  2.546E-05  1.879E-05  1.384E-05  1.011E-05  7.042E-06  4.936E-06  3.249E-06  2.046E-06  1.194E-06  5.605E-07  1.867E-07  2.825E-08  1.866E-09  4.252E-11  1.568E-13  6.718E-17  1.287E-22  0.000E+00  0.000E+00  0.000E+00  0.000E+00  0.000E+00  0.000E+00  0.000E+00  0.000E+00  0.000E+00  0.000E+00  0.000E+00  0.000E+00  0.000E+00  0.000E+00
  359.5000  8.236E-03  7.373E-03  6.625E-03  5.981E-03  5.429E-03  4.954E-03  4.319E-03  3.874E-03  3.381E-03  3.009E-03  2.585E-03  2.234E-03  1.961E-03  1.668E-03  1.410E-03  1.188E-03  9.984E-04  8.170E-04  6.728E-04  5.565E-04  4.550E-04  3.678E-04  2.990E-04  2.399E-04  1.906E-04  1.521E-04  1.214E-04  9.476E-05  7.348E-05  5.652E-05  4.271E-05  3.152E-05  2.322E-05  1.696E-05  1.182E-05  8.289E-06  5.459E-06  3.443E-06  2.013E-06  9.493E-07  3.187E-07  4.896E-08  3.310E-09  7.821E-11  3.054E-13  1.419E-16  3.050E-22  0.000E+00  0.000E+00  0.000E+00  0.000E+00  0.000E+00  0.000E+00  0.000E+00  0.000E+00  0.000E+00  0.000E+00  0.000E+00  0.000E+00  0.000E+00  0.000E+00
  360.5000  7.638E-03  6.838E-03  6.144E-03  5.547E-03  5.034E-03  4.593E-03  4.004E-03  3.592E-03  3.133E-03  2.789E-03  2.396E-03  2.070E-03  1.817E-03  1.545E-03  1.306E-03  1.100E-03  9.243E-04  7.562E-04  6.226E-04  5.148E-04  4.209E-04  3.401E-04  2.765E-04  2.217E-04  1.762E-04  1.406E-04  1.122E-04  8.756E-05  6.790E-05  5.223E-05  3.948E-05  2.914E-05  2.146E-05  1.569E-05  1.093E-05  7.670E-06  5.055E-06  3.192E-06  1.871E-06  8.864E-07  3.000E-07  4.676E-08  3.237E-09  7.923E-11  3.273E-13  1.646E-16  3.965E-22  0.000E+00  0.000E+00  0.000E+00  0.000E+00  0.000E+00  0.000E+00  0.000E+00  0.000E+00  0.000E+00  0.000E+00  0.000E+00  0.000E+00  0.000E+00  0.000E+00
  361.5000  6.904E-03  6.180E-03  5.553E-03  5.013E-03  4.549E-03  4.150E-03  3.618E-03  3.245E-03  2.831E-03  2.519E-03  2.164E-03  1.870E-03  1.641E-03  1.396E-03  1.179E-03  9.933E-04  8.342E-04  6.824E-04  5.617E-04  4.644E-04  3.795E-04  3.066E-04  2.492E-04  1.998E-04  1.588E-04  1.266E-04  1.011E-04  7.887E-05  6.116E-05  4.705E-05  3.557E-05  2.625E-05  1.934E-05  1.414E-05  9.860E-06  6.921E-06  4.565E-06  2.888E-06  1.698E-06  8.084E-07  2.760E-07  4.369E-08  3.094E-09  7.840E-11  3.422E-13  1.861E-16  5.010E-22  0.000E+00  0.000E+00  0.000E+00  0.000E+00  0.000E+00  0.000E+00  0.000E+00  0.000E+00  0.000E+00  0.000E+00  0.000E+00  0.000E+00  0.000E+00  0.000E+00
  362.5000  8.119E-03  7.268E-03  6.531E-03  5.895E-03  5.349E-03  4.880E-03  4.254E-03  3.815E-03  3.328E-03  2.961E-03  2.543E-03  2.197E-03  1.928E-03  1.639E-03  1.385E-03  1.167E-03  9.795E-04  8.011E-04  6.592E-04  5.449E-04  4.453E-04  3.596E-04  2.922E-04  2.342E-04  1.861E-04  1.484E-04  1.184E-04  9.242E-05  7.168E-05  5.514E-05  4.170E-05  3.078E-05  2.268E-05  1.659E-05  1.157E-05  8.122E-06  5.362E-06  3.397E-06  2.002E-06  9.578E-07  3.297E-07  5.296E-08  3.836E-09  1.006E-10  4.638E-13  2.724E-16  8.189E-22  0.000E+00  0.000E+00  0.000E+00  0.000E+00  0.000E+00  0.000E+00  0.000E+00  0.000E+00  0.000E+00  0.000E+00  0.000E+00  0.000E+00  0.000E+00  0.000E+00
  363.5000  7.227E-03  6.470E-03  5.813E-03  5.246E-03  4.760E-03  4.342E-03  3.785E-03  3.394E-03  2.960E-03  2.634E-03  2.262E-03  1.954E-03  1.715E-03  1.457E-03  1.231E-03  1.037E-03  8.704E-04  7.116E-04  5.855E-04  4.838E-04  3.953E-04  3.192E-04  2.593E-04  2.078E-04  1.651E-04  1.317E-04  1.050E-04  8.197E-05  6.357E-05  4.891E-05  3.699E-05  2.731E-05  2.013E-05  1.472E-05  1.027E-05  7.213E-06  4.765E-06  3.022E-06  1.785E-06  8.579E-07  2.976E-07  4.849E-08  3.592E-09  9.746E-11  4.741E-13  3.005E-16  1.007E-21  0.000E+00  0.000E+00  0.000E+00  0.000E+00  0.000E+00  0.000E+00  0.000E+00  0.000E+00  0.000E+00  0.000E+00  0.000E+00  0.000E+00  0.000E+00  0.000E+00
  364.5000  7.881E-03  7.055E-03  6.338E-03  5.720E-03  5.189E-03  4.733E-03  4.125E-03  3.699E-03  3.225E-03  2.870E-03  2.464E-03  2.128E-03  1.867E-03  1.587E-03  1.340E-03  1.128E-03  9.471E-04  7.743E-04  6.369E-04  5.262E-04  4.298E-04  3.470E-04  2.819E-04  2.259E-04  1.794E-04  1.430E-04  1.141E-04  8.904E-05  6.905E-05  5.313E-05  4.019E-05  2.967E-05  2.187E-05  1.600E-05  1.116E-05  7.844E-06  5.185E-06  3.292E-06  1.948E-06  9.398E-07  3.283E-07  5.423E-08  4.107E-09  1.153E-10  5.914E-13  4.043E-16  1.509E-21  0.000E+00  0.000E+00  0.000E+00  0.000E+00  0.000E+00  0.000E+00  0.000E+00  0.000E+00  0.000E+00  0.000E+00  0.000E+00  0.000E+00  0.000E+00  0.000E+00
  365.5000  9.596E-03  8.589E-03  7.715E-03  6.962E-03  6.315E-03  5.760E-03  5.019E-03  4.499E-03  3.923E-03  3.490E-03  2.996E-03  2.587E-03  2.270E-03  1.928E-03  1.629E-03  1.371E-03  1.151E-03  9.404E-04  7.733E-04  6.388E-04  5.218E-04  4.211E-04  3.420E-04  2.740E-04  2.176E-04  1.735E-04  1.384E-04  1.080E-04  8.374E-05  6.443E-05  4.874E-05  3.599E-05  2.653E-05  1.941E-05  1.355E-05  9.521E-06  6.297E-06  4.002E-06  2.372E-06  1.149E-06  4.039E-07  6.761E-08  5.233E-09  1.518E-10  8.214E-13  6.050E-16  2.512E-21  0.000E+00  0.000E+00  0.000E+00  0.000E+00  0.000E+00  0.000E+00  0.000E+00  0.000E+00  0.000E+00  0.000E+00  0.000E+00  0.000E+00  0.000E+00  0.000E+00
  366.5000  1.017E-02  9.102E-03  8.176E-03  7.377E-03  6.692E-03  6.102E-03  5.317E-03  4.766E-03  4.156E-03  3.696E-03  3.173E-03  2.739E-03  2.403E-03  2.041E-03  1.724E-03  1.451E-03  1.217E-03  9.947E-04  8.178E-04  6.754E-04  5.515E-04  4.450E-04  3.614E-04  2.895E-04  2.298E-04  1.832E-04  1.461E-04  1.140E-04  8.842E-05  6.804E-05  5.148E-05  3.801E-05  2.803E-05  2.051E-05  1.432E-05  1.007E-05  6.663E-06  4.240E-06  2.519E-06  1.225E-06  4.342E-07  7.370E-08  5.827E-09  1.747E-10  9.950E-13  7.882E-16  3.632E-21  0.000E+00  0.000E+00  0.000E+00  0.000E+00  0.000E+00  0.000E+00  0.000E+00  0.000E+00  0.000E+00  0.000E+00  0.000E+00  0.000E+00  0.000E+00  0.000E+00
  367.5000  9.669E-03  8.654E-03  7.774E-03  7.014E-03  6.361E-03  5.801E-03  5.054E-03  4.530E-03  3.949E-03  3.512E-03  3.014E-03  2.602E-03  2.283E-03  1.938E-03  1.637E-03  1.378E-03  1.156E-03  9.441E-04  7.760E-04  6.408E-04  5.231E-04  4.220E-04  3.426E-04  2.744E-04  2.178E-04  1.736E-04  1.384E-04  1.080E-04  8.377E-05  6.447E-05  4.878E-05  3.603E-05  2.657E-05  1.945E-05  1.358E-05  9.551E-06  6.326E-06  4.031E-06  2.401E-06  1.173E-06  4.187E-07  7.205E-08  5.818E-09  1.801E-10  1.079E-12  9.186E-16  4.693E-21  0.000E+00  0.000E+00  0.000E+00  0.000E+00  0.000E+00  0.000E+00  0.000E+00  0.000E+00  0.000E+00  0.000E+00  0.000E+00  0.000E+00  0.000E+00  0.000E+00
  368.5000  8.496E-03  7.603E-03  6.830E-03  6.161E-03  5.588E-03  5.095E-03  4.438E-03  3.978E-03  3.467E-03  3.083E-03  2.646E-03  2.284E-03  2.003E-03  1.700E-03  1.436E-03  1.208E-03  1.013E-03  8.277E-04  6.802E-04  5.616E-04  4.584E-04  3.697E-04  3.001E-04  2.402E-04  1.907E-04  1.520E-04  1.212E-04  9.454E-05  7.332E-05  5.643E-05  4.271E-05  3.154E-05  2.327E-05  1.703E-05  1.190E-05  8.369E-06  5.546E-06  3.538E-06  2.111E-06  1.035E-06  3.722E-07  6.488E-08  5.350E-09  1.710E-10  1.078E-12  9.849E-16  5.570E-21  0.000E+00  0.000E+00  0.000E+00  0.000E+00  0.000E+00  0.000E+00  0.000E+00  0.000E+00  0.000E+00  0.000E+00  0.000E+00  0.000E+00  0.000E+00  0.000E+00
  369.5000  1.019E-02  9.123E-03  8.194E-03  7.392E-03  6.703E-03  6.111E-03  5.323E-03  4.770E-03  4.157E-03  3.696E-03  3.172E-03  2.737E-03  2.401E-03  2.038E-03  1.721E-03  1.447E-03  1.214E-03  9.910E-04  8.143E-04  6.721E-04  5.485E-04  4.422E-04  3.589E-04  2.873E-04  2.280E-04  1.817E-04  1.449E-04  1.130E-04  8.764E-05  6.745E-05  5.106E-05  3.771E-05  2.782E-05  2.037E-05  1.423E-05  1.002E-05  6.641E-06  4.241E-06  2.535E-06  1.248E-06  4.518E-07  7.979E-08  6.716E-09  2.215E-10  1.467E-12  1.438E-15  8.993E-21  0.000E+00  0.000E+00  0.000E+00  0.000E+00  0.000E+00  0.000E+00  0.000E+00  0.000E+00  0.000E+00  0.000E+00  0.000E+00  0.000E+00  0.000E+00  0.000E+00
  370.5000  9.250E-03  8.278E-03  7.435E-03  6.706E-03  6.081E-03  5.543E-03  4.828E-03  4.326E-03  3.770E-03  3.351E-03  2.875E-03  2.481E-03  2.176E-03  1.846E-03  1.559E-03  1.311E-03  1.099E-03  8.973E-04  7.371E-04  6.083E-04  4.963E-04  4.001E-04  3.246E-04  2.598E-04  2.061E-04  1.642E-04  1.309E-04  1.021E-04  7.922E-05  6.097E-05  4.616E-05  3.410E-05  2.516E-05  1.842E-05  1.287E-05  9.063E-06  6.013E-06  3.844E-06  2.302E-06  1.137E-06  4.145E-07  7.414E-08  6.370E-09  2.166E-10  1.507E-12  1.583E-15  1.093E-20  0.000E+00  0.000E+00  0.000E+00  0.000E+00  0.000E+00  0.000E+00  0.000E+00  0.000E+00  0.000E+00  0.000E+00  0.000E+00  0.000E+00  0.000E+00  0.000E+00
  371.5000  1.059E-02  9.476E-03  8.510E-03  7.676E-03  6.959E-03  6.343E-03  5.524E-03  4.949E-03  4.312E-03  3.833E-03  3.288E-03  2.837E-03  2.488E-03  2.111E-03  1.782E-03  1.498E-03  1.256E-03  1.025E-03  8.418E-04  6.945E-04  5.666E-04  4.566E-04  3.704E-04  2.964E-04  2.351E-04  1.873E-04  1.493E-04  1.165E-04  9.034E-05  6.953E-05  5.265E-05  3.889E-05  2.870E-05  2.102E-05  1.469E-05  1.035E-05  6.869E-06  4.396E-06  2.637E-06  1.308E-06  4.799E-07  8.694E-08  7.620E-09  2.672E-10  1.951E-12  2.194E-15  1.671E-20  0.000E+00  0.000E+00  0.000E+00  0.000E+00  0.000E+00  0.000E+00  0.000E+00  0.000E+00  0.000E+00  0.000E+00  0.000E+00  0.000E+00  0.000E+00  0.000E+00
  372.5000  7.826E-03  7.003E-03  6.289E-03  5.672E-03  5.142E-03  4.687E-03  4.081E-03  3.656E-03  3.185E-03  2.831E-03  2.428E-03  2.095E-03  1.837E-03  1.558E-03  1.315E-03  1.105E-03  9.263E-04  7.559E-04  6.207E-04  5.120E-04  4.176E-04  3.365E-04  2.729E-04  2.183E-04  1.732E-04  1.379E-04  1.099E-04  8.575E-05  6.650E-05  5.119E-05  3.877E-05  2.864E-05  2.114E-05  1.548E-05  1.083E-05  7.626E-06  5.065E-06  3.245E-06  1.951E-06  9.708E-07  3.587E-07  6.580E-08  5.882E-09  2.126E-10  1.628E-12  1.958E-15  1.642E-20  0.000E+00  0.000E+00  0.000E+00  0.000E+00  0.000E+00  0.000E+00  0.000E+00  0.000E+00  0.000E+00  0.000E+00  0.000E+00  0.000E+00  0.000E+00  0.000E+00
  373.5000  7.074E-03  6.329E-03  5.683E-03  5.125E-03  4.646E-03  4.234E-03  3.686E-03  3.302E-03  2.876E-03  2.556E-03  2.192E-03  1.891E-03  1.658E-03  1.406E-03  1.186E-03  9.971E-04  8.355E-04  6.817E-04  5.596E-04  4.615E-04  3.763E-04  3.031E-04  2.458E-04  1.966E-04  1.559E-04  1.242E-04  9.899E-05  7.720E-05  5.987E-05  4.608E-05  3.490E-05  2.579E-05  1.904E-05  1.395E-05  9.752E-06  6.872E-06  4.567E-06  2.928E-06  1.763E-06  8.805E-07  3.274E-07  6.079E-08  5.542E-09  2.063E-10  1.656E-12  2.130E-15  1.964E-20  0.000E+00  0.000E+00  0.000E+00  0.000E+00  0.000E+00  0.000E+00  0.000E+00  0.000E+00  0.000E+00  0.000E+00  0.000E+00  0.000E+00  0.000E+00  0.000E+00
  374.5000  7.764E-03  6.947E-03  6.237E-03  5.624E-03  5.098E-03  4.645E-03  4.044E-03  3.622E-03  3.154E-03  2.803E-03  2.403E-03  2.073E-03  1.817E-03  1.541E-03  1.300E-03  1.092E-03  9.151E-04  7.465E-04  6.127E-04  5.052E-04  4.118E-04  3.317E-04  2.690E-04  2.151E-04  1.705E-04  1.358E-04  1.082E-04  8.440E-05  6.545E-05  5.038E-05  3.816E-05  2.820E-05  2.082E-05  1.525E-05  1.067E-05  7.520E-06  5.000E-06  3.209E-06  1.936E-06  9.699E-07  3.628E-07  6.820E-08  6.339E-09  2.430E-10  2.043E-12  2.805E-15  2.843E-20  0.000E+00  0.000E+00  0.000E+00  0.000E+00  0.000E+00  0.000E+00  0.000E+00  0.000E+00  0.000E+00  0.000E+00  0.000E+00  0.000E+00  0.000E+00  0.000E+00
  375.5000  8.765E-03  7.842E-03  7.041E-03  6.348E-03  5.753E-03  5.242E-03  4.563E-03  4.086E-03  3.559E-03  3.162E-03  2.710E-03  2.338E-03  2.049E-03  1.737E-03  1.465E-03  1.231E-03  1.031E-03  8.409E-04  6.900E-04  5.688E-04  4.637E-04  3.733E-04  3.027E-04  2.420E-04  1.918E-04  1.527E-04  1.217E-04  9.491E-05  7.360E-05  5.666E-05  4.292E-05  3.172E-05  2.342E-05  1.716E-05  1.201E-05  8.465E-06  5.632E-06  3.619E-06  2.186E-06  1.099E-06  4.139E-07  7.875E-08  7.460E-09  2.944E-10  2.591E-12  3.795E-15  4.219E-20  0.000E+00  0.000E+00  0.000E+00  0.000E+00  0.000E+00  0.000E+00  0.000E+00  0.000E+00  0.000E+00  0.000E+00  0.000E+00  0.000E+00  0.000E+00  0.000E+00
  376.5000  8.756E-03  7.834E-03  7.033E-03  6.341E-03  5.746E-03  5.235E-03  4.557E-03  4.080E-03  3.553E-03  3.156E-03  2.705E-03  2.333E-03  2.044E-03  1.734E-03  1.461E-03  1.228E-03  1.028E-03  8.383E-04  6.877E-04  5.668E-04  4.619E-04  3.718E-04  3.014E-04  2.409E-04  1.909E-04  1.520E-04  1.211E-04  9.445E-05  7.324E-05  5.638E-05  4.272E-05  3.157E-05  2.331E-05  1.709E-05  1.196E-05  8.433E-06  5.614E-06  3.610E-06  2.185E-06  1.103E-06  4.177E-07  8.042E-08  7.763E-09  3.152E-10  2.903E-12  4.530E-15  5.519E-20  0.000E+00  0.000E+00  0.000E+00  0.000E+00  0.000E+00  0.000E+00  0.000E+00  0.000E+00  0.000E+00  0.000E+00  0.000E+00  0.000E+00  0.000E+00  0.000E+00
  377.5000  1.043E-02  9.332E-03  8.377E-03  7.553E-03  6.844E-03  6.234E-03  5.425E-03  4.858E-03  4.229E-03  3.757E-03  3.220E-03  2.776E-03  2.433E-03  2.063E-03  1.738E-03  1.460E-03  1.222E-03  9.965E-04  8.173E-04  6.734E-04  5.487E-04  4.416E-04  3.579E-04  2.860E-04  2.266E-04  1.804E-04  1.437E-04  1.121E-04  8.690E-05  6.690E-05  5.070E-05  3.747E-05  2.767E-05  2.029E-05  1.420E-05  1.002E-05  6.671E-06  4.294E-06  2.604E-06  1.318E-06  5.025E-07  9.787E-08  9.625E-09  4.020E-10  3.870E-12  6.432E-15  8.577E-20  0.000E+00  0.000E+00  0.000E+00  0.000E+00  0.000E+00  0.000E+00  0.000E+00  0.000E+00  0.000E+00  0.000E+00  0.000E+00  0.000E+00  0.000E+00  0.000E+00
  378.5000  1.137E-02  1.017E-02  9.132E-03  8.232E-03  7.458E-03  6.794E-03  5.911E-03  5.292E-03  4.607E-03  4.092E-03  3.506E-03  3.022E-03  2.648E-03  2.245E-03  1.891E-03  1.588E-03  1.330E-03  1.084E-03  8.888E-04  7.322E-04  5.965E-04  4.799E-04  3.889E-04  3.107E-04  2.462E-04  1.960E-04  1.561E-04  1.217E-04  9.436E-05  7.264E-05  5.505E-05  4.070E-05  3.006E-05  2.204E-05  1.543E-05  1.089E-05  7.254E-06  4.674E-06  2.838E-06  1.441E-06  5.528E-07  1.089E-07  1.091E-08  4.685E-10  4.713E-12  8.334E-15  1.215E-19  0.000E+00  0.000E+00  0.000E+00  0.000E+00  0.000E+00  0.000E+00  0.000E+00  0.000E+00  0.000E+00  0.000E+00  0.000E+00  0.000E+00  0.000E+00  0.000E+00
  379.5000  8.414E-03  7.527E-03  6.756E-03  6.090E-03  5.517E-03  5.025E-03  4.372E-03  3.913E-03  3.406E-03  3.025E-03  2.591E-03  2.234E-03  1.957E-03  1.658E-03  1.397E-03  1.173E-03  9.819E-04  8.002E-04  6.560E-04  5.403E-04  4.401E-04  3.540E-04  2.868E-04  2.291E-04  1.815E-04  1.444E-04  1.150E-04  8.968E-05  6.954E-05  5.354E-05  4.058E-05  3.000E-05  2.216E-05  1.625E-05  1.138E-05  8.030E-06  5.353E-06  3.452E-06  2.100E-06  1.070E-06  4.126E-07  8.223E-08  8.386E-09  3.702E-10  3.890E-12  7.312E-15  1.164E-19  0.000E+00  0.000E+00  0.000E+00  0.000E+00  0.000E+00  0.000E+00  0.000E+00  0.000E+00  0.000E+00  0.000E+00  0.000E+00  0.000E+00  0.000E+00  0.000E+00
  380.5000  1.012E-02  9.055E-03  8.127E-03  7.325E-03  6.636E-03  6.043E-03  5.257E-03  4.705E-03  4.095E-03  3.636E-03  3.115E-03  2.684E-03  2.351E-03  1.992E-03  1.678E-03  1.409E-03  1.179E-03  9.606E-04  7.873E-04  6.483E-04  5.279E-04  4.246E-04  3.439E-04  2.746E-04  2.175E-04  1.731E-04  1.379E-04  1.075E-04  8.332E-05  6.415E-05  4.863E-05  3.595E-05  2.656E-05  1.948E-05  1.364E-05  9.632E-06  6.424E-06  4.147E-06  2.526E-06  1.291E-06  5.009E-07  1.009E-07  1.048E-08  4.754E-10  5.213E-12  1.041E-14  1.808E-19  0.000E+00  0.000E+00  0.000E+00  0.000E+00  0.000E+00  0.000E+00  0.000E+00  0.000E+00  0.000E+00  0.000E+00  0.000E+00  0.000E+00  0.000E+00  0.000E+00
  381.5000  9.515E-03  8.512E-03  7.639E-03  6.885E-03  6.236E-03  5.678E-03  4.939E-03  4.420E-03  3.846E-03  3.415E-03  2.925E-03  2.520E-03  2.208E-03  1.870E-03  1.575E-03  1.322E-03  1.106E-03  9.009E-04  7.383E-04  6.078E-04  4.948E-04  3.979E-04  3.222E-04  2.573E-04  2.037E-04  1.621E-04  1.291E-04  1.006E-04  7.801E-05  6.006E-05  4.554E-05  3.367E-05  2.488E-05  1.825E-05  1.278E-05  9.027E-06  6.023E-06  3.891E-06  2.374E-06  1.217E-06  4.750E-07  9.680E-08  1.023E-08  4.765E-10  5.451E-12  1.155E-14  2.186E-19  0.000E+00  0.000E+00  0.000E+00  0.000E+00  0.000E+00  0.000E+00  0.000E+00  0.000E+00  0.000E+00  0.000E+00  0.000E+00  0.000E+00  0.000E+00  0.000E+00
  382.5000  6.342E-03  5.673E-03  5.091E-03  4.588E-03  4.155E-03  3.783E-03  3.291E-03  2.944E-03  2.562E-03  2.274E-03  1.947E-03  1.678E-03  1.470E-03  1.245E-03  1.048E-03  8.794E-04  7.357E-04  5.992E-04  4.909E-04  4.041E-04  3.289E-04  2.644E-04  2.141E-04  1.709E-04  1.353E-04  1.076E-04  8.570E-05  6.679E-05  5.179E-05  3.987E-05  3.023E-05  2.236E-05  1.652E-05  1.212E-05  8.492E-06  5.998E-06  4.004E-06  2.589E-06  1.582E-06  8.136E-07  3.193E-07  6.578E-08  7.073E-09  3.383E-10  4.035E-12  9.070E-15  1.868E-19  0.000E+00  0.000E+00  0.000E+00  0.000E+00  0.000E+00  0.000E+00  0.000E+00  0.000E+00  0.000E+00  0.000E+00  0.000E+00  0.000E+00  0.000E+00  0.000E+00
  383.5000  5.570E-03  4.983E-03  4.471E-03  4.029E-03  3.649E-03  3.322E-03  2.889E-03  2.585E-03  2.248E-03  1.996E-03  1.709E-03  1.472E-03  1.289E-03  1.092E-03  9.188E-04  7.710E-04  6.449E-04  5.251E-04  4.301E-04  3.539E-04  2.880E-04  2.315E-04  1.874E-04  1.496E-04  1.184E-04  9.419E-05  7.497E-05  5.843E-05  4.530E-05  3.488E-05  2.645E-05  1.956E-05  1.446E-05  1.061E-05  7.433E-06  5.252E-06  3.508E-06  2.270E-06  1.389E-06  7.164E-07  2.827E-07  5.888E-08  6.441E-09  3.162E-10  3.930E-12  9.361E-15  2.096E-19  0.000E+00  0.000E+00  0.000E+00  0.000E+00  0.000E+00  0.000E+00  0.000E+00  0.000E+00  0.000E+00  0.000E+00  0.000E+00  0.000E+00  0.000E+00  0.000E+00
  384.5000  8.362E-03  7.480E-03  6.712E-03  6.047E-03  5.476E-03  4.985E-03  4.335E-03  3.878E-03  3.373E-03  2.993E-03  2.563E-03  2.207E-03  1.933E-03  1.636E-03  1.377E-03  1.155E-03  9.661E-04  7.865E-04  6.441E-04  5.299E-04  4.312E-04  3.464E-04  2.804E-04  2.237E-04  1.771E-04  1.409E-04  1.121E-04  8.736E-05  6.773E-05  5.215E-05  3.955E-05  2.925E-05  2.162E-05  1.586E-05  1.112E-05  7.859E-06  5.251E-06  3.401E-06  2.084E-06  1.078E-06  4.279E-07  9.007E-08  1.002E-08  5.049E-10  6.534E-12  1.648E-14  4.008E-19  0.000E+00  0.000E+00  0.000E+00  0.000E+00  0.000E+00  0.000E+00  0.000E+00  0.000E+00  0.000E+00  0.000E+00  0.000E+00  0.000E+00  0.000E+00  0.000E+00
  385.5000  8.276E-03  7.403E-03  6.642E-03  5.984E-03  5.418E-03  4.932E-03  4.288E-03  3.835E-03  3.336E-03  2.960E-03  2.534E-03  2.182E-03  1.910E-03  1.617E-03  1.361E-03  1.141E-03  9.542E-04  7.767E-04  6.359E-04  5.231E-04  4.255E-04  3.418E-04  2.766E-04  2.207E-04  1.746E-04  1.389E-04  1.105E-04  8.611E-05  6.676E-05  5.141E-05  3.899E-05  2.884E-05  2.132E-05  1.565E-05  1.097E-05  7.754E-06  5.183E-06  3.360E-06  2.062E-06  1.070E-06  4.269E-07  9.081E-08  1.028E-08  5.309E-10  7.152E-12  1.909E-14  5.037E-19  0.000E+00  0.000E+00  0.000E+00  0.000E+00  0.000E+00  0.000E+00  0.000E+00  0.000E+00  0.000E+00  0.000E+00  0.000E+00  0.000E+00  0.000E+00  0.000E+00
  386.5000  8.438E-03  7.548E-03  6.772E-03  6.101E-03  5.523E-03  5.027E-03  4.370E-03  3.908E-03  3.399E-03  3.015E-03  2.581E-03  2.222E-03  1.945E-03  1.647E-03  1.385E-03  1.162E-03  9.710E-04  7.902E-04  6.468E-04  5.319E-04  4.326E-04  3.474E-04  2.811E-04  2.242E-04  1.774E-04  1.411E-04  1.122E-04  8.745E-05  6.780E-05  5.220E-05  3.960E-05  2.929E-05  2.166E-05  1.589E-05  1.115E-05  7.881E-06  5.271E-06  3.419E-06  2.101E-06  1.093E-06  4.386E-07  9.429E-08  1.085E-08  5.747E-10  8.054E-12  2.272E-14  6.500E-19  0.000E+00  0.000E+00  0.000E+00  0.000E+00  0.000E+00  0.000E+00  0.000E+00  0.000E+00  0.000E+00  0.000E+00  0.000E+00  0.000E+00  0.000E+00  0.000E+00
  387.5000  7.844E-03  7.016E-03  6.295E-03  5.670E-03  5.133E-03  4.671E-03  4.061E-03  3.631E-03  3.157E-03  2.801E-03  2.397E-03  2.063E-03  1.806E-03  1.528E-03  1.285E-03  1.078E-03  9.008E-04  7.329E-04  5.998E-04  4.932E-04  4.010E-04  3.220E-04  2.605E-04  2.077E-04  1.643E-04  1.306E-04  1.039E-04  8.097E-05  6.277E-05  4.833E-05  3.667E-05  2.712E-05  2.006E-05  1.472E-05  1.033E-05  7.302E-06  4.886E-06  3.172E-06  1.952E-06  1.019E-06  4.108E-07  8.922E-08  1.043E-08  5.666E-10  8.257E-12  2.461E-14  7.623E-19  0.000E+00  0.000E+00  0.000E+00  0.000E+00  0.000E+00  0.000E+00  0.000E+00  0.000E+00  0.000E+00  0.000E+00  0.000E+00  0.000E+00  0.000E+00  0.000E+00
  388.5000  7.864E-03  7.034E-03  6.310E-03  5.684E-03  5.145E-03  4.681E-03  4.069E-03  3.638E-03  3.163E-03  2.805E-03  2.400E-03  2.066E-03  1.808E-03  1.530E-03  1.287E-03  1.079E-03  9.013E-04  7.331E-04  5.999E-04  4.931E-04  4.009E-04  3.218E-04  2.603E-04  2.075E-04  1.641E-04  1.305E-04  1.038E-04  8.084E-05  6.267E-05  4.826E-05  3.661E-05  2.709E-05  2.003E-05  1.471E-05  1.032E-05  7.297E-06  4.884E-06  3.173E-06  1.955E-06  1.023E-06  4.148E-07  9.101E-08  1.082E-08  6.019E-10  9.116E-12  2.869E-14  9.613E-19  0.000E+00  0.000E+00  0.000E+00  0.000E+00  0.000E+00  0.000E+00  0.000E+00  0.000E+00  0.000E+00  0.000E+00  0.000E+00  0.000E+00  0.000E+00  0.000E+00
  389.5000  9.920E-03  8.872E-03  7.959E-03  7.168E-03  6.488E-03  5.903E-03  5.131E-03  4.587E-03  3.987E-03  3.536E-03  3.025E-03  2.603E-03  2.278E-03  1.927E-03  1.620E-03  1.358E-03  1.135E-03  9.227E-04  7.548E-04  6.204E-04  5.042E-04  4.047E-04  3.272E-04  2.608E-04  2.063E-04  1.639E-04  1.304E-04  1.016E-04  7.873E-05  6.062E-05  4.600E-05  3.403E-05  2.517E-05  1.848E-05  1.297E-05  9.175E-06  6.144E-06  3.995E-06  2.465E-06  1.293E-06  5.270E-07  1.168E-07  1.410E-08  8.040E-10  1.265E-11  4.200E-14  1.521E-18  0.000E+00  0.000E+00  0.000E+00  0.000E+00  0.000E+00  0.000E+00  0.000E+00  0.000E+00  0.000E+00  0.000E+00  0.000E+00  0.000E+00  0.000E+00  0.000E+00
  390.5000  9.747E-03  8.718E-03  7.820E-03  7.043E-03  6.374E-03  5.798E-03  5.039E-03  4.504E-03  3.915E-03  3.471E-03  2.969E-03  2.555E-03  2.235E-03  1.891E-03  1.590E-03  1.332E-03  1.113E-03  9.047E-04  7.399E-04  6.079E-04  4.940E-04  3.964E-04  3.205E-04  2.554E-04  2.019E-04  1.605E-04  1.276E-04  9.939E-05  7.704E-05  5.932E-05  4.502E-05  3.331E-05  2.464E-05  1.809E-05  1.270E-05  8.986E-06  6.020E-06  3.917E-06  2.420E-06  1.273E-06  5.215E-07  1.167E-07  1.432E-08  8.360E-10  1.365E-11  4.780E-14  1.869E-18  0.000E+00  0.000E+00  0.000E+00  0.000E+00  0.000E+00  0.000E+00  0.000E+00  0.000E+00  0.000E+00  0.000E+00  0.000E+00  0.000E+00  0.000E+00  0.000E+00
  391.5000  1.157E-02  1.035E-02  9.280E-03  8.357E-03  7.562E-03  6.879E-03  5.978E-03  5.343E-03  4.643E-03  4.116E-03  3.520E-03  3.029E-03  2.650E-03  2.241E-03  1.883E-03  1.578E-03  1.318E-03  1.071E-03  8.760E-04  7.196E-04  5.847E-04  4.690E-04  3.791E-04  3.020E-04  2.388E-04  1.897E-04  1.508E-04  1.175E-04  9.106E-05  7.012E-05  5.322E-05  3.938E-05  2.913E-05  2.139E-05  1.502E-05  1.063E-05  7.124E-06  4.639E-06  2.870E-06  1.514E-06  6.232E-07  1.409E-07  1.755E-08  1.049E-09  1.778E-11  6.557E-14  2.765E-18  0.000E+00  0.000E+00  0.000E+00  0.000E+00  0.000E+00  0.000E+00  0.000E+00  0.000E+00  0.000E+00  0.000E+00  0.000E+00  0.000E+00  0.000E+00  0.000E+00
  392.5000  8.678E-03  7.761E-03  6.961E-03  6.268E-03  5.672E-03  5.159E-03  4.482E-03  4.005E-03  3.481E-03  3.085E-03  2.638E-03  2.270E-03  1.985E-03  1.678E-03  1.411E-03  1.182E-03  9.866E-04  8.019E-04  6.555E-04  5.384E-04  4.373E-04  3.507E-04  2.834E-04  2.258E-04  1.784E-04  1.418E-04  1.127E-04  8.777E-05  6.803E-05  5.238E-05  3.976E-05  2.942E-05  2.177E-05  1.599E-05  1.123E-05  7.947E-06  5.329E-06  3.472E-06  2.151E-06  1.138E-06  4.706E-07  1.074E-07  1.359E-08  8.313E-10  1.462E-11  5.675E-14  2.579E-18  0.000E+00  0.000E+00  0.000E+00  0.000E+00  0.000E+00  0.000E+00  0.000E+00  0.000E+00  0.000E+00  0.000E+00  0.000E+00  0.000E+00  0.000E+00  0.000E+00
  393.5000  3.774E-03  3.375E-03  3.027E-03  2.725E-03  2.466E-03  2.243E-03  1.948E-03  1.741E-03  1.513E-03  1.341E-03  1.146E-03  9.858E-04  8.622E-04  7.287E-04  6.124E-04  5.129E-04  4.282E-04  3.479E-04  2.844E-04  2.335E-04  1.896E-04  1.520E-04  1.229E-04  9.783E-05  7.731E-05  6.141E-05  4.882E-05  3.801E-05  2.946E-05  2.269E-05  1.722E-05  1.274E-05  9.430E-06  6.928E-06  4.865E-06  3.445E-06  2.310E-06  1.507E-06  9.343E-07  4.956E-07  2.059E-07  4.745E-08  6.095E-09  3.816E-10  6.956E-12  2.842E-14  1.390E-18  0.000E+00  0.000E+00  0.000E+00  0.000E+00  0.000E+00  0.000E+00  0.000E+00  0.000E+00  0.000E+00  0.000E+00  0.000E+00  0.000E+00  0.000E+00  0.000E+00
  394.5000  8.883E-03  7.944E-03  7.124E-03  6.414E-03  5.803E-03  5.277E-03  4.584E-03  4.095E-03  3.558E-03  3.153E-03  2.695E-03  2.318E-03  2.027E-03  1.712E-03  1.439E-03  1.205E-03  1.006E-03  8.171E-04  6.677E-04  5.481E-04  4.451E-04  3.567E-04  2.882E-04  2.295E-04  1.813E-04  1.440E-04  1.144E-04  8.910E-05  6.906E-05  5.317E-05  4.037E-05  2.988E-05  2.211E-05  1.624E-05  1.141E-05  8.080E-06  5.422E-06  3.538E-06  2.197E-06  1.168E-06  4.877E-07  1.134E-07  1.479E-08  9.473E-10  1.790E-11  7.687E-14  4.046E-18  0.000E+00  0.000E+00  0.000E+00  0.000E+00  0.000E+00  0.000E+00  0.000E+00  0.000E+00  0.000E+00  0.000E+00  0.000E+00  0.000E+00  0.000E+00  0.000E+00
  395.5000  1.143E-02  1.022E-02  9.169E-03  8.254E-03  7.466E-03  6.789E-03  5.897E-03  5.268E-03  4.575E-03  4.054E-03  3.465E-03  2.979E-03  2.605E-03  2.201E-03  1.849E-03  1.548E-03  1.292E-03  1.049E-03  8.572E-04  7.035E-04  5.711E-04  4.577E-04  3.697E-04  2.943E-04  2.325E-04  1.846E-04  1.467E-04  1.142E-04  8.851E-05  6.815E-05  5.175E-05  3.830E-05  2.834E-05  2.083E-05  1.463E-05  1.036E-05  6.957E-06  4.543E-06  2.824E-06  1.505E-06  6.315E-07  1.483E-07  1.962E-08  1.285E-09  2.515E-11  1.135E-13  6.420E-18  0.000E+00  0.000E+00  0.000E+00  0.000E+00  0.000E+00  0.000E+00  0.000E+00  0.000E+00  0.000E+00  0.000E+00  0.000E+00  0.000E+00  0.000E+00  0.000E+00
  396.5000  6.715E-03  6.005E-03  5.385E-03  4.848E-03  4.385E-03  3.986E-03  3.462E-03  3.092E-03  2.686E-03  2.379E-03  2.033E-03  1.748E-03  1.528E-03  1.291E-03  1.084E-03  9.077E-04  7.573E-04  6.150E-04  5.023E-04  4.122E-04  3.345E-04  2.680E-04  2.164E-04  1.722E-04  1.360E-04  1.080E-04  8.583E-05  6.681E-05  5.177E-05  3.987E-05  3.027E-05  2.241E-05  1.658E-05  1.219E-05  8.564E-06  6.067E-06  4.074E-06  2.662E-06  1.657E-06  8.855E-07  3.732E-07  8.844E-08  1.188E-08  7.951E-10  1.611E-11  7.636E-14  4.638E-18  0.000E+00  0.000E+00  0.000E+00  0.000E+00  0.000E+00  0.000E+00  0.000E+00  0.000E+00  0.000E+00  0.000E+00  0.000E+00  0.000E+00  0.000E+00  0.000E+00
  397.5000  7.752E-03  6.932E-03  6.217E-03  5.596E-03  5.061E-03  4.601E-03  3.995E-03  3.568E-03  3.099E-03  2.745E-03  2.345E-03  2.016E-03  1.762E-03  1.488E-03  1.250E-03  1.046E-03  8.725E-04  7.084E-04  5.784E-04  4.746E-04  3.851E-04  3.084E-04  2.490E-04  1.981E-04  1.565E-04  1.242E-04  9.868E-05  7.681E-05  5.952E-05  4.583E-05  3.481E-05  2.576E-05  1.907E-05  1.402E-05  9.851E-06  6.981E-06  4.689E-06  3.066E-06  1.911E-06  1.024E-06  4.335E-07  1.037E-07  1.412E-08  9.664E-10  2.026E-11  1.008E-13  6.568E-18  0.000E+00  0.000E+00  0.000E+00  0.000E+00  0.000E+00  0.000E+00  0.000E+00  0.000E+00  0.000E+00  0.000E+00  0.000E+00  0.000E+00  0.000E+00  0.000E+00
  398.5000  1.333E-02  1.192E-02  1.069E-02  9.618E-03  8.698E-03  7.906E-03  6.865E-03  6.130E-03  5.323E-03  4.714E-03  4.027E-03  3.461E-03  3.025E-03  2.554E-03  2.145E-03  1.795E-03  1.497E-03  1.215E-03  9.919E-04  8.136E-04  6.601E-04  5.286E-04  4.267E-04  3.394E-04  2.680E-04  2.127E-04  1.690E-04  1.315E-04  1.019E-04  7.846E-05  5.959E-05  4.411E-05  3.265E-05  2.400E-05  1.687E-05  1.196E-05  8.037E-06  5.259E-06  3.281E-06  1.762E-06  7.495E-07  1.808E-07  2.499E-08  1.747E-09  3.790E-11  1.977E-13  1.381E-17  0.000E+00  0.000E+00  0.000E+00  0.000E+00  0.000E+00  0.000E+00  0.000E+00  0.000E+00  0.000E+00  0.000E+00  0.000E+00  0.000E+00  0.000E+00  0.000E+00
  399.5000  1.386E-02  1.240E-02  1.112E-02  1.001E-02  9.047E-03  8.223E-03  7.140E-03  6.375E-03  5.534E-03  4.901E-03  4.186E-03  3.597E-03  3.143E-03  2.654E-03  2.228E-03  1.864E-03  1.554E-03  1.261E-03  1.030E-03  8.442E-04  6.848E-04  5.482E-04  4.425E-04  3.519E-04  2.778E-04  2.204E-04  1.751E-04  1.363E-04  1.056E-04  8.129E-05  6.174E-05  4.571E-05  3.384E-05  2.488E-05  1.749E-05  1.240E-05  8.336E-06  5.458E-06  3.409E-06  1.835E-06  7.841E-07  1.909E-07  2.676E-08  1.911E-09  4.286E-11  2.344E-13  1.754E-17  0.000E+00  0.000E+00  0.000E+00  0.000E+00  0.000E+00  0.000E+00  0.000E+00  0.000E+00  0.000E+00  0.000E+00  0.000E+00  0.000E+00  0.000E+00  0.000E+00
------------------------------------------------------------
Dose rates,W m-2
   1 = UV index (WMO, 1994; Webb et al., 2011)           
   2 = Previtamin-D3 (CIE 2006)                          
values at z =      0.025 km
Columns: time,sza,weighting spectra
time,hrs.  sza,deg.          1          2
   18.0000     89.998  2.007E-02  3.541E-04
   18.0167     90.186  1.804E-02  3.223E-04
   18.0333     90.374  1.627E-02  2.946E-04
   18.0500     90.562  1.475E-02  2.705E-04
   18.0667     90.750  1.343E-02  2.497E-04
   18.0833     90.939  1.230E-02  2.317E-04
   18.1000     91.128  1.082E-02  2.074E-04
   18.1167     91.317  9.762E-03  1.900E-04
   18.1333     91.506  8.595E-03  1.703E-04
   18.1500     91.696  7.709E-03  1.553E-04
   18.1667     91.885  6.700E-03  1.376E-04
   18.1833     92.075  5.856E-03  1.225E-04
   18.2000     92.265  5.179E-03  1.099E-04
   18.2167     92.455  4.478E-03  9.718E-05
   18.2333     92.646  3.842E-03  8.493E-05
   18.2500     92.837  3.285E-03  7.393E-05
   18.2667     93.028  2.801E-03  6.408E-05
   18.2833     93.219  2.328E-03  5.404E-05
   18.3000     93.410  1.946E-03  4.581E-05
   18.3167     93.601  1.631E-03  3.880E-05
   18.3333     93.793  1.346E-03  3.221E-05
   18.3500     93.985  1.100E-03  2.650E-05
   18.3667     94.177  8.973E-04  2.160E-05
   18.3833     94.369  7.238E-04  1.744E-05
   18.4000     94.562  5.745E-04  1.375E-05
   18.4167     94.754  4.554E-04  1.078E-05
   18.4333     94.947  3.609E-04  8.450E-06
   18.4500     95.140  2.780E-04  6.397E-06
   18.4667     95.333  2.114E-04  4.739E-06
   18.4833     95.527  1.581E-04  3.400E-06
   18.5000     95.720  1.139E-04  2.261E-06
   18.5167     95.914  7.936E-05  1.392E-06
   18.5333     96.108  5.408E-05  7.759E-07
   18.5500     96.302  3.606E-05  3.847E-07
   18.5667     96.496  2.249E-05  1.503E-07
   18.5833     96.691  1.428E-05  5.678E-08
   18.6000     96.885  8.528E-06  1.876E-08
   18.6167     97.080  4.908E-06  5.838E-09
   18.6333     97.275  2.628E-06  1.611E-09
   18.6500     97.470  1.138E-06  3.279E-10
   18.6667     97.666  3.608E-07  4.814E-11
   18.6833     97.861  5.612E-08  2.996E-12
   18.7000     98.057  4.548E-09  7.506E-14
   18.7167     98.253  1.810E-10  4.291E-16
   18.7333     98.449  2.291E-12  1.788E-19
   18.7500     98.645  7.848E-15  3.479E-24
   18.7667     98.841  3.959E-19  7.891E-32
   18.7833     99.037  0.000E+00  0.000E+00
   18.8000     99.234  0.000E+00  0.000E+00
   18.8167     99.431  0.000E+00  0.000E+00
   18.8333     99.628  0.000E+00  0.000E+00
   18.8500     99.825  0.000E+00  0.000E+00
   18.8667    100.022  0.000E+00  0.000E+00
   18.8833    100.219  0.000E+00  0.000E+00
   18.9000    100.417  0.000E+00  0.000E+00
   18.9167    100.615  0.000E+00  0.000E+00
   18.9333    100.813  0.000E+00  0.000E+00
   18.9500    101.011  0.000E+00  0.000E+00
   18.9667    101.209  0.000E+00  0.000E+00
   18.9833    101.407  0.000E+00  0.000E+00
   19.0000    101.606  0.000E+00  0.000E+00
------------------------------------------------------------
