Spectral Irradiance,W m-2 nm-1
values at z =      0.025 km
Columns: wavelength (nm),times (hrs.) or sza (deg.)
    wc,nm     18.000     18.017     18.033     18.050     18.067     18.083     18.100     18.117     18.133     18.150     18.167     18.183     18.200     18.217     18.233     18.250     18.267     18.283     18.300     18.317     18.333     18.350     18.367     18.383     18.400     18.417     18.433     18.450     18.467     18.483     18.500     18.517     18.533     18.550     18.567     18.583     18.600     18.617     18.633     18.650     18.667     18.683     18.700     18.717     18.733     18.750     18.767     18.783     18.800     18.817     18.833     18.850     18.867     18.883     18.900     18.917     18.933     18.950     18.967     18.983     19.000
    sza =      90.245     90.431     90.617     90.804     90.991     91.178     91.365     91.552     91.740     91.928     92.116     92.304     92.493     92.681     92.870     93.060     93.249     93.438     93.628     93.818     94.008     94.199     94.389     94.580     94.771     94.962     95.153     95.345     95.537     95.729     95.921     96.113     96.305     96.498     96.691     96.884     97.077     97.271     97.464     97.658     97.852     98.046     98.240     98.435     98.629     98.824     99.019     99.214     99.409     99.605     99.800     99.996    100.192    100.388    100.584    100.781    100.977    101.174    101.371    101.568    101.765
  280.5000  1.104E-25  1.027E-25  9.593E-26  8.996E-26  8.467E-26  7.599E-26  7.066E-26  6.326E-26  5.844E-26  5.166E-26  4.572E-26  4.040E-26  3.557E-26  3.101E-26  2.662E-26  2.256E-26  1.897E-26  1.586E-26  1.312E-26  1.020E-26  7.958E-27  5.782E-27  4.133E-27  2.544E-27  1.367E-27  5.868E-28  1.666E-28  2.279E-29  6.635E-31  2.123E-33  1.236E-37  1.962E-44  0.000E+00  0.000E+00  0.000E+00  0.000E+00  0.000E+00  0.000E+00  0.000E+00  0.000E+00  0.000E+00  0.000E+00  0.000E+00  0.000E+00  0.000E+00  0.000E+00  0.000E+00  0.000E+00  0.000E+00  0.000E+00  0.000E+00  0.000E+00  0.000E+00  0.000E+00  0.000E+00  0.000E+00  0.000E+00  0.000E+00  0.000E+00  0.000E+00  0.000E+00
  281.5000  1.854E-23  1.726E-23  1.613E-23  1.513E-23  1.424E-23  1.279E-23  1.190E-23  1.065E-23  9.844E-24  8.705E-24  7.705E-24  6.813E-24  5.999E-24  5.233E-24  4.493E-24  3.810E-24  3.207E-24  2.684E-24  2.225E-24  1.739E-24  1.366E-24  1.004E-24  7.292E-25  4.617E-25  2.589E-25  1.185E-25  3.732E-26  6.050E-27  2.403E-28  1.273E-30  1.756E-34  1.171E-40  0.000E+00  0.000E+00  0.000E+00  0.000E+00  0.000E+00  0.000E+00  0.000E+00  0.000E+00  0.000E+00  0.000E+00  0.000E+00  0.000E+00  0.000E+00  0.000E+00  0.000E+00  0.000E+00  0.000E+00  0.000E+00  0.000E+00  0.000E+00  0.000E+00  0.000E+00  0.000E+00  0.000E+00  0.000E+00  0.000E+00  0.000E+00  0.000E+00  0.000E+00
  282.5000  1.036E-21  9.649E-22  9.020E-22  8.464E-22  7.971E-22  7.159E-22  6.660E-22  5.967E-22  5.515E-22  4.879E-22  4.320E-22  3.820E-22  3.365E-22  2.937E-22  2.522E-22  2.140E-22  1.803E-22  1.510E-22  1.254E-22  9.844E-23  7.777E-23  5.773E-23  4.248E-23  2.755E-23  1.602E-23  7.756E-24  2.676E-24  5.043E-25  2.637E-26  2.186E-28  6.440E-32  1.482E-37  0.000E+00  0.000E+00  0.000E+00  0.000E+00  0.000E+00  0.000E+00  0.000E+00  0.000E+00  0.000E+00  0.000E+00  0.000E+00  0.000E+00  0.000E+00  0.000E+00  0.000E+00  0.000E+00  0.000E+00  0.000E+00  0.000E+00  0.000E+00  0.000E+00  0.000E+00  0.000E+00  0.000E+00  0.000E+00  0.000E+00  0.000E+00  0.000E+00  0.000E+00
  283.5000  1.276E-20  1.188E-20  1.111E-20  1.043E-20  9.822E-21  8.823E-21  8.210E-21  7.357E-21  6.802E-21  6.018E-21  5.330E-21  4.715E-21  4.154E-21  3.626E-21  3.115E-21  2.644E-21  2.229E-21  1.868E-21  1.553E-21  1.222E-21  9.693E-22  7.240E-22  5.373E-22  3.539E-22  2.107E-22  1.058E-22  3.873E-23  8.056E-24  5.050E-25  5.619E-27  2.724E-30  1.406E-35  7.987E-44  0.000E+00  0.000E+00  0.000E+00  0.000E+00  0.000E+00  0.000E+00  0.000E+00  0.000E+00  0.000E+00  0.000E+00  0.000E+00  0.000E+00  0.000E+00  0.000E+00  0.000E+00  0.000E+00  0.000E+00  0.000E+00  0.000E+00  0.000E+00  0.000E+00  0.000E+00  0.000E+00  0.000E+00  0.000E+00  0.000E+00  0.000E+00  0.000E+00
  284.5000  7.606E-19  7.084E-19  6.628E-19  6.224E-19  5.866E-19  5.272E-19  4.908E-19  4.400E-19  4.070E-19  3.604E-19  3.193E-19  2.826E-19  2.491E-19  2.176E-19  1.870E-19  1.589E-19  1.340E-19  1.125E-19  9.372E-20  7.407E-20  5.910E-20  4.460E-20  3.357E-20  2.269E-20  1.405E-20  7.492E-21  3.030E-21  7.423E-22  6.294E-23  1.148E-24  1.296E-27  2.679E-32  1.348E-39  0.000E+00  0.000E+00  0.000E+00  0.000E+00  0.000E+00  0.000E+00  0.000E+00  0.000E+00  0.000E+00  0.000E+00  0.000E+00  0.000E+00  0.000E+00  0.000E+00  0.000E+00  0.000E+00  0.000E+00  0.000E+00  0.000E+00  0.000E+00  0.000E+00  0.000E+00  0.000E+00  0.000E+00  0.000E+00  0.000E+00  0.000E+00  0.000E+00
  285.5000  9.810E-18  9.140E-18  8.554E-18  8.035E-18  7.575E-18  6.811E-18  6.344E-18  5.690E-18  5.265E-18  4.663E-18  4.134E-18  3.661E-18  3.228E-18  2.821E-18  2.426E-18  2.062E-18  1.741E-18  1.462E-18  1.220E-18  9.675E-19  7.755E-19  5.897E-19  4.485E-19  3.089E-19  1.970E-19  1.101E-19  4.806E-20  1.339E-20  1.440E-21  3.873E-23  8.463E-26  5.088E-30  1.354E-36  0.000E+00  0.000E+00  0.000E+00  0.000E+00  0.000E+00  0.000E+00  0.000E+00  0.000E+00  0.000E+00  0.000E+00  0.000E+00  0.000E+00  0.000E+00  0.000E+00  0.000E+00  0.000E+00  0.000E+00  0.000E+00  0.000E+00  0.000E+00  0.000E+00  0.000E+00  0.000E+00  0.000E+00  0.000E+00  0.000E+00  0.000E+00  0.000E+00
  286.5000  3.159E-16  2.944E-16  2.756E-16  2.589E-16  2.442E-16  2.196E-16  2.046E-16  1.836E-16  1.700E-16  1.506E-16  1.336E-16  1.183E-16  1.044E-16  9.126E-17  7.852E-17  6.677E-17  5.640E-17  4.740E-17  3.961E-17  3.148E-17  2.532E-17  1.936E-17  1.484E-17  1.037E-17  6.760E-18  3.914E-18  1.812E-18  5.576E-19  7.208E-20  2.623E-21  9.565E-24  1.313E-27  1.263E-33  1.541E-43  0.000E+00  0.000E+00  0.000E+00  0.000E+00  0.000E+00  0.000E+00  0.000E+00  0.000E+00  0.000E+00  0.000E+00  0.000E+00  0.000E+00  0.000E+00  0.000E+00  0.000E+00  0.000E+00  0.000E+00  0.000E+00  0.000E+00  0.000E+00  0.000E+00  0.000E+00  0.000E+00  0.000E+00  0.000E+00  0.000E+00  0.000E+00
  287.5000  5.540E-15  5.166E-15  4.836E-15  4.546E-15  4.289E-15  3.859E-15  3.597E-15  3.229E-15  2.991E-15  2.651E-15  2.353E-15  2.085E-15  1.841E-15  1.610E-15  1.386E-15  1.179E-15  9.969E-16  8.385E-16  7.015E-16  5.589E-16  4.511E-16  3.470E-16  2.682E-16  1.902E-16  1.270E-16  7.629E-17  3.760E-17  1.285E-17  2.022E-18  1.017E-19  6.447E-22  2.167E-25  8.449E-31  1.082E-39  0.000E+00  0.000E+00  0.000E+00  0.000E+00  0.000E+00  0.000E+00  0.000E+00  0.000E+00  0.000E+00  0.000E+00  0.000E+00  0.000E+00  0.000E+00  0.000E+00  0.000E+00  0.000E+00  0.000E+00  0.000E+00  0.000E+00  0.000E+00  0.000E+00  0.000E+00  0.000E+00  0.000E+00  0.000E+00  0.000E+00  0.000E+00
  288.5000  9.442E-14  8.806E-14  8.248E-14  7.756E-14  7.319E-14  6.590E-14  6.146E-14  5.521E-14  5.116E-14  4.542E-14  4.030E-14  3.574E-14  3.157E-14  2.763E-14  2.381E-14  2.027E-14  1.715E-14  1.444E-14  1.209E-14  9.662E-15  7.828E-15  6.058E-15  4.722E-15  3.403E-15  2.328E-15  1.456E-15  7.674E-16  2.941E-16  5.733E-17  4.112E-18  4.793E-20  4.301E-23  7.765E-28  1.300E-35  0.000E+00  0.000E+00  0.000E+00  0.000E+00  0.000E+00  0.000E+00  0.000E+00  0.000E+00  0.000E+00  0.000E+00  0.000E+00  0.000E+00  0.000E+00  0.000E+00  0.000E+00  0.000E+00  0.000E+00  0.000E+00  0.000E+00  0.000E+00  0.000E+00  0.000E+00  0.000E+00  0.000E+00  0.000E+00  0.000E+00  0.000E+00
  289.5000  1.247E-12  1.163E-12  1.090E-12  1.025E-12  9.678E-13  8.717E-13  8.132E-13  7.309E-13  6.775E-13  6.013E-13  5.343E-13  4.741E-13  4.190E-13  3.670E-13  3.163E-13  2.695E-13  2.281E-13  1.922E-13  1.612E-13  1.290E-13  1.048E-13  8.147E-14  6.387E-14  4.654E-14  3.241E-14  2.086E-14  1.155E-14  4.818E-15  1.101E-15  1.029E-16  1.884E-18  3.478E-21  1.915E-25  2.043E-32  4.390E-42  0.000E+00  0.000E+00  0.000E+00  0.000E+00  0.000E+00  0.000E+00  0.000E+00  0.000E+00  0.000E+00  0.000E+00  0.000E+00  0.000E+00  0.000E+00  0.000E+00  0.000E+00  0.000E+00  0.000E+00  0.000E+00  0.000E+00  0.000E+00  0.000E+00  0.000E+00  0.000E+00  0.000E+00  0.000E+00  0.000E+00
  290.5000  1.047E-11  9.765E-12  9.151E-12  8.609E-12  8.129E-12  7.324E-12  6.835E-12  6.145E-12  5.699E-12  5.060E-12  4.499E-12  3.994E-12  3.532E-12  3.095E-12  2.669E-12  2.275E-12  1.927E-12  1.625E-12  1.364E-12  1.094E-12  8.901E-13  6.943E-13  5.469E-13  4.021E-13  2.840E-13  1.871E-13  1.078E-13  4.819E-14  1.255E-14  1.460E-15  3.892E-17  1.311E-19  1.836E-23  9.258E-30  1.760E-38  0.000E+00  0.000E+00  0.000E+00  0.000E+00  0.000E+00  0.000E+00  0.000E+00  0.000E+00  0.000E+00  0.000E+00  0.000E+00  0.000E+00  0.000E+00  0.000E+00  0.000E+00  0.000E+00  0.000E+00  0.000E+00  0.000E+00  0.000E+00  0.000E+00  0.000E+00  0.000E+00  0.000E+00  0.000E+00  0.000E+00
  291.5000  7.672E-11  7.159E-11  6.709E-11  6.313E-11  5.963E-11  5.375E-11  5.018E-11  4.514E-11  4.188E-11  3.722E-11  3.310E-11  2.941E-11  2.602E-11  2.282E-11  1.970E-11  1.680E-11  1.424E-11  1.202E-11  1.010E-11  8.110E-12  6.616E-12  5.180E-12  4.101E-12  3.044E-12  2.183E-12  1.474E-12  8.859E-13  4.266E-13  1.280E-13  1.889E-14  7.617E-16  5.001E-18  1.990E-21  5.741E-27  1.280E-34  1.401E-45  0.000E+00  0.000E+00  0.000E+00  0.000E+00  0.000E+00  0.000E+00  0.000E+00  0.000E+00  0.000E+00  0.000E+00  0.000E+00  0.000E+00  0.000E+00  0.000E+00  0.000E+00  0.000E+00  0.000E+00  0.000E+00  0.000E+00  0.000E+00  0.000E+00  0.000E+00  0.000E+00  0.000E+00  0.000E+00
  292.5000  3.682E-10  3.436E-10  3.221E-10  3.031E-10  2.864E-10  2.582E-10  2.411E-10  2.170E-10  2.014E-10  1.791E-10  1.594E-10  1.417E-10  1.254E-10  1.101E-10  9.506E-11  8.114E-11  6.883E-11  5.812E-11  4.887E-11  3.932E-11  3.214E-11  2.524E-11  2.006E-11  1.500E-11  1.089E-11  7.504E-12  4.673E-12  2.397E-12  8.111E-13  1.465E-13  8.394E-15  9.646E-17  9.139E-20  1.104E-24  1.830E-31  2.788E-41  0.000E+00  0.000E+00  0.000E+00  0.000E+00  0.000E+00  0.000E+00  0.000E+00  0.000E+00  0.000E+00  0.000E+00  0.000E+00  0.000E+00  0.000E+00  0.000E+00  0.000E+00  0.000E+00  0.000E+00  0.000E+00  0.000E+00  0.000E+00  0.000E+00  0.000E+00  0.000E+00  0.000E+00  0.000E+00
  293.5000  2.044E-09  1.907E-09  1.788E-09  1.683E-09  1.590E-09  1.434E-09  1.339E-09  1.206E-09  1.120E-09  9.960E-10  8.870E-10  7.890E-10  6.991E-10  6.139E-10  5.305E-10  4.532E-10  3.847E-10  3.250E-10  2.736E-10  2.204E-10  1.805E-10  1.421E-10  1.134E-10  8.537E-11  6.265E-11  4.395E-11  2.826E-11  1.533E-11  5.789E-12  1.260E-12  9.989E-14  1.935E-15  4.140E-18  1.927E-22  2.115E-28  5.194E-37  0.000E+00  0.000E+00  0.000E+00  0.000E+00  0.000E+00  0.000E+00  0.000E+00  0.000E+00  0.000E+00  0.000E+00  0.000E+00  0.000E+00  0.000E+00  0.000E+00  0.000E+00  0.000E+00  0.000E+00  0.000E+00  0.000E+00  0.000E+00  0.000E+00  0.000E+00  0.000E+00  0.000E+00  0.000E+00
  294.5000  6.516E-09  6.080E-09  5.699E-09  5.364E-09  5.068E-09  4.572E-09  4.271E-09  3.846E-09  3.572E-09  3.179E-09  2.832E-09  2.521E-09  2.235E-09  1.964E-09  1.698E-09  1.451E-09  1.233E-09  1.043E-09  8.782E-10  7.085E-10  5.809E-10  4.585E-10  3.668E-10  2.776E-10  2.055E-10  1.463E-10  9.648E-11  5.484E-11  2.266E-11  5.751E-12  5.962E-13  1.768E-14  7.317E-17  1.001E-20  4.914E-26  1.076E-33  1.429E-43  0.000E+00  0.000E+00  0.000E+00  0.000E+00  0.000E+00  0.000E+00  0.000E+00  0.000E+00  0.000E+00  0.000E+00  0.000E+00  0.000E+00  0.000E+00  0.000E+00  0.000E+00  0.000E+00  0.000E+00  0.000E+00  0.000E+00  0.000E+00  0.000E+00  0.000E+00  0.000E+00  0.000E+00
  295.5000  2.855E-08  2.663E-08  2.496E-08  2.349E-08  2.219E-08  2.002E-08  1.871E-08  1.685E-08  1.565E-08  1.394E-08  1.242E-08  1.106E-08  9.816E-09  8.631E-09  7.469E-09  6.389E-09  5.431E-09  4.596E-09  3.875E-09  3.131E-09  2.571E-09  2.034E-09  1.631E-09  1.241E-09  9.265E-10  6.688E-10  4.524E-10  2.691E-10  1.216E-10  3.601E-11  4.903E-12  2.250E-13  1.845E-15  7.772E-19  1.827E-23  3.959E-30  1.022E-38  0.000E+00  0.000E+00  0.000E+00  0.000E+00  0.000E+00  0.000E+00  0.000E+00  0.000E+00  0.000E+00  0.000E+00  0.000E+00  0.000E+00  0.000E+00  0.000E+00  0.000E+00  0.000E+00  0.000E+00  0.000E+00  0.000E+00  0.000E+00  0.000E+00  0.000E+00  0.000E+00  0.000E+00
  296.5000  7.975E-08  7.437E-08  6.967E-08  6.556E-08  6.194E-08  5.587E-08  5.220E-08  4.704E-08  4.370E-08  3.893E-08  3.470E-08  3.093E-08  2.746E-08  2.416E-08  2.092E-08  1.791E-08  1.524E-08  1.290E-08  1.089E-08  8.808E-09  7.242E-09  5.740E-09  4.616E-09  3.527E-09  2.651E-09  1.936E-09  1.337E-09  8.271E-10  4.034E-10  1.365E-10  2.350E-11  1.570E-12  2.311E-14  2.532E-17  2.230E-21  3.272E-27  9.937E-35  9.809E-45  0.000E+00  0.000E+00  0.000E+00  0.000E+00  0.000E+00  0.000E+00  0.000E+00  0.000E+00  0.000E+00  0.000E+00  0.000E+00  0.000E+00  0.000E+00  0.000E+00  0.000E+00  0.000E+00  0.000E+00  0.000E+00  0.000E+00  0.000E+00  0.000E+00  0.000E+00  0.000E+00
  297.5000  2.324E-07  2.166E-07  2.029E-07  1.908E-07  1.803E-07  1.626E-07  1.519E-07  1.369E-07  1.272E-07  1.133E-07  1.011E-07  9.012E-08  8.005E-08  7.048E-08  6.107E-08  5.232E-08  4.454E-08  3.775E-08  3.188E-08  2.582E-08  2.125E-08  1.688E-08  1.360E-08  1.043E-08  7.885E-09  5.814E-09  4.087E-09  2.611E-09  1.358E-09  5.147E-10  1.085E-10  1.003E-11  2.458E-13  6.203E-16  1.733E-19  1.356E-24  3.573E-31  6.200E-40  0.000E+00  0.000E+00  0.000E+00  0.000E+00  0.000E+00  0.000E+00  0.000E+00  0.000E+00  0.000E+00  0.000E+00  0.000E+00  0.000E+00  0.000E+00  0.000E+00  0.000E+00  0.000E+00  0.000E+00  0.000E+00  0.000E+00  0.000E+00  0.000E+00  0.000E+00  0.000E+00
  298.5000  3.978E-07  3.707E-07  3.470E-07  3.263E-07  3.080E-07  2.778E-07  2.595E-07  2.338E-07  2.172E-07  1.936E-07  1.727E-07  1.541E-07  1.369E-07  1.206E-07  1.046E-07  8.966E-08  7.638E-08  6.479E-08  5.476E-08  4.440E-08  3.658E-08  2.910E-08  2.348E-08  1.807E-08  1.373E-08  1.020E-08  7.277E-09  4.776E-09  2.625E-09  1.096E-09  2.751E-10  3.359E-11  1.276E-12  6.583E-15  4.920E-18  1.590E-22  2.593E-28  5.022E-36  0.000E+00  0.000E+00  0.000E+00  0.000E+00  0.000E+00  0.000E+00  0.000E+00  0.000E+00  0.000E+00  0.000E+00  0.000E+00  0.000E+00  0.000E+00  0.000E+00  0.000E+00  0.000E+00  0.000E+00  0.000E+00  0.000E+00  0.000E+00  0.000E+00  0.000E+00  0.000E+00
  299.5000  1.256E-06  1.170E-06  1.094E-06  1.028E-06  9.705E-07  8.750E-07  8.170E-07  7.361E-07  6.838E-07  6.094E-07  5.440E-07  4.853E-07  4.314E-07  3.803E-07  3.300E-07  2.831E-07  2.414E-07  2.049E-07  1.733E-07  1.407E-07  1.160E-07  9.244E-08  7.472E-08  5.765E-08  4.398E-08  3.292E-08  2.377E-08  1.598E-08  9.212E-09  4.194E-09  1.230E-09  1.934E-10  1.098E-11  1.096E-13  2.044E-16  2.499E-20  2.279E-25  4.349E-32  2.213E-41  0.000E+00  0.000E+00  0.000E+00  0.000E+00  0.000E+00  0.000E+00  0.000E+00  0.000E+00  0.000E+00  0.000E+00  0.000E+00  0.000E+00  0.000E+00  0.000E+00  0.000E+00  0.000E+00  0.000E+00  0.000E+00  0.000E+00  0.000E+00  0.000E+00  0.000E+00
  300.5000  1.553E-06  1.445E-06  1.351E-06  1.268E-06  1.196E-06  1.078E-06  1.006E-06  9.065E-07  8.418E-07  7.503E-07  6.698E-07  5.976E-07  5.315E-07  4.686E-07  4.069E-07  3.493E-07  2.980E-07  2.531E-07  2.142E-07  1.741E-07  1.438E-07  1.147E-07  9.281E-08  7.178E-08  5.494E-08  4.135E-08  3.016E-08  2.066E-08  1.237E-08  6.039E-09  2.010E-09  3.876E-10  3.044E-11  5.162E-13  1.992E-15  6.871E-19  2.356E-23  2.564E-29  1.442E-37  1.401E-45  0.000E+00  0.000E+00  0.000E+00  0.000E+00  0.000E+00  0.000E+00  0.000E+00  0.000E+00  0.000E+00  0.000E+00  0.000E+00  0.000E+00  0.000E+00  0.000E+00  0.000E+00  0.000E+00  0.000E+00  0.000E+00  0.000E+00  0.000E+00  0.000E+00
  301.5000  4.204E-06  3.908E-06  3.650E-06  3.425E-06  3.228E-06  2.907E-06  2.711E-06  2.441E-06  2.266E-06  2.019E-06  1.803E-06  1.609E-06  1.431E-06  1.263E-06  1.097E-06  9.423E-07  8.046E-07  6.839E-07  5.794E-07  4.715E-07  3.896E-07  3.113E-07  2.523E-07  1.956E-07  1.503E-07  1.137E-07  8.377E-08  5.844E-08  3.638E-08  1.905E-08  7.223E-09  1.723E-09  1.904E-10  5.668E-12  4.749E-14  4.972E-17  7.086E-21  5.111E-26  4.016E-33  2.059E-40  1.401E-45  0.000E+00  0.000E+00  0.000E+00  0.000E+00  0.000E+00  0.000E+00  0.000E+00  0.000E+00  0.000E+00  0.000E+00  0.000E+00  0.000E+00  0.000E+00  0.000E+00  0.000E+00  0.000E+00  0.000E+00  0.000E+00  0.000E+00  0.000E+00
  302.5000  6.473E-06  6.012E-06  5.610E-06  5.260E-06  4.954E-06  4.459E-06  4.156E-06  3.741E-06  3.471E-06  3.092E-06  2.760E-06  2.464E-06  2.192E-06  1.934E-06  1.681E-06  1.445E-06  1.234E-06  1.050E-06  8.899E-07  7.250E-07  5.996E-07  4.796E-07  3.891E-07  3.022E-07  2.327E-07  1.768E-07  1.311E-07  9.258E-08  5.913E-08  3.247E-08  1.344E-08  3.703E-09  5.160E-10  2.249E-11  3.169E-13  6.875E-16  2.472E-19  6.104E-24  2.646E-30  7.465E-37  2.640E-42  1.962E-44  1.401E-45  1.401E-45  0.000E+00  0.000E+00  0.000E+00  0.000E+00  0.000E+00  0.000E+00  0.000E+00  0.000E+00  0.000E+00  0.000E+00  0.000E+00  0.000E+00  0.000E+00  0.000E+00  0.000E+00  0.000E+00  0.000E+00
  303.5000  1.437E-05  1.333E-05  1.243E-05  1.164E-05  1.095E-05  9.846E-06  9.168E-06  8.247E-06  7.645E-06  6.808E-06  6.076E-06  5.423E-06  4.823E-06  4.257E-06  3.701E-06  3.183E-06  2.722E-06  2.317E-06  1.965E-06  1.604E-06  1.327E-06  1.064E-06  8.638E-07  6.724E-07  5.192E-07  3.960E-07  2.958E-07  2.118E-07  1.391E-07  8.057E-08  3.684E-08  1.195E-08  2.173E-09  1.470E-10  3.792E-12  1.946E-14  2.108E-17  2.251E-21  7.441E-27  1.604E-32  2.547E-37  1.920E-39  4.766E-41  2.466E-43  1.401E-45  0.000E+00  0.000E+00  0.000E+00  0.000E+00  0.000E+00  0.000E+00  0.000E+00  0.000E+00  0.000E+00  0.000E+00  0.000E+00  0.000E+00  0.000E+00  0.000E+00  0.000E+00  0.000E+00
  304.5000  1.844E-05  1.709E-05  1.592E-05  1.489E-05  1.400E-05  1.258E-05  1.170E-05  1.052E-05  9.748E-06  8.678E-06  7.742E-06  6.908E-06  6.144E-06  5.423E-06  4.716E-06  4.058E-06  3.471E-06  2.956E-06  2.509E-06  2.049E-06  1.698E-06  1.362E-06  1.107E-06  8.626E-07  6.672E-07  5.102E-07  3.828E-07  2.763E-07  1.846E-07  1.103E-07  5.355E-08  1.916E-08  4.080E-09  3.576E-10  1.316E-11  1.119E-13  2.308E-16  5.731E-20  6.006E-25  4.033E-30  1.477E-34  1.197E-36  2.389E-38  8.651E-41  1.962E-44  0.000E+00  0.000E+00  0.000E+00  0.000E+00  0.000E+00  0.000E+00  0.000E+00  0.000E+00  0.000E+00  0.000E+00  0.000E+00  0.000E+00  0.000E+00  0.000E+00  0.000E+00  0.000E+00
  305.5000  3.139E-05  2.904E-05  2.700E-05  2.522E-05  2.366E-05  2.124E-05  1.973E-05  1.772E-05  1.640E-05  1.459E-05  1.300E-05  1.159E-05  1.031E-05  9.102E-06  7.917E-06  6.815E-06  5.833E-06  4.972E-06  4.224E-06  3.455E-06  2.865E-06  2.302E-06  1.873E-06  1.463E-06  1.134E-06  8.706E-07  6.569E-07  4.793E-07  3.273E-07  2.040E-07  1.073E-07  4.386E-08  1.164E-08  1.470E-09  9.006E-11  1.615E-12  8.742E-15  7.738E-18  4.666E-22  1.792E-26  2.355E-30  2.095E-32  2.892E-34  5.675E-37  6.184E-41  0.000E+00  0.000E+00  0.000E+00  0.000E+00  0.000E+00  0.000E+00  0.000E+00  0.000E+00  0.000E+00  0.000E+00  0.000E+00  0.000E+00  0.000E+00  0.000E+00  0.000E+00  0.000E+00
  306.5000  3.677E-05  3.398E-05  3.156E-05  2.945E-05  2.761E-05  2.476E-05  2.299E-05  2.063E-05  1.908E-05  1.696E-05  1.512E-05  1.356E-05  1.198E-05  1.058E-05  9.199E-06  7.920E-06  6.781E-06  5.782E-06  4.914E-06  4.023E-06  3.337E-06  2.684E-06  2.185E-06  1.709E-06  1.327E-06  1.020E-06  7.717E-07  5.660E-07  3.904E-07  2.481E-07  1.354E-07  5.885E-08  1.725E-08  2.564E-09  1.963E-10  4.835E-12  3.928E-14  5.961E-17  7.534E-21  6.039E-25  1.369E-28  1.303E-30  1.608E-32  2.632E-35  2.345E-39  0.000E+00  0.000E+00  0.000E+00  0.000E+00  0.000E+00  0.000E+00  0.000E+00  0.000E+00  0.000E+00  0.000E+00  0.000E+00  0.000E+00  0.000E+00  0.000E+00  0.000E+00  0.000E+00
  307.5000  6.733E-05  6.208E-05  5.752E-05  5.355E-05  5.010E-05  4.485E-05  4.156E-05  3.724E-05  3.438E-05  3.052E-05  2.718E-05  2.420E-05  2.150E-05  1.897E-05  1.650E-05  1.421E-05  1.217E-05  1.038E-05  8.831E-06  7.241E-06  6.014E-06  4.844E-06  3.949E-06  3.094E-06  2.408E-06  1.857E-06  1.411E-06  1.044E-06  7.315E-07  4.796E-07  2.781E-07  1.341E-07  4.681E-08  9.322E-09  1.078E-09  4.881E-11  8.751E-13  3.804E-15  2.054E-18  7.057E-22  4.633E-25  4.827E-27  4.448E-29  4.476E-32  2.175E-36  7.006E-45  0.000E+00  0.000E+00  0.000E+00  0.000E+00  0.000E+00  0.000E+00  0.000E+00  0.000E+00  0.000E+00  0.000E+00  0.000E+00  0.000E+00  0.000E+00  0.000E+00  0.000E+00
  308.5000  8.328E-05  7.669E-05  7.098E-05  6.601E-05  6.170E-05  5.518E-05  5.108E-05  4.573E-05  4.218E-05  3.743E-05  3.330E-05  2.964E-05  2.633E-05  2.322E-05  2.019E-05  1.739E-05  1.490E-05  1.272E-05  1.082E-05  8.876E-06  7.376E-06  5.947E-06  4.850E-06  3.805E-06  2.965E-06  2.289E-06  1.744E-06  1.294E-06  9.133E-07  6.070E-07  3.614E-07  1.822E-07  6.841E-08  1.536E-08  2.095E-09  1.197E-10  2.889E-12  1.866E-14  1.729E-17  1.013E-20  9.879E-24  1.093E-25  9.452E-28  8.610E-31  3.780E-35  1.331E-43  0.000E+00  0.000E+00  0.000E+00  0.000E+00  0.000E+00  0.000E+00  0.000E+00  0.000E+00  0.000E+00  0.000E+00  0.000E+00  0.000E+00  0.000E+00  0.000E+00  0.000E+00
  309.5000  8.831E-05  8.114E-05  7.492E-05  6.951E-05  6.482E-05  5.785E-05  5.345E-05  4.777E-05  4.398E-05  3.897E-05  3.463E-05  3.079E-05  2.732E-05  2.408E-05  2.093E-05  1.802E-05  1.544E-05  1.318E-05  1.122E-05  9.219E-06  7.667E-06  6.191E-06  5.054E-06  3.972E-06  3.101E-06  2.399E-06  1.833E-06  1.368E-06  9.750E-07  6.608E-07  4.088E-07  2.202E-07  9.258E-08  2.516E-08  4.492E-09  3.826E-10  1.553E-11  2.008E-13  4.837E-16  7.364E-19  1.441E-21  1.718E-23  1.256E-25  8.674E-29  2.698E-33  9.187E-42  0.000E+00  0.000E+00  0.000E+00  0.000E+00  0.000E+00  0.000E+00  0.000E+00  0.000E+00  0.000E+00  0.000E+00  0.000E+00  0.000E+00  0.000E+00  0.000E+00  0.000E+00
  310.5000  1.396E-04  1.280E-04  1.180E-04  1.092E-04  1.016E-04  9.055E-05  8.350E-05  7.450E-05  6.848E-05  6.059E-05  5.377E-05  4.776E-05  4.233E-05  3.728E-05  3.239E-05  2.788E-05  2.389E-05  2.040E-05  1.737E-05  1.428E-05  1.189E-05  9.611E-06  7.853E-06  6.180E-06  4.832E-06  3.746E-06  2.870E-06  2.150E-06  1.544E-06  1.061E-06  6.752E-07  3.818E-07  1.744E-07  5.447E-08  1.183E-08  1.338E-09  7.836E-11  1.657E-12  7.812E-15  2.315E-17  7.371E-20  9.358E-22  6.199E-24  3.652E-27  9.428E-32  3.404E-40  0.000E+00  0.000E+00  0.000E+00  0.000E+00  0.000E+00  0.000E+00  0.000E+00  0.000E+00  0.000E+00  0.000E+00  0.000E+00  0.000E+00  0.000E+00  0.000E+00  0.000E+00
  311.5000  1.994E-04  1.825E-04  1.679E-04  1.552E-04  1.442E-04  1.283E-04  1.181E-04  1.053E-04  9.662E-05  8.538E-05  7.570E-05  6.717E-05  5.950E-05  5.237E-05  4.547E-05  3.913E-05  3.352E-05  2.862E-05  2.437E-05  2.006E-05  1.670E-05  1.352E-05  1.105E-05  8.707E-06  6.816E-06  5.290E-06  4.060E-06  3.049E-06  2.200E-06  1.526E-06  9.885E-07  5.765E-07  2.778E-07  9.492E-08  2.339E-08  3.178E-09  2.364E-10  6.910E-12  5.086E-14  2.356E-16  1.046E-18  1.408E-20  8.963E-23  4.942E-26  1.189E-30  4.826E-39  0.000E+00  0.000E+00  0.000E+00  0.000E+00  0.000E+00  0.000E+00  0.000E+00  0.000E+00  0.000E+00  0.000E+00  0.000E+00  0.000E+00  0.000E+00  0.000E+00  0.000E+00
  312.5000  2.420E-04  2.207E-04  2.023E-04  1.863E-04  1.725E-04  1.529E-04  1.403E-04  1.247E-04  1.141E-04  1.005E-04  8.890E-05  7.870E-05  6.956E-05  6.112E-05  5.299E-05  4.556E-05  3.900E-05  3.329E-05  2.835E-05  2.336E-05  1.946E-05  1.578E-05  1.292E-05  1.020E-05  8.003E-06  6.228E-06  4.795E-06  3.617E-06  2.630E-06  1.851E-06  1.234E-06  7.574E-07  3.995E-07  1.595E-07  4.911E-08  9.270E-09  1.059E-09  5.518E-11  8.952E-13  9.077E-15  7.091E-17  1.019E-18  5.692E-21  2.539E-24  4.695E-29  1.916E-37  0.000E+00  0.000E+00  0.000E+00  0.000E+00  0.000E+00  0.000E+00  0.000E+00  0.000E+00  0.000E+00  0.000E+00  0.000E+00  0.000E+00  0.000E+00  0.000E+00  0.000E+00
  313.5000  2.908E-04  2.650E-04  2.426E-04  2.233E-04  2.065E-04  1.830E-04  1.678E-04  1.489E-04  1.361E-04  1.199E-04  1.059E-04  9.372E-05  8.278E-05  7.270E-05  6.300E-05  5.415E-05  4.635E-05  3.956E-05  3.368E-05  2.776E-05  2.314E-05  1.877E-05  1.537E-05  1.215E-05  9.539E-06  7.429E-06  5.727E-06  4.326E-06  3.153E-06  2.229E-06  1.499E-06  9.342E-07  5.056E-07  2.105E-07  6.860E-08  1.398E-08  1.760E-09  1.047E-10  2.032E-12  2.458E-14  2.206E-16  3.324E-18  1.902E-20  8.840E-24  1.764E-28  8.751E-37  0.000E+00  0.000E+00  0.000E+00  0.000E+00  0.000E+00  0.000E+00  0.000E+00  0.000E+00  0.000E+00  0.000E+00  0.000E+00  0.000E+00  0.000E+00  0.000E+00  0.000E+00
  314.5000  3.668E-04  3.332E-04  3.038E-04  2.784E-04  2.565E-04  2.263E-04  2.066E-04  1.827E-04  1.664E-04  1.460E-04  1.286E-04  1.134E-04  9.986E-05  8.747E-05  7.563E-05  6.488E-05  5.546E-05  4.729E-05  4.024E-05  3.320E-05  2.768E-05  2.250E-05  1.844E-05  1.461E-05  1.150E-05  8.979E-06  6.945E-06  5.265E-06  3.863E-06  2.762E-06  1.899E-06  1.230E-06  7.153E-07  3.375E-07  1.319E-07  3.527E-08  6.359E-09  6.178E-10  2.356E-11  5.589E-13  8.157E-15  1.309E-16  6.764E-19  2.656E-22  4.288E-27  2.182E-35  0.000E+00  0.000E+00  0.000E+00  0.000E+00  0.000E+00  0.000E+00  0.000E+00  0.000E+00  0.000E+00  0.000E+00  0.000E+00  0.000E+00  0.000E+00  0.000E+00  0.000E+00
  315.5000  3.998E-04  3.603E-04  3.284E-04  3.008E-04  2.769E-04  2.442E-04  2.228E-04  1.968E-04  1.792E-04  1.571E-04  1.383E-04  1.219E-04  1.073E-04  9.392E-05  8.118E-05  6.961E-05  5.949E-05  5.072E-05  4.315E-05  3.560E-05  2.969E-05  2.414E-05  1.980E-05  1.569E-05  1.236E-05  9.659E-06  7.479E-06  5.676E-06  4.171E-06  2.991E-06  2.069E-06  1.354E-06  8.003E-07  3.879E-07  1.571E-07  4.393E-08  8.371E-09  8.781E-10  3.708E-11  9.708E-13  1.539E-14  2.578E-16  1.388E-18  5.845E-22  1.058E-26  6.655E-35  0.000E+00  0.000E+00  0.000E+00  0.000E+00  0.000E+00  0.000E+00  0.000E+00  0.000E+00  0.000E+00  0.000E+00  0.000E+00  0.000E+00  0.000E+00  0.000E+00  0.000E+00
  316.5000  4.996E-04  4.513E-04  4.095E-04  3.735E-04  3.425E-04  3.007E-04  2.733E-04  2.404E-04  2.179E-04  1.903E-04  1.669E-04  1.465E-04  1.285E-04  1.122E-04  9.671E-05  8.273E-05  7.055E-05  6.005E-05  5.104E-05  4.211E-05  3.512E-05  2.859E-05  2.346E-05  1.864E-05  1.472E-05  1.153E-05  8.959E-06  6.820E-06  5.040E-06  3.644E-06  2.560E-06  1.723E-06  1.073E-06  5.697E-07  2.641E-07  9.073E-08  2.276E-08  3.477E-09  2.456E-10  1.070E-11  2.452E-13  4.343E-15  2.193E-17  8.312E-21  1.322E-25  8.888E-34  0.000E+00  0.000E+00  0.000E+00  0.000E+00  0.000E+00  0.000E+00  0.000E+00  0.000E+00  0.000E+00  0.000E+00  0.000E+00  0.000E+00  0.000E+00  0.000E+00  0.000E+00
  317.5000  7.072E-04  6.391E-04  5.801E-04  5.292E-04  4.853E-04  4.262E-04  3.874E-04  3.408E-04  3.090E-04  2.699E-04  2.366E-04  2.078E-04  1.823E-04  1.592E-04  1.372E-04  1.173E-04  1.001E-04  8.517E-05  7.239E-05  5.974E-05  4.983E-05  4.056E-05  3.330E-05  2.646E-05  2.090E-05  1.638E-05  1.273E-05  9.692E-06  7.166E-06  5.186E-06  3.650E-06  2.463E-06  1.540E-06  8.220E-07  3.831E-07  1.319E-07  3.312E-08  5.069E-09  3.581E-10  1.561E-11  3.631E-13  6.692E-15  3.609E-17  1.526E-20  2.856E-25  2.419E-33  0.000E+00  0.000E+00  0.000E+00  0.000E+00  0.000E+00  0.000E+00  0.000E+00  0.000E+00  0.000E+00  0.000E+00  0.000E+00  0.000E+00  0.000E+00  0.000E+00  0.000E+00
  318.5000  7.262E-04  6.535E-04  5.907E-04  5.365E-04  4.899E-04  4.282E-04  3.875E-04  3.394E-04  3.063E-04  2.662E-04  2.324E-04  2.032E-04  1.776E-04  1.543E-04  1.325E-04  1.129E-04  9.604E-05  8.155E-05  6.918E-05  5.704E-05  4.755E-05  3.874E-05  3.182E-05  2.534E-05  2.006E-05  1.577E-05  1.230E-05  9.398E-06  6.988E-06  5.094E-06  3.633E-06  2.510E-06  1.639E-06  9.453E-07  4.951E-07  2.043E-07  6.555E-08  1.409E-08  1.585E-09  1.096E-10  3.566E-12  6.934E-14  3.542E-16  1.368E-19  2.293E-24  2.086E-32  0.000E+00  0.000E+00  0.000E+00  0.000E+00  0.000E+00  0.000E+00  0.000E+00  0.000E+00  0.000E+00  0.000E+00  0.000E+00  0.000E+00  0.000E+00  0.000E+00  0.000E+00
  319.5000  9.405E-04  8.459E-04  7.641E-04  6.938E-04  6.332E-04  5.530E-04  5.001E-04  4.376E-04  3.946E-04  3.427E-04  2.989E-04  2.611E-04  2.280E-04  1.980E-04  1.699E-04  1.447E-04  1.229E-04  1.043E-04  8.845E-05  7.292E-05  6.077E-05  4.952E-05  4.069E-05  3.242E-05  2.569E-05  2.021E-05  1.578E-05  1.207E-05  8.987E-06  6.564E-06  4.698E-06  3.265E-06  2.155E-06  1.265E-06  6.794E-07  2.902E-07  9.740E-08  2.229E-08  2.729E-09  2.052E-10  7.172E-12  1.452E-13  7.737E-16  3.203E-19  5.984E-24  6.616E-32  0.000E+00  0.000E+00  0.000E+00  0.000E+00  0.000E+00  0.000E+00  0.000E+00  0.000E+00  0.000E+00  0.000E+00  0.000E+00  0.000E+00  0.000E+00  0.000E+00  0.000E+00
  320.5000  1.228E-03  1.104E-03  9.960E-04  9.034E-04  8.236E-04  7.184E-04  6.489E-04  5.671E-04  5.109E-04  4.431E-04  3.859E-04  3.367E-04  2.934E-04  2.547E-04  2.182E-04  1.857E-04  1.576E-04  1.336E-04  1.132E-04  9.330E-05  7.773E-05  6.334E-05  5.205E-05  4.149E-05  3.290E-05  2.590E-05  2.025E-05  1.550E-05  1.156E-05  8.461E-06  6.075E-06  4.246E-06  2.830E-06  1.690E-06  9.315E-07  4.151E-07  1.477E-07  3.662E-08  5.004E-09  4.204E-10  1.611E-11  3.403E-13  1.879E-15  8.236E-19  1.676E-23  2.210E-31  0.000E+00  0.000E+00  0.000E+00  0.000E+00  0.000E+00  0.000E+00  0.000E+00  0.000E+00  0.000E+00  0.000E+00  0.000E+00  0.000E+00  0.000E+00  0.000E+00  0.000E+00
  321.5000  1.473E-03  1.321E-03  1.189E-03  1.076E-03  9.782E-04  8.498E-04  7.649E-04  6.654E-04  5.969E-04  5.151E-04  4.463E-04  3.874E-04  3.359E-04  2.901E-04  2.472E-04  2.091E-04  1.767E-04  1.491E-04  1.259E-04  1.035E-04  8.601E-05  7.004E-05  5.753E-05  4.594E-05  3.652E-05  2.886E-05  2.266E-05  1.741E-05  1.308E-05  9.637E-06  7.000E-06  4.986E-06  3.440E-06  2.185E-06  1.324E-06  6.843E-07  2.994E-07  9.946E-08  2.032E-08  2.545E-09  1.306E-10  2.896E-12  1.529E-14  6.226E-18  1.163E-22  1.664E-30  0.000E+00  0.000E+00  0.000E+00  0.000E+00  0.000E+00  0.000E+00  0.000E+00  0.000E+00  0.000E+00  0.000E+00  0.000E+00  0.000E+00  0.000E+00  0.000E+00  0.000E+00
  322.5000  1.124E-03  1.009E-03  9.100E-04  8.248E-04  7.515E-04  6.549E-04  5.911E-04  5.161E-04  4.645E-04  4.024E-04  3.501E-04  3.051E-04  2.655E-04  2.304E-04  1.972E-04  1.675E-04  1.421E-04  1.204E-04  1.019E-04  8.396E-05  6.993E-05  5.699E-05  4.683E-05  3.736E-05  2.965E-05  2.337E-05  1.829E-05  1.402E-05  1.048E-05  7.683E-06  5.538E-06  3.895E-06  2.625E-06  1.597E-06  9.038E-07  4.183E-07  1.566E-07  4.178E-08  6.314E-09  5.894E-10  2.500E-11  5.721E-13  3.488E-15  1.792E-18  4.616E-23  8.961E-31  0.000E+00  0.000E+00  0.000E+00  0.000E+00  0.000E+00  0.000E+00  0.000E+00  0.000E+00  0.000E+00  0.000E+00  0.000E+00  0.000E+00  0.000E+00  0.000E+00  0.000E+00
  323.5000  1.823E-03  1.634E-03  1.471E-03  1.330E-03  1.209E-03  1.048E-03  9.427E-04  8.186E-04  7.333E-04  6.313E-04  5.456E-04  4.724E-04  4.085E-04  3.520E-04  2.990E-04  2.522E-04  2.124E-04  1.788E-04  1.506E-04  1.235E-04  1.025E-04  8.340E-05  6.847E-05  5.468E-05  4.352E-05  3.445E-05  2.712E-05  2.088E-05  1.575E-05  1.164E-05  8.502E-06  6.107E-06  4.276E-06  2.785E-06  1.755E-06  9.669E-07  4.635E-07  1.757E-07  4.316E-08  6.552E-09  3.960E-10  9.531E-12  5.420E-14  2.479E-17  5.515E-22  1.112E-29  0.000E+00  0.000E+00  0.000E+00  0.000E+00  0.000E+00  0.000E+00  0.000E+00  0.000E+00  0.000E+00  0.000E+00  0.000E+00  0.000E+00  0.000E+00  0.000E+00  0.000E+00
  324.5000  2.099E-03  1.881E-03  1.694E-03  1.532E-03  1.393E-03  1.208E-03  1.087E-03  9.439E-04  8.459E-04  7.284E-04  6.299E-04  5.456E-04  4.718E-04  4.069E-04  3.458E-04  2.918E-04  2.459E-04  2.071E-04  1.745E-04  1.431E-04  1.188E-04  9.667E-05  7.938E-05  6.341E-05  5.047E-05  3.995E-05  3.145E-05  2.422E-05  1.827E-05  1.350E-05  9.861E-06  7.085E-06  4.962E-06  3.230E-06  2.032E-06  1.114E-06  5.298E-07  1.985E-07  4.798E-08  7.177E-09  4.350E-10  1.085E-11  6.582E-14  3.342E-17  8.663E-22  2.155E-29  0.000E+00  0.000E+00  0.000E+00  0.000E+00  0.000E+00  0.000E+00  0.000E+00  0.000E+00  0.000E+00  0.000E+00  0.000E+00  0.000E+00  0.000E+00  0.000E+00  0.000E+00
  325.5000  2.194E-03  1.966E-03  1.770E-03  1.600E-03  1.455E-03  1.262E-03  1.135E-03  9.867E-04  8.845E-04  7.621E-04  6.594E-04  5.715E-04  4.959E-04  4.269E-04  3.630E-04  3.067E-04  2.586E-04  2.180E-04  1.838E-04  1.509E-04  1.253E-04  1.020E-04  8.377E-05  6.691E-05  5.324E-05  4.212E-05  3.314E-05  2.550E-05  1.921E-05  1.419E-05  1.035E-05  7.419E-06  5.176E-06  3.346E-06  2.082E-06  1.120E-06  5.186E-07  1.869E-07  4.286E-08  6.108E-09  3.629E-10  9.384E-12  6.136E-14  3.511E-17  1.077E-21  3.301E-29  0.000E+00  0.000E+00  0.000E+00  0.000E+00  0.000E+00  0.000E+00  0.000E+00  0.000E+00  0.000E+00  0.000E+00  0.000E+00  0.000E+00  0.000E+00  0.000E+00  0.000E+00
  326.5000  3.857E-03  3.463E-03  3.123E-03  2.829E-03  2.576E-03  2.233E-03  2.009E-03  1.742E-03  1.561E-03  1.341E-03  1.156E-03  9.985E-04  8.616E-04  7.399E-04  6.257E-04  5.254E-04  4.406E-04  3.694E-04  3.099E-04  2.531E-04  2.094E-04  1.700E-04  1.393E-04  1.112E-04  8.862E-05  7.032E-05  5.556E-05  4.293E-05  3.259E-05  2.420E-05  1.781E-05  1.294E-05  9.231E-06  6.204E-06  4.109E-06  2.452E-06  1.321E-06  5.945E-07  1.860E-07  3.640E-08  2.741E-09  7.407E-11  4.703E-13  2.562E-16  7.426E-21  2.478E-28  0.000E+00  0.000E+00  0.000E+00  0.000E+00  0.000E+00  0.000E+00  0.000E+00  0.000E+00  0.000E+00  0.000E+00  0.000E+00  0.000E+00  0.000E+00  0.000E+00  0.000E+00
  327.5000  3.159E-03  2.833E-03  2.552E-03  2.310E-03  2.101E-03  1.821E-03  1.638E-03  1.421E-03  1.273E-03  1.094E-03  9.446E-04  8.166E-04  7.055E-04  6.065E-04  5.139E-04  4.324E-04  3.632E-04  3.051E-04  2.564E-04  2.098E-04  1.739E-04  1.413E-04  1.159E-04  9.259E-05  7.375E-05  5.847E-05  4.615E-05  3.561E-05  2.697E-05  2.000E-05  1.468E-05  1.063E-05  7.544E-06  5.019E-06  3.268E-06  1.894E-06  9.758E-07  4.111E-07  1.171E-07  2.089E-08  1.491E-09  4.163E-11  2.877E-13  1.796E-16  6.318E-21  2.640E-28  0.000E+00  0.000E+00  0.000E+00  0.000E+00  0.000E+00  0.000E+00  0.000E+00  0.000E+00  0.000E+00  0.000E+00  0.000E+00  0.000E+00  0.000E+00  0.000E+00  0.000E+00
  328.5000  2.916E-03  2.615E-03  2.355E-03  2.131E-03  1.937E-03  1.679E-03  1.509E-03  1.309E-03  1.172E-03  1.007E-03  8.690E-04  7.510E-04  6.493E-04  5.574E-04  4.721E-04  3.970E-04  3.335E-04  2.800E-04  2.353E-04  1.925E-04  1.595E-04  1.295E-04  1.063E-04  8.488E-05  6.760E-05  5.360E-05  4.231E-05  3.265E-05  2.473E-05  1.834E-05  1.347E-05  9.751E-06  6.921E-06  4.608E-06  3.004E-06  1.744E-06  9.027E-07  3.833E-07  1.108E-07  2.021E-08  1.487E-09  4.312E-11  3.147E-13  2.137E-16  8.458E-21  4.207E-28  0.000E+00  0.000E+00  0.000E+00  0.000E+00  0.000E+00  0.000E+00  0.000E+00  0.000E+00  0.000E+00  0.000E+00  0.000E+00  0.000E+00  0.000E+00  0.000E+00  0.000E+00
  329.5000  5.157E-03  4.640E-03  4.193E-03  3.808E-03  3.476E-03  3.014E-03  2.717E-03  2.357E-03  2.115E-03  1.815E-03  1.565E-03  1.350E-03  1.164E-03  9.985E-04  8.425E-04  7.054E-04  5.899E-04  4.933E-04  4.129E-04  3.362E-04  2.775E-04  2.247E-04  1.840E-04  1.468E-04  1.169E-04  9.288E-05  7.354E-05  5.694E-05  4.341E-05  3.233E-05  2.389E-05  1.747E-05  1.259E-05  8.594E-06  5.836E-06  3.629E-06  2.083E-06  1.032E-06  3.715E-07  8.492E-08  7.433E-09  2.240E-10  1.621E-12  1.084E-15  4.249E-20  2.351E-27  0.000E+00  0.000E+00  0.000E+00  0.000E+00  0.000E+00  0.000E+00  0.000E+00  0.000E+00  0.000E+00  0.000E+00  0.000E+00  0.000E+00  0.000E+00  0.000E+00  0.000E+00
  330.5000  4.099E-03  3.681E-03  3.321E-03  3.010E-03  2.741E-03  2.376E-03  2.138E-03  1.854E-03  1.661E-03  1.427E-03  1.230E-03  1.061E-03  9.160E-04  7.858E-04  6.640E-04  5.569E-04  4.665E-04  3.908E-04  3.276E-04  2.673E-04  2.210E-04  1.792E-04  1.469E-04  1.172E-04  9.338E-05  7.414E-05  5.864E-05  4.535E-05  3.448E-05  2.564E-05  1.891E-05  1.378E-05  9.879E-06  6.686E-06  4.475E-06  2.714E-06  1.499E-06  7.006E-07  2.322E-07  4.892E-08  4.091E-09  1.274E-10  9.986E-13  7.594E-16  3.564E-20  2.433E-27  0.000E+00  0.000E+00  0.000E+00  0.000E+00  0.000E+00  0.000E+00  0.000E+00  0.000E+00  0.000E+00  0.000E+00  0.000E+00  0.000E+00  0.000E+00  0.000E+00  0.000E+00
  331.5000  3.937E-03  3.534E-03  3.186E-03  2.886E-03  2.628E-03  2.276E-03  2.048E-03  1.776E-03  1.590E-03  1.365E-03  1.177E-03  1.016E-03  8.761E-04  7.518E-04  6.353E-04  5.329E-04  4.465E-04  3.741E-04  3.136E-04  2.559E-04  2.116E-04  1.716E-04  1.407E-04  1.123E-04  8.946E-05  7.102E-05  5.615E-05  4.342E-05  3.300E-05  2.454E-05  1.809E-05  1.317E-05  9.434E-06  6.375E-06  4.256E-06  2.571E-06  1.411E-06  6.542E-07  2.147E-07  4.501E-08  3.800E-09  1.224E-10  1.018E-12  8.483E-16  4.529E-20  3.689E-27  0.000E+00  0.000E+00  0.000E+00  0.000E+00  0.000E+00  0.000E+00  0.000E+00  0.000E+00  0.000E+00  0.000E+00  0.000E+00  0.000E+00  0.000E+00  0.000E+00  0.000E+00
  332.5000  4.914E-03  4.425E-03  4.004E-03  3.640E-03  3.326E-03  2.885E-03  2.604E-03  2.259E-03  2.028E-03  1.741E-03  1.500E-03  1.295E-03  1.116E-03  9.569E-04  8.066E-04  6.745E-04  5.633E-04  4.705E-04  3.934E-04  3.198E-04  2.637E-04  2.133E-04  1.745E-04  1.391E-04  1.108E-04  8.805E-05  6.978E-05  5.408E-05  4.130E-05  3.080E-05  2.282E-05  1.673E-05  1.211E-05  8.315E-06  5.704E-06  3.606E-06  2.125E-06  1.097E-06  4.204E-07  1.039E-07  9.983E-09  3.336E-10  2.792E-12  2.348E-15  1.281E-19  1.174E-26  0.000E+00  0.000E+00  0.000E+00  0.000E+00  0.000E+00  0.000E+00  0.000E+00  0.000E+00  0.000E+00  0.000E+00  0.000E+00  0.000E+00  0.000E+00  0.000E+00  0.000E+00
  333.5000  4.157E-03  3.737E-03  3.375E-03  3.063E-03  2.793E-03  2.421E-03  2.181E-03  1.891E-03  1.696E-03  1.455E-03  1.254E-03  1.082E-03  9.319E-04  7.995E-04  6.744E-04  5.646E-04  4.721E-04  3.947E-04  3.304E-04  2.690E-04  2.220E-04  1.798E-04  1.472E-04  1.174E-04  9.352E-05  7.431E-05  5.884E-05  4.555E-05  3.473E-05  2.587E-05  1.913E-05  1.399E-05  1.009E-05  6.890E-06  4.680E-06  2.909E-06  1.669E-06  8.276E-07  2.996E-07  7.001E-08  6.546E-09  2.258E-10  2.029E-12  1.910E-15  1.220E-19  1.353E-26  0.000E+00  0.000E+00  0.000E+00  0.000E+00  0.000E+00  0.000E+00  0.000E+00  0.000E+00  0.000E+00  0.000E+00  0.000E+00  0.000E+00  0.000E+00  0.000E+00  0.000E+00
  334.5000  4.897E-03  4.405E-03  3.981E-03  3.616E-03  3.300E-03  2.861E-03  2.579E-03  2.236E-03  2.006E-03  1.721E-03  1.483E-03  1.279E-03  1.102E-03  9.447E-04  7.963E-04  6.660E-04  5.564E-04  4.648E-04  3.887E-04  3.161E-04  2.608E-04  2.110E-04  1.726E-04  1.376E-04  1.096E-04  8.711E-05  6.901E-05  5.346E-05  4.081E-05  3.042E-05  2.252E-05  1.649E-05  1.192E-05  8.172E-06  5.585E-06  3.510E-06  2.050E-06  1.044E-06  3.935E-07  9.629E-08  9.422E-09  3.363E-10  3.146E-12  3.154E-15  2.205E-19  2.842E-26  0.000E+00  0.000E+00  0.000E+00  0.000E+00  0.000E+00  0.000E+00  0.000E+00  0.000E+00  0.000E+00  0.000E+00  0.000E+00  0.000E+00  0.000E+00  0.000E+00  0.000E+00
  335.5000  5.597E-03  5.045E-03  4.570E-03  4.160E-03  3.806E-03  3.303E-03  2.984E-03  2.590E-03  2.327E-03  1.998E-03  1.721E-03  1.485E-03  1.280E-03  1.097E-03  9.240E-04  7.718E-04  6.439E-04  5.372E-04  4.486E-04  3.641E-04  2.999E-04  2.423E-04  1.981E-04  1.577E-04  1.256E-04  9.985E-05  7.918E-05  6.141E-05  4.699E-05  3.508E-05  2.603E-05  1.913E-05  1.390E-05  9.593E-06  6.635E-06  4.254E-06  2.565E-06  1.373E-06  5.569E-07  1.477E-07  1.551E-08  5.720E-10  5.505E-12  5.766E-15  4.313E-19  6.390E-26  0.000E+00  0.000E+00  0.000E+00  0.000E+00  0.000E+00  0.000E+00  0.000E+00  0.000E+00  0.000E+00  0.000E+00  0.000E+00  0.000E+00  0.000E+00  0.000E+00  0.000E+00
  336.5000  4.222E-03  3.803E-03  3.442E-03  3.130E-03  2.862E-03  2.482E-03  2.240E-03  1.944E-03  1.745E-03  1.498E-03  1.290E-03  1.113E-03  9.587E-04  8.220E-04  6.922E-04  5.783E-04  4.825E-04  4.026E-04  3.363E-04  2.731E-04  2.250E-04  1.818E-04  1.486E-04  1.184E-04  9.426E-05  7.494E-05  5.941E-05  4.607E-05  3.523E-05  2.630E-05  1.951E-05  1.432E-05  1.040E-05  7.166E-06  4.944E-06  3.156E-06  1.890E-06  1.002E-06  4.009E-07  1.053E-07  1.110E-08  4.227E-10  4.300E-12  4.915E-15  4.158E-19  7.271E-26  0.000E+00  0.000E+00  0.000E+00  0.000E+00  0.000E+00  0.000E+00  0.000E+00  0.000E+00  0.000E+00  0.000E+00  0.000E+00  0.000E+00  0.000E+00  0.000E+00  0.000E+00
  337.5000  4.259E-03  3.830E-03  3.461E-03  3.142E-03  2.868E-03  2.485E-03  2.240E-03  1.942E-03  1.741E-03  1.494E-03  1.286E-03  1.109E-03  9.554E-04  8.187E-04  6.898E-04  5.767E-04  4.815E-04  4.021E-04  3.361E-04  2.733E-04  2.253E-04  1.822E-04  1.491E-04  1.188E-04  9.463E-05  7.521E-05  5.959E-05  4.617E-05  3.526E-05  2.630E-05  1.948E-05  1.428E-05  1.033E-05  7.094E-06  4.859E-06  3.065E-06  1.800E-06  9.261E-07  3.554E-07  8.963E-08  9.285E-09  3.645E-10  3.952E-12  4.995E-15  4.864E-19  1.013E-25  0.000E+00  0.000E+00  0.000E+00  0.000E+00  0.000E+00  0.000E+00  0.000E+00  0.000E+00  0.000E+00  0.000E+00  0.000E+00  0.000E+00  0.000E+00  0.000E+00  0.000E+00
  338.5000  5.105E-03  4.601E-03  4.167E-03  3.793E-03  3.470E-03  3.010E-03  2.719E-03  2.359E-03  2.120E-03  1.819E-03  1.567E-03  1.351E-03  1.165E-03  9.977E-04  8.397E-04  7.009E-04  5.844E-04  4.872E-04  4.067E-04  3.299E-04  2.716E-04  2.192E-04  1.792E-04  1.426E-04  1.135E-04  9.026E-05  7.159E-05  5.553E-05  4.252E-05  3.176E-05  2.358E-05  1.734E-05  1.261E-05  8.719E-06  6.045E-06  3.892E-06  2.364E-06  1.281E-06  5.313E-07  1.461E-07  1.630E-08  6.608E-10  7.345E-12  9.642E-15  9.944E-19  2.352E-25  0.000E+00  0.000E+00  0.000E+00  0.000E+00  0.000E+00  0.000E+00  0.000E+00  0.000E+00  0.000E+00  0.000E+00  0.000E+00  0.000E+00  0.000E+00  0.000E+00  0.000E+00
  339.5000  5.648E-03  5.091E-03  4.612E-03  4.199E-03  3.843E-03  3.333E-03  3.012E-03  2.614E-03  2.349E-03  2.016E-03  1.736E-03  1.497E-03  1.290E-03  1.105E-03  9.298E-04  7.759E-04  6.466E-04  5.389E-04  4.497E-04  3.645E-04  3.000E-04  2.421E-04  1.978E-04  1.574E-04  1.252E-04  9.959E-05  7.900E-05  6.129E-05  4.695E-05  3.508E-05  2.606E-05  1.918E-05  1.396E-05  9.661E-06  6.711E-06  4.336E-06  2.649E-06  1.449E-06  6.108E-07  1.715E-07  1.965E-08  8.220E-10  9.547E-12  1.342E-14  1.526E-18  4.181E-25  0.000E+00  0.000E+00  0.000E+00  0.000E+00  0.000E+00  0.000E+00  0.000E+00  0.000E+00  0.000E+00  0.000E+00  0.000E+00  0.000E+00  0.000E+00  0.000E+00  0.000E+00
  340.5000  5.758E-03  5.186E-03  4.693E-03  4.268E-03  3.901E-03  3.382E-03  3.053E-03  2.648E-03  2.377E-03  2.039E-03  1.756E-03  1.514E-03  1.304E-03  1.117E-03  9.397E-04  7.843E-04  6.538E-04  5.451E-04  4.550E-04  3.691E-04  3.038E-04  2.453E-04  2.005E-04  1.596E-04  1.270E-04  1.010E-04  8.009E-05  6.212E-05  4.755E-05  3.551E-05  2.636E-05  1.938E-05  1.409E-05  9.734E-06  6.740E-06  4.330E-06  2.621E-06  1.414E-06  5.839E-07  1.610E-07  1.841E-08  7.931E-10  9.727E-12  1.490E-14  1.913E-18  6.152E-25  0.000E+00  0.000E+00  0.000E+00  0.000E+00  0.000E+00  0.000E+00  0.000E+00  0.000E+00  0.000E+00  0.000E+00  0.000E+00  0.000E+00  0.000E+00  0.000E+00  0.000E+00
  341.5000  5.470E-03  4.933E-03  4.469E-03  4.071E-03  3.727E-03  3.233E-03  2.922E-03  2.535E-03  2.279E-03  1.956E-03  1.684E-03  1.453E-03  1.251E-03  1.072E-03  9.016E-04  7.520E-04  6.263E-04  5.218E-04  4.352E-04  3.526E-04  2.900E-04  2.339E-04  1.910E-04  1.519E-04  1.209E-04  9.613E-05  7.626E-05  5.918E-05  4.536E-05  3.391E-05  2.521E-05  1.857E-05  1.353E-05  9.381E-06  6.534E-06  4.240E-06  2.610E-06  1.446E-06  6.223E-07  1.800E-07  2.154E-08  9.563E-10  1.214E-11  1.960E-14  2.717E-18  9.996E-25  0.000E+00  0.000E+00  0.000E+00  0.000E+00  0.000E+00  0.000E+00  0.000E+00  0.000E+00  0.000E+00  0.000E+00  0.000E+00  0.000E+00  0.000E+00  0.000E+00  0.000E+00
  342.5000  6.137E-03  5.535E-03  5.016E-03  4.569E-03  4.184E-03  3.630E-03  3.281E-03  2.847E-03  2.560E-03  2.197E-03  1.892E-03  1.631E-03  1.405E-03  1.204E-03  1.012E-03  8.438E-04  7.026E-04  5.852E-04  4.879E-04  3.951E-04  3.249E-04  2.619E-04  2.138E-04  1.700E-04  1.353E-04  1.076E-04  8.535E-05  6.625E-05  5.080E-05  3.798E-05  2.824E-05  2.081E-05  1.518E-05  1.053E-05  7.346E-06  4.780E-06  2.955E-06  1.650E-06  7.185E-07  2.114E-07  2.590E-08  1.184E-09  1.568E-11  2.707E-14  4.128E-18  1.750E-24  0.000E+00  0.000E+00  0.000E+00  0.000E+00  0.000E+00  0.000E+00  0.000E+00  0.000E+00  0.000E+00  0.000E+00  0.000E+00  0.000E+00  0.000E+00  0.000E+00  0.000E+00
  343.5000  6.228E-03  5.614E-03  5.084E-03  4.629E-03  4.236E-03  3.673E-03  3.318E-03  2.878E-03  2.587E-03  2.219E-03  1.910E-03  1.647E-03  1.418E-03  1.214E-03  1.021E-03  8.512E-04  7.088E-04  5.903E-04  4.922E-04  3.987E-04  3.278E-04  2.643E-04  2.158E-04  1.716E-04  1.366E-04  1.086E-04  8.614E-05  6.685E-05  5.124E-05  3.831E-05  2.848E-05  2.098E-05  1.529E-05  1.060E-05  7.388E-06  4.797E-06  2.956E-06  1.642E-06  7.106E-07  2.084E-07  2.576E-08  1.212E-09  1.685E-11  3.136E-14  5.320E-18  2.612E-24  0.000E+00  0.000E+00  0.000E+00  0.000E+00  0.000E+00  0.000E+00  0.000E+00  0.000E+00  0.000E+00  0.000E+00  0.000E+00  0.000E+00  0.000E+00  0.000E+00  0.000E+00
  344.5000  4.255E-03  3.833E-03  3.469E-03  3.156E-03  2.886E-03  2.502E-03  2.259E-03  1.958E-03  1.759E-03  1.508E-03  1.298E-03  1.119E-03  9.630E-04  8.247E-04  6.933E-04  5.781E-04  4.814E-04  4.010E-04  3.344E-04  2.709E-04  2.228E-04  1.797E-04  1.467E-04  1.167E-04  9.286E-05  7.383E-05  5.856E-05  4.544E-05  3.482E-05  2.603E-05  1.935E-05  1.424E-05  1.038E-05  7.190E-06  5.001E-06  3.239E-06  1.988E-06  1.098E-06  4.712E-07  1.375E-07  1.710E-08  8.277E-10  1.207E-11  2.423E-14  4.573E-18  2.599E-24  0.000E+00  0.000E+00  0.000E+00  0.000E+00  0.000E+00  0.000E+00  0.000E+00  0.000E+00  0.000E+00  0.000E+00  0.000E+00  0.000E+00  0.000E+00  0.000E+00  0.000E+00
  345.5000  6.234E-03  5.623E-03  5.097E-03  4.644E-03  4.254E-03  3.690E-03  3.336E-03  2.895E-03  2.603E-03  2.233E-03  1.923E-03  1.658E-03  1.429E-03  1.222E-03  1.027E-03  8.560E-04  7.122E-04  5.928E-04  4.939E-04  3.996E-04  3.283E-04  2.645E-04  2.158E-04  1.715E-04  1.364E-04  1.085E-04  8.608E-05  6.683E-05  5.127E-05  3.836E-05  2.855E-05  2.106E-05  1.538E-05  1.069E-05  7.479E-06  4.890E-06  3.049E-06  1.726E-06  7.703E-07  2.352E-07  3.056E-08  1.522E-09  2.290E-11  4.829E-14  9.795E-18  6.301E-24  0.000E+00  0.000E+00  0.000E+00  0.000E+00  0.000E+00  0.000E+00  0.000E+00  0.000E+00  0.000E+00  0.000E+00  0.000E+00  0.000E+00  0.000E+00  0.000E+00  0.000E+00
  346.5000  5.599E-03  5.045E-03  4.568E-03  4.158E-03  3.804E-03  3.297E-03  2.978E-03  2.583E-03  2.320E-03  1.989E-03  1.712E-03  1.476E-03  1.271E-03  1.087E-03  9.138E-04  7.615E-04  6.338E-04  5.276E-04  4.397E-04  3.559E-04  2.925E-04  2.358E-04  1.924E-04  1.530E-04  1.217E-04  9.676E-05  7.676E-05  5.958E-05  4.568E-05  3.417E-05  2.542E-05  1.873E-05  1.367E-05  9.486E-06  6.618E-06  4.308E-06  2.667E-06  1.493E-06  6.567E-07  1.981E-07  2.577E-08  1.319E-09  2.085E-11  4.748E-14  1.073E-17  7.995E-24  0.000E+00  0.000E+00  0.000E+00  0.000E+00  0.000E+00  0.000E+00  0.000E+00  0.000E+00  0.000E+00  0.000E+00  0.000E+00  0.000E+00  0.000E+00  0.000E+00  0.000E+00
  347.5000  5.498E-03  4.954E-03  4.486E-03  4.083E-03  3.735E-03  3.238E-03  2.924E-03  2.536E-03  2.278E-03  1.953E-03  1.681E-03  1.448E-03  1.246E-03  1.067E-03  8.966E-04  7.470E-04  6.215E-04  5.172E-04  4.310E-04  3.488E-04  2.866E-04  2.309E-04  1.884E-04  1.498E-04  1.191E-04  9.472E-05  7.514E-05  5.832E-05  4.473E-05  3.346E-05  2.490E-05  1.836E-05  1.339E-05  9.303E-06  6.496E-06  4.235E-06  2.629E-06  1.479E-06  6.552E-07  2.000E-07  2.652E-08  1.395E-09  2.297E-11  5.574E-14  1.379E-17  1.174E-23  0.000E+00  0.000E+00  0.000E+00  0.000E+00  0.000E+00  0.000E+00  0.000E+00  0.000E+00  0.000E+00  0.000E+00  0.000E+00  0.000E+00  0.000E+00  0.000E+00  0.000E+00
  348.5000  6.133E-03  5.528E-03  5.007E-03  4.558E-03  4.171E-03  3.616E-03  3.267E-03  2.833E-03  2.546E-03  2.182E-03  1.878E-03  1.618E-03  1.393E-03  1.192E-03  1.001E-03  8.341E-04  6.938E-04  5.772E-04  4.808E-04  3.889E-04  3.194E-04  2.573E-04  2.099E-04  1.668E-04  1.326E-04  1.055E-04  8.366E-05  6.495E-05  4.983E-05  3.729E-05  2.775E-05  2.047E-05  1.495E-05  1.039E-05  7.268E-06  4.751E-06  2.963E-06  1.679E-06  7.534E-07  2.338E-07  3.171E-08  1.713E-09  2.933E-11  7.560E-14  2.038E-17  1.974E-23  0.000E+00  0.000E+00  0.000E+00  0.000E+00  0.000E+00  0.000E+00  0.000E+00  0.000E+00  0.000E+00  0.000E+00  0.000E+00  0.000E+00  0.000E+00  0.000E+00  0.000E+00
  349.5000  5.130E-03  4.623E-03  4.187E-03  3.811E-03  3.487E-03  3.023E-03  2.730E-03  2.367E-03  2.127E-03  1.823E-03  1.569E-03  1.351E-03  1.163E-03  9.954E-04  8.359E-04  6.961E-04  5.789E-04  4.815E-04  4.010E-04  3.243E-04  2.663E-04  2.145E-04  1.750E-04  1.390E-04  1.105E-04  8.788E-05  6.971E-05  5.412E-05  4.153E-05  3.108E-05  2.313E-05  1.707E-05  1.246E-05  8.667E-06  6.063E-06  3.966E-06  2.476E-06  1.406E-06  6.336E-07  1.982E-07  2.731E-08  1.515E-09  2.702E-11  7.423E-14  2.190E-17  2.417E-23  0.000E+00  0.000E+00  0.000E+00  0.000E+00  0.000E+00  0.000E+00  0.000E+00  0.000E+00  0.000E+00  0.000E+00  0.000E+00  0.000E+00  0.000E+00  0.000E+00  0.000E+00
  350.5000  7.208E-03  6.496E-03  5.883E-03  5.355E-03  4.900E-03  4.247E-03  3.836E-03  3.326E-03  2.988E-03  2.561E-03  2.203E-03  1.898E-03  1.634E-03  1.398E-03  1.173E-03  9.768E-04  8.122E-04  6.754E-04  5.624E-04  4.547E-04  3.733E-04  3.006E-04  2.451E-04  1.947E-04  1.548E-04  1.231E-04  9.764E-05  7.581E-05  5.818E-05  4.354E-05  3.242E-05  2.392E-05  1.748E-05  1.216E-05  8.512E-06  5.575E-06  3.488E-06  1.988E-06  9.020E-07  2.853E-07  4.000E-08  2.278E-09  4.225E-11  1.234E-13  3.972E-17  4.980E-23  0.000E+00  0.000E+00  0.000E+00  0.000E+00  0.000E+00  0.000E+00  0.000E+00  0.000E+00  0.000E+00  0.000E+00  0.000E+00  0.000E+00  0.000E+00  0.000E+00  0.000E+00
  351.5000  6.179E-03  5.567E-03  5.040E-03  4.587E-03  4.196E-03  3.636E-03  3.284E-03  2.846E-03  2.556E-03  2.191E-03  1.884E-03  1.623E-03  1.396E-03  1.195E-03  1.003E-03  8.347E-04  6.939E-04  5.770E-04  4.803E-04  3.883E-04  3.188E-04  2.566E-04  2.093E-04  1.662E-04  1.322E-04  1.051E-04  8.334E-05  6.470E-05  4.966E-05  3.717E-05  2.767E-05  2.042E-05  1.492E-05  1.038E-05  7.267E-06  4.760E-06  2.979E-06  1.700E-06  7.729E-07  2.459E-07  3.497E-08  2.043E-09  3.945E-11  1.227E-13  4.316E-17  6.147E-23  0.000E+00  0.000E+00  0.000E+00  0.000E+00  0.000E+00  0.000E+00  0.000E+00  0.000E+00  0.000E+00  0.000E+00  0.000E+00  0.000E+00  0.000E+00  0.000E+00  0.000E+00
  352.5000  5.600E-03  5.046E-03  4.569E-03  4.158E-03  3.804E-03  3.296E-03  2.976E-03  2.580E-03  2.317E-03  1.986E-03  1.708E-03  1.471E-03  1.266E-03  1.082E-03  9.083E-04  7.559E-04  6.282E-04  5.222E-04  4.346E-04  3.513E-04  2.883E-04  2.321E-04  1.892E-04  1.502E-04  1.194E-04  9.493E-05  7.531E-05  5.847E-05  4.488E-05  3.360E-05  2.502E-05  1.847E-05  1.350E-05  9.397E-06  6.583E-06  4.318E-06  2.709E-06  1.552E-06  7.109E-07  2.287E-07  3.310E-08  1.984E-09  3.979E-11  1.313E-13  5.024E-17  8.097E-23  0.000E+00  0.000E+00  0.000E+00  0.000E+00  0.000E+00  0.000E+00  0.000E+00  0.000E+00  0.000E+00  0.000E+00  0.000E+00  0.000E+00  0.000E+00  0.000E+00  0.000E+00
  353.5000  6.794E-03  6.122E-03  5.544E-03  5.046E-03  4.617E-03  4.000E-03  3.613E-03  3.131E-03  2.813E-03  2.410E-03  2.073E-03  1.785E-03  1.535E-03  1.313E-03  1.102E-03  9.168E-04  7.617E-04  6.331E-04  5.268E-04  4.256E-04  3.492E-04  2.810E-04  2.290E-04  1.818E-04  1.445E-04  1.149E-04  9.113E-05  7.076E-05  5.433E-05  4.068E-05  3.030E-05  2.237E-05  1.636E-05  1.139E-05  7.990E-06  5.250E-06  3.304E-06  1.902E-06  8.784E-07  2.861E-07  4.218E-08  2.593E-09  5.395E-11  1.886E-13  7.830E-17  1.425E-22  0.000E+00  0.000E+00  0.000E+00  0.000E+00  0.000E+00  0.000E+00  0.000E+00  0.000E+00  0.000E+00  0.000E+00  0.000E+00  0.000E+00  0.000E+00  0.000E+00  0.000E+00
  354.5000  7.402E-03  6.670E-03  6.040E-03  5.498E-03  5.031E-03  4.359E-03  3.937E-03  3.412E-03  3.065E-03  2.626E-03  2.258E-03  1.945E-03  1.672E-03  1.431E-03  1.200E-03  9.982E-04  8.292E-04  6.889E-04  5.731E-04  4.629E-04  3.797E-04  3.054E-04  2.489E-04  1.976E-04  1.570E-04  1.248E-04  9.900E-05  7.687E-05  5.904E-05  4.421E-05  3.294E-05  2.433E-05  1.780E-05  1.240E-05  8.704E-06  5.727E-06  3.613E-06  2.089E-06  9.724E-07  3.204E-07  4.809E-08  3.030E-09  6.540E-11  2.420E-13  1.090E-16  2.235E-22  0.000E+00  0.000E+00  0.000E+00  0.000E+00  0.000E+00  0.000E+00  0.000E+00  0.000E+00  0.000E+00  0.000E+00  0.000E+00  0.000E+00  0.000E+00  0.000E+00  0.000E+00
  355.5000  6.922E-03  6.238E-03  5.648E-03  5.141E-03  4.704E-03  4.075E-03  3.680E-03  3.189E-03  2.865E-03  2.454E-03  2.110E-03  1.817E-03  1.563E-03  1.336E-03  1.121E-03  9.319E-04  7.740E-04  6.429E-04  5.347E-04  4.318E-04  3.541E-04  2.848E-04  2.321E-04  1.842E-04  1.463E-04  1.163E-04  9.226E-05  7.164E-05  5.503E-05  4.121E-05  3.071E-05  2.269E-05  1.660E-05  1.157E-05  8.124E-06  5.350E-06  3.380E-06  1.959E-06  9.166E-07  3.046E-07  4.642E-08  2.997E-09  6.713E-11  2.632E-13  1.286E-16  2.972E-22  0.000E+00  0.000E+00  0.000E+00  0.000E+00  0.000E+00  0.000E+00  0.000E+00  0.000E+00  0.000E+00  0.000E+00  0.000E+00  0.000E+00  0.000E+00  0.000E+00  0.000E+00
  356.5000  6.422E-03  5.786E-03  5.239E-03  4.768E-03  4.362E-03  3.778E-03  3.412E-03  2.956E-03  2.655E-03  2.274E-03  1.955E-03  1.683E-03  1.447E-03  1.238E-03  1.038E-03  8.628E-04  7.164E-04  5.950E-04  4.948E-04  3.994E-04  3.275E-04  2.634E-04  2.146E-04  1.702E-04  1.353E-04  1.075E-04  8.527E-05  6.622E-05  5.086E-05  3.810E-05  2.840E-05  2.098E-05  1.535E-05  1.070E-05  7.519E-06  4.955E-06  3.135E-06  1.821E-06  8.555E-07  2.866E-07  4.433E-08  2.931E-09  6.811E-11  2.827E-13  1.498E-16  3.894E-22  0.000E+00  0.000E+00  0.000E+00  0.000E+00  0.000E+00  0.000E+00  0.000E+00  0.000E+00  0.000E+00  0.000E+00  0.000E+00  0.000E+00  0.000E+00  0.000E+00  0.000E+00
  357.5000  5.455E-03  4.914E-03  4.449E-03  4.048E-03  3.703E-03  3.207E-03  2.896E-03  2.509E-03  2.253E-03  1.929E-03  1.658E-03  1.427E-03  1.227E-03  1.049E-03  8.797E-04  7.312E-04  6.070E-04  5.040E-04  4.191E-04  3.382E-04  2.773E-04  2.229E-04  1.816E-04  1.441E-04  1.145E-04  9.096E-05  7.215E-05  5.603E-05  4.304E-05  3.224E-05  2.403E-05  1.776E-05  1.300E-05  9.064E-06  6.368E-06  4.199E-06  2.659E-06  1.548E-06  7.300E-07  2.463E-07  3.865E-08  2.617E-09  6.307E-11  2.770E-13  1.590E-16  4.643E-22  0.000E+00  0.000E+00  0.000E+00  0.000E+00  0.000E+00  0.000E+00  0.000E+00  0.000E+00  0.000E+00  0.000E+00  0.000E+00  0.000E+00  0.000E+00  0.000E+00  0.000E+00
  358.5000  4.224E-03  3.805E-03  3.445E-03  3.134E-03  2.867E-03  2.483E-03  2.242E-03  1.942E-03  1.744E-03  1.493E-03  1.284E-03  1.105E-03  9.491E-04  8.119E-04  6.805E-04  5.655E-04  4.694E-04  3.897E-04  3.239E-04  2.613E-04  2.142E-04  1.722E-04  1.402E-04  1.112E-04  8.835E-05  7.021E-05  5.569E-05  4.324E-05  3.323E-05  2.489E-05  1.856E-05  1.372E-05  1.004E-05  7.006E-06  4.925E-06  3.251E-06  2.063E-06  1.204E-06  5.714E-07  1.946E-07  3.103E-08  2.151E-09  5.367E-11  2.490E-13  1.544E-16  5.051E-22  0.000E+00  0.000E+00  0.000E+00  0.000E+00  0.000E+00  0.000E+00  0.000E+00  0.000E+00  0.000E+00  0.000E+00  0.000E+00  0.000E+00  0.000E+00  0.000E+00  0.000E+00
  359.5000  7.109E-03  6.404E-03  5.797E-03  5.274E-03  4.824E-03  4.177E-03  3.771E-03  3.266E-03  2.933E-03  2.511E-03  2.158E-03  1.857E-03  1.595E-03  1.364E-03  1.143E-03  9.501E-04  7.884E-04  6.543E-04  5.438E-04  4.387E-04  3.595E-04  2.889E-04  2.352E-04  1.866E-04  1.482E-04  1.177E-04  9.339E-05  7.252E-05  5.572E-05  4.175E-05  3.113E-05  2.301E-05  1.685E-05  1.176E-05  8.270E-06  5.462E-06  3.470E-06  2.031E-06  9.677E-07  3.322E-07  5.372E-08  3.810E-09  9.849E-11  4.825E-13  3.232E-16  1.184E-21  0.000E+00  0.000E+00  0.000E+00  0.000E+00  0.000E+00  0.000E+00  0.000E+00  0.000E+00  0.000E+00  0.000E+00  0.000E+00  0.000E+00  0.000E+00  0.000E+00  0.000E+00
  360.5000  6.593E-03  5.939E-03  5.375E-03  4.891E-03  4.473E-03  3.873E-03  3.496E-03  3.027E-03  2.718E-03  2.327E-03  2.000E-03  1.720E-03  1.478E-03  1.264E-03  1.059E-03  8.795E-04  7.296E-04  6.055E-04  5.031E-04  4.058E-04  3.325E-04  2.671E-04  2.175E-04  1.724E-04  1.369E-04  1.088E-04  8.630E-05  6.701E-05  5.150E-05  3.859E-05  2.878E-05  2.128E-05  1.558E-05  1.088E-05  7.652E-06  5.058E-06  3.218E-06  1.887E-06  9.034E-07  3.125E-07  5.127E-08  3.720E-09  9.954E-11  5.146E-13  3.720E-16  1.523E-21  0.000E+00  0.000E+00  0.000E+00  0.000E+00  0.000E+00  0.000E+00  0.000E+00  0.000E+00  0.000E+00  0.000E+00  0.000E+00  0.000E+00  0.000E+00  0.000E+00  0.000E+00
  361.5000  5.959E-03  5.367E-03  4.858E-03  4.419E-03  4.042E-03  3.499E-03  3.158E-03  2.735E-03  2.456E-03  2.102E-03  1.806E-03  1.554E-03  1.336E-03  1.141E-03  9.556E-04  7.937E-04  6.583E-04  5.462E-04  4.537E-04  3.658E-04  2.997E-04  2.407E-04  1.959E-04  1.553E-04  1.234E-04  9.800E-05  7.772E-05  6.036E-05  4.639E-05  3.476E-05  2.593E-05  1.918E-05  1.405E-05  9.809E-06  6.904E-06  4.568E-06  2.910E-06  1.712E-06  8.236E-07  2.874E-07  4.785E-08  3.551E-09  9.828E-11  5.355E-13  4.169E-16  1.904E-21  0.000E+00  0.000E+00  0.000E+00  0.000E+00  0.000E+00  0.000E+00  0.000E+00  0.000E+00  0.000E+00  0.000E+00  0.000E+00  0.000E+00  0.000E+00  0.000E+00  0.000E+00
  362.5000  7.007E-03  6.311E-03  5.712E-03  5.196E-03  4.752E-03  4.113E-03  3.713E-03  3.215E-03  2.886E-03  2.470E-03  2.122E-03  1.825E-03  1.568E-03  1.340E-03  1.122E-03  9.319E-04  7.728E-04  6.410E-04  5.324E-04  4.292E-04  3.515E-04  2.823E-04  2.297E-04  1.821E-04  1.446E-04  1.149E-04  9.108E-05  7.073E-05  5.437E-05  4.075E-05  3.040E-05  2.248E-05  1.648E-05  1.151E-05  8.103E-06  5.365E-06  3.423E-06  2.018E-06  9.757E-07  3.432E-07  5.796E-08  4.398E-09  1.258E-10  7.223E-13  6.054E-16  3.079E-21  0.000E+00  0.000E+00  0.000E+00  0.000E+00  0.000E+00  0.000E+00  0.000E+00  0.000E+00  0.000E+00  0.000E+00  0.000E+00  0.000E+00  0.000E+00  0.000E+00  0.000E+00
  363.5000  6.237E-03  5.618E-03  5.084E-03  4.624E-03  4.229E-03  3.660E-03  3.303E-03  2.860E-03  2.567E-03  2.197E-03  1.887E-03  1.623E-03  1.394E-03  1.191E-03  9.974E-04  8.280E-04  6.865E-04  5.693E-04  4.727E-04  3.810E-04  3.120E-04  2.505E-04  2.038E-04  1.615E-04  1.282E-04  1.019E-04  8.078E-05  6.273E-05  4.822E-05  3.615E-05  2.697E-05  1.995E-05  1.462E-05  1.022E-05  7.196E-06  4.768E-06  3.046E-06  1.800E-06  8.738E-07  3.097E-07  5.303E-08  4.112E-09  1.216E-10  7.350E-13  6.626E-16  3.749E-21  0.000E+00  0.000E+00  0.000E+00  0.000E+00  0.000E+00  0.000E+00  0.000E+00  0.000E+00  0.000E+00  0.000E+00  0.000E+00  0.000E+00  0.000E+00  0.000E+00  0.000E+00
  364.5000  6.801E-03  6.125E-03  5.542E-03  5.041E-03  4.609E-03  3.989E-03  3.600E-03  3.116E-03  2.797E-03  2.393E-03  2.055E-03  1.767E-03  1.518E-03  1.297E-03  1.086E-03  9.010E-04  7.469E-04  6.192E-04  5.141E-04  4.142E-04  3.391E-04  2.722E-04  2.215E-04  1.755E-04  1.393E-04  1.107E-04  8.775E-05  6.814E-05  5.239E-05  3.927E-05  2.930E-05  2.168E-05  1.589E-05  1.111E-05  7.825E-06  5.187E-06  3.318E-06  1.964E-06  9.572E-07  3.416E-07  5.927E-08  4.696E-09  1.435E-10  9.128E-13  8.844E-16  5.559E-21  0.000E+00  0.000E+00  0.000E+00  0.000E+00  0.000E+00  0.000E+00  0.000E+00  0.000E+00  0.000E+00  0.000E+00  0.000E+00  0.000E+00  0.000E+00  0.000E+00  0.000E+00
  365.5000  8.280E-03  7.456E-03  6.746E-03  6.135E-03  5.609E-03  4.853E-03  4.379E-03  3.790E-03  3.401E-03  2.909E-03  2.498E-03  2.148E-03  1.844E-03  1.576E-03  1.319E-03  1.095E-03  9.071E-04  7.519E-04  6.241E-04  5.028E-04  4.115E-04  3.303E-04  2.687E-04  2.129E-04  1.690E-04  1.342E-04  1.064E-04  8.264E-05  6.353E-05  4.763E-05  3.554E-05  2.630E-05  1.928E-05  1.348E-05  9.498E-06  6.300E-06  4.033E-06  2.392E-06  1.170E-06  4.201E-07  7.385E-08  5.977E-09  1.887E-10  1.262E-12  1.313E-15  9.159E-21  0.000E+00  0.000E+00  0.000E+00  0.000E+00  0.000E+00  0.000E+00  0.000E+00  0.000E+00  0.000E+00  0.000E+00  0.000E+00  0.000E+00  0.000E+00  0.000E+00  0.000E+00
  366.5000  8.774E-03  7.901E-03  7.148E-03  6.500E-03  5.942E-03  5.141E-03  4.638E-03  4.014E-03  3.602E-03  3.081E-03  2.645E-03  2.274E-03  1.953E-03  1.668E-03  1.396E-03  1.158E-03  9.594E-04  7.951E-04  6.599E-04  5.315E-04  4.349E-04  3.490E-04  2.838E-04  2.248E-04  1.784E-04  1.417E-04  1.124E-04  8.725E-05  6.709E-05  5.030E-05  3.754E-05  2.778E-05  2.038E-05  1.424E-05  1.004E-05  6.666E-06  4.273E-06  2.540E-06  1.247E-06  4.515E-07  8.043E-08  6.648E-09  2.166E-10  1.522E-12  1.698E-15  1.311E-20  0.000E+00  0.000E+00  0.000E+00  0.000E+00  0.000E+00  0.000E+00  0.000E+00  0.000E+00  0.000E+00  0.000E+00  0.000E+00  0.000E+00  0.000E+00  0.000E+00  0.000E+00
  367.5000  8.342E-03  7.511E-03  6.795E-03  6.179E-03  5.648E-03  4.886E-03  4.408E-03  3.814E-03  3.422E-03  2.927E-03  2.513E-03  2.160E-03  1.852E-03  1.584E-03  1.325E-03  1.099E-03  9.105E-04  7.544E-04  6.260E-04  5.041E-04  4.124E-04  3.309E-04  2.690E-04  2.131E-04  1.691E-04  1.343E-04  1.064E-04  8.267E-05  6.357E-05  4.767E-05  3.558E-05  2.634E-05  1.932E-05  1.351E-05  9.528E-06  6.329E-06  4.062E-06  2.420E-06  1.194E-06  4.352E-07  7.857E-08  6.629E-09  2.229E-10  1.644E-12  1.964E-15  1.678E-20  0.000E+00  0.000E+00  0.000E+00  0.000E+00  0.000E+00  0.000E+00  0.000E+00  0.000E+00  0.000E+00  0.000E+00  0.000E+00  0.000E+00  0.000E+00  0.000E+00  0.000E+00
  368.5000  7.329E-03  6.599E-03  5.969E-03  5.427E-03  4.961E-03  4.291E-03  3.871E-03  3.349E-03  3.004E-03  2.569E-03  2.205E-03  1.895E-03  1.625E-03  1.389E-03  1.162E-03  9.638E-04  7.982E-04  6.613E-04  5.486E-04  4.416E-04  3.612E-04  2.898E-04  2.356E-04  1.865E-04  1.480E-04  1.175E-04  9.317E-05  7.235E-05  5.564E-05  4.173E-05  3.115E-05  2.306E-05  1.692E-05  1.183E-05  8.349E-06  5.549E-06  3.565E-06  2.128E-06  1.053E-06  3.867E-07  7.071E-08  6.089E-09  2.112E-10  1.634E-12  2.090E-15  1.972E-20  0.000E+00  0.000E+00  0.000E+00  0.000E+00  0.000E+00  0.000E+00  0.000E+00  0.000E+00  0.000E+00  0.000E+00  0.000E+00  0.000E+00  0.000E+00  0.000E+00  0.000E+00
  369.5000  8.794E-03  7.917E-03  7.161E-03  6.510E-03  5.950E-03  5.146E-03  4.641E-03  4.015E-03  3.602E-03  3.080E-03  2.643E-03  2.271E-03  1.947E-03  1.664E-03  1.392E-03  1.154E-03  9.557E-04  7.916E-04  6.565E-04  5.284E-04  4.321E-04  3.466E-04  2.817E-04  2.230E-04  1.769E-04  1.405E-04  1.114E-04  8.648E-05  6.651E-05  4.988E-05  3.724E-05  2.758E-05  2.023E-05  1.416E-05  9.990E-06  6.644E-06  4.273E-06  2.555E-06  1.270E-06  4.692E-07  8.689E-08  7.635E-09  2.730E-10  2.215E-12  3.029E-15  3.154E-20  0.000E+00  0.000E+00  0.000E+00  0.000E+00  0.000E+00  0.000E+00  0.000E+00  0.000E+00  0.000E+00  0.000E+00  0.000E+00  0.000E+00  0.000E+00  0.000E+00  0.000E+00
  370.5000  7.980E-03  7.183E-03  6.497E-03  5.906E-03  5.397E-03  4.667E-03  4.209E-03  3.641E-03  3.266E-03  2.792E-03  2.395E-03  2.058E-03  1.765E-03  1.508E-03  1.261E-03  1.045E-03  8.653E-04  7.165E-04  5.942E-04  4.781E-04  3.909E-04  3.135E-04  2.547E-04  2.017E-04  1.600E-04  1.270E-04  1.007E-04  7.817E-05  6.012E-05  4.510E-05  3.367E-05  2.494E-05  1.830E-05  1.281E-05  9.040E-06  6.015E-06  3.873E-06  2.320E-06  1.157E-06  4.304E-07  8.070E-08  7.233E-09  2.665E-10  2.267E-12  3.311E-15  3.799E-20  0.000E+00  0.000E+00  0.000E+00  0.000E+00  0.000E+00  0.000E+00  0.000E+00  0.000E+00  0.000E+00  0.000E+00  0.000E+00  0.000E+00  0.000E+00  0.000E+00  0.000E+00
  371.5000  9.134E-03  8.222E-03  7.436E-03  6.759E-03  6.176E-03  5.340E-03  4.815E-03  4.165E-03  3.735E-03  3.192E-03  2.739E-03  2.353E-03  2.018E-03  1.723E-03  1.441E-03  1.194E-03  9.884E-04  8.183E-04  6.784E-04  5.458E-04  4.462E-04  3.577E-04  2.906E-04  2.300E-04  1.824E-04  1.448E-04  1.148E-04  8.914E-05  6.857E-05  5.143E-05  3.841E-05  2.845E-05  2.088E-05  1.462E-05  1.032E-05  6.871E-06  4.429E-06  2.658E-06  1.331E-06  4.982E-07  9.456E-08  8.644E-09  3.281E-10  2.922E-12  4.556E-15  5.751E-20  0.000E+00  0.000E+00  0.000E+00  0.000E+00  0.000E+00  0.000E+00  0.000E+00  0.000E+00  0.000E+00  0.000E+00  0.000E+00  0.000E+00  0.000E+00  0.000E+00  0.000E+00
  372.5000  6.750E-03  6.076E-03  5.494E-03  4.994E-03  4.563E-03  3.945E-03  3.557E-03  3.076E-03  2.758E-03  2.357E-03  2.022E-03  1.737E-03  1.491E-03  1.271E-03  1.063E-03  8.808E-04  7.289E-04  6.033E-04  5.001E-04  4.022E-04  3.287E-04  2.635E-04  2.140E-04  1.694E-04  1.343E-04  1.066E-04  8.451E-05  6.563E-05  5.048E-05  3.787E-05  2.828E-05  2.095E-05  1.538E-05  1.077E-05  7.607E-06  5.067E-06  3.269E-06  1.966E-06  9.876E-07  3.722E-07  7.152E-08  6.665E-09  2.605E-10  2.428E-12  4.037E-15  5.600E-20  0.000E+00  0.000E+00  0.000E+00  0.000E+00  0.000E+00  0.000E+00  0.000E+00  0.000E+00  0.000E+00  0.000E+00  0.000E+00  0.000E+00  0.000E+00  0.000E+00  0.000E+00
  373.5000  6.101E-03  5.491E-03  4.965E-03  4.512E-03  4.122E-03  3.563E-03  3.212E-03  2.777E-03  2.490E-03  2.128E-03  1.825E-03  1.568E-03  1.344E-03  1.147E-03  9.589E-04  7.944E-04  6.573E-04  5.439E-04  4.508E-04  3.625E-04  2.962E-04  2.374E-04  1.928E-04  1.525E-04  1.209E-04  9.600E-05  7.608E-05  5.908E-05  4.545E-05  3.410E-05  2.547E-05  1.887E-05  1.385E-05  9.702E-06  6.855E-06  4.569E-06  2.950E-06  1.777E-06  8.957E-07  3.396E-07  6.603E-08  6.273E-09  2.524E-10  2.461E-12  4.360E-15  6.639E-20  0.000E+00  0.000E+00  0.000E+00  0.000E+00  0.000E+00  0.000E+00  0.000E+00  0.000E+00  0.000E+00  0.000E+00  0.000E+00  0.000E+00  0.000E+00  0.000E+00  0.000E+00
  374.5000  6.696E-03  6.026E-03  5.448E-03  4.950E-03  4.522E-03  3.909E-03  3.523E-03  3.046E-03  2.731E-03  2.333E-03  2.001E-03  1.718E-03  1.473E-03  1.257E-03  1.050E-03  8.701E-04  7.197E-04  5.955E-04  4.934E-04  3.967E-04  3.241E-04  2.597E-04  2.109E-04  1.668E-04  1.322E-04  1.050E-04  8.317E-05  6.459E-05  4.969E-05  3.728E-05  2.785E-05  2.064E-05  1.515E-05  1.061E-05  7.501E-06  5.002E-06  3.233E-06  1.951E-06  9.865E-07  3.763E-07  7.403E-08  7.167E-09  2.968E-10  3.024E-12  5.705E-15  9.523E-20  0.000E+00  0.000E+00  0.000E+00  0.000E+00  0.000E+00  0.000E+00  0.000E+00  0.000E+00  0.000E+00  0.000E+00  0.000E+00  0.000E+00  0.000E+00  0.000E+00  0.000E+00
  375.5000  7.558E-03  6.802E-03  6.149E-03  5.587E-03  5.103E-03  4.411E-03  3.975E-03  3.436E-03  3.080E-03  2.631E-03  2.256E-03  1.937E-03  1.661E-03  1.417E-03  1.184E-03  9.803E-04  8.107E-04  6.707E-04  5.556E-04  4.466E-04  3.647E-04  2.922E-04  2.372E-04  1.876E-04  1.487E-04  1.180E-04  9.353E-05  7.263E-05  5.588E-05  4.193E-05  3.133E-05  2.321E-05  1.705E-05  1.194E-05  8.444E-06  5.634E-06  3.646E-06  2.203E-06  1.118E-06  4.292E-07  8.543E-08  8.426E-09  3.588E-10  3.820E-12  7.664E-15  1.401E-19  0.000E+00  0.000E+00  0.000E+00  0.000E+00  0.000E+00  0.000E+00  0.000E+00  0.000E+00  0.000E+00  0.000E+00  0.000E+00  0.000E+00  0.000E+00  0.000E+00  0.000E+00
  376.5000  7.551E-03  6.795E-03  6.142E-03  5.580E-03  5.096E-03  4.404E-03  3.969E-03  3.430E-03  3.075E-03  2.626E-03  2.252E-03  1.933E-03  1.659E-03  1.413E-03  1.181E-03  9.774E-04  8.082E-04  6.684E-04  5.536E-04  4.449E-04  3.633E-04  2.910E-04  2.362E-04  1.868E-04  1.480E-04  1.175E-04  9.308E-05  7.228E-05  5.561E-05  4.173E-05  3.118E-05  2.311E-05  1.698E-05  1.190E-05  8.412E-06  5.616E-06  3.637E-06  2.202E-06  1.121E-06  4.330E-07  8.719E-08  8.759E-09  3.835E-10  4.263E-12  9.088E-15  1.817E-19  0.000E+00  0.000E+00  0.000E+00  0.000E+00  0.000E+00  0.000E+00  0.000E+00  0.000E+00  0.000E+00  0.000E+00  0.000E+00  0.000E+00  0.000E+00  0.000E+00  0.000E+00
  377.5000  8.994E-03  8.094E-03  7.315E-03  6.645E-03  6.069E-03  5.244E-03  4.725E-03  4.083E-03  3.660E-03  3.125E-03  2.679E-03  2.300E-03  1.974E-03  1.681E-03  1.404E-03  1.162E-03  9.606E-04  7.943E-04  6.577E-04  5.284E-04  4.314E-04  3.455E-04  2.804E-04  2.217E-04  1.757E-04  1.394E-04  1.104E-04  8.576E-05  6.599E-05  4.952E-05  3.701E-05  2.743E-05  2.015E-05  1.413E-05  9.992E-06  6.673E-06  4.326E-06  2.623E-06  1.340E-06  5.207E-07  1.060E-07  1.085E-08  4.882E-10  5.662E-12  1.282E-14  2.799E-19  0.000E+00  0.000E+00  0.000E+00  0.000E+00  0.000E+00  0.000E+00  0.000E+00  0.000E+00  0.000E+00  0.000E+00  0.000E+00  0.000E+00  0.000E+00  0.000E+00  0.000E+00
  378.5000  9.804E-03  8.822E-03  7.973E-03  7.242E-03  6.613E-03  5.714E-03  5.148E-03  4.448E-03  3.986E-03  3.403E-03  2.917E-03  2.504E-03  2.148E-03  1.829E-03  1.527E-03  1.264E-03  1.045E-03  8.637E-04  7.151E-04  5.744E-04  4.689E-04  3.754E-04  3.046E-04  2.408E-04  1.908E-04  1.514E-04  1.199E-04  9.311E-05  7.165E-05  5.378E-05  4.019E-05  2.979E-05  2.189E-05  1.535E-05  1.086E-05  7.256E-06  4.708E-06  2.859E-06  1.465E-06  5.727E-07  1.179E-07  1.228E-08  5.680E-10  6.870E-12  1.650E-14  3.932E-19  0.000E+00  0.000E+00  0.000E+00  0.000E+00  0.000E+00  0.000E+00  0.000E+00  0.000E+00  0.000E+00  0.000E+00  0.000E+00  0.000E+00  0.000E+00  0.000E+00  0.000E+00
  379.5000  7.254E-03  6.527E-03  5.898E-03  5.357E-03  4.891E-03  4.225E-03  3.806E-03  3.288E-03  2.946E-03  2.515E-03  2.156E-03  1.850E-03  1.586E-03  1.351E-03  1.128E-03  9.334E-04  7.713E-04  6.375E-04  5.277E-04  4.238E-04  3.458E-04  2.768E-04  2.246E-04  1.775E-04  1.406E-04  1.116E-04  8.838E-05  6.862E-05  5.281E-05  3.964E-05  2.963E-05  2.197E-05  1.614E-05  1.132E-05  8.010E-06  5.355E-06  3.478E-06  2.115E-06  1.087E-06  4.274E-07  8.899E-08  9.433E-09  4.481E-10  5.648E-12  1.439E-14  3.736E-19  0.000E+00  0.000E+00  0.000E+00  0.000E+00  0.000E+00  0.000E+00  0.000E+00  0.000E+00  0.000E+00  0.000E+00  0.000E+00  0.000E+00  0.000E+00  0.000E+00  0.000E+00
  380.5000  8.727E-03  7.851E-03  7.094E-03  6.443E-03  5.882E-03  5.081E-03  4.577E-03  3.953E-03  3.542E-03  3.023E-03  2.591E-03  2.223E-03  1.906E-03  1.623E-03  1.355E-03  1.121E-03  9.259E-04  7.651E-04  6.331E-04  5.083E-04  4.148E-04  3.319E-04  2.692E-04  2.128E-04  1.685E-04  1.337E-04  1.059E-04  8.222E-05  6.328E-05  4.750E-05  3.551E-05  2.633E-05  1.935E-05  1.357E-05  9.608E-06  6.426E-06  4.177E-06  2.544E-06  1.312E-06  5.187E-07  1.092E-07  1.178E-08  5.744E-10  7.543E-12  2.035E-14  5.753E-19  0.000E+00  0.000E+00  0.000E+00  0.000E+00  0.000E+00  0.000E+00  0.000E+00  0.000E+00  0.000E+00  0.000E+00  0.000E+00  0.000E+00  0.000E+00  0.000E+00  0.000E+00
  381.5000  8.203E-03  7.379E-03  6.667E-03  6.054E-03  5.527E-03  4.774E-03  4.299E-03  3.713E-03  3.326E-03  2.839E-03  2.432E-03  2.087E-03  1.790E-03  1.523E-03  1.271E-03  1.051E-03  8.684E-04  7.174E-04  5.936E-04  4.765E-04  3.887E-04  3.110E-04  2.522E-04  1.993E-04  1.578E-04  1.252E-04  9.915E-05  7.698E-05  5.925E-05  4.448E-05  3.325E-05  2.466E-05  1.813E-05  1.272E-05  9.004E-06  6.025E-06  3.920E-06  2.391E-06  1.237E-06  4.918E-07  1.046E-07  1.148E-08  5.748E-10  7.859E-12  2.245E-14  6.900E-19  0.000E+00  0.000E+00  0.000E+00  0.000E+00  0.000E+00  0.000E+00  0.000E+00  0.000E+00  0.000E+00  0.000E+00  0.000E+00  0.000E+00  0.000E+00  0.000E+00  0.000E+00
  382.5000  5.467E-03  4.918E-03  4.443E-03  4.034E-03  3.682E-03  3.180E-03  2.864E-03  2.473E-03  2.215E-03  1.890E-03  1.619E-03  1.389E-03  1.191E-03  1.013E-03  8.456E-04  6.993E-04  5.775E-04  4.770E-04  3.946E-04  3.167E-04  2.583E-04  2.066E-04  1.675E-04  1.323E-04  1.048E-04  8.312E-05  6.583E-05  5.110E-05  3.933E-05  2.953E-05  2.208E-05  1.638E-05  1.204E-05  8.448E-06  5.983E-06  4.006E-06  2.608E-06  1.593E-06  8.268E-07  3.305E-07  7.107E-08  7.934E-09  4.075E-10  5.797E-12  1.751E-14  5.849E-19  0.000E+00  0.000E+00  0.000E+00  0.000E+00  0.000E+00  0.000E+00  0.000E+00  0.000E+00  0.000E+00  0.000E+00  0.000E+00  0.000E+00  0.000E+00  0.000E+00  0.000E+00
  383.5000  4.802E-03  4.319E-03  3.902E-03  3.542E-03  3.233E-03  2.792E-03  2.514E-03  2.171E-03  1.944E-03  1.658E-03  1.421E-03  1.218E-03  1.044E-03  8.887E-04  7.413E-04  6.129E-04  5.061E-04  4.179E-04  3.456E-04  2.773E-04  2.261E-04  1.809E-04  1.466E-04  1.158E-04  9.170E-05  7.272E-05  5.758E-05  4.470E-05  3.441E-05  2.583E-05  1.932E-05  1.433E-05  1.054E-05  7.395E-06  5.238E-06  3.509E-06  2.286E-06  1.399E-06  7.280E-07  2.926E-07  6.358E-08  7.218E-09  3.802E-10  5.627E-12  1.797E-14  6.512E-19  0.000E+00  0.000E+00  0.000E+00  0.000E+00  0.000E+00  0.000E+00  0.000E+00  0.000E+00  0.000E+00  0.000E+00  0.000E+00  0.000E+00  0.000E+00  0.000E+00  0.000E+00
  384.5000  7.208E-03  6.483E-03  5.856E-03  5.316E-03  4.851E-03  4.189E-03  3.771E-03  3.256E-03  2.915E-03  2.487E-03  2.130E-03  1.826E-03  1.566E-03  1.332E-03  1.111E-03  9.182E-04  7.580E-04  6.258E-04  5.175E-04  4.151E-04  3.384E-04  2.706E-04  2.193E-04  1.732E-04  1.371E-04  1.087E-04  8.610E-05  6.684E-05  5.145E-05  3.863E-05  2.889E-05  2.143E-05  1.576E-05  1.106E-05  7.839E-06  5.253E-06  3.426E-06  2.099E-06  1.096E-06  4.427E-07  9.721E-08  1.122E-08  6.060E-10  9.322E-12  3.144E-14  1.235E-18  0.000E+00  0.000E+00  0.000E+00  0.000E+00  0.000E+00  0.000E+00  0.000E+00  0.000E+00  0.000E+00  0.000E+00  0.000E+00  0.000E+00  0.000E+00  0.000E+00  0.000E+00
  385.5000  7.133E-03  6.416E-03  5.795E-03  5.260E-03  4.799E-03  4.144E-03  3.730E-03  3.220E-03  2.883E-03  2.459E-03  2.106E-03  1.805E-03  1.548E-03  1.316E-03  1.097E-03  9.069E-04  7.485E-04  6.179E-04  5.108E-04  4.096E-04  3.339E-04  2.669E-04  2.163E-04  1.708E-04  1.352E-04  1.072E-04  8.487E-05  6.588E-05  5.071E-05  3.808E-05  2.848E-05  2.113E-05  1.554E-05  1.091E-05  7.734E-06  5.185E-06  3.384E-06  2.077E-06  1.087E-06  4.415E-07  9.795E-08  1.149E-08  6.363E-10  1.017E-11  3.620E-14  1.540E-18  0.000E+00  0.000E+00  0.000E+00  0.000E+00  0.000E+00  0.000E+00  0.000E+00  0.000E+00  0.000E+00  0.000E+00  0.000E+00  0.000E+00  0.000E+00  0.000E+00  0.000E+00
  386.5000  7.273E-03  6.541E-03  5.907E-03  5.362E-03  4.892E-03  4.223E-03  3.801E-03  3.281E-03  2.937E-03  2.505E-03  2.144E-03  1.838E-03  1.575E-03  1.340E-03  1.117E-03  9.228E-04  7.614E-04  6.284E-04  5.194E-04  4.165E-04  3.394E-04  2.712E-04  2.198E-04  1.735E-04  1.373E-04  1.089E-04  8.619E-05  6.690E-05  5.150E-05  3.867E-05  2.893E-05  2.147E-05  1.579E-05  1.109E-05  7.861E-06  5.272E-06  3.444E-06  2.116E-06  1.111E-06  4.536E-07  1.016E-07  1.212E-08  6.877E-10  1.141E-11  4.285E-14  1.972E-18  0.000E+00  0.000E+00  0.000E+00  0.000E+00  0.000E+00  0.000E+00  0.000E+00  0.000E+00  0.000E+00  0.000E+00  0.000E+00  0.000E+00  0.000E+00  0.000E+00  0.000E+00
  387.5000  6.761E-03  6.080E-03  5.490E-03  4.983E-03  4.546E-03  3.924E-03  3.531E-03  3.047E-03  2.728E-03  2.326E-03  1.991E-03  1.706E-03  1.462E-03  1.243E-03  1.036E-03  8.561E-04  7.062E-04  5.827E-04  4.815E-04  3.860E-04  3.145E-04  2.513E-04  2.036E-04  1.607E-04  1.272E-04  1.008E-04  7.979E-05  6.194E-05  4.768E-05  3.581E-05  2.679E-05  1.988E-05  1.463E-05  1.027E-05  7.284E-06  4.887E-06  3.195E-06  1.966E-06  1.035E-06  4.247E-07  9.613E-08  1.165E-08  6.769E-10  1.166E-11  4.614E-14  2.296E-18  0.000E+00  0.000E+00  0.000E+00  0.000E+00  0.000E+00  0.000E+00  0.000E+00  0.000E+00  0.000E+00  0.000E+00  0.000E+00  0.000E+00  0.000E+00  0.000E+00  0.000E+00
  388.5000  6.778E-03  6.095E-03  5.503E-03  4.994E-03  4.555E-03  3.932E-03  3.538E-03  3.053E-03  2.732E-03  2.329E-03  1.994E-03  1.708E-03  1.463E-03  1.244E-03  1.037E-03  8.565E-04  7.064E-04  5.828E-04  4.815E-04  3.859E-04  3.143E-04  2.511E-04  2.034E-04  1.605E-04  1.270E-04  1.007E-04  7.967E-05  6.184E-05  4.761E-05  3.576E-05  2.675E-05  1.985E-05  1.461E-05  1.026E-05  7.279E-06  4.886E-06  3.196E-06  1.969E-06  1.039E-06  4.288E-07  9.801E-08  1.206E-08  7.181E-10  1.283E-11  5.348E-14  2.873E-18  0.000E+00  0.000E+00  0.000E+00  0.000E+00  0.000E+00  0.000E+00  0.000E+00  0.000E+00  0.000E+00  0.000E+00  0.000E+00  0.000E+00  0.000E+00  0.000E+00  0.000E+00
  389.5000  8.550E-03  7.687E-03  6.941E-03  6.298E-03  5.744E-03  4.957E-03  4.460E-03  3.848E-03  3.443E-03  2.935E-03  2.512E-03  2.152E-03  1.842E-03  1.567E-03  1.306E-03  1.078E-03  8.891E-04  7.333E-04  6.057E-04  4.853E-04  3.952E-04  3.157E-04  2.556E-04  2.017E-04  1.596E-04  1.265E-04  1.001E-04  7.769E-05  5.981E-05  4.492E-05  3.361E-05  2.495E-05  1.836E-05  1.290E-05  9.152E-06  6.146E-06  4.024E-06  2.482E-06  1.314E-06  5.446E-07  1.257E-07  1.572E-08  9.577E-10  1.775E-11  7.785E-14  4.512E-18  0.000E+00  0.000E+00  0.000E+00  0.000E+00  0.000E+00  0.000E+00  0.000E+00  0.000E+00  0.000E+00  0.000E+00  0.000E+00  0.000E+00  0.000E+00  0.000E+00  0.000E+00
  390.5000  8.400E-03  7.553E-03  6.819E-03  6.186E-03  5.642E-03  4.868E-03  4.380E-03  3.778E-03  3.380E-03  2.881E-03  2.465E-03  2.112E-03  1.808E-03  1.537E-03  1.281E-03  1.057E-03  8.716E-04  7.188E-04  5.935E-04  4.755E-04  3.871E-04  3.092E-04  2.503E-04  1.975E-04  1.562E-04  1.238E-04  9.795E-05  7.603E-05  5.853E-05  4.397E-05  3.290E-05  2.442E-05  1.798E-05  1.263E-05  8.963E-06  6.022E-06  3.945E-06  2.437E-06  1.293E-06  5.388E-07  1.256E-07  1.594E-08  9.943E-10  1.910E-11  8.811E-14  5.504E-18  0.000E+00  0.000E+00  0.000E+00  0.000E+00  0.000E+00  0.000E+00  0.000E+00  0.000E+00  0.000E+00  0.000E+00  0.000E+00  0.000E+00  0.000E+00  0.000E+00  0.000E+00
  391.5000  9.969E-03  8.963E-03  8.091E-03  7.340E-03  6.694E-03  5.775E-03  5.195E-03  4.481E-03  4.008E-03  3.416E-03  2.922E-03  2.503E-03  2.143E-03  1.821E-03  1.517E-03  1.252E-03  1.032E-03  8.509E-04  7.025E-04  5.627E-04  4.580E-04  3.657E-04  2.960E-04  2.335E-04  1.847E-04  1.463E-04  1.158E-04  8.986E-05  6.918E-05  5.197E-05  3.889E-05  2.887E-05  2.126E-05  1.494E-05  1.060E-05  7.126E-06  4.672E-06  2.890E-06  1.538E-06  6.437E-07  1.515E-07  1.953E-08  1.246E-09  2.480E-11  1.202E-13  8.086E-18  0.000E+00  0.000E+00  0.000E+00  0.000E+00  0.000E+00  0.000E+00  0.000E+00  0.000E+00  0.000E+00  0.000E+00  0.000E+00  0.000E+00  0.000E+00  0.000E+00  0.000E+00
  392.5000  7.478E-03  6.723E-03  6.069E-03  5.505E-03  5.019E-03  4.330E-03  3.895E-03  3.359E-03  3.004E-03  2.560E-03  2.190E-03  1.875E-03  1.605E-03  1.364E-03  1.136E-03  9.374E-04  7.725E-04  6.368E-04  5.256E-04  4.209E-04  3.425E-04  2.734E-04  2.213E-04  1.745E-04  1.380E-04  1.093E-04  8.650E-05  6.713E-05  5.168E-05  3.883E-05  2.906E-05  2.158E-05  1.589E-05  1.117E-05  7.928E-06  5.330E-06  3.497E-06  2.166E-06  1.155E-06  4.860E-07  1.154E-07  1.511E-08  9.859E-10  2.032E-11  1.035E-13  7.488E-18  0.000E+00  0.000E+00  0.000E+00  0.000E+00  0.000E+00  0.000E+00  0.000E+00  0.000E+00  0.000E+00  0.000E+00  0.000E+00  0.000E+00  0.000E+00  0.000E+00  0.000E+00
  393.5000  3.252E-03  2.923E-03  2.639E-03  2.393E-03  2.182E-03  1.882E-03  1.693E-03  1.460E-03  1.305E-03  1.112E-03  9.510E-04  8.143E-04  6.966E-04  5.922E-04  4.931E-04  4.068E-04  3.352E-04  2.762E-04  2.280E-04  1.825E-04  1.485E-04  1.185E-04  9.589E-05  7.561E-05  5.978E-05  4.736E-05  3.746E-05  2.907E-05  2.238E-05  1.682E-05  1.259E-05  9.347E-06  6.883E-06  4.840E-06  3.436E-06  2.311E-06  1.517E-06  9.409E-07  5.031E-07  2.127E-07  5.098E-08  6.771E-09  4.519E-10  9.641E-12  5.155E-14  4.008E-18  0.000E+00  0.000E+00  0.000E+00  0.000E+00  0.000E+00  0.000E+00  0.000E+00  0.000E+00  0.000E+00  0.000E+00  0.000E+00  0.000E+00  0.000E+00  0.000E+00  0.000E+00
  394.5000  7.654E-03  6.880E-03  6.210E-03  5.632E-03  5.134E-03  4.428E-03  3.982E-03  3.433E-03  3.070E-03  2.615E-03  2.236E-03  1.914E-03  1.637E-03  1.392E-03  1.158E-03  9.556E-04  7.871E-04  6.485E-04  5.351E-04  4.283E-04  3.484E-04  2.780E-04  2.249E-04  1.773E-04  1.401E-04  1.110E-04  8.782E-05  6.814E-05  5.247E-05  3.942E-05  2.951E-05  2.192E-05  1.614E-05  1.135E-05  8.060E-06  5.423E-06  3.563E-06  2.212E-06  1.186E-06  5.035E-07  1.218E-07  1.642E-08  1.120E-09  2.473E-11  1.387E-13  1.158E-17  0.000E+00  0.000E+00  0.000E+00  0.000E+00  0.000E+00  0.000E+00  0.000E+00  0.000E+00  0.000E+00  0.000E+00  0.000E+00  0.000E+00  0.000E+00  0.000E+00  0.000E+00
  395.5000  9.851E-03  8.854E-03  7.991E-03  7.246E-03  6.605E-03  5.696E-03  5.121E-03  4.415E-03  3.947E-03  3.362E-03  2.874E-03  2.460E-03  2.103E-03  1.788E-03  1.488E-03  1.227E-03  1.011E-03  8.326E-04  6.868E-04  5.496E-04  4.470E-04  3.566E-04  2.884E-04  2.273E-04  1.797E-04  1.423E-04  1.126E-04  8.734E-05  6.725E-05  5.053E-05  3.782E-05  2.810E-05  2.069E-05  1.456E-05  1.034E-05  6.959E-06  4.575E-06  2.844E-06  1.528E-06  6.519E-07  1.591E-07  2.176E-08  1.517E-09  3.464E-11  2.037E-13  1.825E-17  0.000E+00  0.000E+00  0.000E+00  0.000E+00  0.000E+00  0.000E+00  0.000E+00  0.000E+00  0.000E+00  0.000E+00  0.000E+00  0.000E+00  0.000E+00  0.000E+00  0.000E+00
  396.5000  5.786E-03  5.201E-03  4.693E-03  4.255E-03  3.878E-03  3.344E-03  3.007E-03  2.592E-03  2.317E-03  1.973E-03  1.686E-03  1.443E-03  1.234E-03  1.049E-03  8.725E-04  7.194E-04  5.924E-04  4.879E-04  4.023E-04  3.219E-04  2.617E-04  2.088E-04  1.688E-04  1.330E-04  1.051E-04  8.326E-05  6.585E-05  5.109E-05  3.934E-05  2.956E-05  2.213E-05  1.644E-05  1.211E-05  8.520E-06  6.052E-06  4.076E-06  2.681E-06  1.668E-06  8.988E-07  3.852E-07  9.487E-08  1.316E-08  9.377E-10  2.213E-11  1.364E-13  1.310E-17  0.000E+00  0.000E+00  0.000E+00  0.000E+00  0.000E+00  0.000E+00  0.000E+00  0.000E+00  0.000E+00  0.000E+00  0.000E+00  0.000E+00  0.000E+00  0.000E+00  0.000E+00
  397.5000  6.680E-03  6.003E-03  5.417E-03  4.911E-03  4.476E-03  3.859E-03  3.469E-03  2.990E-03  2.672E-03  2.275E-03  1.944E-03  1.664E-03  1.422E-03  1.209E-03  1.005E-03  8.289E-04  6.823E-04  5.618E-04  4.632E-04  3.705E-04  3.012E-04  2.402E-04  1.942E-04  1.530E-04  1.209E-04  9.573E-05  7.570E-05  5.873E-05  4.522E-05  3.398E-05  2.544E-05  1.890E-05  1.393E-05  9.800E-06  6.963E-06  4.691E-06  3.088E-06  1.924E-06  1.039E-06  4.473E-07  1.111E-07  1.564E-08  1.138E-09  2.775E-11  1.791E-13  1.842E-17  0.000E+00  0.000E+00  0.000E+00  0.000E+00  0.000E+00  0.000E+00  0.000E+00  0.000E+00  0.000E+00  0.000E+00  0.000E+00  0.000E+00  0.000E+00  0.000E+00  0.000E+00
  398.5000  1.148E-02  1.032E-02  9.310E-03  8.440E-03  7.691E-03  6.631E-03  5.960E-03  5.136E-03  4.590E-03  3.907E-03  3.339E-03  2.856E-03  2.441E-03  2.074E-03  1.725E-03  1.422E-03  1.170E-03  9.634E-04  7.942E-04  6.351E-04  5.161E-04  4.115E-04  3.326E-04  2.620E-04  2.070E-04  1.639E-04  1.296E-04  1.005E-04  7.742E-05  5.818E-05  4.356E-05  3.237E-05  2.385E-05  1.679E-05  1.193E-05  8.039E-06  5.296E-06  3.303E-06  1.788E-06  7.732E-07  1.938E-07  2.765E-08  2.055E-09  5.176E-11  3.496E-13  3.849E-17  0.000E+00  0.000E+00  0.000E+00  0.000E+00  0.000E+00  0.000E+00  0.000E+00  0.000E+00  0.000E+00  0.000E+00  0.000E+00  0.000E+00  0.000E+00  0.000E+00  0.000E+00
  399.5000  1.195E-02  1.074E-02  9.685E-03  8.779E-03  7.999E-03  6.896E-03  6.197E-03  5.340E-03  4.771E-03  4.061E-03  3.470E-03  2.968E-03  2.536E-03  2.155E-03  1.792E-03  1.476E-03  1.215E-03  9.998E-04  8.241E-04  6.588E-04  5.353E-04  4.267E-04  3.449E-04  2.716E-04  2.145E-04  1.698E-04  1.343E-04  1.042E-04  8.021E-05  6.028E-05  4.514E-05  3.355E-05  2.472E-05  1.740E-05  1.237E-05  8.338E-06  5.497E-06  3.432E-06  1.862E-06  8.088E-07  2.045E-07  2.958E-08  2.244E-09  5.837E-11  4.123E-13  4.855E-17  0.000E+00  0.000E+00  0.000E+00  0.000E+00  0.000E+00  0.000E+00  0.000E+00  0.000E+00  0.000E+00  0.000E+00  0.000E+00  0.000E+00  0.000E+00  0.000E+00  0.000E+00
------------------------------------------------------------
Dose rates,W m-2
   1 = UV index (WMO, 1994; Webb et al., 2011)           
   2 = Previtamin-D3 (CIE 2006)                          
values at z =      0.025 km
Columns: time,sza,weighting spectra
time,hrs.  sza,deg.          1          2
   18.0000     90.245  1.767E-02  3.244E-04
   18.0167     90.431  1.598E-02  2.971E-04
   18.0333     90.617  1.452E-02  2.735E-04
   18.0500     90.804  1.326E-02  2.530E-04
   18.0667     90.991  1.217E-02  2.353E-04
   18.0833     91.178  1.064E-02  2.094E-04
   18.1000     91.365  9.657E-03  1.929E-04
   18.1167     91.552  8.449E-03  1.719E-04
   18.1333     91.740  7.640E-03  1.578E-04
   18.1500     91.928  6.622E-03  1.395E-04
   18.1667     92.116  5.760E-03  1.236E-04
   18.1833     92.304  5.019E-03  1.097E-04
   18.2000     92.493  4.367E-03  9.703E-05
   18.2167     92.681  3.779E-03  8.534E-05
   18.2333     92.870  3.218E-03  7.401E-05
   18.2500     93.060  2.719E-03  6.360E-05
   18.2667     93.249  2.291E-03  5.440E-05
   18.2833     93.438  1.928E-03  4.637E-05
   18.3000     93.628  1.622E-03  3.942E-05
   18.3167     93.818  1.324E-03  3.237E-05
   18.3333     94.008  1.094E-03  2.691E-05
   18.3500     94.199  8.841E-04  2.174E-05
   18.3667     94.389  7.222E-04  1.775E-05
   18.3833     94.580  5.719E-04  1.396E-05
   18.4000     94.771  4.515E-04  1.090E-05
   18.4167     94.962  3.547E-04  8.439E-06
   18.4333     95.153  2.768E-04  6.448E-06
   18.4500     95.345  2.112E-04  4.799E-06
   18.4667     95.537  1.569E-04  3.405E-06
   18.4833     95.729  1.131E-04  2.294E-06
   18.5000     95.921  7.941E-05  1.423E-06
   18.5167     96.113  5.427E-05  7.979E-07
   18.5333     96.305  3.604E-05  3.884E-07
   18.5500     96.498  2.260E-05  1.563E-07
   18.5667     96.691  1.437E-05  5.956E-08
   18.5833     96.884  8.603E-06  1.982E-08
   18.6000     97.077  4.985E-06  6.256E-09
   18.6167     97.271  2.668E-06  1.730E-09
   18.6333     97.464  1.167E-06  3.578E-10
   18.6500     97.658  3.776E-07  5.411E-11
   18.6667     97.852  6.149E-08  3.580E-12
   18.6833     98.046  5.165E-09  9.496E-14
   18.7000     98.240  2.191E-10  6.146E-16
   18.7167     98.435  3.240E-12  3.524E-19
   18.7333     98.629  1.435E-14  1.141E-23
   18.7500     98.824  1.129E-18  4.800E-31
   18.7667     99.019  0.000E+00  0.000E+00
   18.7833     99.214  0.000E+00  0.000E+00
   18.8000     99.409  0.000E+00  0.000E+00
   18.8167     99.605  0.000E+00  0.000E+00
   18.8333     99.800  0.000E+00  0.000E+00
   18.8500     99.996  0.000E+00  0.000E+00
   18.8667    100.192  0.000E+00  0.000E+00
   18.8833    100.388  0.000E+00  0.000E+00
   18.9000    100.584  0.000E+00  0.000E+00
   18.9167    100.781  0.000E+00  0.000E+00
   18.9333    100.977  0.000E+00  0.000E+00
   18.9500    101.174  0.000E+00  0.000E+00
   18.9667    101.371  0.000E+00  0.000E+00
   18.9833    101.568  0.000E+00  0.000E+00
   19.0000    101.765  0.000E+00  0.000E+00
------------------------------------------------------------
