Spectral Irradiance,W m-2 nm-1
values at z =      0.025 km
Columns: wavelength (nm),times (hrs.) or sza (deg.)
    wc,nm     18.000     18.017     18.033     18.050     18.067     18.083     18.100     18.117     18.133     18.150     18.167     18.183     18.200     18.217     18.233     18.250     18.267     18.283     18.300     18.317     18.333     18.350     18.367     18.383     18.400     18.417     18.433     18.450     18.467     18.483     18.500     18.517     18.533     18.550     18.567     18.583     18.600     18.617     18.633     18.650     18.667     18.683     18.700     18.717     18.733     18.750     18.767     18.783     18.800     18.817     18.833     18.850     18.867     18.883     18.900     18.917     18.933     18.950     18.967     18.983     19.000
    sza =      89.956     90.141     90.326     90.512     90.697     90.883     91.069     91.255     91.442     91.628     91.815     92.003     92.190     92.378     92.565     92.753     92.942     93.130     93.319     93.508     93.696     93.886     94.075     94.265     94.455     94.645     94.835     95.026     95.216     95.407     95.598     95.789     95.981     96.173     96.364     96.557     96.749     96.941     97.134     97.326     97.519     97.712     97.906     98.099     98.293     98.487     98.681     98.875     99.069     99.263     99.458     99.653     99.848    100.043    100.238    100.434    100.630    100.826    101.022    101.218    101.414
  280.5000  1.260E-24  1.172E-24  1.089E-24  1.015E-24  9.507E-25  8.933E-25  8.162E-25  7.505E-25  6.900E-25  6.232E-25  5.588E-25  5.102E-25  4.486E-25  3.934E-25  3.432E-25  2.973E-25  2.553E-25  2.174E-25  1.839E-25  1.510E-25  1.217E-25  9.749E-26  7.311E-26  5.461E-26  3.653E-26  2.230E-26  1.237E-26  4.887E-27  1.211E-27  1.244E-28  2.748E-30  6.341E-33  7.323E-38  2.803E-45  0.000E+00  0.000E+00  0.000E+00  0.000E+00  0.000E+00  0.000E+00  0.000E+00  0.000E+00  0.000E+00  0.000E+00  0.000E+00  0.000E+00  0.000E+00  0.000E+00  0.000E+00  0.000E+00  0.000E+00  0.000E+00  0.000E+00  0.000E+00  0.000E+00  0.000E+00  0.000E+00  0.000E+00  0.000E+00  0.000E+00  0.000E+00
  281.5000  1.711E-22  1.593E-22  1.480E-22  1.380E-22  1.293E-22  1.215E-22  1.111E-22  1.022E-22  9.395E-23  8.488E-23  7.612E-23  6.953E-23  6.116E-23  5.365E-23  4.682E-23  4.058E-23  3.487E-23  2.971E-23  2.514E-23  2.069E-23  1.672E-23  1.345E-23  1.017E-23  7.685E-24  5.243E-24  3.297E-24  1.905E-24  8.088E-25  2.252E-25  2.811E-26  8.693E-28  3.415E-30  1.085E-34  1.566E-41  0.000E+00  0.000E+00  0.000E+00  0.000E+00  0.000E+00  0.000E+00  0.000E+00  0.000E+00  0.000E+00  0.000E+00  0.000E+00  0.000E+00  0.000E+00  0.000E+00  0.000E+00  0.000E+00  0.000E+00  0.000E+00  0.000E+00  0.000E+00  0.000E+00  0.000E+00  0.000E+00  0.000E+00  0.000E+00  0.000E+00  0.000E+00
  282.5000  7.967E-21  7.416E-21  6.892E-21  6.431E-21  6.025E-21  5.665E-21  5.179E-21  4.765E-21  4.384E-21  3.962E-21  3.554E-21  3.248E-21  2.858E-21  2.508E-21  2.189E-21  1.898E-21  1.631E-21  1.391E-21  1.178E-21  9.706E-22  7.863E-22  6.352E-22  4.838E-22  3.688E-22  2.559E-22  1.651E-22  9.879E-23  4.465E-23  1.376E-23  2.043E-24  8.513E-26  5.359E-28  4.141E-32  2.352E-38  0.000E+00  0.000E+00  0.000E+00  0.000E+00  0.000E+00  0.000E+00  0.000E+00  0.000E+00  0.000E+00  0.000E+00  0.000E+00  0.000E+00  0.000E+00  0.000E+00  0.000E+00  0.000E+00  0.000E+00  0.000E+00  0.000E+00  0.000E+00  0.000E+00  0.000E+00  0.000E+00  0.000E+00  0.000E+00  0.000E+00  0.000E+00
  283.5000  8.711E-20  8.111E-20  7.538E-20  7.036E-20  6.593E-20  6.200E-20  5.670E-20  5.218E-20  4.801E-20  4.340E-20  3.894E-20  3.559E-20  3.133E-20  2.750E-20  2.401E-20  2.082E-20  1.790E-20  1.527E-20  1.294E-20  1.067E-20  8.657E-21  7.012E-21  5.364E-21  4.114E-21  2.884E-21  1.892E-21  1.158E-21  5.451E-22  1.796E-22  2.988E-23  1.515E-24  1.301E-26  1.799E-30  2.497E-36  2.803E-45  0.000E+00  0.000E+00  0.000E+00  0.000E+00  0.000E+00  0.000E+00  0.000E+00  0.000E+00  0.000E+00  0.000E+00  0.000E+00  0.000E+00  0.000E+00  0.000E+00  0.000E+00  0.000E+00  0.000E+00  0.000E+00  0.000E+00  0.000E+00  0.000E+00  0.000E+00  0.000E+00  0.000E+00  0.000E+00  0.000E+00
  284.5000  4.182E-18  3.895E-18  3.621E-18  3.381E-18  3.170E-18  2.982E-18  2.729E-18  2.513E-18  2.313E-18  2.092E-18  1.878E-18  1.717E-18  1.512E-18  1.328E-18  1.160E-18  1.007E-18  8.664E-19  7.396E-19  6.273E-19  5.180E-19  4.214E-19  3.427E-19  2.642E-19  2.046E-19  1.460E-19  9.843E-20  6.259E-20  3.152E-20  1.160E-20  2.332E-21  1.639E-22  2.373E-24  8.849E-28  5.732E-33  7.216E-41  0.000E+00  0.000E+00  0.000E+00  0.000E+00  0.000E+00  0.000E+00  0.000E+00  0.000E+00  0.000E+00  0.000E+00  0.000E+00  0.000E+00  0.000E+00  0.000E+00  0.000E+00  0.000E+00  0.000E+00  0.000E+00  0.000E+00  0.000E+00  0.000E+00  0.000E+00  0.000E+00  0.000E+00  0.000E+00  0.000E+00
  285.5000  4.595E-17  4.281E-17  3.981E-17  3.719E-17  3.487E-17  3.282E-17  3.004E-17  2.767E-17  2.549E-17  2.306E-17  2.072E-17  1.895E-17  1.670E-17  1.467E-17  1.282E-17  1.113E-17  9.583E-18  8.186E-18  6.947E-18  5.744E-18  4.681E-18  3.819E-18  2.960E-18  2.309E-18  1.669E-18  1.149E-18  7.517E-19  3.987E-19  1.599E-19  3.730E-20  3.392E-21  7.401E-23  5.966E-26  1.260E-30  9.674E-38  0.000E+00  0.000E+00  0.000E+00  0.000E+00  0.000E+00  0.000E+00  0.000E+00  0.000E+00  0.000E+00  0.000E+00  0.000E+00  0.000E+00  0.000E+00  0.000E+00  0.000E+00  0.000E+00  0.000E+00  0.000E+00  0.000E+00  0.000E+00  0.000E+00  0.000E+00  0.000E+00  0.000E+00  0.000E+00  0.000E+00
  286.5000  1.308E-15  1.219E-15  1.134E-15  1.060E-15  9.938E-16  9.357E-16  8.567E-16  7.894E-16  7.274E-16  6.584E-16  5.916E-16  5.415E-16  4.772E-16  4.194E-16  3.668E-16  3.185E-16  2.743E-16  2.345E-16  1.991E-16  1.648E-16  1.345E-16  1.100E-16  8.558E-17  6.713E-17  4.900E-17  3.424E-17  2.290E-17  1.263E-17  5.412E-18  1.417E-18  1.572E-19  4.720E-21  6.920E-24  3.641E-28  1.127E-34  2.803E-45  0.000E+00  0.000E+00  0.000E+00  0.000E+00  0.000E+00  0.000E+00  0.000E+00  0.000E+00  0.000E+00  0.000E+00  0.000E+00  0.000E+00  0.000E+00  0.000E+00  0.000E+00  0.000E+00  0.000E+00  0.000E+00  0.000E+00  0.000E+00  0.000E+00  0.000E+00  0.000E+00  0.000E+00  0.000E+00
  287.5000  2.002E-14  1.866E-14  1.736E-14  1.623E-14  1.522E-14  1.434E-14  1.313E-14  1.211E-14  1.116E-14  1.011E-14  9.087E-15  8.318E-15  7.336E-15  6.452E-15  5.645E-15  4.905E-15  4.227E-15  3.615E-15  3.072E-15  2.545E-15  2.080E-15  1.705E-15  1.333E-15  1.051E-15  7.752E-16  5.505E-16  3.766E-16  2.167E-16  9.953E-17  2.943E-17  4.041E-18  1.708E-19  4.782E-22  6.785E-26  9.621E-32  2.420E-41  0.000E+00  0.000E+00  0.000E+00  0.000E+00  0.000E+00  0.000E+00  0.000E+00  0.000E+00  0.000E+00  0.000E+00  0.000E+00  0.000E+00  0.000E+00  0.000E+00  0.000E+00  0.000E+00  0.000E+00  0.000E+00  0.000E+00  0.000E+00  0.000E+00  0.000E+00  0.000E+00  0.000E+00  0.000E+00
  288.5000  2.942E-13  2.742E-13  2.552E-13  2.386E-13  2.240E-13  2.110E-13  1.934E-13  1.783E-13  1.645E-13  1.490E-13  1.341E-13  1.230E-13  1.084E-13  9.539E-14  8.351E-14  7.261E-14  6.262E-14  5.360E-14  4.558E-14  3.781E-14  3.096E-14  2.544E-14  1.997E-14  1.585E-14  1.181E-14  8.532E-15  5.980E-15  3.597E-15  1.782E-15  6.019E-16  1.042E-16  6.421E-18  3.660E-20  1.541E-23  1.154E-28  4.705E-37  0.000E+00  0.000E+00  0.000E+00  0.000E+00  0.000E+00  0.000E+00  0.000E+00  0.000E+00  0.000E+00  0.000E+00  0.000E+00  0.000E+00  0.000E+00  0.000E+00  0.000E+00  0.000E+00  0.000E+00  0.000E+00  0.000E+00  0.000E+00  0.000E+00  0.000E+00  0.000E+00  0.000E+00  0.000E+00
  289.5000  3.495E-12  3.259E-12  3.033E-12  2.836E-12  2.663E-12  2.509E-12  2.300E-12  2.122E-12  1.958E-12  1.775E-12  1.598E-12  1.464E-12  1.293E-12  1.138E-12  9.973E-13  8.676E-13  7.486E-13  6.412E-13  5.457E-13  4.531E-13  3.714E-13  3.058E-13  2.408E-13  1.918E-13  1.441E-13  1.053E-13  7.510E-14  4.666E-14  2.442E-14  9.107E-15  1.875E-15  1.528E-16  1.474E-18  1.376E-21  3.451E-26  1.040E-33  4.204E-44  0.000E+00  0.000E+00  0.000E+00  0.000E+00  0.000E+00  0.000E+00  0.000E+00  0.000E+00  0.000E+00  0.000E+00  0.000E+00  0.000E+00  0.000E+00  0.000E+00  0.000E+00  0.000E+00  0.000E+00  0.000E+00  0.000E+00  0.000E+00  0.000E+00  0.000E+00  0.000E+00  0.000E+00
  290.5000  2.684E-11  2.502E-11  2.329E-11  2.178E-11  2.045E-11  1.928E-11  1.768E-11  1.632E-11  1.506E-11  1.366E-11  1.230E-11  1.127E-11  9.961E-12  8.775E-12  7.691E-12  6.694E-12  5.780E-12  4.953E-12  4.218E-12  3.505E-12  2.876E-12  2.372E-12  1.872E-12  1.497E-12  1.131E-12  8.346E-13  6.034E-13  3.848E-13  2.107E-13  8.516E-14  2.020E-14  2.077E-15  3.105E-17  5.639E-20  3.889E-24  6.289E-31  2.626E-40  0.000E+00  0.000E+00  0.000E+00  0.000E+00  0.000E+00  0.000E+00  0.000E+00  0.000E+00  0.000E+00  0.000E+00  0.000E+00  0.000E+00  0.000E+00  0.000E+00  0.000E+00  0.000E+00  0.000E+00  0.000E+00  0.000E+00  0.000E+00  0.000E+00  0.000E+00  0.000E+00  0.000E+00
  291.5000  1.778E-10  1.658E-10  1.544E-10  1.444E-10  1.356E-10  1.278E-10  1.173E-10  1.083E-10  9.998E-11  9.071E-11  8.173E-11  7.498E-11  6.627E-11  5.842E-11  5.124E-11  4.463E-11  3.856E-11  3.307E-11  2.818E-11  2.344E-11  1.926E-11  1.591E-11  1.259E-11  1.010E-11  7.681E-12  5.728E-12  4.202E-12  2.755E-12  1.582E-12  6.978E-13  1.930E-13  2.555E-14  6.198E-16  2.360E-18  5.052E-22  5.418E-28  3.246E-36  0.000E+00  0.000E+00  0.000E+00  0.000E+00  0.000E+00  0.000E+00  0.000E+00  0.000E+00  0.000E+00  0.000E+00  0.000E+00  0.000E+00  0.000E+00  0.000E+00  0.000E+00  0.000E+00  0.000E+00  0.000E+00  0.000E+00  0.000E+00  0.000E+00  0.000E+00  0.000E+00  0.000E+00
  292.5000  7.860E-10  7.329E-10  6.823E-10  6.382E-10  5.994E-10  5.652E-10  5.186E-10  4.789E-10  4.424E-10  4.015E-10  3.619E-10  3.322E-10  2.938E-10  2.592E-10  2.274E-10  1.982E-10  1.714E-10  1.471E-10  1.254E-10  1.044E-10  8.587E-11  7.103E-11  5.636E-11  4.534E-11  3.465E-11  2.605E-11  1.934E-11  1.297E-11  7.758E-12  3.681E-12  1.160E-12  1.905E-13  6.957E-15  4.921E-17  2.693E-20  1.357E-25  7.123E-33  7.539E-43  0.000E+00  0.000E+00  0.000E+00  0.000E+00  0.000E+00  0.000E+00  0.000E+00  0.000E+00  0.000E+00  0.000E+00  0.000E+00  0.000E+00  0.000E+00  0.000E+00  0.000E+00  0.000E+00  0.000E+00  0.000E+00  0.000E+00  0.000E+00  0.000E+00  0.000E+00  0.000E+00
  293.5000  4.038E-09  3.765E-09  3.505E-09  3.278E-09  3.079E-09  2.904E-09  2.665E-09  2.461E-09  2.274E-09  2.065E-09  1.862E-09  1.709E-09  1.513E-09  1.336E-09  1.173E-09  1.023E-09  8.851E-10  7.600E-10  6.486E-10  5.406E-10  4.450E-10  3.686E-10  2.931E-10  2.364E-10  1.815E-10  1.375E-10  1.031E-10  7.060E-11  4.375E-11  2.219E-11  7.876E-12  1.577E-12  8.418E-14  1.062E-15  1.404E-18  3.044E-23  1.231E-29  2.203E-38  0.000E+00  0.000E+00  0.000E+00  0.000E+00  0.000E+00  0.000E+00  0.000E+00  0.000E+00  0.000E+00  0.000E+00  0.000E+00  0.000E+00  0.000E+00  0.000E+00  0.000E+00  0.000E+00  0.000E+00  0.000E+00  0.000E+00  0.000E+00  0.000E+00  0.000E+00  0.000E+00
  294.5000  1.212E-08  1.130E-08  1.052E-08  9.834E-09  9.236E-09  8.710E-09  7.994E-09  7.384E-09  6.825E-09  6.198E-09  5.592E-09  5.135E-09  4.548E-09  4.016E-09  3.529E-09  3.080E-09  2.666E-09  2.291E-09  1.956E-09  1.632E-09  1.344E-09  1.115E-09  8.880E-10  7.178E-10  5.530E-10  4.213E-10  3.187E-10  2.218E-10  1.415E-10  7.579E-11  2.967E-11  7.000E-12  5.105E-13  1.032E-14  2.780E-17  1.927E-21  3.916E-27  6.460E-35  1.121E-44  0.000E+00  0.000E+00  0.000E+00  0.000E+00  0.000E+00  0.000E+00  0.000E+00  0.000E+00  0.000E+00  0.000E+00  0.000E+00  0.000E+00  0.000E+00  0.000E+00  0.000E+00  0.000E+00  0.000E+00  0.000E+00  0.000E+00  0.000E+00  0.000E+00  0.000E+00
  295.5000  4.981E-08  4.642E-08  4.319E-08  4.038E-08  3.792E-08  3.576E-08  3.282E-08  3.032E-08  2.803E-08  2.546E-08  2.298E-08  2.111E-08  1.870E-08  1.653E-08  1.453E-08  1.269E-08  1.099E-08  9.455E-09  8.080E-09  6.748E-09  5.564E-09  4.619E-09  3.686E-09  2.985E-09  2.308E-09  1.769E-09  1.349E-09  9.536E-10  6.261E-10  3.538E-10  1.527E-10  4.248E-11  4.259E-12  1.397E-13  7.886E-16  1.841E-19  2.026E-24  3.435E-31  1.233E-39  0.000E+00  0.000E+00  0.000E+00  0.000E+00  0.000E+00  0.000E+00  0.000E+00  0.000E+00  0.000E+00  0.000E+00  0.000E+00  0.000E+00  0.000E+00  0.000E+00  0.000E+00  0.000E+00  0.000E+00  0.000E+00  0.000E+00  0.000E+00  0.000E+00  0.000E+00
  296.5000  1.320E-07  1.230E-07  1.144E-07  1.069E-07  1.004E-07  9.461E-08  8.683E-08  8.020E-08  7.415E-08  6.736E-08  6.081E-08  5.587E-08  4.953E-08  4.379E-08  3.853E-08  3.367E-08  2.919E-08  2.512E-08  2.149E-08  1.796E-08  1.482E-08  1.232E-08  9.847E-09  7.989E-09  6.197E-09  4.770E-09  3.662E-09  2.623E-09  1.764E-09  1.044E-09  4.896E-10  1.570E-10  2.070E-11  1.029E-12  1.093E-14  7.146E-18  3.252E-22  3.836E-28  1.544E-35  0.000E+00  0.000E+00  0.000E+00  0.000E+00  0.000E+00  0.000E+00  0.000E+00  0.000E+00  0.000E+00  0.000E+00  0.000E+00  0.000E+00  0.000E+00  0.000E+00  0.000E+00  0.000E+00  0.000E+00  0.000E+00  0.000E+00  0.000E+00  0.000E+00  0.000E+00
  297.5000  3.674E-07  3.421E-07  3.181E-07  2.972E-07  2.789E-07  2.628E-07  2.411E-07  2.227E-07  2.059E-07  1.870E-07  1.689E-07  1.552E-07  1.376E-07  1.217E-07  1.072E-07  9.373E-08  8.131E-08  7.003E-08  5.993E-08  5.016E-08  4.142E-08  3.446E-08  2.759E-08  2.242E-08  1.743E-08  1.347E-08  1.040E-08  7.531E-09  5.166E-09  3.175E-09  1.599E-09  5.790E-10  9.670E-11  6.892E-12  1.270E-13  2.041E-16  3.213E-20  2.072E-25  6.940E-32  1.592E-41  0.000E+00  0.000E+00  0.000E+00  0.000E+00  0.000E+00  0.000E+00  0.000E+00  0.000E+00  0.000E+00  0.000E+00  0.000E+00  0.000E+00  0.000E+00  0.000E+00  0.000E+00  0.000E+00  0.000E+00  0.000E+00  0.000E+00  0.000E+00  0.000E+00
  298.5000  6.052E-07  5.632E-07  5.234E-07  4.887E-07  4.584E-07  4.318E-07  3.961E-07  3.657E-07  3.381E-07  3.071E-07  2.773E-07  2.548E-07  2.270E-07  2.001E-07  1.762E-07  1.542E-07  1.339E-07  1.154E-07  9.880E-08  8.276E-08  6.841E-08  5.696E-08  4.566E-08  3.715E-08  2.896E-08  2.246E-08  1.741E-08  1.272E-08  8.875E-09  5.634E-09  3.013E-09  1.211E-09  2.477E-10  2.406E-11  7.115E-13  2.469E-15  1.117E-18  3.032E-23  6.063E-29  1.970E-37  0.000E+00  0.000E+00  0.000E+00  0.000E+00  0.000E+00  0.000E+00  0.000E+00  0.000E+00  0.000E+00  0.000E+00  0.000E+00  0.000E+00  0.000E+00  0.000E+00  0.000E+00  0.000E+00  0.000E+00  0.000E+00  0.000E+00  0.000E+00  0.000E+00
  299.5000  1.844E-06  1.715E-06  1.593E-06  1.486E-06  1.393E-06  1.312E-06  1.203E-06  1.110E-06  1.026E-06  9.315E-07  8.411E-07  7.730E-07  6.860E-07  6.072E-07  5.350E-07  4.684E-07  4.069E-07  3.509E-07  3.008E-07  2.522E-07  2.087E-07  1.739E-07  1.396E-07  1.137E-07  8.883E-08  6.910E-08  5.377E-08  3.961E-08  2.802E-08  1.829E-08  1.031E-08  4.547E-09  1.117E-09  1.437E-10  6.565E-12  4.644E-14  5.617E-17  5.900E-21  6.383E-26  2.573E-33  2.426E-42  0.000E+00  0.000E+00  0.000E+00  0.000E+00  0.000E+00  0.000E+00  0.000E+00  0.000E+00  0.000E+00  0.000E+00  0.000E+00  0.000E+00  0.000E+00  0.000E+00  0.000E+00  0.000E+00  0.000E+00  0.000E+00  0.000E+00  0.000E+00
  300.5000  2.218E-06  2.061E-06  1.913E-06  1.784E-06  1.671E-06  1.572E-06  1.441E-06  1.329E-06  1.228E-06  1.115E-06  1.007E-06  9.248E-07  8.208E-07  7.267E-07  6.406E-07  5.611E-07  4.877E-07  4.208E-07  3.609E-07  3.030E-07  2.508E-07  2.092E-07  1.682E-07  1.371E-07  1.073E-07  8.368E-08  6.532E-08  4.841E-08  3.464E-08  2.312E-08  1.360E-08  6.461E-09  1.840E-09  2.971E-10  1.927E-11  2.412E-13  6.344E-16  1.904E-19  7.534E-24  2.046E-30  1.960E-38  0.000E+00  0.000E+00  0.000E+00  0.000E+00  0.000E+00  0.000E+00  0.000E+00  0.000E+00  0.000E+00  0.000E+00  0.000E+00  0.000E+00  0.000E+00  0.000E+00  0.000E+00  0.000E+00  0.000E+00  0.000E+00  0.000E+00  0.000E+00
  301.5000  5.835E-06  5.418E-06  5.023E-06  4.679E-06  4.379E-06  4.116E-06  3.770E-06  3.475E-06  3.208E-06  2.911E-06  2.628E-06  2.414E-06  2.142E-06  1.897E-06  1.673E-06  1.466E-06  1.275E-06  1.101E-06  9.448E-07  7.940E-07  6.580E-07  5.493E-07  4.422E-07  3.610E-07  2.831E-07  2.213E-07  1.733E-07  1.292E-07  9.351E-08  6.382E-08  3.916E-08  2.008E-08  6.662E-09  1.364E-09  1.280E-10  2.939E-12  1.772E-14  1.638E-17  2.623E-21  5.704E-27  7.020E-34  1.191E-40  1.401E-45  1.401E-45  0.000E+00  0.000E+00  0.000E+00  0.000E+00  0.000E+00  0.000E+00  0.000E+00  0.000E+00  0.000E+00  0.000E+00  0.000E+00  0.000E+00  0.000E+00  0.000E+00  0.000E+00  0.000E+00  0.000E+00
  302.5000  8.821E-06  8.183E-06  7.579E-06  7.054E-06  6.596E-06  6.196E-06  5.671E-06  5.224E-06  4.820E-06  4.372E-06  3.945E-06  3.622E-06  3.213E-06  2.847E-06  2.511E-06  2.201E-06  1.915E-06  1.654E-06  1.420E-06  1.195E-06  9.909E-07  8.277E-07  6.671E-07  5.451E-07  4.280E-07  3.353E-07  2.630E-07  1.970E-07  1.436E-07  9.946E-08  6.280E-08  3.388E-08  1.247E-08  2.997E-09  3.616E-10  1.251E-11  1.310E-13  2.526E-16  1.004E-19  8.437E-25  5.412E-31  4.316E-37  1.363E-41  4.120E-43  5.605E-45  1.401E-45  0.000E+00  0.000E+00  0.000E+00  0.000E+00  0.000E+00  0.000E+00  0.000E+00  0.000E+00  0.000E+00  0.000E+00  0.000E+00  0.000E+00  0.000E+00  0.000E+00  0.000E+00
  303.5000  1.919E-05  1.777E-05  1.644E-05  1.528E-05  1.427E-05  1.339E-05  1.224E-05  1.126E-05  1.038E-05  9.410E-06  8.487E-06  7.786E-06  6.907E-06  6.118E-06  5.396E-06  4.731E-06  4.118E-06  3.560E-06  3.059E-06  2.576E-06  2.138E-06  1.788E-06  1.443E-06  1.180E-06  9.286E-07  7.289E-07  5.731E-07  4.313E-07  3.170E-07  2.231E-07  1.454E-07  8.307E-08  3.436E-08  9.919E-09  1.596E-09  8.873E-11  1.770E-12  8.164E-15  9.584E-18  4.024E-22  1.841E-27  9.295E-33  8.842E-37  2.227E-38  2.102E-40  8.198E-43  1.401E-45  0.000E+00  0.000E+00  0.000E+00  0.000E+00  0.000E+00  0.000E+00  0.000E+00  0.000E+00  0.000E+00  0.000E+00  0.000E+00  0.000E+00  0.000E+00  0.000E+00
  304.5000  2.433E-05  2.251E-05  2.081E-05  1.932E-05  1.803E-05  1.690E-05  1.544E-05  1.419E-05  1.308E-05  1.184E-05  1.067E-05  9.789E-06  8.682E-06  7.688E-06  6.780E-06  5.945E-06  5.176E-06  4.476E-06  3.848E-06  3.243E-06  2.694E-06  2.254E-06  1.821E-06  1.491E-06  1.174E-06  9.230E-07  7.267E-07  5.484E-07  4.051E-07  2.879E-07  1.911E-07  1.130E-07  5.013E-08  1.614E-08  3.082E-09  2.264E-10  6.594E-12  5.071E-14  1.119E-16  1.182E-20  1.643E-25  2.317E-30  4.091E-34  9.471E-36  7.326E-38  1.918E-40  7.006E-45  0.000E+00  0.000E+00  0.000E+00  0.000E+00  0.000E+00  0.000E+00  0.000E+00  0.000E+00  0.000E+00  0.000E+00  0.000E+00  0.000E+00  0.000E+00  0.000E+00
  305.5000  4.074E-05  3.763E-05  3.471E-05  3.217E-05  2.996E-05  2.802E-05  2.558E-05  2.348E-05  2.161E-05  1.954E-05  1.760E-05  1.612E-05  1.429E-05  1.265E-05  1.115E-05  9.779E-06  8.516E-06  7.367E-06  6.337E-06  5.347E-06  4.446E-06  3.723E-06  3.013E-06  2.469E-06  1.949E-06  1.535E-06  1.211E-06  9.174E-07  6.820E-07  4.908E-07  3.339E-07  2.067E-07  1.008E-07  3.770E-08  9.139E-09  9.961E-10  5.019E-11  8.255E-13  4.689E-15  1.997E-18  1.503E-22  1.029E-26  4.629E-30  9.230E-32  5.050E-34  6.578E-37  1.313E-41  0.000E+00  0.000E+00  0.000E+00  0.000E+00  0.000E+00  0.000E+00  0.000E+00  0.000E+00  0.000E+00  0.000E+00  0.000E+00  0.000E+00  0.000E+00  0.000E+00
  306.5000  4.739E-05  4.374E-05  4.031E-05  3.732E-05  3.472E-05  3.246E-05  2.959E-05  2.714E-05  2.496E-05  2.256E-05  2.030E-05  1.859E-05  1.647E-05  1.457E-05  1.285E-05  1.126E-05  9.809E-06  8.488E-06  7.303E-06  6.166E-06  5.130E-06  4.298E-06  3.481E-06  2.854E-06  2.255E-06  1.778E-06  1.404E-06  1.066E-06  7.948E-07  5.753E-07  3.959E-07  2.503E-07  1.274E-07  5.105E-08  1.378E-08  1.789E-09  1.143E-10  2.593E-12  2.195E-14  1.688E-17  2.595E-21  3.463E-25  2.341E-28  4.526E-30  2.253E-32  2.380E-35  4.201E-40  0.000E+00  0.000E+00  0.000E+00  0.000E+00  0.000E+00  0.000E+00  0.000E+00  0.000E+00  0.000E+00  0.000E+00  0.000E+00  0.000E+00  0.000E+00  0.000E+00
  307.5000  8.579E-05  7.900E-05  7.261E-05  6.708E-05  6.226E-05  5.807E-05  5.282E-05  4.835E-05  4.438E-05  4.004E-05  3.599E-05  3.289E-05  2.911E-05  2.574E-05  2.268E-05  1.988E-05  1.731E-05  1.498E-05  1.289E-05  1.090E-05  9.075E-06  7.610E-06  6.175E-06  5.068E-06  4.012E-06  3.170E-06  2.507E-06  1.909E-06  1.431E-06  1.046E-06  7.326E-07  4.792E-07  2.623E-07  1.181E-07  3.854E-08  6.872E-09  6.845E-10  2.890E-11  5.325E-13  1.301E-15  8.137E-19  4.066E-22  5.981E-25  1.037E-26  3.938E-29  2.367E-32  2.633E-37  0.000E+00  0.000E+00  0.000E+00  0.000E+00  0.000E+00  0.000E+00  0.000E+00  0.000E+00  0.000E+00  0.000E+00  0.000E+00  0.000E+00  0.000E+00  0.000E+00
  308.5000  1.057E-04  9.720E-05  8.924E-05  8.234E-05  7.634E-05  7.112E-05  6.463E-05  5.911E-05  5.421E-05  4.886E-05  4.388E-05  4.008E-05  3.545E-05  3.129E-05  2.759E-05  2.418E-05  2.105E-05  1.822E-05  1.568E-05  1.326E-05  1.105E-05  9.270E-06  7.528E-06  6.183E-06  4.899E-06  3.875E-06  3.067E-06  2.339E-06  1.757E-06  1.289E-06  9.106E-07  6.045E-07  3.414E-07  1.616E-07  5.705E-08  1.157E-08  1.373E-09  7.337E-11  1.811E-12  6.829E-15  7.182E-18  5.825E-21  1.154E-23  1.983E-25  7.180E-28  3.841E-31  4.097E-36  0.000E+00  0.000E+00  0.000E+00  0.000E+00  0.000E+00  0.000E+00  0.000E+00  0.000E+00  0.000E+00  0.000E+00  0.000E+00  0.000E+00  0.000E+00  0.000E+00
  309.5000  1.114E-04  1.022E-04  9.365E-05  8.619E-05  7.971E-05  7.409E-05  6.719E-05  6.131E-05  5.612E-05  5.049E-05  4.527E-05  4.128E-05  3.646E-05  3.216E-05  2.832E-05  2.480E-05  2.159E-05  1.868E-05  1.608E-05  1.361E-05  1.135E-05  9.525E-06  7.747E-06  6.368E-06  5.054E-06  4.004E-06  3.174E-06  2.426E-06  1.829E-06  1.350E-06  9.642E-07  6.539E-07  3.867E-07  1.972E-07  7.873E-08  1.964E-08  3.115E-09  2.502E-10  1.030E-11  8.325E-14  2.201E-16  4.245E-19  1.404E-21  2.287E-23  7.133E-26  2.756E-29  2.301E-34  2.803E-45  0.000E+00  0.000E+00  0.000E+00  0.000E+00  0.000E+00  0.000E+00  0.000E+00  0.000E+00  0.000E+00  0.000E+00  0.000E+00  0.000E+00  0.000E+00
  310.5000  1.756E-04  1.607E-04  1.469E-04  1.350E-04  1.245E-04  1.155E-04  1.046E-04  9.522E-05  8.701E-05  7.814E-05  6.995E-05  6.368E-05  5.618E-05  4.950E-05  4.355E-05  3.811E-05  3.315E-05  2.867E-05  2.468E-05  2.090E-05  1.743E-05  1.464E-05  1.192E-05  9.810E-06  7.797E-06  6.187E-06  4.909E-06  3.760E-06  2.842E-06  2.107E-06  1.518E-06  1.045E-06  6.393E-07  3.444E-07  1.504E-07  4.364E-08  8.531E-09  9.141E-10  5.400E-11  7.487E-13  3.779E-15  1.332E-17  6.321E-20  1.006E-21  2.890E-24  9.260E-28  6.898E-33  7.287E-44  0.000E+00  0.000E+00  0.000E+00  0.000E+00  0.000E+00  0.000E+00  0.000E+00  0.000E+00  0.000E+00  0.000E+00  0.000E+00  0.000E+00  0.000E+00
  311.5000  2.503E-04  2.288E-04  2.088E-04  1.914E-04  1.764E-04  1.633E-04  1.476E-04  1.342E-04  1.225E-04  1.098E-04  9.820E-05  8.929E-05  7.869E-05  6.933E-05  6.090E-05  5.325E-05  4.630E-05  4.004E-05  3.446E-05  2.918E-05  2.435E-05  2.046E-05  1.668E-05  1.373E-05  1.092E-05  8.676E-06  6.889E-06  5.285E-06  4.001E-06  2.975E-06  2.155E-06  1.499E-06  9.364E-07  5.224E-07  2.418E-07  7.732E-08  1.730E-08  2.235E-09  1.671E-10  3.309E-12  2.567E-14  1.360E-16  8.288E-19  1.323E-20  3.706E-23  1.093E-26  7.998E-32  1.015E-42  0.000E+00  0.000E+00  0.000E+00  0.000E+00  0.000E+00  0.000E+00  0.000E+00  0.000E+00  0.000E+00  0.000E+00  0.000E+00  0.000E+00  0.000E+00
  312.5000  3.031E-04  2.761E-04  2.511E-04  2.294E-04  2.106E-04  1.943E-04  1.750E-04  1.586E-04  1.442E-04  1.289E-04  1.149E-04  1.042E-04  9.158E-05  8.050E-05  7.056E-05  6.160E-05  5.348E-05  4.620E-05  3.974E-05  3.366E-05  2.810E-05  2.362E-05  1.928E-05  1.589E-05  1.267E-05  1.008E-05  8.018E-06  6.168E-06  4.685E-06  3.501E-06  2.557E-06  1.807E-06  1.169E-06  6.917E-07  3.532E-07  1.338E-07  3.804E-08  6.868E-09  7.840E-10  2.928E-11  4.859E-13  5.227E-15  4.830E-17  7.424E-19  1.857E-21  4.262E-25  2.606E-30  3.629E-41  0.000E+00  0.000E+00  0.000E+00  0.000E+00  0.000E+00  0.000E+00  0.000E+00  0.000E+00  0.000E+00  0.000E+00  0.000E+00  0.000E+00  0.000E+00
  313.5000  3.640E-04  3.313E-04  3.010E-04  2.748E-04  2.520E-04  2.324E-04  2.091E-04  1.893E-04  1.720E-04  1.536E-04  1.368E-04  1.239E-04  1.089E-04  9.563E-05  8.379E-05  7.311E-05  6.345E-05  5.479E-05  4.711E-05  3.991E-05  3.332E-05  2.801E-05  2.288E-05  1.886E-05  1.505E-05  1.199E-05  9.536E-06  7.342E-06  5.584E-06  4.179E-06  3.061E-06  2.174E-06  1.422E-06  8.551E-07  4.488E-07  1.779E-07  5.365E-08  1.046E-08  1.314E-09  5.677E-11  1.119E-12  1.415E-14  1.462E-16  2.314E-18  6.001E-21  1.441E-24  9.758E-30  1.735E-40  0.000E+00  0.000E+00  0.000E+00  0.000E+00  0.000E+00  0.000E+00  0.000E+00  0.000E+00  0.000E+00  0.000E+00  0.000E+00  0.000E+00  0.000E+00
  314.5000  4.596E-04  4.167E-04  3.771E-04  3.428E-04  3.131E-04  2.874E-04  2.576E-04  2.323E-04  2.102E-04  1.870E-04  1.659E-04  1.497E-04  1.311E-04  1.148E-04  1.003E-04  8.728E-05  7.558E-05  6.515E-05  5.595E-05  4.738E-05  3.954E-05  3.325E-05  2.719E-05  2.243E-05  1.794E-05  1.432E-05  1.141E-05  8.810E-06  6.722E-06  5.053E-06  3.727E-06  2.679E-06  1.800E-06  1.133E-06  6.425E-07  2.921E-07  1.071E-07  2.756E-08  4.940E-09  3.664E-10  1.383E-11  3.219E-13  4.762E-15  7.357E-17  1.751E-19  3.430E-23  2.024E-28  4.001E-39  0.000E+00  0.000E+00  0.000E+00  0.000E+00  0.000E+00  0.000E+00  0.000E+00  0.000E+00  0.000E+00  0.000E+00  0.000E+00  0.000E+00  0.000E+00
  315.5000  4.970E-04  4.503E-04  4.073E-04  3.701E-04  3.378E-04  3.100E-04  2.776E-04  2.502E-04  2.263E-04  2.012E-04  1.784E-04  1.609E-04  1.408E-04  1.232E-04  1.076E-04  9.357E-05  8.100E-05  6.979E-05  5.992E-05  5.074E-05  4.234E-05  3.560E-05  2.912E-05  2.404E-05  1.923E-05  1.536E-05  1.225E-05  9.464E-06  7.227E-06  5.440E-06  4.020E-06  2.900E-06  1.962E-06  1.248E-06  7.206E-07  3.371E-07  1.282E-07  3.448E-08  6.530E-09  5.267E-10  2.193E-11  5.588E-13  8.875E-15  1.421E-16  3.563E-19  7.551E-23  5.088E-28  1.298E-38  0.000E+00  0.000E+00  0.000E+00  0.000E+00  0.000E+00  0.000E+00  0.000E+00  0.000E+00  0.000E+00  0.000E+00  0.000E+00  0.000E+00  0.000E+00
  316.5000  6.251E-04  5.643E-04  5.084E-04  4.601E-04  4.183E-04  3.823E-04  3.410E-04  3.060E-04  2.758E-04  2.441E-04  2.156E-04  1.937E-04  1.688E-04  1.472E-04  1.281E-04  1.111E-04  9.588E-05  8.242E-05  7.062E-05  5.974E-05  4.980E-05  4.186E-05  3.427E-05  2.829E-05  2.268E-05  1.816E-05  1.450E-05  1.123E-05  8.606E-06  6.502E-06  4.832E-06  3.517E-06  2.426E-06  1.594E-06  9.734E-07  5.036E-07  2.215E-07  7.359E-08  1.829E-08  2.231E-09  1.522E-10  6.146E-12  1.285E-13  2.039E-15  4.863E-18  9.065E-22  5.688E-27  1.661E-37  0.000E+00  0.000E+00  0.000E+00  0.000E+00  0.000E+00  0.000E+00  0.000E+00  0.000E+00  0.000E+00  0.000E+00  0.000E+00  0.000E+00  0.000E+00
  317.5000  8.847E-04  7.987E-04  7.197E-04  6.515E-04  5.924E-04  5.415E-04  4.831E-04  4.336E-04  3.908E-04  3.459E-04  3.056E-04  2.745E-04  2.393E-04  2.087E-04  1.816E-04  1.575E-04  1.359E-04  1.169E-04  1.001E-04  8.470E-05  7.062E-05  5.936E-05  4.860E-05  4.013E-05  3.218E-05  2.576E-05  2.058E-05  1.595E-05  1.222E-05  9.237E-06  6.868E-06  5.004E-06  3.459E-06  2.279E-06  1.398E-06  7.268E-07  3.211E-07  1.068E-07  2.659E-08  3.249E-09  2.217E-10  8.984E-12  1.921E-13  3.192E-15  8.217E-18  1.732E-21  1.289E-26  4.917E-37  0.000E+00  0.000E+00  0.000E+00  0.000E+00  0.000E+00  0.000E+00  0.000E+00  0.000E+00  0.000E+00  0.000E+00  0.000E+00  0.000E+00  0.000E+00
  318.5000  9.073E-04  8.162E-04  7.328E-04  6.606E-04  5.984E-04  5.447E-04  4.839E-04  4.324E-04  3.880E-04  3.419E-04  3.007E-04  2.689E-04  2.333E-04  2.026E-04  1.756E-04  1.517E-04  1.304E-04  1.118E-04  9.548E-05  8.063E-05  6.709E-05  5.633E-05  4.612E-05  3.810E-05  3.059E-05  2.455E-05  1.964E-05  1.527E-05  1.174E-05  8.910E-06  6.660E-06  4.891E-06  3.438E-06  2.326E-06  1.495E-06  8.473E-07  4.247E-07  1.702E-07  5.403E-08  9.593E-09  1.023E-09  6.297E-11  1.730E-12  2.861E-14  7.069E-17  1.334E-20  9.375E-26  4.096E-36  0.000E+00  0.000E+00  0.000E+00  0.000E+00  0.000E+00  0.000E+00  0.000E+00  0.000E+00  0.000E+00  0.000E+00  0.000E+00  0.000E+00  0.000E+00
  319.5000  1.174E-03  1.055E-03  9.470E-04  8.534E-04  7.725E-04  7.029E-04  6.241E-04  5.573E-04  4.998E-04  4.400E-04  3.867E-04  3.456E-04  2.996E-04  2.599E-04  2.250E-04  1.942E-04  1.669E-04  1.429E-04  1.220E-04  1.030E-04  8.565E-05  7.189E-05  5.887E-05  4.863E-05  3.907E-05  3.136E-05  2.511E-05  1.954E-05  1.504E-05  1.142E-05  8.551E-06  6.294E-06  4.444E-06  3.026E-06  1.968E-06  1.137E-06  5.849E-07  2.427E-07  8.058E-08  1.533E-08  1.773E-09  1.179E-10  3.450E-12  5.910E-14  1.539E-16  3.135E-20  2.496E-25  1.379E-35  0.000E+00  0.000E+00  0.000E+00  0.000E+00  0.000E+00  0.000E+00  0.000E+00  0.000E+00  0.000E+00  0.000E+00  0.000E+00  0.000E+00  0.000E+00
  320.5000  1.531E-03  1.376E-03  1.234E-03  1.111E-03  1.005E-03  9.132E-04  8.099E-04  7.224E-04  6.472E-04  5.691E-04  4.995E-04  4.459E-04  3.860E-04  3.344E-04  2.892E-04  2.493E-04  2.140E-04  1.830E-04  1.561E-04  1.317E-04  1.095E-04  9.182E-05  7.518E-05  6.210E-05  4.990E-05  4.009E-05  3.211E-05  2.500E-05  1.926E-05  1.465E-05  1.098E-05  8.102E-06  5.744E-06  3.935E-06  2.586E-06  1.522E-06  8.060E-07  3.495E-07  1.230E-07  2.556E-08  3.285E-09  2.423E-10  7.652E-12  1.356E-13  3.695E-16  8.003E-20  7.067E-25  4.850E-35  0.000E+00  0.000E+00  0.000E+00  0.000E+00  0.000E+00  0.000E+00  0.000E+00  0.000E+00  0.000E+00  0.000E+00  0.000E+00  0.000E+00  0.000E+00
  321.5000  1.820E-03  1.633E-03  1.461E-03  1.313E-03  1.185E-03  1.075E-03  9.502E-04  8.448E-04  7.543E-04  6.604E-04  5.770E-04  5.128E-04  4.418E-04  3.807E-04  3.275E-04  2.809E-04  2.399E-04  2.042E-04  1.734E-04  1.458E-04  1.206E-04  1.009E-04  8.251E-05  6.808E-05  5.475E-05  4.406E-05  3.535E-05  2.763E-05  2.138E-05  1.634E-05  1.232E-05  9.159E-06  6.590E-06  4.610E-06  3.144E-06  1.982E-06  1.162E-06  5.878E-07  2.541E-07  7.287E-08  1.377E-08  1.459E-09  5.740E-11  1.014E-12  2.677E-15  5.295E-19  4.506E-24  3.562E-34  0.000E+00  0.000E+00  0.000E+00  0.000E+00  0.000E+00  0.000E+00  0.000E+00  0.000E+00  0.000E+00  0.000E+00  0.000E+00  0.000E+00  0.000E+00
  322.5000  1.399E-03  1.256E-03  1.126E-03  1.013E-03  9.157E-04  8.318E-04  7.371E-04  6.570E-04  5.882E-04  5.167E-04  4.531E-04  4.040E-04  3.494E-04  3.024E-04  2.612E-04  2.249E-04  1.929E-04  1.648E-04  1.405E-04  1.184E-04  9.834E-05  8.246E-05  6.751E-05  5.576E-05  4.483E-05  3.603E-05  2.888E-05  2.251E-05  1.736E-05  1.323E-05  9.933E-06  7.346E-06  5.232E-06  3.610E-06  2.400E-06  1.442E-06  7.850E-07  3.539E-07  1.311E-07  2.954E-08  4.188E-09  3.418E-10  1.187E-11  2.272E-13  6.968E-16  1.798E-19  2.062E-24  2.239E-34  0.000E+00  0.000E+00  0.000E+00  0.000E+00  0.000E+00  0.000E+00  0.000E+00  0.000E+00  0.000E+00  0.000E+00  0.000E+00  0.000E+00  0.000E+00
  323.5000  2.235E-03  2.005E-03  1.795E-03  1.613E-03  1.455E-03  1.320E-03  1.165E-03  1.035E-03  9.233E-04  8.070E-04  7.038E-04  6.245E-04  5.366E-04  4.613E-04  3.958E-04  3.385E-04  2.883E-04  2.447E-04  2.072E-04  1.739E-04  1.435E-04  1.198E-04  9.782E-05  8.064E-05  6.484E-05  5.221E-05  4.192E-05  3.282E-05  2.545E-05  1.950E-05  1.476E-05  1.101E-05  7.979E-06  5.631E-06  3.900E-06  2.529E-06  1.548E-06  8.370E-07  3.966E-07  1.317E-07  2.976E-08  3.776E-09  1.707E-10  3.224E-12  9.344E-15  2.094E-18  2.195E-23  2.640E-33  0.000E+00  0.000E+00  0.000E+00  0.000E+00  0.000E+00  0.000E+00  0.000E+00  0.000E+00  0.000E+00  0.000E+00  0.000E+00  0.000E+00  0.000E+00
  324.5000  2.575E-03  2.310E-03  2.068E-03  1.858E-03  1.677E-03  1.521E-03  1.343E-03  1.194E-03  1.065E-03  9.310E-04  8.123E-04  7.210E-04  6.198E-04  5.330E-04  4.576E-04  3.915E-04  3.336E-04  2.832E-04  2.399E-04  2.014E-04  1.663E-04  1.389E-04  1.134E-04  9.350E-05  7.519E-05  6.056E-05  4.863E-05  3.807E-05  2.952E-05  2.262E-05  1.711E-05  1.277E-05  9.256E-06  6.534E-06  4.526E-06  2.934E-06  1.792E-06  9.633E-07  4.529E-07  1.485E-07  3.306E-08  4.151E-09  1.900E-10  3.751E-12  1.169E-14  2.948E-18  3.621E-23  5.541E-33  0.000E+00  0.000E+00  0.000E+00  0.000E+00  0.000E+00  0.000E+00  0.000E+00  0.000E+00  0.000E+00  0.000E+00  0.000E+00  0.000E+00  0.000E+00
  325.5000  2.701E-03  2.422E-03  2.167E-03  1.947E-03  1.757E-03  1.593E-03  1.407E-03  1.250E-03  1.116E-03  9.758E-04  8.517E-04  7.562E-04  6.505E-04  5.598E-04  4.808E-04  4.117E-04  3.511E-04  2.984E-04  2.530E-04  2.125E-04  1.755E-04  1.467E-04  1.199E-04  9.885E-05  7.950E-05  6.402E-05  5.140E-05  4.022E-05  3.117E-05  2.387E-05  1.804E-05  1.345E-05  9.728E-06  6.852E-06  4.727E-06  3.039E-06  1.834E-06  9.669E-07  4.427E-07  1.391E-07  2.949E-08  3.556E-09  1.621E-10  3.363E-12  1.139E-14  3.284E-18  4.777E-23  9.251E-33  0.000E+00  0.000E+00  0.000E+00  0.000E+00  0.000E+00  0.000E+00  0.000E+00  0.000E+00  0.000E+00  0.000E+00  0.000E+00  0.000E+00  0.000E+00
  326.5000  4.654E-03  4.183E-03  3.750E-03  3.375E-03  3.052E-03  2.773E-03  2.450E-03  2.177E-03  1.943E-03  1.696E-03  1.478E-03  1.310E-03  1.123E-03  9.627E-04  8.235E-04  7.019E-04  5.955E-04  5.035E-04  4.247E-04  3.553E-04  2.917E-04  2.428E-04  1.976E-04  1.626E-04  1.306E-04  1.052E-04  8.453E-05  6.633E-05  5.160E-05  3.971E-05  3.019E-05  2.267E-05  1.659E-05  1.184E-05  8.364E-06  5.621E-06  3.631E-06  2.135E-06  1.139E-06  4.574E-07  1.309E-07  2.109E-08  1.151E-09  2.396E-11  7.969E-14  2.158E-17  3.089E-22  6.859E-32  0.000E+00  0.000E+00  0.000E+00  0.000E+00  0.000E+00  0.000E+00  0.000E+00  0.000E+00  0.000E+00  0.000E+00  0.000E+00  0.000E+00  0.000E+00
  327.5000  3.841E-03  3.449E-03  3.088E-03  2.777E-03  2.508E-03  2.276E-03  2.010E-03  1.786E-03  1.593E-03  1.392E-03  1.213E-03  1.075E-03  9.227E-04  7.918E-04  6.783E-04  5.789E-04  4.920E-04  4.166E-04  3.521E-04  2.949E-04  2.427E-04  2.023E-04  1.649E-04  1.358E-04  1.091E-04  8.793E-05  7.065E-05  5.540E-05  4.305E-05  3.308E-05  2.511E-05  1.882E-05  1.373E-05  9.766E-06  6.858E-06  4.556E-06  2.889E-06  1.646E-06  8.394E-07  3.134E-07  8.201E-08  1.218E-08  6.463E-10  1.418E-11  5.169E-14  1.634E-17  2.829E-22  8.058E-32  0.000E+00  0.000E+00  0.000E+00  0.000E+00  0.000E+00  0.000E+00  0.000E+00  0.000E+00  0.000E+00  0.000E+00  0.000E+00  0.000E+00  0.000E+00
  328.5000  3.547E-03  3.184E-03  2.851E-03  2.563E-03  2.314E-03  2.099E-03  1.854E-03  1.646E-03  1.468E-03  1.282E-03  1.116E-03  9.897E-04  8.489E-04  7.283E-04  6.235E-04  5.320E-04  4.520E-04  3.826E-04  3.232E-04  2.707E-04  2.227E-04  1.856E-04  1.512E-04  1.245E-04  1.001E-04  8.062E-05  6.477E-05  5.079E-05  3.947E-05  3.034E-05  2.303E-05  1.726E-05  1.259E-05  8.960E-06  6.294E-06  4.185E-06  2.657E-06  1.518E-06  7.777E-07  2.933E-07  7.798E-08  1.186E-08  6.500E-10  1.485E-11  5.764E-14  1.997E-17  3.924E-22  1.370E-31  0.000E+00  0.000E+00  0.000E+00  0.000E+00  0.000E+00  0.000E+00  0.000E+00  0.000E+00  0.000E+00  0.000E+00  0.000E+00  0.000E+00  0.000E+00
  329.5000  6.147E-03  5.535E-03  4.971E-03  4.484E-03  4.064E-03  3.700E-03  3.273E-03  2.913E-03  2.603E-03  2.274E-03  1.981E-03  1.758E-03  1.506E-03  1.289E-03  1.101E-03  9.371E-04  7.935E-04  6.694E-04  5.634E-04  4.705E-04  3.848E-04  3.196E-04  2.595E-04  2.131E-04  1.709E-04  1.377E-04  1.106E-04  8.689E-05  6.772E-05  5.225E-05  3.986E-05  3.004E-05  2.212E-05  1.588E-05  1.133E-05  7.754E-06  5.148E-06  3.163E-06  1.801E-06  8.057E-07  2.650E-07  4.963E-08  3.109E-09  7.179E-11  2.790E-13  9.458E-17  1.898E-21  7.714E-31  0.000E+00  0.000E+00  0.000E+00  0.000E+00  0.000E+00  0.000E+00  0.000E+00  0.000E+00  0.000E+00  0.000E+00  0.000E+00  0.000E+00  0.000E+00
  330.5000  4.932E-03  4.434E-03  3.975E-03  3.580E-03  3.238E-03  2.943E-03  2.600E-03  2.311E-03  2.063E-03  1.801E-03  1.568E-03  1.391E-03  1.191E-03  1.021E-03  8.726E-04  7.431E-04  6.300E-04  5.322E-04  4.486E-04  3.750E-04  3.074E-04  2.557E-04  2.079E-04  1.710E-04  1.372E-04  1.106E-04  8.887E-05  6.977E-05  5.432E-05  4.185E-05  3.187E-05  2.397E-05  1.759E-05  1.259E-05  8.937E-06  6.055E-06  3.956E-06  2.367E-06  1.295E-06  5.435E-07  1.652E-07  2.881E-08  1.763E-09  4.283E-11  1.816E-13  7.119E-17  1.706E-21  8.751E-31  0.000E+00  0.000E+00  0.000E+00  0.000E+00  0.000E+00  0.000E+00  0.000E+00  0.000E+00  0.000E+00  0.000E+00  0.000E+00  0.000E+00  0.000E+00
  331.5000  4.747E-03  4.266E-03  3.823E-03  3.441E-03  3.110E-03  2.826E-03  2.496E-03  2.217E-03  1.978E-03  1.727E-03  1.503E-03  1.333E-03  1.142E-03  9.780E-04  8.360E-04  7.120E-04  6.037E-04  5.100E-04  4.299E-04  3.594E-04  2.947E-04  2.452E-04  1.994E-04  1.640E-04  1.316E-04  1.061E-04  8.523E-05  6.691E-05  5.208E-05  4.012E-05  3.054E-05  2.296E-05  1.684E-05  1.205E-05  8.544E-06  5.778E-06  3.766E-06  2.243E-06  1.221E-06  5.078E-07  1.531E-07  2.667E-08  1.659E-09  4.199E-11  1.902E-13  8.249E-17  2.261E-21  1.422E-30  0.000E+00  0.000E+00  0.000E+00  0.000E+00  0.000E+00  0.000E+00  0.000E+00  0.000E+00  0.000E+00  0.000E+00  0.000E+00  0.000E+00  0.000E+00
  332.5000  5.826E-03  5.250E-03  4.719E-03  4.261E-03  3.865E-03  3.524E-03  3.119E-03  2.778E-03  2.484E-03  2.171E-03  1.892E-03  1.680E-03  1.438E-03  1.231E-03  1.051E-03  8.935E-04  7.560E-04  6.372E-04  5.357E-04  4.471E-04  3.648E-04  3.027E-04  2.454E-04  2.014E-04  1.614E-04  1.299E-04  1.044E-04  8.204E-05  6.399E-05  4.944E-05  3.777E-05  2.852E-05  2.106E-05  1.515E-05  1.086E-05  7.486E-06  5.024E-06  3.143E-06  1.839E-06  8.626E-07  3.027E-07  6.140E-08  4.232E-09  1.090E-10  5.013E-13  2.188E-16  6.274E-21  4.621E-30  0.000E+00  0.000E+00  0.000E+00  0.000E+00  0.000E+00  0.000E+00  0.000E+00  0.000E+00  0.000E+00  0.000E+00  0.000E+00  0.000E+00  0.000E+00
  333.5000  4.968E-03  4.471E-03  4.012E-03  3.617E-03  3.275E-03  2.980E-03  2.634E-03  2.343E-03  2.093E-03  1.827E-03  1.591E-03  1.411E-03  1.208E-03  1.034E-03  8.832E-04  7.513E-04  6.361E-04  5.365E-04  4.515E-04  3.770E-04  3.082E-04  2.560E-04  2.078E-04  1.707E-04  1.369E-04  1.102E-04  8.859E-05  6.959E-05  5.424E-05  4.186E-05  3.193E-05  2.408E-05  1.773E-05  1.273E-05  9.093E-06  6.226E-06  4.134E-06  2.540E-06  1.446E-06  6.489E-07  2.156E-07  4.169E-08  2.843E-09  7.665E-11  3.811E-13  1.888E-16  6.338E-21  5.776E-30  0.000E+00  0.000E+00  0.000E+00  0.000E+00  0.000E+00  0.000E+00  0.000E+00  0.000E+00  0.000E+00  0.000E+00  0.000E+00  0.000E+00  0.000E+00
  334.5000  5.830E-03  5.250E-03  4.714E-03  4.252E-03  3.853E-03  3.509E-03  3.103E-03  2.761E-03  2.467E-03  2.155E-03  1.876E-03  1.665E-03  1.425E-03  1.219E-03  1.041E-03  8.848E-04  7.486E-04  6.310E-04  5.306E-04  4.428E-04  3.616E-04  3.000E-04  2.434E-04  1.998E-04  1.601E-04  1.289E-04  1.036E-04  8.137E-05  6.345E-05  4.900E-05  3.742E-05  2.824E-05  2.084E-05  1.498E-05  1.072E-05  7.373E-06  4.930E-06  3.065E-06  1.777E-06  8.221E-07  2.843E-07  5.753E-08  4.092E-09  1.139E-10  5.943E-13  3.152E-16  1.171E-20  1.278E-29  0.000E+00  0.000E+00  0.000E+00  0.000E+00  0.000E+00  0.000E+00  0.000E+00  0.000E+00  0.000E+00  0.000E+00  0.000E+00  0.000E+00  0.000E+00
  335.5000  6.603E-03  5.956E-03  5.358E-03  4.842E-03  4.397E-03  4.014E-03  3.555E-03  3.168E-03  2.836E-03  2.479E-03  2.161E-03  1.920E-03  1.643E-03  1.406E-03  1.200E-03  1.020E-03  8.620E-04  7.258E-04  6.097E-04  5.084E-04  4.141E-04  3.432E-04  2.779E-04  2.279E-04  1.823E-04  1.468E-04  1.179E-04  9.267E-05  7.233E-05  5.593E-05  4.279E-05  3.237E-05  2.397E-05  1.727E-05  1.243E-05  8.616E-06  5.836E-06  3.708E-06  2.223E-06  1.087E-06  4.045E-07  8.834E-08  6.666E-09  1.905E-10  1.030E-12  5.729E-16  2.310E-20  2.994E-29  0.000E+00  0.000E+00  0.000E+00  0.000E+00  0.000E+00  0.000E+00  0.000E+00  0.000E+00  0.000E+00  0.000E+00  0.000E+00  0.000E+00  0.000E+00
  336.5000  4.995E-03  4.503E-03  4.048E-03  3.656E-03  3.317E-03  3.026E-03  2.678E-03  2.385E-03  2.134E-03  1.864E-03  1.624E-03  1.442E-03  1.234E-03  1.056E-03  9.010E-04  7.655E-04  6.472E-04  5.450E-04  4.578E-04  3.818E-04  3.111E-04  2.579E-04  2.089E-04  1.713E-04  1.371E-04  1.104E-04  8.869E-05  6.969E-05  5.438E-05  4.204E-05  3.215E-05  2.431E-05  1.799E-05  1.296E-05  9.313E-06  6.447E-06  4.355E-06  2.755E-06  1.640E-06  7.934E-07  2.916E-07  6.330E-08  4.835E-09  1.436E-10  8.268E-13  5.064E-16  2.319E-20  3.639E-29  0.000E+00  0.000E+00  0.000E+00  0.000E+00  0.000E+00  0.000E+00  0.000E+00  0.000E+00  0.000E+00  0.000E+00  0.000E+00  0.000E+00  0.000E+00
  337.5000  5.072E-03  4.566E-03  4.099E-03  3.697E-03  3.349E-03  3.049E-03  2.696E-03  2.398E-03  2.142E-03  1.870E-03  1.628E-03  1.444E-03  1.236E-03  1.057E-03  9.021E-04  7.666E-04  6.484E-04  5.462E-04  4.591E-04  3.831E-04  3.126E-04  2.593E-04  2.103E-04  1.725E-04  1.382E-04  1.113E-04  8.941E-05  7.025E-05  5.479E-05  4.232E-05  3.233E-05  2.441E-05  1.803E-05  1.297E-05  9.296E-06  6.403E-06  4.292E-06  2.679E-06  1.564E-06  7.323E-07  2.586E-07  5.424E-08  4.127E-09  1.279E-10  7.893E-13  5.412E-16  2.855E-20  5.457E-29  0.000E+00  0.000E+00  0.000E+00  0.000E+00  0.000E+00  0.000E+00  0.000E+00  0.000E+00  0.000E+00  0.000E+00  0.000E+00  0.000E+00  0.000E+00
  338.5000  6.021E-03  5.430E-03  4.884E-03  4.414E-03  4.008E-03  3.658E-03  3.239E-03  2.886E-03  2.583E-03  2.257E-03  1.967E-03  1.747E-03  1.495E-03  1.279E-03  1.091E-03  9.264E-04  7.828E-04  6.588E-04  5.530E-04  4.610E-04  3.751E-04  3.107E-04  2.515E-04  2.061E-04  1.648E-04  1.327E-04  1.066E-04  8.373E-05  6.536E-05  5.056E-05  3.870E-05  2.929E-05  2.171E-05  1.566E-05  1.128E-05  7.832E-06  5.319E-06  3.396E-06  2.052E-06  1.019E-06  3.888E-07  8.849E-08  7.163E-09  2.274E-10  1.450E-12  1.034E-15  5.866E-20  1.315E-28  0.000E+00  0.000E+00  0.000E+00  0.000E+00  0.000E+00  0.000E+00  0.000E+00  0.000E+00  0.000E+00  0.000E+00  0.000E+00  0.000E+00  0.000E+00
  339.5000  6.652E-03  6.001E-03  5.399E-03  4.880E-03  4.432E-03  4.046E-03  3.583E-03  3.193E-03  2.859E-03  2.498E-03  2.177E-03  1.934E-03  1.655E-03  1.415E-03  1.207E-03  1.025E-03  8.657E-04  7.283E-04  6.112E-04  5.093E-04  4.142E-04  3.430E-04  2.774E-04  2.273E-04  1.818E-04  1.463E-04  1.175E-04  9.229E-05  7.205E-05  5.575E-05  4.269E-05  3.232E-05  2.397E-05  1.730E-05  1.247E-05  8.673E-06  5.903E-06  3.784E-06  2.301E-06  1.156E-06  4.483E-07  1.043E-07  8.682E-09  2.848E-10  1.910E-12  1.469E-15  9.254E-20  2.467E-28  0.000E+00  0.000E+00  0.000E+00  0.000E+00  0.000E+00  0.000E+00  0.000E+00  0.000E+00  0.000E+00  0.000E+00  0.000E+00  0.000E+00  0.000E+00
  340.5000  6.809E-03  6.137E-03  5.516E-03  4.982E-03  4.520E-03  4.122E-03  3.647E-03  3.248E-03  2.905E-03  2.537E-03  2.210E-03  1.962E-03  1.678E-03  1.435E-03  1.223E-03  1.039E-03  8.776E-04  7.384E-04  6.198E-04  5.166E-04  4.204E-04  3.482E-04  2.818E-04  2.310E-04  1.848E-04  1.487E-04  1.194E-04  9.384E-05  7.324E-05  5.665E-05  4.335E-05  3.281E-05  2.431E-05  1.753E-05  1.262E-05  8.758E-06  5.940E-06  3.784E-06  2.279E-06  1.127E-06  4.290E-07  9.845E-08  8.250E-09  2.808E-10  2.002E-12  1.695E-15  1.209E-19  3.874E-28  0.000E+00  0.000E+00  0.000E+00  0.000E+00  0.000E+00  0.000E+00  0.000E+00  0.000E+00  0.000E+00  0.000E+00  0.000E+00  0.000E+00  0.000E+00
  341.5000  6.434E-03  5.806E-03  5.224E-03  4.723E-03  4.291E-03  3.918E-03  3.470E-03  3.093E-03  2.770E-03  2.421E-03  2.110E-03  1.874E-03  1.603E-03  1.371E-03  1.169E-03  9.925E-04  8.381E-04  7.048E-04  5.912E-04  4.925E-04  4.002E-04  3.312E-04  2.678E-04  2.193E-04  1.753E-04  1.410E-04  1.132E-04  8.896E-05  6.947E-05  5.377E-05  4.119E-05  3.121E-05  2.317E-05  1.673E-05  1.207E-05  8.416E-06  5.745E-06  3.701E-06  2.269E-06  1.157E-06  4.589E-07  1.103E-07  9.629E-09  3.371E-10  2.503E-12  2.243E-15  1.747E-19  6.587E-28  0.000E+00  0.000E+00  0.000E+00  0.000E+00  0.000E+00  0.000E+00  0.000E+00  0.000E+00  0.000E+00  0.000E+00  0.000E+00  0.000E+00  0.000E+00
  342.5000  7.211E-03  6.508E-03  5.857E-03  5.296E-03  4.812E-03  4.395E-03  3.893E-03  3.471E-03  3.108E-03  2.717E-03  2.368E-03  2.104E-03  1.799E-03  1.538E-03  1.312E-03  1.113E-03  9.399E-04  7.902E-04  6.627E-04  5.520E-04  4.483E-04  3.709E-04  2.997E-04  2.454E-04  1.961E-04  1.577E-04  1.266E-04  9.949E-05  7.769E-05  6.015E-05  4.609E-05  3.494E-05  2.595E-05  1.874E-05  1.354E-05  9.445E-06  6.458E-06  4.173E-06  2.570E-06  1.322E-06  5.312E-07  1.300E-07  1.164E-08  4.205E-10  3.281E-12  3.164E-15  2.729E-19  1.215E-27  0.000E+00  0.000E+00  0.000E+00  0.000E+00  0.000E+00  0.000E+00  0.000E+00  0.000E+00  0.000E+00  0.000E+00  0.000E+00  0.000E+00  0.000E+00
  343.5000  7.333E-03  6.615E-03  5.950E-03  5.377E-03  4.883E-03  4.458E-03  3.946E-03  3.516E-03  3.147E-03  2.750E-03  2.395E-03  2.127E-03  1.819E-03  1.555E-03  1.326E-03  1.125E-03  9.496E-04  7.984E-04  6.695E-04  5.576E-04  4.530E-04  3.748E-04  3.029E-04  2.480E-04  1.982E-04  1.594E-04  1.280E-04  1.006E-04  7.852E-05  6.078E-05  4.656E-05  3.529E-05  2.620E-05  1.892E-05  1.366E-05  9.522E-06  6.502E-06  4.192E-06  2.573E-06  1.316E-06  5.264E-07  1.288E-07  1.170E-08  4.373E-10  3.602E-12  3.777E-15  3.640E-19  1.923E-27  0.000E+00  0.000E+00  0.000E+00  0.000E+00  0.000E+00  0.000E+00  0.000E+00  0.000E+00  0.000E+00  0.000E+00  0.000E+00  0.000E+00  0.000E+00
  344.5000  5.021E-03  4.527E-03  4.069E-03  3.676E-03  3.336E-03  3.043E-03  2.693E-03  2.398E-03  2.145E-03  1.873E-03  1.631E-03  1.448E-03  1.238E-03  1.058E-03  9.018E-04  7.652E-04  6.459E-04  5.430E-04  4.554E-04  3.793E-04  3.082E-04  2.550E-04  2.062E-04  1.688E-04  1.349E-04  1.085E-04  8.714E-05  6.847E-05  5.345E-05  4.137E-05  3.169E-05  2.401E-05  1.782E-05  1.286E-05  9.280E-06  6.464E-06  4.407E-06  2.834E-06  1.732E-06  8.805E-07  3.496E-07  8.537E-08  7.850E-09  3.035E-10  2.638E-12  3.008E-15  3.239E-19  2.028E-27  0.000E+00  0.000E+00  0.000E+00  0.000E+00  0.000E+00  0.000E+00  0.000E+00  0.000E+00  0.000E+00  0.000E+00  0.000E+00  0.000E+00  0.000E+00
  345.5000  7.316E-03  6.604E-03  5.943E-03  5.375E-03  4.885E-03  4.463E-03  3.953E-03  3.524E-03  3.157E-03  2.759E-03  2.404E-03  2.136E-03  1.827E-03  1.561E-03  1.331E-03  1.129E-03  9.527E-04  8.005E-04  6.709E-04  5.585E-04  4.531E-04  3.746E-04  3.025E-04  2.475E-04  1.976E-04  1.589E-04  1.275E-04  1.002E-04  7.826E-05  6.061E-05  4.647E-05  3.525E-05  2.621E-05  1.895E-05  1.370E-05  9.582E-06  6.573E-06  4.271E-06  2.654E-06  1.388E-06  5.734E-07  1.463E-07  1.399E-08  5.552E-10  5.015E-12  6.030E-15  7.047E-19  5.124E-27  0.000E+00  0.000E+00  0.000E+00  0.000E+00  0.000E+00  0.000E+00  0.000E+00  0.000E+00  0.000E+00  0.000E+00  0.000E+00  0.000E+00  0.000E+00
  346.5000  6.594E-03  5.947E-03  5.348E-03  4.832E-03  4.387E-03  4.004E-03  3.543E-03  3.156E-03  2.824E-03  2.467E-03  2.148E-03  1.907E-03  1.630E-03  1.393E-03  1.187E-03  1.007E-03  8.497E-04  7.140E-04  5.985E-04  4.983E-04  4.045E-04  3.345E-04  2.702E-04  2.212E-04  1.767E-04  1.421E-04  1.140E-04  8.959E-05  6.996E-05  5.416E-05  4.151E-05  3.147E-05  2.338E-05  1.689E-05  1.221E-05  8.520E-06  5.827E-06  3.769E-06  2.325E-06  1.202E-06  4.896E-07  1.239E-07  1.195E-08  4.904E-10  4.679E-12  6.129E-15  8.009E-19  6.901E-27  0.000E+00  0.000E+00  0.000E+00  0.000E+00  0.000E+00  0.000E+00  0.000E+00  0.000E+00  0.000E+00  0.000E+00  0.000E+00  0.000E+00  0.000E+00
  347.5000  6.472E-03  5.838E-03  5.250E-03  4.743E-03  4.307E-03  3.930E-03  3.478E-03  3.098E-03  2.773E-03  2.421E-03  2.109E-03  1.872E-03  1.600E-03  1.367E-03  1.165E-03  9.877E-04  8.333E-04  7.000E-04  5.866E-04  4.883E-04  3.963E-04  3.276E-04  2.646E-04  2.165E-04  1.729E-04  1.390E-04  1.116E-04  8.767E-05  6.846E-05  5.301E-05  4.063E-05  3.081E-05  2.290E-05  1.655E-05  1.196E-05  8.355E-06  5.720E-06  3.705E-06  2.293E-06  1.192E-06  4.896E-07  1.255E-07  1.237E-08  5.230E-10  5.230E-12  7.349E-15  1.058E-18  1.066E-26  0.000E+00  0.000E+00  0.000E+00  0.000E+00  0.000E+00  0.000E+00  0.000E+00  0.000E+00  0.000E+00  0.000E+00  0.000E+00  0.000E+00  0.000E+00
  348.5000  7.212E-03  6.506E-03  5.852E-03  5.289E-03  4.803E-03  4.384E-03  3.881E-03  3.457E-03  3.095E-03  2.703E-03  2.354E-03  2.090E-03  1.786E-03  1.526E-03  1.300E-03  1.102E-03  9.297E-04  7.809E-04  6.542E-04  5.445E-04  4.416E-04  3.650E-04  2.947E-04  2.410E-04  1.924E-04  1.547E-04  1.241E-04  9.751E-05  7.615E-05  5.898E-05  4.522E-05  3.430E-05  2.552E-05  1.844E-05  1.334E-05  9.328E-06  6.397E-06  4.157E-06  2.584E-06  1.355E-06  5.643E-07  1.473E-07  1.486E-08  6.467E-10  6.761E-12  1.015E-14  1.602E-18  1.882E-26  0.000E+00  0.000E+00  0.000E+00  0.000E+00  0.000E+00  0.000E+00  0.000E+00  0.000E+00  0.000E+00  0.000E+00  0.000E+00  0.000E+00  0.000E+00
  349.5000  6.034E-03  5.443E-03  4.895E-03  4.424E-03  4.017E-03  3.666E-03  3.245E-03  2.890E-03  2.586E-03  2.259E-03  1.967E-03  1.746E-03  1.492E-03  1.274E-03  1.085E-03  9.202E-04  7.760E-04  6.517E-04  5.459E-04  4.542E-04  3.683E-04  3.044E-04  2.457E-04  2.009E-04  1.604E-04  1.289E-04  1.035E-04  8.127E-05  6.346E-05  4.915E-05  3.769E-05  2.860E-05  2.127E-05  1.538E-05  1.112E-05  7.781E-06  5.338E-06  3.471E-06  2.161E-06  1.136E-06  4.755E-07  1.253E-07  1.288E-08  5.777E-10  6.327E-12  1.019E-14  1.769E-18  2.422E-26  0.000E+00  0.000E+00  0.000E+00  0.000E+00  0.000E+00  0.000E+00  0.000E+00  0.000E+00  0.000E+00  0.000E+00  0.000E+00  0.000E+00  0.000E+00
  350.5000  8.477E-03  7.647E-03  6.878E-03  6.214E-03  5.643E-03  5.150E-03  4.558E-03  4.060E-03  3.633E-03  3.172E-03  2.762E-03  2.452E-03  2.095E-03  1.789E-03  1.524E-03  1.292E-03  1.089E-03  9.143E-04  7.657E-04  6.371E-04  5.164E-04  4.266E-04  3.443E-04  2.815E-04  2.247E-04  1.806E-04  1.449E-04  1.138E-04  8.888E-05  6.884E-05  5.279E-05  4.006E-05  2.981E-05  2.156E-05  1.560E-05  1.092E-05  7.494E-06  4.880E-06  3.046E-06  1.609E-06  6.784E-07  1.810E-07  1.898E-08  8.759E-10  1.003E-11  1.729E-14  3.294E-18  5.241E-26  0.000E+00  0.000E+00  0.000E+00  0.000E+00  0.000E+00  0.000E+00  0.000E+00  0.000E+00  0.000E+00  0.000E+00  0.000E+00  0.000E+00  0.000E+00
  351.5000  7.270E-03  6.557E-03  5.896E-03  5.327E-03  4.835E-03  4.412E-03  3.904E-03  3.477E-03  3.111E-03  2.715E-03  2.364E-03  2.098E-03  1.792E-03  1.531E-03  1.303E-03  1.104E-03  9.310E-04  7.815E-04  6.544E-04  5.444E-04  4.412E-04  3.644E-04  2.941E-04  2.404E-04  1.919E-04  1.542E-04  1.237E-04  9.716E-05  7.588E-05  5.877E-05  4.507E-05  3.420E-05  2.546E-05  1.841E-05  1.332E-05  9.322E-06  6.401E-06  4.169E-06  2.603E-06  1.377E-06  5.825E-07  1.566E-07  1.671E-08  7.939E-10  9.522E-12  1.759E-14  3.679E-18  6.797E-26  0.000E+00  0.000E+00  0.000E+00  0.000E+00  0.000E+00  0.000E+00  0.000E+00  0.000E+00  0.000E+00  0.000E+00  0.000E+00  0.000E+00  0.000E+00
  352.5000  6.588E-03  5.942E-03  5.343E-03  4.827E-03  4.382E-03  3.999E-03  3.538E-03  3.150E-03  2.819E-03  2.461E-03  2.142E-03  1.901E-03  1.624E-03  1.386E-03  1.180E-03  1.000E-03  8.429E-04  7.074E-04  5.922E-04  4.926E-04  3.991E-04  3.296E-04  2.659E-04  2.173E-04  1.734E-04  1.393E-04  1.118E-04  8.777E-05  6.855E-05  5.310E-05  4.073E-05  3.091E-05  2.302E-05  1.665E-05  1.205E-05  8.438E-06  5.798E-06  3.783E-06  2.368E-06  1.259E-06  5.369E-07  1.462E-07  1.591E-08  7.772E-10  9.735E-12  1.919E-14  4.390E-18  9.386E-26  0.000E+00  0.000E+00  0.000E+00  0.000E+00  0.000E+00  0.000E+00  0.000E+00  0.000E+00  0.000E+00  0.000E+00  0.000E+00  0.000E+00  0.000E+00
  353.5000  7.988E-03  7.205E-03  6.480E-03  5.854E-03  5.315E-03  4.850E-03  4.292E-03  3.822E-03  3.420E-03  2.985E-03  2.598E-03  2.306E-03  1.970E-03  1.682E-03  1.431E-03  1.213E-03  1.022E-03  8.575E-04  7.177E-04  5.968E-04  4.833E-04  3.990E-04  3.218E-04  2.630E-04  2.098E-04  1.685E-04  1.352E-04  1.062E-04  8.290E-05  6.423E-05  4.927E-05  3.741E-05  2.786E-05  2.016E-05  1.460E-05  1.023E-05  7.037E-06  4.600E-06  2.888E-06  1.544E-06  6.647E-07  1.835E-07  2.038E-08  1.023E-09  1.337E-11  2.807E-14  7.009E-18  1.730E-25  0.000E+00  0.000E+00  0.000E+00  0.000E+00  0.000E+00  0.000E+00  0.000E+00  0.000E+00  0.000E+00  0.000E+00  0.000E+00  0.000E+00  0.000E+00
  354.5000  8.698E-03  7.846E-03  7.056E-03  6.376E-03  5.789E-03  5.283E-03  4.675E-03  4.163E-03  3.725E-03  3.252E-03  2.830E-03  2.512E-03  2.145E-03  1.831E-03  1.559E-03  1.320E-03  1.112E-03  9.332E-04  7.808E-04  6.492E-04  5.255E-04  4.338E-04  3.497E-04  2.857E-04  2.279E-04  1.830E-04  1.468E-04  1.153E-04  9.002E-05  6.975E-05  5.352E-05  4.064E-05  3.028E-05  2.191E-05  1.587E-05  1.113E-05  7.664E-06  5.019E-06  3.160E-06  1.699E-06  7.373E-07  2.062E-07  2.335E-08  1.204E-09  1.641E-11  3.670E-14  9.991E-18  2.841E-25  0.000E+00  0.000E+00  0.000E+00  0.000E+00  0.000E+00  0.000E+00  0.000E+00  0.000E+00  0.000E+00  0.000E+00  0.000E+00  0.000E+00  0.000E+00
  355.5000  8.135E-03  7.338E-03  6.599E-03  5.962E-03  5.413E-03  4.940E-03  4.370E-03  3.892E-03  3.482E-03  3.039E-03  2.645E-03  2.347E-03  2.004E-03  1.711E-03  1.456E-03  1.233E-03  1.039E-03  8.711E-04  7.287E-04  6.058E-04  4.903E-04  4.046E-04  3.261E-04  2.664E-04  2.124E-04  1.706E-04  1.368E-04  1.074E-04  8.389E-05  6.500E-05  4.988E-05  3.788E-05  2.823E-05  2.043E-05  1.481E-05  1.039E-05  7.155E-06  4.689E-06  2.958E-06  1.595E-06  6.963E-07  1.967E-07  2.268E-08  1.201E-09  1.708E-11  4.071E-14  1.209E-17  3.956E-25  0.000E+00  0.000E+00  0.000E+00  0.000E+00  0.000E+00  0.000E+00  0.000E+00  0.000E+00  0.000E+00  0.000E+00  0.000E+00  0.000E+00  0.000E+00
  356.5000  7.548E-03  6.808E-03  6.122E-03  5.531E-03  5.020E-03  4.581E-03  4.053E-03  3.608E-03  3.228E-03  2.817E-03  2.451E-03  2.175E-03  1.857E-03  1.585E-03  1.348E-03  1.142E-03  9.617E-04  8.065E-04  6.745E-04  5.607E-04  4.536E-04  3.743E-04  3.016E-04  2.464E-04  1.964E-04  1.577E-04  1.264E-04  9.929E-05  7.754E-05  6.008E-05  4.611E-05  3.503E-05  2.611E-05  1.890E-05  1.370E-05  9.610E-06  6.623E-06  4.344E-06  2.744E-06  1.484E-06  6.512E-07  1.857E-07  2.178E-08  1.185E-09  1.757E-11  4.460E-14  1.443E-17  5.425E-25  0.000E+00  0.000E+00  0.000E+00  0.000E+00  0.000E+00  0.000E+00  0.000E+00  0.000E+00  0.000E+00  0.000E+00  0.000E+00  0.000E+00  0.000E+00
  357.5000  6.412E-03  5.783E-03  5.200E-03  4.697E-03  4.263E-03  3.890E-03  3.441E-03  3.063E-03  2.740E-03  2.390E-03  2.080E-03  1.845E-03  1.575E-03  1.344E-03  1.143E-03  9.680E-04  8.151E-04  6.834E-04  5.715E-04  4.750E-04  3.842E-04  3.170E-04  2.554E-04  2.085E-04  1.662E-04  1.335E-04  1.070E-04  8.401E-05  6.561E-05  5.084E-05  3.902E-05  2.964E-05  2.210E-05  1.600E-05  1.160E-05  8.139E-06  5.611E-06  3.683E-06  2.329E-06  1.263E-06  5.567E-07  1.601E-07  1.911E-08  1.068E-09  1.650E-11  4.457E-14  1.569E-17  6.767E-25  0.000E+00  0.000E+00  0.000E+00  0.000E+00  0.000E+00  0.000E+00  0.000E+00  0.000E+00  0.000E+00  0.000E+00  0.000E+00  0.000E+00  0.000E+00
  358.5000  4.964E-03  4.477E-03  4.025E-03  3.636E-03  3.300E-03  3.011E-03  2.663E-03  2.371E-03  2.121E-03  1.850E-03  1.610E-03  1.428E-03  1.219E-03  1.040E-03  8.847E-04  7.488E-04  6.304E-04  5.284E-04  4.418E-04  3.671E-04  2.968E-04  2.448E-04  1.972E-04  1.610E-04  1.283E-04  1.030E-04  8.258E-05  6.483E-05  5.063E-05  3.923E-05  3.012E-05  2.288E-05  1.706E-05  1.235E-05  8.958E-06  6.290E-06  4.339E-06  2.852E-06  1.807E-06  9.836E-07  4.365E-07  1.269E-07  1.542E-08  8.840E-10  1.422E-11  4.079E-14  1.559E-17  7.694E-25  0.000E+00  0.000E+00  0.000E+00  0.000E+00  0.000E+00  0.000E+00  0.000E+00  0.000E+00  0.000E+00  0.000E+00  0.000E+00  0.000E+00  0.000E+00
  359.5000  8.356E-03  7.536E-03  6.775E-03  6.120E-03  5.554E-03  5.067E-03  4.481E-03  3.988E-03  3.567E-03  3.112E-03  2.707E-03  2.401E-03  2.049E-03  1.748E-03  1.487E-03  1.258E-03  1.059E-03  8.876E-04  7.420E-04  6.165E-04  4.983E-04  4.109E-04  3.310E-04  2.702E-04  2.152E-04  1.728E-04  1.385E-04  1.087E-04  8.490E-05  6.580E-05  5.051E-05  3.838E-05  2.863E-05  2.073E-05  1.503E-05  1.056E-05  7.287E-06  4.793E-06  3.042E-06  1.660E-06  7.406E-07  2.173E-07  2.685E-08  1.579E-09  2.644E-11  8.055E-14  3.343E-17  1.884E-24  0.000E+00  0.000E+00  0.000E+00  0.000E+00  0.000E+00  0.000E+00  0.000E+00  0.000E+00  0.000E+00  0.000E+00  0.000E+00  0.000E+00  0.000E+00
  360.5000  7.750E-03  6.989E-03  6.283E-03  5.675E-03  5.150E-03  4.698E-03  4.154E-03  3.697E-03  3.306E-03  2.884E-03  2.508E-03  2.225E-03  1.899E-03  1.619E-03  1.377E-03  1.165E-03  9.805E-04  8.216E-04  6.867E-04  5.704E-04  4.610E-04  3.801E-04  3.060E-04  2.498E-04  1.990E-04  1.597E-04  1.280E-04  1.005E-04  7.845E-05  6.080E-05  4.668E-05  3.547E-05  2.647E-05  1.916E-05  1.390E-05  9.769E-06  6.744E-06  4.440E-06  2.821E-06  1.545E-06  6.926E-07  2.052E-07  2.577E-08  1.554E-09  2.707E-11  8.750E-14  3.936E-17  2.530E-24  0.000E+00  0.000E+00  0.000E+00  0.000E+00  0.000E+00  0.000E+00  0.000E+00  0.000E+00  0.000E+00  0.000E+00  0.000E+00  0.000E+00  0.000E+00
  361.5000  7.003E-03  6.316E-03  5.677E-03  5.128E-03  4.653E-03  4.244E-03  3.753E-03  3.340E-03  2.987E-03  2.605E-03  2.265E-03  2.009E-03  1.714E-03  1.462E-03  1.242E-03  1.052E-03  8.848E-04  7.413E-04  6.194E-04  5.144E-04  4.156E-04  3.426E-04  2.758E-04  2.250E-04  1.792E-04  1.439E-04  1.153E-04  9.047E-05  7.065E-05  5.476E-05  4.204E-05  3.195E-05  2.385E-05  1.727E-05  1.253E-05  8.809E-06  6.085E-06  4.010E-06  2.553E-06  1.402E-06  6.326E-07  1.892E-07  2.418E-08  1.495E-09  2.706E-11  9.267E-14  4.512E-17  3.300E-24  0.000E+00  0.000E+00  0.000E+00  0.000E+00  0.000E+00  0.000E+00  0.000E+00  0.000E+00  0.000E+00  0.000E+00  0.000E+00  0.000E+00  0.000E+00
  362.5000  8.235E-03  7.426E-03  6.677E-03  6.029E-03  5.471E-03  4.990E-03  4.412E-03  3.926E-03  3.511E-03  3.061E-03  2.662E-03  2.361E-03  2.014E-03  1.717E-03  1.460E-03  1.235E-03  1.039E-03  8.702E-04  7.270E-04  6.037E-04  4.876E-04  4.018E-04  3.234E-04  2.638E-04  2.101E-04  1.686E-04  1.351E-04  1.060E-04  8.278E-05  6.416E-05  4.927E-05  3.745E-05  2.796E-05  2.025E-05  1.470E-05  1.033E-05  7.142E-06  4.711E-06  3.004E-06  1.655E-06  7.507E-07  2.267E-07  2.945E-08  1.865E-09  3.508E-11  1.272E-13  6.698E-17  5.567E-24  0.000E+00  0.000E+00  0.000E+00  0.000E+00  0.000E+00  0.000E+00  0.000E+00  0.000E+00  0.000E+00  0.000E+00  0.000E+00  0.000E+00  0.000E+00
  363.5000  7.330E-03  6.611E-03  5.943E-03  5.366E-03  4.869E-03  4.440E-03  3.926E-03  3.493E-03  3.123E-03  2.723E-03  2.368E-03  2.100E-03  1.791E-03  1.527E-03  1.297E-03  1.097E-03  9.231E-04  7.731E-04  6.457E-04  5.361E-04  4.329E-04  3.567E-04  2.870E-04  2.341E-04  1.864E-04  1.496E-04  1.198E-04  9.401E-05  7.342E-05  5.690E-05  4.370E-05  3.322E-05  2.480E-05  1.797E-05  1.304E-05  9.175E-06  6.343E-06  4.188E-06  2.674E-06  1.478E-06  6.734E-07  2.052E-07  2.708E-08  1.758E-09  3.433E-11  1.318E-13  7.494E-17  7.065E-24  0.000E+00  0.000E+00  0.000E+00  0.000E+00  0.000E+00  0.000E+00  0.000E+00  0.000E+00  0.000E+00  0.000E+00  0.000E+00  0.000E+00  0.000E+00
  364.5000  7.994E-03  7.209E-03  6.481E-03  5.851E-03  5.308E-03  4.840E-03  4.279E-03  3.807E-03  3.403E-03  2.967E-03  2.579E-03  2.287E-03  1.950E-03  1.662E-03  1.413E-03  1.195E-03  1.005E-03  8.412E-04  7.025E-04  5.832E-04  4.708E-04  3.878E-04  3.120E-04  2.544E-04  2.025E-04  1.625E-04  1.301E-04  1.021E-04  7.975E-05  6.182E-05  4.747E-05  3.610E-05  2.695E-05  1.953E-05  1.418E-05  9.976E-06  6.899E-06  4.558E-06  2.913E-06  1.614E-06  7.389E-07  2.270E-07  3.043E-08  2.023E-09  4.101E-11  1.665E-13  1.022E-16  1.092E-23  0.000E+00  0.000E+00  0.000E+00  0.000E+00  0.000E+00  0.000E+00  0.000E+00  0.000E+00  0.000E+00  0.000E+00  0.000E+00  0.000E+00  0.000E+00
  365.5000  9.734E-03  8.777E-03  7.888E-03  7.122E-03  6.460E-03  5.891E-03  5.207E-03  4.631E-03  4.140E-03  3.609E-03  3.137E-03  2.781E-03  2.371E-03  2.021E-03  1.717E-03  1.452E-03  1.221E-03  1.022E-03  8.532E-04  7.082E-04  5.715E-04  4.707E-04  3.786E-04  3.087E-04  2.457E-04  1.971E-04  1.578E-04  1.239E-04  9.672E-05  7.497E-05  5.758E-05  4.378E-05  3.270E-05  2.369E-05  1.720E-05  1.211E-05  8.377E-06  5.537E-06  3.543E-06  1.967E-06  9.044E-07  2.801E-07  3.813E-08  2.595E-09  5.459E-11  2.343E-13  1.552E-16  1.874E-23  0.000E+00  0.000E+00  0.000E+00  0.000E+00  0.000E+00  0.000E+00  0.000E+00  0.000E+00  0.000E+00  0.000E+00  0.000E+00  0.000E+00  0.000E+00
  366.5000  1.031E-02  9.301E-03  8.360E-03  7.546E-03  6.845E-03  6.241E-03  5.516E-03  4.906E-03  4.385E-03  3.822E-03  3.322E-03  2.944E-03  2.510E-03  2.139E-03  1.817E-03  1.536E-03  1.291E-03  1.081E-03  9.023E-04  7.488E-04  6.041E-04  4.975E-04  4.001E-04  3.261E-04  2.595E-04  2.082E-04  1.667E-04  1.308E-04  1.021E-04  7.915E-05  6.080E-05  4.624E-05  3.454E-05  2.503E-05  1.818E-05  1.280E-05  8.858E-06  5.860E-06  3.755E-06  2.091E-06  9.661E-07  3.018E-07  4.174E-08  2.907E-09  6.341E-11  2.873E-13  2.048E-16  2.792E-23  0.000E+00  0.000E+00  0.000E+00  0.000E+00  0.000E+00  0.000E+00  0.000E+00  0.000E+00  0.000E+00  0.000E+00  0.000E+00  0.000E+00  0.000E+00
  367.5000  9.807E-03  8.842E-03  7.948E-03  7.174E-03  6.506E-03  5.932E-03  5.242E-03  4.662E-03  4.167E-03  3.631E-03  3.156E-03  2.797E-03  2.384E-03  2.031E-03  1.726E-03  1.459E-03  1.226E-03  1.026E-03  8.562E-04  7.104E-04  5.730E-04  4.717E-04  3.793E-04  3.091E-04  2.459E-04  1.972E-04  1.579E-04  1.239E-04  9.673E-05  7.498E-05  5.760E-05  4.381E-05  3.273E-05  2.372E-05  1.723E-05  1.214E-05  8.404E-06  5.565E-06  3.571E-06  1.994E-06  9.258E-07  2.918E-07  4.097E-08  2.920E-09  6.600E-11  3.155E-13  2.419E-16  3.716E-23  0.000E+00  0.000E+00  0.000E+00  0.000E+00  0.000E+00  0.000E+00  0.000E+00  0.000E+00  0.000E+00  0.000E+00  0.000E+00  0.000E+00  0.000E+00
  368.5000  8.617E-03  7.769E-03  6.983E-03  6.302E-03  5.715E-03  5.210E-03  4.604E-03  4.094E-03  3.658E-03  3.188E-03  2.770E-03  2.455E-03  2.092E-03  1.782E-03  1.514E-03  1.279E-03  1.075E-03  8.995E-04  7.506E-04  6.227E-04  5.021E-04  4.133E-04  3.322E-04  2.707E-04  2.153E-04  1.727E-04  1.382E-04  1.084E-04  8.467E-05  6.563E-05  5.042E-05  3.835E-05  2.866E-05  2.077E-05  1.509E-05  1.063E-05  7.365E-06  4.880E-06  3.135E-06  1.755E-06  8.185E-07  2.600E-07  3.706E-08  2.702E-09  6.326E-11  3.189E-13  2.628E-16  4.543E-23  0.000E+00  0.000E+00  0.000E+00  0.000E+00  0.000E+00  0.000E+00  0.000E+00  0.000E+00  0.000E+00  0.000E+00  0.000E+00  0.000E+00  0.000E+00
  369.5000  1.034E-02  9.322E-03  8.378E-03  7.561E-03  6.856E-03  6.249E-03  5.522E-03  4.909E-03  4.387E-03  3.822E-03  3.320E-03  2.942E-03  2.508E-03  2.136E-03  1.814E-03  1.533E-03  1.288E-03  1.077E-03  8.986E-04  7.453E-04  6.008E-04  4.945E-04  3.974E-04  3.238E-04  2.575E-04  2.064E-04  1.652E-04  1.296E-04  1.012E-04  7.845E-05  6.027E-05  4.585E-05  3.427E-05  2.484E-05  1.805E-05  1.272E-05  8.815E-06  5.845E-06  3.759E-06  2.109E-06  9.880E-07  3.164E-07  4.577E-08  3.412E-09  8.272E-11  4.393E-13  3.887E-16  7.551E-23  0.000E+00  0.000E+00  0.000E+00  0.000E+00  0.000E+00  0.000E+00  0.000E+00  0.000E+00  0.000E+00  0.000E+00  0.000E+00  0.000E+00  0.000E+00
  370.5000  9.382E-03  8.459E-03  7.602E-03  6.860E-03  6.220E-03  5.669E-03  5.008E-03  4.452E-03  3.978E-03  3.465E-03  3.010E-03  2.667E-03  2.273E-03  1.935E-03  1.644E-03  1.388E-03  1.166E-03  9.753E-04  8.135E-04  6.747E-04  5.437E-04  4.474E-04  3.595E-04  2.928E-04  2.328E-04  1.867E-04  1.494E-04  1.172E-04  9.147E-05  7.091E-05  5.448E-05  4.145E-05  3.099E-05  2.247E-05  1.633E-05  1.151E-05  7.978E-06  5.293E-06  3.408E-06  1.917E-06  9.017E-07  2.911E-07  4.272E-08  3.255E-09  8.169E-11  4.568E-13  4.336E-16  9.449E-23  0.000E+00  0.000E+00  0.000E+00  0.000E+00  0.000E+00  0.000E+00  0.000E+00  0.000E+00  0.000E+00  0.000E+00  0.000E+00  0.000E+00  0.000E+00
  371.5000  1.074E-02  9.683E-03  8.701E-03  7.851E-03  7.118E-03  6.487E-03  5.731E-03  5.094E-03  4.551E-03  3.964E-03  3.443E-03  3.050E-03  2.599E-03  2.213E-03  1.879E-03  1.586E-03  1.332E-03  1.114E-03  9.292E-04  7.704E-04  6.207E-04  5.106E-04  4.102E-04  3.341E-04  2.656E-04  2.129E-04  1.704E-04  1.336E-04  1.043E-04  8.086E-05  6.213E-05  4.728E-05  3.535E-05  2.563E-05  1.863E-05  1.314E-05  9.109E-06  6.048E-06  3.899E-06  2.198E-06  1.038E-06  3.378E-07  5.030E-08  3.917E-09  1.017E-10  5.982E-13  6.084E-16  1.485E-22  0.000E+00  0.000E+00  0.000E+00  0.000E+00  0.000E+00  0.000E+00  0.000E+00  0.000E+00  0.000E+00  0.000E+00  0.000E+00  0.000E+00  0.000E+00
  372.5000  7.938E-03  7.156E-03  6.430E-03  5.802E-03  5.260E-03  4.793E-03  4.234E-03  3.763E-03  3.361E-03  2.927E-03  2.542E-03  2.252E-03  1.918E-03  1.633E-03  1.386E-03  1.170E-03  9.829E-04  8.217E-04  6.851E-04  5.680E-04  4.575E-04  3.763E-04  3.022E-04  2.461E-04  1.956E-04  1.568E-04  1.254E-04  9.837E-05  7.679E-05  5.953E-05  4.574E-05  3.481E-05  2.603E-05  1.888E-05  1.373E-05  9.680E-06  6.714E-06  4.461E-06  2.879E-06  1.627E-06  7.720E-07  2.531E-07  3.822E-08  3.041E-09  8.163E-11  5.049E-13  5.497E-16  1.501E-22  0.000E+00  0.000E+00  0.000E+00  0.000E+00  0.000E+00  0.000E+00  0.000E+00  0.000E+00  0.000E+00  0.000E+00  0.000E+00  0.000E+00  0.000E+00
  373.5000  7.174E-03  6.467E-03  5.811E-03  5.243E-03  4.752E-03  4.330E-03  3.824E-03  3.399E-03  3.036E-03  2.643E-03  2.295E-03  2.033E-03  1.731E-03  1.474E-03  1.251E-03  1.056E-03  8.866E-04  7.411E-04  6.178E-04  5.121E-04  4.124E-04  3.391E-04  2.723E-04  2.217E-04  1.762E-04  1.412E-04  1.129E-04  8.856E-05  6.913E-05  5.359E-05  4.118E-05  3.134E-05  2.344E-05  1.700E-05  1.236E-05  8.721E-06  6.051E-06  4.023E-06  2.599E-06  1.472E-06  7.011E-07  2.316E-07  3.546E-08  2.882E-09  7.995E-11  5.197E-13  6.053E-16  1.847E-22  0.000E+00  0.000E+00  0.000E+00  0.000E+00  0.000E+00  0.000E+00  0.000E+00  0.000E+00  0.000E+00  0.000E+00  0.000E+00  0.000E+00  0.000E+00
  374.5000  7.875E-03  7.098E-03  6.377E-03  5.753E-03  5.215E-03  4.751E-03  4.196E-03  3.728E-03  3.329E-03  2.899E-03  2.517E-03  2.229E-03  1.898E-03  1.615E-03  1.371E-03  1.157E-03  9.712E-04  8.117E-04  6.765E-04  5.606E-04  4.514E-04  3.711E-04  2.979E-04  2.425E-04  1.927E-04  1.544E-04  1.235E-04  9.682E-05  7.558E-05  5.859E-05  4.502E-05  3.427E-05  2.564E-05  1.860E-05  1.352E-05  9.543E-06  6.623E-06  4.406E-06  2.849E-06  1.617E-06  7.733E-07  2.573E-07  3.995E-08  3.315E-09  9.501E-11  6.485E-13  8.071E-16  2.747E-22  0.000E+00  0.000E+00  0.000E+00  0.000E+00  0.000E+00  0.000E+00  0.000E+00  0.000E+00  0.000E+00  0.000E+00  0.000E+00  0.000E+00  0.000E+00
  375.5000  8.890E-03  8.013E-03  7.199E-03  6.494E-03  5.885E-03  5.362E-03  4.734E-03  4.206E-03  3.756E-03  3.270E-03  2.838E-03  2.513E-03  2.140E-03  1.821E-03  1.545E-03  1.304E-03  1.094E-03  9.144E-04  7.619E-04  6.314E-04  5.082E-04  4.177E-04  3.353E-04  2.728E-04  2.167E-04  1.736E-04  1.389E-04  1.089E-04  8.498E-05  6.588E-05  5.063E-05  3.854E-05  2.884E-05  2.092E-05  1.522E-05  1.074E-05  7.457E-06  4.963E-06  3.213E-06  1.828E-06  8.777E-07  2.942E-07  4.631E-08  3.923E-09  1.161E-10  8.314E-13  1.105E-15  4.188E-22  0.000E+00  0.000E+00  0.000E+00  0.000E+00  0.000E+00  0.000E+00  0.000E+00  0.000E+00  0.000E+00  0.000E+00  0.000E+00  0.000E+00  0.000E+00
  376.5000  8.881E-03  8.005E-03  7.192E-03  6.487E-03  5.878E-03  5.355E-03  4.728E-03  4.200E-03  3.750E-03  3.264E-03  2.833E-03  2.508E-03  2.136E-03  1.817E-03  1.540E-03  1.300E-03  1.091E-03  9.116E-04  7.595E-04  6.292E-04  5.063E-04  4.161E-04  3.339E-04  2.717E-04  2.158E-04  1.728E-04  1.382E-04  1.083E-04  8.457E-05  6.556E-05  5.039E-05  3.836E-05  2.871E-05  2.083E-05  1.515E-05  1.070E-05  7.429E-06  4.948E-06  3.207E-06  1.828E-06  8.813E-07  2.976E-07  4.748E-08  4.104E-09  1.254E-10  9.415E-13  1.335E-15  5.628E-22  0.000E+00  0.000E+00  0.000E+00  0.000E+00  0.000E+00  0.000E+00  0.000E+00  0.000E+00  0.000E+00  0.000E+00  0.000E+00  0.000E+00  0.000E+00
  377.5000  1.058E-02  9.536E-03  8.566E-03  7.726E-03  7.001E-03  6.377E-03  5.630E-03  5.001E-03  4.464E-03  3.885E-03  3.372E-03  2.985E-03  2.541E-03  2.162E-03  1.832E-03  1.546E-03  1.297E-03  1.084E-03  9.026E-04  7.477E-04  6.015E-04  4.942E-04  3.965E-04  3.225E-04  2.561E-04  2.051E-04  1.640E-04  1.286E-04  1.003E-04  7.779E-05  5.979E-05  4.552E-05  3.407E-05  2.472E-05  1.799E-05  1.270E-05  8.825E-06  5.882E-06  3.816E-06  2.180E-06  1.055E-06  3.588E-07  5.801E-08  5.116E-09  1.613E-10  1.269E-12  1.917E-15  8.981E-22  0.000E+00  0.000E+00  0.000E+00  0.000E+00  0.000E+00  0.000E+00  0.000E+00  0.000E+00  0.000E+00  0.000E+00  0.000E+00  0.000E+00  0.000E+00
  378.5000  1.153E-02  1.040E-02  9.338E-03  8.421E-03  7.630E-03  6.949E-03  6.134E-03  5.448E-03  4.863E-03  4.232E-03  3.672E-03  3.250E-03  2.766E-03  2.353E-03  1.994E-03  1.683E-03  1.412E-03  1.179E-03  9.817E-04  8.131E-04  6.539E-04  5.371E-04  4.308E-04  3.504E-04  2.782E-04  2.228E-04  1.781E-04  1.396E-04  1.090E-04  8.446E-05  6.492E-05  4.943E-05  3.701E-05  2.685E-05  1.954E-05  1.380E-05  9.592E-06  6.397E-06  4.154E-06  2.378E-06  1.155E-06  3.956E-07  6.481E-08  5.830E-09  1.895E-10  1.562E-12  2.513E-15  1.306E-21  0.000E+00  0.000E+00  0.000E+00  0.000E+00  0.000E+00  0.000E+00  0.000E+00  0.000E+00  0.000E+00  0.000E+00  0.000E+00  0.000E+00  0.000E+00
  379.5000  8.534E-03  7.692E-03  6.909E-03  6.230E-03  5.644E-03  5.140E-03  4.537E-03  4.029E-03  3.596E-03  3.128E-03  2.714E-03  2.402E-03  2.044E-03  1.739E-03  1.473E-03  1.243E-03  1.042E-03  8.704E-04  7.247E-04  6.001E-04  4.825E-04  3.962E-04  3.178E-04  2.584E-04  2.051E-04  1.643E-04  1.313E-04  1.029E-04  8.030E-05  6.225E-05  4.785E-05  3.643E-05  2.728E-05  1.980E-05  1.441E-05  1.018E-05  7.077E-06  4.722E-06  3.069E-06  1.760E-06  8.583E-07  2.960E-07  4.912E-08  4.506E-09  1.510E-10  1.303E-12  2.230E-15  1.284E-21  0.000E+00  0.000E+00  0.000E+00  0.000E+00  0.000E+00  0.000E+00  0.000E+00  0.000E+00  0.000E+00  0.000E+00  0.000E+00  0.000E+00  0.000E+00
  380.5000  1.027E-02  9.253E-03  8.311E-03  7.494E-03  6.789E-03  6.181E-03  5.456E-03  4.844E-03  4.323E-03  3.761E-03  3.262E-03  2.887E-03  2.456E-03  2.089E-03  1.770E-03  1.493E-03  1.252E-03  1.045E-03  8.698E-04  7.202E-04  5.788E-04  4.753E-04  3.811E-04  3.098E-04  2.459E-04  1.969E-04  1.573E-04  1.233E-04  9.621E-05  7.459E-05  5.733E-05  4.366E-05  3.270E-05  2.373E-05  1.728E-05  1.221E-05  8.489E-06  5.667E-06  3.687E-06  2.119E-06  1.037E-06  3.601E-07  6.052E-08  5.660E-09  1.955E-10  1.764E-12  3.210E-15  2.046E-21  0.000E+00  0.000E+00  0.000E+00  0.000E+00  0.000E+00  0.000E+00  0.000E+00  0.000E+00  0.000E+00  0.000E+00  0.000E+00  0.000E+00  0.000E+00
  381.5000  9.651E-03  8.698E-03  7.812E-03  7.043E-03  6.380E-03  5.809E-03  5.126E-03  4.551E-03  4.061E-03  3.532E-03  3.064E-03  2.711E-03  2.306E-03  1.961E-03  1.660E-03  1.401E-03  1.174E-03  9.801E-04  8.157E-04  6.753E-04  5.426E-04  4.454E-04  3.571E-04  2.903E-04  2.303E-04  1.844E-04  1.473E-04  1.154E-04  9.008E-05  6.983E-05  5.368E-05  4.088E-05  3.062E-05  2.223E-05  1.619E-05  1.144E-05  7.956E-06  5.315E-06  3.461E-06  1.993E-06  9.789E-07  3.422E-07  5.825E-08  5.553E-09  1.976E-10  1.864E-12  3.602E-15  2.537E-21  0.000E+00  0.000E+00  0.000E+00  0.000E+00  0.000E+00  0.000E+00  0.000E+00  0.000E+00  0.000E+00  0.000E+00  0.000E+00  0.000E+00  0.000E+00
  382.5000  6.433E-03  5.797E-03  5.206E-03  4.694E-03  4.251E-03  3.870E-03  3.415E-03  3.032E-03  2.705E-03  2.352E-03  2.040E-03  1.805E-03  1.535E-03  1.305E-03  1.105E-03  9.320E-04  7.812E-04  6.519E-04  5.424E-04  4.490E-04  3.607E-04  2.960E-04  2.373E-04  1.928E-04  1.530E-04  1.224E-04  9.782E-05  7.664E-05  5.980E-05  4.636E-05  3.564E-05  2.714E-05  2.034E-05  1.476E-05  1.075E-05  7.600E-06  5.287E-06  3.534E-06  2.304E-06  1.329E-06  6.551E-07  2.305E-07  3.974E-08  3.860E-09  1.414E-10  1.394E-12  2.859E-15  2.223E-21  0.000E+00  0.000E+00  0.000E+00  0.000E+00  0.000E+00  0.000E+00  0.000E+00  0.000E+00  0.000E+00  0.000E+00  0.000E+00  0.000E+00  0.000E+00
  383.5000  5.650E-03  5.092E-03  4.573E-03  4.122E-03  3.733E-03  3.398E-03  2.998E-03  2.661E-03  2.374E-03  2.064E-03  1.790E-03  1.584E-03  1.347E-03  1.145E-03  9.691E-04  8.171E-04  6.848E-04  5.713E-04  4.753E-04  3.933E-04  3.159E-04  2.592E-04  2.077E-04  1.688E-04  1.339E-04  1.071E-04  8.558E-05  6.705E-05  5.231E-05  4.055E-05  3.118E-05  2.375E-05  1.779E-05  1.292E-05  9.409E-06  6.653E-06  4.630E-06  3.096E-06  2.020E-06  1.168E-06  5.776E-07  2.046E-07  3.570E-08  3.532E-09  1.332E-10  1.371E-12  2.982E-15  2.557E-21  0.000E+00  0.000E+00  0.000E+00  0.000E+00  0.000E+00  0.000E+00  0.000E+00  0.000E+00  0.000E+00  0.000E+00  0.000E+00  0.000E+00  0.000E+00
  384.5000  8.482E-03  7.643E-03  6.864E-03  6.187E-03  5.603E-03  5.100E-03  4.499E-03  3.993E-03  3.562E-03  3.097E-03  2.685E-03  2.375E-03  2.019E-03  1.716E-03  1.452E-03  1.225E-03  1.026E-03  8.558E-04  7.119E-04  5.890E-04  4.729E-04  3.880E-04  3.108E-04  2.525E-04  2.003E-04  1.602E-04  1.280E-04  1.003E-04  7.821E-05  6.063E-05  4.661E-05  3.551E-05  2.661E-05  1.932E-05  1.408E-05  9.955E-06  6.930E-06  4.637E-06  3.028E-06  1.753E-06  8.703E-07  3.102E-07  5.480E-08  5.523E-09  2.144E-10  2.302E-12  5.306E-15  5.011E-21  0.000E+00  0.000E+00  0.000E+00  0.000E+00  0.000E+00  0.000E+00  0.000E+00  0.000E+00  0.000E+00  0.000E+00  0.000E+00  0.000E+00  0.000E+00
  385.5000  8.395E-03  7.565E-03  6.792E-03  6.123E-03  5.544E-03  5.045E-03  4.451E-03  3.950E-03  3.523E-03  3.062E-03  2.655E-03  2.348E-03  1.996E-03  1.696E-03  1.435E-03  1.210E-03  1.014E-03  8.452E-04  7.029E-04  5.815E-04  4.668E-04  3.828E-04  3.067E-04  2.491E-04  1.975E-04  1.580E-04  1.262E-04  9.882E-05  7.710E-05  5.976E-05  4.595E-05  3.501E-05  2.624E-05  1.905E-05  1.388E-05  9.820E-06  6.837E-06  4.577E-06  2.991E-06  1.736E-06  8.644E-07  3.101E-07  5.545E-08  5.690E-09  2.272E-10  2.544E-12  6.210E-15  6.450E-21  0.000E+00  0.000E+00  0.000E+00  0.000E+00  0.000E+00  0.000E+00  0.000E+00  0.000E+00  0.000E+00  0.000E+00  0.000E+00  0.000E+00  0.000E+00
  386.5000  8.559E-03  7.713E-03  6.925E-03  6.242E-03  5.652E-03  5.143E-03  4.536E-03  4.025E-03  3.589E-03  3.120E-03  2.704E-03  2.391E-03  2.033E-03  1.727E-03  1.461E-03  1.231E-03  1.031E-03  8.600E-04  7.150E-04  5.914E-04  4.746E-04  3.892E-04  3.117E-04  2.531E-04  2.007E-04  1.605E-04  1.281E-04  1.004E-04  7.829E-05  6.069E-05  4.666E-05  3.555E-05  2.665E-05  1.936E-05  1.410E-05  9.980E-06  6.950E-06  4.655E-06  3.045E-06  1.770E-06  8.845E-07  3.193E-07  5.777E-08  6.036E-09  2.478E-10  2.892E-12  7.470E-15  8.525E-21  0.000E+00  0.000E+00  0.000E+00  0.000E+00  0.000E+00  0.000E+00  0.000E+00  0.000E+00  0.000E+00  0.000E+00  0.000E+00  0.000E+00  0.000E+00
  387.5000  7.957E-03  7.170E-03  6.437E-03  5.802E-03  5.252E-03  4.779E-03  4.215E-03  3.739E-03  3.335E-03  2.898E-03  2.511E-03  2.220E-03  1.887E-03  1.603E-03  1.356E-03  1.143E-03  9.570E-04  7.977E-04  6.631E-04  5.484E-04  4.400E-04  3.607E-04  2.888E-04  2.345E-04  1.859E-04  1.486E-04  1.187E-04  9.292E-05  7.248E-05  5.619E-05  4.320E-05  3.292E-05  2.468E-05  1.793E-05  1.306E-05  9.246E-06  6.441E-06  4.316E-06  2.826E-06  1.645E-06  8.249E-07  2.997E-07  5.486E-08  5.833E-09  2.461E-10  2.994E-12  8.174E-15  1.024E-20  0.000E+00  0.000E+00  0.000E+00  0.000E+00  0.000E+00  0.000E+00  0.000E+00  0.000E+00  0.000E+00  0.000E+00  0.000E+00  0.000E+00  0.000E+00
  388.5000  7.977E-03  7.188E-03  6.454E-03  5.816E-03  5.265E-03  4.790E-03  4.224E-03  3.747E-03  3.341E-03  2.903E-03  2.515E-03  2.223E-03  1.889E-03  1.605E-03  1.358E-03  1.144E-03  9.576E-04  7.980E-04  6.633E-04  5.484E-04  4.399E-04  3.606E-04  2.886E-04  2.343E-04  1.857E-04  1.485E-04  1.185E-04  9.279E-05  7.237E-05  5.610E-05  4.314E-05  3.287E-05  2.465E-05  1.791E-05  1.305E-05  9.238E-06  6.437E-06  4.316E-06  2.828E-06  1.649E-06  8.296E-07  3.032E-07  5.615E-08  6.076E-09  2.634E-10  3.336E-12  9.625E-15  1.321E-20  0.000E+00  0.000E+00  0.000E+00  0.000E+00  0.000E+00  0.000E+00  0.000E+00  0.000E+00  0.000E+00  0.000E+00  0.000E+00  0.000E+00  0.000E+00
  389.5000  1.006E-02  9.067E-03  8.140E-03  7.335E-03  6.640E-03  6.040E-03  5.326E-03  4.724E-03  4.211E-03  3.659E-03  3.170E-03  2.802E-03  2.380E-03  2.021E-03  1.710E-03  1.440E-03  1.206E-03  1.005E-03  8.347E-04  6.900E-04  5.533E-04  4.535E-04  3.629E-04  2.945E-04  2.334E-04  1.866E-04  1.489E-04  1.166E-04  9.092E-05  7.048E-05  5.419E-05  4.130E-05  3.097E-05  2.250E-05  1.640E-05  1.161E-05  8.095E-06  5.430E-06  3.560E-06  2.080E-06  1.050E-06  3.860E-07  7.231E-08  7.960E-09  3.544E-10  4.672E-12  1.423E-14  2.139E-20  0.000E+00  0.000E+00  0.000E+00  0.000E+00  0.000E+00  0.000E+00  0.000E+00  0.000E+00  0.000E+00  0.000E+00  0.000E+00  0.000E+00  0.000E+00
  390.5000  9.888E-03  8.909E-03  7.998E-03  7.207E-03  6.523E-03  5.933E-03  5.231E-03  4.639E-03  4.135E-03  3.592E-03  3.112E-03  2.750E-03  2.336E-03  1.983E-03  1.677E-03  1.413E-03  1.182E-03  9.849E-04  8.183E-04  6.763E-04  5.422E-04  4.442E-04  3.555E-04  2.884E-04  2.285E-04  1.826E-04  1.457E-04  1.141E-04  8.898E-05  6.897E-05  5.303E-05  4.042E-05  3.032E-05  2.203E-05  1.606E-05  1.137E-05  7.929E-06  5.321E-06  3.492E-06  2.044E-06  1.035E-06  3.827E-07  7.250E-08  8.118E-09  3.712E-10  5.090E-12  1.635E-14  2.690E-20  0.000E+00  0.000E+00  0.000E+00  0.000E+00  0.000E+00  0.000E+00  0.000E+00  0.000E+00  0.000E+00  0.000E+00  0.000E+00  0.000E+00  0.000E+00
  391.5000  1.174E-02  1.057E-02  9.492E-03  8.552E-03  7.739E-03  7.039E-03  6.206E-03  5.503E-03  4.905E-03  4.260E-03  3.690E-03  3.260E-03  2.769E-03  2.350E-03  1.988E-03  1.673E-03  1.400E-03  1.166E-03  9.689E-04  8.007E-04  6.417E-04  5.257E-04  4.205E-04  3.411E-04  2.702E-04  2.159E-04  1.723E-04  1.349E-04  1.052E-04  8.151E-05  6.268E-05  4.778E-05  3.584E-05  2.604E-05  1.899E-05  1.345E-05  9.380E-06  6.298E-06  4.136E-06  2.425E-06  1.231E-06  4.582E-07  8.779E-08  9.996E-09  4.691E-10  6.688E-12  2.266E-14  4.071E-20  0.000E+00  0.000E+00  0.000E+00  0.000E+00  0.000E+00  0.000E+00  0.000E+00  0.000E+00  0.000E+00  0.000E+00  0.000E+00  0.000E+00  0.000E+00
  392.5000  8.803E-03  7.931E-03  7.120E-03  6.415E-03  5.805E-03  5.279E-03  4.654E-03  4.126E-03  3.677E-03  3.193E-03  2.765E-03  2.443E-03  2.075E-03  1.761E-03  1.489E-03  1.253E-03  1.049E-03  8.732E-04  7.251E-04  5.991E-04  4.800E-04  3.931E-04  3.144E-04  2.550E-04  2.020E-04  1.614E-04  1.287E-04  1.008E-04  7.857E-05  6.090E-05  4.683E-05  3.569E-05  2.678E-05  1.946E-05  1.419E-05  1.006E-05  7.014E-06  4.712E-06  3.097E-06  1.818E-06  9.262E-07  3.467E-07  6.715E-08  7.775E-09  3.744E-10  5.546E-12  1.980E-14  3.883E-20  0.000E+00  0.000E+00  0.000E+00  0.000E+00  0.000E+00  0.000E+00  0.000E+00  0.000E+00  0.000E+00  0.000E+00  0.000E+00  0.000E+00  0.000E+00
  393.5000  3.828E-03  3.449E-03  3.096E-03  2.789E-03  2.524E-03  2.295E-03  2.023E-03  1.793E-03  1.598E-03  1.387E-03  1.201E-03  1.061E-03  9.011E-04  7.646E-04  6.465E-04  5.440E-04  4.551E-04  3.789E-04  3.146E-04  2.599E-04  2.082E-04  1.705E-04  1.363E-04  1.105E-04  8.751E-05  6.992E-05  5.577E-05  4.364E-05  3.403E-05  2.637E-05  2.028E-05  1.546E-05  1.160E-05  8.432E-06  6.150E-06  4.358E-06  3.040E-06  2.043E-06  1.344E-06  7.904E-07  4.038E-07  1.520E-07  2.977E-08  3.503E-09  1.730E-10  2.663E-12  1.001E-14  2.140E-20  0.000E+00  0.000E+00  0.000E+00  0.000E+00  0.000E+00  0.000E+00  0.000E+00  0.000E+00  0.000E+00  0.000E+00  0.000E+00  0.000E+00  0.000E+00
  394.5000  9.011E-03  8.119E-03  7.287E-03  6.564E-03  5.939E-03  5.400E-03  4.759E-03  4.219E-03  3.759E-03  3.263E-03  2.825E-03  2.495E-03  2.118E-03  1.797E-03  1.519E-03  1.278E-03  1.069E-03  8.899E-04  7.387E-04  6.102E-04  4.886E-04  4.000E-04  3.198E-04  2.592E-04  2.052E-04  1.639E-04  1.307E-04  1.023E-04  7.976E-05  6.182E-05  4.754E-05  3.624E-05  2.720E-05  1.977E-05  1.442E-05  1.022E-05  7.133E-06  4.796E-06  3.157E-06  1.859E-06  9.528E-07  3.606E-07  7.139E-08  8.539E-09  4.325E-10  6.910E-12  2.732E-14  6.366E-20  0.000E+00  0.000E+00  0.000E+00  0.000E+00  0.000E+00  0.000E+00  0.000E+00  0.000E+00  0.000E+00  0.000E+00  0.000E+00  0.000E+00  0.000E+00
  395.5000  1.160E-02  1.045E-02  9.378E-03  8.447E-03  7.642E-03  6.948E-03  6.123E-03  5.427E-03  4.834E-03  4.196E-03  3.633E-03  3.208E-03  2.723E-03  2.309E-03  1.952E-03  1.642E-03  1.373E-03  1.143E-03  9.485E-04  7.833E-04  6.271E-04  5.133E-04  4.102E-04  3.325E-04  2.632E-04  2.102E-04  1.676E-04  1.311E-04  1.022E-04  7.923E-05  6.093E-05  4.645E-05  3.487E-05  2.535E-05  1.849E-05  1.311E-05  9.150E-06  6.155E-06  4.054E-06  2.392E-06  1.229E-06  4.678E-07  9.361E-08  1.138E-08  5.907E-10  9.793E-12  4.071E-14  1.032E-19  0.000E+00  0.000E+00  0.000E+00  0.000E+00  0.000E+00  0.000E+00  0.000E+00  0.000E+00  0.000E+00  0.000E+00  0.000E+00  0.000E+00  0.000E+00
  396.5000  6.813E-03  6.137E-03  5.508E-03  4.961E-03  4.488E-03  4.080E-03  3.595E-03  3.186E-03  2.838E-03  2.463E-03  2.132E-03  1.882E-03  1.597E-03  1.355E-03  1.145E-03  9.630E-04  8.051E-04  6.699E-04  5.559E-04  4.590E-04  3.674E-04  3.006E-04  2.402E-04  1.947E-04  1.540E-04  1.230E-04  9.807E-05  7.672E-05  5.980E-05  4.635E-05  3.564E-05  2.718E-05  2.040E-05  1.483E-05  1.082E-05  7.673E-06  5.357E-06  3.605E-06  2.376E-06  1.404E-06  7.237E-07  2.770E-07  5.601E-08  6.915E-09  3.680E-10  6.327E-12  2.764E-14  7.619E-20  0.000E+00  0.000E+00  0.000E+00  0.000E+00  0.000E+00  0.000E+00  0.000E+00  0.000E+00  0.000E+00  0.000E+00  0.000E+00  0.000E+00  0.000E+00
  397.5000  7.865E-03  7.085E-03  6.359E-03  5.727E-03  5.180E-03  4.709E-03  4.149E-03  3.676E-03  3.274E-03  2.841E-03  2.459E-03  2.171E-03  1.842E-03  1.562E-03  1.320E-03  1.110E-03  9.276E-04  7.717E-04  6.402E-04  5.285E-04  4.229E-04  3.460E-04  2.764E-04  2.239E-04  1.772E-04  1.415E-04  1.128E-04  8.820E-05  6.875E-05  5.328E-05  4.098E-05  3.124E-05  2.346E-05  1.706E-05  1.245E-05  8.827E-06  6.164E-06  4.150E-06  2.738E-06  1.620E-06  8.374E-07  3.223E-07  6.585E-08  8.257E-09  4.501E-10  8.024E-12  3.681E-14  1.102E-19  0.000E+00  0.000E+00  0.000E+00  0.000E+00  0.000E+00  0.000E+00  0.000E+00  0.000E+00  0.000E+00  0.000E+00  0.000E+00  0.000E+00  0.000E+00
  398.5000  1.352E-02  1.218E-02  1.093E-02  9.844E-03  8.903E-03  8.092E-03  7.129E-03  6.316E-03  5.625E-03  4.880E-03  4.223E-03  3.727E-03  3.162E-03  2.681E-03  2.265E-03  1.904E-03  1.592E-03  1.324E-03  1.098E-03  9.062E-04  7.250E-04  5.930E-04  4.736E-04  3.837E-04  3.035E-04  2.423E-04  1.931E-04  1.510E-04  1.177E-04  9.121E-05  7.015E-05  5.349E-05  4.017E-05  2.921E-05  2.132E-05  1.512E-05  1.056E-05  7.113E-06  4.696E-06  2.783E-06  1.443E-06  5.582E-07  1.152E-07  1.467E-08  8.193E-10  1.513E-11  7.286E-14  2.367E-19  0.000E+00  0.000E+00  0.000E+00  0.000E+00  0.000E+00  0.000E+00  0.000E+00  0.000E+00  0.000E+00  0.000E+00  0.000E+00  0.000E+00  0.000E+00
  399.5000  1.407E-02  1.267E-02  1.137E-02  1.024E-02  9.261E-03  8.417E-03  7.415E-03  6.569E-03  5.849E-03  5.074E-03  4.390E-03  3.874E-03  3.286E-03  2.786E-03  2.353E-03  1.978E-03  1.653E-03  1.374E-03  1.140E-03  9.405E-04  7.522E-04  6.151E-04  4.912E-04  3.978E-04  3.146E-04  2.511E-04  2.001E-04  1.565E-04  1.220E-04  9.450E-05  7.268E-05  5.542E-05  4.163E-05  3.027E-05  2.209E-05  1.568E-05  1.095E-05  7.379E-06  4.875E-06  2.893E-06  1.504E-06  5.850E-07  1.220E-07  1.577E-08  9.018E-10  1.725E-11  8.712E-14  3.068E-19  0.000E+00  0.000E+00  0.000E+00  0.000E+00  0.000E+00  0.000E+00  0.000E+00  0.000E+00  0.000E+00  0.000E+00  0.000E+00  0.000E+00  0.000E+00
------------------------------------------------------------
Dose rates,W m-2
   1 = UV index (WMO, 1994; Webb et al., 2011)           
   2 = Previtamin-D3 (CIE 2006)                          
values at z =      0.025 km
Columns: time,sza,weighting spectra
time,hrs.  sza,deg.          1          2
   18.0000     89.956  2.150E-02  4.124E-04
   18.0167     90.141  1.946E-02  3.774E-04
   18.0333     90.326  1.756E-02  3.449E-04
   18.0500     90.512  1.593E-02  3.166E-04
   18.0667     90.697  1.451E-02  2.921E-04
   18.0833     90.883  1.329E-02  2.708E-04
   18.1000     91.069  1.184E-02  2.450E-04
   18.1167     91.255  1.062E-02  2.230E-04
   18.1333     91.442  9.557E-03  2.036E-04
   18.1500     91.628  8.424E-03  1.827E-04
   18.1667     91.815  7.406E-03  1.634E-04
   18.1833     92.003  6.631E-03  1.486E-04
   18.2000     92.190  5.737E-03  1.310E-04
   18.2167     92.378  4.962E-03  1.153E-04
   18.2333     92.565  4.281E-03  1.013E-04
   18.2500     92.753  3.678E-03  8.851E-05
   18.2667     92.942  3.144E-03  7.688E-05
   18.2833     93.130  2.675E-03  6.640E-05
   18.3000     93.319  2.269E-03  5.706E-05
   18.3167     93.508  1.903E-03  4.823E-05
   18.3333     93.696  1.566E-03  4.016E-05
   18.3500     93.886  1.305E-03  3.369E-05
   18.3667     94.075  1.059E-03  2.739E-05
   18.3833     94.265  8.688E-04  2.252E-05
   18.4000     94.455  6.928E-04  1.788E-05
   18.4167     94.645  5.536E-04  1.417E-05
   18.4333     94.835  4.419E-04  1.123E-05
   18.4500     95.026  3.429E-04  8.585E-06
   18.4667     95.216  2.633E-04  6.462E-06
   18.4833     95.407  1.994E-04  4.752E-06
   18.5000     95.598  1.480E-04  3.371E-06
   18.5167     95.789  1.073E-04  2.267E-06
   18.5333     95.981  7.404E-05  1.344E-06
   18.5500     96.173  4.927E-05  7.202E-07
   18.5667     96.364  3.227E-05  3.403E-07
   18.5833     96.557  2.021E-05  1.330E-07
   18.6000     96.749  1.258E-05  4.885E-08
   18.6167     96.941  7.490E-06  1.623E-08
   18.6333     97.134  4.339E-06  5.192E-09
   18.6500     97.326  2.149E-06  1.252E-09
   18.6667     97.519  8.831E-07  2.455E-10
   18.6833     97.712  2.466E-07  3.136E-11
   18.7000     97.906  3.168E-08  1.542E-12
   18.7167     98.099  2.354E-09  3.192E-14
   18.7333     98.293  7.461E-11  1.077E-16
   18.7500     98.487  8.340E-13  3.096E-20
   18.7667     98.681  2.737E-15  4.977E-25
   18.7833     98.875  6.360E-21  1.482E-34
   18.8000     99.069  0.000E+00  0.000E+00
   18.8167     99.263  0.000E+00  0.000E+00
   18.8333     99.458  0.000E+00  0.000E+00
   18.8500     99.653  0.000E+00  0.000E+00
   18.8667     99.848  0.000E+00  0.000E+00
   18.8833    100.043  0.000E+00  0.000E+00
   18.9000    100.238  0.000E+00  0.000E+00
   18.9167    100.434  0.000E+00  0.000E+00
   18.9333    100.630  0.000E+00  0.000E+00
   18.9500    100.826  0.000E+00  0.000E+00
   18.9667    101.022  0.000E+00  0.000E+00
   18.9833    101.218  0.000E+00  0.000E+00
   19.0000    101.414  0.000E+00  0.000E+00
------------------------------------------------------------
