Spectral Irradiance,W m-2 nm-1
values at z =      0.025 km
Columns: wavelength (nm),times (hrs.) or sza (deg.)
    wc,nm     18.000     18.017     18.033     18.050     18.067     18.083     18.100     18.117     18.133     18.150     18.167     18.183     18.200     18.217     18.233     18.250     18.267     18.283     18.300     18.317     18.333     18.350     18.367     18.383     18.400     18.417     18.433     18.450     18.467     18.483     18.500     18.517     18.533     18.550     18.567     18.583     18.600     18.617     18.633     18.650     18.667     18.683     18.700     18.717     18.733     18.750     18.767     18.783     18.800     18.817     18.833     18.850     18.867     18.883     18.900     18.917     18.933     18.950     18.967     18.983     19.000
    sza =      89.906     90.090     90.276     90.461     90.646     90.832     91.018     91.204     91.391     91.577     91.764     91.952     92.139     92.327     92.514     92.702     92.890     93.079     93.267     93.456     93.645     93.835     94.024     94.214     94.404     94.594     94.784     94.974     95.165     95.356     95.547     95.738     95.929     96.121     96.313     96.505     96.697     96.889     97.082     97.275     97.468     97.661     97.854     98.047     98.241     98.435     98.629     98.823     99.017     99.212     99.406     99.601     99.796     99.991    100.187    100.382    100.578    100.774    100.970    101.166    101.362
  280.5000  9.334E-26  8.741E-26  8.107E-26  7.551E-26  7.060E-26  6.626E-26  6.168E-26  5.587E-26  5.205E-26  4.647E-26  4.228E-26  3.800E-26  3.355E-26  2.957E-26  2.593E-26  2.254E-26  1.937E-26  1.646E-26  1.388E-26  1.162E-26  9.465E-27  7.431E-27  5.814E-27  4.186E-27  2.925E-27  1.827E-27  9.664E-28  4.010E-28  1.075E-28  1.318E-29  3.491E-31  9.981E-34  4.839E-38  5.605E-45  0.000E+00  0.000E+00  0.000E+00  0.000E+00  0.000E+00  0.000E+00  0.000E+00  0.000E+00  0.000E+00  0.000E+00  0.000E+00  0.000E+00  0.000E+00  0.000E+00  0.000E+00  0.000E+00  0.000E+00  0.000E+00  0.000E+00  0.000E+00  0.000E+00  0.000E+00  0.000E+00  0.000E+00  0.000E+00  0.000E+00  0.000E+00
  281.5000  1.610E-23  1.508E-23  1.399E-23  1.304E-23  1.219E-23  1.145E-23  1.066E-23  9.659E-24  9.002E-24  8.040E-24  7.316E-24  6.578E-24  5.810E-24  5.121E-24  4.492E-24  3.907E-24  3.359E-24  2.857E-24  2.411E-24  2.021E-24  1.650E-24  1.302E-24  1.026E-24  7.478E-25  5.317E-25  3.415E-25  1.887E-25  8.376E-26  2.505E-26  3.675E-27  1.340E-28  6.406E-31  7.481E-35  4.085E-41  0.000E+00  0.000E+00  0.000E+00  0.000E+00  0.000E+00  0.000E+00  0.000E+00  0.000E+00  0.000E+00  0.000E+00  0.000E+00  0.000E+00  0.000E+00  0.000E+00  0.000E+00  0.000E+00  0.000E+00  0.000E+00  0.000E+00  0.000E+00  0.000E+00  0.000E+00  0.000E+00  0.000E+00  0.000E+00  0.000E+00  0.000E+00
  282.5000  9.207E-22  8.626E-22  8.004E-22  7.460E-22  6.979E-22  6.555E-22  6.105E-22  5.533E-22  5.158E-22  4.608E-22  4.195E-22  3.772E-22  3.333E-22  2.939E-22  2.579E-22  2.244E-22  1.930E-22  1.642E-22  1.387E-22  1.164E-22  9.525E-23  7.544E-23  5.980E-23  4.404E-23  3.178E-23  2.090E-23  1.199E-23  5.646E-24  1.858E-24  3.196E-25  1.546E-26  1.166E-28  2.953E-32  5.664E-38  0.000E+00  0.000E+00  0.000E+00  0.000E+00  0.000E+00  0.000E+00  0.000E+00  0.000E+00  0.000E+00  0.000E+00  0.000E+00  0.000E+00  0.000E+00  0.000E+00  0.000E+00  0.000E+00  0.000E+00  0.000E+00  0.000E+00  0.000E+00  0.000E+00  0.000E+00  0.000E+00  0.000E+00  0.000E+00  0.000E+00  0.000E+00
  283.5000  1.150E-20  1.078E-20  1.000E-20  9.325E-21  8.727E-21  8.197E-21  7.636E-21  6.922E-21  6.455E-21  5.768E-21  5.251E-21  4.725E-21  4.175E-21  3.682E-21  3.232E-21  2.812E-21  2.420E-21  2.060E-21  1.741E-21  1.462E-21  1.198E-21  9.512E-22  7.568E-22  5.610E-22  4.087E-22  2.729E-22  1.604E-22  7.846E-23  2.749E-23  5.250E-24  3.060E-25  3.116E-27  1.310E-30  5.709E-36  9.809E-45  0.000E+00  0.000E+00  0.000E+00  0.000E+00  0.000E+00  0.000E+00  0.000E+00  0.000E+00  0.000E+00  0.000E+00  0.000E+00  0.000E+00  0.000E+00  0.000E+00  0.000E+00  0.000E+00  0.000E+00  0.000E+00  0.000E+00  0.000E+00  0.000E+00  0.000E+00  0.000E+00  0.000E+00  0.000E+00  0.000E+00
  284.5000  7.043E-19  6.602E-19  6.129E-19  5.716E-19  5.351E-19  5.029E-19  4.687E-19  4.251E-19  3.966E-19  3.546E-19  3.230E-19  2.907E-19  2.570E-19  2.268E-19  1.992E-19  1.734E-19  1.493E-19  1.272E-19  1.076E-19  9.045E-20  7.432E-20  5.927E-20  4.745E-20  3.556E-20  2.632E-20  1.802E-20  1.103E-20  5.751E-21  2.236E-21  5.080E-22  4.040E-23  6.807E-25  6.779E-28  1.207E-32  2.277E-40  0.000E+00  0.000E+00  0.000E+00  0.000E+00  0.000E+00  0.000E+00  0.000E+00  0.000E+00  0.000E+00  0.000E+00  0.000E+00  0.000E+00  0.000E+00  0.000E+00  0.000E+00  0.000E+00  0.000E+00  0.000E+00  0.000E+00  0.000E+00  0.000E+00  0.000E+00  0.000E+00  0.000E+00  0.000E+00  0.000E+00
  285.5000  9.264E-18  8.686E-18  8.066E-18  7.525E-18  7.047E-18  6.625E-18  6.178E-18  5.605E-18  5.231E-18  4.679E-18  4.264E-18  3.840E-18  3.396E-18  2.998E-18  2.634E-18  2.295E-18  1.976E-18  1.685E-18  1.426E-18  1.200E-18  9.880E-19  7.902E-19  6.356E-19  4.801E-19  3.595E-19  2.508E-19  1.583E-19  8.666E-20  3.652E-20  9.510E-21  9.656E-22  2.419E-23  4.717E-26  2.482E-30  2.732E-37  0.000E+00  0.000E+00  0.000E+00  0.000E+00  0.000E+00  0.000E+00  0.000E+00  0.000E+00  0.000E+00  0.000E+00  0.000E+00  0.000E+00  0.000E+00  0.000E+00  0.000E+00  0.000E+00  0.000E+00  0.000E+00  0.000E+00  0.000E+00  0.000E+00  0.000E+00  0.000E+00  0.000E+00  0.000E+00  0.000E+00
  286.5000  3.028E-16  2.840E-16  2.638E-16  2.461E-16  2.306E-16  2.168E-16  2.023E-16  1.836E-16  1.714E-16  1.534E-16  1.398E-16  1.259E-16  1.114E-16  9.843E-17  8.650E-17  7.538E-17  6.496E-17  5.541E-17  4.693E-17  3.952E-17  3.258E-17  2.612E-17  2.108E-17  1.602E-17  1.210E-17  8.560E-18  5.530E-18  3.142E-18  1.409E-18  4.075E-19  5.000E-20  1.704E-21  5.602E-24  6.811E-28  2.921E-34  3.924E-44  0.000E+00  0.000E+00  0.000E+00  0.000E+00  0.000E+00  0.000E+00  0.000E+00  0.000E+00  0.000E+00  0.000E+00  0.000E+00  0.000E+00  0.000E+00  0.000E+00  0.000E+00  0.000E+00  0.000E+00  0.000E+00  0.000E+00  0.000E+00  0.000E+00  0.000E+00  0.000E+00  0.000E+00  0.000E+00
  287.5000  5.402E-15  5.067E-15  4.708E-15  4.394E-15  4.118E-15  3.874E-15  3.615E-15  3.282E-15  3.065E-15  2.744E-15  2.503E-15  2.257E-15  1.997E-15  1.765E-15  1.552E-15  1.353E-15  1.167E-15  9.958E-16  8.440E-16  7.112E-16  5.874E-16  4.720E-16  3.823E-16  2.923E-16  2.228E-16  1.600E-16  1.059E-16  6.256E-17  2.995E-17  9.690E-18  1.455E-18  6.898E-20  3.984E-22  1.201E-25  2.271E-31  3.151E-40  0.000E+00  0.000E+00  0.000E+00  0.000E+00  0.000E+00  0.000E+00  0.000E+00  0.000E+00  0.000E+00  0.000E+00  0.000E+00  0.000E+00  0.000E+00  0.000E+00  0.000E+00  0.000E+00  0.000E+00  0.000E+00  0.000E+00  0.000E+00  0.000E+00  0.000E+00  0.000E+00  0.000E+00  0.000E+00
  288.5000  9.376E-14  8.796E-14  8.175E-14  7.632E-14  7.155E-14  6.734E-14  6.287E-14  5.711E-14  5.336E-14  4.781E-14  4.364E-14  3.935E-14  3.486E-14  3.082E-14  2.712E-14  2.366E-14  2.042E-14  1.744E-14  1.479E-14  1.248E-14  1.032E-14  8.316E-15  6.762E-15  5.203E-15  4.006E-15  2.920E-15  1.983E-15  1.222E-15  6.278E-16  2.294E-16  4.295E-17  2.926E-18  3.142E-20  2.565E-23  2.458E-28  4.422E-36  0.000E+00  0.000E+00  0.000E+00  0.000E+00  0.000E+00  0.000E+00  0.000E+00  0.000E+00  0.000E+00  0.000E+00  0.000E+00  0.000E+00  0.000E+00  0.000E+00  0.000E+00  0.000E+00  0.000E+00  0.000E+00  0.000E+00  0.000E+00  0.000E+00  0.000E+00  0.000E+00  0.000E+00  0.000E+00
  289.5000  1.255E-12  1.177E-12  1.094E-12  1.022E-12  9.584E-13  9.021E-13  8.425E-13  7.656E-13  7.157E-13  6.415E-13  5.858E-13  5.284E-13  4.684E-13  4.144E-13  3.648E-13  3.185E-13  2.750E-13  2.350E-13  1.995E-13  1.684E-13  1.395E-13  1.126E-13  9.178E-14  7.094E-14  5.499E-14  4.052E-14  2.803E-14  1.780E-14  9.631E-15  3.851E-15  8.495E-16  7.581E-17  1.290E-18  2.188E-21  6.825E-26  7.770E-33  6.348E-43  0.000E+00  0.000E+00  0.000E+00  0.000E+00  0.000E+00  0.000E+00  0.000E+00  0.000E+00  0.000E+00  0.000E+00  0.000E+00  0.000E+00  0.000E+00  0.000E+00  0.000E+00  0.000E+00  0.000E+00  0.000E+00  0.000E+00  0.000E+00  0.000E+00  0.000E+00  0.000E+00  0.000E+00
  290.5000  1.065E-11  9.993E-12  9.290E-12  8.676E-12  8.137E-12  7.662E-12  7.157E-12  6.506E-12  6.084E-12  5.455E-12  4.984E-12  4.499E-12  3.989E-12  3.531E-12  3.110E-12  2.717E-12  2.347E-12  2.007E-12  1.704E-12  1.440E-12  1.194E-12  9.650E-13  7.885E-13  6.117E-13  4.767E-13  3.543E-13  2.488E-13  1.619E-13  9.134E-14  3.931E-14  9.924E-15  1.107E-15  2.762E-17  8.621E-20  7.226E-24  3.868E-30  3.080E-39  0.000E+00  0.000E+00  0.000E+00  0.000E+00  0.000E+00  0.000E+00  0.000E+00  0.000E+00  0.000E+00  0.000E+00  0.000E+00  0.000E+00  0.000E+00  0.000E+00  0.000E+00  0.000E+00  0.000E+00  0.000E+00  0.000E+00  0.000E+00  0.000E+00  0.000E+00  0.000E+00  0.000E+00
  291.5000  7.904E-11  7.417E-11  6.896E-11  6.442E-11  6.043E-11  5.691E-11  5.318E-11  4.836E-11  4.524E-11  4.059E-11  3.710E-11  3.350E-11  2.973E-11  2.634E-11  2.321E-11  2.029E-11  1.754E-11  1.501E-11  1.276E-11  1.078E-11  8.958E-12  7.250E-12  5.938E-12  4.624E-12  3.625E-12  2.719E-12  1.939E-12  1.295E-12  7.643E-13  3.560E-13  1.040E-13  1.479E-14  5.627E-16  3.456E-18  8.750E-22  2.665E-27  2.783E-35  1.401E-45  0.000E+00  0.000E+00  0.000E+00  0.000E+00  0.000E+00  0.000E+00  0.000E+00  0.000E+00  0.000E+00  0.000E+00  0.000E+00  0.000E+00  0.000E+00  0.000E+00  0.000E+00  0.000E+00  0.000E+00  0.000E+00  0.000E+00  0.000E+00  0.000E+00  0.000E+00  0.000E+00
  292.5000  3.834E-10  3.598E-10  3.345E-10  3.125E-10  2.931E-10  2.761E-10  2.581E-10  2.348E-10  2.197E-10  1.972E-10  1.803E-10  1.629E-10  1.447E-10  1.282E-10  1.131E-10  9.890E-11  8.553E-11  7.326E-11  6.230E-11  5.271E-11  4.384E-11  3.552E-11  2.915E-11  2.277E-11  1.794E-11  1.355E-11  9.789E-12  6.679E-12  4.092E-12  2.038E-12  6.736E-13  1.179E-13  6.413E-15  6.948E-17  4.405E-20  5.589E-25  4.753E-32  9.163E-42  0.000E+00  0.000E+00  0.000E+00  0.000E+00  0.000E+00  0.000E+00  0.000E+00  0.000E+00  0.000E+00  0.000E+00  0.000E+00  0.000E+00  0.000E+00  0.000E+00  0.000E+00  0.000E+00  0.000E+00  0.000E+00  0.000E+00  0.000E+00  0.000E+00  0.000E+00  0.000E+00
  293.5000  2.149E-09  2.017E-09  1.875E-09  1.752E-09  1.643E-09  1.548E-09  1.447E-09  1.317E-09  1.232E-09  1.107E-09  1.013E-09  9.152E-10  8.131E-10  7.212E-10  6.364E-10  5.570E-10  4.821E-10  4.132E-10  3.517E-10  2.977E-10  2.479E-10  2.012E-10  1.654E-10  1.296E-10  1.025E-10  7.792E-11  5.692E-11  3.959E-11  2.508E-11  1.327E-11  4.909E-12  1.039E-12  7.876E-14  1.449E-15  2.175E-18  1.058E-22  6.485E-29  1.957E-37  0.000E+00  0.000E+00  0.000E+00  0.000E+00  0.000E+00  0.000E+00  0.000E+00  0.000E+00  0.000E+00  0.000E+00  0.000E+00  0.000E+00  0.000E+00  0.000E+00  0.000E+00  0.000E+00  0.000E+00  0.000E+00  0.000E+00  0.000E+00  0.000E+00  0.000E+00  0.000E+00
  294.5000  6.906E-09  6.479E-09  6.023E-09  5.626E-09  5.278E-09  4.972E-09  4.649E-09  4.230E-09  3.960E-09  3.557E-09  3.256E-09  2.944E-09  2.617E-09  2.322E-09  2.051E-09  1.796E-09  1.555E-09  1.334E-09  1.136E-09  9.624E-10  8.023E-10  6.516E-10  5.364E-10  4.212E-10  3.345E-10  2.555E-10  1.883E-10  1.330E-10  8.655E-11  4.812E-11  1.954E-11  4.841E-12  4.822E-13  1.366E-14  4.121E-17  5.866E-21  1.718E-26  4.513E-34  4.204E-44  0.000E+00  0.000E+00  0.000E+00  0.000E+00  0.000E+00  0.000E+00  0.000E+00  0.000E+00  0.000E+00  0.000E+00  0.000E+00  0.000E+00  0.000E+00  0.000E+00  0.000E+00  0.000E+00  0.000E+00  0.000E+00  0.000E+00  0.000E+00  0.000E+00  0.000E+00
  295.5000  3.052E-08  2.862E-08  2.660E-08  2.485E-08  2.331E-08  2.195E-08  2.053E-08  1.868E-08  1.749E-08  1.571E-08  1.439E-08  1.301E-08  1.157E-08  1.028E-08  9.081E-09  7.958E-09  6.897E-09  5.920E-09  5.045E-09  4.278E-09  3.571E-09  2.903E-09  2.393E-09  1.884E-09  1.501E-09  1.152E-09  8.567E-10  6.139E-10  4.104E-10  2.395E-10  1.067E-10  3.096E-11  4.071E-12  1.796E-13  1.117E-15  4.873E-19  7.330E-24  1.859E-30  3.484E-39  0.000E+00  0.000E+00  0.000E+00  0.000E+00  0.000E+00  0.000E+00  0.000E+00  0.000E+00  0.000E+00  0.000E+00  0.000E+00  0.000E+00  0.000E+00  0.000E+00  0.000E+00  0.000E+00  0.000E+00  0.000E+00  0.000E+00  0.000E+00  0.000E+00  0.000E+00
  296.5000  8.588E-08  8.052E-08  7.481E-08  6.985E-08  6.550E-08  6.169E-08  5.768E-08  5.248E-08  4.914E-08  4.416E-08  4.044E-08  3.659E-08  3.255E-08  2.893E-08  2.558E-08  2.243E-08  1.945E-08  1.671E-08  1.425E-08  1.209E-08  1.011E-08  8.224E-09  6.789E-09  5.355E-09  4.280E-09  3.298E-09  2.470E-09  1.792E-09  1.225E-09  7.450E-10  3.591E-10  1.194E-10  1.996E-11  1.288E-12  1.488E-14  1.681E-17  1.004E-21  1.688E-27  3.875E-35  4.204E-45  0.000E+00  0.000E+00  0.000E+00  0.000E+00  0.000E+00  0.000E+00  0.000E+00  0.000E+00  0.000E+00  0.000E+00  0.000E+00  0.000E+00  0.000E+00  0.000E+00  0.000E+00  0.000E+00  0.000E+00  0.000E+00  0.000E+00  0.000E+00  0.000E+00
  297.5000  2.520E-07  2.361E-07  2.193E-07  2.047E-07  1.919E-07  1.806E-07  1.689E-07  1.536E-07  1.438E-07  1.293E-07  1.184E-07  1.071E-07  9.539E-08  8.479E-08  7.501E-08  6.582E-08  5.713E-08  4.910E-08  4.191E-08  3.559E-08  2.978E-08  2.426E-08  2.004E-08  1.584E-08  1.270E-08  9.812E-09  7.392E-09  5.418E-09  3.772E-09  2.376E-09  1.224E-09  4.573E-10  9.395E-11  8.425E-12  1.670E-13  4.331E-16  8.621E-20  7.597E-25  1.567E-31  2.583E-40  0.000E+00  0.000E+00  0.000E+00  0.000E+00  0.000E+00  0.000E+00  0.000E+00  0.000E+00  0.000E+00  0.000E+00  0.000E+00  0.000E+00  0.000E+00  0.000E+00  0.000E+00  0.000E+00  0.000E+00  0.000E+00  0.000E+00  0.000E+00  0.000E+00
  298.5000  4.339E-07  4.064E-07  3.772E-07  3.519E-07  3.297E-07  3.103E-07  2.900E-07  2.638E-07  2.469E-07  2.219E-07  2.033E-07  1.840E-07  1.638E-07  1.457E-07  1.289E-07  1.132E-07  9.833E-08  8.458E-08  7.224E-08  6.139E-08  5.142E-08  4.192E-08  3.468E-08  2.745E-08  2.206E-08  1.709E-08  1.294E-08  9.564E-09  6.762E-09  4.384E-09  2.391E-09  9.869E-10  2.421E-10  2.881E-11  9.077E-13  4.798E-15  2.665E-18  9.552E-23  1.256E-28  2.327E-36  0.000E+00  0.000E+00  0.000E+00  0.000E+00  0.000E+00  0.000E+00  0.000E+00  0.000E+00  0.000E+00  0.000E+00  0.000E+00  0.000E+00  0.000E+00  0.000E+00  0.000E+00  0.000E+00  0.000E+00  0.000E+00  0.000E+00  0.000E+00  0.000E+00
  299.5000  1.378E-06  1.290E-06  1.197E-06  1.116E-06  1.045E-06  9.828E-07  9.181E-07  8.348E-07  7.810E-07  7.020E-07  6.431E-07  5.819E-07  5.183E-07  4.611E-07  4.083E-07  3.587E-07  3.117E-07  2.683E-07  2.294E-07  1.951E-07  1.636E-07  1.335E-07  1.105E-07  8.763E-08  7.056E-08  5.479E-08  4.167E-08  3.103E-08  2.223E-08  1.478E-08  8.473E-09  3.820E-09  1.099E-09  1.690E-10  8.150E-12  8.312E-14  1.199E-16  1.603E-20  1.212E-25  2.227E-32  9.494E-42  0.000E+00  0.000E+00  0.000E+00  0.000E+00  0.000E+00  0.000E+00  0.000E+00  0.000E+00  0.000E+00  0.000E+00  0.000E+00  0.000E+00  0.000E+00  0.000E+00  0.000E+00  0.000E+00  0.000E+00  0.000E+00  0.000E+00  0.000E+00
  300.5000  1.711E-06  1.601E-06  1.484E-06  1.382E-06  1.294E-06  1.216E-06  1.136E-06  1.032E-06  9.654E-07  8.675E-07  7.946E-07  7.189E-07  6.406E-07  5.699E-07  5.048E-07  4.437E-07  3.858E-07  3.323E-07  2.842E-07  2.419E-07  2.031E-07  1.658E-07  1.374E-07  1.091E-07  8.804E-08  6.847E-08  5.226E-08  3.914E-08  2.834E-08  1.922E-08  1.147E-08  5.553E-09  1.818E-09  3.439E-10  2.337E-11  4.041E-13  1.243E-15  4.640E-19  1.347E-23  1.418E-29  6.818E-38  0.000E+00  0.000E+00  0.000E+00  0.000E+00  0.000E+00  0.000E+00  0.000E+00  0.000E+00  0.000E+00  0.000E+00  0.000E+00  0.000E+00  0.000E+00  0.000E+00  0.000E+00  0.000E+00  0.000E+00  0.000E+00  0.000E+00  0.000E+00
  301.5000  4.659E-06  4.355E-06  4.033E-06  3.754E-06  3.510E-06  3.296E-06  3.076E-06  2.794E-06  2.611E-06  2.345E-06  2.148E-06  1.943E-06  1.731E-06  1.540E-06  1.365E-06  1.200E-06  1.044E-06  9.000E-07  7.704E-07  6.562E-07  5.516E-07  4.508E-07  3.740E-07  2.974E-07  2.405E-07  1.874E-07  1.435E-07  1.081E-07  7.909E-08  5.474E-08  3.398E-08  1.769E-08  6.618E-09  1.553E-09  1.515E-10  4.589E-12  3.168E-14  3.546E-17  4.377E-21  3.072E-26  2.112E-33  1.018E-40  1.401E-45  0.000E+00  0.000E+00  0.000E+00  0.000E+00  0.000E+00  0.000E+00  0.000E+00  0.000E+00  0.000E+00  0.000E+00  0.000E+00  0.000E+00  0.000E+00  0.000E+00  0.000E+00  0.000E+00  0.000E+00  0.000E+00
  302.5000  7.205E-06  6.726E-06  6.224E-06  5.788E-06  5.407E-06  5.075E-06  4.732E-06  4.295E-06  4.012E-06  3.603E-06  3.298E-06  2.982E-06  2.657E-06  2.365E-06  2.095E-06  1.843E-06  1.604E-06  1.383E-06  1.185E-06  1.010E-06  8.498E-07  6.949E-07  5.769E-07  4.594E-07  3.721E-07  2.902E-07  2.228E-07  1.685E-07  1.241E-07  8.707E-08  5.552E-08  3.035E-08  1.242E-08  3.373E-09  4.207E-10  1.863E-11  2.209E-13  5.084E-16  1.607E-19  3.875E-24  1.491E-30  3.978E-37  1.445E-42  1.261E-44  1.401E-45  1.401E-45  0.000E+00  0.000E+00  0.000E+00  0.000E+00  0.000E+00  0.000E+00  0.000E+00  0.000E+00  0.000E+00  0.000E+00  0.000E+00  0.000E+00  0.000E+00  0.000E+00  0.000E+00
  303.5000  1.608E-05  1.500E-05  1.386E-05  1.287E-05  1.201E-05  1.126E-05  1.049E-05  9.512E-06  8.876E-06  7.965E-06  7.286E-06  6.585E-06  5.866E-06  5.218E-06  4.626E-06  4.070E-06  3.544E-06  3.058E-06  2.621E-06  2.236E-06  1.884E-06  1.542E-06  1.281E-06  1.022E-06  8.292E-07  6.477E-07  4.988E-07  3.789E-07  2.812E-07  2.001E-07  1.314E-07  7.587E-08  3.438E-08  1.102E-08  1.822E-09  1.250E-10  2.782E-12  1.502E-14  1.456E-17  1.523E-21  4.549E-27  9.346E-33  1.514E-37  1.240E-39  3.147E-41  1.710E-43  1.401E-45  0.000E+00  0.000E+00  0.000E+00  0.000E+00  0.000E+00  0.000E+00  0.000E+00  0.000E+00  0.000E+00  0.000E+00  0.000E+00  0.000E+00  0.000E+00  0.000E+00
  304.5000  2.070E-05  1.929E-05  1.781E-05  1.653E-05  1.541E-05  1.443E-05  1.343E-05  1.217E-05  1.135E-05  1.018E-05  9.306E-06  8.406E-06  7.486E-06  6.662E-06  5.903E-06  5.194E-06  4.524E-06  3.905E-06  3.349E-06  2.858E-06  2.410E-06  1.974E-06  1.641E-06  1.311E-06  1.065E-06  8.325E-07  6.422E-07  4.891E-07  3.647E-07  2.618E-07  1.750E-07  1.044E-07  5.026E-08  1.780E-08  3.479E-09  3.090E-10  9.952E-12  8.854E-14  1.651E-16  4.027E-20  3.848E-25  2.473E-30  9.215E-35  8.044E-37  1.639E-38  6.201E-41  1.682E-44  0.000E+00  0.000E+00  0.000E+00  0.000E+00  0.000E+00  0.000E+00  0.000E+00  0.000E+00  0.000E+00  0.000E+00  0.000E+00  0.000E+00  0.000E+00  0.000E+00
  305.5000  3.544E-05  3.297E-05  3.038E-05  2.814E-05  2.619E-05  2.449E-05  2.276E-05  2.059E-05  1.918E-05  1.718E-05  1.569E-05  1.416E-05  1.260E-05  1.120E-05  9.932E-06  8.739E-06  7.614E-06  6.575E-06  5.642E-06  4.818E-06  4.070E-06  3.336E-06  2.777E-06  2.221E-06  1.808E-06  1.415E-06  1.095E-06  8.369E-07  6.278E-07  4.557E-07  3.117E-07  1.941E-07  1.015E-07  4.116E-08  1.016E-08  1.299E-09  7.118E-11  1.326E-12  6.586E-15  5.748E-18  3.208E-22  1.186E-26  1.579E-30  1.495E-32  2.101E-34  4.288E-37  5.027E-41  0.000E+00  0.000E+00  0.000E+00  0.000E+00  0.000E+00  0.000E+00  0.000E+00  0.000E+00  0.000E+00  0.000E+00  0.000E+00  0.000E+00  0.000E+00  0.000E+00
  306.5000  4.163E-05  3.868E-05  3.562E-05  3.296E-05  3.064E-05  2.863E-05  2.659E-05  2.404E-05  2.237E-05  2.002E-05  1.828E-05  1.649E-05  1.467E-05  1.303E-05  1.155E-05  1.016E-05  8.856E-06  7.650E-06  6.566E-06  5.610E-06  4.742E-06  3.889E-06  3.239E-06  2.593E-06  2.113E-06  1.655E-06  1.282E-06  9.817E-07  7.385E-07  5.390E-07  3.726E-07  2.367E-07  1.285E-07  5.547E-08  1.521E-08  2.287E-09  1.581E-10  4.032E-12  3.026E-14  4.534E-17  5.337E-21  4.129E-25  9.464E-29  9.537E-31  1.198E-32  2.033E-35  1.945E-39  0.000E+00  0.000E+00  0.000E+00  0.000E+00  0.000E+00  0.000E+00  0.000E+00  0.000E+00  0.000E+00  0.000E+00  0.000E+00  0.000E+00  0.000E+00  0.000E+00
  307.5000  7.671E-05  7.110E-05  6.533E-05  6.031E-05  5.594E-05  5.214E-05  4.833E-05  4.361E-05  4.050E-05  3.620E-05  3.301E-05  2.973E-05  2.642E-05  2.346E-05  2.078E-05  1.827E-05  1.592E-05  1.375E-05  1.181E-05  1.010E-05  8.547E-06  7.016E-06  5.848E-06  4.691E-06  3.829E-06  3.004E-06  2.332E-06  1.791E-06  1.354E-06  9.964E-07  7.006E-07  4.598E-07  2.657E-07  1.274E-07  4.205E-08  8.465E-09  9.002E-10  4.194E-11  7.038E-13  3.029E-15  1.542E-18  5.142E-22  3.399E-25  3.714E-27  3.473E-29  3.612E-32  1.878E-36  7.006E-45  0.000E+00  0.000E+00  0.000E+00  0.000E+00  0.000E+00  0.000E+00  0.000E+00  0.000E+00  0.000E+00  0.000E+00  0.000E+00  0.000E+00  0.000E+00
  308.5000  9.513E-05  8.808E-05  8.084E-05  7.454E-05  6.907E-05  6.431E-05  5.955E-05  5.368E-05  4.981E-05  4.449E-05  4.053E-05  3.648E-05  3.240E-05  2.877E-05  2.546E-05  2.238E-05  1.950E-05  1.685E-05  1.447E-05  1.237E-05  1.048E-05  8.607E-06  7.179E-06  5.763E-06  4.708E-06  3.697E-06  2.873E-06  2.210E-06  1.674E-06  1.237E-06  8.761E-07  5.831E-07  3.462E-07  1.737E-07  6.192E-08  1.405E-08  1.774E-09  1.041E-10  2.362E-12  1.512E-14  1.327E-17  7.558E-21  7.413E-24  8.568E-26  7.513E-28  7.063E-31  3.310E-35  1.261E-43  0.000E+00  0.000E+00  0.000E+00  0.000E+00  0.000E+00  0.000E+00  0.000E+00  0.000E+00  0.000E+00  0.000E+00  0.000E+00  0.000E+00  0.000E+00
  309.5000  1.014E-04  9.370E-05  8.580E-05  7.894E-05  7.296E-05  6.778E-05  6.263E-05  5.634E-05  5.218E-05  4.652E-05  4.231E-05  3.802E-05  3.373E-05  2.991E-05  2.645E-05  2.324E-05  2.024E-05  1.748E-05  1.502E-05  1.284E-05  1.089E-05  8.952E-06  7.473E-06  6.008E-06  4.915E-06  3.864E-06  3.010E-06  2.320E-06  1.763E-06  1.309E-06  9.375E-07  6.367E-07  3.932E-07  2.110E-07  8.481E-08  2.328E-08  3.894E-09  3.392E-10  1.306E-11  1.677E-13  3.855E-16  5.728E-19  1.125E-21  1.392E-23  1.030E-25  7.322E-29  2.425E-33  9.065E-42  0.000E+00  0.000E+00  0.000E+00  0.000E+00  0.000E+00  0.000E+00  0.000E+00  0.000E+00  0.000E+00  0.000E+00  0.000E+00  0.000E+00  0.000E+00
  310.5000  1.611E-04  1.485E-04  1.357E-04  1.246E-04  1.149E-04  1.066E-04  9.827E-05  8.824E-05  8.156E-05  7.260E-05  6.593E-05  5.915E-05  5.241E-05  4.643E-05  4.102E-05  3.601E-05  3.134E-05  2.707E-05  2.325E-05  1.989E-05  1.688E-05  1.388E-05  1.160E-05  9.336E-06  7.647E-06  6.019E-06  4.695E-06  3.627E-06  2.763E-06  2.060E-06  1.487E-06  1.025E-06  6.514E-07  3.672E-07  1.611E-07  5.084E-08  1.043E-08  1.203E-09  6.726E-11  1.414E-12  6.398E-15  1.854E-17  5.912E-20  7.758E-22  5.197E-24  3.146E-27  8.631E-32  3.414E-40  0.000E+00  0.000E+00  0.000E+00  0.000E+00  0.000E+00  0.000E+00  0.000E+00  0.000E+00  0.000E+00  0.000E+00  0.000E+00  0.000E+00  0.000E+00
  311.5000  2.309E-04  2.125E-04  1.939E-04  1.777E-04  1.637E-04  1.515E-04  1.395E-04  1.251E-04  1.154E-04  1.026E-04  9.307E-05  8.340E-05  7.381E-05  6.534E-05  5.767E-05  5.061E-05  4.403E-05  3.801E-05  3.265E-05  2.793E-05  2.372E-05  1.951E-05  1.630E-05  1.314E-05  1.077E-05  8.485E-06  6.627E-06  5.125E-06  3.911E-06  2.925E-06  2.121E-06  1.476E-06  9.553E-07  5.558E-07  2.581E-07  8.908E-08  2.085E-08  2.884E-09  2.056E-10  5.978E-12  4.240E-14  1.924E-16  8.542E-19  1.186E-20  7.625E-23  4.314E-26  1.101E-30  4.891E-39  0.000E+00  0.000E+00  0.000E+00  0.000E+00  0.000E+00  0.000E+00  0.000E+00  0.000E+00  0.000E+00  0.000E+00  0.000E+00  0.000E+00  0.000E+00
  312.5000  2.823E-04  2.588E-04  2.353E-04  2.149E-04  1.972E-04  1.819E-04  1.669E-04  1.491E-04  1.372E-04  1.216E-04  1.100E-04  9.824E-05  8.674E-05  7.660E-05  6.748E-05  5.912E-05  5.136E-05  4.430E-05  3.802E-05  3.252E-05  2.764E-05  2.275E-05  1.902E-05  1.536E-05  1.261E-05  9.952E-06  7.791E-06  6.041E-06  4.625E-06  3.474E-06  2.540E-06  1.794E-06  1.196E-06  7.332E-07  3.747E-07  1.511E-07  4.465E-08  8.551E-09  9.432E-10  4.896E-11  7.704E-13  7.674E-15  5.983E-17  8.818E-19  4.970E-21  2.269E-24  4.443E-29  1.980E-37  0.000E+00  0.000E+00  0.000E+00  0.000E+00  0.000E+00  0.000E+00  0.000E+00  0.000E+00  0.000E+00  0.000E+00  0.000E+00  0.000E+00  0.000E+00
  313.5000  3.398E-04  3.113E-04  2.828E-04  2.581E-04  2.366E-04  2.180E-04  1.999E-04  1.785E-04  1.640E-04  1.453E-04  1.313E-04  1.172E-04  1.034E-04  9.124E-05  8.033E-05  7.033E-05  6.107E-05  5.267E-05  4.520E-05  3.865E-05  3.285E-05  2.704E-05  2.262E-05  1.828E-05  1.501E-05  1.186E-05  9.289E-06  7.209E-06  5.525E-06  4.156E-06  3.047E-06  2.162E-06  1.455E-06  9.054E-07  4.754E-07  2.000E-07  6.268E-08  1.295E-08  1.576E-09  9.341E-11  1.761E-12  2.095E-14  1.875E-16  2.894E-18  1.670E-20  7.947E-24  1.677E-28  9.074E-37  0.000E+00  0.000E+00  0.000E+00  0.000E+00  0.000E+00  0.000E+00  0.000E+00  0.000E+00  0.000E+00  0.000E+00  0.000E+00  0.000E+00  0.000E+00
  314.5000  4.327E-04  3.948E-04  3.572E-04  3.246E-04  2.963E-04  2.719E-04  2.483E-04  2.208E-04  2.021E-04  1.783E-04  1.605E-04  1.427E-04  1.255E-04  1.104E-04  9.695E-05  8.466E-05  7.336E-05  6.315E-05  5.412E-05  4.624E-05  3.931E-05  3.237E-05  2.708E-05  2.192E-05  1.803E-05  1.427E-05  1.121E-05  8.722E-06  6.705E-06  5.065E-06  3.737E-06  2.683E-06  1.846E-06  1.196E-06  6.777E-07  3.231E-07  1.225E-07  3.311E-08  5.808E-09  5.633E-10  2.098E-11  4.905E-13  7.128E-15  1.167E-16  6.073E-19  2.436E-22  4.151E-27  2.300E-35  0.000E+00  0.000E+00  0.000E+00  0.000E+00  0.000E+00  0.000E+00  0.000E+00  0.000E+00  0.000E+00  0.000E+00  0.000E+00  0.000E+00  0.000E+00
  315.5000  4.687E-04  4.275E-04  3.865E-04  3.511E-04  3.203E-04  2.938E-04  2.681E-04  2.382E-04  2.179E-04  1.921E-04  1.728E-04  1.536E-04  1.350E-04  1.187E-04  1.042E-04  9.091E-05  7.875E-05  6.776E-05  5.806E-05  4.959E-05  4.216E-05  3.472E-05  2.906E-05  2.353E-05  1.936E-05  1.533E-05  1.205E-05  9.385E-06  7.221E-06  5.461E-06  4.037E-06  2.907E-06  2.013E-06  1.317E-06  7.595E-07  3.720E-07  1.463E-07  4.134E-08  7.672E-09  8.034E-10  3.316E-11  8.559E-13  1.351E-14  2.306E-16  1.251E-18  5.379E-22  1.027E-26  7.026E-35  0.000E+00  0.000E+00  0.000E+00  0.000E+00  0.000E+00  0.000E+00  0.000E+00  0.000E+00  0.000E+00  0.000E+00  0.000E+00  0.000E+00  0.000E+00
  316.5000  5.940E-04  5.396E-04  4.860E-04  4.396E-04  3.995E-04  3.648E-04  3.317E-04  2.934E-04  2.673E-04  2.347E-04  2.103E-04  1.862E-04  1.630E-04  1.428E-04  1.248E-04  1.087E-04  9.385E-05  8.057E-05  6.889E-05  5.875E-05  4.992E-05  4.110E-05  3.439E-05  2.789E-05  2.297E-05  1.823E-05  1.436E-05  1.121E-05  8.655E-06  6.570E-06  4.883E-06  3.547E-06  2.496E-06  1.681E-06  1.024E-06  5.495E-07  2.491E-07  8.628E-08  2.118E-08  3.234E-09  2.243E-10  9.646E-12  2.198E-13  3.954E-15  2.010E-17  7.768E-21  1.301E-25  9.498E-34  0.000E+00  0.000E+00  0.000E+00  0.000E+00  0.000E+00  0.000E+00  0.000E+00  0.000E+00  0.000E+00  0.000E+00  0.000E+00  0.000E+00  0.000E+00
  317.5000  8.408E-04  7.640E-04  6.883E-04  6.227E-04  5.659E-04  5.169E-04  4.701E-04  4.158E-04  3.789E-04  3.327E-04  2.982E-04  2.640E-04  2.311E-04  2.025E-04  1.771E-04  1.541E-04  1.331E-04  1.143E-04  9.771E-05  8.333E-05  7.082E-05  5.830E-05  4.879E-05  3.957E-05  3.260E-05  2.587E-05  2.039E-05  1.593E-05  1.229E-05  9.336E-06  6.942E-06  5.048E-06  3.558E-06  2.403E-06  1.470E-06  7.932E-07  3.615E-07  1.255E-07  3.083E-08  4.715E-09  3.270E-10  1.407E-11  3.255E-13  6.093E-15  3.309E-17  1.426E-20  2.808E-25  2.582E-33  0.000E+00  0.000E+00  0.000E+00  0.000E+00  0.000E+00  0.000E+00  0.000E+00  0.000E+00  0.000E+00  0.000E+00  0.000E+00  0.000E+00  0.000E+00
  318.5000  8.701E-04  7.877E-04  7.067E-04  6.368E-04  5.763E-04  5.241E-04  4.746E-04  4.179E-04  3.791E-04  3.313E-04  2.956E-04  2.604E-04  2.269E-04  1.980E-04  1.724E-04  1.494E-04  1.286E-04  1.100E-04  9.382E-05  7.982E-05  6.773E-05  5.570E-05  4.659E-05  3.782E-05  3.118E-05  2.480E-05  1.959E-05  1.535E-05  1.189E-05  9.064E-06  6.775E-06  4.964E-06  3.548E-06  2.453E-06  1.572E-06  9.168E-07  4.725E-07  1.961E-07  6.186E-08  1.330E-08  1.475E-09  1.009E-10  3.259E-12  6.417E-14  3.297E-16  1.297E-19  2.283E-24  2.251E-32  0.000E+00  0.000E+00  0.000E+00  0.000E+00  0.000E+00  0.000E+00  0.000E+00  0.000E+00  0.000E+00  0.000E+00  0.000E+00  0.000E+00  0.000E+00
  319.5000  1.128E-03  1.021E-03  9.160E-04  8.244E-04  7.456E-04  6.778E-04  6.134E-04  5.397E-04  4.892E-04  4.272E-04  3.809E-04  3.353E-04  2.919E-04  2.544E-04  2.214E-04  1.917E-04  1.649E-04  1.410E-04  1.201E-04  1.021E-04  8.663E-05  7.121E-05  5.956E-05  4.835E-05  3.988E-05  3.173E-05  2.509E-05  1.967E-05  1.525E-05  1.164E-05  8.714E-06  6.399E-06  4.589E-06  3.193E-06  2.069E-06  1.228E-06  6.499E-07  2.792E-07  9.216E-08  2.111E-08  2.549E-09  1.896E-10  6.579E-12  1.348E-13  7.224E-16  3.044E-19  5.971E-24  7.149E-32  0.000E+00  0.000E+00  0.000E+00  0.000E+00  0.000E+00  0.000E+00  0.000E+00  0.000E+00  0.000E+00  0.000E+00  0.000E+00  0.000E+00  0.000E+00
  320.5000  1.476E-03  1.334E-03  1.201E-03  1.076E-03  9.720E-04  8.826E-04  7.980E-04  7.012E-04  6.349E-04  5.537E-04  4.931E-04  4.335E-04  3.769E-04  3.281E-04  2.851E-04  2.466E-04  2.118E-04  1.809E-04  1.540E-04  1.308E-04  1.109E-04  9.113E-05  7.619E-05  6.186E-05  5.102E-05  4.062E-05  3.215E-05  2.523E-05  1.958E-05  1.496E-05  1.121E-05  8.251E-06  5.938E-06  4.155E-06  2.720E-06  1.643E-06  8.935E-07  4.001E-07  1.402E-07  3.480E-08  4.694E-09  3.902E-10  1.484E-11  3.172E-13  1.761E-15  7.854E-19  1.676E-23  2.392E-31  0.000E+00  0.000E+00  0.000E+00  0.000E+00  0.000E+00  0.000E+00  0.000E+00  0.000E+00  0.000E+00  0.000E+00  0.000E+00  0.000E+00  0.000E+00
  321.5000  1.779E-03  1.606E-03  1.437E-03  1.289E-03  1.162E-03  1.052E-03  9.485E-04  8.300E-04  7.489E-04  6.500E-04  5.765E-04  5.042E-04  4.361E-04  3.776E-04  3.265E-04  2.809E-04  2.399E-04  2.039E-04  1.727E-04  1.461E-04  1.235E-04  1.011E-04  8.437E-05  6.846E-05  5.647E-05  4.502E-05  3.572E-05  2.813E-05  2.193E-05  1.684E-05  1.269E-05  9.411E-06  6.853E-06  4.889E-06  3.322E-06  2.134E-06  1.283E-06  6.651E-07  2.876E-07  9.578E-08  1.938E-08  2.406E-09  1.224E-10  2.739E-12  1.453E-14  6.013E-18  1.177E-22  1.819E-30  0.000E+00  0.000E+00  0.000E+00  0.000E+00  0.000E+00  0.000E+00  0.000E+00  0.000E+00  0.000E+00  0.000E+00  0.000E+00  0.000E+00  0.000E+00
  322.5000  1.352E-03  1.222E-03  1.094E-03  9.836E-04  8.882E-04  8.061E-04  7.282E-04  6.393E-04  5.784E-04  5.039E-04  4.484E-04  3.937E-04  3.420E-04  2.974E-04  2.581E-04  2.231E-04  1.914E-04  1.633E-04  1.388E-04  1.179E-04  9.989E-05  8.202E-05  6.856E-05  5.567E-05  4.593E-05  3.659E-05  2.898E-05  2.276E-05  1.768E-05  1.353E-05  1.016E-05  7.495E-06  5.415E-06  3.814E-06  2.526E-06  1.554E-06  8.691E-07  4.041E-07  1.491E-07  3.984E-08  5.946E-09  5.495E-10  2.314E-11  5.352E-13  3.281E-15  1.714E-18  4.626E-23  9.701E-31  0.000E+00  0.000E+00  0.000E+00  0.000E+00  0.000E+00  0.000E+00  0.000E+00  0.000E+00  0.000E+00  0.000E+00  0.000E+00  0.000E+00  0.000E+00
  323.5000  2.203E-03  1.989E-03  1.778E-03  1.596E-03  1.438E-03  1.302E-03  1.173E-03  1.025E-03  9.236E-04  8.001E-04  7.084E-04  6.182E-04  5.334E-04  4.607E-04  3.972E-04  3.408E-04  2.903E-04  2.459E-04  2.077E-04  1.753E-04  1.478E-04  1.208E-04  1.006E-04  8.156E-05  6.724E-05  5.363E-05  4.260E-05  3.360E-05  2.625E-05  2.021E-05  1.529E-05  1.138E-05  8.332E-06  5.995E-06  4.138E-06  2.725E-06  1.708E-06  9.432E-07  4.478E-07  1.702E-07  4.148E-08  6.245E-09  3.742E-10  9.074E-12  5.184E-14  2.408E-17  5.603E-22  1.219E-29  0.000E+00  0.000E+00  0.000E+00  0.000E+00  0.000E+00  0.000E+00  0.000E+00  0.000E+00  0.000E+00  0.000E+00  0.000E+00  0.000E+00  0.000E+00
  324.5000  2.536E-03  2.290E-03  2.047E-03  1.837E-03  1.656E-03  1.499E-03  1.351E-03  1.181E-03  1.065E-03  9.225E-04  8.172E-04  7.134E-04  6.158E-04  5.320E-04  4.588E-04  3.939E-04  3.357E-04  2.845E-04  2.404E-04  2.029E-04  1.712E-04  1.399E-04  1.166E-04  9.455E-05  7.796E-05  6.219E-05  4.940E-05  3.897E-05  3.044E-05  2.344E-05  1.773E-05  1.320E-05  9.664E-06  6.956E-06  4.802E-06  3.161E-06  1.977E-06  1.087E-06  5.116E-07  1.923E-07  4.608E-08  6.836E-09  4.108E-10  1.033E-11  6.293E-14  3.245E-17  8.792E-22  2.358E-29  0.000E+00  0.000E+00  0.000E+00  0.000E+00  0.000E+00  0.000E+00  0.000E+00  0.000E+00  0.000E+00  0.000E+00  0.000E+00  0.000E+00  0.000E+00
  325.5000  2.652E-03  2.393E-03  2.140E-03  1.919E-03  1.729E-03  1.566E-03  1.411E-03  1.233E-03  1.112E-03  9.641E-04  8.543E-04  7.462E-04  6.445E-04  5.572E-04  4.810E-04  4.132E-04  3.524E-04  2.989E-04  2.528E-04  2.136E-04  1.803E-04  1.475E-04  1.230E-04  9.973E-05  8.226E-05  6.561E-05  5.210E-05  4.108E-05  3.207E-05  2.467E-05  1.865E-05  1.386E-05  1.014E-05  7.281E-06  5.005E-06  3.272E-06  2.022E-06  1.091E-06  4.999E-07  1.807E-07  4.106E-08  5.803E-09  3.418E-10  8.913E-12  5.855E-14  3.402E-17  1.090E-21  3.602E-29  0.000E+00  0.000E+00  0.000E+00  0.000E+00  0.000E+00  0.000E+00  0.000E+00  0.000E+00  0.000E+00  0.000E+00  0.000E+00  0.000E+00  0.000E+00
  326.5000  4.654E-03  4.211E-03  3.769E-03  3.388E-03  3.059E-03  2.774E-03  2.503E-03  2.186E-03  1.972E-03  1.706E-03  1.509E-03  1.315E-03  1.132E-03  9.747E-04  8.382E-04  7.163E-04  6.077E-04  5.126E-04  4.312E-04  3.624E-04  3.045E-04  2.477E-04  2.058E-04  1.664E-04  1.370E-04  1.092E-04  8.686E-05  6.868E-05  5.384E-05  4.163E-05  3.164E-05  2.369E-05  1.748E-05  1.272E-05  8.965E-06  6.091E-06  4.024E-06  2.404E-06  1.286E-06  5.808E-07  1.807E-07  3.509E-08  2.619E-09  7.118E-11  4.539E-13  2.508E-16  7.588E-21  2.725E-28  0.000E+00  0.000E+00  0.000E+00  0.000E+00  0.000E+00  0.000E+00  0.000E+00  0.000E+00  0.000E+00  0.000E+00  0.000E+00  0.000E+00  0.000E+00
  327.5000  3.816E-03  3.448E-03  3.084E-03  2.770E-03  2.498E-03  2.263E-03  2.040E-03  1.781E-03  1.606E-03  1.390E-03  1.230E-03  1.073E-03  9.240E-04  7.967E-04  6.856E-04  5.871E-04  4.990E-04  4.217E-04  3.554E-04  2.992E-04  2.518E-04  2.053E-04  1.708E-04  1.383E-04  1.139E-04  9.087E-05  7.224E-05  5.708E-05  4.469E-05  3.451E-05  2.618E-05  1.956E-05  1.441E-05  1.045E-05  7.316E-06  4.922E-06  3.193E-06  1.853E-06  9.470E-07  4.003E-07  1.133E-07  2.004E-08  1.418E-09  3.986E-11  2.767E-13  1.753E-16  6.434E-21  2.893E-28  0.000E+00  0.000E+00  0.000E+00  0.000E+00  0.000E+00  0.000E+00  0.000E+00  0.000E+00  0.000E+00  0.000E+00  0.000E+00  0.000E+00  0.000E+00
  328.5000  3.525E-03  3.184E-03  2.847E-03  2.556E-03  2.304E-03  2.087E-03  1.881E-03  1.642E-03  1.480E-03  1.280E-03  1.133E-03  9.870E-04  8.500E-04  7.327E-04  6.305E-04  5.395E-04  4.584E-04  3.872E-04  3.262E-04  2.746E-04  2.310E-04  1.883E-04  1.566E-04  1.268E-04  1.045E-04  8.330E-05  6.622E-05  5.233E-05  4.097E-05  3.164E-05  2.401E-05  1.794E-05  1.321E-05  9.584E-06  6.712E-06  4.518E-06  2.935E-06  1.707E-06  8.762E-07  3.733E-07  1.072E-07  1.940E-08  1.415E-09  4.131E-11  3.028E-13  2.086E-16  8.611E-21  4.604E-28  0.000E+00  0.000E+00  0.000E+00  0.000E+00  0.000E+00  0.000E+00  0.000E+00  0.000E+00  0.000E+00  0.000E+00  0.000E+00  0.000E+00  0.000E+00
  329.5000  6.207E-03  5.628E-03  5.047E-03  4.547E-03  4.114E-03  3.740E-03  3.381E-03  2.955E-03  2.671E-03  2.310E-03  2.047E-03  1.783E-03  1.533E-03  1.319E-03  1.131E-03  9.668E-04  8.186E-04  6.888E-04  5.778E-04  4.844E-04  4.062E-04  3.293E-04  2.730E-04  2.202E-04  1.812E-04  1.443E-04  1.147E-04  9.079E-05  7.132E-05  5.530E-05  4.216E-05  3.168E-05  2.349E-05  1.721E-05  1.226E-05  8.454E-06  5.736E-06  3.570E-06  2.036E-06  1.013E-06  3.630E-07  8.241E-08  7.147E-09  2.165E-10  1.572E-12  1.066E-15  4.354E-20  2.588E-27  0.000E+00  0.000E+00  0.000E+00  0.000E+00  0.000E+00  0.000E+00  0.000E+00  0.000E+00  0.000E+00  0.000E+00  0.000E+00  0.000E+00  0.000E+00
  330.5000  4.945E-03  4.475E-03  4.007E-03  3.603E-03  3.254E-03  2.953E-03  2.664E-03  2.326E-03  2.099E-03  1.816E-03  1.607E-03  1.399E-03  1.204E-03  1.036E-03  8.900E-04  7.607E-04  6.449E-04  5.434E-04  4.567E-04  3.834E-04  3.220E-04  2.616E-04  2.172E-04  1.755E-04  1.445E-04  1.151E-04  9.156E-05  7.243E-05  5.683E-05  4.400E-05  3.348E-05  2.511E-05  1.857E-05  1.356E-05  9.602E-06  6.569E-06  4.388E-06  2.664E-06  1.461E-06  6.855E-07  2.260E-07  4.728E-08  3.918E-09  1.227E-10  9.657E-13  7.446E-16  3.641E-20  2.668E-27  0.000E+00  0.000E+00  0.000E+00  0.000E+00  0.000E+00  0.000E+00  0.000E+00  0.000E+00  0.000E+00  0.000E+00  0.000E+00  0.000E+00  0.000E+00
  331.5000  4.753E-03  4.299E-03  3.848E-03  3.458E-03  3.121E-03  2.831E-03  2.553E-03  2.229E-03  2.010E-03  1.738E-03  1.538E-03  1.339E-03  1.152E-03  9.915E-04  8.524E-04  7.278E-04  6.170E-04  5.200E-04  4.370E-04  3.670E-04  3.082E-04  2.505E-04  2.080E-04  1.681E-04  1.384E-04  1.103E-04  8.770E-05  6.937E-05  5.441E-05  4.212E-05  3.204E-05  2.402E-05  1.776E-05  1.296E-05  9.167E-06  6.262E-06  4.171E-06  2.523E-06  1.375E-06  6.398E-07  2.088E-07  4.347E-08  3.637E-09  1.179E-10  9.839E-13  8.313E-16  4.622E-20  4.040E-27  0.000E+00  0.000E+00  0.000E+00  0.000E+00  0.000E+00  0.000E+00  0.000E+00  0.000E+00  0.000E+00  0.000E+00  0.000E+00  0.000E+00  0.000E+00
  332.5000  5.907E-03  5.361E-03  4.812E-03  4.339E-03  3.930E-03  3.578E-03  3.238E-03  2.830E-03  2.561E-03  2.216E-03  1.964E-03  1.711E-03  1.471E-03  1.266E-03  1.089E-03  9.266E-04  7.838E-04  6.588E-04  5.521E-04  4.623E-04  3.872E-04  3.134E-04  2.595E-04  2.091E-04  1.719E-04  1.368E-04  1.087E-04  8.610E-05  6.769E-05  5.256E-05  4.012E-05  3.020E-05  2.244E-05  1.649E-05  1.180E-05  8.187E-06  5.615E-06  3.551E-06  2.080E-06  1.079E-06  4.118E-07  1.011E-07  9.627E-09  3.233E-10  2.715E-12  2.313E-15  1.313E-19  1.290E-26  0.000E+00  0.000E+00  0.000E+00  0.000E+00  0.000E+00  0.000E+00  0.000E+00  0.000E+00  0.000E+00  0.000E+00  0.000E+00  0.000E+00  0.000E+00
  333.5000  5.009E-03  4.538E-03  4.068E-03  3.661E-03  3.310E-03  3.007E-03  2.717E-03  2.373E-03  2.143E-03  1.853E-03  1.641E-03  1.429E-03  1.228E-03  1.057E-03  9.079E-04  7.739E-04  6.551E-04  5.511E-04  4.623E-04  3.875E-04  3.249E-04  2.634E-04  2.183E-04  1.761E-04  1.449E-04  1.154E-04  9.175E-05  7.262E-05  5.705E-05  4.424E-05  3.373E-05  2.535E-05  1.880E-05  1.378E-05  9.820E-06  6.777E-06  4.599E-06  2.861E-06  1.631E-06  8.122E-07  2.926E-07  6.793E-08  6.294E-09  2.183E-10  1.969E-12  1.878E-15  1.248E-19  1.483E-26  0.000E+00  0.000E+00  0.000E+00  0.000E+00  0.000E+00  0.000E+00  0.000E+00  0.000E+00  0.000E+00  0.000E+00  0.000E+00  0.000E+00  0.000E+00
  334.5000  5.895E-03  5.345E-03  4.793E-03  4.317E-03  3.906E-03  3.552E-03  3.211E-03  2.805E-03  2.535E-03  2.192E-03  1.942E-03  1.691E-03  1.453E-03  1.250E-03  1.073E-03  9.146E-04  7.736E-04  6.503E-04  5.451E-04  4.565E-04  3.824E-04  3.097E-04  2.565E-04  2.067E-04  1.700E-04  1.353E-04  1.076E-04  8.515E-05  6.693E-05  5.194E-05  3.963E-05  2.981E-05  2.214E-05  1.625E-05  1.161E-05  8.042E-06  5.494E-06  3.455E-06  2.005E-06  1.026E-06  3.849E-07  9.360E-08  9.077E-09  3.256E-10  3.057E-12  3.104E-15  2.257E-19  3.115E-26  0.000E+00  0.000E+00  0.000E+00  0.000E+00  0.000E+00  0.000E+00  0.000E+00  0.000E+00  0.000E+00  0.000E+00  0.000E+00  0.000E+00  0.000E+00
  335.5000  6.720E-03  6.106E-03  5.485E-03  4.951E-03  4.489E-03  4.091E-03  3.707E-03  3.242E-03  2.936E-03  2.541E-03  2.254E-03  1.964E-03  1.689E-03  1.452E-03  1.245E-03  1.063E-03  8.981E-04  7.541E-04  6.312E-04  5.280E-04  4.418E-04  3.569E-04  2.953E-04  2.376E-04  1.952E-04  1.552E-04  1.233E-04  9.767E-05  7.684E-05  5.973E-05  4.565E-05  3.441E-05  2.562E-05  1.887E-05  1.356E-05  9.452E-06  6.540E-06  4.195E-06  2.515E-06  1.353E-06  5.467E-07  1.442E-07  1.499E-08  5.556E-10  5.366E-12  5.691E-15  4.423E-19  7.013E-26  0.000E+00  0.000E+00  0.000E+00  0.000E+00  0.000E+00  0.000E+00  0.000E+00  0.000E+00  0.000E+00  0.000E+00  0.000E+00  0.000E+00  0.000E+00
  336.5000  5.074E-03  4.607E-03  4.136E-03  3.730E-03  3.380E-03  3.078E-03  2.786E-03  2.435E-03  2.204E-03  1.907E-03  1.690E-03  1.472E-03  1.265E-03  1.088E-03  9.322E-04  7.958E-04  6.726E-04  5.649E-04  4.729E-04  3.956E-04  3.311E-04  2.676E-04  2.214E-04  1.782E-04  1.464E-04  1.165E-04  9.255E-05  7.329E-05  5.765E-05  4.479E-05  3.422E-05  2.579E-05  1.919E-05  1.413E-05  1.014E-05  7.058E-06  4.871E-06  3.111E-06  1.852E-06  9.862E-07  3.932E-07  1.026E-07  1.073E-08  4.103E-10  4.189E-12  4.848E-15  4.260E-19  7.968E-26  0.000E+00  0.000E+00  0.000E+00  0.000E+00  0.000E+00  0.000E+00  0.000E+00  0.000E+00  0.000E+00  0.000E+00  0.000E+00  0.000E+00  0.000E+00
  337.5000  5.129E-03  4.650E-03  4.169E-03  3.754E-03  3.396E-03  3.087E-03  2.790E-03  2.436E-03  2.202E-03  1.903E-03  1.685E-03  1.467E-03  1.260E-03  1.084E-03  9.287E-04  7.925E-04  6.701E-04  5.631E-04  4.717E-04  3.949E-04  3.307E-04  2.677E-04  2.216E-04  1.786E-04  1.468E-04  1.168E-04  9.286E-05  7.352E-05  5.779E-05  4.487E-05  3.425E-05  2.578E-05  1.916E-05  1.407E-05  1.007E-05  6.982E-06  4.781E-06  3.017E-06  1.762E-06  9.103E-07  3.478E-07  8.717E-08  8.952E-09  3.532E-10  3.843E-12  4.919E-15  4.974E-19  1.107E-25  0.000E+00  0.000E+00  0.000E+00  0.000E+00  0.000E+00  0.000E+00  0.000E+00  0.000E+00  0.000E+00  0.000E+00  0.000E+00  0.000E+00  0.000E+00
  338.5000  6.130E-03  5.569E-03  5.003E-03  4.515E-03  4.093E-03  3.730E-03  3.379E-03  2.955E-03  2.676E-03  2.315E-03  2.053E-03  1.789E-03  1.537E-03  1.322E-03  1.129E-03  9.660E-04  8.160E-04  6.848E-04  5.729E-04  4.789E-04  4.005E-04  3.233E-04  2.674E-04  2.150E-04  1.766E-04  1.403E-04  1.115E-04  8.829E-05  6.947E-05  5.402E-05  4.130E-05  3.115E-05  2.321E-05  1.711E-05  1.231E-05  8.592E-06  5.960E-06  3.838E-06  2.318E-06  1.263E-06  5.218E-07  1.426E-07  1.577E-08  6.424E-10  7.165E-12  9.520E-15  1.019E-18  2.576E-25  0.000E+00  0.000E+00  0.000E+00  0.000E+00  0.000E+00  0.000E+00  0.000E+00  0.000E+00  0.000E+00  0.000E+00  0.000E+00  0.000E+00  0.000E+00
  339.5000  6.780E-03  6.161E-03  5.535E-03  4.996E-03  4.531E-03  4.131E-03  3.743E-03  3.273E-03  2.965E-03  2.565E-03  2.275E-03  1.982E-03  1.703E-03  1.464E-03  1.254E-03  1.070E-03  9.037E-04  7.581E-04  6.340E-04  5.297E-04  4.429E-04  3.574E-04  2.954E-04  2.374E-04  1.949E-04  1.549E-04  1.230E-04  9.742E-05  7.667E-05  5.963E-05  4.561E-05  3.441E-05  2.566E-05  1.892E-05  1.363E-05  9.522E-06  6.619E-06  4.277E-06  2.599E-06  1.429E-06  6.002E-07  1.676E-07  1.904E-08  7.997E-10  9.319E-12  1.326E-14  1.563E-18  4.575E-25  0.000E+00  0.000E+00  0.000E+00  0.000E+00  0.000E+00  0.000E+00  0.000E+00  0.000E+00  0.000E+00  0.000E+00  0.000E+00  0.000E+00  0.000E+00
  340.5000  6.922E-03  6.284E-03  5.641E-03  5.087E-03  4.609E-03  4.196E-03  3.798E-03  3.319E-03  3.004E-03  2.597E-03  2.302E-03  2.004E-03  1.722E-03  1.480E-03  1.268E-03  1.081E-03  9.131E-04  7.661E-04  6.409E-04  5.357E-04  4.480E-04  3.617E-04  2.991E-04  2.405E-04  1.975E-04  1.570E-04  1.247E-04  9.877E-05  7.771E-05  6.041E-05  4.619E-05  3.483E-05  2.595E-05  1.912E-05  1.375E-05  9.590E-06  6.642E-06  4.269E-06  2.570E-06  1.393E-06  5.732E-07  1.572E-07  1.781E-08  7.708E-10  9.487E-12  1.471E-14  1.958E-18  6.721E-25  0.000E+00  0.000E+00  0.000E+00  0.000E+00  0.000E+00  0.000E+00  0.000E+00  0.000E+00  0.000E+00  0.000E+00  0.000E+00  0.000E+00  0.000E+00
  341.5000  6.565E-03  5.967E-03  5.363E-03  4.842E-03  4.392E-03  4.005E-03  3.630E-03  3.175E-03  2.877E-03  2.489E-03  2.208E-03  1.924E-03  1.653E-03  1.421E-03  1.220E-03  1.038E-03  8.763E-04  7.348E-04  6.142E-04  5.130E-04  4.287E-04  3.457E-04  2.856E-04  2.294E-04  1.883E-04  1.495E-04  1.188E-04  9.404E-05  7.403E-05  5.760E-05  4.407E-05  3.327E-05  2.482E-05  1.832E-05  1.321E-05  9.248E-06  6.447E-06  4.185E-06  2.562E-06  1.427E-06  6.120E-07  1.760E-07  2.088E-08  9.311E-10  1.186E-11  1.937E-14  2.784E-18  1.093E-24  0.000E+00  0.000E+00  0.000E+00  0.000E+00  0.000E+00  0.000E+00  0.000E+00  0.000E+00  0.000E+00  0.000E+00  0.000E+00  0.000E+00  0.000E+00
  342.5000  7.363E-03  6.694E-03  6.017E-03  5.433E-03  4.930E-03  4.496E-03  4.076E-03  3.565E-03  3.231E-03  2.795E-03  2.480E-03  2.161E-03  1.857E-03  1.596E-03  1.375E-03  1.165E-03  9.837E-04  8.246E-04  6.891E-04  5.753E-04  4.807E-04  3.874E-04  3.200E-04  2.569E-04  2.109E-04  1.674E-04  1.329E-04  1.053E-04  8.286E-05  6.448E-05  4.935E-05  3.727E-05  2.782E-05  2.054E-05  1.483E-05  1.038E-05  7.251E-06  4.718E-06  2.902E-06  1.628E-06  7.069E-07  2.068E-07  2.512E-08  1.154E-09  1.533E-11  2.677E-14  4.229E-18  1.911E-24  0.000E+00  0.000E+00  0.000E+00  0.000E+00  0.000E+00  0.000E+00  0.000E+00  0.000E+00  0.000E+00  0.000E+00  0.000E+00  0.000E+00  0.000E+00
  343.5000  7.478E-03  6.795E-03  6.105E-03  5.510E-03  4.996E-03  4.554E-03  4.126E-03  3.606E-03  3.267E-03  2.825E-03  2.505E-03  2.182E-03  1.874E-03  1.611E-03  1.372E-03  1.176E-03  9.922E-04  8.317E-04  6.950E-04  5.803E-04  4.848E-04  3.908E-04  3.228E-04  2.592E-04  2.128E-04  1.689E-04  1.342E-04  1.062E-04  8.361E-05  6.505E-05  4.978E-05  3.759E-05  2.805E-05  2.070E-05  1.494E-05  1.045E-05  7.289E-06  4.733E-06  2.902E-06  1.620E-06  6.988E-07  2.039E-07  2.498E-08  1.181E-09  1.646E-11  3.100E-14  5.447E-18  2.850E-24  0.000E+00  0.000E+00  0.000E+00  0.000E+00  0.000E+00  0.000E+00  0.000E+00  0.000E+00  0.000E+00  0.000E+00  0.000E+00  0.000E+00  0.000E+00
  344.5000  5.113E-03  4.643E-03  4.169E-03  3.760E-03  3.408E-03  3.104E-03  2.811E-03  2.456E-03  2.223E-03  1.922E-03  1.703E-03  1.483E-03  1.273E-03  1.094E-03  9.387E-04  7.983E-04  6.737E-04  5.647E-04  4.719E-04  3.941E-04  3.293E-04  2.655E-04  2.193E-04  1.762E-04  1.446E-04  1.148E-04  9.120E-05  7.221E-05  5.683E-05  4.421E-05  3.382E-05  2.553E-05  1.904E-05  1.405E-05  1.013E-05  7.086E-06  4.933E-06  3.195E-06  1.951E-06  1.082E-06  4.631E-07  1.344E-07  1.658E-08  8.058E-10  1.179E-11  2.394E-14  4.678E-18  2.832E-24  0.000E+00  0.000E+00  0.000E+00  0.000E+00  0.000E+00  0.000E+00  0.000E+00  0.000E+00  0.000E+00  0.000E+00  0.000E+00  0.000E+00  0.000E+00
  345.5000  7.478E-03  6.800E-03  6.113E-03  5.521E-03  5.010E-03  4.570E-03  4.145E-03  3.624E-03  3.286E-03  2.842E-03  2.522E-03  2.197E-03  1.887E-03  1.622E-03  1.384E-03  1.183E-03  9.984E-04  8.365E-04  6.986E-04  5.829E-04  4.867E-04  3.918E-04  3.234E-04  2.595E-04  2.129E-04  1.689E-04  1.340E-04  1.061E-04  8.357E-05  6.506E-05  4.982E-05  3.765E-05  2.812E-05  2.079E-05  1.503E-05  1.054E-05  7.385E-06  4.828E-06  2.995E-06  1.704E-06  7.585E-07  2.304E-07  2.968E-08  1.484E-09  2.241E-11  4.778E-14  1.003E-17  6.869E-24  0.000E+00  0.000E+00  0.000E+00  0.000E+00  0.000E+00  0.000E+00  0.000E+00  0.000E+00  0.000E+00  0.000E+00  0.000E+00  0.000E+00  0.000E+00
  346.5000  6.724E-03  6.110E-03  5.488E-03  4.951E-03  4.489E-03  4.090E-03  3.705E-03  3.238E-03  2.932E-03  2.535E-03  2.247E-03  1.956E-03  1.680E-03  1.443E-03  1.237E-03  1.053E-03  8.879E-04  7.440E-04  6.214E-04  5.186E-04  4.331E-04  3.489E-04  2.880E-04  2.312E-04  1.897E-04  1.506E-04  1.195E-04  9.465E-05  7.451E-05  5.798E-05  4.438E-05  3.352E-05  2.503E-05  1.849E-05  1.335E-05  9.352E-06  6.531E-06  4.252E-06  2.619E-06  1.474E-06  6.460E-07  1.938E-07  2.501E-08  1.285E-09  2.038E-11  4.694E-14  1.098E-17  8.703E-24  0.000E+00  0.000E+00  0.000E+00  0.000E+00  0.000E+00  0.000E+00  0.000E+00  0.000E+00  0.000E+00  0.000E+00  0.000E+00  0.000E+00  0.000E+00
  347.5000  6.603E-03  5.999E-03  5.388E-03  4.862E-03  4.408E-03  4.017E-03  3.638E-03  3.179E-03  2.879E-03  2.489E-03  2.207E-03  1.921E-03  1.649E-03  1.417E-03  1.209E-03  1.033E-03  8.712E-04  7.298E-04  6.094E-04  5.084E-04  4.245E-04  3.419E-04  2.822E-04  2.265E-04  1.858E-04  1.474E-04  1.170E-04  9.265E-05  7.294E-05  5.677E-05  4.346E-05  3.283E-05  2.452E-05  1.812E-05  1.309E-05  9.172E-06  6.411E-06  4.180E-06  2.581E-06  1.459E-06  6.447E-07  1.957E-07  2.574E-08  1.359E-09  2.246E-11  5.513E-14  1.411E-17  1.277E-23  0.000E+00  0.000E+00  0.000E+00  0.000E+00  0.000E+00  0.000E+00  0.000E+00  0.000E+00  0.000E+00  0.000E+00  0.000E+00  0.000E+00  0.000E+00
  348.5000  7.363E-03  6.692E-03  6.012E-03  5.426E-03  4.920E-03  4.485E-03  4.064E-03  3.551E-03  3.217E-03  2.781E-03  2.466E-03  2.147E-03  1.843E-03  1.583E-03  1.346E-03  1.154E-03  9.731E-04  8.149E-04  6.803E-04  5.674E-04  4.736E-04  3.812E-04  3.146E-04  2.523E-04  2.070E-04  1.642E-04  1.303E-04  1.032E-04  8.122E-05  6.322E-05  4.842E-05  3.659E-05  2.733E-05  2.021E-05  1.461E-05  1.025E-05  7.175E-06  4.690E-06  2.910E-06  1.658E-06  7.416E-07  2.290E-07  3.080E-08  1.671E-09  2.870E-11  7.479E-14  2.085E-17  2.147E-23  0.000E+00  0.000E+00  0.000E+00  0.000E+00  0.000E+00  0.000E+00  0.000E+00  0.000E+00  0.000E+00  0.000E+00  0.000E+00  0.000E+00  0.000E+00
  349.5000  6.160E-03  5.598E-03  5.029E-03  4.538E-03  4.114E-03  3.750E-03  3.397E-03  2.968E-03  2.688E-03  2.324E-03  2.060E-03  1.793E-03  1.539E-03  1.322E-03  1.131E-03  9.634E-04  8.122E-04  6.801E-04  5.676E-04  4.733E-04  3.950E-04  3.179E-04  2.623E-04  2.104E-04  1.725E-04  1.368E-04  1.086E-04  8.596E-05  6.768E-05  5.269E-05  4.035E-05  3.049E-05  2.278E-05  1.685E-05  1.218E-05  8.547E-06  5.985E-06  3.915E-06  2.432E-06  1.388E-06  6.237E-07  1.942E-07  2.653E-08  1.478E-09  2.644E-11  7.343E-14  2.239E-17  2.626E-23  0.000E+00  0.000E+00  0.000E+00  0.000E+00  0.000E+00  0.000E+00  0.000E+00  0.000E+00  0.000E+00  0.000E+00  0.000E+00  0.000E+00  0.000E+00
  350.5000  8.656E-03  7.866E-03  7.066E-03  6.376E-03  5.781E-03  5.269E-03  4.773E-03  4.170E-03  3.777E-03  3.265E-03  2.894E-03  2.519E-03  2.162E-03  1.857E-03  1.587E-03  1.353E-03  1.140E-03  9.544E-04  7.964E-04  6.640E-04  5.540E-04  4.457E-04  3.677E-04  2.948E-04  2.417E-04  1.917E-04  1.521E-04  1.204E-04  9.480E-05  7.380E-05  5.653E-05  4.273E-05  3.193E-05  2.362E-05  1.708E-05  1.199E-05  8.403E-06  5.504E-06  3.426E-06  1.963E-06  8.881E-07  2.794E-07  3.887E-08  2.223E-09  4.135E-11  1.221E-13  4.060E-17  5.408E-23  0.000E+00  0.000E+00  0.000E+00  0.000E+00  0.000E+00  0.000E+00  0.000E+00  0.000E+00  0.000E+00  0.000E+00  0.000E+00  0.000E+00  0.000E+00
  351.5000  7.422E-03  6.743E-03  6.057E-03  5.464E-03  4.953E-03  4.513E-03  4.088E-03  3.570E-03  3.233E-03  2.794E-03  2.476E-03  2.155E-03  1.849E-03  1.587E-03  1.357E-03  1.156E-03  9.743E-04  8.155E-04  6.804E-04  5.672E-04  4.732E-04  3.806E-04  3.139E-04  2.517E-04  2.063E-04  1.636E-04  1.298E-04  1.028E-04  8.091E-05  6.299E-05  4.824E-05  3.647E-05  2.725E-05  2.016E-05  1.458E-05  1.024E-05  7.174E-06  4.699E-06  2.927E-06  1.678E-06  7.610E-07  2.409E-07  3.398E-08  1.994E-09  3.862E-11  1.214E-13  4.411E-17  6.670E-23  0.000E+00  0.000E+00  0.000E+00  0.000E+00  0.000E+00  0.000E+00  0.000E+00  0.000E+00  0.000E+00  0.000E+00  0.000E+00  0.000E+00  0.000E+00
  352.5000  6.727E-03  6.112E-03  5.490E-03  4.953E-03  4.490E-03  4.091E-03  3.706E-03  3.236E-03  2.931E-03  2.532E-03  2.245E-03  1.953E-03  1.676E-03  1.439E-03  1.222E-03  1.047E-03  8.825E-04  7.385E-04  6.160E-04  5.134E-04  4.282E-04  3.443E-04  2.839E-04  2.276E-04  1.865E-04  1.479E-04  1.173E-04  9.287E-05  7.311E-05  5.693E-05  4.361E-05  3.297E-05  2.464E-05  1.823E-05  1.320E-05  9.267E-06  6.500E-06  4.263E-06  2.662E-06  1.533E-06  7.001E-07  2.241E-07  3.218E-08  1.937E-09  3.897E-11  1.300E-13  5.133E-17  8.780E-23  0.000E+00  0.000E+00  0.000E+00  0.000E+00  0.000E+00  0.000E+00  0.000E+00  0.000E+00  0.000E+00  0.000E+00  0.000E+00  0.000E+00  0.000E+00
  353.5000  8.160E-03  7.415E-03  6.661E-03  6.010E-03  5.448E-03  4.965E-03  4.498E-03  3.928E-03  3.557E-03  3.074E-03  2.725E-03  2.371E-03  2.034E-03  1.746E-03  1.495E-03  1.271E-03  1.071E-03  8.957E-04  7.469E-04  6.223E-04  5.190E-04  4.172E-04  3.439E-04  2.756E-04  2.258E-04  1.790E-04  1.420E-04  1.124E-04  8.847E-05  6.889E-05  5.278E-05  3.992E-05  2.985E-05  2.209E-05  1.600E-05  1.124E-05  7.890E-06  5.184E-06  3.246E-06  1.878E-06  8.652E-07  2.804E-07  4.102E-08  2.532E-09  5.285E-11  1.867E-13  7.999E-17  1.544E-22  0.000E+00  0.000E+00  0.000E+00  0.000E+00  0.000E+00  0.000E+00  0.000E+00  0.000E+00  0.000E+00  0.000E+00  0.000E+00  0.000E+00  0.000E+00
  354.5000  8.888E-03  8.078E-03  7.257E-03  6.548E-03  5.936E-03  5.410E-03  4.901E-03  4.281E-03  3.877E-03  3.350E-03  2.969E-03  2.583E-03  2.216E-03  1.902E-03  1.627E-03  1.384E-03  1.166E-03  9.753E-04  8.131E-04  6.773E-04  5.646E-04  4.538E-04  3.740E-04  2.995E-04  2.454E-04  1.945E-04  1.543E-04  1.221E-04  9.612E-05  7.485E-05  5.736E-05  4.339E-05  3.245E-05  2.402E-05  1.740E-05  1.223E-05  8.597E-06  5.656E-06  3.551E-06  2.064E-06  9.581E-07  3.142E-07  4.678E-08  2.960E-09  6.408E-11  2.396E-13  1.113E-16  2.421E-22  0.000E+00  0.000E+00  0.000E+00  0.000E+00  0.000E+00  0.000E+00  0.000E+00  0.000E+00  0.000E+00  0.000E+00  0.000E+00  0.000E+00  0.000E+00
  355.5000  8.314E-03  7.555E-03  6.787E-03  6.123E-03  5.551E-03  5.059E-03  4.583E-03  4.002E-03  3.624E-03  3.131E-03  2.775E-03  2.414E-03  2.071E-03  1.777E-03  1.515E-03  1.293E-03  1.089E-03  9.105E-04  7.589E-04  6.321E-04  5.268E-04  4.233E-04  3.488E-04  2.793E-04  2.288E-04  1.813E-04  1.438E-04  1.138E-04  8.958E-05  6.976E-05  5.346E-05  4.044E-05  3.025E-05  2.240E-05  1.623E-05  1.141E-05  8.024E-06  5.284E-06  3.322E-06  1.936E-06  9.032E-07  2.987E-07  4.518E-08  2.928E-09  6.580E-11  2.606E-13  1.313E-16  3.217E-22  0.000E+00  0.000E+00  0.000E+00  0.000E+00  0.000E+00  0.000E+00  0.000E+00  0.000E+00  0.000E+00  0.000E+00  0.000E+00  0.000E+00  0.000E+00
  356.5000  7.714E-03  7.010E-03  6.296E-03  5.680E-03  5.149E-03  4.692E-03  4.250E-03  3.711E-03  3.360E-03  2.902E-03  2.572E-03  2.237E-03  1.919E-03  1.647E-03  1.406E-03  1.197E-03  1.008E-03  8.429E-04  7.025E-04  5.849E-04  4.875E-04  3.916E-04  3.226E-04  2.583E-04  2.116E-04  1.676E-04  1.329E-04  1.052E-04  8.280E-05  6.448E-05  4.942E-05  3.739E-05  2.797E-05  2.071E-05  1.502E-05  1.056E-05  7.426E-06  4.893E-06  3.081E-06  1.799E-06  8.431E-07  2.811E-07  4.314E-08  2.865E-09  6.677E-11  2.800E-13  1.529E-16  4.213E-22  0.000E+00  0.000E+00  0.000E+00  0.000E+00  0.000E+00  0.000E+00  0.000E+00  0.000E+00  0.000E+00  0.000E+00  0.000E+00  0.000E+00  0.000E+00
  357.5000  6.553E-03  5.954E-03  5.347E-03  4.824E-03  4.372E-03  3.983E-03  3.607E-03  3.149E-03  2.851E-03  2.463E-03  2.182E-03  1.898E-03  1.628E-03  1.396E-03  1.190E-03  1.015E-03  8.546E-04  7.143E-04  5.952E-04  4.955E-04  4.129E-04  3.316E-04  2.731E-04  2.186E-04  1.791E-04  1.418E-04  1.124E-04  8.898E-05  7.005E-05  5.456E-05  4.181E-05  3.164E-05  2.367E-05  1.753E-05  1.271E-05  8.940E-06  6.290E-06  4.147E-06  2.614E-06  1.529E-06  7.195E-07  2.416E-07  3.763E-08  2.558E-09  6.183E-11  2.743E-13  1.623E-16  5.019E-22  0.000E+00  0.000E+00  0.000E+00  0.000E+00  0.000E+00  0.000E+00  0.000E+00  0.000E+00  0.000E+00  0.000E+00  0.000E+00  0.000E+00  0.000E+00
  358.5000  5.074E-03  4.610E-03  4.141E-03  3.735E-03  3.385E-03  3.084E-03  2.793E-03  2.438E-03  2.208E-03  1.907E-03  1.689E-03  1.469E-03  1.260E-03  1.080E-03  9.333E-04  7.854E-04  6.611E-04  5.525E-04  4.602E-04  3.831E-04  3.191E-04  2.562E-04  2.110E-04  1.689E-04  1.383E-04  1.095E-04  8.680E-05  6.868E-05  5.407E-05  4.211E-05  3.228E-05  2.443E-05  1.828E-05  1.354E-05  9.822E-06  6.910E-06  4.865E-06  3.211E-06  2.027E-06  1.190E-06  5.632E-07  1.910E-07  3.021E-08  2.103E-09  5.263E-11  2.466E-13  1.575E-16  5.458E-22  0.000E+00  0.000E+00  0.000E+00  0.000E+00  0.000E+00  0.000E+00  0.000E+00  0.000E+00  0.000E+00  0.000E+00  0.000E+00  0.000E+00  0.000E+00
  359.5000  8.541E-03  7.760E-03  6.970E-03  6.286E-03  5.697E-03  5.190E-03  4.700E-03  4.102E-03  3.714E-03  3.207E-03  2.841E-03  2.470E-03  2.118E-03  1.816E-03  1.564E-03  1.320E-03  1.111E-03  9.281E-04  7.730E-04  6.432E-04  5.357E-04  4.300E-04  3.541E-04  2.833E-04  2.320E-04  1.837E-04  1.456E-04  1.152E-04  9.068E-05  7.063E-05  5.414E-05  4.097E-05  3.067E-05  2.272E-05  1.648E-05  1.160E-05  8.169E-06  5.395E-06  3.411E-06  2.007E-06  9.539E-07  3.259E-07  5.232E-08  3.726E-09  9.659E-11  4.779E-13  3.298E-16  1.278E-21  0.000E+00  0.000E+00  0.000E+00  0.000E+00  0.000E+00  0.000E+00  0.000E+00  0.000E+00  0.000E+00  0.000E+00  0.000E+00  0.000E+00  0.000E+00
  360.5000  7.922E-03  7.198E-03  6.464E-03  5.830E-03  5.283E-03  4.812E-03  4.357E-03  3.803E-03  3.442E-03  2.972E-03  2.633E-03  2.289E-03  1.962E-03  1.683E-03  1.445E-03  1.222E-03  1.028E-03  8.592E-04  7.154E-04  5.952E-04  4.956E-04  3.977E-04  3.274E-04  2.619E-04  2.144E-04  1.698E-04  1.345E-04  1.064E-04  8.379E-05  6.527E-05  5.003E-05  3.787E-05  2.835E-05  2.101E-05  1.524E-05  1.073E-05  7.559E-06  4.996E-06  3.163E-06  1.865E-06  8.906E-07  3.067E-07  4.995E-08  3.639E-09  9.765E-11  5.098E-13  3.795E-16  1.643E-21  0.000E+00  0.000E+00  0.000E+00  0.000E+00  0.000E+00  0.000E+00  0.000E+00  0.000E+00  0.000E+00  0.000E+00  0.000E+00  0.000E+00  0.000E+00
  361.5000  7.159E-03  6.505E-03  5.842E-03  5.268E-03  4.774E-03  4.348E-03  3.938E-03  3.436E-03  3.110E-03  2.685E-03  2.379E-03  2.068E-03  1.772E-03  1.520E-03  1.296E-03  1.103E-03  9.282E-04  7.753E-04  6.455E-04  5.369E-04  4.470E-04  3.586E-04  2.951E-04  2.361E-04  1.932E-04  1.529E-04  1.212E-04  9.586E-05  7.547E-05  5.879E-05  4.507E-05  3.412E-05  2.554E-05  1.893E-05  1.374E-05  9.676E-06  6.821E-06  4.512E-06  2.861E-06  1.692E-06  8.121E-07  2.821E-07  4.663E-08  3.474E-09  9.642E-11  5.305E-13  4.252E-16  2.053E-21  0.000E+00  0.000E+00  0.000E+00  0.000E+00  0.000E+00  0.000E+00  0.000E+00  0.000E+00  0.000E+00  0.000E+00  0.000E+00  0.000E+00  0.000E+00
  362.5000  8.419E-03  7.650E-03  6.869E-03  6.195E-03  5.614E-03  5.113E-03  4.629E-03  4.040E-03  3.656E-03  3.156E-03  2.795E-03  2.430E-03  2.082E-03  1.785E-03  1.544E-03  1.296E-03  1.090E-03  9.103E-04  7.577E-04  6.301E-04  5.245E-04  4.207E-04  3.462E-04  2.768E-04  2.265E-04  1.793E-04  1.420E-04  1.123E-04  8.845E-05  6.890E-05  5.282E-05  3.999E-05  2.994E-05  2.220E-05  1.612E-05  1.135E-05  8.005E-06  5.299E-06  3.365E-06  1.995E-06  9.621E-07  3.369E-07  5.649E-08  4.303E-09  1.235E-10  7.156E-13  6.173E-16  3.319E-21  0.000E+00  0.000E+00  0.000E+00  0.000E+00  0.000E+00  0.000E+00  0.000E+00  0.000E+00  0.000E+00  0.000E+00  0.000E+00  0.000E+00  0.000E+00
  363.5000  7.495E-03  6.810E-03  6.114E-03  5.514E-03  4.996E-03  4.550E-03  4.120E-03  3.594E-03  3.253E-03  2.807E-03  2.486E-03  2.161E-03  1.852E-03  1.587E-03  1.353E-03  1.152E-03  9.687E-04  8.088E-04  6.730E-04  5.596E-04  4.657E-04  3.735E-04  3.072E-04  2.456E-04  2.010E-04  1.590E-04  1.260E-04  9.964E-05  7.844E-05  6.111E-05  4.685E-05  3.547E-05  2.657E-05  1.970E-05  1.431E-05  1.008E-05  7.109E-06  4.709E-06  2.995E-06  1.779E-06  8.617E-07  3.041E-07  5.169E-08  4.024E-09  1.194E-10  7.283E-13  6.755E-16  4.038E-21  0.000E+00  0.000E+00  0.000E+00  0.000E+00  0.000E+00  0.000E+00  0.000E+00  0.000E+00  0.000E+00  0.000E+00  0.000E+00  0.000E+00  0.000E+00
  364.5000  8.174E-03  7.426E-03  6.667E-03  6.012E-03  5.447E-03  4.960E-03  4.490E-03  3.917E-03  3.544E-03  3.059E-03  2.709E-03  2.354E-03  2.017E-03  1.728E-03  1.471E-03  1.254E-03  1.054E-03  8.801E-04  7.322E-04  6.087E-04  5.065E-04  4.060E-04  3.340E-04  2.670E-04  2.184E-04  1.728E-04  1.369E-04  1.082E-04  8.521E-05  6.638E-05  5.090E-05  3.854E-05  2.887E-05  2.141E-05  1.555E-05  1.096E-05  7.731E-06  5.124E-06  3.262E-06  1.942E-06  9.440E-07  3.354E-07  5.778E-08  4.596E-09  1.409E-10  9.045E-13  9.015E-16  5.985E-21  0.000E+00  0.000E+00  0.000E+00  0.000E+00  0.000E+00  0.000E+00  0.000E+00  0.000E+00  0.000E+00  0.000E+00  0.000E+00  0.000E+00  0.000E+00
  365.5000  9.952E-03  9.041E-03  8.117E-03  7.318E-03  6.629E-03  6.036E-03  5.464E-03  4.766E-03  4.312E-03  3.720E-03  3.294E-03  2.862E-03  2.452E-03  2.101E-03  1.811E-03  1.524E-03  1.281E-03  1.069E-03  8.893E-04  7.391E-04  6.149E-04  4.928E-04  4.053E-04  3.239E-04  2.649E-04  2.096E-04  1.660E-04  1.313E-04  1.033E-04  8.050E-05  6.172E-05  4.674E-05  3.501E-05  2.597E-05  1.887E-05  1.329E-05  9.385E-06  6.223E-06  3.965E-06  2.365E-06  1.154E-06  4.126E-07  7.201E-08  5.851E-09  1.853E-10  1.251E-12  1.338E-15  9.855E-21  0.000E+00  0.000E+00  0.000E+00  0.000E+00  0.000E+00  0.000E+00  0.000E+00  0.000E+00  0.000E+00  0.000E+00  0.000E+00  0.000E+00  0.000E+00
  366.5000  1.055E-02  9.581E-03  8.601E-03  7.755E-03  7.024E-03  6.395E-03  5.789E-03  5.048E-03  4.567E-03  3.940E-03  3.489E-03  3.030E-03  2.596E-03  2.224E-03  1.904E-03  1.613E-03  1.355E-03  1.131E-03  9.406E-04  7.816E-04  6.501E-04  5.209E-04  4.283E-04  3.422E-04  2.799E-04  2.213E-04  1.753E-04  1.386E-04  1.091E-04  8.500E-05  6.518E-05  4.937E-05  3.698E-05  2.743E-05  1.994E-05  1.405E-05  9.924E-06  6.585E-06  4.202E-06  2.511E-06  1.230E-06  4.434E-07  7.844E-08  6.509E-09  2.127E-10  1.508E-12  1.730E-15  1.410E-20  0.000E+00  0.000E+00  0.000E+00  0.000E+00  0.000E+00  0.000E+00  0.000E+00  0.000E+00  0.000E+00  0.000E+00  0.000E+00  0.000E+00  0.000E+00
  367.5000  1.003E-02  9.110E-03  8.178E-03  7.373E-03  6.678E-03  6.079E-03  5.502E-03  4.798E-03  4.341E-03  3.744E-03  3.315E-03  2.879E-03  2.466E-03  2.112E-03  1.833E-03  1.532E-03  1.287E-03  1.074E-03  8.927E-04  7.416E-04  6.167E-04  4.940E-04  4.061E-04  3.244E-04  2.653E-04  2.098E-04  1.661E-04  1.313E-04  1.034E-04  8.053E-05  6.176E-05  4.678E-05  3.505E-05  2.600E-05  1.891E-05  1.333E-05  9.415E-06  6.252E-06  3.994E-06  2.393E-06  1.177E-06  4.275E-07  7.664E-08  6.492E-09  2.189E-10  1.629E-12  2.001E-15  1.803E-20  0.000E+00  0.000E+00  0.000E+00  0.000E+00  0.000E+00  0.000E+00  0.000E+00  0.000E+00  0.000E+00  0.000E+00  0.000E+00  0.000E+00  0.000E+00
  368.5000  8.812E-03  8.004E-03  7.185E-03  6.477E-03  5.866E-03  5.340E-03  4.832E-03  4.214E-03  3.811E-03  3.287E-03  2.910E-03  2.527E-03  2.164E-03  1.853E-03  1.605E-03  1.343E-03  1.129E-03  9.414E-04  7.826E-04  6.500E-04  5.404E-04  4.328E-04  3.557E-04  2.841E-04  2.323E-04  1.836E-04  1.454E-04  1.149E-04  9.048E-05  7.049E-05  5.406E-05  4.095E-05  3.069E-05  2.277E-05  1.656E-05  1.167E-05  8.250E-06  5.481E-06  3.506E-06  2.104E-06  1.039E-06  3.799E-07  6.899E-08  5.964E-09  2.074E-10  1.620E-12  2.128E-15  2.119E-20  0.000E+00  0.000E+00  0.000E+00  0.000E+00  0.000E+00  0.000E+00  0.000E+00  0.000E+00  0.000E+00  0.000E+00  0.000E+00  0.000E+00  0.000E+00
  369.5000  1.057E-02  9.604E-03  8.621E-03  7.771E-03  7.037E-03  6.405E-03  5.796E-03  5.053E-03  4.570E-03  3.941E-03  3.488E-03  3.029E-03  2.593E-03  2.221E-03  1.924E-03  1.609E-03  1.352E-03  1.127E-03  9.369E-04  7.781E-04  6.467E-04  5.179E-04  4.256E-04  3.398E-04  2.777E-04  2.196E-04  1.738E-04  1.374E-04  1.081E-04  8.426E-05  6.462E-05  4.896E-05  3.669E-05  2.723E-05  1.981E-05  1.396E-05  9.872E-06  6.563E-06  4.202E-06  2.527E-06  1.253E-06  4.610E-07  8.479E-08  7.480E-09  2.682E-10  2.196E-12  3.085E-15  3.386E-20  0.000E+00  0.000E+00  0.000E+00  0.000E+00  0.000E+00  0.000E+00  0.000E+00  0.000E+00  0.000E+00  0.000E+00  0.000E+00  0.000E+00  0.000E+00
  370.5000  9.595E-03  8.715E-03  7.822E-03  7.051E-03  6.384E-03  5.810E-03  5.257E-03  4.583E-03  4.144E-03  3.574E-03  3.163E-03  2.746E-03  2.351E-03  2.013E-03  1.731E-03  1.458E-03  1.224E-03  1.021E-03  8.483E-04  7.043E-04  5.853E-04  4.686E-04  3.850E-04  3.074E-04  2.512E-04  1.985E-04  1.571E-04  1.242E-04  9.776E-05  7.616E-05  5.841E-05  4.426E-05  3.317E-05  2.462E-05  1.791E-05  1.263E-05  8.934E-06  5.943E-06  3.809E-06  2.294E-06  1.142E-06  4.229E-07  7.876E-08  7.087E-09  2.619E-10  2.247E-12  3.371E-15  4.076E-20  0.000E+00  0.000E+00  0.000E+00  0.000E+00  0.000E+00  0.000E+00  0.000E+00  0.000E+00  0.000E+00  0.000E+00  0.000E+00  0.000E+00  0.000E+00
  371.5000  1.098E-02  9.976E-03  8.954E-03  8.071E-03  7.307E-03  6.650E-03  6.016E-03  5.244E-03  4.741E-03  4.088E-03  3.617E-03  3.140E-03  2.688E-03  2.301E-03  1.986E-03  1.666E-03  1.399E-03  1.166E-03  9.689E-04  8.043E-04  6.683E-04  5.349E-04  4.394E-04  3.507E-04  2.865E-04  2.264E-04  1.792E-04  1.416E-04  1.115E-04  8.685E-05  6.662E-05  5.048E-05  3.784E-05  2.809E-05  2.044E-05  1.442E-05  1.020E-05  6.788E-06  4.355E-06  2.629E-06  1.313E-06  4.896E-07  9.230E-08  8.470E-09  3.224E-10  2.897E-12  4.638E-15  6.168E-20  0.000E+00  0.000E+00  0.000E+00  0.000E+00  0.000E+00  0.000E+00  0.000E+00  0.000E+00  0.000E+00  0.000E+00  0.000E+00  0.000E+00  0.000E+00
  372.5000  8.118E-03  7.373E-03  6.617E-03  5.964E-03  5.399E-03  4.913E-03  4.444E-03  3.873E-03  3.502E-03  3.019E-03  2.671E-03  2.318E-03  1.984E-03  1.699E-03  1.458E-03  1.229E-03  1.032E-03  8.602E-04  7.145E-04  5.930E-04  4.926E-04  3.942E-04  3.237E-04  2.584E-04  2.110E-04  1.668E-04  1.320E-04  1.043E-04  8.207E-05  6.394E-05  4.905E-05  3.717E-05  2.786E-05  2.069E-05  1.506E-05  1.062E-05  7.518E-06  5.006E-06  3.215E-06  1.944E-06  9.746E-07  3.658E-07  6.982E-08  6.532E-09  2.561E-10  2.407E-12  4.109E-15  6.003E-20  0.000E+00  0.000E+00  0.000E+00  0.000E+00  0.000E+00  0.000E+00  0.000E+00  0.000E+00  0.000E+00  0.000E+00  0.000E+00  0.000E+00  0.000E+00
  373.5000  7.337E-03  6.664E-03  5.980E-03  5.389E-03  4.879E-03  4.439E-03  4.015E-03  3.499E-03  3.163E-03  2.726E-03  2.412E-03  2.093E-03  1.791E-03  1.533E-03  1.304E-03  1.109E-03  9.310E-04  7.758E-04  6.443E-04  5.346E-04  4.440E-04  3.552E-04  2.917E-04  2.327E-04  1.901E-04  1.502E-04  1.188E-04  9.389E-05  7.389E-05  5.756E-05  4.416E-05  3.346E-05  2.509E-05  1.863E-05  1.356E-05  9.571E-06  6.775E-06  4.514E-06  2.902E-06  1.757E-06  8.839E-07  3.338E-07  6.448E-08  6.149E-09  2.481E-10  2.440E-12  4.436E-15  7.113E-20  0.000E+00  0.000E+00  0.000E+00  0.000E+00  0.000E+00  0.000E+00  0.000E+00  0.000E+00  0.000E+00  0.000E+00  0.000E+00  0.000E+00  0.000E+00
  374.5000  8.054E-03  7.314E-03  6.563E-03  5.914E-03  5.353E-03  4.870E-03  4.405E-03  3.838E-03  3.469E-03  2.990E-03  2.645E-03  2.295E-03  1.963E-03  1.680E-03  1.445E-03  1.215E-03  1.020E-03  8.497E-04  7.055E-04  5.853E-04  4.860E-04  3.888E-04  3.191E-04  2.546E-04  2.079E-04  1.642E-04  1.299E-04  1.026E-04  8.078E-05  6.293E-05  4.827E-05  3.659E-05  2.744E-05  2.038E-05  1.484E-05  1.047E-05  7.414E-06  4.942E-06  3.180E-06  1.929E-06  9.736E-07  3.700E-07  7.230E-08  7.026E-09  2.917E-10  2.999E-12  5.804E-15  1.020E-19  0.000E+00  0.000E+00  0.000E+00  0.000E+00  0.000E+00  0.000E+00  0.000E+00  0.000E+00  0.000E+00  0.000E+00  0.000E+00  0.000E+00  0.000E+00
  375.5000  9.092E-03  8.256E-03  7.409E-03  6.676E-03  6.042E-03  5.496E-03  4.971E-03  4.330E-03  3.914E-03  3.373E-03  2.983E-03  2.588E-03  2.214E-03  1.894E-03  1.615E-03  1.370E-03  1.149E-03  9.573E-04  7.947E-04  6.592E-04  5.473E-04  4.376E-04  3.592E-04  2.865E-04  2.339E-04  1.847E-04  1.461E-04  1.154E-04  9.084E-05  7.077E-05  5.429E-05  4.115E-05  3.086E-05  2.292E-05  1.670E-05  1.178E-05  8.346E-06  5.566E-06  3.586E-06  2.179E-06  1.104E-06  4.220E-07  8.345E-08  8.262E-09  3.528E-10  3.788E-12  7.796E-15  1.499E-19  0.000E+00  0.000E+00  0.000E+00  0.000E+00  0.000E+00  0.000E+00  0.000E+00  0.000E+00  0.000E+00  0.000E+00  0.000E+00  0.000E+00  0.000E+00
  376.5000  9.084E-03  8.248E-03  7.401E-03  6.669E-03  6.035E-03  5.490E-03  4.964E-03  4.324E-03  3.908E-03  3.367E-03  2.978E-03  2.583E-03  2.209E-03  1.890E-03  1.600E-03  1.366E-03  1.146E-03  9.545E-04  7.922E-04  6.569E-04  5.453E-04  4.360E-04  3.577E-04  2.853E-04  2.329E-04  1.839E-04  1.454E-04  1.149E-04  9.040E-05  7.043E-05  5.403E-05  4.096E-05  3.072E-05  2.282E-05  1.662E-05  1.174E-05  8.314E-06  5.548E-06  3.577E-06  2.178E-06  1.107E-06  4.258E-07  8.518E-08  8.590E-09  3.772E-10  4.227E-12  9.243E-15  1.943E-19  0.000E+00  0.000E+00  0.000E+00  0.000E+00  0.000E+00  0.000E+00  0.000E+00  0.000E+00  0.000E+00  0.000E+00  0.000E+00  0.000E+00  0.000E+00
  377.5000  1.082E-02  9.826E-03  8.816E-03  7.943E-03  7.188E-03  6.537E-03  5.911E-03  5.149E-03  4.652E-03  4.008E-03  3.544E-03  3.074E-03  2.629E-03  2.249E-03  1.902E-03  1.624E-03  1.363E-03  1.135E-03  9.416E-04  7.807E-04  6.478E-04  5.178E-04  4.248E-04  3.387E-04  2.764E-04  2.182E-04  1.726E-04  1.363E-04  1.073E-04  8.357E-05  6.411E-05  4.860E-05  3.646E-05  2.709E-05  1.974E-05  1.394E-05  9.876E-06  6.593E-06  4.255E-06  2.595E-06  1.323E-06  5.121E-07  1.036E-07  1.064E-08  4.802E-10  5.615E-12  1.303E-14  2.993E-19  0.000E+00  0.000E+00  0.000E+00  0.000E+00  0.000E+00  0.000E+00  0.000E+00  0.000E+00  0.000E+00  0.000E+00  0.000E+00  0.000E+00  0.000E+00
  378.5000  1.180E-02  1.071E-02  9.610E-03  8.658E-03  7.834E-03  7.124E-03  6.441E-03  5.609E-03  5.068E-03  4.366E-03  3.860E-03  3.347E-03  2.862E-03  2.448E-03  2.072E-03  1.768E-03  1.483E-03  1.234E-03  1.024E-03  8.489E-04  7.043E-04  5.629E-04  4.617E-04  3.680E-04  3.003E-04  2.370E-04  1.874E-04  1.480E-04  1.165E-04  9.074E-05  6.961E-05  5.278E-05  3.959E-05  2.942E-05  2.144E-05  1.514E-05  1.073E-05  7.170E-06  4.631E-06  2.828E-06  1.447E-06  5.633E-07  1.153E-07  1.205E-08  5.587E-10  6.813E-12  1.678E-14  4.202E-19  0.000E+00  0.000E+00  0.000E+00  0.000E+00  0.000E+00  0.000E+00  0.000E+00  0.000E+00  0.000E+00  0.000E+00  0.000E+00  0.000E+00  0.000E+00
  379.5000  8.729E-03  7.925E-03  7.111E-03  6.405E-03  5.795E-03  5.270E-03  4.764E-03  4.148E-03  3.748E-03  3.227E-03  2.853E-03  2.474E-03  2.115E-03  1.809E-03  1.536E-03  1.306E-03  1.095E-03  9.114E-04  7.560E-04  6.266E-04  5.198E-04  4.153E-04  3.405E-04  2.714E-04  2.214E-04  1.747E-04  1.381E-04  1.091E-04  8.584E-05  6.687E-05  5.130E-05  3.890E-05  2.919E-05  2.169E-05  1.581E-05  1.117E-05  7.918E-06  5.291E-06  3.421E-06  2.092E-06  1.074E-06  4.204E-07  8.698E-08  9.255E-09  4.408E-10  5.602E-12  1.462E-14  3.991E-19  0.000E+00  0.000E+00  0.000E+00  0.000E+00  0.000E+00  0.000E+00  0.000E+00  0.000E+00  0.000E+00  0.000E+00  0.000E+00  0.000E+00  0.000E+00
  380.5000  1.050E-02  9.535E-03  8.554E-03  7.705E-03  6.971E-03  6.338E-03  5.729E-03  4.988E-03  4.506E-03  3.880E-03  3.429E-03  2.973E-03  2.542E-03  2.173E-03  1.843E-03  1.568E-03  1.315E-03  1.094E-03  9.075E-04  7.519E-04  6.236E-04  4.981E-04  4.084E-04  3.254E-04  2.654E-04  2.094E-04  1.656E-04  1.307E-04  1.029E-04  8.013E-05  6.148E-05  4.662E-05  3.498E-05  2.600E-05  1.896E-05  1.339E-05  9.497E-06  6.350E-06  4.109E-06  2.517E-06  1.295E-06  5.102E-07  1.067E-07  1.156E-08  5.651E-10  7.482E-12  2.068E-14  6.143E-19  0.000E+00  0.000E+00  0.000E+00  0.000E+00  0.000E+00  0.000E+00  0.000E+00  0.000E+00  0.000E+00  0.000E+00  0.000E+00  0.000E+00  0.000E+00
  381.5000  9.872E-03  8.963E-03  8.040E-03  7.242E-03  6.551E-03  5.956E-03  5.383E-03  4.686E-03  4.233E-03  3.644E-03  3.221E-03  2.792E-03  2.386E-03  2.040E-03  1.721E-03  1.472E-03  1.234E-03  1.026E-03  8.511E-04  7.051E-04  5.846E-04  4.669E-04  3.827E-04  3.049E-04  2.486E-04  1.962E-04  1.550E-04  1.224E-04  9.630E-05  7.503E-05  5.756E-05  4.365E-05  3.276E-05  2.435E-05  1.776E-05  1.255E-05  8.900E-06  5.953E-06  3.856E-06  2.366E-06  1.221E-06  4.838E-07  1.023E-07  1.127E-08  5.656E-10  7.796E-12  2.281E-14  7.364E-19  0.000E+00  0.000E+00  0.000E+00  0.000E+00  0.000E+00  0.000E+00  0.000E+00  0.000E+00  0.000E+00  0.000E+00  0.000E+00  0.000E+00  0.000E+00
  382.5000  6.580E-03  5.974E-03  5.359E-03  4.827E-03  4.366E-03  3.968E-03  3.587E-03  3.122E-03  2.819E-03  2.427E-03  2.145E-03  1.859E-03  1.589E-03  1.358E-03  1.146E-03  9.794E-04  8.208E-04  6.828E-04  5.660E-04  4.688E-04  3.886E-04  3.103E-04  2.543E-04  2.025E-04  1.651E-04  1.303E-04  1.029E-04  8.128E-05  6.393E-05  4.981E-05  3.821E-05  2.898E-05  2.175E-05  1.617E-05  1.180E-05  8.334E-06  5.914E-06  3.958E-06  2.566E-06  1.576E-06  8.163E-07  3.251E-07  6.949E-08  7.787E-09  4.010E-10  5.751E-12  1.779E-14  6.239E-19  0.000E+00  0.000E+00  0.000E+00  0.000E+00  0.000E+00  0.000E+00  0.000E+00  0.000E+00  0.000E+00  0.000E+00  0.000E+00  0.000E+00  0.000E+00
  383.5000  5.780E-03  5.247E-03  4.707E-03  4.239E-03  3.834E-03  3.484E-03  3.149E-03  2.741E-03  2.475E-03  2.130E-03  1.882E-03  1.631E-03  1.394E-03  1.191E-03  1.011E-03  8.587E-04  7.196E-04  5.984E-04  4.960E-04  4.107E-04  3.404E-04  2.717E-04  2.227E-04  1.773E-04  1.445E-04  1.140E-04  9.007E-05  7.111E-05  5.593E-05  4.357E-05  3.343E-05  2.535E-05  1.903E-05  1.415E-05  1.032E-05  7.295E-06  5.178E-06  3.467E-06  2.249E-06  1.384E-06  7.189E-07  2.879E-07  6.218E-08  7.086E-09  3.742E-10  5.582E-12  1.825E-14  6.943E-19  0.000E+00  0.000E+00  0.000E+00  0.000E+00  0.000E+00  0.000E+00  0.000E+00  0.000E+00  0.000E+00  0.000E+00  0.000E+00  0.000E+00  0.000E+00
  384.5000  8.676E-03  7.876E-03  7.065E-03  6.362E-03  5.754E-03  5.229E-03  4.725E-03  4.112E-03  3.713E-03  3.195E-03  2.823E-03  2.446E-03  2.089E-03  1.786E-03  1.509E-03  1.287E-03  1.078E-03  8.965E-04  7.429E-04  6.150E-04  5.097E-04  4.067E-04  3.332E-04  2.652E-04  2.162E-04  1.705E-04  1.347E-04  1.063E-04  8.362E-05  6.514E-05  4.998E-05  3.791E-05  2.846E-05  2.116E-05  1.544E-05  1.092E-05  7.750E-06  5.191E-06  3.370E-06  2.077E-06  1.082E-06  4.356E-07  9.508E-08  1.102E-08  5.965E-10  9.249E-12  3.193E-14  1.317E-18  0.000E+00  0.000E+00  0.000E+00  0.000E+00  0.000E+00  0.000E+00  0.000E+00  0.000E+00  0.000E+00  0.000E+00  0.000E+00  0.000E+00  0.000E+00
  385.5000  8.587E-03  7.795E-03  6.992E-03  6.296E-03  5.693E-03  5.174E-03  4.675E-03  4.068E-03  3.672E-03  3.160E-03  2.791E-03  2.418E-03  2.066E-03  1.765E-03  1.491E-03  1.271E-03  1.065E-03  8.854E-04  7.335E-04  6.072E-04  5.031E-04  4.014E-04  3.287E-04  2.616E-04  2.132E-04  1.681E-04  1.328E-04  1.048E-04  8.243E-05  6.421E-05  4.927E-05  3.737E-05  2.806E-05  2.087E-05  1.523E-05  1.077E-05  7.646E-06  5.123E-06  3.329E-06  2.055E-06  1.073E-06  4.345E-07  9.582E-08  1.128E-08  6.264E-10  1.009E-11  3.676E-14  1.641E-18  0.000E+00  0.000E+00  0.000E+00  0.000E+00  0.000E+00  0.000E+00  0.000E+00  0.000E+00  0.000E+00  0.000E+00  0.000E+00  0.000E+00  0.000E+00
  386.5000  8.756E-03  7.948E-03  7.129E-03  6.419E-03  5.804E-03  5.274E-03  4.764E-03  4.145E-03  3.742E-03  3.219E-03  2.843E-03  2.463E-03  2.104E-03  1.797E-03  1.526E-03  1.294E-03  1.084E-03  9.009E-04  7.462E-04  6.175E-04  5.115E-04  4.080E-04  3.341E-04  2.659E-04  2.167E-04  1.708E-04  1.349E-04  1.064E-04  8.371E-05  6.521E-05  5.004E-05  3.796E-05  2.850E-05  2.120E-05  1.547E-05  1.094E-05  7.771E-06  5.210E-06  3.388E-06  2.094E-06  1.097E-06  4.464E-07  9.945E-08  1.190E-08  6.770E-10  1.132E-11  4.350E-14  2.100E-18  0.000E+00  0.000E+00  0.000E+00  0.000E+00  0.000E+00  0.000E+00  0.000E+00  0.000E+00  0.000E+00  0.000E+00  0.000E+00  0.000E+00  0.000E+00
  387.5000  8.140E-03  7.388E-03  6.627E-03  5.966E-03  5.394E-03  4.901E-03  4.427E-03  3.851E-03  3.476E-03  2.990E-03  2.641E-03  2.287E-03  1.953E-03  1.668E-03  1.406E-03  1.201E-03  1.006E-03  8.358E-04  6.921E-04  5.726E-04  4.742E-04  3.782E-04  3.096E-04  2.463E-04  2.007E-04  1.582E-04  1.249E-04  9.856E-05  7.750E-05  6.037E-05  4.633E-05  3.514E-05  2.639E-05  1.963E-05  1.433E-05  1.013E-05  7.201E-06  4.829E-06  3.143E-06  1.945E-06  1.022E-06  4.180E-07  9.406E-08  1.144E-08  6.665E-10  1.157E-11  4.684E-14  2.444E-18  0.000E+00  0.000E+00  0.000E+00  0.000E+00  0.000E+00  0.000E+00  0.000E+00  0.000E+00  0.000E+00  0.000E+00  0.000E+00  0.000E+00  0.000E+00
  388.5000  8.161E-03  7.407E-03  6.643E-03  5.981E-03  5.407E-03  4.912E-03  4.437E-03  3.859E-03  3.483E-03  2.996E-03  2.645E-03  2.290E-03  1.956E-03  1.670E-03  1.408E-03  1.202E-03  1.006E-03  8.361E-04  6.923E-04  5.727E-04  4.742E-04  3.780E-04  3.094E-04  2.461E-04  2.005E-04  1.580E-04  1.247E-04  9.842E-05  7.739E-05  6.028E-05  4.626E-05  3.509E-05  2.635E-05  1.961E-05  1.432E-05  1.013E-05  7.196E-06  4.828E-06  3.145E-06  1.949E-06  1.027E-06  4.221E-07  9.591E-08  1.185E-08  7.071E-10  1.274E-11  5.429E-14  3.057E-18  0.000E+00  0.000E+00  0.000E+00  0.000E+00  0.000E+00  0.000E+00  0.000E+00  0.000E+00  0.000E+00  0.000E+00  0.000E+00  0.000E+00  0.000E+00
  389.5000  1.029E-02  9.344E-03  8.380E-03  7.544E-03  6.819E-03  6.194E-03  5.594E-03  4.866E-03  4.390E-03  3.776E-03  3.334E-03  2.886E-03  2.464E-03  2.104E-03  1.785E-03  1.514E-03  1.267E-03  1.053E-03  8.713E-04  7.206E-04  5.965E-04  4.755E-04  3.891E-04  3.094E-04  2.520E-04  1.985E-04  1.567E-04  1.237E-04  9.723E-05  7.573E-05  5.811E-05  4.409E-05  3.311E-05  2.464E-05  1.800E-05  1.273E-05  9.048E-06  6.073E-06  3.959E-06  2.456E-06  1.298E-06  5.361E-07  1.230E-07  1.544E-08  9.432E-10  1.762E-11  7.901E-14  4.798E-18  0.000E+00  0.000E+00  0.000E+00  0.000E+00  0.000E+00  0.000E+00  0.000E+00  0.000E+00  0.000E+00  0.000E+00  0.000E+00  0.000E+00  0.000E+00
  390.5000  1.012E-02  9.181E-03  8.233E-03  7.411E-03  6.699E-03  6.085E-03  5.495E-03  4.779E-03  4.311E-03  3.707E-03  3.273E-03  2.833E-03  2.418E-03  2.064E-03  1.756E-03  1.485E-03  1.243E-03  1.032E-03  8.541E-04  7.063E-04  5.845E-04  4.658E-04  3.811E-04  3.030E-04  2.468E-04  1.943E-04  1.534E-04  1.210E-04  9.515E-05  7.411E-05  5.687E-05  4.315E-05  3.241E-05  2.412E-05  1.762E-05  1.246E-05  8.862E-06  5.950E-06  3.882E-06  2.412E-06  1.277E-06  5.305E-07  1.229E-07  1.566E-08  9.793E-10  1.896E-11  8.941E-14  5.851E-18  0.000E+00  0.000E+00  0.000E+00  0.000E+00  0.000E+00  0.000E+00  0.000E+00  0.000E+00  0.000E+00  0.000E+00  0.000E+00  0.000E+00  0.000E+00
  391.5000  1.201E-02  1.090E-02  9.771E-03  8.795E-03  7.949E-03  7.220E-03  6.519E-03  5.669E-03  5.113E-03  4.397E-03  3.881E-03  3.359E-03  2.866E-03  2.447E-03  2.063E-03  1.759E-03  1.472E-03  1.222E-03  1.011E-03  8.361E-04  6.919E-04  5.512E-04  4.509E-04  3.584E-04  2.918E-04  2.298E-04  1.814E-04  1.431E-04  1.125E-04  8.760E-05  6.722E-05  5.100E-05  3.831E-05  2.851E-05  2.084E-05  1.474E-05  1.048E-05  7.042E-06  4.597E-06  2.860E-06  1.519E-06  6.338E-07  1.483E-07  1.919E-08  1.227E-09  2.461E-11  1.220E-13  8.592E-18  0.000E+00  0.000E+00  0.000E+00  0.000E+00  0.000E+00  0.000E+00  0.000E+00  0.000E+00  0.000E+00  0.000E+00  0.000E+00  0.000E+00  0.000E+00
  392.5000  9.006E-03  8.173E-03  7.329E-03  6.597E-03  5.962E-03  5.414E-03  4.888E-03  4.250E-03  3.833E-03  3.296E-03  2.909E-03  2.517E-03  2.148E-03  1.833E-03  1.549E-03  1.318E-03  1.102E-03  9.150E-04  7.570E-04  6.257E-04  5.176E-04  4.123E-04  3.372E-04  2.680E-04  2.181E-04  1.717E-04  1.355E-04  1.069E-04  8.402E-05  6.544E-05  5.022E-05  3.810E-05  2.863E-05  2.131E-05  1.557E-05  1.102E-05  7.838E-06  5.267E-06  3.441E-06  2.143E-06  1.141E-06  4.786E-07  1.130E-07  1.484E-08  9.713E-10  2.017E-11  1.050E-13  7.953E-18  0.000E+00  0.000E+00  0.000E+00  0.000E+00  0.000E+00  0.000E+00  0.000E+00  0.000E+00  0.000E+00  0.000E+00  0.000E+00  0.000E+00  0.000E+00
  393.5000  3.917E-03  3.554E-03  3.187E-03  2.869E-03  2.592E-03  2.354E-03  2.125E-03  1.847E-03  1.666E-03  1.432E-03  1.264E-03  1.093E-03  9.328E-04  7.960E-04  6.688E-04  5.720E-04  4.784E-04  3.971E-04  3.284E-04  2.714E-04  2.245E-04  1.788E-04  1.462E-04  1.162E-04  9.452E-05  7.441E-05  5.871E-05  4.630E-05  3.639E-05  2.834E-05  2.175E-05  1.650E-05  1.240E-05  9.230E-06  6.747E-06  4.775E-06  3.397E-06  2.284E-06  1.493E-06  9.311E-07  4.970E-07  2.094E-07  4.992E-08  6.655E-09  4.452E-10  9.569E-12  5.228E-14  4.256E-18  0.000E+00  0.000E+00  0.000E+00  0.000E+00  0.000E+00  0.000E+00  0.000E+00  0.000E+00  0.000E+00  0.000E+00  0.000E+00  0.000E+00  0.000E+00
  394.5000  9.219E-03  8.366E-03  7.502E-03  6.751E-03  6.100E-03  5.539E-03  5.000E-03  4.346E-03  3.919E-03  3.368E-03  2.972E-03  2.571E-03  2.193E-03  1.871E-03  1.598E-03  1.344E-03  1.124E-03  9.327E-04  7.713E-04  6.372E-04  5.269E-04  4.195E-04  3.430E-04  2.725E-04  2.217E-04  1.745E-04  1.376E-04  1.085E-04  8.530E-05  6.643E-05  5.098E-05  3.869E-05  2.907E-05  2.164E-05  1.582E-05  1.120E-05  7.969E-06  5.359E-06  3.506E-06  2.189E-06  1.172E-06  4.959E-07  1.193E-07  1.614E-08  1.104E-09  2.454E-11  1.407E-13  1.229E-17  0.000E+00  0.000E+00  0.000E+00  0.000E+00  0.000E+00  0.000E+00  0.000E+00  0.000E+00  0.000E+00  0.000E+00  0.000E+00  0.000E+00  0.000E+00
  395.5000  1.187E-02  1.077E-02  9.654E-03  8.688E-03  7.850E-03  7.126E-03  6.432E-03  5.591E-03  5.041E-03  4.332E-03  3.821E-03  3.305E-03  2.819E-03  2.405E-03  2.041E-03  1.727E-03  1.444E-03  1.198E-03  9.903E-04  8.180E-04  6.763E-04  5.384E-04  4.400E-04  3.495E-04  2.843E-04  2.237E-04  1.765E-04  1.391E-04  1.093E-04  8.515E-05  6.534E-05  4.959E-05  3.726E-05  2.774E-05  2.029E-05  1.436E-05  1.022E-05  6.877E-06  4.502E-06  2.814E-06  1.510E-06  6.420E-07  1.559E-07  2.139E-08  1.495E-09  3.439E-11  2.066E-13  1.937E-17  0.000E+00  0.000E+00  0.000E+00  0.000E+00  0.000E+00  0.000E+00  0.000E+00  0.000E+00  0.000E+00  0.000E+00  0.000E+00  0.000E+00  0.000E+00
  396.5000  6.970E-03  6.325E-03  5.671E-03  5.103E-03  4.610E-03  4.185E-03  3.777E-03  3.282E-03  2.959E-03  2.543E-03  2.243E-03  1.939E-03  1.654E-03  1.411E-03  1.198E-03  1.013E-03  8.465E-04  7.022E-04  5.804E-04  4.793E-04  3.962E-04  3.153E-04  2.577E-04  2.046E-04  1.664E-04  1.309E-04  1.032E-04  8.139E-05  6.396E-05  4.981E-05  3.822E-05  2.901E-05  2.180E-05  1.623E-05  1.187E-05  8.405E-06  5.984E-06  4.028E-06  2.639E-06  1.651E-06  8.881E-07  3.794E-07  9.293E-08  1.294E-08  9.241E-10  2.197E-11  1.383E-13  1.389E-17  0.000E+00  0.000E+00  0.000E+00  0.000E+00  0.000E+00  0.000E+00  0.000E+00  0.000E+00  0.000E+00  0.000E+00  0.000E+00  0.000E+00  0.000E+00
  397.5000  8.046E-03  7.301E-03  6.546E-03  5.890E-03  5.321E-03  4.830E-03  4.359E-03  3.788E-03  3.414E-03  2.933E-03  2.587E-03  2.237E-03  1.907E-03  1.626E-03  1.379E-03  1.167E-03  9.754E-04  8.089E-04  6.685E-04  5.519E-04  4.562E-04  3.629E-04  2.965E-04  2.354E-04  1.914E-04  1.506E-04  1.187E-04  9.358E-05  7.354E-05  5.727E-05  4.394E-05  3.335E-05  2.507E-05  1.867E-05  1.366E-05  9.669E-06  6.885E-06  4.636E-06  3.039E-06  1.904E-06  1.027E-06  4.405E-07  1.089E-07  1.538E-08  1.122E-09  2.755E-11  1.815E-13  1.953E-17  0.000E+00  0.000E+00  0.000E+00  0.000E+00  0.000E+00  0.000E+00  0.000E+00  0.000E+00  0.000E+00  0.000E+00  0.000E+00  0.000E+00  0.000E+00
  398.5000  1.383E-02  1.255E-02  1.125E-02  1.012E-02  9.145E-03  8.301E-03  7.490E-03  6.508E-03  5.865E-03  5.038E-03  4.443E-03  3.841E-03  3.274E-03  2.792E-03  2.373E-03  2.003E-03  1.674E-03  1.388E-03  1.147E-03  9.464E-04  7.820E-04  6.221E-04  5.081E-04  4.033E-04  3.279E-04  2.579E-04  2.033E-04  1.602E-04  1.259E-04  9.803E-05  7.522E-05  5.710E-05  4.292E-05  3.196E-05  2.339E-05  1.656E-05  1.180E-05  7.944E-06  5.212E-06  3.269E-06  1.767E-06  7.616E-07  1.899E-07  2.719E-08  2.026E-09  5.139E-11  3.543E-13  4.079E-17  0.000E+00  0.000E+00  0.000E+00  0.000E+00  0.000E+00  0.000E+00  0.000E+00  0.000E+00  0.000E+00  0.000E+00  0.000E+00  0.000E+00  0.000E+00
  399.5000  1.439E-02  1.306E-02  1.171E-02  1.053E-02  9.514E-03  8.634E-03  7.790E-03  6.768E-03  6.099E-03  5.238E-03  4.619E-03  3.992E-03  3.403E-03  2.901E-03  2.445E-03  2.081E-03  1.738E-03  1.441E-03  1.190E-03  9.823E-04  8.114E-04  6.453E-04  5.270E-04  4.182E-04  3.399E-04  2.673E-04  2.107E-04  1.660E-04  1.304E-04  1.016E-04  7.794E-05  5.916E-05  4.447E-05  3.313E-05  2.424E-05  1.717E-05  1.223E-05  8.240E-06  5.409E-06  3.397E-06  1.840E-06  7.967E-07  2.004E-07  2.909E-08  2.213E-09  5.795E-11  4.179E-13  5.143E-17  0.000E+00  0.000E+00  0.000E+00  0.000E+00  0.000E+00  0.000E+00  0.000E+00  0.000E+00  0.000E+00  0.000E+00  0.000E+00  0.000E+00  0.000E+00
------------------------------------------------------------
Dose rates,W m-2
   1 = UV index (WMO, 1994; Webb et al., 2011)           
   2 = Previtamin-D3 (CIE 2006)                          
values at z =      0.025 km
Columns: time,sza,weighting spectra
time,hrs.  sza,deg.          1          2
   18.0000     89.906  2.100E-02  3.745E-04
   18.0167     90.090  1.913E-02  3.449E-04
   18.0333     90.276  1.725E-02  3.149E-04
   18.0500     90.461  1.561E-02  2.888E-04
   18.0667     90.646  1.420E-02  2.661E-04
   18.0833     90.832  1.299E-02  2.465E-04
   18.1000     91.018  1.181E-02  2.271E-04
   18.1167     91.204  1.040E-02  2.037E-04
   18.1333     91.391  9.468E-03  1.881E-04
   18.1500     91.577  8.262E-03  1.672E-04
   18.1667     91.764  7.377E-03  1.517E-04
   18.1833     91.952  6.486E-03  1.359E-04
   18.2000     92.139  5.631E-03  1.202E-04
   18.2167     92.327  4.891E-03  1.064E-04
   18.2333     92.514  4.238E-03  9.382E-05
   18.2500     92.702  3.652E-03  8.225E-05
   18.2667     92.890  3.119E-03  7.147E-05
   18.2833     93.079  2.647E-03  6.163E-05
   18.3000     93.267  2.237E-03  5.284E-05
   18.3167     93.456  1.887E-03  4.513E-05
   18.3333     93.645  1.587E-03  3.824E-05
   18.3500     93.835  1.292E-03  3.141E-05
   18.3667     94.024  1.072E-03  2.620E-05
   18.3833     94.214  8.626E-04  2.108E-05
   18.4000     94.404  7.073E-04  1.724E-05
   18.4167     94.594  5.597E-04  1.357E-05
   18.4333     94.784  4.410E-04  1.057E-05
   18.4500     94.974  3.452E-04  8.155E-06
   18.4667     95.165  2.675E-04  6.194E-06
   18.4833     95.356  2.040E-04  4.591E-06
   18.5000     95.547  1.519E-04  3.271E-06
   18.5167     95.738  1.102E-04  2.210E-06
   18.5333     95.929  7.762E-05  1.371E-06
   18.5500     96.121  5.318E-05  7.683E-07
   18.5667     96.313  3.485E-05  3.628E-07
   18.5833     96.505  2.214E-05  1.489E-07
   18.6000     96.697  1.407E-05  5.570E-08
   18.6167     96.889  8.456E-06  1.893E-08
   18.6333     97.082  4.879E-06  5.937E-09
   18.6500     97.275  2.628E-06  1.660E-09
   18.6667     97.468  1.147E-06  3.429E-10
   18.6833     97.661  3.700E-07  5.169E-11
   18.7000     97.854  5.990E-08  3.400E-12
   18.7167     98.047  5.060E-09  9.089E-14
   18.7333     98.241  2.155E-10  5.912E-16
   18.7500     98.435  3.215E-12  3.442E-19
   18.7667     98.629  1.456E-14  1.164E-23
   18.7833     98.823  1.198E-18  5.272E-31
   18.8000     99.017  0.000E+00  0.000E+00
   18.8167     99.212  0.000E+00  0.000E+00
   18.8333     99.406  0.000E+00  0.000E+00
   18.8500     99.601  0.000E+00  0.000E+00
   18.8667     99.796  0.000E+00  0.000E+00
   18.8833     99.991  0.000E+00  0.000E+00
   18.9000    100.187  0.000E+00  0.000E+00
   18.9167    100.382  0.000E+00  0.000E+00
   18.9333    100.578  0.000E+00  0.000E+00
   18.9500    100.774  0.000E+00  0.000E+00
   18.9667    100.970  0.000E+00  0.000E+00
   18.9833    101.166  0.000E+00  0.000E+00
   19.0000    101.362  0.000E+00  0.000E+00
------------------------------------------------------------
