Spectral Irradiance,W m-2 nm-1
values at z =      0.025 km
Columns: wavelength (nm),times (hrs.) or sza (deg.)
    wc,nm     18.000     18.017     18.033     18.050     18.067     18.083     18.100     18.117     18.133     18.150     18.167     18.183     18.200     18.217     18.233     18.250     18.267     18.283     18.300     18.317     18.333     18.350     18.367     18.383     18.400     18.417     18.433     18.450     18.467     18.483     18.500     18.517     18.533     18.550     18.567     18.583     18.600     18.617     18.633     18.650     18.667     18.683     18.700     18.717     18.733     18.750     18.767     18.783     18.800     18.817     18.833     18.850     18.867     18.883     18.900     18.917     18.933     18.950     18.967     18.983     19.000
    sza =      90.156     90.343     90.530     90.717     90.905     91.093     91.281     91.469     91.657     91.846     92.035     92.224     92.413     92.603     92.793     92.983     93.173     93.363     93.554     93.744     93.935     94.126     94.318     94.509     94.701     94.893     95.085     95.277     95.470     95.662     95.855     96.048     96.242     96.435     96.629     96.822     97.016     97.210     97.405     97.599     97.794     97.988     98.183     98.379     98.574     98.769     98.965     99.161     99.357     99.553     99.749     99.946    100.142    100.339    100.536    100.733    100.930    101.128    101.325    101.523    101.721
  280.5000  8.964E-26  8.320E-26  7.756E-26  7.258E-26  6.817E-26  6.194E-26  5.710E-26  5.191E-26  4.729E-26  4.216E-26  3.793E-26  3.389E-26  2.962E-26  2.575E-26  2.224E-26  1.906E-26  1.621E-26  1.337E-26  1.094E-26  8.886E-27  6.823E-27  5.172E-27  3.627E-27  2.464E-27  1.386E-27  6.493E-28  2.107E-28  3.796E-29  1.975E-30  1.642E-32  5.720E-36  9.599E-42  0.000E+00  0.000E+00  0.000E+00  0.000E+00  0.000E+00  0.000E+00  0.000E+00  0.000E+00  0.000E+00  0.000E+00  0.000E+00  0.000E+00  0.000E+00  0.000E+00  0.000E+00  0.000E+00  0.000E+00  0.000E+00  0.000E+00  0.000E+00  0.000E+00  0.000E+00  0.000E+00  0.000E+00  0.000E+00  0.000E+00  0.000E+00  0.000E+00  0.000E+00
  281.5000  1.540E-23  1.430E-23  1.333E-23  1.248E-23  1.173E-23  1.066E-23  9.830E-24  8.939E-24  8.146E-24  7.264E-24  6.538E-24  5.843E-24  5.108E-24  4.443E-24  3.839E-24  3.291E-24  2.801E-24  2.313E-24  1.896E-24  1.545E-24  1.194E-24  9.139E-25  6.507E-25  4.515E-25  2.636E-25  1.305E-25  4.639E-26  9.660E-27  6.503E-28  8.243E-30  5.784E-33  3.207E-38  0.000E+00  0.000E+00  0.000E+00  0.000E+00  0.000E+00  0.000E+00  0.000E+00  0.000E+00  0.000E+00  0.000E+00  0.000E+00  0.000E+00  0.000E+00  0.000E+00  0.000E+00  0.000E+00  0.000E+00  0.000E+00  0.000E+00  0.000E+00  0.000E+00  0.000E+00  0.000E+00  0.000E+00  0.000E+00  0.000E+00  0.000E+00  0.000E+00  0.000E+00
  282.5000  8.774E-22  8.149E-22  7.601E-22  7.117E-22  6.690E-22  6.081E-22  5.610E-22  5.103E-22  4.652E-22  4.143E-22  3.736E-22  3.340E-22  2.921E-22  2.541E-22  2.196E-22  1.884E-22  1.604E-22  1.327E-22  1.089E-22  8.900E-23  6.917E-23  5.334E-23  3.847E-23  2.717E-23  1.638E-23  8.508E-24  3.275E-24  7.750E-25  6.556E-26  1.208E-27  1.573E-30  2.482E-35  2.270E-43  0.000E+00  0.000E+00  0.000E+00  0.000E+00  0.000E+00  0.000E+00  0.000E+00  0.000E+00  0.000E+00  0.000E+00  0.000E+00  0.000E+00  0.000E+00  0.000E+00  0.000E+00  0.000E+00  0.000E+00  0.000E+00  0.000E+00  0.000E+00  0.000E+00  0.000E+00  0.000E+00  0.000E+00  0.000E+00  0.000E+00  0.000E+00  0.000E+00
  283.5000  1.094E-20  1.016E-20  9.479E-21  8.878E-21  8.346E-21  7.589E-21  7.002E-21  6.371E-21  5.809E-21  5.182E-21  4.667E-21  4.174E-21  3.650E-21  3.177E-21  2.747E-21  2.357E-21  2.008E-21  1.661E-21  1.365E-21  1.118E-21  8.717E-22  6.754E-22  4.911E-22  3.508E-22  2.159E-22  1.157E-22  4.690E-23  1.207E-23  1.187E-24  2.796E-26  5.469E-29  1.710E-33  4.930E-41  0.000E+00  0.000E+00  0.000E+00  0.000E+00  0.000E+00  0.000E+00  0.000E+00  0.000E+00  0.000E+00  0.000E+00  0.000E+00  0.000E+00  0.000E+00  0.000E+00  0.000E+00  0.000E+00  0.000E+00  0.000E+00  0.000E+00  0.000E+00  0.000E+00  0.000E+00  0.000E+00  0.000E+00  0.000E+00  0.000E+00  0.000E+00  0.000E+00
  284.5000  6.670E-19  6.198E-19  5.785E-19  5.420E-19  5.098E-19  4.638E-19  4.282E-19  3.898E-19  3.556E-19  3.173E-19  2.860E-19  2.559E-19  2.239E-19  1.950E-19  1.686E-19  1.448E-19  1.235E-19  1.023E-19  8.420E-20  6.914E-20  5.425E-20  4.238E-20  3.124E-20  2.274E-20  1.448E-20  8.175E-21  3.612E-21  1.069E-21  1.349E-22  4.799E-24  1.866E-26  1.878E-30  3.973E-37  0.000E+00  0.000E+00  0.000E+00  0.000E+00  0.000E+00  0.000E+00  0.000E+00  0.000E+00  0.000E+00  0.000E+00  0.000E+00  0.000E+00  0.000E+00  0.000E+00  0.000E+00  0.000E+00  0.000E+00  0.000E+00  0.000E+00  0.000E+00  0.000E+00  0.000E+00  0.000E+00  0.000E+00  0.000E+00  0.000E+00  0.000E+00  0.000E+00
  285.5000  8.747E-18  8.131E-18  7.591E-18  7.115E-18  6.695E-18  6.093E-18  5.627E-18  5.125E-18  4.677E-18  4.176E-18  3.765E-18  3.370E-18  2.950E-18  2.570E-18  2.224E-18  1.911E-18  1.631E-18  1.352E-18  1.114E-18  9.171E-19  7.227E-19  5.680E-19  4.228E-19  3.122E-19  2.040E-19  1.198E-19  5.658E-20  1.866E-20  2.869E-21  1.411E-22  9.399E-25  2.336E-28  2.265E-34  1.724E-43  0.000E+00  0.000E+00  0.000E+00  0.000E+00  0.000E+00  0.000E+00  0.000E+00  0.000E+00  0.000E+00  0.000E+00  0.000E+00  0.000E+00  0.000E+00  0.000E+00  0.000E+00  0.000E+00  0.000E+00  0.000E+00  0.000E+00  0.000E+00  0.000E+00  0.000E+00  0.000E+00  0.000E+00  0.000E+00  0.000E+00  0.000E+00
  286.5000  2.853E-16  2.652E-16  2.477E-16  2.322E-16  2.186E-16  1.990E-16  1.839E-16  1.675E-16  1.529E-16  1.366E-16  1.232E-16  1.103E-16  9.662E-17  8.420E-17  7.290E-17  6.266E-17  5.350E-17  4.439E-17  3.662E-17  3.019E-17  2.387E-17  1.884E-17  1.413E-17  1.055E-17  7.026E-18  4.250E-18  2.112E-18  7.578E-19  1.357E-19  8.580E-21  8.687E-23  4.350E-26  1.366E-31  6.284E-40  0.000E+00  0.000E+00  0.000E+00  0.000E+00  0.000E+00  0.000E+00  0.000E+00  0.000E+00  0.000E+00  0.000E+00  0.000E+00  0.000E+00  0.000E+00  0.000E+00  0.000E+00  0.000E+00  0.000E+00  0.000E+00  0.000E+00  0.000E+00  0.000E+00  0.000E+00  0.000E+00  0.000E+00  0.000E+00  0.000E+00  0.000E+00
  287.5000  5.076E-15  4.720E-15  4.410E-15  4.136E-15  3.894E-15  3.547E-15  3.278E-15  2.988E-15  2.729E-15  2.439E-15  2.201E-15  1.972E-15  1.728E-15  1.507E-15  1.305E-15  1.123E-15  9.590E-16  7.963E-16  6.577E-16  5.432E-16  4.309E-16  3.417E-16  2.583E-16  1.949E-16  1.325E-16  8.274E-17  4.340E-17  1.701E-17  3.584E-18  2.965E-19  4.711E-21  5.035E-24  5.681E-29  1.870E-36  0.000E+00  0.000E+00  0.000E+00  0.000E+00  0.000E+00  0.000E+00  0.000E+00  0.000E+00  0.000E+00  0.000E+00  0.000E+00  0.000E+00  0.000E+00  0.000E+00  0.000E+00  0.000E+00  0.000E+00  0.000E+00  0.000E+00  0.000E+00  0.000E+00  0.000E+00  0.000E+00  0.000E+00  0.000E+00  0.000E+00  0.000E+00
  288.5000  8.785E-14  8.173E-14  7.637E-14  7.166E-14  6.749E-14  6.150E-14  5.688E-14  5.187E-14  4.741E-14  4.240E-14  3.829E-14  3.432E-14  3.009E-14  2.625E-14  2.276E-14  1.959E-14  1.675E-14  1.392E-14  1.151E-14  9.527E-15  7.584E-15  6.044E-15  4.606E-15  3.516E-15  2.442E-15  1.577E-15  8.764E-16  3.784E-16  9.515E-17  1.057E-17  2.757E-19  6.776E-22  3.103E-26  8.772E-33  5.675E-43  0.000E+00  0.000E+00  0.000E+00  0.000E+00  0.000E+00  0.000E+00  0.000E+00  0.000E+00  0.000E+00  0.000E+00  0.000E+00  0.000E+00  0.000E+00  0.000E+00  0.000E+00  0.000E+00  0.000E+00  0.000E+00  0.000E+00  0.000E+00  0.000E+00  0.000E+00  0.000E+00  0.000E+00  0.000E+00  0.000E+00
  289.5000  1.173E-12  1.092E-12  1.020E-12  9.577E-13  9.024E-13  8.226E-13  7.609E-13  6.943E-13  6.348E-13  5.680E-13  5.132E-13  4.602E-13  4.038E-13  3.525E-13  3.057E-13  2.633E-13  2.253E-13  1.874E-13  1.551E-13  1.285E-13  1.026E-13  8.203E-14  6.287E-14  4.838E-14  3.412E-14  2.257E-14  1.308E-14  6.064E-15  1.740E-15  2.406E-16  9.077E-18  4.124E-20  5.246E-24  7.018E-30  5.206E-39  0.000E+00  0.000E+00  0.000E+00  0.000E+00  0.000E+00  0.000E+00  0.000E+00  0.000E+00  0.000E+00  0.000E+00  0.000E+00  0.000E+00  0.000E+00  0.000E+00  0.000E+00  0.000E+00  0.000E+00  0.000E+00  0.000E+00  0.000E+00  0.000E+00  0.000E+00  0.000E+00  0.000E+00  0.000E+00  0.000E+00
  290.5000  9.940E-12  9.250E-12  8.647E-12  8.116E-12  7.650E-12  6.976E-12  6.455E-12  5.892E-12  5.389E-12  4.825E-12  4.362E-12  3.913E-12  3.435E-12  3.000E-12  2.604E-12  2.243E-12  1.920E-12  1.599E-12  1.324E-12  1.099E-12  8.787E-13  7.046E-13  5.426E-13  4.202E-13  3.000E-13  2.023E-13  1.214E-13  5.960E-14  1.905E-14  3.157E-15  1.617E-16  1.226E-18  3.667E-22  1.804E-27  1.041E-35  1.401E-45  0.000E+00  0.000E+00  0.000E+00  0.000E+00  0.000E+00  0.000E+00  0.000E+00  0.000E+00  0.000E+00  0.000E+00  0.000E+00  0.000E+00  0.000E+00  0.000E+00  0.000E+00  0.000E+00  0.000E+00  0.000E+00  0.000E+00  0.000E+00  0.000E+00  0.000E+00  0.000E+00  0.000E+00  0.000E+00
  291.5000  7.363E-11  6.853E-11  6.407E-11  6.015E-11  5.671E-11  5.173E-11  4.789E-11  4.373E-11  4.002E-11  3.585E-11  3.246E-11  2.911E-11  2.557E-11  2.235E-11  1.941E-11  1.674E-11  1.434E-11  1.195E-11  9.905E-12  8.229E-12  6.596E-12  5.305E-12  4.105E-12  3.201E-12  2.315E-12  1.594E-12  9.914E-13  5.181E-13  1.860E-13  3.752E-14  2.689E-15  3.593E-17  2.790E-20  5.909E-25  3.448E-32  5.203E-42  0.000E+00  0.000E+00  0.000E+00  0.000E+00  0.000E+00  0.000E+00  0.000E+00  0.000E+00  0.000E+00  0.000E+00  0.000E+00  0.000E+00  0.000E+00  0.000E+00  0.000E+00  0.000E+00  0.000E+00  0.000E+00  0.000E+00  0.000E+00  0.000E+00  0.000E+00  0.000E+00  0.000E+00  0.000E+00
  292.5000  3.565E-10  3.318E-10  3.103E-10  2.913E-10  2.747E-10  2.506E-10  2.321E-10  2.120E-10  1.941E-10  1.740E-10  1.575E-10  1.414E-10  1.243E-10  1.087E-10  9.446E-11  8.151E-11  6.988E-11  5.828E-11  4.836E-11  4.022E-11  3.230E-11  2.604E-11  2.023E-11  1.586E-11  1.159E-11  8.115E-12  5.203E-12  2.865E-12  1.135E-12  2.706E-13  2.581E-14  5.560E-16  9.559E-19  6.747E-23  2.598E-29  5.333E-38  0.000E+00  0.000E+00  0.000E+00  0.000E+00  0.000E+00  0.000E+00  0.000E+00  0.000E+00  0.000E+00  0.000E+00  0.000E+00  0.000E+00  0.000E+00  0.000E+00  0.000E+00  0.000E+00  0.000E+00  0.000E+00  0.000E+00  0.000E+00  0.000E+00  0.000E+00  0.000E+00  0.000E+00  0.000E+00
  293.5000  1.995E-09  1.857E-09  1.736E-09  1.631E-09  1.538E-09  1.403E-09  1.300E-09  1.188E-09  1.088E-09  9.755E-10  8.832E-10  7.938E-10  6.982E-10  6.110E-10  5.313E-10  4.588E-10  3.936E-10  3.286E-10  2.729E-10  2.272E-10  1.828E-10  1.477E-10  1.151E-10  9.072E-11  6.691E-11  4.755E-11  3.132E-11  1.807E-11  7.836E-12  2.176E-12  2.701E-13  9.078E-15  3.288E-17  7.198E-21  1.643E-26  3.914E-34  1.541E-44  0.000E+00  0.000E+00  0.000E+00  0.000E+00  0.000E+00  0.000E+00  0.000E+00  0.000E+00  0.000E+00  0.000E+00  0.000E+00  0.000E+00  0.000E+00  0.000E+00  0.000E+00  0.000E+00  0.000E+00  0.000E+00  0.000E+00  0.000E+00  0.000E+00  0.000E+00  0.000E+00  0.000E+00
  294.5000  6.402E-09  5.958E-09  5.570E-09  5.231E-09  4.933E-09  4.502E-09  4.171E-09  3.813E-09  3.493E-09  3.133E-09  2.819E-09  2.552E-09  2.246E-09  1.967E-09  1.711E-09  1.478E-09  1.269E-09  1.060E-09  8.812E-10  7.345E-10  5.918E-10  4.789E-10  3.744E-10  2.962E-10  2.201E-10  1.583E-10  1.065E-10  6.387E-11  2.981E-11  9.395E-12  1.450E-12  7.018E-14  4.652E-16  2.528E-19  2.369E-24  3.902E-31  2.212E-40  0.000E+00  0.000E+00  0.000E+00  0.000E+00  0.000E+00  0.000E+00  0.000E+00  0.000E+00  0.000E+00  0.000E+00  0.000E+00  0.000E+00  0.000E+00  0.000E+00  0.000E+00  0.000E+00  0.000E+00  0.000E+00  0.000E+00  0.000E+00  0.000E+00  0.000E+00  0.000E+00  0.000E+00
  295.5000  2.824E-08  2.628E-08  2.456E-08  2.306E-08  2.175E-08  1.985E-08  1.839E-08  1.682E-08  1.541E-08  1.383E-08  1.253E-08  1.127E-08  9.928E-09  8.700E-09  7.575E-09  6.550E-09  5.627E-09  4.706E-09  3.914E-09  3.266E-09  2.635E-09  2.137E-09  1.675E-09  1.330E-09  9.953E-10  7.242E-10  4.978E-10  3.100E-10  1.556E-10  5.565E-11  1.071E-11  7.523E-13  9.314E-15  1.303E-17  5.349E-22  6.668E-28  6.095E-36  0.000E+00  0.000E+00  0.000E+00  0.000E+00  0.000E+00  0.000E+00  0.000E+00  0.000E+00  0.000E+00  0.000E+00  0.000E+00  0.000E+00  0.000E+00  0.000E+00  0.000E+00  0.000E+00  0.000E+00  0.000E+00  0.000E+00  0.000E+00  0.000E+00  0.000E+00  0.000E+00  0.000E+00
  296.5000  7.935E-08  7.380E-08  6.897E-08  6.475E-08  6.104E-08  5.572E-08  5.162E-08  4.720E-08  4.326E-08  3.884E-08  3.522E-08  3.168E-08  2.792E-08  2.448E-08  2.133E-08  1.846E-08  1.587E-08  1.328E-08  1.106E-08  9.235E-09  7.463E-09  6.060E-09  4.763E-09  3.793E-09  2.855E-09  2.098E-09  1.468E-09  9.433E-10  5.042E-10  2.009E-10  4.677E-11  4.529E-12  9.576E-14  3.001E-16  4.292E-20  2.913E-25  2.679E-32  2.052E-41  0.000E+00  0.000E+00  0.000E+00  0.000E+00  0.000E+00  0.000E+00  0.000E+00  0.000E+00  0.000E+00  0.000E+00  0.000E+00  0.000E+00  0.000E+00  0.000E+00  0.000E+00  0.000E+00  0.000E+00  0.000E+00  0.000E+00  0.000E+00  0.000E+00  0.000E+00  0.000E+00
  297.5000  2.324E-07  2.161E-07  2.019E-07  1.894E-07  1.785E-07  1.630E-07  1.509E-07  1.380E-07  1.265E-07  1.136E-07  1.031E-07  9.274E-08  8.177E-08  7.174E-08  6.255E-08  5.417E-08  4.660E-08  3.905E-08  3.253E-08  2.719E-08  2.201E-08  1.789E-08  1.409E-08  1.125E-08  8.513E-09  6.304E-09  4.476E-09  2.953E-09  1.664E-09  7.272E-10  1.993E-10  2.546E-11  8.574E-13  5.431E-15  2.311E-18  6.903E-23  4.799E-29  5.018E-37  0.000E+00  0.000E+00  0.000E+00  0.000E+00  0.000E+00  0.000E+00  0.000E+00  0.000E+00  0.000E+00  0.000E+00  0.000E+00  0.000E+00  0.000E+00  0.000E+00  0.000E+00  0.000E+00  0.000E+00  0.000E+00  0.000E+00  0.000E+00  0.000E+00  0.000E+00  0.000E+00
  298.5000  3.996E-07  3.713E-07  3.467E-07  3.252E-07  3.064E-07  2.796E-07  2.589E-07  2.368E-07  2.170E-07  1.949E-07  1.768E-07  1.591E-07  1.404E-07  1.232E-07  1.075E-07  9.317E-08  8.022E-08  6.728E-08  5.610E-08  4.693E-08  3.803E-08  3.095E-08  2.443E-08  1.955E-08  1.485E-08  1.107E-08  7.955E-09  5.367E-09  3.161E-09  1.495E-09  4.715E-10  7.645E-11  3.840E-12  4.447E-14  4.803E-17  5.046E-21  1.937E-26  1.826E-33  1.976E-43  0.000E+00  0.000E+00  0.000E+00  0.000E+00  0.000E+00  0.000E+00  0.000E+00  0.000E+00  0.000E+00  0.000E+00  0.000E+00  0.000E+00  0.000E+00  0.000E+00  0.000E+00  0.000E+00  0.000E+00  0.000E+00  0.000E+00  0.000E+00  0.000E+00  0.000E+00
  299.5000  1.267E-06  1.177E-06  1.098E-06  1.030E-06  9.695E-07  8.843E-07  8.187E-07  7.485E-07  6.858E-07  6.160E-07  5.590E-07  5.032E-07  4.441E-07  3.900E-07  3.405E-07  2.952E-07  2.544E-07  2.135E-07  1.782E-07  1.492E-07  1.211E-07  9.864E-08  7.799E-08  6.253E-08  4.768E-08  3.574E-08  2.596E-08  1.785E-08  1.093E-08  5.542E-09  1.981E-09  3.986E-10  2.884E-11  5.824E-13  1.492E-15  5.083E-19  9.769E-24  7.388E-30  1.573E-38  0.000E+00  0.000E+00  0.000E+00  0.000E+00  0.000E+00  0.000E+00  0.000E+00  0.000E+00  0.000E+00  0.000E+00  0.000E+00  0.000E+00  0.000E+00  0.000E+00  0.000E+00  0.000E+00  0.000E+00  0.000E+00  0.000E+00  0.000E+00  0.000E+00  0.000E+00
  300.5000  1.571E-06  1.458E-06  1.360E-06  1.274E-06  1.199E-06  1.093E-06  1.011E-06  9.246E-07  8.469E-07  7.607E-07  6.903E-07  6.216E-07  5.485E-07  4.820E-07  4.210E-07  3.652E-07  3.149E-07  2.646E-07  2.210E-07  1.851E-07  1.504E-07  1.227E-07  9.714E-08  7.800E-08  5.965E-08  4.493E-08  3.290E-08  2.297E-08  1.451E-08  7.779E-09  3.078E-09  7.371E-10  7.163E-11  2.263E-12  1.156E-14  9.900E-18  6.602E-22  2.449E-27  4.924E-35  1.177E-43  0.000E+00  0.000E+00  0.000E+00  0.000E+00  0.000E+00  0.000E+00  0.000E+00  0.000E+00  0.000E+00  0.000E+00  0.000E+00  0.000E+00  0.000E+00  0.000E+00  0.000E+00  0.000E+00  0.000E+00  0.000E+00  0.000E+00  0.000E+00  0.000E+00
  301.5000  4.270E-06  3.959E-06  3.688E-06  3.452E-06  3.246E-06  2.958E-06  2.735E-06  2.499E-06  2.288E-06  2.054E-06  1.864E-06  1.678E-06  1.482E-06  1.302E-06  1.138E-06  9.880E-07  8.524E-07  7.171E-07  5.994E-07  5.026E-07  4.089E-07  3.339E-07  2.649E-07  2.130E-07  1.634E-07  1.236E-07  9.129E-08  6.471E-08  4.215E-08  2.392E-08  1.050E-08  3.013E-09  3.990E-10  2.024E-11  2.156E-13  4.950E-16  1.254E-19  2.606E-24  6.109E-31  2.247E-38  4.204E-45  0.000E+00  0.000E+00  0.000E+00  0.000E+00  0.000E+00  0.000E+00  0.000E+00  0.000E+00  0.000E+00  0.000E+00  0.000E+00  0.000E+00  0.000E+00  0.000E+00  0.000E+00  0.000E+00  0.000E+00  0.000E+00  0.000E+00  0.000E+00
  302.5000  6.591E-06  6.105E-06  5.683E-06  5.315E-06  4.994E-06  4.548E-06  4.203E-06  3.838E-06  3.512E-06  3.153E-06  2.860E-06  2.582E-06  2.273E-06  1.999E-06  1.747E-06  1.517E-06  1.310E-06  1.103E-06  9.225E-07  7.741E-07  6.304E-07  5.152E-07  4.092E-07  3.295E-07  2.533E-07  1.923E-07  1.427E-07  1.022E-07  6.795E-08  4.005E-08  1.887E-08  6.118E-09  9.995E-10  6.991E-11  1.222E-12  5.379E-15  3.248E-18  2.070E-22  2.388E-28  5.122E-35  4.199E-41  2.382E-44  1.401E-45  1.401E-45  0.000E+00  0.000E+00  0.000E+00  0.000E+00  0.000E+00  0.000E+00  0.000E+00  0.000E+00  0.000E+00  0.000E+00  0.000E+00  0.000E+00  0.000E+00  0.000E+00  0.000E+00  0.000E+00  0.000E+00
  303.5000  1.468E-05  1.358E-05  1.263E-05  1.180E-05  1.107E-05  1.007E-05  9.298E-06  8.484E-06  7.758E-06  6.961E-06  6.313E-06  5.680E-06  5.015E-06  4.410E-06  3.856E-06  3.351E-06  2.894E-06  2.440E-06  2.043E-06  1.715E-06  1.399E-06  1.144E-06  9.106E-07  7.342E-07  5.659E-07  4.311E-07  3.220E-07  2.331E-07  1.585E-07  9.746E-08  4.969E-08  1.851E-08  3.845E-09  3.893E-10  1.207E-11  1.143E-13  1.941E-16  4.699E-20  3.604E-25  6.322E-31  3.077E-36  2.955E-39  1.412E-40  7.049E-43  1.401E-45  0.000E+00  0.000E+00  0.000E+00  0.000E+00  0.000E+00  0.000E+00  0.000E+00  0.000E+00  0.000E+00  0.000E+00  0.000E+00  0.000E+00  0.000E+00  0.000E+00  0.000E+00  0.000E+00
  304.5000  1.887E-05  1.744E-05  1.620E-05  1.512E-05  1.418E-05  1.289E-05  1.189E-05  1.084E-05  9.908E-06  8.887E-06  8.056E-06  7.245E-06  6.397E-06  5.626E-06  4.920E-06  4.276E-06  3.695E-06  3.117E-06  2.611E-06  2.194E-06  1.791E-06  1.467E-06  1.168E-06  9.426E-07  7.277E-07  5.556E-07  4.165E-07  3.034E-07  2.092E-07  1.319E-07  7.052E-08  2.855E-08  6.842E-09  8.621E-10  3.746E-11  5.558E-13  1.728E-15  9.059E-19  2.049E-23  1.170E-28  1.531E-33  2.022E-36  7.777E-38  2.962E-40  3.069E-43  0.000E+00  0.000E+00  0.000E+00  0.000E+00  0.000E+00  0.000E+00  0.000E+00  0.000E+00  0.000E+00  0.000E+00  0.000E+00  0.000E+00  0.000E+00  0.000E+00  0.000E+00  0.000E+00
  305.5000  3.222E-05  2.973E-05  2.756E-05  2.568E-05  2.404E-05  2.182E-05  2.010E-05  1.831E-05  1.671E-05  1.497E-05  1.356E-05  1.219E-05  1.076E-05  9.461E-06  8.275E-06  7.194E-06  6.219E-06  5.252E-06  4.404E-06  3.705E-06  3.029E-06  2.482E-06  1.981E-06  1.600E-06  1.238E-06  9.484E-07  7.145E-07  5.250E-07  3.683E-07  2.401E-07  1.368E-07  6.199E-08  1.811E-08  3.102E-09  2.180E-10  6.243E-12  4.796E-14  8.034E-17  9.329E-21  3.237E-25  1.937E-29  4.105E-32  1.101E-33  2.636E-36  1.174E-39  1.401E-45  0.000E+00  0.000E+00  0.000E+00  0.000E+00  0.000E+00  0.000E+00  0.000E+00  0.000E+00  0.000E+00  0.000E+00  0.000E+00  0.000E+00  0.000E+00  0.000E+00  0.000E+00
  306.5000  3.778E-05  3.483E-05  3.226E-05  3.003E-05  2.808E-05  2.548E-05  2.345E-05  2.134E-05  1.947E-05  1.744E-05  1.579E-05  1.418E-05  1.251E-05  1.100E-05  9.622E-06  8.367E-06  7.234E-06  6.113E-06  5.128E-06  4.316E-06  3.531E-06  2.896E-06  2.313E-06  1.870E-06  1.449E-06  1.111E-06  8.392E-07  6.191E-07  4.379E-07  2.899E-07  1.700E-07  8.118E-08  2.595E-08  5.100E-09  4.429E-10  1.682E-11  1.890E-13  5.179E-16  1.202E-19  8.931E-24  1.017E-27  2.691E-30  6.436E-32  1.355E-34  4.687E-38  1.121E-44  0.000E+00  0.000E+00  0.000E+00  0.000E+00  0.000E+00  0.000E+00  0.000E+00  0.000E+00  0.000E+00  0.000E+00  0.000E+00  0.000E+00  0.000E+00  0.000E+00  0.000E+00
  307.5000  6.937E-05  6.380E-05  5.896E-05  5.475E-05  5.110E-05  4.626E-05  4.249E-05  3.861E-05  3.516E-05  3.145E-05  2.844E-05  2.551E-05  2.250E-05  1.977E-05  1.729E-05  1.503E-05  1.300E-05  1.100E-05  9.233E-06  7.777E-06  6.373E-06  5.233E-06  4.187E-06  3.389E-06  2.632E-06  2.024E-06  1.534E-06  1.139E-06  8.165E-07  5.541E-07  3.409E-07  1.775E-07  6.632E-08  1.666E-08  2.133E-09  1.383E-10  3.261E-12  2.332E-14  2.102E-17  7.017E-21  2.844E-24  1.122E-26  2.017E-28  2.960E-31  5.121E-35  7.463E-42  0.000E+00  0.000E+00  0.000E+00  0.000E+00  0.000E+00  0.000E+00  0.000E+00  0.000E+00  0.000E+00  0.000E+00  0.000E+00  0.000E+00  0.000E+00  0.000E+00  0.000E+00
  308.5000  8.364E-05  7.891E-05  7.284E-05  6.756E-05  6.298E-05  5.697E-05  5.228E-05  4.747E-05  4.319E-05  3.860E-05  3.488E-05  3.127E-05  2.757E-05  2.421E-05  2.117E-05  1.841E-05  1.592E-05  1.347E-05  1.132E-05  9.536E-06  7.821E-06  6.425E-06  5.145E-06  4.168E-06  3.240E-06  2.495E-06  1.895E-06  1.411E-06  1.017E-06  6.977E-07  4.383E-07  2.369E-07  9.454E-08  2.628E-08  3.935E-09  3.139E-10  9.779E-12  1.004E-13  1.502E-16  8.719E-20  5.634E-23  2.629E-25  4.417E-27  6.072E-30  9.108E-34  1.392E-40  0.000E+00  0.000E+00  0.000E+00  0.000E+00  0.000E+00  0.000E+00  0.000E+00  0.000E+00  0.000E+00  0.000E+00  0.000E+00  0.000E+00  0.000E+00  0.000E+00  0.000E+00
  309.5000  9.131E-05  8.367E-05  7.704E-05  7.129E-05  6.629E-05  5.986E-05  5.482E-05  4.968E-05  4.511E-05  4.026E-05  3.633E-05  3.253E-05  2.865E-05  2.514E-05  2.197E-05  1.910E-05  1.651E-05  1.398E-05  1.175E-05  9.909E-06  8.137E-06  6.692E-06  5.367E-06  4.352E-06  3.390E-06  2.616E-06  1.992E-06  1.490E-06  1.083E-06  7.541E-07  4.881E-07  2.789E-07  1.231E-07  4.013E-08  7.745E-09  8.768E-10  4.442E-11  8.583E-13  3.140E-15  4.886E-18  7.251E-21  4.442E-23  6.317E-25  7.116E-28  7.118E-32  9.629E-39  0.000E+00  0.000E+00  0.000E+00  0.000E+00  0.000E+00  0.000E+00  0.000E+00  0.000E+00  0.000E+00  0.000E+00  0.000E+00  0.000E+00  0.000E+00  0.000E+00  0.000E+00
  310.5000  1.447E-04  1.322E-04  1.215E-04  1.122E-04  1.042E-04  9.383E-05  8.577E-05  7.759E-05  7.034E-05  6.269E-05  5.649E-05  5.051E-05  4.434E-05  3.897E-05  3.403E-05  2.956E-05  2.556E-05  2.165E-05  1.820E-05  1.536E-05  1.262E-05  1.039E-05  8.345E-06  6.772E-06  5.283E-06  4.084E-06  3.117E-06  2.339E-06  1.710E-06  1.205E-06  7.970E-07  4.742E-07  2.253E-07  8.255E-08  1.916E-08  2.788E-09  1.991E-10  6.019E-12  4.136E-14  1.283E-16  3.394E-19  2.534E-21  3.260E-23  3.289E-26  2.607E-30  3.473E-37  0.000E+00  0.000E+00  0.000E+00  0.000E+00  0.000E+00  0.000E+00  0.000E+00  0.000E+00  0.000E+00  0.000E+00  0.000E+00  0.000E+00  0.000E+00  0.000E+00  0.000E+00
  311.5000  2.067E-04  1.888E-04  1.732E-04  1.596E-04  1.479E-04  1.331E-04  1.215E-04  1.097E-04  9.935E-05  8.843E-05  7.961E-05  7.109E-05  6.241E-05  5.476E-05  4.779E-05  4.151E-05  3.588E-05  3.039E-05  2.556E-05  2.157E-05  1.774E-05  1.461E-05  1.175E-05  9.540E-06  7.451E-06  5.767E-06  4.409E-06  3.315E-06  2.433E-06  1.727E-06  1.158E-06  7.072E-07  3.523E-07  1.392E-07  3.641E-08  6.228E-09  5.557E-10  2.254E-11  2.351E-13  1.155E-15  4.525E-18  3.908E-20  4.812E-22  4.677E-25  3.334E-29  4.716E-36  0.000E+00  0.000E+00  0.000E+00  0.000E+00  0.000E+00  0.000E+00  0.000E+00  0.000E+00  0.000E+00  0.000E+00  0.000E+00  0.000E+00  0.000E+00  0.000E+00  0.000E+00
  312.5000  2.515E-04  2.288E-04  2.091E-04  1.921E-04  1.774E-04  1.590E-04  1.446E-04  1.303E-04  1.175E-04  1.043E-04  9.366E-05  8.343E-05  7.315E-05  6.401E-05  5.577E-05  4.838E-05  4.178E-05  3.539E-05  2.977E-05  2.513E-05  2.070E-05  1.706E-05  1.374E-05  1.117E-05  8.748E-06  6.788E-06  5.204E-06  3.928E-06  2.902E-06  2.083E-06  1.429E-06  9.100E-07  4.910E-07  2.208E-07  7.122E-08  1.626E-08  2.165E-09  1.487E-10  3.256E-12  3.601E-14  2.774E-16  2.996E-18  3.238E-20  2.708E-23  1.410E-27  1.851E-34  0.000E+00  0.000E+00  0.000E+00  0.000E+00  0.000E+00  0.000E+00  0.000E+00  0.000E+00  0.000E+00  0.000E+00  0.000E+00  0.000E+00  0.000E+00  0.000E+00  0.000E+00
  313.5000  3.024E-04  2.749E-04  2.510E-04  2.304E-04  2.125E-04  1.904E-04  1.730E-04  1.557E-04  1.404E-04  1.245E-04  1.117E-04  9.939E-05  8.733E-05  7.616E-05  6.633E-05  5.751E-05  4.966E-05  4.207E-05  3.538E-05  2.987E-05  2.461E-05  2.030E-05  1.636E-05  1.331E-05  1.043E-05  8.096E-06  6.213E-06  4.696E-06  3.476E-06  2.504E-06  1.730E-06  1.116E-06  6.158E-07  2.870E-07  9.775E-08  2.392E-08  3.486E-09  2.699E-10  7.000E-12  9.297E-14  8.387E-16  9.780E-18  1.075E-19  9.389E-23  5.160E-27  7.924E-34  0.000E+00  0.000E+00  0.000E+00  0.000E+00  0.000E+00  0.000E+00  0.000E+00  0.000E+00  0.000E+00  0.000E+00  0.000E+00  0.000E+00  0.000E+00  0.000E+00  0.000E+00
  314.5000  3.829E-04  3.466E-04  3.152E-04  2.880E-04  2.646E-04  2.361E-04  2.136E-04  1.915E-04  1.719E-04  1.519E-04  1.358E-04  1.205E-04  1.053E-04  9.176E-05  7.974E-05  6.900E-05  5.948E-05  5.035E-05  4.233E-05  3.572E-05  2.947E-05  2.432E-05  1.964E-05  1.599E-05  1.256E-05  9.781E-06  7.528E-06  5.710E-06  4.250E-06  3.089E-06  2.171E-06  1.446E-06  8.497E-07  4.391E-07  1.774E-07  5.504E-08  1.120E-08  1.353E-09  6.612E-11  1.760E-12  2.842E-14  4.035E-16  4.005E-18  3.115E-21  1.323E-25  1.944E-32  0.000E+00  0.000E+00  0.000E+00  0.000E+00  0.000E+00  0.000E+00  0.000E+00  0.000E+00  0.000E+00  0.000E+00  0.000E+00  0.000E+00  0.000E+00  0.000E+00  0.000E+00
  315.5000  4.144E-04  3.750E-04  3.408E-04  3.113E-04  2.858E-04  2.548E-04  2.304E-04  2.064E-04  1.853E-04  1.636E-04  1.461E-04  1.295E-04  1.131E-04  9.857E-05  8.560E-05  7.404E-05  6.381E-05  5.401E-05  4.539E-05  3.831E-05  3.161E-05  2.610E-05  2.108E-05  1.718E-05  1.350E-05  1.052E-05  8.104E-06  6.153E-06  4.586E-06  3.343E-06  2.360E-06  1.585E-06  9.452E-07  4.998E-07  2.089E-07  6.759E-08  1.448E-08  1.876E-09  1.010E-10  2.978E-12  5.263E-14  7.903E-16  8.111E-18  6.728E-21  3.148E-25  5.531E-32  0.000E+00  0.000E+00  0.000E+00  0.000E+00  0.000E+00  0.000E+00  0.000E+00  0.000E+00  0.000E+00  0.000E+00  0.000E+00  0.000E+00  0.000E+00  0.000E+00  0.000E+00
  316.5000  5.224E-04  4.707E-04  4.261E-04  3.875E-04  3.543E-04  3.146E-04  2.833E-04  2.527E-04  2.259E-04  1.986E-04  1.768E-04  1.561E-04  1.358E-04  1.180E-04  1.021E-04  8.811E-05  7.575E-05  6.403E-05  5.376E-05  4.533E-05  3.742E-05  3.090E-05  2.500E-05  2.039E-05  1.607E-05  1.255E-05  9.698E-06  7.388E-06  5.532E-06  4.060E-06  2.901E-06  1.994E-06  1.244E-06  7.093E-07  3.364E-07  1.301E-07  3.600E-08  6.558E-09  5.725E-10  2.860E-11  7.846E-13  1.375E-14  1.321E-16  1.023E-19  4.059E-24  7.186E-31  0.000E+00  0.000E+00  0.000E+00  0.000E+00  0.000E+00  0.000E+00  0.000E+00  0.000E+00  0.000E+00  0.000E+00  0.000E+00  0.000E+00  0.000E+00  0.000E+00  0.000E+00
  317.5000  7.397E-04  6.666E-04  6.035E-04  5.490E-04  5.021E-04  4.459E-04  4.016E-04  3.583E-04  3.202E-04  2.817E-04  2.507E-04  2.213E-04  1.926E-04  1.673E-04  1.449E-04  1.250E-04  1.074E-04  9.082E-05  7.625E-05  6.430E-05  5.309E-05  4.384E-05  3.548E-05  2.894E-05  2.281E-05  1.783E-05  1.377E-05  1.050E-05  7.863E-06  5.775E-06  4.134E-06  2.848E-06  1.783E-06  1.022E-06  4.873E-07  1.892E-07  5.237E-08  9.555E-09  8.348E-10  4.170E-11  1.153E-12  2.088E-14  2.124E-16  1.808E-19  8.341E-24  1.815E-30  0.000E+00  0.000E+00  0.000E+00  0.000E+00  0.000E+00  0.000E+00  0.000E+00  0.000E+00  0.000E+00  0.000E+00  0.000E+00  0.000E+00  0.000E+00  0.000E+00  0.000E+00
  318.5000  7.614E-04  6.835E-04  6.161E-04  5.581E-04  5.082E-04  4.492E-04  4.028E-04  3.577E-04  3.182E-04  2.786E-04  2.469E-04  2.169E-04  1.879E-04  1.625E-04  1.402E-04  1.205E-04  1.033E-04  8.711E-05  7.297E-05  6.144E-05  5.071E-05  4.187E-05  3.393E-05  2.770E-05  2.189E-05  1.715E-05  1.330E-05  1.017E-05  7.654E-06  5.657E-06  4.093E-06  2.874E-06  1.869E-06  1.141E-06  6.068E-07  2.755E-07  9.563E-08  2.372E-08  3.210E-09  2.585E-10  1.066E-11  2.226E-13  2.140E-15  1.721E-18  6.874E-23  1.521E-29  0.000E+00  0.000E+00  0.000E+00  0.000E+00  0.000E+00  0.000E+00  0.000E+00  0.000E+00  0.000E+00  0.000E+00  0.000E+00  0.000E+00  0.000E+00  0.000E+00  0.000E+00
  319.5000  9.866E-04  8.851E-04  7.974E-04  7.219E-04  6.570E-04  5.804E-04  5.200E-04  4.615E-04  4.102E-04  3.588E-04  3.177E-04  2.789E-04  2.414E-04  2.086E-04  1.798E-04  1.544E-04  1.323E-04  1.115E-04  9.333E-05  7.856E-05  6.483E-05  5.353E-05  4.339E-05  3.544E-05  2.802E-05  2.198E-05  1.705E-05  1.305E-05  9.837E-06  7.284E-06  5.285E-06  3.730E-06  2.449E-06  1.517E-06  8.262E-07  3.869E-07  1.400E-07  3.677E-08  5.391E-09  4.730E-10  2.108E-11  4.634E-13  4.611E-15  3.952E-18  1.733E-22  4.526E-29  0.000E+00  0.000E+00  0.000E+00  0.000E+00  0.000E+00  0.000E+00  0.000E+00  0.000E+00  0.000E+00  0.000E+00  0.000E+00  0.000E+00  0.000E+00  0.000E+00  0.000E+00
  320.5000  1.289E-03  1.156E-03  1.040E-03  9.406E-04  8.552E-04  7.546E-04  6.753E-04  5.986E-04  5.314E-04  4.642E-04  4.105E-04  3.599E-04  3.111E-04  2.685E-04  2.311E-04  1.983E-04  1.696E-04  1.429E-04  1.195E-04  1.005E-04  8.295E-05  6.848E-05  5.552E-05  4.535E-05  3.588E-05  2.817E-05  2.187E-05  1.677E-05  1.265E-05  9.383E-06  6.826E-06  4.840E-06  3.205E-06  2.014E-06  1.123E-06  5.453E-07  2.083E-07  5.884E-08  9.561E-09  9.398E-10  4.640E-11  1.081E-12  1.108E-14  1.003E-17  4.721E-22  1.426E-28  0.000E+00  0.000E+00  0.000E+00  0.000E+00  0.000E+00  0.000E+00  0.000E+00  0.000E+00  0.000E+00  0.000E+00  0.000E+00  0.000E+00  0.000E+00  0.000E+00  0.000E+00
  321.5000  1.550E-03  1.386E-03  1.245E-03  1.123E-03  1.018E-03  8.950E-04  7.980E-04  7.044E-04  6.226E-04  5.412E-04  4.764E-04  4.154E-04  3.571E-04  3.066E-04  2.624E-04  2.240E-04  1.907E-04  1.599E-04  1.332E-04  1.117E-04  9.195E-05  7.578E-05  6.144E-05  5.021E-05  3.981E-05  3.135E-05  2.444E-05  1.882E-05  1.428E-05  1.066E-05  7.832E-06  5.642E-06  3.851E-06  2.545E-06  1.550E-06  8.547E-07  3.943E-07  1.451E-07  3.440E-08  5.108E-09  3.568E-10  9.433E-12  9.215E-14  7.977E-17  3.340E-21  1.041E-27  8.408E-45  0.000E+00  0.000E+00  0.000E+00  0.000E+00  0.000E+00  0.000E+00  0.000E+00  0.000E+00  0.000E+00  0.000E+00  0.000E+00  0.000E+00  0.000E+00  0.000E+00
  322.5000  1.180E-03  1.057E-03  9.508E-04  8.593E-04  7.807E-04  6.883E-04  6.154E-04  5.450E-04  4.834E-04  4.218E-04  3.727E-04  3.264E-04  2.819E-04  2.430E-04  2.089E-04  1.790E-04  1.530E-04  1.288E-04  1.076E-04  9.050E-05  7.465E-05  6.162E-05  4.996E-05  4.083E-05  3.233E-05  2.540E-05  1.975E-05  1.516E-05  1.145E-05  8.513E-06  6.213E-06  4.429E-06  2.962E-06  1.890E-06  1.081E-06  5.427E-07  2.172E-07  6.553E-08  1.170E-08  1.279E-09  7.014E-11  1.784E-12  1.989E-14  2.078E-17  1.208E-21  5.098E-28  5.605E-45  0.000E+00  0.000E+00  0.000E+00  0.000E+00  0.000E+00  0.000E+00  0.000E+00  0.000E+00  0.000E+00  0.000E+00  0.000E+00  0.000E+00  0.000E+00  0.000E+00
  323.5000  1.919E-03  1.716E-03  1.541E-03  1.389E-03  1.259E-03  1.106E-03  9.846E-04  8.679E-04  7.658E-04  6.642E-04  5.836E-04  5.076E-04  4.352E-04  3.725E-04  3.179E-04  2.706E-04  2.297E-04  1.921E-04  1.596E-04  1.335E-04  1.097E-04  9.030E-05  7.317E-05  5.978E-05  4.744E-05  3.741E-05  2.923E-05  2.256E-05  1.717E-05  1.287E-05  9.496E-06  6.890E-06  4.764E-06  3.214E-06  2.030E-06  1.181E-06  5.923E-07  2.453E-07  6.909E-08  1.246E-08  1.043E-09  3.073E-11  3.191E-13  3.088E-16  1.496E-20  6.212E-27  8.408E-44  0.000E+00  0.000E+00  0.000E+00  0.000E+00  0.000E+00  0.000E+00  0.000E+00  0.000E+00  0.000E+00  0.000E+00  0.000E+00  0.000E+00  0.000E+00  0.000E+00
  324.5000  2.210E-03  1.976E-03  1.774E-03  1.600E-03  1.450E-03  1.274E-03  1.135E-03  1.001E-03  8.832E-04  7.663E-04  6.735E-04  5.861E-04  5.027E-04  4.305E-04  3.676E-04  3.130E-04  2.658E-04  2.224E-04  1.848E-04  1.547E-04  1.271E-04  1.047E-04  8.482E-05  6.932E-05  5.502E-05  4.339E-05  3.390E-05  2.616E-05  1.991E-05  1.492E-05  1.101E-05  7.994E-06  5.528E-06  3.729E-06  2.352E-06  1.364E-06  6.788E-07  2.783E-07  7.717E-08  1.370E-08  1.140E-09  3.447E-11  3.787E-13  4.010E-16  2.244E-20  1.125E-26  2.158E-43  0.000E+00  0.000E+00  0.000E+00  0.000E+00  0.000E+00  0.000E+00  0.000E+00  0.000E+00  0.000E+00  0.000E+00  0.000E+00  0.000E+00  0.000E+00  0.000E+00
  325.5000  2.309E-03  2.064E-03  1.853E-03  1.671E-03  1.515E-03  1.330E-03  1.185E-03  1.045E-03  9.231E-04  8.014E-04  7.047E-04  6.136E-04  5.267E-04  4.514E-04  3.858E-04  3.287E-04  2.794E-04  2.340E-04  1.946E-04  1.630E-04  1.340E-04  1.104E-04  8.949E-05  7.314E-05  5.804E-05  4.575E-05  3.572E-05  2.755E-05  2.095E-05  1.568E-05  1.156E-05  8.376E-06  5.772E-06  3.872E-06  2.417E-06  1.380E-06  6.702E-07  2.654E-07  7.001E-08  1.179E-08  9.494E-10  2.925E-11  3.435E-13  4.029E-16  2.651E-20  1.612E-26  4.190E-43  0.000E+00  0.000E+00  0.000E+00  0.000E+00  0.000E+00  0.000E+00  0.000E+00  0.000E+00  0.000E+00  0.000E+00  0.000E+00  0.000E+00  0.000E+00  0.000E+00
  326.5000  4.064E-03  3.639E-03  3.273E-03  2.957E-03  2.685E-03  2.357E-03  2.100E-03  1.851E-03  1.632E-03  1.413E-03  1.240E-03  1.076E-03  9.195E-04  7.843E-04  6.669E-04  5.653E-04  4.779E-04  3.982E-04  3.291E-04  2.743E-04  2.247E-04  1.844E-04  1.491E-04  1.218E-04  9.666E-05  7.635E-05  5.982E-05  4.635E-05  3.543E-05  2.670E-05  1.985E-05  1.455E-05  1.023E-05  7.080E-06  4.683E-06  2.916E-06  1.624E-06  7.846E-07  2.767E-07  6.449E-08  6.866E-09  2.351E-10  2.674E-12  3.053E-15  1.850E-19  1.173E-25  3.891E-42  0.000E+00  0.000E+00  0.000E+00  0.000E+00  0.000E+00  0.000E+00  0.000E+00  0.000E+00  0.000E+00  0.000E+00  0.000E+00  0.000E+00  0.000E+00  0.000E+00
  327.5000  3.328E-03  2.977E-03  2.675E-03  2.414E-03  2.189E-03  1.922E-03  1.712E-03  1.508E-03  1.330E-03  1.153E-03  1.012E-03  8.789E-04  7.521E-04  6.424E-04  5.472E-04  4.646E-04  3.935E-04  3.284E-04  2.720E-04  2.271E-04  1.863E-04  1.531E-04  1.240E-04  1.013E-04  8.041E-05  6.349E-05  4.970E-05  3.846E-05  2.935E-05  2.208E-05  1.637E-05  1.197E-05  8.369E-06  5.748E-06  3.743E-06  2.275E-06  1.217E-06  5.544E-07  1.792E-07  3.791E-08  3.752E-09  1.292E-10  1.585E-12  2.028E-15  1.486E-19  1.163E-25  5.336E-42  0.000E+00  0.000E+00  0.000E+00  0.000E+00  0.000E+00  0.000E+00  0.000E+00  0.000E+00  0.000E+00  0.000E+00  0.000E+00  0.000E+00  0.000E+00  0.000E+00
  328.5000  3.072E-03  2.748E-03  2.468E-03  2.227E-03  2.019E-03  1.772E-03  1.577E-03  1.389E-03  1.225E-03  1.061E-03  9.310E-04  8.084E-04  6.915E-04  5.904E-04  5.027E-04  4.267E-04  3.612E-04  3.014E-04  2.496E-04  2.083E-04  1.709E-04  1.404E-04  1.137E-04  9.285E-05  7.371E-05  5.820E-05  4.556E-05  3.526E-05  2.691E-05  2.025E-05  1.502E-05  1.097E-05  7.678E-06  5.276E-06  3.439E-06  2.094E-06  1.124E-06  5.154E-07  1.686E-07  3.640E-08  3.705E-09  1.322E-10  1.701E-12  2.348E-15  1.918E-19  1.752E-25  1.064E-41  0.000E+00  0.000E+00  0.000E+00  0.000E+00  0.000E+00  0.000E+00  0.000E+00  0.000E+00  0.000E+00  0.000E+00  0.000E+00  0.000E+00  0.000E+00  0.000E+00
  329.5000  5.434E-03  4.876E-03  4.395E-03  3.980E-03  3.622E-03  3.183E-03  2.841E-03  2.506E-03  2.212E-03  1.915E-03  1.681E-03  1.458E-03  1.244E-03  1.060E-03  8.993E-04  7.605E-04  6.415E-04  5.331E-04  4.391E-04  3.650E-04  2.983E-04  2.442E-04  1.972E-04  1.608E-04  1.276E-04  1.009E-04  7.914E-05  6.147E-05  4.713E-05  3.564E-05  2.661E-05  1.961E-05  1.391E-05  9.757E-06  6.605E-06  4.257E-06  2.507E-06  1.320E-06  5.291E-07  1.438E-07  1.792E-08  6.944E-10  8.822E-12  1.215E-14  9.624E-19  9.432E-25  7.380E-41  0.000E+00  0.000E+00  0.000E+00  0.000E+00  0.000E+00  0.000E+00  0.000E+00  0.000E+00  0.000E+00  0.000E+00  0.000E+00  0.000E+00  0.000E+00  0.000E+00
  330.5000  4.319E-03  3.869E-03  3.481E-03  3.146E-03  2.858E-03  2.509E-03  2.236E-03  1.970E-03  1.737E-03  1.504E-03  1.320E-03  1.145E-03  9.776E-04  8.332E-04  7.080E-04  5.996E-04  5.065E-04  4.216E-04  3.480E-04  2.898E-04  2.372E-04  1.945E-04  1.572E-04  1.283E-04  1.019E-04  8.049E-05  6.311E-05  4.896E-05  3.747E-05  2.828E-05  2.106E-05  1.548E-05  1.093E-05  7.612E-06  5.085E-06  3.211E-06  1.827E-06  9.129E-07  3.389E-07  8.462E-08  9.894E-09  3.864E-10  5.276E-12  8.096E-15  7.652E-19  9.130E-25  9.681E-41  0.000E+00  0.000E+00  0.000E+00  0.000E+00  0.000E+00  0.000E+00  0.000E+00  0.000E+00  0.000E+00  0.000E+00  0.000E+00  0.000E+00  0.000E+00  0.000E+00
  331.5000  4.149E-03  3.715E-03  3.340E-03  3.017E-03  2.739E-03  2.404E-03  2.142E-03  1.886E-03  1.663E-03  1.439E-03  1.263E-03  1.095E-03  9.352E-04  7.971E-04  6.773E-04  5.737E-04  4.846E-04  4.035E-04  3.331E-04  2.774E-04  2.271E-04  1.863E-04  1.506E-04  1.229E-04  9.758E-05  7.710E-05  6.044E-05  4.687E-05  3.586E-05  2.706E-05  2.015E-05  1.480E-05  1.044E-05  7.262E-06  4.839E-06  3.045E-06  1.723E-06  8.547E-07  3.142E-07  7.785E-08  9.135E-09  3.664E-10  5.267E-12  8.758E-15  9.347E-19  1.308E-24  1.830E-40  0.000E+00  0.000E+00  0.000E+00  0.000E+00  0.000E+00  0.000E+00  0.000E+00  0.000E+00  0.000E+00  0.000E+00  0.000E+00  0.000E+00  0.000E+00  0.000E+00
  332.5000  5.178E-03  4.650E-03  4.195E-03  3.804E-03  3.466E-03  3.048E-03  2.722E-03  2.402E-03  2.122E-03  1.837E-03  1.613E-03  1.399E-03  1.194E-03  1.016E-03  8.614E-04  7.279E-04  6.134E-04  5.091E-04  4.186E-04  3.476E-04  2.837E-04  2.320E-04  1.871E-04  1.525E-04  1.210E-04  9.561E-05  7.507E-05  5.837E-05  4.481E-05  3.395E-05  2.540E-05  1.877E-05  1.336E-05  9.423E-06  6.438E-06  4.206E-06  2.534E-06  1.383E-06  5.869E-07  1.717E-07  2.340E-08  1.003E-09  1.445E-11  2.443E-14  2.618E-18  3.997E-24  7.181E-40  0.000E+00  0.000E+00  0.000E+00  0.000E+00  0.000E+00  0.000E+00  0.000E+00  0.000E+00  0.000E+00  0.000E+00  0.000E+00  0.000E+00  0.000E+00  0.000E+00
  333.5000  4.381E-03  3.928E-03  3.538E-03  3.202E-03  2.912E-03  2.557E-03  2.281E-03  2.010E-03  1.774E-03  1.535E-03  1.347E-03  1.168E-03  9.963E-04  8.482E-04  7.198E-04  6.086E-04  5.133E-04  4.265E-04  3.513E-04  2.920E-04  2.386E-04  1.953E-04  1.577E-04  1.286E-04  1.021E-04  8.067E-05  6.331E-05  4.917E-05  3.770E-05  2.852E-05  2.130E-05  1.570E-05  1.114E-05  7.821E-06  5.296E-06  3.413E-06  2.008E-06  1.058E-06  4.254E-07  1.174E-07  1.535E-08  6.667E-10  1.023E-11  1.904E-14  2.379E-18  4.335E-24  1.032E-39  0.000E+00  0.000E+00  0.000E+00  0.000E+00  0.000E+00  0.000E+00  0.000E+00  0.000E+00  0.000E+00  0.000E+00  0.000E+00  0.000E+00  0.000E+00  0.000E+00
  334.5000  5.161E-03  4.630E-03  4.173E-03  3.779E-03  3.440E-03  3.022E-03  2.697E-03  2.378E-03  2.098E-03  1.816E-03  1.594E-03  1.382E-03  1.178E-03  1.003E-03  8.503E-04  7.185E-04  6.055E-04  5.027E-04  4.135E-04  3.435E-04  2.804E-04  2.293E-04  1.850E-04  1.509E-04  1.197E-04  9.457E-05  7.424E-05  5.770E-05  4.428E-05  3.353E-05  2.507E-05  1.851E-05  1.316E-05  9.265E-06  6.310E-06  4.102E-06  2.451E-06  1.322E-06  5.516E-07  1.592E-07  2.183E-08  9.852E-10  1.565E-11  3.085E-14  4.178E-18  8.667E-24  2.669E-39  0.000E+00  0.000E+00  0.000E+00  0.000E+00  0.000E+00  0.000E+00  0.000E+00  0.000E+00  0.000E+00  0.000E+00  0.000E+00  0.000E+00  0.000E+00  0.000E+00
  335.5000  5.898E-03  5.302E-03  4.788E-03  4.346E-03  3.965E-03  3.489E-03  3.119E-03  2.754E-03  2.434E-03  2.108E-03  1.852E-03  1.606E-03  1.370E-03  1.165E-03  9.875E-04  8.337E-04  7.019E-04  5.819E-04  4.777E-04  3.962E-04  3.229E-04  2.637E-04  2.124E-04  1.731E-04  1.372E-04  1.084E-04  8.517E-05  6.627E-05  5.094E-05  3.865E-05  2.897E-05  2.146E-05  1.532E-05  1.085E-05  7.473E-06  4.939E-06  3.035E-06  1.711E-06  7.634E-07  2.389E-07  3.538E-08  1.671E-09  2.716E-11  5.586E-14  7.994E-18  1.861E-23  7.389E-39  0.000E+00  0.000E+00  0.000E+00  0.000E+00  0.000E+00  0.000E+00  0.000E+00  0.000E+00  0.000E+00  0.000E+00  0.000E+00  0.000E+00  0.000E+00  0.000E+00
  336.5000  4.449E-03  3.997E-03  3.607E-03  3.271E-03  2.982E-03  2.622E-03  2.342E-03  2.067E-03  1.826E-03  1.580E-03  1.388E-03  1.203E-03  1.026E-03  8.727E-04  7.396E-04  6.244E-04  5.257E-04  4.360E-04  3.580E-04  2.970E-04  2.421E-04  1.978E-04  1.594E-04  1.299E-04  1.030E-04  8.137E-05  6.391E-05  4.971E-05  3.820E-05  2.897E-05  2.170E-05  1.607E-05  1.146E-05  8.110E-06  5.572E-06  3.669E-06  2.241E-06  1.252E-06  5.515E-07  1.705E-07  2.521E-08  1.218E-09  2.080E-11  4.616E-14  7.423E-18  2.008E-23  1.035E-38  0.000E+00  0.000E+00  0.000E+00  0.000E+00  0.000E+00  0.000E+00  0.000E+00  0.000E+00  0.000E+00  0.000E+00  0.000E+00  0.000E+00  0.000E+00  0.000E+00
  337.5000  4.489E-03  4.027E-03  3.628E-03  3.285E-03  2.989E-03  2.625E-03  2.342E-03  2.065E-03  1.821E-03  1.576E-03  1.383E-03  1.198E-03  1.022E-03  8.689E-04  7.366E-04  6.222E-04  5.242E-04  4.350E-04  3.577E-04  2.970E-04  2.423E-04  1.981E-04  1.598E-04  1.303E-04  1.033E-04  8.165E-05  6.410E-05  4.983E-05  3.825E-05  2.898E-05  2.168E-05  1.602E-05  1.140E-05  8.038E-06  5.486E-06  3.577E-06  2.148E-06  1.169E-06  4.949E-07  1.466E-07  2.106E-08  1.034E-09  1.867E-11  4.518E-14  8.325E-18  2.645E-23  1.775E-38  0.000E+00  0.000E+00  0.000E+00  0.000E+00  0.000E+00  0.000E+00  0.000E+00  0.000E+00  0.000E+00  0.000E+00  0.000E+00  0.000E+00  0.000E+00  0.000E+00
  338.5000  5.380E-03  4.835E-03  4.366E-03  3.963E-03  3.615E-03  3.180E-03  2.843E-03  2.509E-03  2.217E-03  1.920E-03  1.686E-03  1.462E-03  1.246E-03  1.059E-03  8.975E-04  7.574E-04  6.373E-04  5.280E-04  4.332E-04  3.591E-04  2.924E-04  2.387E-04  1.922E-04  1.566E-04  1.240E-04  9.801E-05  7.699E-05  5.992E-05  4.608E-05  3.498E-05  2.624E-05  1.945E-05  1.390E-05  9.859E-06  6.804E-06  4.511E-06  2.789E-06  1.589E-06  7.224E-07  2.331E-07  3.637E-08  1.869E-09  3.446E-11  8.658E-14  1.669E-17  5.887E-23  5.016E-38  0.000E+00  0.000E+00  0.000E+00  0.000E+00  0.000E+00  0.000E+00  0.000E+00  0.000E+00  0.000E+00  0.000E+00  0.000E+00  0.000E+00  0.000E+00  0.000E+00
  339.5000  5.951E-03  5.350E-03  4.833E-03  4.387E-03  4.004E-03  3.522E-03  3.149E-03  2.780E-03  2.457E-03  2.127E-03  1.869E-03  1.620E-03  1.381E-03  1.174E-03  9.940E-04  8.386E-04  7.054E-04  5.842E-04  4.790E-04  3.969E-04  3.231E-04  2.636E-04  2.122E-04  1.728E-04  1.369E-04  1.081E-04  8.496E-05  6.614E-05  5.087E-05  3.864E-05  2.899E-05  2.150E-05  1.538E-05  1.092E-05  7.550E-06  5.020E-06  3.119E-06  1.793E-06  8.261E-07  2.719E-07  4.350E-08  2.304E-09  4.411E-11  1.179E-13  2.485E-17  9.973E-23  1.085E-37  0.000E+00  0.000E+00  0.000E+00  0.000E+00  0.000E+00  0.000E+00  0.000E+00  0.000E+00  0.000E+00  0.000E+00  0.000E+00  0.000E+00  0.000E+00  0.000E+00
  340.5000  6.069E-03  5.451E-03  4.919E-03  4.460E-03  4.066E-03  3.574E-03  3.192E-03  2.816E-03  2.487E-03  2.152E-03  1.889E-03  1.637E-03  1.395E-03  1.186E-03  1.004E-03  8.473E-04  7.129E-04  5.906E-04  4.846E-04  4.017E-04  3.271E-04  2.670E-04  2.150E-04  1.752E-04  1.388E-04  1.097E-04  8.613E-05  6.703E-05  5.153E-05  3.912E-05  2.933E-05  2.174E-05  1.553E-05  1.101E-05  7.588E-06  5.022E-06  3.096E-06  1.757E-06  7.944E-07  2.562E-07  4.061E-08  2.193E-09  4.407E-11  1.269E-13  3.004E-17  1.394E-22  1.949E-37  0.000E+00  0.000E+00  0.000E+00  0.000E+00  0.000E+00  0.000E+00  0.000E+00  0.000E+00  0.000E+00  0.000E+00  0.000E+00  0.000E+00  0.000E+00  0.000E+00
  341.5000  5.765E-03  5.184E-03  4.683E-03  4.253E-03  3.883E-03  3.416E-03  3.055E-03  2.698E-03  2.384E-03  2.064E-03  1.814E-03  1.572E-03  1.340E-03  1.139E-03  9.640E-04  8.130E-04  6.836E-04  5.659E-04  4.637E-04  3.840E-04  3.124E-04  2.548E-04  2.050E-04  1.669E-04  1.321E-04  1.044E-04  8.201E-05  6.386E-05  4.914E-05  3.734E-05  2.804E-05  2.082E-05  1.491E-05  1.060E-05  7.346E-06  4.902E-06  3.066E-06  1.781E-06  8.359E-07  2.825E-07  4.698E-08  2.629E-09  5.437E-11  1.644E-13  4.163E-17  2.167E-22  3.836E-37  0.000E+00  0.000E+00  0.000E+00  0.000E+00  0.000E+00  0.000E+00  0.000E+00  0.000E+00  0.000E+00  0.000E+00  0.000E+00  0.000E+00  0.000E+00  0.000E+00
  342.5000  6.467E-03  5.816E-03  5.256E-03  4.774E-03  4.359E-03  3.835E-03  3.430E-03  3.030E-03  2.678E-03  2.318E-03  2.037E-03  1.766E-03  1.505E-03  1.279E-03  1.082E-03  9.125E-04  7.671E-04  6.349E-04  5.199E-04  4.305E-04  3.501E-04  2.854E-04  2.295E-04  1.868E-04  1.479E-04  1.168E-04  9.179E-05  7.148E-05  5.502E-05  4.182E-05  3.141E-05  2.333E-05  1.672E-05  1.190E-05  8.257E-06  5.521E-06  3.466E-06  2.027E-06  9.611E-07  3.298E-07  5.605E-08  3.226E-09  6.923E-11  2.221E-13  6.141E-17  3.622E-22  8.113E-37  0.000E+00  0.000E+00  0.000E+00  0.000E+00  0.000E+00  0.000E+00  0.000E+00  0.000E+00  0.000E+00  0.000E+00  0.000E+00  0.000E+00  0.000E+00  0.000E+00
  343.5000  6.564E-03  5.900E-03  5.329E-03  4.837E-03  4.413E-03  3.881E-03  3.470E-03  3.063E-03  2.706E-03  2.342E-03  2.057E-03  1.782E-03  1.518E-03  1.290E-03  1.092E-03  9.204E-04  7.736E-04  6.403E-04  5.245E-04  4.343E-04  3.532E-04  2.880E-04  2.316E-04  1.886E-04  1.493E-04  1.179E-04  9.263E-05  7.213E-05  5.551E-05  4.218E-05  3.168E-05  2.352E-05  1.685E-05  1.198E-05  8.306E-06  5.544E-06  3.470E-06  2.020E-06  9.519E-07  3.252E-07  5.547E-08  3.265E-09  7.311E-11  2.506E-13  7.661E-17  5.157E-22  1.463E-36  0.000E+00  0.000E+00  0.000E+00  0.000E+00  0.000E+00  0.000E+00  0.000E+00  0.000E+00  0.000E+00  0.000E+00  0.000E+00  0.000E+00  0.000E+00  0.000E+00
  344.5000  4.485E-03  4.029E-03  3.636E-03  3.298E-03  3.008E-03  2.644E-03  2.362E-03  2.084E-03  1.840E-03  1.592E-03  1.398E-03  1.211E-03  1.031E-03  8.760E-04  7.413E-04  6.249E-04  5.253E-04  4.348E-04  3.562E-04  2.950E-04  2.400E-04  1.957E-04  1.574E-04  1.282E-04  1.015E-04  8.016E-05  6.297E-05  4.903E-05  3.772E-05  2.866E-05  2.151E-05  1.597E-05  1.143E-05  8.123E-06  5.624E-06  3.747E-06  2.337E-06  1.353E-06  6.326E-07  2.146E-07  3.666E-08  2.205E-09  5.149E-11  1.885E-13  6.374E-17  4.894E-22  1.758E-36  0.000E+00  0.000E+00  0.000E+00  0.000E+00  0.000E+00  0.000E+00  0.000E+00  0.000E+00  0.000E+00  0.000E+00  0.000E+00  0.000E+00  0.000E+00  0.000E+00
  345.5000  6.570E-03  5.909E-03  5.341E-03  4.852E-03  4.431E-03  3.899E-03  3.488E-03  3.080E-03  2.723E-03  2.357E-03  2.071E-03  1.795E-03  1.529E-03  1.299E-03  1.099E-03  9.260E-04  7.780E-04  6.435E-04  5.265E-04  4.356E-04  3.540E-04  2.884E-04  2.317E-04  1.885E-04  1.492E-04  1.178E-04  9.256E-05  7.210E-05  5.552E-05  4.223E-05  3.175E-05  2.360E-05  1.693E-05  1.207E-05  8.400E-06  5.639E-06  3.564E-06  2.110E-06  1.022E-06  3.623E-07  6.481E-08  4.031E-09  9.670E-11  3.706E-13  1.334E-16  1.139E-21  5.091E-36  0.000E+00  0.000E+00  0.000E+00  0.000E+00  0.000E+00  0.000E+00  0.000E+00  0.000E+00  0.000E+00  0.000E+00  0.000E+00  0.000E+00  0.000E+00  0.000E+00
  346.5000  5.901E-03  5.303E-03  4.788E-03  4.345E-03  3.964E-03  3.485E-03  3.114E-03  2.748E-03  2.427E-03  2.100E-03  1.844E-03  1.598E-03  1.360E-03  1.155E-03  9.773E-04  8.235E-04  6.919E-04  5.724E-04  4.686E-04  3.878E-04  3.152E-04  2.569E-04  2.066E-04  1.681E-04  1.330E-04  1.051E-04  8.254E-05  6.428E-05  4.948E-05  3.762E-05  2.826E-05  2.100E-05  1.505E-05  1.071E-05  7.438E-06  4.974E-06  3.125E-06  1.832E-06  8.746E-07  3.058E-07  5.444E-08  3.452E-09  8.648E-11  3.545E-13  1.414E-16  1.378E-21  7.792E-36  0.000E+00  0.000E+00  0.000E+00  0.000E+00  0.000E+00  0.000E+00  0.000E+00  0.000E+00  0.000E+00  0.000E+00  0.000E+00  0.000E+00  0.000E+00  0.000E+00
  347.5000  5.794E-03  5.207E-03  4.702E-03  4.267E-03  3.893E-03  3.422E-03  3.058E-03  2.699E-03  2.383E-03  2.062E-03  1.810E-03  1.568E-03  1.335E-03  1.134E-03  9.589E-04  8.079E-04  6.786E-04  5.613E-04  4.593E-04  3.800E-04  3.089E-04  2.516E-04  2.023E-04  1.646E-04  1.302E-04  1.029E-04  8.080E-05  6.292E-05  4.844E-05  3.684E-05  2.768E-05  2.057E-05  1.475E-05  1.050E-05  7.299E-06  4.887E-06  3.078E-06  1.811E-06  8.703E-07  3.075E-07  5.564E-08  3.618E-09  9.392E-11  4.075E-13  1.768E-16  1.938E-21  1.368E-35  0.000E+00  0.000E+00  0.000E+00  0.000E+00  0.000E+00  0.000E+00  0.000E+00  0.000E+00  0.000E+00  0.000E+00  0.000E+00  0.000E+00  0.000E+00  0.000E+00
  348.5000  6.464E-03  5.810E-03  5.248E-03  4.763E-03  4.347E-03  3.822E-03  3.416E-03  3.015E-03  2.663E-03  2.304E-03  2.023E-03  1.753E-03  1.492E-03  1.267E-03  1.071E-03  9.023E-04  7.577E-04  6.265E-04  5.125E-04  4.239E-04  3.444E-04  2.805E-04  2.254E-04  1.833E-04  1.450E-04  1.145E-04  8.996E-05  7.007E-05  5.396E-05  4.104E-05  3.086E-05  2.294E-05  1.646E-05  1.173E-05  8.164E-06  5.478E-06  3.463E-06  2.051E-06  9.965E-07  3.576E-07  6.607E-08  4.408E-09  1.183E-10  5.418E-13  2.544E-16  3.125E-21  2.742E-35  0.000E+00  0.000E+00  0.000E+00  0.000E+00  0.000E+00  0.000E+00  0.000E+00  0.000E+00  0.000E+00  0.000E+00  0.000E+00  0.000E+00  0.000E+00  0.000E+00
  349.5000  5.407E-03  4.860E-03  4.389E-03  3.983E-03  3.634E-03  3.195E-03  2.855E-03  2.520E-03  2.225E-03  1.925E-03  1.690E-03  1.464E-03  1.246E-03  1.058E-03  8.942E-04  7.531E-04  6.323E-04  5.227E-04  4.275E-04  3.535E-04  2.871E-04  2.338E-04  1.879E-04  1.528E-04  1.209E-04  9.543E-05  7.496E-05  5.839E-05  4.497E-05  3.421E-05  2.572E-05  1.912E-05  1.372E-05  9.782E-06  6.810E-06  4.571E-06  2.893E-06  1.716E-06  8.367E-07  3.022E-07  5.657E-08  3.863E-09  1.075E-10  5.207E-13  2.659E-16  3.667E-21  3.996E-35  0.000E+00  0.000E+00  0.000E+00  0.000E+00  0.000E+00  0.000E+00  0.000E+00  0.000E+00  0.000E+00  0.000E+00  0.000E+00  0.000E+00  0.000E+00  0.000E+00
  350.5000  7.598E-03  6.829E-03  6.167E-03  5.597E-03  5.107E-03  4.489E-03  4.012E-03  3.540E-03  3.126E-03  2.704E-03  2.374E-03  2.056E-03  1.750E-03  1.485E-03  1.255E-03  1.057E-03  8.873E-04  7.333E-04  5.996E-04  4.957E-04  4.025E-04  3.277E-04  2.632E-04  2.140E-04  1.693E-04  1.337E-04  1.050E-04  8.179E-05  6.299E-05  4.793E-05  3.604E-05  2.681E-05  1.924E-05  1.372E-05  9.558E-06  6.423E-06  4.072E-06  2.423E-06  1.188E-06  4.332E-07  8.233E-08  5.758E-09  1.658E-10  8.481E-13  4.695E-16  7.248E-21  9.778E-35  0.000E+00  0.000E+00  0.000E+00  0.000E+00  0.000E+00  0.000E+00  0.000E+00  0.000E+00  0.000E+00  0.000E+00  0.000E+00  0.000E+00  0.000E+00  0.000E+00
  351.5000  6.513E-03  5.852E-03  5.284E-03  4.794E-03  4.373E-03  3.844E-03  3.434E-03  3.030E-03  2.675E-03  2.313E-03  2.030E-03  1.758E-03  1.496E-03  1.269E-03  1.073E-03  9.032E-04  7.581E-04  6.264E-04  5.121E-04  4.233E-04  3.437E-04  2.798E-04  2.247E-04  1.827E-04  1.445E-04  1.141E-04  8.961E-05  6.980E-05  5.376E-05  4.090E-05  3.076E-05  2.288E-05  1.643E-05  1.171E-05  8.160E-06  5.483E-06  3.477E-06  2.071E-06  1.017E-06  3.725E-07  7.157E-08  5.119E-09  1.526E-10  8.256E-13  4.965E-16  8.583E-21  1.430E-34  0.000E+00  0.000E+00  0.000E+00  0.000E+00  0.000E+00  0.000E+00  0.000E+00  0.000E+00  0.000E+00  0.000E+00  0.000E+00  0.000E+00  0.000E+00  0.000E+00
  352.5000  5.903E-03  5.305E-03  4.790E-03  4.346E-03  3.965E-03  3.484E-03  3.113E-03  2.746E-03  2.425E-03  2.097E-03  1.840E-03  1.593E-03  1.356E-03  1.150E-03  9.718E-04  8.180E-04  6.864E-04  5.671E-04  4.634E-04  3.830E-04  3.109E-04  2.530E-04  2.032E-04  1.652E-04  1.306E-04  1.031E-04  8.098E-05  6.308E-05  4.859E-05  3.698E-05  2.781E-05  2.069E-05  1.486E-05  1.060E-05  7.391E-06  4.972E-06  3.159E-06  1.888E-06  9.331E-07  3.451E-07  6.734E-08  4.929E-09  1.519E-10  8.662E-13  5.630E-16  1.086E-20  2.228E-34  0.000E+00  0.000E+00  0.000E+00  0.000E+00  0.000E+00  0.000E+00  0.000E+00  0.000E+00  0.000E+00  0.000E+00  0.000E+00  0.000E+00  0.000E+00  0.000E+00
  353.5000  7.162E-03  6.437E-03  5.812E-03  5.274E-03  4.812E-03  4.229E-03  3.779E-03  3.334E-03  2.943E-03  2.545E-03  2.234E-03  1.934E-03  1.645E-03  1.396E-03  1.179E-03  9.923E-04  8.325E-04  6.876E-04  5.617E-04  4.641E-04  3.766E-04  3.064E-04  2.460E-04  1.999E-04  1.581E-04  1.247E-04  9.799E-05  7.633E-05  5.881E-05  4.476E-05  3.368E-05  2.507E-05  1.801E-05  1.285E-05  8.969E-06  6.041E-06  3.848E-06  2.310E-06  1.150E-06  4.298E-07  8.526E-08  6.389E-09  2.034E-10  1.221E-12  8.557E-16  1.837E-20  4.626E-34  0.000E+00  0.000E+00  0.000E+00  0.000E+00  0.000E+00  0.000E+00  0.000E+00  0.000E+00  0.000E+00  0.000E+00  0.000E+00  0.000E+00  0.000E+00  0.000E+00
  354.5000  7.802E-03  7.012E-03  6.332E-03  5.747E-03  5.243E-03  4.608E-03  4.118E-03  3.633E-03  3.207E-03  2.773E-03  2.434E-03  2.107E-03  1.792E-03  1.520E-03  1.284E-03  1.081E-03  9.064E-04  7.485E-04  6.112E-04  5.049E-04  4.096E-04  3.331E-04  2.674E-04  2.173E-04  1.717E-04  1.355E-04  1.064E-04  8.293E-05  6.390E-05  4.864E-05  3.661E-05  2.726E-05  1.959E-05  1.399E-05  9.769E-06  6.587E-06  4.205E-06  2.534E-06  1.269E-06  4.794E-07  9.661E-08  7.406E-09  2.434E-10  1.537E-12  1.161E-15  2.771E-20  8.547E-34  0.000E+00  0.000E+00  0.000E+00  0.000E+00  0.000E+00  0.000E+00  0.000E+00  0.000E+00  0.000E+00  0.000E+00  0.000E+00  0.000E+00  0.000E+00  0.000E+00
  355.5000  7.297E-03  6.558E-03  5.921E-03  5.374E-03  4.903E-03  4.308E-03  3.849E-03  3.396E-03  2.998E-03  2.592E-03  2.275E-03  1.969E-03  1.674E-03  1.420E-03  1.199E-03  1.009E-03  8.461E-04  6.985E-04  5.703E-04  4.710E-04  3.820E-04  3.106E-04  2.493E-04  2.025E-04  1.601E-04  1.263E-04  9.920E-05  7.729E-05  5.955E-05  4.534E-05  3.413E-05  2.541E-05  1.827E-05  1.305E-05  9.117E-06  6.151E-06  3.932E-06  2.374E-06  1.194E-06  4.543E-07  9.274E-08  7.266E-09  2.466E-10  1.639E-12  1.337E-15  3.544E-20  1.336E-33  0.000E+00  0.000E+00  0.000E+00  0.000E+00  0.000E+00  0.000E+00  0.000E+00  0.000E+00  0.000E+00  0.000E+00  0.000E+00  0.000E+00  0.000E+00  0.000E+00
  356.5000  6.770E-03  6.084E-03  5.493E-03  4.984E-03  4.547E-03  3.995E-03  3.569E-03  3.148E-03  2.779E-03  2.402E-03  2.108E-03  1.824E-03  1.551E-03  1.315E-03  1.111E-03  9.342E-04  7.833E-04  6.466E-04  5.278E-04  4.358E-04  3.534E-04  2.873E-04  2.305E-04  1.872E-04  1.480E-04  1.167E-04  9.169E-05  7.143E-05  5.505E-05  4.192E-05  3.156E-05  2.350E-05  1.690E-05  1.207E-05  8.436E-06  5.695E-06  3.644E-06  2.205E-06  1.113E-06  4.261E-07  8.806E-08  7.049E-09  2.470E-10  1.728E-12  1.518E-15  4.469E-20  2.053E-33  0.000E+00  0.000E+00  0.000E+00  0.000E+00  0.000E+00  0.000E+00  0.000E+00  0.000E+00  0.000E+00  0.000E+00  0.000E+00  0.000E+00  0.000E+00  0.000E+00
  357.5000  5.750E-03  5.167E-03  4.664E-03  4.232E-03  3.860E-03  3.391E-03  3.029E-03  2.671E-03  2.358E-03  2.038E-03  1.788E-03  1.547E-03  1.315E-03  1.115E-03  9.416E-04  7.917E-04  6.637E-04  5.478E-04  4.470E-04  3.690E-04  2.992E-04  2.432E-04  1.951E-04  1.585E-04  1.252E-04  9.878E-05  7.758E-05  6.044E-05  4.658E-05  3.547E-05  2.670E-05  1.989E-05  1.430E-05  1.022E-05  7.145E-06  4.825E-06  3.090E-06  1.873E-06  9.482E-07  3.653E-07  7.638E-08  6.243E-09  2.258E-10  1.661E-12  1.573E-15  5.129E-20  2.867E-33  0.000E+00  0.000E+00  0.000E+00  0.000E+00  0.000E+00  0.000E+00  0.000E+00  0.000E+00  0.000E+00  0.000E+00  0.000E+00  0.000E+00  0.000E+00  0.000E+00
  358.5000  4.453E-03  4.001E-03  3.612E-03  3.277E-03  2.989E-03  2.626E-03  2.345E-03  2.068E-03  1.825E-03  1.577E-03  1.384E-03  1.197E-03  1.018E-03  8.629E-04  7.284E-04  6.124E-04  5.133E-04  4.235E-04  3.455E-04  2.852E-04  2.312E-04  1.879E-04  1.507E-04  1.223E-04  9.665E-05  7.625E-05  5.988E-05  4.665E-05  3.595E-05  2.738E-05  2.062E-05  1.536E-05  1.105E-05  7.898E-06  5.525E-06  3.734E-06  2.395E-06  1.455E-06  7.406E-07  2.876E-07  6.096E-08  5.090E-09  1.899E-10  1.466E-12  1.491E-15  5.378E-20  3.646E-33  0.000E+00  0.000E+00  0.000E+00  0.000E+00  0.000E+00  0.000E+00  0.000E+00  0.000E+00  0.000E+00  0.000E+00  0.000E+00  0.000E+00  0.000E+00  0.000E+00
  359.5000  7.495E-03  6.734E-03  6.078E-03  5.514E-03  5.029E-03  4.418E-03  3.945E-03  3.479E-03  3.070E-03  2.653E-03  2.327E-03  2.013E-03  1.711E-03  1.450E-03  1.224E-03  1.029E-03  8.622E-04  7.113E-04  5.802E-04  4.787E-04  3.880E-04  3.152E-04  2.528E-04  2.052E-04  1.621E-04  1.279E-04  1.004E-04  7.823E-05  6.030E-05  4.593E-05  3.459E-05  2.577E-05  1.854E-05  1.326E-05  9.277E-06  6.273E-06  4.028E-06  2.452E-06  1.252E-06  4.895E-07  1.050E-07  8.949E-09  3.441E-10  2.789E-12  3.049E-15  1.215E-19  9.969E-33  0.000E+00  0.000E+00  0.000E+00  0.000E+00  0.000E+00  0.000E+00  0.000E+00  0.000E+00  0.000E+00  0.000E+00  0.000E+00  0.000E+00  0.000E+00  0.000E+00
  360.5000  6.951E-03  6.245E-03  5.637E-03  5.113E-03  4.663E-03  4.096E-03  3.657E-03  3.225E-03  2.845E-03  2.458E-03  2.156E-03  1.865E-03  1.585E-03  1.343E-03  1.133E-03  9.525E-04  7.981E-04  6.582E-04  5.368E-04  4.428E-04  3.588E-04  2.915E-04  2.337E-04  1.897E-04  1.498E-04  1.182E-04  9.279E-05  7.229E-05  5.572E-05  4.245E-05  3.197E-05  2.383E-05  1.715E-05  1.226E-05  8.583E-06  5.807E-06  3.733E-06  2.277E-06  1.167E-06  4.592E-07  9.968E-08  8.671E-09  3.437E-10  2.921E-12  3.427E-15  1.507E-19  1.493E-32  0.000E+00  0.000E+00  0.000E+00  0.000E+00  0.000E+00  0.000E+00  0.000E+00  0.000E+00  0.000E+00  0.000E+00  0.000E+00  0.000E+00  0.000E+00  0.000E+00
  361.5000  6.282E-03  5.644E-03  5.094E-03  4.620E-03  4.213E-03  3.701E-03  3.304E-03  2.913E-03  2.570E-03  2.220E-03  1.948E-03  1.684E-03  1.431E-03  1.212E-03  1.023E-03  8.597E-04  7.201E-04  5.938E-04  4.841E-04  3.993E-04  3.235E-04  2.627E-04  2.106E-04  1.709E-04  1.350E-04  1.064E-04  8.357E-05  6.511E-05  5.019E-05  3.824E-05  2.881E-05  2.147E-05  1.546E-05  1.105E-05  7.743E-06  5.242E-06  3.374E-06  2.063E-06  1.062E-06  4.210E-07  9.253E-08  8.215E-09  3.353E-10  2.987E-12  3.755E-15  1.818E-19  2.169E-32  0.000E+00  0.000E+00  0.000E+00  0.000E+00  0.000E+00  0.000E+00  0.000E+00  0.000E+00  0.000E+00  0.000E+00  0.000E+00  0.000E+00  0.000E+00  0.000E+00
  362.5000  7.388E-03  6.638E-03  5.990E-03  5.433E-03  4.954E-03  4.351E-03  3.885E-03  3.424E-03  3.021E-03  2.609E-03  2.288E-03  1.979E-03  1.681E-03  1.424E-03  1.202E-03  1.009E-03  8.454E-04  6.970E-04  5.681E-04  4.685E-04  3.794E-04  3.081E-04  2.469E-04  2.003E-04  1.582E-04  1.247E-04  9.794E-05  7.630E-05  5.882E-05  4.482E-05  3.377E-05  2.518E-05  1.812E-05  1.297E-05  9.087E-06  6.156E-06  3.967E-06  2.431E-06  1.256E-06  5.012E-07  1.115E-07  1.010E-08  4.244E-10  3.959E-12  5.329E-15  2.838E-19  4.070E-32  0.000E+00  0.000E+00  0.000E+00  0.000E+00  0.000E+00  0.000E+00  0.000E+00  0.000E+00  0.000E+00  0.000E+00  0.000E+00  0.000E+00  0.000E+00  0.000E+00
  363.5000  6.576E-03  5.908E-03  5.331E-03  4.835E-03  4.409E-03  3.871E-03  3.456E-03  3.046E-03  2.687E-03  2.321E-03  2.035E-03  1.760E-03  1.495E-03  1.266E-03  1.068E-03  8.970E-04  7.511E-04  6.191E-04  5.045E-04  4.159E-04  3.368E-04  2.734E-04  2.190E-04  1.777E-04  1.403E-04  1.106E-04  8.686E-05  6.767E-05  5.217E-05  3.975E-05  2.996E-05  2.234E-05  1.608E-05  1.151E-05  8.069E-06  5.469E-06  3.528E-06  2.166E-06  1.123E-06  4.510E-07  1.015E-07  9.373E-09  4.055E-10  3.960E-12  5.703E-15  3.337E-19  5.740E-32  0.000E+00  0.000E+00  0.000E+00  0.000E+00  0.000E+00  0.000E+00  0.000E+00  0.000E+00  0.000E+00  0.000E+00  0.000E+00  0.000E+00  0.000E+00  0.000E+00
  364.5000  7.171E-03  6.442E-03  5.813E-03  5.271E-03  4.805E-03  4.219E-03  3.766E-03  3.319E-03  2.928E-03  2.528E-03  2.217E-03  1.916E-03  1.628E-03  1.378E-03  1.162E-03  9.762E-04  8.172E-04  6.735E-04  5.487E-04  4.523E-04  3.662E-04  2.972E-04  2.381E-04  1.931E-04  1.524E-04  1.202E-04  9.435E-05  7.351E-05  5.667E-05  4.319E-05  3.255E-05  2.427E-05  1.748E-05  1.251E-05  8.774E-06  5.949E-06  3.841E-06  2.362E-06  1.228E-06  4.961E-07  1.129E-07  1.063E-08  4.730E-10  4.834E-12  7.446E-15  4.782E-19  9.842E-32  0.000E+00  0.000E+00  0.000E+00  0.000E+00  0.000E+00  0.000E+00  0.000E+00  0.000E+00  0.000E+00  0.000E+00  0.000E+00  0.000E+00  0.000E+00  0.000E+00
  365.5000  8.731E-03  7.842E-03  7.075E-03  6.415E-03  5.848E-03  5.134E-03  4.582E-03  4.038E-03  3.560E-03  3.074E-03  2.695E-03  2.330E-03  1.978E-03  1.675E-03  1.412E-03  1.186E-03  9.926E-04  8.179E-04  6.662E-04  5.490E-04  4.444E-04  3.606E-04  2.888E-04  2.343E-04  1.849E-04  1.458E-04  1.144E-04  8.914E-05  6.872E-05  5.238E-05  3.948E-05  2.944E-05  2.121E-05  1.518E-05  1.065E-05  7.224E-06  4.668E-06  2.874E-06  1.499E-06  6.087E-07  1.400E-07  1.343E-08  6.149E-10  6.572E-12  1.082E-14  7.615E-19  1.872E-31  0.000E+00  0.000E+00  0.000E+00  0.000E+00  0.000E+00  0.000E+00  0.000E+00  0.000E+00  0.000E+00  0.000E+00  0.000E+00  0.000E+00  0.000E+00  0.000E+00
  366.5000  9.252E-03  8.311E-03  7.497E-03  6.797E-03  6.196E-03  5.439E-03  4.854E-03  4.277E-03  3.771E-03  3.256E-03  2.854E-03  2.467E-03  2.094E-03  1.773E-03  1.495E-03  1.255E-03  1.050E-03  8.650E-04  7.044E-04  5.803E-04  4.697E-04  3.810E-04  3.051E-04  2.474E-04  1.953E-04  1.539E-04  1.208E-04  9.413E-05  7.257E-05  5.531E-05  4.170E-05  3.110E-05  2.241E-05  1.604E-05  1.126E-05  7.641E-06  4.943E-06  3.049E-06  1.596E-06  6.522E-07  1.517E-07  1.483E-08  6.981E-10  7.796E-12  1.369E-14  1.055E-18  3.089E-31  0.000E+00  0.000E+00  0.000E+00  0.000E+00  0.000E+00  0.000E+00  0.000E+00  0.000E+00  0.000E+00  0.000E+00  0.000E+00  0.000E+00  0.000E+00  0.000E+00
  367.5000  8.797E-03  7.901E-03  7.127E-03  6.462E-03  5.890E-03  5.170E-03  4.613E-03  4.064E-03  3.583E-03  3.093E-03  2.711E-03  2.343E-03  1.988E-03  1.684E-03  1.419E-03  1.191E-03  9.966E-04  8.209E-04  6.682E-04  5.505E-04  4.454E-04  3.612E-04  2.892E-04  2.345E-04  1.850E-04  1.458E-04  1.145E-04  8.918E-05  6.875E-05  5.241E-05  3.952E-05  2.948E-05  2.124E-05  1.521E-05  1.068E-05  7.252E-06  4.696E-06  2.903E-06  1.525E-06  6.270E-07  1.474E-07  1.469E-08  7.105E-10  8.284E-12  1.550E-14  1.305E-18  4.546E-31  0.000E+00  0.000E+00  0.000E+00  0.000E+00  0.000E+00  0.000E+00  0.000E+00  0.000E+00  0.000E+00  0.000E+00  0.000E+00  0.000E+00  0.000E+00  0.000E+00
  368.5000  7.729E-03  6.942E-03  6.261E-03  5.676E-03  5.173E-03  4.540E-03  4.051E-03  3.569E-03  3.146E-03  2.715E-03  2.379E-03  2.056E-03  1.745E-03  1.477E-03  1.245E-03  1.045E-03  8.738E-04  7.196E-04  5.857E-04  4.823E-04  3.902E-04  3.164E-04  2.533E-04  2.053E-04  1.620E-04  1.276E-04  1.002E-04  7.805E-05  6.018E-05  4.588E-05  3.459E-05  2.581E-05  1.861E-05  1.333E-05  9.359E-06  6.357E-06  4.120E-06  2.551E-06  1.344E-06  5.557E-07  1.321E-07  1.340E-08  6.659E-10  8.104E-12  1.616E-14  1.485E-18  6.139E-31  0.000E+00  0.000E+00  0.000E+00  0.000E+00  0.000E+00  0.000E+00  0.000E+00  0.000E+00  0.000E+00  0.000E+00  0.000E+00  0.000E+00  0.000E+00  0.000E+00
  369.5000  9.274E-03  8.329E-03  7.512E-03  6.809E-03  6.205E-03  5.445E-03  4.858E-03  4.279E-03  3.771E-03  3.255E-03  2.852E-03  2.464E-03  2.091E-03  1.770E-03  1.491E-03  1.251E-03  1.046E-03  8.614E-04  7.009E-04  5.772E-04  4.668E-04  3.784E-04  3.029E-04  2.455E-04  1.936E-04  1.526E-04  1.198E-04  9.329E-05  7.193E-05  5.484E-05  4.136E-05  3.086E-05  2.225E-05  1.594E-05  1.120E-05  7.610E-06  4.937E-06  3.061E-06  1.618E-06  6.726E-07  1.615E-07  1.669E-08  8.517E-10  1.081E-11  2.294E-14  2.300E-18  1.126E-30  0.000E+00  0.000E+00  0.000E+00  0.000E+00  0.000E+00  0.000E+00  0.000E+00  0.000E+00  0.000E+00  0.000E+00  0.000E+00  0.000E+00  0.000E+00  0.000E+00
  370.5000  8.415E-03  7.557E-03  6.815E-03  6.177E-03  5.628E-03  4.939E-03  4.406E-03  3.880E-03  3.419E-03  2.950E-03  2.585E-03  2.233E-03  1.894E-03  1.603E-03  1.351E-03  1.133E-03  9.474E-04  7.799E-04  6.344E-04  5.223E-04  4.223E-04  3.423E-04  2.739E-04  2.220E-04  1.751E-04  1.379E-04  1.082E-04  8.433E-05  6.502E-05  4.958E-05  3.739E-05  2.791E-05  2.012E-05  1.442E-05  1.013E-05  6.889E-06  4.472E-06  2.777E-06  1.472E-06  6.154E-07  1.493E-07  1.570E-08  8.228E-10  1.089E-11  2.457E-14  2.684E-18  1.553E-30  0.000E+00  0.000E+00  0.000E+00  0.000E+00  0.000E+00  0.000E+00  0.000E+00  0.000E+00  0.000E+00  0.000E+00  0.000E+00  0.000E+00  0.000E+00  0.000E+00
  371.5000  9.633E-03  8.650E-03  7.801E-03  7.069E-03  6.441E-03  5.651E-03  5.040E-03  4.439E-03  3.911E-03  3.374E-03  2.956E-03  2.553E-03  2.166E-03  1.833E-03  1.543E-03  1.294E-03  1.082E-03  8.907E-04  7.244E-04  5.962E-04  4.820E-04  3.906E-04  3.125E-04  2.532E-04  1.997E-04  1.573E-04  1.234E-04  9.617E-05  7.415E-05  5.654E-05  4.265E-05  3.184E-05  2.296E-05  1.646E-05  1.157E-05  7.867E-06  5.112E-06  3.180E-06  1.690E-06  7.105E-07  1.742E-07  1.864E-08  1.002E-09  1.382E-11  3.314E-14  3.938E-18  2.688E-30  0.000E+00  0.000E+00  0.000E+00  0.000E+00  0.000E+00  0.000E+00  0.000E+00  0.000E+00  0.000E+00  0.000E+00  0.000E+00  0.000E+00  0.000E+00  0.000E+00
  372.5000  7.119E-03  6.393E-03  5.764E-03  5.223E-03  4.759E-03  4.175E-03  3.723E-03  3.278E-03  2.888E-03  2.492E-03  2.183E-03  1.885E-03  1.599E-03  1.352E-03  1.139E-03  9.549E-04  7.982E-04  6.568E-04  5.340E-04  4.395E-04  3.552E-04  2.878E-04  2.302E-04  1.865E-04  1.470E-04  1.158E-04  9.088E-05  7.080E-05  5.459E-05  4.163E-05  3.141E-05  2.345E-05  1.691E-05  1.212E-05  8.525E-06  5.800E-06  3.772E-06  2.350E-06  1.253E-06  5.296E-07  1.311E-07  1.428E-08  7.879E-10  1.131E-11  2.879E-14  3.718E-18  2.988E-30  0.000E+00  0.000E+00  0.000E+00  0.000E+00  0.000E+00  0.000E+00  0.000E+00  0.000E+00  0.000E+00  0.000E+00  0.000E+00  0.000E+00  0.000E+00  0.000E+00
  373.5000  6.434E-03  5.777E-03  5.209E-03  4.720E-03  4.299E-03  3.771E-03  3.363E-03  2.961E-03  2.608E-03  2.250E-03  1.970E-03  1.701E-03  1.443E-03  1.220E-03  1.027E-03  8.613E-04  7.198E-04  5.922E-04  4.814E-04  3.961E-04  3.200E-04  2.593E-04  2.073E-04  1.680E-04  1.324E-04  1.043E-04  8.182E-05  6.373E-05  4.915E-05  3.748E-05  2.828E-05  2.111E-05  1.523E-05  1.092E-05  7.682E-06  5.229E-06  3.403E-06  2.123E-06  1.135E-06  4.821E-07  1.205E-07  1.335E-08  7.556E-10  1.129E-11  3.049E-14  4.274E-18  4.037E-30  0.000E+00  0.000E+00  0.000E+00  0.000E+00  0.000E+00  0.000E+00  0.000E+00  0.000E+00  0.000E+00  0.000E+00  0.000E+00  0.000E+00  0.000E+00  0.000E+00
  374.5000  7.062E-03  6.340E-03  5.716E-03  5.179E-03  4.717E-03  4.137E-03  3.689E-03  3.247E-03  2.860E-03  2.466E-03  2.160E-03  1.865E-03  1.581E-03  1.337E-03  1.126E-03  9.435E-04  7.883E-04  6.484E-04  5.270E-04  4.335E-04  3.502E-04  2.836E-04  2.268E-04  1.837E-04  1.448E-04  1.140E-04  8.945E-05  6.968E-05  5.373E-05  4.098E-05  3.092E-05  2.309E-05  1.666E-05  1.195E-05  8.406E-06  5.723E-06  3.728E-06  2.329E-06  1.248E-06  5.330E-07  1.345E-07  1.516E-08  8.795E-10  1.367E-11  3.913E-14  5.949E-18  6.591E-30  0.000E+00  0.000E+00  0.000E+00  0.000E+00  0.000E+00  0.000E+00  0.000E+00  0.000E+00  0.000E+00  0.000E+00  0.000E+00  0.000E+00  0.000E+00  0.000E+00
  375.5000  7.972E-03  7.157E-03  6.452E-03  5.845E-03  5.323E-03  4.668E-03  4.162E-03  3.663E-03  3.226E-03  2.782E-03  2.436E-03  2.103E-03  1.783E-03  1.507E-03  1.268E-03  1.063E-03  8.881E-04  7.303E-04  5.934E-04  4.880E-04  3.942E-04  3.192E-04  2.552E-04  2.066E-04  1.628E-04  1.282E-04  1.006E-04  7.835E-05  6.042E-05  4.609E-05  3.478E-05  2.597E-05  1.875E-05  1.344E-05  9.462E-06  6.445E-06  4.202E-06  2.629E-06  1.413E-06  6.064E-07  1.546E-07  1.771E-08  1.053E-09  1.702E-11  5.158E-14  8.494E-18  1.102E-29  0.000E+00  0.000E+00  0.000E+00  0.000E+00  0.000E+00  0.000E+00  0.000E+00  0.000E+00  0.000E+00  0.000E+00  0.000E+00  0.000E+00  0.000E+00  0.000E+00
  376.5000  7.964E-03  7.150E-03  6.445E-03  5.838E-03  5.316E-03  4.662E-03  4.156E-03  3.657E-03  3.221E-03  2.777E-03  2.431E-03  2.098E-03  1.779E-03  1.503E-03  1.265E-03  1.060E-03  8.853E-04  7.280E-04  5.914E-04  4.862E-04  3.926E-04  3.179E-04  2.541E-04  2.057E-04  1.621E-04  1.276E-04  1.001E-04  7.797E-05  6.013E-05  4.587E-05  3.461E-05  2.586E-05  1.866E-05  1.339E-05  9.426E-06  6.423E-06  4.191E-06  2.625E-06  1.415E-06  6.104E-07  1.571E-07  1.830E-08  1.115E-09  1.872E-11  6.004E-14  1.070E-17  1.622E-29  0.000E+00  0.000E+00  0.000E+00  0.000E+00  0.000E+00  0.000E+00  0.000E+00  0.000E+00  0.000E+00  0.000E+00  0.000E+00  0.000E+00  0.000E+00  0.000E+00
  377.5000  9.487E-03  8.516E-03  7.676E-03  6.953E-03  6.331E-03  5.551E-03  4.948E-03  4.354E-03  3.833E-03  3.305E-03  2.893E-03  2.496E-03  2.116E-03  1.787E-03  1.504E-03  1.260E-03  1.052E-03  8.651E-04  7.026E-04  5.776E-04  4.663E-04  3.774E-04  3.016E-04  2.442E-04  1.923E-04  1.514E-04  1.188E-04  9.251E-05  7.135E-05  5.443E-05  4.108E-05  3.069E-05  2.216E-05  1.590E-05  1.119E-05  7.631E-06  4.983E-06  3.126E-06  1.690E-06  7.323E-07  1.903E-07  2.252E-08  1.405E-09  2.452E-11  8.314E-14  1.601E-17  2.832E-29  0.000E+00  0.000E+00  0.000E+00  0.000E+00  0.000E+00  0.000E+00  0.000E+00  0.000E+00  0.000E+00  0.000E+00  0.000E+00  0.000E+00  0.000E+00  0.000E+00
  378.5000  1.034E-02  9.283E-03  8.367E-03  7.577E-03  6.899E-03  6.048E-03  5.390E-03  4.743E-03  4.175E-03  3.599E-03  3.150E-03  2.718E-03  2.303E-03  1.945E-03  1.637E-03  1.371E-03  1.145E-03  9.409E-04  7.640E-04  6.279E-04  5.068E-04  4.101E-04  3.277E-04  2.652E-04  2.089E-04  1.644E-04  1.290E-04  1.005E-04  7.747E-05  5.910E-05  4.461E-05  3.333E-05  2.407E-05  1.727E-05  1.217E-05  8.296E-06  5.421E-06  3.405E-06  1.845E-06  8.037E-07  2.107E-07  2.535E-08  1.620E-09  2.933E-11  1.051E-13  2.185E-17  4.503E-29  0.000E+00  0.000E+00  0.000E+00  0.000E+00  0.000E+00  0.000E+00  0.000E+00  0.000E+00  0.000E+00  0.000E+00  0.000E+00  0.000E+00  0.000E+00  0.000E+00
  379.5000  7.652E-03  6.868E-03  6.190E-03  5.605E-03  5.103E-03  4.473E-03  3.986E-03  3.507E-03  3.087E-03  2.660E-03  2.328E-03  2.008E-03  1.702E-03  1.437E-03  1.209E-03  1.013E-03  8.452E-04  6.945E-04  5.638E-04  4.633E-04  3.739E-04  3.025E-04  2.416E-04  1.955E-04  1.540E-04  1.212E-04  9.505E-05  7.403E-05  5.709E-05  4.356E-05  3.288E-05  2.457E-05  1.775E-05  1.274E-05  8.974E-06  6.122E-06  4.003E-06  2.518E-06  1.368E-06  5.985E-07  1.583E-07  1.935E-08  1.266E-09  2.378E-11  8.999E-14  2.018E-17  4.836E-29  0.000E+00  0.000E+00  0.000E+00  0.000E+00  0.000E+00  0.000E+00  0.000E+00  0.000E+00  0.000E+00  0.000E+00  0.000E+00  0.000E+00  0.000E+00  0.000E+00
  380.5000  9.206E-03  8.262E-03  7.445E-03  6.742E-03  6.137E-03  5.379E-03  4.793E-03  4.216E-03  3.710E-03  3.197E-03  2.798E-03  2.413E-03  2.044E-03  1.726E-03  1.452E-03  1.216E-03  1.015E-03  8.336E-04  6.765E-04  5.558E-04  4.485E-04  3.627E-04  2.897E-04  2.344E-04  1.846E-04  1.452E-04  1.139E-04  8.871E-05  6.841E-05  5.220E-05  3.941E-05  2.945E-05  2.127E-05  1.527E-05  1.076E-05  7.345E-06  4.806E-06  3.027E-06  1.648E-06  7.247E-07  1.935E-07  2.402E-08  1.608E-09  3.133E-11  1.251E-13  3.023E-17  8.407E-29  0.000E+00  0.000E+00  0.000E+00  0.000E+00  0.000E+00  0.000E+00  0.000E+00  0.000E+00  0.000E+00  0.000E+00  0.000E+00  0.000E+00  0.000E+00  0.000E+00
  381.5000  8.653E-03  7.766E-03  6.998E-03  6.336E-03  5.767E-03  5.054E-03  4.503E-03  3.960E-03  3.485E-03  3.002E-03  2.627E-03  2.266E-03  1.919E-03  1.620E-03  1.362E-03  1.141E-03  9.517E-04  7.818E-04  6.343E-04  5.210E-04  4.203E-04  3.399E-04  2.714E-04  2.195E-04  1.728E-04  1.360E-04  1.066E-04  8.305E-05  6.405E-05  4.887E-05  3.690E-05  2.758E-05  1.993E-05  1.431E-05  1.009E-05  6.885E-06  4.509E-06  2.843E-06  1.552E-06  6.856E-07  1.847E-07  2.329E-08  1.594E-09  3.220E-11  1.355E-13  3.527E-17  1.137E-28  0.000E+00  0.000E+00  0.000E+00  0.000E+00  0.000E+00  0.000E+00  0.000E+00  0.000E+00  0.000E+00  0.000E+00  0.000E+00  0.000E+00  0.000E+00  0.000E+00
  382.5000  5.768E-03  5.176E-03  4.663E-03  4.222E-03  3.842E-03  3.367E-03  2.999E-03  2.638E-03  2.321E-03  1.999E-03  1.749E-03  1.508E-03  1.277E-03  1.078E-03  9.064E-04  7.587E-04  6.330E-04  5.198E-04  4.217E-04  3.463E-04  2.793E-04  2.258E-04  1.803E-04  1.458E-04  1.148E-04  9.030E-05  7.080E-05  5.514E-05  4.252E-05  3.245E-05  2.450E-05  1.832E-05  1.323E-05  9.503E-06  6.702E-06  4.576E-06  2.999E-06  1.893E-06  1.036E-06  4.598E-07  1.249E-07  1.600E-08  1.120E-09  2.344E-11  1.039E-13  2.909E-17  1.085E-28  0.000E+00  0.000E+00  0.000E+00  0.000E+00  0.000E+00  0.000E+00  0.000E+00  0.000E+00  0.000E+00  0.000E+00  0.000E+00  0.000E+00  0.000E+00  0.000E+00
  383.5000  5.066E-03  4.546E-03  4.095E-03  3.707E-03  3.374E-03  2.956E-03  2.633E-03  2.315E-03  2.037E-03  1.754E-03  1.534E-03  1.323E-03  1.120E-03  9.453E-04  7.947E-04  6.651E-04  5.547E-04  4.555E-04  3.694E-04  3.033E-04  2.446E-04  1.977E-04  1.578E-04  1.276E-04  1.004E-04  7.900E-05  6.194E-05  4.823E-05  3.720E-05  2.839E-05  2.144E-05  1.603E-05  1.158E-05  8.318E-06  5.868E-06  4.008E-06  2.628E-06  1.661E-06  9.114E-07  4.062E-07  1.113E-07  1.447E-08  1.036E-09  2.245E-11  1.048E-13  3.153E-17  1.358E-28  0.000E+00  0.000E+00  0.000E+00  0.000E+00  0.000E+00  0.000E+00  0.000E+00  0.000E+00  0.000E+00  0.000E+00  0.000E+00  0.000E+00  0.000E+00  0.000E+00
  384.5000  7.604E-03  6.823E-03  6.147E-03  5.564E-03  5.062E-03  4.436E-03  3.950E-03  3.473E-03  3.055E-03  2.631E-03  2.301E-03  1.983E-03  1.679E-03  1.417E-03  1.191E-03  9.964E-04  8.309E-04  6.822E-04  5.531E-04  4.540E-04  3.660E-04  2.958E-04  2.361E-04  1.908E-04  1.502E-04  1.181E-04  9.260E-05  7.211E-05  5.562E-05  4.244E-05  3.206E-05  2.397E-05  1.732E-05  1.244E-05  8.781E-06  5.999E-06  3.937E-06  2.492E-06  1.370E-06  6.133E-07  1.695E-07  2.237E-08  1.637E-09  3.672E-11  1.804E-13  5.824E-17  2.892E-28  0.000E+00  0.000E+00  0.000E+00  0.000E+00  0.000E+00  0.000E+00  0.000E+00  0.000E+00  0.000E+00  0.000E+00  0.000E+00  0.000E+00  0.000E+00  0.000E+00
  385.5000  7.526E-03  6.753E-03  6.083E-03  5.505E-03  5.009E-03  4.388E-03  3.907E-03  3.435E-03  3.021E-03  2.601E-03  2.275E-03  1.960E-03  1.660E-03  1.400E-03  1.176E-03  9.842E-04  8.206E-04  6.735E-04  5.460E-04  4.480E-04  3.611E-04  2.918E-04  2.328E-04  1.882E-04  1.481E-04  1.165E-04  9.128E-05  7.108E-05  5.482E-05  4.184E-05  3.160E-05  2.363E-05  1.708E-05  1.227E-05  8.663E-06  5.921E-06  3.888E-06  2.464E-06  1.358E-06  6.105E-07  1.702E-07  2.279E-08  1.704E-09  3.955E-11  2.043E-13  7.073E-17  4.045E-28  0.000E+00  0.000E+00  0.000E+00  0.000E+00  0.000E+00  0.000E+00  0.000E+00  0.000E+00  0.000E+00  0.000E+00  0.000E+00  0.000E+00  0.000E+00  0.000E+00
  386.5000  7.673E-03  6.885E-03  6.201E-03  5.612E-03  5.105E-03  4.472E-03  3.982E-03  3.500E-03  3.078E-03  2.650E-03  2.317E-03  1.996E-03  1.690E-03  1.425E-03  1.197E-03  1.002E-03  8.349E-04  6.851E-04  5.553E-04  4.555E-04  3.671E-04  2.966E-04  2.366E-04  1.912E-04  1.504E-04  1.183E-04  9.270E-05  7.218E-05  5.567E-05  4.249E-05  3.210E-05  2.400E-05  1.736E-05  1.247E-05  8.804E-06  6.019E-06  3.955E-06  2.509E-06  1.386E-06  6.259E-07  1.759E-07  2.390E-08  1.826E-09  4.383E-11  2.379E-13  8.826E-17  5.801E-28  0.000E+00  0.000E+00  0.000E+00  0.000E+00  0.000E+00  0.000E+00  0.000E+00  0.000E+00  0.000E+00  0.000E+00  0.000E+00  0.000E+00  0.000E+00  0.000E+00
  387.5000  7.133E-03  6.400E-03  5.764E-03  5.216E-03  4.744E-03  4.156E-03  3.699E-03  3.251E-03  2.859E-03  2.461E-03  2.151E-03  1.853E-03  1.569E-03  1.323E-03  1.111E-03  9.292E-04  7.744E-04  6.354E-04  5.148E-04  4.223E-04  3.402E-04  2.748E-04  2.192E-04  1.771E-04  1.393E-04  1.095E-04  8.583E-05  6.683E-05  5.154E-05  3.934E-05  2.972E-05  2.223E-05  1.608E-05  1.155E-05  8.158E-06  5.579E-06  3.668E-06  2.330E-06  1.290E-06  5.849E-07  1.658E-07  2.284E-08  1.782E-09  4.423E-11  2.521E-13  1.001E-16  7.554E-28  0.000E+00  0.000E+00  0.000E+00  0.000E+00  0.000E+00  0.000E+00  0.000E+00  0.000E+00  0.000E+00  0.000E+00  0.000E+00  0.000E+00  0.000E+00  0.000E+00
  388.5000  7.151E-03  6.415E-03  5.778E-03  5.228E-03  4.755E-03  4.164E-03  3.707E-03  3.257E-03  2.864E-03  2.465E-03  2.154E-03  1.856E-03  1.570E-03  1.324E-03  1.112E-03  9.297E-04  7.747E-04  6.355E-04  5.148E-04  4.222E-04  3.401E-04  2.746E-04  2.190E-04  1.769E-04  1.391E-04  1.094E-04  8.570E-05  6.673E-05  5.146E-05  3.928E-05  2.968E-05  2.220E-05  1.606E-05  1.154E-05  8.152E-06  5.576E-06  3.669E-06  2.333E-06  1.294E-06  5.894E-07  1.684E-07  2.354E-08  1.875E-09  4.808E-11  2.876E-13  1.222E-16  1.056E-27  0.000E+00  0.000E+00  0.000E+00  0.000E+00  0.000E+00  0.000E+00  0.000E+00  0.000E+00  0.000E+00  0.000E+00  0.000E+00  0.000E+00  0.000E+00  0.000E+00
  389.5000  9.021E-03  8.092E-03  7.287E-03  6.593E-03  5.996E-03  5.251E-03  4.673E-03  4.106E-03  3.609E-03  3.106E-03  2.715E-03  2.338E-03  1.978E-03  1.667E-03  1.400E-03  1.170E-03  9.751E-04  7.998E-04  6.477E-04  5.310E-04  4.277E-04  3.452E-04  2.752E-04  2.223E-04  1.748E-04  1.374E-04  1.077E-04  8.383E-05  6.465E-05  4.935E-05  3.729E-05  2.790E-05  2.018E-05  1.451E-05  1.025E-05  7.013E-06  4.617E-06  2.939E-06  1.634E-06  7.472E-07  2.152E-07  3.050E-08  2.480E-09  6.569E-11  4.121E-13  1.871E-16  1.851E-27  0.000E+00  0.000E+00  0.000E+00  0.000E+00  0.000E+00  0.000E+00  0.000E+00  0.000E+00  0.000E+00  0.000E+00  0.000E+00  0.000E+00  0.000E+00  0.000E+00
  390.5000  8.863E-03  7.951E-03  7.159E-03  6.477E-03  5.889E-03  5.157E-03  4.589E-03  4.032E-03  3.543E-03  3.049E-03  2.664E-03  2.294E-03  1.941E-03  1.636E-03  1.373E-03  1.148E-03  9.561E-04  7.840E-04  6.347E-04  5.203E-04  4.189E-04  3.381E-04  2.695E-04  2.177E-04  1.711E-04  1.345E-04  1.054E-04  8.203E-05  6.327E-05  4.829E-05  3.649E-05  2.730E-05  1.976E-05  1.420E-05  1.004E-05  6.870E-06  4.525E-06  2.884E-06  1.607E-06  7.378E-07  2.142E-07  3.078E-08  2.554E-09  6.985E-11  4.592E-13  2.227E-16  2.518E-27  0.000E+00  0.000E+00  0.000E+00  0.000E+00  0.000E+00  0.000E+00  0.000E+00  0.000E+00  0.000E+00  0.000E+00  0.000E+00  0.000E+00  0.000E+00  0.000E+00
  391.5000  1.052E-02  9.435E-03  8.496E-03  7.685E-03  6.987E-03  6.118E-03  5.444E-03  4.782E-03  4.202E-03  3.615E-03  3.159E-03  2.719E-03  2.300E-03  1.938E-03  1.627E-03  1.360E-03  1.132E-03  9.282E-04  7.514E-04  6.158E-04  4.957E-04  4.000E-04  3.188E-04  2.574E-04  2.023E-04  1.590E-04  1.246E-04  9.696E-05  7.478E-05  5.708E-05  4.314E-05  3.228E-05  2.336E-05  1.680E-05  1.187E-05  8.129E-06  5.358E-06  3.418E-06  1.909E-06  8.798E-07  2.574E-07  3.751E-08  3.175E-09  8.960E-11  6.170E-13  3.192E-16  4.120E-27  0.000E+00  0.000E+00  0.000E+00  0.000E+00  0.000E+00  0.000E+00  0.000E+00  0.000E+00  0.000E+00  0.000E+00  0.000E+00  0.000E+00  0.000E+00  0.000E+00
  392.5000  7.891E-03  7.078E-03  6.372E-03  5.764E-03  5.240E-03  4.588E-03  4.081E-03  3.585E-03  3.150E-03  2.709E-03  2.367E-03  2.037E-03  1.723E-03  1.452E-03  1.218E-03  1.018E-03  8.475E-04  6.947E-04  5.622E-04  4.606E-04  3.707E-04  2.991E-04  2.383E-04  1.924E-04  1.512E-04  1.188E-04  9.306E-05  7.244E-05  5.586E-05  4.265E-05  3.223E-05  2.412E-05  1.746E-05  1.255E-05  8.877E-06  6.079E-06  4.009E-06  2.560E-06  1.433E-06  6.630E-07  1.955E-07  2.887E-08  2.492E-09  7.257E-11  5.232E-13  2.886E-16  4.245E-27  0.000E+00  0.000E+00  0.000E+00  0.000E+00  0.000E+00  0.000E+00  0.000E+00  0.000E+00  0.000E+00  0.000E+00  0.000E+00  0.000E+00  0.000E+00  0.000E+00
  393.5000  3.431E-03  3.078E-03  2.771E-03  2.506E-03  2.278E-03  1.994E-03  1.774E-03  1.558E-03  1.369E-03  1.177E-03  1.028E-03  8.849E-04  7.480E-04  6.303E-04  5.289E-04  4.418E-04  3.677E-04  3.014E-04  2.438E-04  1.997E-04  1.607E-04  1.296E-04  1.033E-04  8.335E-05  6.549E-05  5.146E-05  4.030E-05  3.137E-05  2.419E-05  1.847E-05  1.396E-05  1.045E-05  7.564E-06  5.440E-06  3.847E-06  2.636E-06  1.739E-06  1.112E-06  6.234E-07  2.896E-07  8.602E-08  1.288E-08  1.134E-09  3.404E-11  2.567E-13  1.508E-16  2.525E-27  0.000E+00  0.000E+00  0.000E+00  0.000E+00  0.000E+00  0.000E+00  0.000E+00  0.000E+00  0.000E+00  0.000E+00  0.000E+00  0.000E+00  0.000E+00  0.000E+00
  394.5000  8.077E-03  7.244E-03  6.521E-03  5.897E-03  5.360E-03  4.692E-03  4.173E-03  3.664E-03  3.218E-03  2.768E-03  2.417E-03  2.080E-03  1.758E-03  1.481E-03  1.243E-03  1.038E-03  8.637E-04  7.076E-04  5.724E-04  4.688E-04  3.771E-04  3.041E-04  2.422E-04  1.955E-04  1.536E-04  1.206E-04  9.448E-05  7.353E-05  5.671E-05  4.330E-05  3.273E-05  2.450E-05  1.774E-05  1.276E-05  9.025E-06  6.184E-06  4.083E-06  2.613E-06  1.468E-06  6.845E-07  2.048E-07  3.107E-08  2.788E-09  8.631E-11  6.807E-13  4.257E-16  8.101E-27  0.000E+00  0.000E+00  0.000E+00  0.000E+00  0.000E+00  0.000E+00  0.000E+00  0.000E+00  0.000E+00  0.000E+00  0.000E+00  0.000E+00  0.000E+00  0.000E+00
  395.5000  1.039E-02  9.322E-03  8.391E-03  7.588E-03  6.896E-03  6.036E-03  5.368E-03  4.713E-03  4.139E-03  3.558E-03  3.107E-03  2.674E-03  2.259E-03  1.903E-03  1.596E-03  1.333E-03  1.109E-03  9.086E-04  7.347E-04  6.016E-04  4.839E-04  3.901E-04  3.107E-04  2.506E-04  1.969E-04  1.546E-04  1.211E-04  9.425E-05  7.268E-05  5.549E-05  4.195E-05  3.140E-05  2.274E-05  1.636E-05  1.158E-05  7.934E-06  5.241E-06  3.357E-06  1.890E-06  8.845E-07  2.667E-07  4.098E-08  3.748E-09  1.196E-10  9.854E-13  6.554E-16  1.416E-26  0.000E+00  0.000E+00  0.000E+00  0.000E+00  0.000E+00  0.000E+00  0.000E+00  0.000E+00  0.000E+00  0.000E+00  0.000E+00  0.000E+00  0.000E+00  0.000E+00
  396.5000  6.106E-03  5.476E-03  4.929E-03  4.456E-03  4.050E-03  3.544E-03  3.151E-03  2.767E-03  2.429E-03  2.088E-03  1.823E-03  1.569E-03  1.325E-03  1.116E-03  9.360E-04  7.814E-04  6.501E-04  5.324E-04  4.305E-04  3.524E-04  2.834E-04  2.284E-04  1.818E-04  1.467E-04  1.152E-04  9.047E-05  7.085E-05  5.513E-05  4.252E-05  3.246E-05  2.454E-05  1.837E-05  1.331E-05  9.574E-06  6.776E-06  4.646E-06  3.071E-06  1.969E-06  1.111E-06  5.217E-07  1.585E-07  2.467E-08  2.299E-09  7.553E-11  6.501E-13  4.596E-16  1.125E-26  0.000E+00  0.000E+00  0.000E+00  0.000E+00  0.000E+00  0.000E+00  0.000E+00  0.000E+00  0.000E+00  0.000E+00  0.000E+00  0.000E+00  0.000E+00  0.000E+00
  397.5000  7.048E-03  6.321E-03  5.689E-03  5.143E-03  4.673E-03  4.090E-03  3.636E-03  3.192E-03  2.802E-03  2.409E-03  2.103E-03  1.809E-03  1.528E-03  1.287E-03  1.079E-03  9.003E-04  7.489E-04  6.132E-04  4.957E-04  4.057E-04  3.262E-04  2.628E-04  2.092E-04  1.687E-04  1.325E-04  1.040E-04  8.145E-05  6.338E-05  4.888E-05  3.732E-05  2.822E-05  2.113E-05  1.530E-05  1.101E-05  7.796E-06  5.346E-06  3.536E-06  2.269E-06  1.282E-06  6.048E-07  1.850E-07  2.917E-08  2.770E-09  9.369E-11  8.418E-13  6.319E-16  1.750E-26  0.000E+00  0.000E+00  0.000E+00  0.000E+00  0.000E+00  0.000E+00  0.000E+00  0.000E+00  0.000E+00  0.000E+00  0.000E+00  0.000E+00  0.000E+00  0.000E+00
  398.5000  1.212E-02  1.086E-02  9.778E-03  8.839E-03  8.031E-03  7.027E-03  6.247E-03  5.483E-03  4.813E-03  4.137E-03  3.611E-03  3.105E-03  2.623E-03  2.208E-03  1.851E-03  1.545E-03  1.285E-03  1.052E-03  8.498E-04  6.954E-04  5.590E-04  4.503E-04  3.584E-04  2.890E-04  2.269E-04  1.781E-04  1.394E-04  1.085E-04  8.368E-05  6.389E-05  4.831E-05  3.617E-05  2.621E-05  1.886E-05  1.336E-05  9.161E-06  6.062E-06  3.894E-06  2.205E-06  1.044E-06  3.216E-07  5.134E-08  4.965E-09  1.729E-10  1.620E-12  1.291E-15  4.040E-26  0.000E+00  0.000E+00  0.000E+00  0.000E+00  0.000E+00  0.000E+00  0.000E+00  0.000E+00  0.000E+00  0.000E+00  0.000E+00  0.000E+00  0.000E+00  0.000E+00
  399.5000  1.261E-02  1.130E-02  1.017E-02  9.195E-03  8.354E-03  7.309E-03  6.497E-03  5.701E-03  5.004E-03  4.300E-03  3.753E-03  3.227E-03  2.725E-03  2.294E-03  1.922E-03  1.604E-03  1.334E-03  1.092E-03  8.819E-04  7.215E-04  5.798E-04  4.670E-04  3.716E-04  2.996E-04  2.351E-04  1.846E-04  1.445E-04  1.124E-04  8.670E-05  6.620E-05  5.006E-05  3.749E-05  2.716E-05  1.955E-05  1.385E-05  9.501E-06  6.290E-06  4.045E-06  2.295E-06  1.090E-06  3.382E-07  5.467E-08  5.383E-09  1.929E-10  1.885E-12  1.592E-15  5.625E-26  0.000E+00  0.000E+00  0.000E+00  0.000E+00  0.000E+00  0.000E+00  0.000E+00  0.000E+00  0.000E+00  0.000E+00  0.000E+00  0.000E+00  0.000E+00  0.000E+00
------------------------------------------------------------
Dose rates,W m-2
   1 = UV index (WMO, 1994; Webb et al., 2011)           
   2 = Previtamin-D3 (CIE 2006)                          
values at z =      0.025 km
Columns: time,sza,weighting spectra
time,hrs.  sza,deg.          1          2
   18.0000     90.156  1.850E-02  3.349E-04
   18.0167     90.343  1.670E-02  3.067E-04
   18.0333     90.530  1.513E-02  2.816E-04
   18.0500     90.717  1.378E-02  2.598E-04
   18.0667     90.905  1.261E-02  2.409E-04
   18.0833     91.093  1.116E-02  2.168E-04
   18.1000     91.281  1.004E-02  1.980E-04
   18.1167     91.469  8.921E-03  1.789E-04
   18.1333     91.657  7.940E-03  1.620E-04
   18.1500     91.846  6.936E-03  1.442E-04
   18.1667     92.035  6.141E-03  1.297E-04
   18.1833     92.224  5.380E-03  1.159E-04
   18.2000     92.413  4.636E-03  1.017E-04
   18.2167     92.603  3.986E-03  8.910E-05
   18.2333     92.793  3.414E-03  7.768E-05
   18.2500     92.983  2.913E-03  6.738E-05
   18.2667     93.173  2.477E-03  5.817E-05
   18.2833     93.363  2.070E-03  4.917E-05
   18.3000     93.554  1.715E-03  4.128E-05
   18.3167     93.744  1.432E-03  3.477E-05
   18.3333     93.935  1.171E-03  2.855E-05
   18.3500     94.126  9.589E-04  2.347E-05
   18.3667     94.318  7.712E-04  1.883E-05
   18.3833     94.509  6.269E-04  1.528E-05
   18.4000     94.701  4.932E-04  1.191E-05
   18.4167     94.893  3.858E-04  9.194E-06
   18.4333     95.085  2.990E-04  7.001E-06
   18.4500     95.277  2.287E-04  5.229E-06
   18.4667     95.470  1.718E-04  3.785E-06
   18.4833     95.662  1.261E-04  2.622E-06
   18.5000     95.855  9.010E-05  1.693E-06
   18.5167     96.048  6.242E-05  9.896E-07
   18.5333     96.242  4.079E-05  4.864E-07
   18.5500     96.435  2.633E-05  2.121E-07
   18.5667     96.629  1.654E-05  7.922E-08
   18.5833     96.822  1.017E-05  2.802E-08
   18.6000     97.016  5.944E-06  8.956E-09
   18.6167     97.210  3.305E-06  2.617E-09
   18.6333     97.405  1.545E-06  5.902E-10
   18.6500     97.599  5.638E-07  1.017E-10
   18.6667     97.794  1.184E-07  9.156E-12
   18.6833     97.988  1.126E-08  2.993E-13
   18.7000     98.183  6.272E-10  3.462E-15
   18.7167     98.379  1.253E-11  4.094E-18
   18.7333     98.574  7.384E-14  2.736E-22
   18.7500     98.769  4.134E-17  2.083E-28
   18.7667     98.965  9.277E-28  1.121E-44
   18.7833     99.161  0.000E+00  0.000E+00
   18.8000     99.357  0.000E+00  0.000E+00
   18.8167     99.553  0.000E+00  0.000E+00
   18.8333     99.749  0.000E+00  0.000E+00
   18.8500     99.946  0.000E+00  0.000E+00
   18.8667    100.142  0.000E+00  0.000E+00
   18.8833    100.339  0.000E+00  0.000E+00
   18.9000    100.536  0.000E+00  0.000E+00
   18.9167    100.733  0.000E+00  0.000E+00
   18.9333    100.930  0.000E+00  0.000E+00
   18.9500    101.128  0.000E+00  0.000E+00
   18.9667    101.325  0.000E+00  0.000E+00
   18.9833    101.523  0.000E+00  0.000E+00
   19.0000    101.721  0.000E+00  0.000E+00
------------------------------------------------------------
