Spectral Irradiance,W m-2 nm-1
values at z =      0.025 km
Columns: wavelength (nm),times (hrs.) or sza (deg.)
    wc,nm     18.000     18.017     18.033     18.050     18.067     18.083     18.100     18.117     18.133     18.150     18.167     18.183     18.200     18.217     18.233     18.250     18.267     18.283     18.300     18.317     18.333     18.350     18.367     18.383     18.400     18.417     18.433     18.450     18.467     18.483     18.500     18.517     18.533     18.550     18.567     18.583     18.600     18.617     18.633     18.650     18.667     18.683     18.700     18.717     18.733     18.750     18.767     18.783     18.800     18.817     18.833     18.850     18.867     18.883     18.900     18.917     18.933     18.950     18.967     18.983     19.000
    sza =      90.046     90.231     90.417     90.602     90.788     90.973     91.160     91.346     91.533     91.719     91.906     92.093     92.281     92.469     92.657     92.844     93.033     93.221     93.410     93.599     93.788     93.977     94.167     94.357     94.547     94.737     94.927     95.118     95.308     95.499     95.691     95.882     96.073     96.265     96.457     96.649     96.841     97.034     97.226     97.419     97.612     97.805     97.999     98.192     98.386     98.580     98.774     98.968     99.162     99.357     99.552     99.747     99.942    100.137    100.332    100.528    100.723    100.919    101.115    101.312    101.508
  280.5000  1.023E-23  9.482E-24  8.826E-24  8.248E-24  7.737E-24  7.284E-24  6.556E-24  6.091E-24  5.471E-24  5.046E-24  4.473E-24  3.972E-24  3.532E-24  3.156E-24  2.740E-24  2.366E-24  2.007E-24  1.675E-24  1.398E-24  1.157E-24  9.243E-25  7.187E-25  5.445E-25  3.887E-25  2.533E-25  1.512E-25  7.508E-26  2.525E-26  4.858E-27  2.819E-28  3.106E-30  1.746E-33  1.542E-39  0.000E+00  0.000E+00  0.000E+00  0.000E+00  0.000E+00  0.000E+00  0.000E+00  0.000E+00  0.000E+00  0.000E+00  0.000E+00  0.000E+00  0.000E+00  0.000E+00  0.000E+00  0.000E+00  0.000E+00  0.000E+00  0.000E+00  0.000E+00  0.000E+00  0.000E+00  0.000E+00  0.000E+00  0.000E+00  0.000E+00  0.000E+00  0.000E+00
  281.5000  1.144E-21  1.061E-21  9.877E-22  9.234E-22  8.665E-22  8.160E-22  7.347E-22  6.828E-22  6.135E-22  5.660E-22  5.017E-22  4.458E-22  3.966E-22  3.545E-22  3.079E-22  2.660E-22  2.258E-22  1.886E-22  1.575E-22  1.306E-22  1.047E-22  8.191E-23  6.263E-23  4.533E-23  3.021E-23  1.864E-23  9.732E-24  3.572E-24  7.892E-25  5.869E-26  9.615E-28  1.043E-30  3.238E-36  4.064E-44  0.000E+00  0.000E+00  0.000E+00  0.000E+00  0.000E+00  0.000E+00  0.000E+00  0.000E+00  0.000E+00  0.000E+00  0.000E+00  0.000E+00  0.000E+00  0.000E+00  0.000E+00  0.000E+00  0.000E+00  0.000E+00  0.000E+00  0.000E+00  0.000E+00  0.000E+00  0.000E+00  0.000E+00  0.000E+00  0.000E+00  0.000E+00
  282.5000  4.509E-20  4.181E-20  3.893E-20  3.641E-20  3.418E-20  3.220E-20  2.900E-20  2.696E-20  2.423E-20  2.236E-20  1.984E-20  1.763E-20  1.569E-20  1.402E-20  1.219E-20  1.053E-20  8.945E-21  7.475E-21  6.248E-21  5.192E-21  4.175E-21  3.281E-21  2.528E-21  1.851E-21  1.258E-21  7.983E-22  4.353E-22  1.724E-22  4.306E-23  3.990E-24  9.287E-26  1.802E-28  1.677E-33  1.010E-40  0.000E+00  0.000E+00  0.000E+00  0.000E+00  0.000E+00  0.000E+00  0.000E+00  0.000E+00  0.000E+00  0.000E+00  0.000E+00  0.000E+00  0.000E+00  0.000E+00  0.000E+00  0.000E+00  0.000E+00  0.000E+00  0.000E+00  0.000E+00  0.000E+00  0.000E+00  0.000E+00  0.000E+00  0.000E+00  0.000E+00  0.000E+00
  283.5000  4.425E-19  4.103E-19  3.822E-19  3.575E-19  3.357E-19  3.163E-19  2.849E-19  2.649E-19  2.382E-19  2.199E-19  1.951E-19  1.734E-19  1.544E-19  1.380E-19  1.200E-19  1.037E-19  8.813E-20  7.367E-20  6.161E-20  5.124E-20  4.129E-20  3.256E-20  2.520E-20  1.859E-20  1.279E-20  8.266E-21  4.635E-21  1.930E-21  5.221E-22  5.592E-23  1.640E-24  4.664E-27  8.896E-32  1.500E-38  0.000E+00  0.000E+00  0.000E+00  0.000E+00  0.000E+00  0.000E+00  0.000E+00  0.000E+00  0.000E+00  0.000E+00  0.000E+00  0.000E+00  0.000E+00  0.000E+00  0.000E+00  0.000E+00  0.000E+00  0.000E+00  0.000E+00  0.000E+00  0.000E+00  0.000E+00  0.000E+00  0.000E+00  0.000E+00  0.000E+00  0.000E+00
  284.5000  1.744E-17  1.618E-17  1.507E-17  1.410E-17  1.325E-17  1.249E-17  1.126E-17  1.047E-17  9.421E-18  8.701E-18  7.723E-18  6.869E-18  6.118E-18  5.474E-18  4.760E-18  4.117E-18  3.502E-18  2.929E-18  2.453E-18  2.043E-18  1.652E-18  1.310E-18  1.022E-18  7.629E-19  5.358E-19  3.571E-19  2.098E-19  9.485E-20  2.931E-20  3.995E-21  1.726E-22  9.361E-25  6.110E-29  6.146E-35  3.223E-44  0.000E+00  0.000E+00  0.000E+00  0.000E+00  0.000E+00  0.000E+00  0.000E+00  0.000E+00  0.000E+00  0.000E+00  0.000E+00  0.000E+00  0.000E+00  0.000E+00  0.000E+00  0.000E+00  0.000E+00  0.000E+00  0.000E+00  0.000E+00  0.000E+00  0.000E+00  0.000E+00  0.000E+00  0.000E+00  0.000E+00
  285.5000  1.656E-16  1.536E-16  1.432E-16  1.341E-16  1.260E-16  1.188E-16  1.071E-16  9.969E-17  8.973E-17  8.290E-17  7.361E-17  6.551E-17  5.838E-17  5.225E-17  4.546E-17  3.933E-17  3.349E-17  2.803E-17  2.348E-17  1.959E-17  1.588E-17  1.263E-17  9.919E-18  7.470E-18  5.327E-18  3.633E-18  2.211E-18  1.066E-18  3.654E-19  6.019E-20  3.525E-21  3.172E-23  5.351E-27  2.103E-32  9.468E-41  0.000E+00  0.000E+00  0.000E+00  0.000E+00  0.000E+00  0.000E+00  0.000E+00  0.000E+00  0.000E+00  0.000E+00  0.000E+00  0.000E+00  0.000E+00  0.000E+00  0.000E+00  0.000E+00  0.000E+00  0.000E+00  0.000E+00  0.000E+00  0.000E+00  0.000E+00  0.000E+00  0.000E+00  0.000E+00  0.000E+00
  286.5000  4.215E-15  3.911E-15  3.649E-15  3.414E-15  3.209E-15  3.027E-15  2.730E-15  2.542E-15  2.289E-15  2.116E-15  1.881E-15  1.673E-15  1.492E-15  1.336E-15  1.162E-15  1.006E-15  8.573E-16  7.178E-16  6.018E-16  5.025E-16  4.081E-16  3.256E-16  2.568E-16  1.947E-16  1.404E-16  9.744E-17  6.092E-17  3.083E-17  1.145E-17  2.184E-18  1.620E-19  2.160E-21  7.601E-25  8.557E-30  1.997E-37  0.000E+00  0.000E+00  0.000E+00  0.000E+00  0.000E+00  0.000E+00  0.000E+00  0.000E+00  0.000E+00  0.000E+00  0.000E+00  0.000E+00  0.000E+00  0.000E+00  0.000E+00  0.000E+00  0.000E+00  0.000E+00  0.000E+00  0.000E+00  0.000E+00  0.000E+00  0.000E+00  0.000E+00  0.000E+00  0.000E+00
  287.5000  5.695E-14  5.286E-14  4.932E-14  4.617E-14  4.341E-14  4.096E-14  3.696E-14  3.443E-14  3.101E-14  2.868E-14  2.549E-14  2.270E-14  2.025E-14  1.814E-14  1.580E-14  1.368E-14  1.167E-14  9.774E-15  8.201E-15  6.855E-15  5.579E-15  4.465E-15  3.537E-15  2.700E-15  1.971E-15  1.393E-15  8.958E-16  4.772E-16  1.930E-16  4.302E-17  4.108E-18  8.366E-20  6.532E-23  2.314E-27  3.268E-34  1.401E-45  0.000E+00  0.000E+00  0.000E+00  0.000E+00  0.000E+00  0.000E+00  0.000E+00  0.000E+00  0.000E+00  0.000E+00  0.000E+00  0.000E+00  0.000E+00  0.000E+00  0.000E+00  0.000E+00  0.000E+00  0.000E+00  0.000E+00  0.000E+00  0.000E+00  0.000E+00  0.000E+00  0.000E+00  0.000E+00
  288.5000  7.309E-13  6.787E-13  6.332E-13  5.931E-13  5.578E-13  5.265E-13  4.754E-13  4.430E-13  3.993E-13  3.694E-13  3.286E-13  2.929E-13  2.614E-13  2.343E-13  2.042E-13  1.770E-13  1.510E-13  1.266E-13  1.063E-13  8.899E-14  7.259E-14  5.827E-14  4.639E-14  3.567E-14  2.637E-14  1.900E-14  1.259E-14  7.087E-15  3.142E-15  8.305E-16  1.046E-16  3.393E-18  6.354E-21  7.906E-25  7.987E-31  1.310E-40  0.000E+00  0.000E+00  0.000E+00  0.000E+00  0.000E+00  0.000E+00  0.000E+00  0.000E+00  0.000E+00  0.000E+00  0.000E+00  0.000E+00  0.000E+00  0.000E+00  0.000E+00  0.000E+00  0.000E+00  0.000E+00  0.000E+00  0.000E+00  0.000E+00  0.000E+00  0.000E+00  0.000E+00  0.000E+00
  289.5000  7.884E-12  7.321E-12  6.830E-12  6.400E-12  6.021E-12  5.685E-12  5.134E-12  4.786E-12  4.316E-12  3.994E-12  3.555E-12  3.170E-12  2.831E-12  2.539E-12  2.214E-12  1.920E-12  1.640E-12  1.375E-12  1.156E-12  9.682E-13  7.910E-13  6.364E-13  5.085E-13  3.929E-13  2.930E-13  2.140E-13  1.449E-13  8.491E-14  4.029E-14  1.208E-14  1.869E-15  8.576E-17  3.057E-19  9.510E-23  3.981E-28  6.777E-37  0.000E+00  0.000E+00  0.000E+00  0.000E+00  0.000E+00  0.000E+00  0.000E+00  0.000E+00  0.000E+00  0.000E+00  0.000E+00  0.000E+00  0.000E+00  0.000E+00  0.000E+00  0.000E+00  0.000E+00  0.000E+00  0.000E+00  0.000E+00  0.000E+00  0.000E+00  0.000E+00  0.000E+00  0.000E+00
  290.5000  5.580E-11  5.182E-11  4.835E-11  4.531E-11  4.264E-11  4.026E-11  3.638E-11  3.392E-11  3.060E-11  2.833E-11  2.523E-11  2.251E-11  2.011E-11  1.804E-11  1.574E-11  1.366E-11  1.168E-11  9.796E-12  8.238E-12  6.907E-12  5.651E-12  4.554E-12  3.649E-12  2.831E-12  2.126E-12  1.570E-12  1.081E-12  6.547E-13  3.283E-13  1.092E-13  2.001E-14  1.224E-15  7.465E-18  5.002E-21  6.895E-26  8.408E-34  8.548E-44  0.000E+00  0.000E+00  0.000E+00  0.000E+00  0.000E+00  0.000E+00  0.000E+00  0.000E+00  0.000E+00  0.000E+00  0.000E+00  0.000E+00  0.000E+00  0.000E+00  0.000E+00  0.000E+00  0.000E+00  0.000E+00  0.000E+00  0.000E+00  0.000E+00  0.000E+00  0.000E+00  0.000E+00
  291.5000  3.372E-10  3.132E-10  2.922E-10  2.739E-10  2.578E-10  2.435E-10  2.201E-10  2.053E-10  1.853E-10  1.716E-10  1.529E-10  1.365E-10  1.220E-10  1.096E-10  9.564E-11  8.304E-11  7.106E-11  5.966E-11  5.020E-11  4.213E-11  3.453E-11  2.788E-11  2.241E-11  1.746E-11  1.321E-11  9.871E-12  6.923E-12  4.340E-12  2.309E-12  8.587E-13  1.892E-13  1.586E-14  1.754E-16  2.769E-19  1.453E-23  1.637E-30  2.838E-39  0.000E+00  0.000E+00  0.000E+00  0.000E+00  0.000E+00  0.000E+00  0.000E+00  0.000E+00  0.000E+00  0.000E+00  0.000E+00  0.000E+00  0.000E+00  0.000E+00  0.000E+00  0.000E+00  0.000E+00  0.000E+00  0.000E+00  0.000E+00  0.000E+00  0.000E+00  0.000E+00  0.000E+00
  292.5000  1.382E-09  1.284E-09  1.198E-09  1.123E-09  1.057E-09  9.984E-10  9.025E-10  8.420E-10  7.603E-10  7.045E-10  6.279E-10  5.609E-10  5.018E-10  4.507E-10  3.937E-10  3.421E-10  2.930E-10  2.461E-10  2.073E-10  1.741E-10  1.428E-10  1.155E-10  9.311E-11  7.276E-11  5.539E-11  4.180E-11  2.975E-11  1.919E-11  1.073E-11  4.387E-12  1.131E-12  1.239E-13  2.259E-15  7.281E-18  1.150E-21  7.934E-28  1.408E-35  0.000E+00  0.000E+00  0.000E+00  0.000E+00  0.000E+00  0.000E+00  0.000E+00  0.000E+00  0.000E+00  0.000E+00  0.000E+00  0.000E+00  0.000E+00  0.000E+00  0.000E+00  0.000E+00  0.000E+00  0.000E+00  0.000E+00  0.000E+00  0.000E+00  0.000E+00  0.000E+00  0.000E+00
  293.5000  6.616E-09  6.144E-09  5.733E-09  5.373E-09  5.057E-09  4.778E-09  4.320E-09  4.031E-09  3.641E-09  3.375E-09  3.009E-09  2.689E-09  2.408E-09  2.164E-09  1.891E-09  1.644E-09  1.410E-09  1.185E-09  9.986E-10  8.395E-10  6.898E-10  5.587E-10  4.514E-10  3.538E-10  2.708E-10  2.061E-10  1.486E-10  9.837E-11  5.751E-11  2.562E-11  7.620E-12  1.070E-12  3.106E-14  1.956E-16  8.712E-20  3.322E-25  5.234E-32  1.196E-41  0.000E+00  0.000E+00  0.000E+00  0.000E+00  0.000E+00  0.000E+00  0.000E+00  0.000E+00  0.000E+00  0.000E+00  0.000E+00  0.000E+00  0.000E+00  0.000E+00  0.000E+00  0.000E+00  0.000E+00  0.000E+00  0.000E+00  0.000E+00  0.000E+00  0.000E+00  0.000E+00
  294.5000  1.879E-08  1.744E-08  1.627E-08  1.525E-08  1.435E-08  1.356E-08  1.226E-08  1.144E-08  1.034E-08  9.582E-09  8.548E-09  7.646E-09  6.846E-09  6.155E-09  5.383E-09  4.683E-09  4.019E-09  3.380E-09  2.850E-09  2.398E-09  1.973E-09  1.600E-09  1.295E-09  1.017E-09  7.820E-10  5.993E-10  4.365E-10  2.950E-10  1.789E-10  8.552E-11  2.863E-11  4.930E-12  2.094E-13  2.270E-15  2.324E-18  3.438E-23  3.032E-29  8.032E-38  0.000E+00  0.000E+00  0.000E+00  0.000E+00  0.000E+00  0.000E+00  0.000E+00  0.000E+00  0.000E+00  0.000E+00  0.000E+00  0.000E+00  0.000E+00  0.000E+00  0.000E+00  0.000E+00  0.000E+00  0.000E+00  0.000E+00  0.000E+00  0.000E+00  0.000E+00  0.000E+00
  295.5000  7.279E-08  6.755E-08  6.302E-08  5.903E-08  5.554E-08  5.247E-08  4.745E-08  4.428E-08  4.001E-08  3.710E-08  3.311E-08  2.963E-08  2.655E-08  2.388E-08  2.090E-08  1.819E-08  1.563E-08  1.315E-08  1.110E-08  9.346E-09  7.698E-09  6.251E-09  5.071E-09  3.993E-09  3.082E-09  2.378E-09  1.750E-09  1.206E-09  7.581E-10  3.887E-10  1.465E-10  3.100E-11  1.944E-12  3.697E-14  9.001E-17  5.503E-21  2.945E-26  1.023E-33  1.247E-43  0.000E+00  0.000E+00  0.000E+00  0.000E+00  0.000E+00  0.000E+00  0.000E+00  0.000E+00  0.000E+00  0.000E+00  0.000E+00  0.000E+00  0.000E+00  0.000E+00  0.000E+00  0.000E+00  0.000E+00  0.000E+00  0.000E+00  0.000E+00  0.000E+00  0.000E+00
  296.5000  1.837E-07  1.704E-07  1.589E-07  1.488E-07  1.400E-07  1.322E-07  1.195E-07  1.115E-07  1.008E-07  9.347E-08  8.345E-08  7.476E-08  6.696E-08  6.025E-08  5.276E-08  4.597E-08  3.954E-08  3.329E-08  2.811E-08  2.369E-08  1.954E-08  1.588E-08  1.291E-08  1.018E-08  7.890E-09  6.123E-09  4.540E-09  3.183E-09  2.062E-09  1.122E-09  4.680E-10  1.184E-10  1.037E-11  3.192E-13  1.626E-15  3.294E-19  7.975E-24  2.346E-30  4.816E-39  0.000E+00  0.000E+00  0.000E+00  0.000E+00  0.000E+00  0.000E+00  0.000E+00  0.000E+00  0.000E+00  0.000E+00  0.000E+00  0.000E+00  0.000E+00  0.000E+00  0.000E+00  0.000E+00  0.000E+00  0.000E+00  0.000E+00  0.000E+00  0.000E+00  0.000E+00
  297.5000  4.898E-07  4.542E-07  4.232E-07  3.962E-07  3.725E-07  3.517E-07  3.180E-07  2.967E-07  2.681E-07  2.486E-07  2.220E-07  1.988E-07  1.783E-07  1.604E-07  1.406E-07  1.226E-07  1.055E-07  8.891E-08  7.515E-08  6.338E-08  5.233E-08  4.259E-08  3.467E-08  2.740E-08  2.129E-08  1.660E-08  1.239E-08  8.810E-09  5.851E-09  3.348E-09  1.522E-09  4.488E-10  5.247E-11  2.454E-12  2.380E-14  1.375E-17  1.246E-21  2.384E-27  5.853E-35  4.204E-45  0.000E+00  0.000E+00  0.000E+00  0.000E+00  0.000E+00  0.000E+00  0.000E+00  0.000E+00  0.000E+00  0.000E+00  0.000E+00  0.000E+00  0.000E+00  0.000E+00  0.000E+00  0.000E+00  0.000E+00  0.000E+00  0.000E+00  0.000E+00  0.000E+00
  298.5000  7.783E-07  7.213E-07  6.718E-07  6.285E-07  5.907E-07  5.575E-07  5.038E-07  4.699E-07  4.247E-07  3.937E-07  3.516E-07  3.149E-07  2.825E-07  2.543E-07  2.230E-07  1.945E-07  1.677E-07  1.413E-07  1.195E-07  1.009E-07  8.339E-08  6.793E-08  5.540E-08  4.383E-08  3.415E-08  2.674E-08  2.006E-08  1.443E-08  9.788E-09  5.843E-09  2.860E-09  9.615E-10  1.441E-10  9.653E-12  1.626E-13  2.297E-16  6.386E-20  5.939E-25  1.174E-31  1.352E-40  0.000E+00  0.000E+00  0.000E+00  0.000E+00  0.000E+00  0.000E+00  0.000E+00  0.000E+00  0.000E+00  0.000E+00  0.000E+00  0.000E+00  0.000E+00  0.000E+00  0.000E+00  0.000E+00  0.000E+00  0.000E+00  0.000E+00  0.000E+00  0.000E+00
  299.5000  2.292E-06  2.123E-06  1.975E-06  1.847E-06  1.735E-06  1.636E-06  1.478E-06  1.378E-06  1.245E-06  1.154E-06  1.031E-06  9.231E-07  8.285E-07  7.459E-07  6.543E-07  5.711E-07  4.928E-07  4.156E-07  3.518E-07  2.971E-07  2.459E-07  2.005E-07  1.638E-07  1.298E-07  1.013E-07  7.964E-08  6.003E-08  4.361E-08  3.012E-08  1.866E-08  9.748E-09  3.684E-09  6.908E-10  6.430E-11  1.801E-12  5.835E-15  4.632E-18  1.916E-22  2.739E-28  4.524E-36  1.121E-44  0.000E+00  0.000E+00  0.000E+00  0.000E+00  0.000E+00  0.000E+00  0.000E+00  0.000E+00  0.000E+00  0.000E+00  0.000E+00  0.000E+00  0.000E+00  0.000E+00  0.000E+00  0.000E+00  0.000E+00  0.000E+00  0.000E+00  0.000E+00
  300.5000  2.686E-06  2.486E-06  2.312E-06  2.160E-06  2.027E-06  1.911E-06  1.726E-06  1.608E-06  1.452E-06  1.346E-06  1.202E-06  1.076E-06  9.660E-07  8.698E-07  7.633E-07  6.665E-07  5.757E-07  4.857E-07  4.115E-07  3.478E-07  2.881E-07  2.352E-07  1.923E-07  1.525E-07  1.194E-07  9.409E-08  7.118E-08  5.212E-08  3.652E-08  2.330E-08  1.282E-08  5.329E-09  1.197E-09  1.453E-10  6.128E-12  3.847E-14  6.945E-17  9.086E-21  5.870E-26  7.205E-33  1.470E-40  0.000E+00  0.000E+00  0.000E+00  0.000E+00  0.000E+00  0.000E+00  0.000E+00  0.000E+00  0.000E+00  0.000E+00  0.000E+00  0.000E+00  0.000E+00  0.000E+00  0.000E+00  0.000E+00  0.000E+00  0.000E+00  0.000E+00  0.000E+00
  301.5000  6.872E-06  6.353E-06  5.901E-06  5.508E-06  5.165E-06  4.864E-06  4.389E-06  4.087E-06  3.689E-06  3.416E-06  3.050E-06  2.731E-06  2.450E-06  2.207E-06  1.938E-06  1.693E-06  1.464E-06  1.236E-06  1.048E-06  8.862E-07  7.351E-07  6.006E-07  4.921E-07  3.907E-07  3.064E-07  2.422E-07  1.839E-07  1.357E-07  9.648E-08  6.339E-08  3.678E-08  1.684E-08  4.566E-09  7.321E-10  4.760E-11  6.049E-13  2.629E-15  1.184E-18  3.934E-23  4.338E-29  9.915E-36  8.412E-42  5.605E-45  1.401E-45  1.401E-45  0.000E+00  0.000E+00  0.000E+00  0.000E+00  0.000E+00  0.000E+00  0.000E+00  0.000E+00  0.000E+00  0.000E+00  0.000E+00  0.000E+00  0.000E+00  0.000E+00  0.000E+00  0.000E+00
  302.5000  1.020E-05  9.420E-06  8.742E-06  8.153E-06  7.637E-06  7.187E-06  6.481E-06  6.030E-06  5.441E-06  5.036E-06  4.495E-06  4.025E-06  3.610E-06  3.251E-06  2.855E-06  2.494E-06  2.159E-06  1.823E-06  1.547E-06  1.309E-06  1.087E-06  8.889E-07  7.292E-07  5.794E-07  4.551E-07  3.606E-07  2.744E-07  2.036E-07  1.461E-07  9.789E-08  5.885E-08  2.877E-08  8.858E-09  1.715E-09  1.496E-10  3.052E-12  2.368E-14  2.382E-17  2.298E-21  1.053E-26  1.144E-32  3.625E-38  4.192E-41  2.386E-42  1.261E-44  1.401E-45  0.000E+00  0.000E+00  0.000E+00  0.000E+00  0.000E+00  0.000E+00  0.000E+00  0.000E+00  0.000E+00  0.000E+00  0.000E+00  0.000E+00  0.000E+00  0.000E+00  0.000E+00
  303.5000  2.170E-05  2.002E-05  1.855E-05  1.728E-05  1.617E-05  1.519E-05  1.369E-05  1.272E-05  1.147E-05  1.061E-05  9.461E-06  8.467E-06  7.593E-06  6.836E-06  6.003E-06  5.247E-06  4.545E-06  3.841E-06  3.261E-06  2.763E-06  2.297E-06  1.880E-06  1.545E-06  1.229E-06  9.670E-07  7.680E-07  5.861E-07  4.374E-07  3.171E-07  2.171E-07  1.358E-07  7.143E-08  2.540E-08  6.106E-09  7.461E-10  2.638E-11  4.048E-13  1.061E-15  3.640E-19  9.068E-24  6.311E-29  9.593E-34  1.699E-36  6.524E-38  2.150E-40  1.555E-43  0.000E+00  0.000E+00  0.000E+00  0.000E+00  0.000E+00  0.000E+00  0.000E+00  0.000E+00  0.000E+00  0.000E+00  0.000E+00  0.000E+00  0.000E+00  0.000E+00  0.000E+00
  304.5000  2.718E-05  2.505E-05  2.319E-05  2.157E-05  2.017E-05  1.894E-05  1.704E-05  1.583E-05  1.426E-05  1.318E-05  1.175E-05  1.051E-05  9.437E-06  8.483E-06  7.449E-06  6.512E-06  5.644E-06  4.771E-06  4.053E-06  3.435E-06  2.859E-06  2.342E-06  1.926E-06  1.533E-06  1.208E-06  9.610E-07  7.346E-07  5.501E-07  4.014E-07  2.783E-07  1.782E-07  9.798E-08  3.797E-08  1.038E-08  1.548E-09  7.557E-11  1.731E-12  7.937E-15  5.672E-18  3.713E-22  7.334E-27  2.664E-31  6.069E-34  1.912E-35  5.005E-38  2.412E-41  0.000E+00  0.000E+00  0.000E+00  0.000E+00  0.000E+00  0.000E+00  0.000E+00  0.000E+00  0.000E+00  0.000E+00  0.000E+00  0.000E+00  0.000E+00  0.000E+00  0.000E+00
  305.5000  4.468E-05  4.110E-05  3.798E-05  3.527E-05  3.290E-05  3.084E-05  2.772E-05  2.571E-05  2.313E-05  2.135E-05  1.901E-05  1.700E-05  1.523E-05  1.370E-05  1.203E-05  1.051E-05  9.118E-06  7.712E-06  6.556E-06  5.561E-06  4.634E-06  3.800E-06  3.132E-06  2.495E-06  1.970E-06  1.570E-06  1.203E-06  9.054E-07  6.660E-07  4.696E-07  3.101E-07  1.808E-07  7.878E-08  2.572E-08  5.077E-09  3.931E-10  1.618E-11  1.716E-13  3.696E-16  1.044E-19  1.015E-23  1.405E-27  4.625E-30  1.044E-31  1.820E-34  4.142E-38  4.204E-45  0.000E+00  0.000E+00  0.000E+00  0.000E+00  0.000E+00  0.000E+00  0.000E+00  0.000E+00  0.000E+00  0.000E+00  0.000E+00  0.000E+00  0.000E+00  0.000E+00
  306.5000  5.157E-05  4.739E-05  4.375E-05  4.058E-05  3.783E-05  3.542E-05  3.181E-05  2.948E-05  2.651E-05  2.444E-05  2.176E-05  1.944E-05  1.742E-05  1.565E-05  1.374E-05  1.201E-05  1.042E-05  8.817E-06  7.498E-06  6.363E-06  5.306E-06  4.354E-06  3.592E-06  2.863E-06  2.263E-06  1.806E-06  1.385E-06  1.045E-06  7.714E-07  5.482E-07  3.672E-07  2.200E-07  1.011E-07  3.578E-08  8.006E-09  7.589E-10  4.015E-11  6.056E-13  2.084E-15  1.093E-18  2.086E-22  5.093E-26  2.005E-28  4.086E-30  6.414E-33  1.181E-36  1.668E-43  0.000E+00  0.000E+00  0.000E+00  0.000E+00  0.000E+00  0.000E+00  0.000E+00  0.000E+00  0.000E+00  0.000E+00  0.000E+00  0.000E+00  0.000E+00  0.000E+00
  307.5000  9.198E-05  8.431E-05  7.764E-05  7.184E-05  6.679E-05  6.241E-05  5.593E-05  5.171E-05  4.642E-05  4.273E-05  3.798E-05  3.390E-05  3.033E-05  2.723E-05  2.389E-05  2.088E-05  1.812E-05  1.533E-05  1.305E-05  1.108E-05  9.251E-06  7.599E-06  6.281E-06  5.012E-06  3.969E-06  3.173E-06  2.440E-06  1.847E-06  1.372E-06  9.872E-07  6.765E-07  4.238E-07  2.132E-07  8.678E-08  2.427E-08  3.339E-09  2.845E-10  8.524E-12  7.305E-14  1.288E-16  9.281E-20  6.919E-23  3.730E-25  5.836E-27  6.688E-30  6.665E-34  7.483E-41  0.000E+00  0.000E+00  0.000E+00  0.000E+00  0.000E+00  0.000E+00  0.000E+00  0.000E+00  0.000E+00  0.000E+00  0.000E+00  0.000E+00  0.000E+00  0.000E+00
  308.5000  1.126E-04  1.031E-04  9.486E-05  8.767E-05  8.142E-05  7.599E-05  6.804E-05  6.284E-05  5.636E-05  5.183E-05  4.604E-05  4.106E-05  3.673E-05  3.294E-05  2.889E-05  2.524E-05  2.191E-05  1.854E-05  1.578E-05  1.341E-05  1.120E-05  9.207E-06  7.617E-06  6.081E-06  4.820E-06  3.857E-06  2.969E-06  2.251E-06  1.677E-06  1.213E-06  8.400E-07  5.364E-07  2.805E-07  1.211E-07  3.713E-08  5.929E-09  6.077E-10  2.355E-11  2.847E-13  7.897E-16  9.286E-19  1.045E-21  6.469E-24  9.548E-26  1.043E-28  9.287E-33  1.117E-39  0.000E+00  0.000E+00  0.000E+00  0.000E+00  0.000E+00  0.000E+00  0.000E+00  0.000E+00  0.000E+00  0.000E+00  0.000E+00  0.000E+00  0.000E+00  0.000E+00
  309.5000  1.176E-04  1.074E-04  9.856E-05  9.086E-05  8.418E-05  7.837E-05  7.002E-05  6.453E-05  5.777E-05  5.302E-05  4.702E-05  4.187E-05  3.740E-05  3.351E-05  2.936E-05  2.564E-05  2.225E-05  1.883E-05  1.603E-05  1.362E-05  1.139E-05  9.374E-06  7.766E-06  6.206E-06  4.928E-06  3.949E-06  3.045E-06  2.315E-06  1.732E-06  1.263E-06  8.868E-07  5.821E-07  3.224E-07  1.523E-07  5.399E-08  1.099E-08  1.539E-09  9.355E-11  2.064E-12  1.272E-14  3.580E-17  8.379E-20  6.442E-22  8.167E-24  7.528E-27  4.717E-31  5.237E-38  0.000E+00  0.000E+00  0.000E+00  0.000E+00  0.000E+00  0.000E+00  0.000E+00  0.000E+00  0.000E+00  0.000E+00  0.000E+00  0.000E+00  0.000E+00  0.000E+00
  310.5000  1.840E-04  1.677E-04  1.536E-04  1.413E-04  1.306E-04  1.213E-04  1.082E-04  9.950E-05  8.891E-05  8.146E-05  7.213E-05  6.414E-05  5.722E-05  5.119E-05  4.482E-05  3.910E-05  3.393E-05  2.871E-05  2.444E-05  2.078E-05  1.739E-05  1.432E-05  1.188E-05  9.501E-06  7.554E-06  6.061E-06  4.681E-06  3.567E-06  2.677E-06  1.963E-06  1.393E-06  9.331E-07  5.391E-07  2.719E-07  1.072E-07  2.603E-08  4.553E-09  3.801E-10  1.284E-11  1.390E-13  7.197E-16  2.805E-18  2.532E-20  2.934E-22  2.475E-25  1.276E-29  1.435E-36  0.000E+00  0.000E+00  0.000E+00  0.000E+00  0.000E+00  0.000E+00  0.000E+00  0.000E+00  0.000E+00  0.000E+00  0.000E+00  0.000E+00  0.000E+00  0.000E+00
  311.5000  2.611E-04  2.376E-04  2.172E-04  1.994E-04  1.841E-04  1.707E-04  1.520E-04  1.396E-04  1.246E-04  1.140E-04  1.008E-04  8.952E-05  7.978E-05  7.130E-05  6.237E-05  5.438E-05  4.717E-05  3.991E-05  3.398E-05  2.888E-05  2.419E-05  1.993E-05  1.654E-05  1.324E-05  1.054E-05  8.463E-06  6.543E-06  4.994E-06  3.756E-06  2.765E-06  1.975E-06  1.340E-06  7.951E-07  4.184E-07  1.766E-07  4.804E-08  9.708E-09  9.959E-10  4.450E-11  6.993E-13  5.447E-15  3.004E-17  3.061E-19  3.419E-21  2.816E-24  1.340E-28  1.631E-35  0.000E+00  0.000E+00  0.000E+00  0.000E+00  0.000E+00  0.000E+00  0.000E+00  0.000E+00  0.000E+00  0.000E+00  0.000E+00  0.000E+00  0.000E+00  0.000E+00
  312.5000  3.135E-04  2.847E-04  2.589E-04  2.369E-04  2.179E-04  2.013E-04  1.787E-04  1.635E-04  1.454E-04  1.326E-04  1.169E-04  1.036E-04  9.207E-05  8.209E-05  7.166E-05  6.238E-05  5.405E-05  4.569E-05  3.888E-05  3.305E-05  2.770E-05  2.284E-05  1.898E-05  1.522E-05  1.214E-05  9.761E-06  7.564E-06  5.790E-06  4.371E-06  3.237E-06  2.337E-06  1.619E-06  1.004E-06  5.673E-07  2.692E-07  8.942E-08  2.335E-08  3.467E-09  2.554E-10  7.783E-12  1.242E-13  1.242E-15  1.515E-17  1.503E-19  1.092E-22  3.967E-27  4.641E-34  0.000E+00  0.000E+00  0.000E+00  0.000E+00  0.000E+00  0.000E+00  0.000E+00  0.000E+00  0.000E+00  0.000E+00  0.000E+00  0.000E+00  0.000E+00  0.000E+00
  313.5000  3.757E-04  3.406E-04  3.097E-04  2.832E-04  2.602E-04  2.403E-04  2.130E-04  1.948E-04  1.731E-04  1.577E-04  1.389E-04  1.230E-04  1.092E-04  9.738E-05  8.490E-05  7.387E-05  6.399E-05  5.408E-05  4.601E-05  3.910E-05  3.278E-05  2.703E-05  2.248E-05  1.803E-05  1.439E-05  1.158E-05  8.981E-06  6.882E-06  5.202E-06  3.860E-06  2.796E-06  1.950E-06  1.225E-06  7.061E-07  3.460E-07  1.210E-07  3.359E-08  5.420E-09  4.479E-10  1.588E-11  2.982E-13  3.436E-15  4.486E-17  4.544E-19  3.466E-22  1.345E-26  1.850E-33  0.000E+00  0.000E+00  0.000E+00  0.000E+00  0.000E+00  0.000E+00  0.000E+00  0.000E+00  0.000E+00  0.000E+00  0.000E+00  0.000E+00  0.000E+00  0.000E+00
  314.5000  4.707E-04  4.248E-04  3.850E-04  3.505E-04  3.207E-04  2.949E-04  2.604E-04  2.371E-04  2.099E-04  1.905E-04  1.672E-04  1.475E-04  1.306E-04  1.158E-04  1.009E-04  8.753E-05  7.567E-05  6.387E-05  5.428E-05  4.609E-05  3.866E-05  3.189E-05  2.655E-05  2.132E-05  1.705E-05  1.375E-05  1.069E-05  8.213E-06  6.230E-06  4.647E-06  3.395E-06  2.405E-06  1.564E-06  9.524E-07  5.123E-07  2.107E-07  7.219E-08  1.586E-08  2.000E-09  1.247E-10  4.332E-12  8.337E-14  1.276E-15  1.179E-17  8.178E-21  2.549E-25  3.458E-32  0.000E+00  0.000E+00  0.000E+00  0.000E+00  0.000E+00  0.000E+00  0.000E+00  0.000E+00  0.000E+00  0.000E+00  0.000E+00  0.000E+00  0.000E+00  0.000E+00
  315.5000  5.082E-04  4.581E-04  4.152E-04  3.778E-04  3.455E-04  3.176E-04  2.802E-04  2.550E-04  2.256E-04  2.046E-04  1.795E-04  1.582E-04  1.400E-04  1.242E-04  1.080E-04  9.370E-05  8.098E-05  6.832E-05  5.805E-05  4.929E-05  4.134E-05  3.411E-05  2.841E-05  2.282E-05  1.827E-05  1.473E-05  1.146E-05  8.813E-06  6.692E-06  5.000E-06  3.661E-06  2.604E-06  1.708E-06  1.054E-06  5.786E-07  2.457E-07  8.733E-08  2.011E-08  2.711E-09  1.844E-10  7.020E-12  1.467E-13  2.366E-15  2.265E-17  1.682E-20  5.815E-25  9.453E-32  0.000E+00  0.000E+00  0.000E+00  0.000E+00  0.000E+00  0.000E+00  0.000E+00  0.000E+00  0.000E+00  0.000E+00  0.000E+00  0.000E+00  0.000E+00  0.000E+00
  316.5000  6.345E-04  5.702E-04  5.145E-04  4.664E-04  4.248E-04  3.890E-04  3.418E-04  3.098E-04  2.730E-04  2.466E-04  2.155E-04  1.892E-04  1.668E-04  1.477E-04  1.278E-04  1.105E-04  9.527E-05  8.021E-05  6.803E-05  5.768E-05  4.837E-05  3.989E-05  3.324E-05  2.674E-05  2.144E-05  1.732E-05  1.351E-05  1.042E-05  7.937E-06  5.955E-06  4.390E-06  3.158E-06  2.122E-06  1.363E-06  8.006E-07  3.831E-07  1.595E-07  4.648E-08  8.663E-09  9.065E-10  5.496E-11  1.693E-12  3.101E-14  2.800E-16  1.972E-19  5.958E-24  9.984E-31  0.000E+00  0.000E+00  0.000E+00  0.000E+00  0.000E+00  0.000E+00  0.000E+00  0.000E+00  0.000E+00  0.000E+00  0.000E+00  0.000E+00  0.000E+00  0.000E+00
  317.5000  8.978E-04  8.071E-04  7.282E-04  6.602E-04  6.015E-04  5.508E-04  4.841E-04  4.389E-04  3.867E-04  3.494E-04  3.053E-04  2.681E-04  2.364E-04  2.086E-04  1.811E-04  1.567E-04  1.350E-04  1.137E-04  9.642E-05  8.177E-05  6.857E-05  5.656E-05  4.714E-05  3.792E-05  3.041E-05  2.457E-05  1.916E-05  1.479E-05  1.127E-05  8.459E-06  6.240E-06  4.495E-06  3.028E-06  1.950E-06  1.151E-06  5.534E-07  2.312E-07  6.741E-08  1.259E-08  1.319E-09  8.010E-11  2.492E-12  4.724E-14  4.521E-16  3.501E-19  1.232E-23  2.532E-30  0.000E+00  0.000E+00  0.000E+00  0.000E+00  0.000E+00  0.000E+00  0.000E+00  0.000E+00  0.000E+00  0.000E+00  0.000E+00  0.000E+00  0.000E+00  0.000E+00
  318.5000  9.129E-04  8.177E-04  7.353E-04  6.641E-04  6.027E-04  5.498E-04  4.811E-04  4.344E-04  3.811E-04  3.428E-04  2.982E-04  2.607E-04  2.289E-04  2.015E-04  1.739E-04  1.498E-04  1.287E-04  1.080E-04  9.139E-05  7.732E-05  6.478E-05  5.338E-05  4.449E-05  3.582E-05  2.878E-05  2.328E-05  1.821E-05  1.410E-05  1.078E-05  8.130E-06  6.033E-06  4.389E-06  3.018E-06  2.009E-06  1.255E-06  6.687E-07  3.208E-07  1.152E-07  2.879E-08  4.454E-09  4.121E-10  1.825E-11  3.891E-13  3.544E-15  2.631E-18  8.238E-23  1.758E-29  0.000E+00  0.000E+00  0.000E+00  0.000E+00  0.000E+00  0.000E+00  0.000E+00  0.000E+00  0.000E+00  0.000E+00  0.000E+00  0.000E+00  0.000E+00  0.000E+00
  319.5000  1.178E-03  1.055E-03  9.483E-04  8.562E-04  7.766E-04  7.081E-04  6.193E-04  5.588E-04  4.899E-04  4.404E-04  3.828E-04  3.344E-04  2.933E-04  2.580E-04  2.225E-04  1.915E-04  1.644E-04  1.379E-04  1.166E-04  9.860E-05  8.259E-05  6.803E-05  5.670E-05  4.566E-05  3.670E-05  2.971E-05  2.325E-05  1.802E-05  1.379E-05  1.041E-05  7.741E-06  5.647E-06  3.903E-06  2.619E-06  1.658E-06  9.032E-07  4.453E-07  1.662E-07  4.384E-08  7.288E-09  7.283E-10  3.462E-11  7.746E-13  7.317E-15  5.806E-18  2.009E-22  5.068E-29  0.000E+00  0.000E+00  0.000E+00  0.000E+00  0.000E+00  0.000E+00  0.000E+00  0.000E+00  0.000E+00  0.000E+00  0.000E+00  0.000E+00  0.000E+00  0.000E+00
  320.5000  1.534E-03  1.372E-03  1.232E-03  1.112E-03  1.008E-03  9.179E-04  8.019E-04  7.228E-04  6.329E-04  5.684E-04  4.934E-04  4.305E-04  3.772E-04  3.314E-04  2.854E-04  2.454E-04  2.104E-04  1.763E-04  1.489E-04  1.258E-04  1.054E-04  8.676E-05  7.230E-05  5.822E-05  4.682E-05  3.791E-05  2.970E-05  2.303E-05  1.765E-05  1.334E-05  9.935E-06  7.266E-06  5.046E-06  3.411E-06  2.188E-06  1.219E-06  6.205E-07  2.434E-07  6.881E-08  1.254E-08  1.387E-09  7.234E-11  1.708E-12  1.664E-14  1.400E-17  5.239E-22  1.535E-28  0.000E+00  0.000E+00  0.000E+00  0.000E+00  0.000E+00  0.000E+00  0.000E+00  0.000E+00  0.000E+00  0.000E+00  0.000E+00  0.000E+00  0.000E+00  0.000E+00
  321.5000  1.800E-03  1.608E-03  1.442E-03  1.299E-03  1.175E-03  1.068E-03  9.300E-04  8.359E-04  7.291E-04  6.525E-04  5.638E-04  4.897E-04  4.271E-04  3.734E-04  3.200E-04  2.737E-04  2.336E-04  1.948E-04  1.638E-04  1.379E-04  1.152E-04  9.455E-05  7.870E-05  6.335E-05  5.100E-05  4.135E-05  3.249E-05  2.529E-05  1.947E-05  1.479E-05  1.108E-05  8.180E-06  5.780E-06  4.010E-06  2.690E-06  1.627E-06  9.271E-07  4.324E-07  1.569E-07  4.003E-08  6.370E-09  4.514E-10  1.183E-11  1.107E-13  9.019E-17  3.077E-21  9.469E-28  4.204E-45  0.000E+00  0.000E+00  0.000E+00  0.000E+00  0.000E+00  0.000E+00  0.000E+00  0.000E+00  0.000E+00  0.000E+00  0.000E+00  0.000E+00  0.000E+00
  322.5000  1.398E-03  1.250E-03  1.122E-03  1.011E-03  9.162E-04  8.342E-04  7.281E-04  6.559E-04  5.738E-04  5.149E-04  4.465E-04  3.892E-04  3.407E-04  2.990E-04  2.573E-04  2.210E-04  1.893E-04  1.585E-04  1.337E-04  1.129E-04  9.451E-05  7.777E-05  6.481E-05  5.219E-05  4.199E-05  3.402E-05  2.668E-05  2.071E-05  1.589E-05  1.203E-05  8.975E-06  6.584E-06  4.598E-06  3.135E-06  2.039E-06  1.163E-06  6.099E-07  2.498E-07  7.522E-08  1.493E-08  1.818E-09  1.046E-10  2.686E-12  2.855E-14  2.784E-17  1.297E-21  5.319E-28  5.605E-45  0.000E+00  0.000E+00  0.000E+00  0.000E+00  0.000E+00  0.000E+00  0.000E+00  0.000E+00  0.000E+00  0.000E+00  0.000E+00  0.000E+00  0.000E+00
  323.5000  2.196E-03  1.962E-03  1.759E-03  1.584E-03  1.433E-03  1.303E-03  1.133E-03  1.018E-03  8.862E-04  7.922E-04  6.832E-04  5.922E-04  5.155E-04  4.496E-04  3.843E-04  3.279E-04  2.791E-04  2.321E-04  1.946E-04  1.634E-04  1.363E-04  1.116E-04  9.283E-05  7.467E-05  6.012E-05  4.877E-05  3.837E-05  2.992E-05  2.309E-05  1.759E-05  1.323E-05  9.805E-06  6.982E-06  4.897E-06  3.347E-06  2.095E-06  1.252E-06  6.306E-07  2.560E-07  7.626E-08  1.444E-08  1.206E-09  3.494E-11  3.487E-13  3.197E-16  1.280E-20  5.283E-27  5.325E-44  0.000E+00  0.000E+00  0.000E+00  0.000E+00  0.000E+00  0.000E+00  0.000E+00  0.000E+00  0.000E+00  0.000E+00  0.000E+00  0.000E+00  0.000E+00
  324.5000  2.531E-03  2.262E-03  2.028E-03  1.827E-03  1.653E-03  1.503E-03  1.307E-03  1.174E-03  1.023E-03  9.146E-04  7.890E-04  6.841E-04  5.957E-04  5.198E-04  4.445E-04  3.794E-04  3.230E-04  2.687E-04  2.254E-04  1.894E-04  1.580E-04  1.294E-04  1.076E-04  8.660E-05  6.973E-05  5.658E-05  4.451E-05  3.471E-05  2.678E-05  2.041E-05  1.534E-05  1.138E-05  8.102E-06  5.684E-06  3.885E-06  2.428E-06  1.447E-06  7.239E-07  2.912E-07  8.562E-08  1.600E-08  1.334E-09  3.976E-11  4.199E-13  4.212E-16  1.948E-20  9.683E-27  1.373E-43  0.000E+00  0.000E+00  0.000E+00  0.000E+00  0.000E+00  0.000E+00  0.000E+00  0.000E+00  0.000E+00  0.000E+00  0.000E+00  0.000E+00  0.000E+00
  325.5000  2.662E-03  2.377E-03  2.131E-03  1.919E-03  1.736E-03  1.578E-03  1.372E-03  1.233E-03  1.074E-03  9.608E-04  8.293E-04  7.193E-04  6.267E-04  5.473E-04  4.682E-04  3.999E-04  3.408E-04  2.837E-04  2.382E-04  2.002E-04  1.672E-04  1.370E-04  1.140E-04  9.173E-05  7.387E-05  5.993E-05  4.713E-05  3.673E-05  2.832E-05  2.157E-05  1.620E-05  1.200E-05  8.526E-06  5.965E-06  4.056E-06  2.511E-06  1.476E-06  7.224E-07  2.813E-07  7.920E-08  1.416E-08  1.150E-09  3.505E-11  3.955E-13  4.388E-16  2.383E-20  1.431E-26  2.634E-43  0.000E+00  0.000E+00  0.000E+00  0.000E+00  0.000E+00  0.000E+00  0.000E+00  0.000E+00  0.000E+00  0.000E+00  0.000E+00  0.000E+00  0.000E+00
  326.5000  4.520E-03  4.044E-03  3.633E-03  3.278E-03  2.972E-03  2.707E-03  2.353E-03  2.116E-03  1.841E-03  1.646E-03  1.417E-03  1.226E-03  1.066E-03  9.276E-04  7.903E-04  6.720E-04  5.700E-04  4.718E-04  3.940E-04  3.297E-04  2.744E-04  2.237E-04  1.856E-04  1.490E-04  1.199E-04  9.732E-05  7.668E-05  5.995E-05  4.642E-05  3.553E-05  2.685E-05  2.004E-05  1.442E-05  1.026E-05  7.179E-06  4.688E-06  2.979E-06  1.652E-06  7.761E-07  2.833E-07  6.748E-08  7.022E-09  2.339E-10  2.569E-12  2.804E-15  1.431E-19  9.093E-26  2.194E-42  0.000E+00  0.000E+00  0.000E+00  0.000E+00  0.000E+00  0.000E+00  0.000E+00  0.000E+00  0.000E+00  0.000E+00  0.000E+00  0.000E+00  0.000E+00
  327.5000  3.749E-03  3.352E-03  3.008E-03  2.711E-03  2.455E-03  2.234E-03  1.942E-03  1.745E-03  1.519E-03  1.358E-03  1.169E-03  1.012E-03  8.804E-04  7.670E-04  6.543E-04  5.571E-04  4.733E-04  3.925E-04  3.283E-04  2.752E-04  2.293E-04  1.873E-04  1.556E-04  1.250E-04  1.007E-04  8.170E-05  6.434E-05  5.027E-05  3.888E-05  2.971E-05  2.242E-05  1.669E-05  1.197E-05  8.482E-06  5.894E-06  3.794E-06  2.359E-06  1.262E-06  5.609E-07  1.895E-07  4.150E-08  4.061E-09  1.370E-10  1.621E-12  1.978E-15  1.215E-19  9.472E-26  3.159E-42  0.000E+00  0.000E+00  0.000E+00  0.000E+00  0.000E+00  0.000E+00  0.000E+00  0.000E+00  0.000E+00  0.000E+00  0.000E+00  0.000E+00  0.000E+00
  328.5000  3.462E-03  3.095E-03  2.776E-03  2.502E-03  2.265E-03  2.060E-03  1.790E-03  1.608E-03  1.399E-03  1.250E-03  1.077E-03  9.318E-04  8.100E-04  7.054E-04  6.015E-04  5.120E-04  4.348E-04  3.605E-04  3.015E-04  2.526E-04  2.104E-04  1.718E-04  1.427E-04  1.147E-04  9.230E-05  7.491E-05  5.900E-05  4.610E-05  3.565E-05  2.725E-05  2.056E-05  1.531E-05  1.098E-05  7.784E-06  5.411E-06  3.487E-06  2.172E-06  1.166E-06  5.218E-07  1.784E-07  3.982E-08  4.006E-09  1.400E-10  1.739E-12  2.289E-15  1.571E-19  1.429E-25  6.286E-42  0.000E+00  0.000E+00  0.000E+00  0.000E+00  0.000E+00  0.000E+00  0.000E+00  0.000E+00  0.000E+00  0.000E+00  0.000E+00  0.000E+00  0.000E+00
  329.5000  5.924E-03  5.310E-03  4.779E-03  4.322E-03  3.927E-03  3.585E-03  3.118E-03  2.809E-03  2.445E-03  2.189E-03  1.884E-03  1.630E-03  1.416E-03  1.232E-03  1.048E-03  8.894E-04  7.529E-04  6.214E-04  5.175E-04  4.321E-04  3.590E-04  2.917E-04  2.417E-04  1.936E-04  1.557E-04  1.264E-04  9.960E-05  7.798E-05  6.051E-05  4.644E-05  3.522E-05  2.639E-05  1.910E-05  1.369E-05  9.700E-06  6.471E-06  4.244E-06  2.480E-06  1.264E-06  5.191E-07  1.421E-07  1.712E-08  6.417E-10  7.903E-12  1.046E-14  7.072E-19  6.974E-25  3.978E-41  0.000E+00  0.000E+00  0.000E+00  0.000E+00  0.000E+00  0.000E+00  0.000E+00  0.000E+00  0.000E+00  0.000E+00  0.000E+00  0.000E+00  0.000E+00
  330.5000  4.779E-03  4.277E-03  3.844E-03  3.469E-03  3.146E-03  2.867E-03  2.492E-03  2.241E-03  1.950E-03  1.744E-03  1.501E-03  1.298E-03  1.128E-03  9.812E-04  8.353E-04  7.097E-04  6.015E-04  4.973E-04  4.149E-04  3.469E-04  2.885E-04  2.349E-04  1.949E-04  1.563E-04  1.257E-04  1.021E-04  8.044E-05  6.294E-05  4.878E-05  3.738E-05  2.830E-05  2.116E-05  1.526E-05  1.090E-05  7.672E-06  5.057E-06  3.255E-06  1.843E-06  8.953E-07  3.433E-07  8.730E-08  9.970E-09  3.790E-10  5.011E-12  7.374E-15  5.923E-19  7.070E-25  5.453E-41  0.000E+00  0.000E+00  0.000E+00  0.000E+00  0.000E+00  0.000E+00  0.000E+00  0.000E+00  0.000E+00  0.000E+00  0.000E+00  0.000E+00  0.000E+00
  331.5000  4.605E-03  4.120E-03  3.700E-03  3.338E-03  3.026E-03  2.756E-03  2.394E-03  2.153E-03  1.873E-03  1.674E-03  1.440E-03  1.246E-03  1.082E-03  9.413E-04  8.013E-04  6.808E-04  5.771E-04  4.772E-04  3.981E-04  3.329E-04  2.769E-04  2.255E-04  1.871E-04  1.501E-04  1.208E-04  9.801E-05  7.724E-05  6.042E-05  4.682E-05  3.587E-05  2.715E-05  2.029E-05  1.463E-05  1.044E-05  7.341E-06  4.828E-06  3.099E-06  1.747E-06  8.427E-07  3.205E-07  8.107E-08  9.311E-09  3.641E-10  5.068E-12  8.081E-15  7.336E-19  1.025E-24  1.044E-40  0.000E+00  0.000E+00  0.000E+00  0.000E+00  0.000E+00  0.000E+00  0.000E+00  0.000E+00  0.000E+00  0.000E+00  0.000E+00  0.000E+00  0.000E+00
  332.5000  5.597E-03  5.020E-03  4.522E-03  4.093E-03  3.723E-03  3.403E-03  2.961E-03  2.669E-03  2.324E-03  2.083E-03  1.792E-03  1.550E-03  1.347E-03  1.172E-03  9.959E-04  8.447E-04  7.145E-04  5.889E-04  4.898E-04  4.085E-04  3.392E-04  2.751E-04  2.278E-04  1.822E-04  1.464E-04  1.188E-04  9.368E-05  7.338E-05  5.700E-05  4.380E-05  3.327E-05  2.498E-05  1.812E-05  1.303E-05  9.283E-06  6.246E-06  4.150E-06  2.478E-06  1.309E-06  5.668E-07  1.662E-07  2.182E-08  9.044E-10  1.266E-11  2.063E-14  1.902E-18  2.922E-24  3.836E-40  0.000E+00  0.000E+00  0.000E+00  0.000E+00  0.000E+00  0.000E+00  0.000E+00  0.000E+00  0.000E+00  0.000E+00  0.000E+00  0.000E+00  0.000E+00
  333.5000  4.793E-03  4.294E-03  3.862E-03  3.490E-03  3.168E-03  2.890E-03  2.513E-03  2.262E-03  1.968E-03  1.761E-03  1.515E-03  1.310E-03  1.138E-03  9.893E-04  8.413E-04  7.139E-04  6.043E-04  4.986E-04  4.152E-04  3.466E-04  2.880E-04  2.339E-04  1.938E-04  1.553E-04  1.248E-04  1.013E-04  7.985E-05  6.253E-05  4.852E-05  3.725E-05  2.825E-05  2.118E-05  1.533E-05  1.099E-05  7.796E-06  5.203E-06  3.414E-06  1.995E-06  1.019E-06  4.208E-07  1.173E-07  1.489E-08  6.282E-10  9.360E-12  1.676E-14  1.798E-18  3.282E-24  5.705E-40  0.000E+00  0.000E+00  0.000E+00  0.000E+00  0.000E+00  0.000E+00  0.000E+00  0.000E+00  0.000E+00  0.000E+00  0.000E+00  0.000E+00  0.000E+00
  334.5000  5.613E-03  5.030E-03  4.527E-03  4.094E-03  3.719E-03  3.396E-03  2.952E-03  2.659E-03  2.314E-03  2.072E-03  1.782E-03  1.541E-03  1.338E-03  1.163E-03  9.888E-04  8.386E-04  7.093E-04  5.848E-04  4.865E-04  4.058E-04  3.370E-04  2.734E-04  2.264E-04  1.812E-04  1.456E-04  1.182E-04  9.315E-05  7.296E-05  5.665E-05  4.352E-05  3.304E-05  2.479E-05  1.797E-05  1.291E-05  9.183E-06  6.161E-06  4.076E-06  2.417E-06  1.263E-06  5.394E-07  1.567E-07  2.079E-08  9.093E-10  1.404E-11  2.668E-14  3.113E-18  6.479E-24  1.460E-39  0.000E+00  0.000E+00  0.000E+00  0.000E+00  0.000E+00  0.000E+00  0.000E+00  0.000E+00  0.000E+00  0.000E+00  0.000E+00  0.000E+00  0.000E+00
  335.5000  6.325E-03  5.678E-03  5.119E-03  4.638E-03  4.223E-03  3.864E-03  3.363E-03  3.035E-03  2.643E-03  2.370E-03  2.040E-03  1.764E-03  1.533E-03  1.334E-03  1.133E-03  9.603E-04  8.116E-04  6.680E-04  5.549E-04  4.623E-04  3.836E-04  3.105E-04  2.569E-04  2.053E-04  1.648E-04  1.338E-04  1.054E-04  8.261E-05  6.422E-05  4.941E-05  3.759E-05  2.827E-05  2.056E-05  1.482E-05  1.060E-05  7.184E-06  4.827E-06  2.938E-06  1.601E-06  7.271E-07  2.270E-07  3.232E-08  1.474E-09  2.332E-11  4.638E-14  5.755E-18  1.348E-23  3.923E-39  0.000E+00  0.000E+00  0.000E+00  0.000E+00  0.000E+00  0.000E+00  0.000E+00  0.000E+00  0.000E+00  0.000E+00  0.000E+00  0.000E+00  0.000E+00
  336.5000  4.792E-03  4.299E-03  3.873E-03  3.507E-03  3.190E-03  2.917E-03  2.537E-03  2.288E-03  1.992E-03  1.785E-03  1.536E-03  1.328E-03  1.153E-03  1.003E-03  8.522E-04  7.223E-04  6.105E-04  5.026E-04  4.176E-04  3.479E-04  2.887E-04  2.338E-04  1.935E-04  1.547E-04  1.242E-04  1.008E-04  7.942E-05  6.223E-05  4.837E-05  3.720E-05  2.829E-05  2.127E-05  1.546E-05  1.114E-05  7.957E-06  5.381E-06  3.604E-06  2.182E-06  1.179E-06  5.297E-07  1.638E-07  2.334E-08  1.091E-09  1.813E-11  3.891E-14  5.426E-18  1.474E-23  5.571E-39  0.000E+00  0.000E+00  0.000E+00  0.000E+00  0.000E+00  0.000E+00  0.000E+00  0.000E+00  0.000E+00  0.000E+00  0.000E+00  0.000E+00  0.000E+00
  337.5000  4.883E-03  4.375E-03  3.937E-03  3.559E-03  3.232E-03  2.950E-03  2.564E-03  2.309E-03  2.009E-03  1.798E-03  1.546E-03  1.336E-03  1.160E-03  1.008E-03  8.569E-04  7.264E-04  6.142E-04  5.061E-04  4.208E-04  3.509E-04  2.913E-04  2.362E-04  1.955E-04  1.565E-04  1.257E-04  1.020E-04  8.040E-05  6.298E-05  4.891E-05  3.759E-05  2.855E-05  2.144E-05  1.555E-05  1.118E-05  7.964E-06  5.355E-06  3.553E-06  2.118E-06  1.117E-06  4.845E-07  1.444E-07  2.011E-08  9.583E-10  1.684E-11  3.935E-14  6.278E-18  1.997E-23  9.825E-39  0.000E+00  0.000E+00  0.000E+00  0.000E+00  0.000E+00  0.000E+00  0.000E+00  0.000E+00  0.000E+00  0.000E+00  0.000E+00  0.000E+00  0.000E+00
  338.5000  5.765E-03  5.175E-03  4.665E-03  4.226E-03  3.847E-03  3.520E-03  3.062E-03  2.763E-03  2.406E-03  2.157E-03  1.856E-03  1.605E-03  1.394E-03  1.212E-03  1.029E-03  8.720E-04  7.366E-04  6.058E-04  5.030E-04  4.188E-04  3.474E-04  2.809E-04  2.323E-04  1.855E-04  1.489E-04  1.208E-04  9.521E-05  7.462E-05  5.802E-05  4.466E-05  3.399E-05  2.558E-05  1.862E-05  1.343E-05  9.623E-06  6.535E-06  4.405E-06  2.698E-06  1.487E-06  6.881E-07  2.215E-07  3.324E-08  1.652E-09  2.967E-11  7.221E-14  1.213E-17  4.299E-23  2.692E-38  0.000E+00  0.000E+00  0.000E+00  0.000E+00  0.000E+00  0.000E+00  0.000E+00  0.000E+00  0.000E+00  0.000E+00  0.000E+00  0.000E+00  0.000E+00
  339.5000  6.365E-03  5.714E-03  5.152E-03  4.668E-03  4.251E-03  3.890E-03  3.385E-03  3.055E-03  2.660E-03  2.386E-03  2.052E-03  1.774E-03  1.541E-03  1.340E-03  1.138E-03  9.636E-04  8.138E-04  6.690E-04  5.552E-04  4.621E-04  3.832E-04  3.097E-04  2.561E-04  2.044E-04  1.641E-04  1.331E-04  1.049E-04  8.218E-05  6.391E-05  4.921E-05  3.747E-05  2.821E-05  2.054E-05  1.483E-05  1.064E-05  7.235E-06  4.890E-06  3.010E-06  1.672E-06  7.843E-07  2.572E-07  3.955E-08  2.025E-09  3.780E-11  9.789E-14  1.803E-17  7.271E-23  5.819E-38  0.000E+00  0.000E+00  0.000E+00  0.000E+00  0.000E+00  0.000E+00  0.000E+00  0.000E+00  0.000E+00  0.000E+00  0.000E+00  0.000E+00  0.000E+00
  340.5000  6.528E-03  5.855E-03  5.275E-03  4.775E-03  4.344E-03  3.971E-03  3.453E-03  3.113E-03  2.710E-03  2.428E-03  2.088E-03  1.804E-03  1.567E-03  1.362E-03  1.156E-03  9.792E-04  8.270E-04  6.802E-04  5.647E-04  4.701E-04  3.899E-04  3.154E-04  2.608E-04  2.083E-04  1.672E-04  1.356E-04  1.069E-04  8.375E-05  6.511E-05  5.011E-05  3.814E-05  2.870E-05  2.088E-05  1.506E-05  1.078E-05  7.317E-06  4.924E-06  3.009E-06  1.653E-06  7.622E-07  2.458E-07  3.757E-08  1.966E-09  3.851E-11  1.074E-13  2.221E-17  1.033E-22  1.063E-37  0.000E+00  0.000E+00  0.000E+00  0.000E+00  0.000E+00  0.000E+00  0.000E+00  0.000E+00  0.000E+00  0.000E+00  0.000E+00  0.000E+00  0.000E+00
  341.5000  6.151E-03  5.523E-03  4.981E-03  4.514E-03  4.112E-03  3.764E-03  3.275E-03  2.956E-03  2.575E-03  2.309E-03  1.986E-03  1.717E-03  1.492E-03  1.297E-03  1.101E-03  9.321E-04  7.869E-04  6.465E-04  5.363E-04  4.461E-04  3.699E-04  2.987E-04  2.469E-04  1.970E-04  1.580E-04  1.281E-04  1.010E-04  7.913E-05  6.155E-05  4.741E-05  3.612E-05  2.722E-05  1.983E-05  1.434E-05  1.029E-05  7.019E-06  4.762E-06  2.949E-06  1.657E-06  7.909E-07  2.660E-07  4.252E-08  2.301E-09  4.644E-11  1.362E-13  3.026E-17  1.581E-22  2.063E-37  0.000E+00  0.000E+00  0.000E+00  0.000E+00  0.000E+00  0.000E+00  0.000E+00  0.000E+00  0.000E+00  0.000E+00  0.000E+00  0.000E+00  0.000E+00
  342.5000  6.890E-03  6.187E-03  5.581E-03  5.059E-03  4.608E-03  4.220E-03  3.672E-03  3.315E-03  2.887E-03  2.590E-03  2.228E-03  1.926E-03  1.672E-03  1.454E-03  1.234E-03  1.045E-03  8.818E-04  7.243E-04  6.005E-04  4.994E-04  4.140E-04  3.341E-04  2.761E-04  2.202E-04  1.766E-04  1.432E-04  1.128E-04  8.843E-05  6.879E-05  5.301E-05  4.040E-05  3.045E-05  2.220E-05  1.605E-05  1.154E-05  7.876E-06  5.354E-06  3.328E-06  1.882E-06  9.075E-07  3.098E-07  5.057E-08  2.814E-09  5.896E-11  1.837E-13  4.463E-17  2.643E-22  4.367E-37  0.000E+00  0.000E+00  0.000E+00  0.000E+00  0.000E+00  0.000E+00  0.000E+00  0.000E+00  0.000E+00  0.000E+00  0.000E+00  0.000E+00  0.000E+00
  343.5000  7.013E-03  6.295E-03  5.675E-03  5.141E-03  4.681E-03  4.284E-03  3.726E-03  3.362E-03  2.927E-03  2.624E-03  2.256E-03  1.950E-03  1.693E-03  1.471E-03  1.249E-03  1.057E-03  8.920E-04  7.327E-04  6.075E-04  5.053E-04  4.188E-04  3.381E-04  2.794E-04  2.229E-04  1.788E-04  1.449E-04  1.142E-04  8.949E-05  6.961E-05  5.363E-05  4.086E-05  3.079E-05  2.244E-05  1.622E-05  1.165E-05  7.948E-06  5.394E-06  3.344E-06  1.884E-06  9.037E-07  3.075E-07  5.048E-08  2.876E-09  6.289E-11  2.094E-13  5.628E-17  3.798E-22  7.957E-37  0.000E+00  0.000E+00  0.000E+00  0.000E+00  0.000E+00  0.000E+00  0.000E+00  0.000E+00  0.000E+00  0.000E+00  0.000E+00  0.000E+00  0.000E+00
  344.5000  4.807E-03  4.312E-03  3.886E-03  3.518E-03  3.201E-03  2.927E-03  2.545E-03  2.295E-03  1.997E-03  1.790E-03  1.539E-03  1.329E-03  1.154E-03  1.003E-03  8.506E-04  7.199E-04  6.076E-04  4.991E-04  4.139E-04  3.442E-04  2.853E-04  2.304E-04  1.904E-04  1.519E-04  1.219E-04  9.881E-05  7.785E-05  6.101E-05  4.745E-05  3.655E-05  2.784E-05  2.097E-05  1.528E-05  1.104E-05  7.927E-06  5.401E-06  3.658E-06  2.261E-06  1.267E-06  6.040E-07  2.045E-07  3.368E-08  1.963E-09  4.478E-11  1.592E-13  4.736E-17  3.640E-22  9.661E-37  0.000E+00  0.000E+00  0.000E+00  0.000E+00  0.000E+00  0.000E+00  0.000E+00  0.000E+00  0.000E+00  0.000E+00  0.000E+00  0.000E+00  0.000E+00
  345.5000  6.985E-03  6.273E-03  5.659E-03  5.130E-03  4.674E-03  4.281E-03  3.724E-03  3.363E-03  2.928E-03  2.627E-03  2.259E-03  1.953E-03  1.696E-03  1.474E-03  1.251E-03  1.058E-03  8.927E-04  7.326E-04  6.070E-04  5.045E-04  4.180E-04  3.370E-04  2.783E-04  2.218E-04  1.778E-04  1.441E-04  1.135E-04  8.897E-05  6.924E-05  5.337E-05  4.070E-05  3.070E-05  2.240E-05  1.622E-05  1.167E-05  7.992E-06  5.454E-06  3.414E-06  1.955E-06  9.623E-07  3.391E-07  5.829E-08  3.508E-09  8.227E-11  3.067E-13  9.753E-17  8.349E-22  2.761E-36  0.000E+00  0.000E+00  0.000E+00  0.000E+00  0.000E+00  0.000E+00  0.000E+00  0.000E+00  0.000E+00  0.000E+00  0.000E+00  0.000E+00  0.000E+00
  346.5000  6.305E-03  5.659E-03  5.100E-03  4.619E-03  4.205E-03  3.847E-03  3.345E-03  3.017E-03  2.626E-03  2.354E-03  2.023E-03  1.748E-03  1.517E-03  1.318E-03  1.118E-03  9.459E-04  7.980E-04  6.551E-04  5.429E-04  4.513E-04  3.739E-04  3.017E-04  2.492E-04  1.987E-04  1.593E-04  1.291E-04  1.017E-04  7.972E-05  6.202E-05  4.779E-05  3.643E-05  2.746E-05  2.003E-05  1.449E-05  1.042E-05  7.116E-06  4.839E-06  3.013E-06  1.710E-06  8.313E-07  2.896E-07  4.967E-08  3.053E-09  7.476E-11  2.979E-13  1.050E-16  1.024E-21  4.284E-36  0.000E+00  0.000E+00  0.000E+00  0.000E+00  0.000E+00  0.000E+00  0.000E+00  0.000E+00  0.000E+00  0.000E+00  0.000E+00  0.000E+00  0.000E+00
  347.5000  6.188E-03  5.553E-03  5.005E-03  4.533E-03  4.126E-03  3.775E-03  3.282E-03  2.961E-03  2.577E-03  2.310E-03  1.985E-03  1.715E-03  1.488E-03  1.293E-03  1.097E-03  9.276E-04  7.823E-04  6.420E-04  5.320E-04  4.421E-04  3.662E-04  2.954E-04  2.439E-04  1.944E-04  1.559E-04  1.263E-04  9.951E-05  7.799E-05  6.068E-05  4.676E-05  3.565E-05  2.688E-05  1.962E-05  1.419E-05  1.021E-05  6.979E-06  4.752E-06  2.965E-06  1.689E-06  8.266E-07  2.909E-07  5.073E-08  3.197E-09  8.117E-11  3.425E-13  1.315E-16  1.442E-21  7.538E-36  0.000E+00  0.000E+00  0.000E+00  0.000E+00  0.000E+00  0.000E+00  0.000E+00  0.000E+00  0.000E+00  0.000E+00  0.000E+00  0.000E+00  0.000E+00
  348.5000  6.891E-03  6.185E-03  5.576E-03  5.051E-03  4.599E-03  4.209E-03  3.659E-03  3.302E-03  2.873E-03  2.576E-03  2.214E-03  1.913E-03  1.660E-03  1.442E-03  1.223E-03  1.034E-03  8.720E-04  7.154E-04  5.925E-04  4.923E-04  4.077E-04  3.287E-04  2.713E-04  2.162E-04  1.733E-04  1.404E-04  1.106E-04  8.668E-05  6.745E-05  5.199E-05  3.965E-05  2.991E-05  2.184E-05  1.581E-05  1.138E-05  7.789E-06  5.315E-06  3.329E-06  1.909E-06  9.440E-07  3.371E-07  6.000E-08  3.880E-09  1.019E-10  4.542E-13  1.890E-16  2.323E-21  1.511E-35  0.000E+00  0.000E+00  0.000E+00  0.000E+00  0.000E+00  0.000E+00  0.000E+00  0.000E+00  0.000E+00  0.000E+00  0.000E+00  0.000E+00  0.000E+00
  349.5000  5.766E-03  5.175E-03  4.665E-03  4.225E-03  3.846E-03  3.519E-03  3.059E-03  2.760E-03  2.402E-03  2.153E-03  1.850E-03  1.598E-03  1.387E-03  1.205E-03  1.021E-03  8.634E-04  7.279E-04  5.971E-04  4.944E-04  4.107E-04  3.401E-04  2.741E-04  2.263E-04  1.803E-04  1.445E-04  1.171E-04  9.218E-05  7.225E-05  5.622E-05  4.334E-05  3.305E-05  2.494E-05  1.821E-05  1.318E-05  9.492E-06  6.499E-06  4.437E-06  2.782E-06  1.598E-06  7.932E-07  2.852E-07  5.144E-08  3.407E-09  9.275E-11  4.375E-13  1.983E-16  2.735E-21  2.212E-35  0.000E+00  0.000E+00  0.000E+00  0.000E+00  0.000E+00  0.000E+00  0.000E+00  0.000E+00  0.000E+00  0.000E+00  0.000E+00  0.000E+00  0.000E+00
  350.5000  8.099E-03  7.269E-03  6.552E-03  5.934E-03  5.402E-03  4.943E-03  4.297E-03  3.876E-03  3.373E-03  3.023E-03  2.598E-03  2.243E-03  1.947E-03  1.691E-03  1.433E-03  1.212E-03  1.021E-03  8.375E-04  6.933E-04  5.758E-04  4.767E-04  3.841E-04  3.170E-04  2.525E-04  2.023E-04  1.639E-04  1.291E-04  1.012E-04  7.871E-05  6.069E-05  4.629E-05  3.493E-05  2.551E-05  1.848E-05  1.331E-05  9.118E-06  6.231E-06  3.914E-06  2.256E-06  1.126E-06  4.086E-07  7.484E-08  5.077E-09  1.431E-10  7.131E-13  3.509E-16  5.416E-21  5.427E-35  0.000E+00  0.000E+00  0.000E+00  0.000E+00  0.000E+00  0.000E+00  0.000E+00  0.000E+00  0.000E+00  0.000E+00  0.000E+00  0.000E+00  0.000E+00
  351.5000  6.947E-03  6.234E-03  5.618E-03  5.088E-03  4.630E-03  4.236E-03  3.681E-03  3.320E-03  2.888E-03  2.588E-03  2.224E-03  1.920E-03  1.666E-03  1.447E-03  1.226E-03  1.036E-03  8.733E-04  7.160E-04  5.927E-04  4.921E-04  4.074E-04  3.282E-04  2.708E-04  2.157E-04  1.728E-04  1.400E-04  1.102E-04  8.638E-05  6.722E-05  5.183E-05  3.954E-05  2.984E-05  2.179E-05  1.578E-05  1.137E-05  7.790E-06  5.324E-06  3.346E-06  1.931E-06  9.655E-07  3.520E-07  6.522E-08  4.527E-09  1.322E-10  6.967E-13  3.729E-16  6.440E-21  7.979E-35  0.000E+00  0.000E+00  0.000E+00  0.000E+00  0.000E+00  0.000E+00  0.000E+00  0.000E+00  0.000E+00  0.000E+00  0.000E+00  0.000E+00  0.000E+00
  352.5000  6.293E-03  5.648E-03  5.090E-03  4.609E-03  4.195E-03  3.838E-03  3.335E-03  3.008E-03  2.616E-03  2.345E-03  2.014E-03  1.739E-03  1.509E-03  1.310E-03  1.110E-03  9.380E-04  7.904E-04  6.479E-04  5.361E-04  4.450E-04  3.684E-04  2.967E-04  2.447E-04  1.949E-04  1.561E-04  1.265E-04  9.955E-05  7.802E-05  6.071E-05  4.682E-05  3.572E-05  2.696E-05  1.970E-05  1.427E-05  1.028E-05  7.052E-06  4.824E-06  3.038E-06  1.759E-06  8.853E-07  3.258E-07  6.132E-08  4.357E-09  1.315E-10  7.311E-13  4.236E-16  8.159E-21  1.246E-34  0.000E+00  0.000E+00  0.000E+00  0.000E+00  0.000E+00  0.000E+00  0.000E+00  0.000E+00  0.000E+00  0.000E+00  0.000E+00  0.000E+00  0.000E+00
  353.5000  7.628E-03  6.846E-03  6.170E-03  5.588E-03  5.086E-03  4.653E-03  4.044E-03  3.648E-03  3.173E-03  2.843E-03  2.442E-03  2.109E-03  1.829E-03  1.588E-03  1.345E-03  1.137E-03  9.578E-04  7.848E-04  6.493E-04  5.388E-04  4.460E-04  3.590E-04  2.961E-04  2.357E-04  1.887E-04  1.529E-04  1.203E-04  9.431E-05  7.340E-05  5.660E-05  4.320E-05  3.262E-05  2.384E-05  1.728E-05  1.246E-05  8.548E-06  5.856E-06  3.696E-06  2.150E-06  1.089E-06  4.052E-07  7.751E-08  5.638E-09  1.759E-10  1.029E-12  6.443E-16  1.381E-20  2.591E-34  0.000E+00  0.000E+00  0.000E+00  0.000E+00  0.000E+00  0.000E+00  0.000E+00  0.000E+00  0.000E+00  0.000E+00  0.000E+00  0.000E+00  0.000E+00
  354.5000  8.304E-03  7.453E-03  6.717E-03  6.084E-03  5.538E-03  5.067E-03  4.403E-03  3.972E-03  3.455E-03  3.096E-03  2.659E-03  2.296E-03  1.991E-03  1.729E-03  1.464E-03  1.237E-03  1.042E-03  8.537E-04  7.061E-04  5.858E-04  4.848E-04  3.900E-04  3.216E-04  2.560E-04  2.049E-04  1.660E-04  1.306E-04  1.024E-04  7.968E-05  6.146E-05  4.691E-05  3.543E-05  2.590E-05  1.878E-05  1.354E-05  9.301E-06  6.380E-06  4.035E-06  2.356E-06  1.202E-06  4.514E-07  8.771E-08  6.528E-09  2.103E-10  1.296E-12  8.756E-16  2.086E-20  4.796E-34  0.000E+00  0.000E+00  0.000E+00  0.000E+00  0.000E+00  0.000E+00  0.000E+00  0.000E+00  0.000E+00  0.000E+00  0.000E+00  0.000E+00  0.000E+00
  355.5000  7.766E-03  6.970E-03  6.282E-03  5.689E-03  5.178E-03  4.737E-03  4.116E-03  3.712E-03  3.229E-03  2.893E-03  2.485E-03  2.145E-03  1.860E-03  1.615E-03  1.368E-03  1.155E-03  9.728E-04  7.968E-04  6.589E-04  5.465E-04  4.522E-04  3.637E-04  2.999E-04  2.386E-04  1.910E-04  1.547E-04  1.217E-04  9.540E-05  7.425E-05  5.727E-05  4.372E-05  3.303E-05  2.415E-05  1.751E-05  1.263E-05  8.680E-06  5.957E-06  3.773E-06  2.208E-06  1.131E-06  4.279E-07  8.425E-08  6.410E-09  2.133E-10  1.384E-12  1.011E-15  2.674E-20  7.520E-34  0.000E+00  0.000E+00  0.000E+00  0.000E+00  0.000E+00  0.000E+00  0.000E+00  0.000E+00  0.000E+00  0.000E+00  0.000E+00  0.000E+00  0.000E+00
  356.5000  7.206E-03  6.466E-03  5.827E-03  5.277E-03  4.802E-03  4.393E-03  3.817E-03  3.442E-03  2.993E-03  2.682E-03  2.303E-03  1.988E-03  1.724E-03  1.496E-03  1.267E-03  1.070E-03  9.008E-04  7.376E-04  6.098E-04  5.057E-04  4.184E-04  3.364E-04  2.774E-04  2.206E-04  1.766E-04  1.430E-04  1.125E-04  8.818E-05  6.863E-05  5.294E-05  4.042E-05  3.053E-05  2.233E-05  1.620E-05  1.169E-05  8.033E-06  5.516E-06  3.498E-06  2.051E-06  1.054E-06  4.016E-07  8.007E-08  6.226E-09  2.140E-10  1.462E-12  1.152E-15  3.380E-20  1.160E-33  0.000E+00  0.000E+00  0.000E+00  0.000E+00  0.000E+00  0.000E+00  0.000E+00  0.000E+00  0.000E+00  0.000E+00  0.000E+00  0.000E+00  0.000E+00
  357.5000  6.121E-03  5.493E-03  4.949E-03  4.481E-03  4.078E-03  3.730E-03  3.240E-03  2.922E-03  2.540E-03  2.276E-03  1.954E-03  1.686E-03  1.462E-03  1.269E-03  1.074E-03  9.070E-04  7.635E-04  6.251E-04  5.167E-04  4.284E-04  3.544E-04  2.849E-04  2.348E-04  1.868E-04  1.495E-04  1.210E-04  9.523E-05  7.462E-05  5.808E-05  4.480E-05  3.421E-05  2.585E-05  1.890E-05  1.371E-05  9.897E-06  6.805E-06  4.675E-06  2.967E-06  1.743E-06  8.989E-07  3.445E-07  6.952E-08  5.523E-09  1.960E-10  1.408E-12  1.197E-15  3.891E-20  1.626E-33  0.000E+00  0.000E+00  0.000E+00  0.000E+00  0.000E+00  0.000E+00  0.000E+00  0.000E+00  0.000E+00  0.000E+00  0.000E+00  0.000E+00  0.000E+00
  358.5000  4.738E-03  4.252E-03  3.831E-03  3.469E-03  3.156E-03  2.887E-03  2.508E-03  2.261E-03  1.966E-03  1.761E-03  1.512E-03  1.304E-03  1.131E-03  9.812E-04  8.308E-04  7.014E-04  5.903E-04  4.832E-04  3.993E-04  3.310E-04  2.737E-04  2.200E-04  1.813E-04  1.442E-04  1.154E-04  9.338E-05  7.347E-05  5.757E-05  4.481E-05  3.457E-05  2.640E-05  1.995E-05  1.460E-05  1.059E-05  7.645E-06  5.259E-06  3.616E-06  2.299E-06  1.354E-06  7.019E-07  2.711E-07  5.547E-08  4.503E-09  1.648E-10  1.243E-12  1.137E-15  4.086E-20  2.073E-33  0.000E+00  0.000E+00  0.000E+00  0.000E+00  0.000E+00  0.000E+00  0.000E+00  0.000E+00  0.000E+00  0.000E+00  0.000E+00  0.000E+00  0.000E+00
  359.5000  7.976E-03  7.157E-03  6.448E-03  5.837E-03  5.311E-03  4.858E-03  4.219E-03  3.804E-03  3.306E-03  2.962E-03  2.542E-03  2.193E-03  1.901E-03  1.649E-03  1.396E-03  1.178E-03  9.917E-04  8.115E-04  6.705E-04  5.557E-04  4.595E-04  3.692E-04  3.042E-04  2.419E-04  1.935E-04  1.566E-04  1.232E-04  9.654E-05  7.514E-05  5.798E-05  4.428E-05  3.346E-05  2.449E-05  1.777E-05  1.283E-05  8.831E-06  6.075E-06  3.866E-06  2.283E-06  1.187E-06  4.616E-07  9.560E-08  7.924E-09  2.991E-10  2.370E-12  2.331E-15  9.254E-20  5.686E-33  0.000E+00  0.000E+00  0.000E+00  0.000E+00  0.000E+00  0.000E+00  0.000E+00  0.000E+00  0.000E+00  0.000E+00  0.000E+00  0.000E+00  0.000E+00
  360.5000  7.397E-03  6.637E-03  5.979E-03  5.413E-03  4.924E-03  4.503E-03  3.911E-03  3.526E-03  3.064E-03  2.745E-03  2.356E-03  2.032E-03  1.761E-03  1.528E-03  1.293E-03  1.091E-03  9.180E-04  7.511E-04  6.204E-04  5.141E-04  4.250E-04  3.414E-04  2.813E-04  2.236E-04  1.788E-04  1.447E-04  1.139E-04  8.920E-05  6.943E-05  5.357E-05  4.092E-05  3.093E-05  2.264E-05  1.643E-05  1.187E-05  8.170E-06  5.624E-06  3.583E-06  2.120E-06  1.107E-06  4.332E-07  9.082E-08  7.685E-09  2.991E-10  2.486E-12  2.627E-15  1.150E-19  8.543E-33  0.000E+00  0.000E+00  0.000E+00  0.000E+00  0.000E+00  0.000E+00  0.000E+00  0.000E+00  0.000E+00  0.000E+00  0.000E+00  0.000E+00  0.000E+00
  361.5000  6.683E-03  5.997E-03  5.402E-03  4.890E-03  4.449E-03  4.069E-03  3.533E-03  3.185E-03  2.768E-03  2.479E-03  2.127E-03  1.835E-03  1.590E-03  1.379E-03  1.167E-03  9.847E-04  8.283E-04  6.775E-04  5.595E-04  4.635E-04  3.832E-04  3.077E-04  2.534E-04  2.014E-04  1.611E-04  1.303E-04  1.025E-04  8.032E-05  6.252E-05  4.824E-05  3.686E-05  2.786E-05  2.040E-05  1.481E-05  1.070E-05  7.368E-06  5.075E-06  3.238E-06  1.921E-06  1.007E-06  3.970E-07  8.431E-08  7.282E-09  2.919E-10  2.544E-12  2.884E-15  1.390E-19  1.245E-32  0.000E+00  0.000E+00  0.000E+00  0.000E+00  0.000E+00  0.000E+00  0.000E+00  0.000E+00  0.000E+00  0.000E+00  0.000E+00  0.000E+00  0.000E+00
  362.5000  7.858E-03  7.050E-03  6.352E-03  5.749E-03  5.230E-03  4.783E-03  4.152E-03  3.743E-03  3.253E-03  2.913E-03  2.499E-03  2.155E-03  1.868E-03  1.620E-03  1.370E-03  1.156E-03  9.724E-04  7.952E-04  6.565E-04  5.438E-04  4.494E-04  3.608E-04  2.971E-04  2.361E-04  1.888E-04  1.527E-04  1.201E-04  9.410E-05  7.325E-05  5.653E-05  4.319E-05  3.265E-05  2.391E-05  1.736E-05  1.255E-05  8.645E-06  5.958E-06  3.806E-06  2.263E-06  1.191E-06  4.727E-07  1.016E-07  8.956E-09  3.698E-10  3.376E-12  4.104E-15  2.175E-19  2.342E-32  0.000E+00  0.000E+00  0.000E+00  0.000E+00  0.000E+00  0.000E+00  0.000E+00  0.000E+00  0.000E+00  0.000E+00  0.000E+00  0.000E+00  0.000E+00
  363.5000  6.995E-03  6.276E-03  5.653E-03  5.117E-03  4.654E-03  4.256E-03  3.695E-03  3.330E-03  2.893E-03  2.591E-03  2.223E-03  1.917E-03  1.661E-03  1.440E-03  1.218E-03  1.027E-03  8.639E-04  7.063E-04  5.831E-04  4.828E-04  3.990E-04  3.202E-04  2.637E-04  2.094E-04  1.675E-04  1.355E-04  1.065E-04  8.345E-05  6.496E-05  5.013E-05  3.831E-05  2.897E-05  2.121E-05  1.541E-05  1.114E-05  7.676E-06  5.293E-06  3.385E-06  2.016E-06  1.065E-06  4.255E-07  9.254E-08  8.320E-09  3.537E-10  3.381E-12  4.403E-15  2.564E-19  3.313E-32  0.000E+00  0.000E+00  0.000E+00  0.000E+00  0.000E+00  0.000E+00  0.000E+00  0.000E+00  0.000E+00  0.000E+00  0.000E+00  0.000E+00  0.000E+00
  364.5000  7.628E-03  6.843E-03  6.164E-03  5.579E-03  5.074E-03  4.639E-03  4.027E-03  3.629E-03  3.152E-03  2.823E-03  2.421E-03  2.088E-03  1.808E-03  1.568E-03  1.326E-03  1.118E-03  9.402E-04  7.686E-04  6.343E-04  5.252E-04  4.339E-04  3.482E-04  2.866E-04  2.276E-04  1.820E-04  1.472E-04  1.157E-04  9.066E-05  7.057E-05  5.446E-05  4.162E-05  3.147E-05  2.305E-05  1.674E-05  1.211E-05  8.347E-06  5.759E-06  3.686E-06  2.200E-06  1.166E-06  4.683E-07  1.030E-07  9.443E-09  4.132E-10  4.135E-12  5.765E-15  3.682E-19  5.699E-32  0.000E+00  0.000E+00  0.000E+00  0.000E+00  0.000E+00  0.000E+00  0.000E+00  0.000E+00  0.000E+00  0.000E+00  0.000E+00  0.000E+00  0.000E+00
  365.5000  9.289E-03  8.333E-03  7.504E-03  6.791E-03  6.175E-03  5.646E-03  4.900E-03  4.415E-03  3.835E-03  3.433E-03  2.945E-03  2.538E-03  2.199E-03  1.906E-03  1.612E-03  1.359E-03  1.142E-03  9.336E-04  7.703E-04  6.377E-04  5.268E-04  4.226E-04  3.478E-04  2.762E-04  2.207E-04  1.785E-04  1.404E-04  1.100E-04  8.558E-05  6.605E-05  5.048E-05  3.818E-05  2.797E-05  2.032E-05  1.469E-05  1.013E-05  6.994E-06  4.480E-06  2.678E-06  1.423E-06  5.749E-07  1.278E-07  1.195E-08  5.380E-10  5.631E-12  8.399E-15  5.878E-19  1.087E-31  0.000E+00  0.000E+00  0.000E+00  0.000E+00  0.000E+00  0.000E+00  0.000E+00  0.000E+00  0.000E+00  0.000E+00  0.000E+00  0.000E+00  0.000E+00
  366.5000  9.842E-03  8.829E-03  7.951E-03  7.195E-03  6.542E-03  5.981E-03  5.190E-03  4.676E-03  4.061E-03  3.636E-03  3.118E-03  2.687E-03  2.327E-03  2.017E-03  1.705E-03  1.438E-03  1.208E-03  9.873E-04  8.145E-04  6.741E-04  5.568E-04  4.465E-04  3.674E-04  2.917E-04  2.331E-04  1.885E-04  1.482E-04  1.161E-04  9.035E-05  6.974E-05  5.330E-05  4.032E-05  2.954E-05  2.146E-05  1.553E-05  1.071E-05  7.397E-06  4.744E-06  2.841E-06  1.516E-06  6.161E-07  1.386E-07  1.320E-08  6.113E-10  6.687E-12  1.065E-14  8.156E-19  1.799E-31  0.000E+00  0.000E+00  0.000E+00  0.000E+00  0.000E+00  0.000E+00  0.000E+00  0.000E+00  0.000E+00  0.000E+00  0.000E+00  0.000E+00  0.000E+00
  367.5000  9.357E-03  8.393E-03  7.558E-03  6.839E-03  6.218E-03  5.684E-03  4.932E-03  4.443E-03  3.859E-03  3.454E-03  2.961E-03  2.552E-03  2.210E-03  1.915E-03  1.620E-03  1.365E-03  1.147E-03  9.369E-04  7.727E-04  6.394E-04  5.280E-04  4.233E-04  3.483E-04  2.764E-04  2.209E-04  1.786E-04  1.404E-04  1.100E-04  8.559E-05  6.606E-05  5.050E-05  3.821E-05  2.800E-05  2.035E-05  1.472E-05  1.016E-05  7.020E-06  4.507E-06  2.705E-06  1.448E-06  5.923E-07  1.348E-07  1.308E-08  6.226E-10  7.113E-12  1.209E-14  1.012E-18  2.656E-31  0.000E+00  0.000E+00  0.000E+00  0.000E+00  0.000E+00  0.000E+00  0.000E+00  0.000E+00  0.000E+00  0.000E+00  0.000E+00  0.000E+00  0.000E+00
  368.5000  8.221E-03  7.374E-03  6.640E-03  6.008E-03  5.462E-03  4.993E-03  4.331E-03  3.902E-03  3.388E-03  3.032E-03  2.599E-03  2.240E-03  1.939E-03  1.680E-03  1.421E-03  1.197E-03  1.006E-03  8.214E-04  6.773E-04  5.603E-04  4.627E-04  3.708E-04  3.050E-04  2.421E-04  1.934E-04  1.564E-04  1.229E-04  9.624E-05  7.491E-05  5.783E-05  4.420E-05  3.345E-05  2.452E-05  1.782E-05  1.289E-05  8.902E-06  6.154E-06  3.954E-06  2.377E-06  1.277E-06  5.251E-07  1.208E-07  1.195E-08  5.842E-10  6.969E-12  1.263E-14  1.154E-18  3.598E-31  0.000E+00  0.000E+00  0.000E+00  0.000E+00  0.000E+00  0.000E+00  0.000E+00  0.000E+00  0.000E+00  0.000E+00  0.000E+00  0.000E+00  0.000E+00
  369.5000  9.864E-03  8.848E-03  7.967E-03  7.207E-03  6.552E-03  5.988E-03  5.194E-03  4.678E-03  4.062E-03  3.635E-03  3.116E-03  2.685E-03  2.324E-03  2.013E-03  1.702E-03  1.434E-03  1.204E-03  9.835E-04  8.107E-04  6.706E-04  5.536E-04  4.436E-04  3.648E-04  2.895E-04  2.312E-04  1.869E-04  1.469E-04  1.150E-04  8.954E-05  6.912E-05  5.284E-05  3.999E-05  2.932E-05  2.131E-05  1.542E-05  1.065E-05  7.366E-06  4.738E-06  2.854E-06  1.537E-06  6.358E-07  1.478E-07  1.489E-08  7.480E-10  9.310E-12  1.798E-14  1.790E-18  6.618E-31  0.000E+00  0.000E+00  0.000E+00  0.000E+00  0.000E+00  0.000E+00  0.000E+00  0.000E+00  0.000E+00  0.000E+00  0.000E+00  0.000E+00  0.000E+00
  370.5000  8.951E-03  8.028E-03  7.228E-03  6.538E-03  5.943E-03  5.432E-03  4.711E-03  4.243E-03  3.683E-03  3.296E-03  2.824E-03  2.433E-03  2.106E-03  1.824E-03  1.542E-03  1.299E-03  1.091E-03  8.905E-04  7.339E-04  6.069E-04  5.010E-04  4.013E-04  3.300E-04  2.618E-04  2.091E-04  1.690E-04  1.328E-04  1.040E-04  8.094E-05  6.248E-05  4.777E-05  3.615E-05  2.651E-05  1.927E-05  1.395E-05  9.638E-06  6.668E-06  4.293E-06  2.590E-06  1.399E-06  5.820E-07  1.367E-07  1.402E-08  7.235E-10  9.391E-12  1.931E-14  2.093E-18  9.154E-31  0.000E+00  0.000E+00  0.000E+00  0.000E+00  0.000E+00  0.000E+00  0.000E+00  0.000E+00  0.000E+00  0.000E+00  0.000E+00  0.000E+00  0.000E+00
  371.5000  1.025E-02  9.190E-03  8.274E-03  7.483E-03  6.802E-03  6.215E-03  5.390E-03  4.854E-03  4.213E-03  3.769E-03  3.230E-03  2.782E-03  2.408E-03  2.085E-03  1.762E-03  1.484E-03  1.246E-03  1.017E-03  8.382E-04  6.929E-04  5.719E-04  4.580E-04  3.766E-04  2.986E-04  2.385E-04  1.927E-04  1.514E-04  1.186E-04  9.229E-05  7.125E-05  5.448E-05  4.124E-05  3.024E-05  2.199E-05  1.592E-05  1.100E-05  7.616E-06  4.907E-06  2.965E-06  1.607E-06  6.721E-07  1.596E-07  1.666E-08  8.824E-10  1.194E-11  2.610E-14  3.077E-18  1.589E-30  0.000E+00  0.000E+00  0.000E+00  0.000E+00  0.000E+00  0.000E+00  0.000E+00  0.000E+00  0.000E+00  0.000E+00  0.000E+00  0.000E+00  0.000E+00
  372.5000  7.573E-03  6.791E-03  6.114E-03  5.529E-03  5.025E-03  4.592E-03  3.982E-03  3.585E-03  3.111E-03  2.783E-03  2.385E-03  2.054E-03  1.778E-03  1.540E-03  1.300E-03  1.095E-03  9.191E-04  7.501E-04  6.180E-04  5.108E-04  4.215E-04  3.375E-04  2.774E-04  2.200E-04  1.756E-04  1.419E-04  1.115E-04  8.729E-05  6.794E-05  5.245E-05  4.011E-05  3.036E-05  2.227E-05  1.620E-05  1.173E-05  8.108E-06  5.615E-06  3.621E-06  2.192E-06  1.192E-06  5.011E-07  1.202E-07  1.277E-08  6.942E-10  9.781E-12  2.272E-14  2.911E-18  1.771E-30  0.000E+00  0.000E+00  0.000E+00  0.000E+00  0.000E+00  0.000E+00  0.000E+00  0.000E+00  0.000E+00  0.000E+00  0.000E+00  0.000E+00  0.000E+00
  373.5000  6.844E-03  6.138E-03  5.525E-03  4.996E-03  4.540E-03  4.148E-03  3.597E-03  3.238E-03  2.810E-03  2.513E-03  2.153E-03  1.854E-03  1.604E-03  1.389E-03  1.173E-03  9.877E-04  8.291E-04  6.764E-04  5.572E-04  4.604E-04  3.799E-04  3.041E-04  2.499E-04  1.981E-04  1.582E-04  1.278E-04  1.004E-04  7.858E-05  6.116E-05  4.722E-05  3.611E-05  2.734E-05  2.006E-05  1.459E-05  1.057E-05  7.306E-06  5.062E-06  3.267E-06  1.981E-06  1.080E-06  4.563E-07  1.106E-07  1.196E-08  6.666E-10  9.778E-12  2.413E-14  3.354E-18  2.400E-30  0.000E+00  0.000E+00  0.000E+00  0.000E+00  0.000E+00  0.000E+00  0.000E+00  0.000E+00  0.000E+00  0.000E+00  0.000E+00  0.000E+00  0.000E+00
  374.5000  7.512E-03  6.736E-03  6.064E-03  5.483E-03  4.982E-03  4.551E-03  3.946E-03  3.552E-03  3.082E-03  2.756E-03  2.361E-03  2.032E-03  1.758E-03  1.522E-03  1.285E-03  1.082E-03  9.081E-04  7.408E-04  6.100E-04  5.040E-04  4.158E-04  3.327E-04  2.734E-04  2.167E-04  1.730E-04  1.397E-04  1.097E-04  8.591E-05  6.687E-05  5.163E-05  3.948E-05  2.990E-05  2.194E-05  1.596E-05  1.156E-05  7.995E-06  5.541E-06  3.580E-06  2.173E-06  1.188E-06  5.047E-07  1.235E-07  1.359E-08  7.767E-10  1.186E-11  3.104E-14  4.678E-18  3.929E-30  0.000E+00  0.000E+00  0.000E+00  0.000E+00  0.000E+00  0.000E+00  0.000E+00  0.000E+00  0.000E+00  0.000E+00  0.000E+00  0.000E+00  0.000E+00
  375.5000  8.480E-03  7.604E-03  6.844E-03  6.188E-03  5.622E-03  5.136E-03  4.452E-03  4.007E-03  3.476E-03  3.109E-03  2.662E-03  2.292E-03  1.983E-03  1.716E-03  1.449E-03  1.219E-03  1.023E-03  8.344E-04  6.870E-04  5.675E-04  4.681E-04  3.745E-04  3.076E-04  2.438E-04  1.946E-04  1.571E-04  1.234E-04  9.661E-05  7.519E-05  5.805E-05  4.440E-05  3.362E-05  2.468E-05  1.795E-05  1.301E-05  9.000E-06  6.240E-06  4.035E-06  2.454E-06  1.345E-06  5.744E-07  1.420E-07  1.588E-08  9.309E-10  1.478E-11  4.100E-14  6.692E-18  6.587E-30  0.000E+00  0.000E+00  0.000E+00  0.000E+00  0.000E+00  0.000E+00  0.000E+00  0.000E+00  0.000E+00  0.000E+00  0.000E+00  0.000E+00  0.000E+00
  376.5000  8.472E-03  7.596E-03  6.837E-03  6.181E-03  5.615E-03  5.129E-03  4.445E-03  4.001E-03  3.470E-03  3.103E-03  2.657E-03  2.287E-03  1.978E-03  1.713E-03  1.445E-03  1.216E-03  1.020E-03  8.318E-04  6.847E-04  5.655E-04  4.663E-04  3.730E-04  3.063E-04  2.427E-04  1.937E-04  1.564E-04  1.228E-04  9.614E-05  7.482E-05  5.777E-05  4.419E-05  3.347E-05  2.456E-05  1.787E-05  1.295E-05  8.965E-06  6.218E-06  4.024E-06  2.451E-06  1.348E-06  5.783E-07  1.444E-07  1.642E-08  9.864E-10  1.627E-11  4.783E-14  8.443E-18  9.722E-30  0.000E+00  0.000E+00  0.000E+00  0.000E+00  0.000E+00  0.000E+00  0.000E+00  0.000E+00  0.000E+00  0.000E+00  0.000E+00  0.000E+00  0.000E+00
  377.5000  1.009E-02  9.049E-03  8.144E-03  7.362E-03  6.687E-03  6.107E-03  5.293E-03  4.763E-03  4.131E-03  3.693E-03  3.162E-03  2.722E-03  2.354E-03  2.038E-03  1.718E-03  1.446E-03  1.213E-03  9.887E-04  8.137E-04  6.719E-04  5.540E-04  4.430E-04  3.637E-04  2.881E-04  2.299E-04  1.856E-04  1.457E-04  1.141E-04  8.878E-05  6.855E-05  5.244E-05  3.972E-05  2.916E-05  2.122E-05  1.538E-05  1.065E-05  7.388E-06  4.785E-06  2.919E-06  1.609E-06  6.940E-07  1.749E-07  2.023E-08  1.245E-09  2.134E-11  6.637E-14  1.266E-17  1.702E-29  0.000E+00  0.000E+00  0.000E+00  0.000E+00  0.000E+00  0.000E+00  0.000E+00  0.000E+00  0.000E+00  0.000E+00  0.000E+00  0.000E+00  0.000E+00
  378.5000  1.100E-02  9.864E-03  8.877E-03  8.024E-03  7.288E-03  6.655E-03  5.767E-03  5.189E-03  4.500E-03  4.022E-03  3.444E-03  2.963E-03  2.562E-03  2.218E-03  1.870E-03  1.573E-03  1.319E-03  1.075E-03  8.848E-04  7.305E-04  6.022E-04  4.814E-04  3.952E-04  3.130E-04  2.497E-04  2.016E-04  1.583E-04  1.239E-04  9.639E-05  7.443E-05  5.694E-05  4.313E-05  3.167E-05  2.305E-05  1.671E-05  1.157E-05  8.033E-06  5.206E-06  3.180E-06  1.758E-06  7.619E-07  1.938E-07  2.279E-08  1.436E-09  2.556E-11  8.409E-14  1.732E-17  2.714E-29  0.000E+00  0.000E+00  0.000E+00  0.000E+00  0.000E+00  0.000E+00  0.000E+00  0.000E+00  0.000E+00  0.000E+00  0.000E+00  0.000E+00  0.000E+00
  379.5000  8.140E-03  7.298E-03  6.568E-03  5.936E-03  5.391E-03  4.922E-03  4.265E-03  3.837E-03  3.327E-03  2.974E-03  2.545E-03  2.190E-03  1.893E-03  1.638E-03  1.382E-03  1.162E-03  9.743E-04  7.939E-04  6.531E-04  5.391E-04  4.443E-04  3.551E-04  2.915E-04  2.308E-04  1.841E-04  1.486E-04  1.167E-04  9.129E-05  7.104E-05  5.486E-05  4.197E-05  3.179E-05  2.335E-05  1.699E-05  1.232E-05  8.535E-06  5.927E-06  3.845E-06  2.352E-06  1.303E-06  5.675E-07  1.457E-07  1.741E-08  1.123E-09  2.075E-11  7.216E-14  1.602E-17  2.923E-29  0.000E+00  0.000E+00  0.000E+00  0.000E+00  0.000E+00  0.000E+00  0.000E+00  0.000E+00  0.000E+00  0.000E+00  0.000E+00  0.000E+00  0.000E+00
  380.5000  9.793E-03  8.780E-03  7.900E-03  7.140E-03  6.484E-03  5.919E-03  5.128E-03  4.613E-03  4.000E-03  3.574E-03  3.059E-03  2.632E-03  2.275E-03  1.968E-03  1.659E-03  1.395E-03  1.170E-03  9.530E-04  7.838E-04  6.468E-04  5.330E-04  4.259E-04  3.495E-04  2.767E-04  2.207E-04  1.781E-04  1.398E-04  1.094E-04  8.512E-05  6.573E-05  5.029E-05  3.810E-05  2.798E-05  2.037E-05  1.477E-05  1.024E-05  7.112E-06  4.616E-06  2.828E-06  1.571E-06  6.875E-07  1.782E-07  2.163E-08  1.428E-09  2.737E-11  1.005E-13  2.404E-17  5.094E-29  0.000E+00  0.000E+00  0.000E+00  0.000E+00  0.000E+00  0.000E+00  0.000E+00  0.000E+00  0.000E+00  0.000E+00  0.000E+00  0.000E+00  0.000E+00
  381.5000  9.206E-03  8.253E-03  7.426E-03  6.710E-03  6.093E-03  5.562E-03  4.818E-03  4.334E-03  3.757E-03  3.357E-03  2.873E-03  2.471E-03  2.136E-03  1.848E-03  1.557E-03  1.309E-03  1.097E-03  8.939E-04  7.350E-04  6.064E-04  4.996E-04  3.991E-04  3.275E-04  2.592E-04  2.067E-04  1.668E-04  1.309E-04  1.024E-04  7.969E-05  6.154E-05  4.709E-05  3.568E-05  2.621E-05  1.908E-05  1.384E-05  9.593E-06  6.667E-06  4.331E-06  2.657E-06  1.480E-06  6.506E-07  1.702E-07  2.099E-08  1.418E-09  2.816E-11  1.091E-13  2.810E-17  6.905E-29  0.000E+00  0.000E+00  0.000E+00  0.000E+00  0.000E+00  0.000E+00  0.000E+00  0.000E+00  0.000E+00  0.000E+00  0.000E+00  0.000E+00  0.000E+00
  382.5000  6.136E-03  5.500E-03  4.949E-03  4.472E-03  4.060E-03  3.706E-03  3.210E-03  2.887E-03  2.502E-03  2.236E-03  1.913E-03  1.645E-03  1.422E-03  1.230E-03  1.036E-03  8.711E-04  7.300E-04  5.945E-04  4.887E-04  4.031E-04  3.321E-04  2.652E-04  2.176E-04  1.722E-04  1.372E-04  1.107E-04  8.690E-05  6.799E-05  5.290E-05  4.085E-05  3.126E-05  2.369E-05  1.740E-05  1.267E-05  9.195E-06  6.374E-06  4.431E-06  2.881E-06  1.770E-06  9.883E-07  4.364E-07  1.152E-07  1.443E-08  9.970E-10  2.052E-11  8.387E-14  2.322E-17  6.607E-29  0.000E+00  0.000E+00  0.000E+00  0.000E+00  0.000E+00  0.000E+00  0.000E+00  0.000E+00  0.000E+00  0.000E+00  0.000E+00  0.000E+00  0.000E+00
  383.5000  5.389E-03  4.831E-03  4.346E-03  3.927E-03  3.565E-03  3.254E-03  2.818E-03  2.534E-03  2.196E-03  1.962E-03  1.678E-03  1.443E-03  1.247E-03  1.078E-03  9.085E-04  7.637E-04  6.399E-04  5.210E-04  4.282E-04  3.531E-04  2.909E-04  2.322E-04  1.905E-04  1.507E-04  1.201E-04  9.689E-05  7.603E-05  5.948E-05  4.628E-05  3.574E-05  2.735E-05  2.073E-05  1.523E-05  1.109E-05  8.048E-06  5.581E-06  3.881E-06  2.525E-06  1.553E-06  8.695E-07  3.857E-07  1.027E-07  1.306E-08  9.231E-10  1.968E-11  8.477E-14  2.521E-17  8.291E-29  0.000E+00  0.000E+00  0.000E+00  0.000E+00  0.000E+00  0.000E+00  0.000E+00  0.000E+00  0.000E+00  0.000E+00  0.000E+00  0.000E+00  0.000E+00
  384.5000  8.090E-03  7.252E-03  6.524E-03  5.894E-03  5.350E-03  4.882E-03  4.228E-03  3.802E-03  3.294E-03  2.942E-03  2.517E-03  2.164E-03  1.869E-03  1.616E-03  1.362E-03  1.144E-03  9.586E-04  7.803E-04  6.412E-04  5.287E-04  4.354E-04  3.475E-04  2.850E-04  2.254E-04  1.796E-04  1.449E-04  1.137E-04  8.893E-05  6.919E-05  5.343E-05  4.089E-05  3.100E-05  2.278E-05  1.659E-05  1.204E-05  8.351E-06  5.810E-06  3.782E-06  2.330E-06  1.307E-06  5.825E-07  1.565E-07  2.021E-08  1.460E-09  3.223E-11  1.462E-13  4.665E-17  1.771E-28  0.000E+00  0.000E+00  0.000E+00  0.000E+00  0.000E+00  0.000E+00  0.000E+00  0.000E+00  0.000E+00  0.000E+00  0.000E+00  0.000E+00  0.000E+00
  385.5000  8.007E-03  7.177E-03  6.456E-03  5.832E-03  5.294E-03  4.830E-03  4.183E-03  3.760E-03  3.258E-03  2.910E-03  2.488E-03  2.139E-03  1.848E-03  1.598E-03  1.345E-03  1.131E-03  9.468E-04  7.706E-04  6.331E-04  5.219E-04  4.297E-04  3.429E-04  2.811E-04  2.223E-04  1.771E-04  1.429E-04  1.121E-04  8.766E-05  6.820E-05  5.267E-05  4.031E-05  3.056E-05  2.246E-05  1.636E-05  1.188E-05  8.239E-06  5.734E-06  3.735E-06  2.304E-06  1.296E-06  5.800E-07  1.572E-07  2.060E-08  1.521E-09  3.475E-11  1.658E-13  5.676E-17  2.482E-28  0.000E+00  0.000E+00  0.000E+00  0.000E+00  0.000E+00  0.000E+00  0.000E+00  0.000E+00  0.000E+00  0.000E+00  0.000E+00  0.000E+00  0.000E+00
  386.5000  8.164E-03  7.317E-03  6.582E-03  5.945E-03  5.396E-03  4.923E-03  4.263E-03  3.832E-03  3.319E-03  2.964E-03  2.535E-03  2.178E-03  1.882E-03  1.627E-03  1.369E-03  1.151E-03  9.635E-04  7.840E-04  6.439E-04  5.307E-04  4.369E-04  3.485E-04  2.857E-04  2.259E-04  1.800E-04  1.451E-04  1.138E-04  8.902E-05  6.926E-05  5.349E-05  4.094E-05  3.104E-05  2.281E-05  1.662E-05  1.207E-05  8.373E-06  5.829E-06  3.800E-06  2.347E-06  1.323E-06  5.948E-07  1.625E-07  2.162E-08  1.631E-09  3.856E-11  1.935E-13  7.095E-17  3.569E-28  0.000E+00  0.000E+00  0.000E+00  0.000E+00  0.000E+00  0.000E+00  0.000E+00  0.000E+00  0.000E+00  0.000E+00  0.000E+00  0.000E+00  0.000E+00
  387.5000  7.589E-03  6.802E-03  6.118E-03  5.526E-03  5.015E-03  4.575E-03  3.961E-03  3.560E-03  3.083E-03  2.753E-03  2.354E-03  2.023E-03  1.747E-03  1.510E-03  1.271E-03  1.068E-03  8.938E-04  7.271E-04  5.971E-04  4.920E-04  4.050E-04  3.230E-04  2.647E-04  2.093E-04  1.667E-04  1.344E-04  1.054E-04  8.242E-05  6.412E-05  4.952E-05  3.790E-05  2.874E-05  2.113E-05  1.540E-05  1.118E-05  7.759E-06  5.403E-06  3.525E-06  2.180E-06  1.232E-06  5.560E-07  1.532E-07  2.068E-08  1.594E-09  3.895E-11  2.054E-13  8.063E-17  4.659E-28  0.000E+00  0.000E+00  0.000E+00  0.000E+00  0.000E+00  0.000E+00  0.000E+00  0.000E+00  0.000E+00  0.000E+00  0.000E+00  0.000E+00  0.000E+00
  388.5000  7.608E-03  6.819E-03  6.133E-03  5.539E-03  5.026E-03  4.585E-03  3.969E-03  3.567E-03  3.089E-03  2.758E-03  2.357E-03  2.025E-03  1.749E-03  1.511E-03  1.272E-03  1.068E-03  8.943E-04  7.274E-04  5.972E-04  4.920E-04  4.049E-04  3.228E-04  2.645E-04  2.091E-04  1.665E-04  1.342E-04  1.052E-04  8.230E-05  6.402E-05  4.944E-05  3.785E-05  2.870E-05  2.110E-05  1.538E-05  1.117E-05  7.753E-06  5.401E-06  3.526E-06  2.183E-06  1.236E-06  5.604E-07  1.557E-07  2.133E-08  1.678E-09  4.239E-11  2.348E-13  9.856E-17  6.531E-28  0.000E+00  0.000E+00  0.000E+00  0.000E+00  0.000E+00  0.000E+00  0.000E+00  0.000E+00  0.000E+00  0.000E+00  0.000E+00  0.000E+00  0.000E+00
  389.5000  9.597E-03  8.602E-03  7.736E-03  6.986E-03  6.339E-03  5.781E-03  5.004E-03  4.496E-03  3.894E-03  3.475E-03  2.970E-03  2.552E-03  2.203E-03  1.903E-03  1.602E-03  1.345E-03  1.126E-03  9.155E-04  7.515E-04  6.189E-04  5.093E-04  4.060E-04  3.326E-04  2.628E-04  2.092E-04  1.687E-04  1.322E-04  1.034E-04  8.043E-05  6.212E-05  4.755E-05  3.606E-05  2.652E-05  1.933E-05  1.404E-05  9.748E-06  6.793E-06  4.437E-06  2.751E-06  1.561E-06  7.107E-07  1.991E-07  2.766E-08  2.222E-09  5.799E-11  3.371E-13  1.512E-16  1.147E-27  0.000E+00  0.000E+00  0.000E+00  0.000E+00  0.000E+00  0.000E+00  0.000E+00  0.000E+00  0.000E+00  0.000E+00  0.000E+00  0.000E+00  0.000E+00
  390.5000  9.430E-03  8.452E-03  7.600E-03  6.863E-03  6.227E-03  5.679E-03  4.915E-03  4.415E-03  3.823E-03  3.412E-03  2.916E-03  2.505E-03  2.162E-03  1.867E-03  1.572E-03  1.319E-03  1.104E-03  8.976E-04  7.366E-04  6.065E-04  4.990E-04  3.977E-04  3.257E-04  2.573E-04  2.048E-04  1.651E-04  1.294E-04  1.012E-04  7.871E-05  6.078E-05  4.653E-05  3.529E-05  2.596E-05  1.892E-05  1.374E-05  9.547E-06  6.655E-06  4.349E-06  2.700E-06  1.536E-06  7.019E-07  1.983E-07  2.793E-08  2.290E-09  6.172E-11  3.764E-13  1.802E-16  1.564E-27  0.000E+00  0.000E+00  0.000E+00  0.000E+00  0.000E+00  0.000E+00  0.000E+00  0.000E+00  0.000E+00  0.000E+00  0.000E+00  0.000E+00  0.000E+00
  391.5000  1.119E-02  1.003E-02  9.020E-03  8.144E-03  7.388E-03  6.737E-03  5.830E-03  5.237E-03  4.534E-03  4.046E-03  3.457E-03  2.969E-03  2.562E-03  2.213E-03  1.862E-03  1.563E-03  1.308E-03  1.063E-03  8.721E-04  7.179E-04  5.905E-04  4.705E-04  3.853E-04  3.043E-04  2.422E-04  1.952E-04  1.530E-04  1.196E-04  9.303E-05  7.184E-05  5.500E-05  4.172E-05  3.069E-05  2.237E-05  1.625E-05  1.129E-05  7.874E-06  5.150E-06  3.200E-06  1.825E-06  8.373E-07  2.384E-07  3.405E-08  2.849E-09  7.926E-11  5.067E-13  2.588E-16  2.566E-27  0.000E+00  0.000E+00  0.000E+00  0.000E+00  0.000E+00  0.000E+00  0.000E+00  0.000E+00  0.000E+00  0.000E+00  0.000E+00  0.000E+00  0.000E+00
  392.5000  8.396E-03  7.524E-03  6.765E-03  6.108E-03  5.541E-03  5.052E-03  4.372E-03  3.926E-03  3.399E-03  3.033E-03  2.591E-03  2.225E-03  1.920E-03  1.658E-03  1.395E-03  1.170E-03  9.789E-04  7.956E-04  6.526E-04  5.371E-04  4.417E-04  3.518E-04  2.881E-04  2.275E-04  1.810E-04  1.458E-04  1.143E-04  8.935E-05  6.950E-05  5.367E-05  4.109E-05  3.117E-05  2.293E-05  1.672E-05  1.215E-05  8.443E-06  5.889E-06  3.854E-06  2.398E-06  1.370E-06  6.311E-07  1.811E-07  2.623E-08  2.239E-09  6.427E-11  4.304E-13  2.343E-16  2.649E-27  0.000E+00  0.000E+00  0.000E+00  0.000E+00  0.000E+00  0.000E+00  0.000E+00  0.000E+00  0.000E+00  0.000E+00  0.000E+00  0.000E+00  0.000E+00
  393.5000  3.651E-03  3.272E-03  2.942E-03  2.656E-03  2.409E-03  2.196E-03  1.900E-03  1.707E-03  1.477E-03  1.318E-03  1.125E-03  9.663E-04  8.337E-04  7.197E-04  6.055E-04  5.081E-04  4.249E-04  3.452E-04  2.831E-04  2.330E-04  1.916E-04  1.525E-04  1.249E-04  9.859E-05  7.844E-05  6.318E-05  4.951E-05  3.870E-05  3.010E-05  2.325E-05  1.780E-05  1.350E-05  9.934E-06  7.244E-06  5.264E-06  3.659E-06  2.553E-06  1.672E-06  1.041E-06  5.962E-07  2.757E-07  7.976E-08  1.171E-08  1.019E-09  3.017E-11  2.116E-13  1.227E-16  1.580E-27  0.000E+00  0.000E+00  0.000E+00  0.000E+00  0.000E+00  0.000E+00  0.000E+00  0.000E+00  0.000E+00  0.000E+00  0.000E+00  0.000E+00  0.000E+00
  394.5000  8.594E-03  7.701E-03  6.924E-03  6.250E-03  5.669E-03  5.167E-03  4.471E-03  4.014E-03  3.474E-03  3.099E-03  2.646E-03  2.272E-03  1.960E-03  1.691E-03  1.423E-03  1.194E-03  9.980E-04  8.107E-04  6.647E-04  5.469E-04  4.496E-04  3.579E-04  2.929E-04  2.312E-04  1.839E-04  1.481E-04  1.161E-04  9.072E-05  7.055E-05  5.449E-05  4.172E-05  3.165E-05  2.329E-05  1.699E-05  1.235E-05  8.584E-06  5.991E-06  3.925E-06  2.447E-06  1.404E-06  6.519E-07  1.900E-07  2.827E-08  2.509E-09  7.660E-11  5.620E-13  3.467E-16  5.080E-27  0.000E+00  0.000E+00  0.000E+00  0.000E+00  0.000E+00  0.000E+00  0.000E+00  0.000E+00  0.000E+00  0.000E+00  0.000E+00  0.000E+00  0.000E+00
  395.5000  1.106E-02  9.911E-03  8.911E-03  8.043E-03  7.294E-03  6.648E-03  5.751E-03  5.164E-03  4.468E-03  3.985E-03  3.403E-03  2.920E-03  2.519E-03  2.173E-03  1.828E-03  1.533E-03  1.282E-03  1.041E-03  8.534E-04  7.020E-04  5.770E-04  4.592E-04  3.757E-04  2.966E-04  2.359E-04  1.899E-04  1.488E-04  1.163E-04  9.043E-05  6.983E-05  5.347E-05  4.057E-05  2.986E-05  2.178E-05  1.583E-05  1.101E-05  7.686E-06  5.039E-06  3.145E-06  1.808E-06  8.427E-07  2.475E-07  3.731E-08  3.376E-09  1.062E-10  8.150E-13  5.347E-16  8.896E-27  0.000E+00  0.000E+00  0.000E+00  0.000E+00  0.000E+00  0.000E+00  0.000E+00  0.000E+00  0.000E+00  0.000E+00  0.000E+00  0.000E+00  0.000E+00
  396.5000  6.497E-03  5.822E-03  5.234E-03  4.724E-03  4.283E-03  3.904E-03  3.377E-03  3.031E-03  2.623E-03  2.339E-03  1.997E-03  1.714E-03  1.478E-03  1.275E-03  1.072E-03  8.991E-04  7.514E-04  6.102E-04  5.001E-04  4.113E-04  3.380E-04  2.689E-04  2.200E-04  1.736E-04  1.380E-04  1.111E-04  8.705E-05  6.802E-05  5.290E-05  4.085E-05  3.128E-05  2.373E-05  1.747E-05  1.275E-05  9.266E-06  6.445E-06  4.501E-06  2.952E-06  1.845E-06  1.063E-06  4.972E-07  1.471E-07  2.247E-08  2.072E-09  6.717E-11  5.386E-13  3.755E-16  7.084E-27  0.000E+00  0.000E+00  0.000E+00  0.000E+00  0.000E+00  0.000E+00  0.000E+00  0.000E+00  0.000E+00  0.000E+00  0.000E+00  0.000E+00  0.000E+00
  397.5000  7.500E-03  6.721E-03  6.041E-03  5.453E-03  4.944E-03  4.505E-03  3.896E-03  3.498E-03  3.026E-03  2.698E-03  2.303E-03  1.976E-03  1.704E-03  1.470E-03  1.236E-03  1.036E-03  8.657E-04  7.028E-04  5.759E-04  4.735E-04  3.891E-04  3.095E-04  2.531E-04  1.997E-04  1.588E-04  1.278E-04  1.001E-04  7.821E-05  6.081E-05  4.696E-05  3.596E-05  2.729E-05  2.009E-05  1.466E-05  1.066E-05  7.415E-06  5.179E-06  3.400E-06  2.127E-06  1.228E-06  5.764E-07  1.719E-07  2.659E-08  2.498E-09  8.340E-11  6.986E-13  5.170E-16  1.105E-26  0.000E+00  0.000E+00  0.000E+00  0.000E+00  0.000E+00  0.000E+00  0.000E+00  0.000E+00  0.000E+00  0.000E+00  0.000E+00  0.000E+00  0.000E+00
  398.5000  1.289E-02  1.155E-02  1.038E-02  9.372E-03  8.496E-03  7.742E-03  6.695E-03  6.009E-03  5.197E-03  4.633E-03  3.955E-03  3.393E-03  2.925E-03  2.523E-03  2.121E-03  1.778E-03  1.485E-03  1.206E-03  9.876E-04  8.118E-04  6.669E-04  5.303E-04  4.337E-04  3.421E-04  2.719E-04  2.188E-04  1.714E-04  1.339E-04  1.041E-04  8.039E-05  6.157E-05  4.672E-05  3.440E-05  2.510E-05  1.825E-05  1.270E-05  8.875E-06  5.829E-06  3.651E-06  2.111E-06  9.950E-07  2.989E-07  4.684E-08  4.482E-09  1.540E-10  1.347E-12  1.058E-15  2.556E-26  0.000E+00  0.000E+00  0.000E+00  0.000E+00  0.000E+00  0.000E+00  0.000E+00  0.000E+00  0.000E+00  0.000E+00  0.000E+00  0.000E+00  0.000E+00
  399.5000  1.341E-02  1.202E-02  1.080E-02  9.749E-03  8.838E-03  8.052E-03  6.963E-03  6.249E-03  5.404E-03  4.817E-03  4.111E-03  3.526E-03  3.039E-03  2.621E-03  2.203E-03  1.846E-03  1.542E-03  1.251E-03  1.025E-03  8.424E-04  6.919E-04  5.501E-04  4.497E-04  3.547E-04  2.819E-04  2.268E-04  1.776E-04  1.387E-04  1.079E-04  8.330E-05  6.379E-05  4.841E-05  3.565E-05  2.602E-05  1.892E-05  1.317E-05  9.205E-06  6.049E-06  3.792E-06  2.197E-06  1.039E-06  3.144E-07  4.990E-08  4.864E-09  1.720E-10  1.570E-12  1.307E-15  3.566E-26  0.000E+00  0.000E+00  0.000E+00  0.000E+00  0.000E+00  0.000E+00  0.000E+00  0.000E+00  0.000E+00  0.000E+00  0.000E+00  0.000E+00  0.000E+00
------------------------------------------------------------
Dose rates,W m-2
   1 = UV index (WMO, 1994; Webb et al., 2011)           
   2 = Previtamin-D3 (CIE 2006)                          
values at z =      0.025 km
Columns: time,sza,weighting spectra
time,hrs.  sza,deg.          1          2
   18.0000     90.046  2.139E-02  4.367E-04
   18.0167     90.231  1.927E-02  3.981E-04
   18.0333     90.417  1.744E-02  3.644E-04
   18.0500     90.602  1.585E-02  3.352E-04
   18.0667     90.788  1.448E-02  3.099E-04
   18.0833     90.973  1.330E-02  2.880E-04
   18.1000     91.160  1.166E-02  2.567E-04
   18.1167     91.346  1.058E-02  2.361E-04
   18.1333     91.533  9.295E-03  2.109E-04
   18.1500     91.719  8.392E-03  1.931E-04
   18.1667     91.906  7.295E-03  1.709E-04
   18.1833     92.093  6.373E-03  1.519E-04
   18.2000     92.281  5.591E-03  1.354E-04
   18.2167     92.469  4.916E-03  1.210E-04
   18.2333     92.657  4.226E-03  1.058E-04
   18.2500     92.844  3.624E-03  9.222E-05
   18.2667     93.033  3.095E-03  7.987E-05
   18.2833     93.221  2.577E-03  6.749E-05
   18.3000     93.410  2.163E-03  5.736E-05
   18.3167     93.599  1.817E-03  4.868E-05
   18.3333     93.788  1.513E-03  4.067E-05
   18.3500     93.977  1.234E-03  3.344E-05
   18.3667     94.167  1.021E-03  2.768E-05
   18.3833     94.357  8.159E-04  2.213E-05
   18.4000     94.547  6.517E-04  1.757E-05
   18.4167     94.737  5.254E-04  1.408E-05
   18.4333     94.927  4.098E-04  1.086E-05
   18.4500     95.118  3.165E-04  8.246E-06
   18.4667     95.308  2.415E-04  6.153E-06
   18.4833     95.499  1.810E-04  4.457E-06
   18.5000     95.691  1.328E-04  3.098E-06
   18.5167     95.882  9.472E-05  2.012E-06
   18.5333     96.073  6.341E-05  1.126E-06
   18.5500     96.265  4.174E-05  5.737E-07
   18.5667     96.457  2.700E-05  2.566E-07
   18.5833     96.649  1.649E-05  9.360E-08
   18.6000     96.841  1.024E-05  3.427E-08
   18.6167     97.034  5.882E-06  1.073E-08
   18.6333     97.226  3.142E-06  2.950E-09
   18.6500     97.419  1.489E-06  6.811E-10
   18.6667     97.612  5.390E-07  1.181E-10
   18.6833     97.805  1.090E-07  1.021E-11
   18.7000     97.999  1.010E-08  3.212E-13
   18.7167     98.192  5.563E-10  3.551E-15
   18.7333     98.386  1.101E-11  3.946E-18
   18.7500     98.580  6.056E-14  2.183E-22
   18.7667     98.774  3.366E-17  1.632E-28
   18.7833     98.968  5.848E-28  7.006E-45
   18.8000     99.162  0.000E+00  0.000E+00
   18.8167     99.357  0.000E+00  0.000E+00
   18.8333     99.552  0.000E+00  0.000E+00
   18.8500     99.747  0.000E+00  0.000E+00
   18.8667     99.942  0.000E+00  0.000E+00
   18.8833    100.137  0.000E+00  0.000E+00
   18.9000    100.332  0.000E+00  0.000E+00
   18.9167    100.528  0.000E+00  0.000E+00
   18.9333    100.723  0.000E+00  0.000E+00
   18.9500    100.919  0.000E+00  0.000E+00
   18.9667    101.115  0.000E+00  0.000E+00
   18.9833    101.312  0.000E+00  0.000E+00
   19.0000    101.508  0.000E+00  0.000E+00
------------------------------------------------------------
