Spectral Irradiance,W m-2 nm-1
values at z =      0.025 km
Columns: wavelength (nm),times (hrs.) or sza (deg.)
    wc,nm     18.000     18.017     18.033     18.050     18.067     18.083     18.100     18.117     18.133     18.150     18.167     18.183     18.200     18.217     18.233     18.250     18.267     18.283     18.300     18.317     18.333     18.350     18.367     18.383     18.400     18.417     18.433     18.450     18.467     18.483     18.500     18.517     18.533     18.550     18.567     18.583     18.600     18.617     18.633     18.650     18.667     18.683     18.700     18.717     18.733     18.750     18.767     18.783     18.800     18.817     18.833     18.850     18.867     18.883     18.900     18.917     18.933     18.950     18.967     18.983     19.000
    sza =      89.793     89.978     90.163     90.348     90.534     90.719     90.905     91.092     91.278     91.465     91.652     91.839     92.026     92.214     92.401     92.589     92.777     92.966     93.154     93.343     93.532     93.721     93.911     94.101     94.290     94.481     94.671     94.861     95.052     95.243     95.434     95.625     95.816     96.008     96.200     96.392     96.584     96.776     96.969     97.161     97.354     97.547     97.741     97.934     98.128     98.322     98.515     98.710     98.904     99.098     99.293     99.488     99.683     99.878    100.073    100.269    100.464    100.660    100.856    101.052    101.248
  280.5000  8.061E-27  7.647E-27  7.094E-27  6.590E-27  6.146E-27  5.754E-27  5.407E-27  4.915E-27  4.533E-27  4.128E-27  3.758E-27  3.355E-27  3.038E-27  2.699E-27  2.362E-27  2.057E-27  1.778E-27  1.525E-27  1.298E-27  1.097E-27  8.843E-28  7.155E-28  5.648E-28  4.177E-28  2.992E-28  1.981E-28  1.126E-28  5.402E-29  1.893E-29  4.158E-30  2.936E-31  2.434E-33  1.033E-36  2.131E-42  0.000E+00  0.000E+00  0.000E+00  0.000E+00  0.000E+00  0.000E+00  0.000E+00  0.000E+00  0.000E+00  0.000E+00  0.000E+00  0.000E+00  0.000E+00  0.000E+00  0.000E+00  0.000E+00  0.000E+00  0.000E+00  0.000E+00  0.000E+00  0.000E+00  0.000E+00  0.000E+00  0.000E+00  0.000E+00  0.000E+00  0.000E+00
  281.5000  1.745E-24  1.656E-24  1.536E-24  1.428E-24  1.332E-24  1.247E-24  1.172E-24  1.066E-24  9.835E-25  8.959E-25  8.159E-25  7.286E-25  6.600E-25  5.864E-25  5.133E-25  4.471E-25  3.868E-25  3.319E-25  2.826E-25  2.391E-25  1.931E-25  1.568E-25  1.246E-25  9.304E-26  6.764E-26  4.580E-26  2.701E-26  1.367E-26  5.213E-27  1.302E-27  1.155E-28  1.463E-30  1.229E-33  8.188E-39  0.000E+00  0.000E+00  0.000E+00  0.000E+00  0.000E+00  0.000E+00  0.000E+00  0.000E+00  0.000E+00  0.000E+00  0.000E+00  0.000E+00  0.000E+00  0.000E+00  0.000E+00  0.000E+00  0.000E+00  0.000E+00  0.000E+00  0.000E+00  0.000E+00  0.000E+00  0.000E+00  0.000E+00  0.000E+00  0.000E+00  0.000E+00
  282.5000  1.212E-22  1.151E-22  1.068E-22  9.925E-23  9.262E-23  8.676E-23  8.158E-23  7.420E-23  6.847E-23  6.239E-23  5.684E-23  5.074E-23  4.601E-23  4.088E-23  3.580E-23  3.119E-23  2.699E-23  2.318E-23  1.975E-23  1.672E-23  1.353E-23  1.102E-23  8.800E-24  6.625E-24  4.876E-24  3.365E-24  2.048E-24  1.086E-24  4.459E-25  1.247E-25  1.356E-26  2.498E-28  3.834E-31  7.141E-36  5.759E-43  0.000E+00  0.000E+00  0.000E+00  0.000E+00  0.000E+00  0.000E+00  0.000E+00  0.000E+00  0.000E+00  0.000E+00  0.000E+00  0.000E+00  0.000E+00  0.000E+00  0.000E+00  0.000E+00  0.000E+00  0.000E+00  0.000E+00  0.000E+00  0.000E+00  0.000E+00  0.000E+00  0.000E+00  0.000E+00  0.000E+00
  283.5000  1.719E-21  1.631E-21  1.514E-21  1.408E-21  1.314E-21  1.231E-21  1.158E-21  1.053E-21  9.723E-22  8.861E-22  8.074E-22  7.214E-22  6.539E-22  5.812E-22  5.090E-22  4.436E-22  3.840E-22  3.298E-22  2.811E-22  2.381E-22  1.929E-22  1.574E-22  1.262E-22  9.546E-23  7.081E-23  4.945E-23  3.072E-23  1.680E-23  7.234E-24  2.178E-24  2.706E-25  6.386E-27  1.457E-29  5.318E-34  1.185E-40  0.000E+00  0.000E+00  0.000E+00  0.000E+00  0.000E+00  0.000E+00  0.000E+00  0.000E+00  0.000E+00  0.000E+00  0.000E+00  0.000E+00  0.000E+00  0.000E+00  0.000E+00  0.000E+00  0.000E+00  0.000E+00  0.000E+00  0.000E+00  0.000E+00  0.000E+00  0.000E+00  0.000E+00  0.000E+00  0.000E+00
  284.5000  1.325E-19  1.258E-19  1.169E-19  1.087E-19  1.015E-19  9.513E-20  8.951E-20  8.147E-20  7.523E-20  6.860E-20  6.254E-20  5.590E-20  5.070E-20  4.508E-20  3.950E-20  3.444E-20  2.983E-20  2.564E-20  2.187E-20  1.855E-20  1.505E-20  1.232E-20  9.934E-21  7.580E-21  5.697E-21  4.060E-21  2.610E-21  1.500E-21  7.002E-22  2.384E-22  3.699E-23  1.319E-24  5.874E-27  6.752E-31  8.701E-37  0.000E+00  0.000E+00  0.000E+00  0.000E+00  0.000E+00  0.000E+00  0.000E+00  0.000E+00  0.000E+00  0.000E+00  0.000E+00  0.000E+00  0.000E+00  0.000E+00  0.000E+00  0.000E+00  0.000E+00  0.000E+00  0.000E+00  0.000E+00  0.000E+00  0.000E+00  0.000E+00  0.000E+00  0.000E+00  0.000E+00
  285.5000  2.067E-18  1.963E-18  1.824E-18  1.697E-18  1.585E-18  1.486E-18  1.399E-18  1.274E-18  1.177E-18  1.073E-18  9.789E-19  8.755E-19  7.943E-19  7.066E-19  6.194E-19  5.403E-19  4.682E-19  4.026E-19  3.437E-19  2.916E-19  2.371E-19  1.945E-19  1.575E-19  1.209E-19  9.175E-20  6.637E-20  4.376E-20  2.614E-20  1.298E-20  4.861E-21  8.987E-22  4.433E-23  3.339E-25  9.338E-29  4.615E-34  5.773E-43  0.000E+00  0.000E+00  0.000E+00  0.000E+00  0.000E+00  0.000E+00  0.000E+00  0.000E+00  0.000E+00  0.000E+00  0.000E+00  0.000E+00  0.000E+00  0.000E+00  0.000E+00  0.000E+00  0.000E+00  0.000E+00  0.000E+00  0.000E+00  0.000E+00  0.000E+00  0.000E+00  0.000E+00  0.000E+00
  286.5000  7.704E-17  7.318E-17  6.799E-17  6.326E-17  5.911E-17  5.545E-17  5.221E-17  4.755E-17  4.394E-17  4.010E-17  3.659E-17  3.273E-17  2.971E-17  2.644E-17  2.318E-17  2.023E-17  1.754E-17  1.509E-17  1.289E-17  1.094E-17  8.904E-18  7.317E-18  5.946E-18  4.585E-18  3.505E-18  2.564E-18  1.723E-18  1.060E-18  5.515E-19  2.223E-19  4.708E-20  2.987E-21  3.384E-23  1.885E-26  2.631E-31  1.900E-39  0.000E+00  0.000E+00  0.000E+00  0.000E+00  0.000E+00  0.000E+00  0.000E+00  0.000E+00  0.000E+00  0.000E+00  0.000E+00  0.000E+00  0.000E+00  0.000E+00  0.000E+00  0.000E+00  0.000E+00  0.000E+00  0.000E+00  0.000E+00  0.000E+00  0.000E+00  0.000E+00  0.000E+00  0.000E+00
  287.5000  1.589E-15  1.510E-15  1.403E-15  1.306E-15  1.221E-15  1.145E-15  1.079E-15  9.831E-16  9.089E-16  8.298E-16  7.574E-16  6.780E-16  6.157E-16  5.482E-16  4.809E-16  4.199E-16  3.642E-16  3.135E-16  2.680E-16  2.277E-16  1.855E-16  1.527E-16  1.245E-16  9.647E-17  7.430E-17  5.499E-17  3.771E-17  2.392E-17  1.308E-17  5.702E-18  1.395E-18  1.158E-19  2.035E-21  2.389E-24  1.030E-28  5.049E-36  0.000E+00  0.000E+00  0.000E+00  0.000E+00  0.000E+00  0.000E+00  0.000E+00  0.000E+00  0.000E+00  0.000E+00  0.000E+00  0.000E+00  0.000E+00  0.000E+00  0.000E+00  0.000E+00  0.000E+00  0.000E+00  0.000E+00  0.000E+00  0.000E+00  0.000E+00  0.000E+00  0.000E+00  0.000E+00
  288.5000  3.230E-14  3.070E-14  2.853E-14  2.657E-14  2.484E-14  2.332E-14  2.197E-14  2.003E-14  1.853E-14  1.693E-14  1.546E-14  1.385E-14  1.259E-14  1.121E-14  9.841E-15  8.598E-15  7.462E-15  6.428E-15  5.499E-15  4.676E-15  3.814E-15  3.146E-15  2.576E-15  2.005E-15  1.557E-15  1.166E-15  8.168E-16  5.353E-16  3.090E-16  1.465E-16  4.195E-17  4.676E-18  1.332E-19  3.547E-22  5.258E-26  2.093E-32  4.855E-42  0.000E+00  0.000E+00  0.000E+00  0.000E+00  0.000E+00  0.000E+00  0.000E+00  0.000E+00  0.000E+00  0.000E+00  0.000E+00  0.000E+00  0.000E+00  0.000E+00  0.000E+00  0.000E+00  0.000E+00  0.000E+00  0.000E+00  0.000E+00  0.000E+00  0.000E+00  0.000E+00  0.000E+00
  289.5000  4.841E-13  4.601E-13  4.277E-13  3.983E-13  3.725E-13  3.498E-13  3.297E-13  3.007E-13  2.782E-13  2.543E-13  2.323E-13  2.082E-13  1.893E-13  1.687E-13  1.482E-13  1.295E-13  1.125E-13  9.697E-14  8.300E-14  7.063E-14  5.767E-14  4.764E-14  3.910E-14  3.054E-14  2.384E-14  1.801E-14  1.281E-14  8.592E-15  5.158E-15  2.602E-15  8.375E-16  1.162E-16  4.744E-18  2.313E-20  8.465E-24  1.534E-29  3.565E-38  0.000E+00  0.000E+00  0.000E+00  0.000E+00  0.000E+00  0.000E+00  0.000E+00  0.000E+00  0.000E+00  0.000E+00  0.000E+00  0.000E+00  0.000E+00  0.000E+00  0.000E+00  0.000E+00  0.000E+00  0.000E+00  0.000E+00  0.000E+00  0.000E+00  0.000E+00  0.000E+00  0.000E+00
  290.5000  4.517E-12  4.293E-12  3.992E-12  3.718E-12  3.477E-12  3.266E-12  3.079E-12  2.809E-12  2.600E-12  2.378E-12  2.173E-12  1.948E-12  1.773E-12  1.580E-12  1.389E-12  1.215E-12  1.055E-12  9.103E-13  7.797E-13  6.638E-13  5.425E-13  4.487E-13  3.691E-13  2.891E-13  2.267E-13  1.724E-13  1.241E-13  8.484E-14  5.256E-14  2.788E-14  9.879E-15  1.642E-15  9.032E-17  7.292E-19  5.677E-22  3.662E-27  5.894E-35  1.401E-45  0.000E+00  0.000E+00  0.000E+00  0.000E+00  0.000E+00  0.000E+00  0.000E+00  0.000E+00  0.000E+00  0.000E+00  0.000E+00  0.000E+00  0.000E+00  0.000E+00  0.000E+00  0.000E+00  0.000E+00  0.000E+00  0.000E+00  0.000E+00  0.000E+00  0.000E+00  0.000E+00
  291.5000  3.733E-11  3.549E-11  3.300E-11  3.074E-11  2.876E-11  2.702E-11  2.548E-11  2.325E-11  2.153E-11  1.970E-11  1.801E-11  1.616E-11  1.467E-11  1.312E-11  1.154E-11  1.010E-11  8.783E-12  7.580E-12  6.497E-12  5.536E-12  4.529E-12  3.751E-12  3.094E-12  2.429E-12  1.914E-12  1.467E-12  1.069E-12  7.457E-13  4.779E-13  2.675E-13  1.051E-13  2.125E-14  1.620E-15  2.285E-17  4.121E-20  1.102E-24  1.569E-31  3.243E-41  0.000E+00  0.000E+00  0.000E+00  0.000E+00  0.000E+00  0.000E+00  0.000E+00  0.000E+00  0.000E+00  0.000E+00  0.000E+00  0.000E+00  0.000E+00  0.000E+00  0.000E+00  0.000E+00  0.000E+00  0.000E+00  0.000E+00  0.000E+00  0.000E+00  0.000E+00  0.000E+00
  292.5000  1.977E-10  1.880E-10  1.748E-10  1.628E-10  1.523E-10  1.431E-10  1.350E-10  1.233E-10  1.142E-10  1.045E-10  9.560E-11  8.581E-11  7.816E-11  6.976E-11  6.139E-11  5.376E-11  4.677E-11  4.039E-11  3.464E-11  2.954E-11  2.419E-11  2.006E-11  1.658E-11  1.305E-11  1.032E-11  7.953E-12  5.858E-12  4.153E-12  2.737E-12  1.603E-12  6.877E-13  1.642E-13  1.653E-14  3.733E-16  1.359E-18  1.176E-22  9.932E-29  2.682E-37  0.000E+00  0.000E+00  0.000E+00  0.000E+00  0.000E+00  0.000E+00  0.000E+00  0.000E+00  0.000E+00  0.000E+00  0.000E+00  0.000E+00  0.000E+00  0.000E+00  0.000E+00  0.000E+00  0.000E+00  0.000E+00  0.000E+00  0.000E+00  0.000E+00  0.000E+00  0.000E+00
  293.5000  1.204E-09  1.145E-09  1.064E-09  9.916E-10  9.278E-10  8.719E-10  8.226E-10  7.511E-10  6.960E-10  6.371E-10  5.831E-10  5.237E-10  4.773E-10  4.262E-10  3.753E-10  3.289E-10  2.863E-10  2.475E-10  2.124E-10  1.812E-10  1.486E-10  1.233E-10  1.021E-10  8.053E-11  6.393E-11  4.952E-11  3.681E-11  2.648E-11  1.789E-11  1.091E-11  5.069E-12  1.409E-12  1.834E-13  6.415E-15  4.505E-17  1.177E-20  5.321E-26  1.608E-33  1.794E-43  0.000E+00  0.000E+00  0.000E+00  0.000E+00  0.000E+00  0.000E+00  0.000E+00  0.000E+00  0.000E+00  0.000E+00  0.000E+00  0.000E+00  0.000E+00  0.000E+00  0.000E+00  0.000E+00  0.000E+00  0.000E+00  0.000E+00  0.000E+00  0.000E+00  0.000E+00
  294.5000  4.129E-09  3.924E-09  3.649E-09  3.399E-09  3.180E-09  2.988E-09  2.819E-09  2.575E-09  2.386E-09  2.185E-09  2.000E-09  1.797E-09  1.640E-09  1.464E-09  1.290E-09  1.131E-09  9.853E-10  8.521E-10  7.318E-10  6.249E-10  5.127E-10  4.260E-10  3.532E-10  2.791E-10  2.222E-10  1.728E-10  1.294E-10  9.413E-11  6.489E-11  4.091E-11  2.029E-11  6.397E-12  1.029E-12  5.158E-14  6.182E-16  3.927E-19  6.749E-24  1.374E-30  1.937E-39  0.000E+00  0.000E+00  0.000E+00  0.000E+00  0.000E+00  0.000E+00  0.000E+00  0.000E+00  0.000E+00  0.000E+00  0.000E+00  0.000E+00  0.000E+00  0.000E+00  0.000E+00  0.000E+00  0.000E+00  0.000E+00  0.000E+00  0.000E+00  0.000E+00  0.000E+00
  295.5000  1.955E-08  1.857E-08  1.726E-08  1.608E-08  1.504E-08  1.413E-08  1.333E-08  1.218E-08  1.129E-08  1.034E-08  9.469E-09  8.511E-09  7.765E-09  6.940E-09  6.119E-09  5.369E-09  4.680E-09  4.050E-09  3.482E-09  2.975E-09  2.444E-09  2.032E-09  1.688E-09  1.336E-09  1.067E-09  8.326E-10  6.278E-10  4.620E-10  3.248E-10  2.115E-10  1.119E-10  4.000E-11  7.970E-12  5.769E-13  1.199E-14  1.919E-17  1.331E-21  1.992E-27  4.011E-35  2.803E-45  0.000E+00  0.000E+00  0.000E+00  0.000E+00  0.000E+00  0.000E+00  0.000E+00  0.000E+00  0.000E+00  0.000E+00  0.000E+00  0.000E+00  0.000E+00  0.000E+00  0.000E+00  0.000E+00  0.000E+00  0.000E+00  0.000E+00  0.000E+00  0.000E+00
  296.5000  5.825E-08  5.532E-08  5.141E-08  4.786E-08  4.476E-08  4.205E-08  3.967E-08  3.624E-08  3.359E-08  3.077E-08  2.818E-08  2.534E-08  2.313E-08  2.068E-08  1.824E-08  1.602E-08  1.397E-08  1.210E-08  1.041E-08  8.902E-09  7.319E-09  6.092E-09  5.068E-09  4.017E-09  3.215E-09  2.518E-09  1.910E-09  1.419E-09  1.014E-09  6.783E-10  3.793E-10  1.510E-10  3.620E-11  3.595E-12  1.199E-13  4.222E-16  9.539E-20  7.614E-25  1.399E-31  1.104E-40  0.000E+00  0.000E+00  0.000E+00  0.000E+00  0.000E+00  0.000E+00  0.000E+00  0.000E+00  0.000E+00  0.000E+00  0.000E+00  0.000E+00  0.000E+00  0.000E+00  0.000E+00  0.000E+00  0.000E+00  0.000E+00  0.000E+00  0.000E+00  0.000E+00
  297.5000  1.797E-07  1.706E-07  1.584E-07  1.475E-07  1.379E-07  1.295E-07  1.221E-07  1.115E-07  1.034E-07  9.470E-08  8.675E-08  7.802E-08  7.124E-08  6.372E-08  5.624E-08  4.941E-08  4.313E-08  3.738E-08  3.218E-08  2.754E-08  2.266E-08  1.888E-08  1.573E-08  1.248E-08  1.001E-08  7.862E-09  5.993E-09  4.486E-09  3.250E-09  2.224E-09  1.303E-09  5.682E-10  1.596E-10  2.084E-11  1.048E-12  7.340E-15  4.653E-18  1.604E-22  2.043E-28  2.205E-36  0.000E+00  0.000E+00  0.000E+00  0.000E+00  0.000E+00  0.000E+00  0.000E+00  0.000E+00  0.000E+00  0.000E+00  0.000E+00  0.000E+00  0.000E+00  0.000E+00  0.000E+00  0.000E+00  0.000E+00  0.000E+00  0.000E+00  0.000E+00  0.000E+00
  298.5000  3.227E-07  3.062E-07  2.843E-07  2.645E-07  2.471E-07  2.320E-07  2.187E-07  1.998E-07  1.851E-07  1.696E-07  1.553E-07  1.397E-07  1.276E-07  1.142E-07  1.008E-07  8.863E-08  7.741E-08  6.714E-08  5.783E-08  4.953E-08  4.080E-08  3.403E-08  2.837E-08  2.255E-08  1.812E-08  1.426E-08  1.091E-08  8.223E-09  6.025E-09  4.201E-09  2.559E-09  1.207E-09  3.886E-10  6.419E-11  4.590E-12  5.808E-14  8.896E-17  1.062E-20  6.957E-26  6.792E-33  1.618E-42  0.000E+00  0.000E+00  0.000E+00  0.000E+00  0.000E+00  0.000E+00  0.000E+00  0.000E+00  0.000E+00  0.000E+00  0.000E+00  0.000E+00  0.000E+00  0.000E+00  0.000E+00  0.000E+00  0.000E+00  0.000E+00  0.000E+00  0.000E+00
  299.5000  1.067E-06  1.011E-06  9.385E-07  8.726E-07  8.150E-07  7.647E-07  7.206E-07  6.579E-07  6.094E-07  5.582E-07  5.112E-07  4.600E-07  4.202E-07  3.759E-07  3.321E-07  2.921E-07  2.553E-07  2.216E-07  1.910E-07  1.637E-07  1.350E-07  1.127E-07  9.405E-08  7.486E-08  6.027E-08  4.752E-08  3.650E-08  2.765E-08  2.046E-08  1.450E-08  9.139E-09  4.618E-09  1.679E-09  3.429E-10  3.382E-11  7.369E-13  2.555E-15  9.727E-19  2.975E-23  2.332E-29  9.859E-38  0.000E+00  0.000E+00  0.000E+00  0.000E+00  0.000E+00  0.000E+00  0.000E+00  0.000E+00  0.000E+00  0.000E+00  0.000E+00  0.000E+00  0.000E+00  0.000E+00  0.000E+00  0.000E+00  0.000E+00  0.000E+00  0.000E+00  0.000E+00
  300.5000  1.366E-06  1.294E-06  1.200E-06  1.115E-06  1.041E-06  9.757E-07  9.190E-07  8.387E-07  7.765E-07  7.112E-07  6.512E-07  5.858E-07  5.352E-07  4.797E-07  4.232E-07  3.724E-07  3.257E-07  2.828E-07  2.439E-07  2.092E-07  1.727E-07  1.442E-07  1.205E-07  9.604E-08  7.744E-08  6.115E-08  4.711E-08  3.585E-08  2.673E-08  1.918E-08  1.243E-08  6.637E-09  2.663E-09  6.458E-10  8.258E-11  2.788E-12  1.860E-14  1.764E-17  1.781E-21  6.879E-27  2.557E-34  4.064E-43  0.000E+00  0.000E+00  0.000E+00  0.000E+00  0.000E+00  0.000E+00  0.000E+00  0.000E+00  0.000E+00  0.000E+00  0.000E+00  0.000E+00  0.000E+00  0.000E+00  0.000E+00  0.000E+00  0.000E+00  0.000E+00  0.000E+00
  301.5000  3.844E-06  3.637E-06  3.370E-06  3.128E-06  2.917E-06  2.733E-06  2.572E-06  2.346E-06  2.171E-06  1.987E-06  1.819E-06  1.636E-06  1.495E-06  1.338E-06  1.182E-06  1.041E-06  9.106E-07  7.912E-07  6.830E-07  5.861E-07  4.845E-07  4.050E-07  3.388E-07  2.704E-07  2.184E-07  1.727E-07  1.335E-07  1.020E-07  7.667E-08  5.571E-08  3.708E-08  2.095E-08  9.293E-09  2.693E-09  4.520E-10  2.425E-11  3.248E-13  8.165E-16  2.964E-19  6.414E-24  2.557E-30  6.795E-38  2.803E-45  0.000E+00  0.000E+00  0.000E+00  0.000E+00  0.000E+00  0.000E+00  0.000E+00  0.000E+00  0.000E+00  0.000E+00  0.000E+00  0.000E+00  0.000E+00  0.000E+00  0.000E+00  0.000E+00  0.000E+00  0.000E+00
  302.5000  6.071E-06  5.737E-06  5.315E-06  4.930E-06  4.594E-06  4.301E-06  4.044E-06  3.687E-06  3.409E-06  3.120E-06  2.854E-06  2.567E-06  2.345E-06  2.100E-06  1.854E-06  1.633E-06  1.429E-06  1.242E-06  1.073E-06  9.213E-07  7.623E-07  6.377E-07  5.338E-07  4.265E-07  3.449E-07  2.732E-07  2.115E-07  1.622E-07  1.225E-07  8.974E-08  6.082E-08  3.568E-08  1.694E-08  5.541E-09  1.118E-09  8.216E-11  1.762E-12  8.455E-15  7.072E-18  4.692E-22  8.727E-28  1.431E-34  2.851E-41  1.401E-45  1.401E-45  0.000E+00  0.000E+00  0.000E+00  0.000E+00  0.000E+00  0.000E+00  0.000E+00  0.000E+00  0.000E+00  0.000E+00  0.000E+00  0.000E+00  0.000E+00  0.000E+00  0.000E+00  0.000E+00
  303.5000  1.391E-05  1.313E-05  1.214E-05  1.125E-05  1.047E-05  9.790E-06  9.197E-06  8.375E-06  7.738E-06  7.076E-06  6.468E-06  5.815E-06  5.309E-06  4.748E-06  4.198E-06  3.697E-06  3.237E-06  2.816E-06  2.433E-06  2.091E-06  1.732E-06  1.450E-06  1.215E-06  9.724E-07  7.877E-07  6.247E-07  4.850E-07  3.731E-07  2.835E-07  2.095E-07  1.448E-07  8.860E-08  4.541E-08  1.703E-08  4.242E-09  4.476E-10  1.655E-11  1.694E-13  3.820E-16  9.624E-20  1.118E-24  1.599E-30  2.447E-36  2.391E-40  1.248E-41  1.205E-43  1.401E-45  0.000E+00  0.000E+00  0.000E+00  0.000E+00  0.000E+00  0.000E+00  0.000E+00  0.000E+00  0.000E+00  0.000E+00  0.000E+00  0.000E+00  0.000E+00  0.000E+00
  304.5000  1.816E-05  1.714E-05  1.583E-05  1.465E-05  1.363E-05  1.273E-05  1.195E-05  1.088E-05  1.004E-05  9.176E-06  8.384E-06  7.534E-06  6.877E-06  6.148E-06  5.435E-06  4.787E-06  4.192E-06  3.647E-06  3.153E-06  2.711E-06  2.248E-06  1.883E-06  1.579E-06  1.265E-06  1.026E-06  8.141E-07  6.331E-07  4.881E-07  3.721E-07  2.764E-07  1.934E-07  1.213E-07  6.509E-08  2.649E-08  7.485E-09  9.787E-10  4.984E-11  7.958E-13  3.210E-15  1.754E-18  5.815E-23  2.826E-28  1.341E-33  2.377E-37  1.041E-38  7.960E-41  2.901E-43  0.000E+00  0.000E+00  0.000E+00  0.000E+00  0.000E+00  0.000E+00  0.000E+00  0.000E+00  0.000E+00  0.000E+00  0.000E+00  0.000E+00  0.000E+00  0.000E+00
  305.5000  3.178E-05  2.992E-05  2.760E-05  2.551E-05  2.368E-05  2.209E-05  2.070E-05  1.881E-05  1.734E-05  1.583E-05  1.445E-05  1.297E-05  1.183E-05  1.057E-05  9.344E-06  8.230E-06  7.208E-06  6.273E-06  5.426E-06  4.668E-06  3.876E-06  3.251E-06  2.728E-06  2.189E-06  1.778E-06  1.413E-06  1.102E-06  8.519E-07  6.525E-07  4.879E-07  3.466E-07  2.248E-07  1.282E-07  5.832E-08  1.960E-08  3.460E-09  2.777E-10  8.468E-12  8.123E-14  1.422E-16  2.297E-20  7.187E-25  1.951E-29  8.498E-33  2.791E-34  1.427E-36  2.125E-39  1.121E-44  0.000E+00  0.000E+00  0.000E+00  0.000E+00  0.000E+00  0.000E+00  0.000E+00  0.000E+00  0.000E+00  0.000E+00  0.000E+00  0.000E+00  0.000E+00
  306.5000  3.767E-05  3.544E-05  3.266E-05  3.015E-05  2.797E-05  2.606E-05  2.441E-05  2.216E-05  2.042E-05  1.863E-05  1.699E-05  1.525E-05  1.390E-05  1.241E-05  1.097E-05  9.661E-06  8.461E-06  7.365E-06  6.372E-06  5.484E-06  4.556E-06  3.823E-06  3.211E-06  2.578E-06  2.096E-06  1.667E-06  1.301E-06  1.008E-06  7.736E-07  5.802E-07  4.152E-07  2.734E-07  1.604E-07  7.681E-08  2.793E-08  5.646E-09  5.541E-10  2.234E-11  3.089E-13  8.838E-16  2.792E-19  1.918E-23  1.087E-27  7.015E-31  2.110E-32  9.621E-35  1.082E-37  5.395E-43  0.000E+00  0.000E+00  0.000E+00  0.000E+00  0.000E+00  0.000E+00  0.000E+00  0.000E+00  0.000E+00  0.000E+00  0.000E+00  0.000E+00  0.000E+00
  307.5000  7.068E-05  6.631E-05  6.098E-05  5.617E-05  5.198E-05  4.834E-05  4.517E-05  4.095E-05  3.765E-05  3.430E-05  3.123E-05  2.799E-05  2.549E-05  2.273E-05  2.008E-05  1.767E-05  1.548E-05  1.347E-05  1.166E-05  1.004E-05  8.352E-06  7.015E-06  5.896E-06  4.743E-06  3.863E-06  3.077E-06  2.406E-06  1.868E-06  1.440E-06  1.085E-06  7.854E-07  5.303E-07  3.257E-07  1.699E-07  7.080E-08  1.819E-08  2.576E-09  1.756E-10  4.934E-12  3.685E-14  4.328E-17  1.397E-20  3.404E-24  4.642E-27  1.117E-28  3.716E-31  2.022E-34  6.376E-40  0.000E+00  0.000E+00  0.000E+00  0.000E+00  0.000E+00  0.000E+00  0.000E+00  0.000E+00  0.000E+00  0.000E+00  0.000E+00  0.000E+00  0.000E+00
  308.5000  8.825E-05  8.271E-05  7.598E-05  6.991E-05  6.463E-05  6.003E-05  5.604E-05  5.076E-05  4.663E-05  4.244E-05  3.861E-05  3.458E-05  3.148E-05  2.806E-05  2.477E-05  2.180E-05  1.908E-05  1.661E-05  1.438E-05  1.238E-05  1.031E-05  8.662E-06  7.284E-06  5.864E-06  4.780E-06  3.810E-06  2.983E-06  2.319E-06  1.791E-06  1.352E-06  9.837E-07  6.715E-07  4.208E-07  2.278E-07  1.005E-07  2.853E-08  4.690E-09  3.928E-10  1.442E-11  1.545E-13  2.967E-16  1.696E-19  7.042E-23  1.281E-25  2.934E-27  9.191E-30  4.237E-33  1.296E-38  0.000E+00  0.000E+00  0.000E+00  0.000E+00  0.000E+00  0.000E+00  0.000E+00  0.000E+00  0.000E+00  0.000E+00  0.000E+00  0.000E+00  0.000E+00
  309.5000  9.522E-05  8.902E-05  8.160E-05  7.491E-05  6.909E-05  6.403E-05  5.963E-05  5.391E-05  4.943E-05  4.491E-05  4.079E-05  3.648E-05  3.316E-05  2.952E-05  2.604E-05  2.289E-05  2.003E-05  1.744E-05  1.509E-05  1.300E-05  1.083E-05  9.108E-06  7.665E-06  6.180E-06  5.045E-06  4.026E-06  3.157E-06  2.460E-06  1.905E-06  1.443E-06  1.057E-06  7.330E-07  4.727E-07  2.701E-07  1.302E-07  4.318E-08  9.018E-09  1.066E-09  6.233E-11  1.256E-12  5.731E-15  9.046E-18  9.774E-21  2.914E-23  5.877E-25  1.543E-27  4.636E-31  1.116E-36  0.000E+00  0.000E+00  0.000E+00  0.000E+00  0.000E+00  0.000E+00  0.000E+00  0.000E+00  0.000E+00  0.000E+00  0.000E+00  0.000E+00  0.000E+00
  310.5000  1.525E-04  1.423E-04  1.302E-04  1.193E-04  1.098E-04  1.015E-04  9.438E-05  8.515E-05  7.793E-05  7.069E-05  6.409E-05  5.724E-05  5.197E-05  4.620E-05  4.076E-05  3.577E-05  3.129E-05  2.722E-05  2.355E-05  2.029E-05  1.692E-05  1.423E-05  1.199E-05  9.676E-06  7.910E-06  6.317E-06  4.963E-06  3.872E-06  3.006E-06  2.281E-06  1.681E-06  1.179E-06  7.765E-07  4.618E-07  2.373E-07  8.826E-08  2.196E-08  3.322E-09  2.701E-10  8.509E-12  7.157E-14  2.302E-16  4.835E-19  2.042E-21  3.822E-23  9.087E-26  2.117E-29  4.589E-35  0.000E+00  0.000E+00  0.000E+00  0.000E+00  0.000E+00  0.000E+00  0.000E+00  0.000E+00  0.000E+00  0.000E+00  0.000E+00  0.000E+00  0.000E+00
  311.5000  2.198E-04  2.047E-04  1.869E-04  1.710E-04  1.572E-04  1.451E-04  1.347E-04  1.214E-04  1.109E-04  1.005E-04  9.098E-05  8.117E-05  7.361E-05  6.537E-05  5.759E-05  5.054E-05  4.418E-05  3.842E-05  3.324E-05  2.863E-05  2.388E-05  2.010E-05  1.693E-05  1.368E-05  1.120E-05  8.948E-06  7.038E-06  5.498E-06  4.275E-06  3.249E-06  2.402E-06  1.698E-06  1.133E-06  6.912E-07  3.701E-07  1.482E-07  4.128E-08  7.330E-09  7.379E-10  3.113E-11  3.921E-13  2.025E-15  6.660E-18  3.587E-20  6.519E-22  1.496E-24  3.080E-28  6.628E-34  1.401E-45  0.000E+00  0.000E+00  0.000E+00  0.000E+00  0.000E+00  0.000E+00  0.000E+00  0.000E+00  0.000E+00  0.000E+00  0.000E+00  0.000E+00
  312.5000  2.714E-04  2.519E-04  2.293E-04  2.090E-04  1.913E-04  1.761E-04  1.628E-04  1.462E-04  1.332E-04  1.203E-04  1.086E-04  9.660E-05  8.739E-05  7.740E-05  6.806E-05  5.961E-05  5.203E-05  4.520E-05  3.907E-05  3.363E-05  2.808E-05  2.364E-05  1.993E-05  1.613E-05  1.322E-05  1.058E-05  8.342E-06  6.533E-06  5.095E-06  3.881E-06  2.885E-06  2.065E-06  1.408E-06  8.952E-07  5.135E-07  2.333E-07  7.923E-08  1.869E-08  2.762E-09  1.969E-10  5.097E-12  6.081E-14  4.367E-16  3.510E-18  5.783E-20  1.160E-22  1.709E-26  3.092E-32  4.344E-44  0.000E+00  0.000E+00  0.000E+00  0.000E+00  0.000E+00  0.000E+00  0.000E+00  0.000E+00  0.000E+00  0.000E+00  0.000E+00  0.000E+00
  313.5000  3.276E-04  3.037E-04  2.762E-04  2.516E-04  2.302E-04  2.116E-04  1.955E-04  1.754E-04  1.596E-04  1.440E-04  1.299E-04  1.155E-04  1.044E-04  9.241E-05  8.119E-05  7.109E-05  6.202E-05  5.386E-05  4.655E-05  4.006E-05  3.345E-05  2.817E-05  2.375E-05  1.924E-05  1.578E-05  1.263E-05  9.966E-06  7.810E-06  6.098E-06  4.649E-06  3.463E-06  2.488E-06  1.707E-06  1.099E-06  6.433E-07  3.028E-07  1.083E-07  2.740E-08  4.417E-09  3.546E-10  1.082E-11  1.559E-13  1.337E-15  1.199E-17  2.011E-19  4.177E-22  6.389E-26  1.298E-31  2.354E-43  0.000E+00  0.000E+00  0.000E+00  0.000E+00  0.000E+00  0.000E+00  0.000E+00  0.000E+00  0.000E+00  0.000E+00  0.000E+00  0.000E+00
  314.5000  4.210E-04  3.887E-04  3.521E-04  3.194E-04  2.909E-04  2.663E-04  2.450E-04  2.190E-04  1.985E-04  1.784E-04  1.603E-04  1.420E-04  1.279E-04  1.128E-04  9.877E-05  8.631E-05  7.513E-05  6.511E-05  5.618E-05  4.830E-05  4.033E-05  3.396E-05  2.864E-05  2.324E-05  1.910E-05  1.531E-05  1.211E-05  9.511E-06  7.448E-06  5.690E-06  4.259E-06  3.092E-06  2.156E-06  1.433E-06  8.847E-07  4.607E-07  1.935E-07  6.185E-08  1.372E-08  1.715E-09  9.666E-11  2.852E-12  4.791E-14  6.072E-16  9.450E-18  1.770E-20  2.056E-24  3.662E-30  7.498E-42  0.000E+00  0.000E+00  0.000E+00  0.000E+00  0.000E+00  0.000E+00  0.000E+00  0.000E+00  0.000E+00  0.000E+00  0.000E+00  0.000E+00
  315.5000  4.568E-04  4.216E-04  3.817E-04  3.460E-04  3.150E-04  2.882E-04  2.650E-04  2.367E-04  2.144E-04  1.926E-04  1.729E-04  1.531E-04  1.379E-04  1.215E-04  1.063E-04  9.284E-05  8.077E-05  6.998E-05  6.037E-05  5.189E-05  4.333E-05  3.648E-05  3.077E-05  2.497E-05  2.054E-05  1.647E-05  1.303E-05  1.025E-05  8.031E-06  6.140E-06  4.602E-06  3.350E-06  2.346E-06  1.572E-06  9.835E-07  5.239E-07  2.276E-07  7.588E-08  1.769E-08  2.368E-09  1.467E-10  4.814E-12  8.926E-14  1.215E-15  1.949E-17  3.849E-20  4.847E-24  1.000E-29  2.682E-41  0.000E+00  0.000E+00  0.000E+00  0.000E+00  0.000E+00  0.000E+00  0.000E+00  0.000E+00  0.000E+00  0.000E+00  0.000E+00  0.000E+00
  316.5000  5.838E-04  5.366E-04  4.839E-04  4.368E-04  3.961E-04  3.608E-04  3.304E-04  2.939E-04  2.650E-04  2.371E-04  2.120E-04  1.869E-04  1.677E-04  1.472E-04  1.284E-04  1.118E-04  9.694E-05  8.377E-05  7.210E-05  6.187E-05  5.162E-05  4.344E-05  3.662E-05  2.976E-05  2.451E-05  1.968E-05  1.561E-05  1.230E-05  9.671E-06  7.410E-06  5.577E-06  4.093E-06  2.900E-06  1.987E-06  1.292E-06  7.411E-07  3.624E-07  1.441E-07  4.286E-08  8.053E-09  7.983E-10  4.515E-11  1.390E-12  2.466E-14  3.774E-16  7.004E-19  7.365E-23  1.425E-28  4.424E-40  0.000E+00  0.000E+00  0.000E+00  0.000E+00  0.000E+00  0.000E+00  0.000E+00  0.000E+00  0.000E+00  0.000E+00  0.000E+00  0.000E+00
  317.5000  8.266E-04  7.599E-04  6.854E-04  6.188E-04  5.611E-04  5.113E-04  4.684E-04  4.166E-04  3.758E-04  3.362E-04  3.007E-04  2.651E-04  2.379E-04  2.088E-04  1.821E-04  1.585E-04  1.375E-04  1.188E-04  1.023E-04  8.777E-05  7.325E-05  6.164E-05  5.197E-05  4.224E-05  3.480E-05  2.794E-05  2.217E-05  1.748E-05  1.374E-05  1.053E-05  7.930E-06  5.825E-06  4.133E-06  2.839E-06  1.852E-06  1.068E-06  5.252E-07  2.097E-07  6.246E-08  1.175E-08  1.166E-09  6.587E-11  2.033E-12  3.696E-14  5.943E-16  1.195E-18  1.440E-22  3.355E-28  1.379E-39  0.000E+00  0.000E+00  0.000E+00  0.000E+00  0.000E+00  0.000E+00  0.000E+00  0.000E+00  0.000E+00  0.000E+00  0.000E+00  0.000E+00
  318.5000  8.636E-04  7.908E-04  7.103E-04  6.387E-04  5.766E-04  5.231E-04  4.770E-04  4.223E-04  3.792E-04  3.377E-04  3.005E-04  2.637E-04  2.357E-04  2.058E-04  1.787E-04  1.549E-04  1.339E-04  1.153E-04  9.892E-05  8.465E-05  7.053E-05  5.927E-05  4.992E-05  4.060E-05  3.350E-05  2.692E-05  2.141E-05  1.692E-05  1.335E-05  1.026E-05  7.756E-06  5.742E-06  4.114E-06  2.880E-06  1.940E-06  1.191E-06  6.483E-07  3.019E-07  1.115E-07  2.845E-08  4.321E-09  3.998E-10  1.957E-11  4.531E-13  7.003E-15  1.337E-17  1.375E-21  3.047E-27  1.450E-38  0.000E+00  0.000E+00  0.000E+00  0.000E+00  0.000E+00  0.000E+00  0.000E+00  0.000E+00  0.000E+00  0.000E+00  0.000E+00  0.000E+00
  319.5000  1.122E-03  1.027E-03  9.221E-04  8.286E-04  7.477E-04  6.779E-04  6.177E-04  5.466E-04  4.903E-04  4.364E-04  3.880E-04  3.402E-04  3.039E-04  2.651E-04  2.299E-04  1.992E-04  1.720E-04  1.480E-04  1.269E-04  1.085E-04  9.035E-05  7.590E-05  6.392E-05  5.199E-05  4.291E-05  3.449E-05  2.745E-05  2.172E-05  1.714E-05  1.318E-05  9.982E-06  7.406E-06  5.321E-06  3.743E-06  2.542E-06  1.583E-06  8.818E-07  4.237E-07  1.629E-07  4.395E-08  7.216E-09  7.295E-10  3.885E-11  9.579E-13  1.528E-14  3.076E-17  3.425E-21  8.708E-27  5.305E-38  0.000E+00  0.000E+00  0.000E+00  0.000E+00  0.000E+00  0.000E+00  0.000E+00  0.000E+00  0.000E+00  0.000E+00  0.000E+00  0.000E+00
  320.5000  1.472E-03  1.346E-03  1.208E-03  1.084E-03  9.771E-04  8.850E-04  8.056E-04  7.119E-04  6.379E-04  5.670E-04  5.035E-04  4.409E-04  3.933E-04  3.426E-04  2.968E-04  2.567E-04  2.214E-04  1.903E-04  1.630E-04  1.393E-04  1.159E-04  9.730E-05  8.190E-05  6.661E-05  5.501E-05  4.421E-05  3.521E-05  2.788E-05  2.203E-05  1.695E-05  1.285E-05  9.556E-06  6.883E-06  4.864E-06  3.328E-06  2.102E-06  1.197E-06  5.958E-07  2.409E-07  6.990E-08  1.269E-08  1.440E-09  8.588E-11  2.286E-12  3.747E-14  7.905E-17  9.331E-21  2.660E-26  2.037E-37  0.000E+00  0.000E+00  0.000E+00  0.000E+00  0.000E+00  0.000E+00  0.000E+00  0.000E+00  0.000E+00  0.000E+00  0.000E+00  0.000E+00
  321.5000  1.798E-03  1.643E-03  1.470E-03  1.316E-03  1.183E-03  1.068E-03  9.695E-04  8.533E-04  7.615E-04  6.739E-04  5.956E-04  5.189E-04  4.609E-04  3.990E-04  3.437E-04  2.957E-04  2.536E-04  2.168E-04  1.848E-04  1.571E-04  1.303E-04  1.090E-04  9.151E-05  7.434E-05  6.144E-05  4.937E-05  3.940E-05  3.130E-05  2.482E-05  1.917E-05  1.461E-05  1.095E-05  7.963E-06  5.715E-06  4.012E-06  2.665E-06  1.646E-06  9.296E-07  4.494E-07  1.692E-07  4.439E-08  7.721E-09  6.863E-10  2.258E-11  3.581E-13  7.243E-16  7.500E-20  2.076E-25  1.851E-36  0.000E+00  0.000E+00  0.000E+00  0.000E+00  0.000E+00  0.000E+00  0.000E+00  0.000E+00  0.000E+00  0.000E+00  0.000E+00  0.000E+00
  322.5000  1.353E-03  1.236E-03  1.108E-03  9.940E-04  8.953E-04  8.103E-04  7.371E-04  6.507E-04  5.826E-04  5.173E-04  4.590E-04  4.015E-04  3.578E-04  3.113E-04  2.694E-04  2.328E-04  2.005E-04  1.721E-04  1.473E-04  1.258E-04  1.046E-04  8.775E-05  7.384E-05  6.006E-05  4.962E-05  3.989E-05  3.179E-05  2.519E-05  1.993E-05  1.535E-05  1.166E-05  8.688E-06  6.277E-06  4.459E-06  3.077E-06  1.974E-06  1.151E-06  5.924E-07  2.504E-07  7.748E-08  1.540E-08  1.946E-09  1.295E-10  3.797E-12  6.711E-14  1.600E-16  2.273E-20  8.627E-26  1.069E-36  0.000E+00  0.000E+00  0.000E+00  0.000E+00  0.000E+00  0.000E+00  0.000E+00  0.000E+00  0.000E+00  0.000E+00  0.000E+00  0.000E+00
  323.5000  2.244E-03  2.050E-03  1.834E-03  1.642E-03  1.475E-03  1.331E-03  1.208E-03  1.061E-03  9.459E-04  8.357E-04  7.373E-04  6.409E-04  5.683E-04  4.904E-04  4.212E-04  3.613E-04  3.089E-04  2.633E-04  2.237E-04  1.898E-04  1.569E-04  1.310E-04  1.098E-04  8.905E-05  7.359E-05  5.909E-05  4.719E-05  3.755E-05  2.983E-05  2.309E-05  1.765E-05  1.329E-05  9.704E-06  7.015E-06  4.979E-06  3.377E-06  2.156E-06  1.285E-06  6.710E-07  2.837E-07  8.797E-08  1.864E-08  2.019E-09  7.627E-11  1.281E-12  2.849E-15  3.332E-19  1.161E-24  1.610E-35  0.000E+00  0.000E+00  0.000E+00  0.000E+00  0.000E+00  0.000E+00  0.000E+00  0.000E+00  0.000E+00  0.000E+00  0.000E+00  0.000E+00
  324.5000  2.581E-03  2.358E-03  2.110E-03  1.889E-03  1.697E-03  1.532E-03  1.390E-03  1.222E-03  1.090E-03  9.630E-04  8.498E-04  7.390E-04  6.557E-04  5.661E-04  4.864E-04  4.174E-04  3.571E-04  3.045E-04  2.589E-04  2.196E-04  1.817E-04  1.517E-04  1.272E-04  1.032E-04  8.530E-05  6.850E-05  5.472E-05  4.354E-05  3.459E-05  2.677E-05  2.046E-05  1.541E-05  1.125E-05  8.136E-06  5.777E-06  3.918E-06  2.499E-06  1.484E-06  7.699E-07  3.222E-07  9.838E-08  2.048E-08  2.190E-09  8.401E-11  1.481E-12  3.558E-15  4.746E-19  1.964E-24  3.505E-35  0.000E+00  0.000E+00  0.000E+00  0.000E+00  0.000E+00  0.000E+00  0.000E+00  0.000E+00  0.000E+00  0.000E+00  0.000E+00  0.000E+00
  325.5000  2.691E-03  2.458E-03  2.198E-03  1.968E-03  1.768E-03  1.596E-03  1.448E-03  1.273E-03  1.135E-03  1.004E-03  8.860E-04  7.709E-04  6.842E-04  5.913E-04  5.085E-04  4.367E-04  3.739E-04  3.191E-04  2.715E-04  2.306E-04  1.909E-04  1.595E-04  1.338E-04  1.086E-04  8.980E-05  7.213E-05  5.761E-05  4.582E-05  3.639E-05  2.814E-05  2.149E-05  1.616E-05  1.179E-05  8.508E-06  6.024E-06  4.061E-06  2.567E-06  1.501E-06  7.608E-07  3.076E-07  8.941E-08  1.760E-08  1.800E-09  6.900E-11  1.287E-12  3.379E-15  5.245E-19  2.601E-24  5.933E-35  0.000E+00  0.000E+00  0.000E+00  0.000E+00  0.000E+00  0.000E+00  0.000E+00  0.000E+00  0.000E+00  0.000E+00  0.000E+00  0.000E+00
  326.5000  4.799E-03  4.397E-03  3.939E-03  3.531E-03  3.178E-03  2.873E-03  2.610E-03  2.294E-03  2.045E-03  1.806E-03  1.592E-03  1.381E-03  1.224E-03  1.053E-03  9.010E-04  7.699E-04  6.557E-04  5.565E-04  4.709E-04  3.977E-04  3.273E-04  2.721E-04  2.273E-04  1.838E-04  1.518E-04  1.216E-04  9.719E-05  7.747E-05  6.172E-05  4.792E-05  3.680E-05  2.789E-05  2.051E-05  1.497E-05  1.078E-05  7.511E-06  4.996E-06  3.186E-06  1.833E-06  9.001E-07  3.472E-07  9.540E-08  1.343E-08  6.125E-10  1.119E-11  2.863E-14  4.042E-18  1.986E-23  5.247E-34  0.000E+00  0.000E+00  0.000E+00  0.000E+00  0.000E+00  0.000E+00  0.000E+00  0.000E+00  0.000E+00  0.000E+00  0.000E+00  0.000E+00
  327.5000  3.913E-03  3.580E-03  3.204E-03  2.870E-03  2.580E-03  2.331E-03  2.115E-03  1.858E-03  1.656E-03  1.463E-03  1.290E-03  1.120E-03  9.928E-04  8.549E-04  7.328E-04  6.272E-04  5.351E-04  4.550E-04  3.857E-04  3.264E-04  2.692E-04  2.242E-04  1.876E-04  1.519E-04  1.255E-04  1.007E-04  8.047E-05  6.412E-05  5.104E-05  3.959E-05  3.035E-05  2.295E-05  1.684E-05  1.225E-05  8.786E-06  6.071E-06  3.984E-06  2.480E-06  1.375E-06  6.376E-07  2.258E-07  5.610E-08  7.208E-09  3.212E-10  6.251E-12  1.766E-14  2.981E-18  1.795E-23  6.151E-34  0.000E+00  0.000E+00  0.000E+00  0.000E+00  0.000E+00  0.000E+00  0.000E+00  0.000E+00  0.000E+00  0.000E+00  0.000E+00  0.000E+00
  328.5000  3.615E-03  3.306E-03  2.958E-03  2.649E-03  2.381E-03  2.150E-03  1.950E-03  1.713E-03  1.526E-03  1.347E-03  1.187E-03  1.031E-03  9.134E-04  7.862E-04  6.737E-04  5.764E-04  4.915E-04  4.178E-04  3.541E-04  2.995E-04  2.469E-04  2.056E-04  1.720E-04  1.393E-04  1.151E-04  9.230E-05  7.375E-05  5.876E-05  4.678E-05  3.628E-05  2.782E-05  2.104E-05  1.544E-05  1.123E-05  8.058E-06  5.570E-06  3.658E-06  2.281E-06  1.269E-06  5.916E-07  2.119E-07  5.356E-08  7.067E-09  3.257E-10  6.611E-12  1.994E-14  3.716E-18  2.565E-23  1.087E-33  0.000E+00  0.000E+00  0.000E+00  0.000E+00  0.000E+00  0.000E+00  0.000E+00  0.000E+00  0.000E+00  0.000E+00  0.000E+00  0.000E+00
  329.5000  6.451E-03  5.929E-03  5.321E-03  4.779E-03  4.311E-03  3.907E-03  3.558E-03  3.130E-03  2.795E-03  2.470E-03  2.179E-03  1.890E-03  1.678E-03  1.440E-03  1.231E-03  1.050E-03  8.928E-04  7.560E-04  6.382E-04  5.376E-04  4.409E-04  3.655E-04  3.046E-04  2.457E-04  2.027E-04  1.621E-04  1.294E-04  1.033E-04  8.239E-05  6.410E-05  4.937E-05  3.758E-05  2.774E-05  2.035E-05  1.477E-05  1.044E-05  7.085E-06  4.678E-06  2.831E-06  1.509E-06  6.585E-07  2.108E-07  3.497E-08  1.835E-09  3.702E-11  1.113E-13  1.986E-17  1.412E-22  7.036E-33  0.000E+00  0.000E+00  0.000E+00  0.000E+00  0.000E+00  0.000E+00  0.000E+00  0.000E+00  0.000E+00  0.000E+00  0.000E+00  0.000E+00
  330.5000  5.110E-03  4.685E-03  4.198E-03  3.764E-03  3.389E-03  3.065E-03  2.786E-03  2.448E-03  2.183E-03  1.928E-03  1.699E-03  1.474E-03  1.307E-03  1.123E-03  9.604E-04  8.202E-04  6.980E-04  5.919E-04  5.004E-04  4.222E-04  3.470E-04  2.882E-04  2.406E-04  1.944E-04  1.605E-04  1.285E-04  1.027E-04  8.190E-05  6.529E-05  5.074E-05  3.901E-05  2.962E-05  2.182E-05  1.596E-05  1.154E-05  8.094E-06  5.430E-06  3.512E-06  2.060E-06  1.044E-06  4.227E-07  1.238E-07  1.897E-08  9.768E-10  2.094E-11  6.914E-14  1.458E-17  1.253E-22  7.960E-33  0.000E+00  0.000E+00  0.000E+00  0.000E+00  0.000E+00  0.000E+00  0.000E+00  0.000E+00  0.000E+00  0.000E+00  0.000E+00  0.000E+00
  331.5000  4.906E-03  4.495E-03  4.026E-03  3.608E-03  3.247E-03  2.935E-03  2.666E-03  2.342E-03  2.088E-03  1.843E-03  1.624E-03  1.408E-03  1.248E-03  1.072E-03  9.174E-04  7.835E-04  6.668E-04  5.655E-04  4.781E-04  4.035E-04  3.317E-04  2.755E-04  2.301E-04  1.859E-04  1.535E-04  1.229E-04  9.824E-05  7.834E-05  6.244E-05  4.851E-05  3.729E-05  2.831E-05  2.084E-05  1.524E-05  1.101E-05  7.711E-06  5.163E-06  3.327E-06  1.941E-06  9.766E-07  3.913E-07  1.135E-07  1.736E-08  9.107E-10  2.041E-11  7.226E-14  1.704E-17  1.692E-22  1.330E-32  0.000E+00  0.000E+00  0.000E+00  0.000E+00  0.000E+00  0.000E+00  0.000E+00  0.000E+00  0.000E+00  0.000E+00  0.000E+00  0.000E+00
  332.5000  6.160E-03  5.668E-03  5.092E-03  4.578E-03  4.134E-03  3.751E-03  3.420E-03  3.010E-03  2.690E-03  2.379E-03  2.100E-03  1.822E-03  1.619E-03  1.389E-03  1.187E-03  1.012E-03  8.592E-04  7.269E-04  6.130E-04  5.159E-04  4.223E-04  3.496E-04  2.911E-04  2.344E-04  1.933E-04  1.544E-04  1.232E-04  9.834E-05  7.851E-05  6.112E-05  4.714E-05  3.595E-05  2.659E-05  1.956E-05  1.424E-05  1.013E-05  6.923E-06  4.636E-06  2.862E-06  1.578E-06  7.266E-07  2.494E-07  4.513E-08  2.617E-09  5.896E-11  2.115E-13  4.952E-17  5.186E-22  4.821E-32  0.000E+00  0.000E+00  0.000E+00  0.000E+00  0.000E+00  0.000E+00  0.000E+00  0.000E+00  0.000E+00  0.000E+00  0.000E+00  0.000E+00
  333.5000  5.200E-03  4.775E-03  4.283E-03  3.844E-03  3.465E-03  3.138E-03  2.855E-03  2.510E-03  2.240E-03  1.979E-03  1.745E-03  1.513E-03  1.342E-03  1.152E-03  9.843E-04  8.396E-04  7.135E-04  6.041E-04  5.099E-04  4.295E-04  3.522E-04  2.920E-04  2.434E-04  1.962E-04  1.620E-04  1.295E-04  1.034E-04  8.250E-05  6.583E-05  5.121E-05  3.944E-05  3.003E-05  2.217E-05  1.627E-05  1.182E-05  8.357E-06  5.672E-06  3.744E-06  2.263E-06  1.206E-06  5.268E-07  1.700E-07  2.917E-08  1.679E-09  3.993E-11  1.557E-13  4.211E-17  5.218E-22  6.058E-32  0.000E+00  0.000E+00  0.000E+00  0.000E+00  0.000E+00  0.000E+00  0.000E+00  0.000E+00  0.000E+00  0.000E+00  0.000E+00  0.000E+00
  334.5000  6.134E-03  5.638E-03  5.060E-03  4.544E-03  4.099E-03  3.715E-03  3.383E-03  2.975E-03  2.656E-03  2.347E-03  2.070E-03  1.795E-03  1.593E-03  1.367E-03  1.168E-03  9.953E-04  8.454E-04  7.152E-04  6.032E-04  5.077E-04  4.159E-04  3.444E-04  2.868E-04  2.310E-04  1.906E-04  1.522E-04  1.216E-04  9.699E-05  7.741E-05  6.025E-05  4.644E-05  3.540E-05  2.617E-05  1.923E-05  1.399E-05  9.929E-06  6.769E-06  4.509E-06  2.763E-06  1.506E-06  6.813E-07  2.298E-07  4.143E-08  2.489E-09  6.106E-11  2.502E-13  7.266E-17  1.005E-21  1.410E-31  0.000E+00  0.000E+00  0.000E+00  0.000E+00  0.000E+00  0.000E+00  0.000E+00  0.000E+00  0.000E+00  0.000E+00  0.000E+00  0.000E+00
  335.5000  7.029E-03  6.477E-03  5.824E-03  5.241E-03  4.737E-03  4.304E-03  3.930E-03  3.460E-03  3.095E-03  2.740E-03  2.420E-03  2.100E-03  1.867E-03  1.601E-03  1.368E-03  1.165E-03  9.893E-04  8.362E-04  7.045E-04  5.923E-04  4.841E-04  4.002E-04  3.329E-04  2.676E-04  2.206E-04  1.759E-04  1.403E-04  1.120E-04  8.945E-05  6.969E-05  5.381E-05  4.111E-05  3.046E-05  2.245E-05  1.640E-05  1.172E-05  8.058E-06  5.460E-06  3.429E-06  1.948E-06  9.406E-07  3.440E-07  6.744E-08  4.297E-09  1.077E-10  4.576E-13  1.390E-16  2.107E-21  3.544E-31  0.000E+00  0.000E+00  0.000E+00  0.000E+00  0.000E+00  0.000E+00  0.000E+00  0.000E+00  0.000E+00  0.000E+00  0.000E+00  0.000E+00
  336.5000  5.299E-03  4.879E-03  4.384E-03  3.942E-03  3.561E-03  3.232E-03  2.948E-03  2.595E-03  2.319E-03  2.052E-03  1.811E-03  1.571E-03  1.396E-03  1.197E-03  1.022E-03  8.710E-04  7.392E-04  6.249E-04  5.265E-04  4.427E-04  3.620E-04  2.993E-04  2.490E-04  2.003E-04  1.651E-04  1.317E-04  1.051E-04  8.386E-05  6.697E-05  5.216E-05  4.026E-05  3.074E-05  2.277E-05  1.677E-05  1.224E-05  8.736E-06  5.997E-06  4.048E-06  2.529E-06  1.424E-06  6.787E-07  2.447E-07  4.763E-08  3.079E-09  8.052E-11  3.654E-13  1.236E-16  2.148E-21  4.413E-31  0.000E+00  0.000E+00  0.000E+00  0.000E+00  0.000E+00  0.000E+00  0.000E+00  0.000E+00  0.000E+00  0.000E+00  0.000E+00  0.000E+00
  337.5000  5.338E-03  4.905E-03  4.401E-03  3.952E-03  3.564E-03  3.229E-03  2.940E-03  2.585E-03  2.307E-03  2.038E-03  1.797E-03  1.558E-03  1.383E-03  1.186E-03  1.012E-03  8.628E-04  7.325E-04  6.195E-04  5.223E-04  4.394E-04  3.597E-04  2.978E-04  2.479E-04  1.996E-04  1.647E-04  1.315E-04  1.050E-04  8.375E-05  6.685E-05  5.204E-05  4.013E-05  3.060E-05  2.263E-05  1.665E-05  1.212E-05  8.614E-06  5.883E-06  3.930E-06  2.418E-06  1.328E-06  6.088E-07  2.098E-07  3.930E-08  2.539E-09  6.967E-11  3.408E-13  1.309E-16  2.648E-21  6.684E-31  0.000E+00  0.000E+00  0.000E+00  0.000E+00  0.000E+00  0.000E+00  0.000E+00  0.000E+00  0.000E+00  0.000E+00  0.000E+00  0.000E+00
  338.5000  6.415E-03  5.911E-03  5.314E-03  4.782E-03  4.322E-03  3.926E-03  3.584E-03  3.155E-03  2.822E-03  2.497E-03  2.205E-03  1.913E-03  1.701E-03  1.458E-03  1.245E-03  1.060E-03  8.996E-04  7.600E-04  6.400E-04  5.377E-04  4.392E-04  3.628E-04  3.017E-04  2.423E-04  1.997E-04  1.592E-04  1.269E-04  1.013E-04  8.090E-05  6.304E-05  4.869E-05  3.722E-05  2.760E-05  2.035E-05  1.488E-05  1.065E-05  7.335E-06  4.987E-06  3.148E-06  1.805E-06  8.863E-07  3.327E-07  6.819E-08  4.683E-09  1.310E-10  6.620E-13  2.637E-16  5.779E-21  1.727E-30  0.000E+00  0.000E+00  0.000E+00  0.000E+00  0.000E+00  0.000E+00  0.000E+00  0.000E+00  0.000E+00  0.000E+00  0.000E+00  0.000E+00
  339.5000  7.100E-03  6.544E-03  5.885E-03  5.297E-03  4.789E-03  4.351E-03  3.974E-03  3.499E-03  3.130E-03  2.770E-03  2.447E-03  2.122E-03  1.888E-03  1.618E-03  1.381E-03  1.176E-03  9.975E-04  8.425E-04  7.092E-04  5.957E-04  4.862E-04  4.015E-04  3.337E-04  2.679E-04  2.208E-04  1.759E-04  1.402E-04  1.119E-04  8.937E-05  6.965E-05  5.381E-05  4.115E-05  3.053E-05  2.253E-05  1.648E-05  1.181E-05  8.145E-06  5.554E-06  3.520E-06  2.035E-06  1.012E-06  3.867E-07  8.122E-08  5.742E-09  1.661E-10  8.851E-13  3.822E-16  9.385E-21  3.363E-30  0.000E+00  0.000E+00  0.000E+00  0.000E+00  0.000E+00  0.000E+00  0.000E+00  0.000E+00  0.000E+00  0.000E+00  0.000E+00  0.000E+00
  340.5000  7.234E-03  6.660E-03  5.984E-03  5.381E-03  4.860E-03  4.410E-03  4.023E-03  3.539E-03  3.163E-03  2.798E-03  2.469E-03  2.141E-03  1.902E-03  1.630E-03  1.391E-03  1.185E-03  1.005E-03  8.487E-04  7.145E-04  6.003E-04  4.904E-04  4.051E-04  3.368E-04  2.706E-04  2.230E-04  1.778E-04  1.418E-04  1.131E-04  9.034E-05  7.038E-05  5.435E-05  4.154E-05  3.079E-05  2.271E-05  1.659E-05  1.187E-05  8.167E-06  5.541E-06  3.487E-06  1.992E-06  9.721E-07  3.635E-07  7.514E-08  5.361E-09  1.617E-10  9.190E-13  4.418E-16  1.240E-20  5.386E-30  0.000E+00  0.000E+00  0.000E+00  0.000E+00  0.000E+00  0.000E+00  0.000E+00  0.000E+00  0.000E+00  0.000E+00  0.000E+00  0.000E+00
  341.5000  6.881E-03  6.345E-03  5.707E-03  5.138E-03  4.647E-03  4.223E-03  3.858E-03  3.398E-03  3.040E-03  2.691E-03  2.377E-03  2.062E-03  1.835E-03  1.572E-03  1.342E-03  1.143E-03  9.688E-04  8.180E-04  6.882E-04  5.778E-04  4.714E-04  3.890E-04  3.232E-04  2.593E-04  2.136E-04  1.701E-04  1.356E-04  1.082E-04  8.639E-05  6.734E-05  5.205E-05  3.983E-05  2.957E-05  2.183E-05  1.599E-05  1.148E-05  7.931E-06  5.428E-06  3.459E-06  2.020E-06  1.021E-06  3.997E-07  8.692E-08  6.465E-09  2.001E-10  1.186E-12  6.047E-16  1.868E-20  9.632E-30  0.000E+00  0.000E+00  0.000E+00  0.000E+00  0.000E+00  0.000E+00  0.000E+00  0.000E+00  0.000E+00  0.000E+00  0.000E+00  0.000E+00
  342.5000  7.722E-03  7.122E-03  6.408E-03  5.769E-03  5.218E-03  4.744E-03  4.335E-03  3.818E-03  3.417E-03  3.025E-03  2.672E-03  2.318E-03  2.063E-03  1.768E-03  1.509E-03  1.284E-03  1.089E-03  9.189E-04  7.729E-04  6.488E-04  5.290E-04  4.365E-04  3.625E-04  2.907E-04  2.394E-04  1.905E-04  1.519E-04  1.211E-04  9.677E-05  7.543E-05  5.832E-05  4.464E-05  3.315E-05  2.449E-05  1.794E-05  1.289E-05  8.919E-06  6.117E-06  3.911E-06  2.297E-06  1.172E-06  4.654E-07  1.033E-07  7.884E-09  2.522E-10  1.574E-12  8.685E-16  2.996E-20  1.840E-29  0.000E+00  0.000E+00  0.000E+00  0.000E+00  0.000E+00  0.000E+00  0.000E+00  0.000E+00  0.000E+00  0.000E+00  0.000E+00  0.000E+00
  343.5000  7.835E-03  7.222E-03  6.494E-03  5.844E-03  5.283E-03  4.800E-03  4.383E-03  3.858E-03  3.451E-03  3.054E-03  2.696E-03  2.338E-03  2.079E-03  1.781E-03  1.520E-03  1.293E-03  1.096E-03  9.253E-04  7.784E-04  6.533E-04  5.328E-04  4.396E-04  3.651E-04  2.929E-04  2.412E-04  1.920E-04  1.530E-04  1.221E-04  9.752E-05  7.600E-05  5.875E-05  4.496E-05  3.338E-05  2.465E-05  1.805E-05  1.296E-05  8.959E-06  6.133E-06  3.910E-06  2.287E-06  1.160E-06  4.575E-07  1.015E-07  7.874E-09  2.613E-10  1.727E-12  1.045E-15  4.064E-20  2.984E-29  0.000E+00  0.000E+00  0.000E+00  0.000E+00  0.000E+00  0.000E+00  0.000E+00  0.000E+00  0.000E+00  0.000E+00  0.000E+00  0.000E+00
  344.5000  5.351E-03  4.929E-03  4.430E-03  3.984E-03  3.599E-03  3.268E-03  2.982E-03  2.624E-03  2.345E-03  2.074E-03  1.830E-03  1.587E-03  1.410E-03  1.208E-03  1.030E-03  8.768E-04  7.431E-04  6.272E-04  5.276E-04  4.428E-04  3.613E-04  2.981E-04  2.476E-04  1.987E-04  1.637E-04  1.303E-04  1.039E-04  8.287E-05  6.618E-05  5.157E-05  3.986E-05  3.049E-05  2.263E-05  1.671E-05  1.223E-05  8.775E-06  6.058E-06  4.138E-06  2.630E-06  1.530E-06  7.699E-07  3.011E-07  6.658E-08  5.242E-09  1.804E-10  1.263E-12  8.383E-16  3.673E-20  3.224E-29  0.000E+00  0.000E+00  0.000E+00  0.000E+00  0.000E+00  0.000E+00  0.000E+00  0.000E+00  0.000E+00  0.000E+00  0.000E+00  0.000E+00
  345.5000  7.849E-03  7.242E-03  6.516E-03  5.868E-03  5.309E-03  4.827E-03  4.412E-03  3.886E-03  3.478E-03  3.080E-03  2.721E-03  2.360E-03  2.101E-03  1.799E-03  1.535E-03  1.306E-03  1.107E-03  9.337E-04  7.850E-04  6.585E-04  5.365E-04  4.423E-04  3.671E-04  2.941E-04  2.421E-04  1.925E-04  1.534E-04  1.223E-04  9.772E-05  7.618E-05  5.892E-05  4.514E-05  3.354E-05  2.480E-05  1.819E-05  1.310E-05  9.078E-06  6.252E-06  4.020E-06  2.387E-06  1.242E-06  5.072E-07  1.177E-07  9.643E-09  3.400E-10  2.476E-12  1.735E-15  8.313E-20  8.542E-29  0.000E+00  0.000E+00  0.000E+00  0.000E+00  0.000E+00  0.000E+00  0.000E+00  0.000E+00  0.000E+00  0.000E+00  0.000E+00  0.000E+00
  346.5000  7.047E-03  6.494E-03  5.839E-03  5.253E-03  4.748E-03  4.312E-03  3.937E-03  3.464E-03  3.098E-03  2.740E-03  2.419E-03  2.097E-03  1.865E-03  1.596E-03  1.362E-03  1.158E-03  9.815E-04  8.281E-04  6.962E-04  5.841E-04  4.761E-04  3.926E-04  3.260E-04  2.613E-04  2.152E-04  1.712E-04  1.364E-04  1.088E-04  8.690E-05  6.774E-05  5.237E-05  4.009E-05  2.978E-05  2.201E-05  1.613E-05  1.159E-05  8.020E-06  5.502E-06  3.518E-06  2.070E-06  1.062E-06  4.268E-07  9.807E-08  8.120E-09  2.973E-10  2.294E-12  1.769E-15  9.559E-20  1.174E-28  0.000E+00  0.000E+00  0.000E+00  0.000E+00  0.000E+00  0.000E+00  0.000E+00  0.000E+00  0.000E+00  0.000E+00  0.000E+00  0.000E+00
  347.5000  6.921E-03  6.379E-03  5.735E-03  5.160E-03  4.663E-03  4.236E-03  3.867E-03  3.403E-03  3.043E-03  2.692E-03  2.376E-03  2.060E-03  1.831E-03  1.568E-03  1.337E-03  1.137E-03  9.634E-04  8.126E-04  6.831E-04  5.729E-04  4.669E-04  3.849E-04  3.195E-04  2.561E-04  2.108E-04  1.677E-04  1.336E-04  1.065E-04  8.509E-05  6.633E-05  5.129E-05  3.927E-05  2.918E-05  2.157E-05  1.581E-05  1.137E-05  7.872E-06  5.406E-06  3.464E-06  2.045E-06  1.055E-06  4.280E-07  9.979E-08  8.451E-09  3.192E-10  2.588E-12  2.153E-15  1.291E-19  1.870E-28  0.000E+00  0.000E+00  0.000E+00  0.000E+00  0.000E+00  0.000E+00  0.000E+00  0.000E+00  0.000E+00  0.000E+00  0.000E+00  0.000E+00
  348.5000  7.723E-03  7.120E-03  6.403E-03  5.763E-03  5.209E-03  4.733E-03  4.322E-03  3.804E-03  3.402E-03  3.010E-03  2.657E-03  2.304E-03  2.049E-03  1.754E-03  1.496E-03  1.272E-03  1.077E-03  9.086E-04  7.635E-04  6.402E-04  5.215E-04  4.298E-04  3.566E-04  2.857E-04  2.351E-04  1.869E-04  1.489E-04  1.188E-04  9.484E-05  7.394E-05  5.718E-05  4.380E-05  3.256E-05  2.407E-05  1.766E-05  1.271E-05  8.810E-06  6.064E-06  3.898E-06  2.315E-06  1.207E-06  4.966E-07  1.180E-07  1.025E-08  3.986E-10  3.386E-12  3.025E-15  2.005E-19  3.412E-28  0.000E+00  0.000E+00  0.000E+00  0.000E+00  0.000E+00  0.000E+00  0.000E+00  0.000E+00  0.000E+00  0.000E+00  0.000E+00  0.000E+00
  349.5000  6.461E-03  5.956E-03  5.356E-03  4.819E-03  4.356E-03  3.957E-03  3.613E-03  3.180E-03  2.843E-03  2.515E-03  2.220E-03  1.924E-03  1.712E-03  1.465E-03  1.249E-03  1.062E-03  8.992E-04  7.582E-04  6.370E-04  5.341E-04  4.349E-04  3.584E-04  2.973E-04  2.382E-04  1.960E-04  1.558E-04  1.241E-04  9.895E-05  7.902E-05  6.160E-05  4.764E-05  3.650E-05  2.713E-05  2.006E-05  1.472E-05  1.060E-05  7.347E-06  5.059E-06  3.254E-06  1.936E-06  1.012E-06  4.186E-07  1.006E-07  8.908E-09  3.575E-10  3.189E-12  3.076E-15  2.260E-19  4.518E-28  0.000E+00  0.000E+00  0.000E+00  0.000E+00  0.000E+00  0.000E+00  0.000E+00  0.000E+00  0.000E+00  0.000E+00  0.000E+00  0.000E+00
  350.5000  9.080E-03  8.371E-03  7.528E-03  6.773E-03  6.122E-03  5.561E-03  5.078E-03  4.469E-03  3.996E-03  3.535E-03  3.120E-03  2.704E-03  2.405E-03  2.058E-03  1.754E-03  1.491E-03  1.263E-03  1.064E-03  8.941E-04  7.495E-04  6.102E-04  5.027E-04  4.169E-04  3.339E-04  2.747E-04  2.183E-04  1.739E-04  1.386E-04  1.107E-04  8.630E-05  6.676E-05  5.115E-05  3.803E-05  2.813E-05  2.064E-05  1.487E-05  1.031E-05  7.109E-06  4.579E-06  2.732E-06  1.435E-06  5.985E-07  1.457E-07  1.318E-08  5.452E-10  5.099E-12  5.292E-15  4.299E-19  1.006E-27  0.000E+00  0.000E+00  0.000E+00  0.000E+00  0.000E+00  0.000E+00  0.000E+00  0.000E+00  0.000E+00  0.000E+00  0.000E+00  0.000E+00
  351.5000  7.784E-03  7.174E-03  6.450E-03  5.803E-03  5.244E-03  4.762E-03  4.348E-03  3.825E-03  3.419E-03  3.024E-03  2.668E-03  2.312E-03  2.056E-03  1.759E-03  1.499E-03  1.274E-03  1.079E-03  9.092E-04  7.636E-04  6.400E-04  5.210E-04  4.291E-04  3.559E-04  2.850E-04  2.344E-04  1.863E-04  1.483E-04  1.183E-04  9.445E-05  7.363E-05  5.695E-05  4.364E-05  3.245E-05  2.400E-05  1.761E-05  1.269E-05  8.800E-06  6.066E-06  3.908E-06  2.333E-06  1.227E-06  5.133E-07  1.260E-07  1.162E-08  4.955E-10  4.863E-12  5.443E-15  4.892E-19  1.340E-27  0.000E+00  0.000E+00  0.000E+00  0.000E+00  0.000E+00  0.000E+00  0.000E+00  0.000E+00  0.000E+00  0.000E+00  0.000E+00  0.000E+00
  352.5000  7.057E-03  6.505E-03  5.848E-03  5.262E-03  4.755E-03  4.318E-03  3.943E-03  3.468E-03  3.101E-03  2.742E-03  2.420E-03  2.097E-03  1.864E-03  1.595E-03  1.359E-03  1.155E-03  9.775E-04  8.238E-04  6.917E-04  5.796E-04  4.717E-04  3.884E-04  3.220E-04  2.578E-04  2.120E-04  1.685E-04  1.341E-04  1.069E-04  8.538E-05  6.656E-05  5.149E-05  3.946E-05  2.935E-05  2.171E-05  1.594E-05  1.149E-05  7.972E-06  5.501E-06  3.551E-06  2.126E-06  1.125E-06  4.744E-07  1.181E-07  1.112E-08  4.880E-10  5.014E-12  6.023E-15  5.963E-19  1.905E-27  0.000E+00  0.000E+00  0.000E+00  0.000E+00  0.000E+00  0.000E+00  0.000E+00  0.000E+00  0.000E+00  0.000E+00  0.000E+00  0.000E+00
  353.5000  8.563E-03  7.894E-03  7.099E-03  6.387E-03  5.772E-03  5.243E-03  4.787E-03  4.212E-03  3.766E-03  3.330E-03  2.939E-03  2.546E-03  2.264E-03  1.937E-03  1.650E-03  1.402E-03  1.187E-03  9.998E-04  8.394E-04  7.031E-04  5.720E-04  4.709E-04  3.903E-04  3.123E-04  2.568E-04  2.040E-04  1.624E-04  1.295E-04  1.034E-04  8.058E-05  6.235E-05  4.779E-05  3.555E-05  2.631E-05  1.932E-05  1.394E-05  9.676E-06  6.687E-06  4.324E-06  2.599E-06  1.384E-06  5.895E-07  1.489E-07  1.432E-08  6.469E-10  6.948E-12  8.939E-15  9.728E-19  3.615E-27  0.000E+00  0.000E+00  0.000E+00  0.000E+00  0.000E+00  0.000E+00  0.000E+00  0.000E+00  0.000E+00  0.000E+00  0.000E+00  0.000E+00
  354.5000  9.331E-03  8.603E-03  7.736E-03  6.961E-03  6.292E-03  5.715E-03  5.219E-03  4.591E-03  4.105E-03  3.631E-03  3.204E-03  2.776E-03  2.469E-03  2.111E-03  1.799E-03  1.528E-03  1.293E-03  1.089E-03  9.143E-04  7.658E-04  6.227E-04  5.125E-04  4.247E-04  3.398E-04  2.793E-04  2.218E-04  1.765E-04  1.407E-04  1.123E-04  8.759E-05  6.777E-05  5.196E-05  3.867E-05  2.862E-05  2.103E-05  1.518E-05  1.054E-05  7.294E-06  4.725E-06  2.850E-06  1.526E-06  6.561E-07  1.680E-07  1.651E-08  7.666E-10  8.605E-12  1.185E-14  1.416E-18  6.108E-27  0.000E+00  0.000E+00  0.000E+00  0.000E+00  0.000E+00  0.000E+00  0.000E+00  0.000E+00  0.000E+00  0.000E+00  0.000E+00  0.000E+00
  355.5000  8.728E-03  8.047E-03  7.236E-03  6.511E-03  5.884E-03  5.345E-03  4.880E-03  4.293E-03  3.838E-03  3.394E-03  2.995E-03  2.594E-03  2.307E-03  1.973E-03  1.680E-03  1.428E-03  1.208E-03  1.017E-03  8.536E-04  7.147E-04  5.811E-04  4.781E-04  3.962E-04  3.168E-04  2.605E-04  2.068E-04  1.645E-04  1.311E-04  1.047E-04  8.163E-05  6.317E-05  4.844E-05  3.605E-05  2.669E-05  1.961E-05  1.416E-05  9.837E-06  6.810E-06  4.416E-06  2.669E-06  1.435E-06  6.203E-07  1.606E-07  1.608E-08  7.683E-10  9.017E-12  1.330E-14  1.746E-18  8.735E-27  0.000E+00  0.000E+00  0.000E+00  0.000E+00  0.000E+00  0.000E+00  0.000E+00  0.000E+00  0.000E+00  0.000E+00  0.000E+00  0.000E+00
  356.5000  8.098E-03  7.466E-03  6.713E-03  6.040E-03  5.458E-03  4.957E-03  4.526E-03  3.981E-03  3.558E-03  3.146E-03  2.776E-03  2.404E-03  2.138E-03  1.828E-03  1.557E-03  1.322E-03  1.118E-03  9.418E-04  7.902E-04  6.615E-04  5.377E-04  4.424E-04  3.665E-04  2.930E-04  2.408E-04  1.912E-04  1.521E-04  1.212E-04  9.678E-05  7.545E-05  5.838E-05  4.477E-05  3.333E-05  2.468E-05  1.814E-05  1.310E-05  9.101E-06  6.305E-06  4.092E-06  2.477E-06  1.335E-06  5.804E-07  1.518E-07  1.549E-08  7.611E-10  9.334E-12  1.475E-14  2.124E-18  1.229E-26  0.000E+00  0.000E+00  0.000E+00  0.000E+00  0.000E+00  0.000E+00  0.000E+00  0.000E+00  0.000E+00  0.000E+00  0.000E+00  0.000E+00
  357.5000  6.879E-03  6.341E-03  5.701E-03  5.129E-03  4.634E-03  4.209E-03  3.842E-03  3.379E-03  3.020E-03  2.670E-03  2.355E-03  2.040E-03  1.813E-03  1.550E-03  1.320E-03  1.121E-03  9.480E-04  7.981E-04  6.695E-04  5.604E-04  4.554E-04  3.746E-04  3.103E-04  2.480E-04  2.038E-04  1.618E-04  1.287E-04  1.026E-04  8.187E-05  6.383E-05  4.939E-05  3.788E-05  2.820E-05  2.088E-05  1.535E-05  1.109E-05  7.707E-06  5.341E-06  3.468E-06  2.103E-06  1.137E-06  4.964E-07  1.311E-07  1.362E-08  6.881E-10  8.814E-12  1.491E-14  2.352E-18  1.573E-26  0.000E+00  0.000E+00  0.000E+00  0.000E+00  0.000E+00  0.000E+00  0.000E+00  0.000E+00  0.000E+00  0.000E+00  0.000E+00  0.000E+00
  358.5000  5.327E-03  4.911E-03  4.416E-03  3.972E-03  3.589E-03  3.259E-03  2.975E-03  2.616E-03  2.339E-03  2.067E-03  1.824E-03  1.579E-03  1.404E-03  1.200E-03  1.022E-03  8.674E-04  7.335E-04  6.174E-04  5.179E-04  4.334E-04  3.521E-04  2.895E-04  2.398E-04  1.916E-04  1.574E-04  1.249E-04  9.936E-05  7.918E-05  6.321E-05  4.927E-05  3.813E-05  2.925E-05  2.178E-05  1.613E-05  1.186E-05  8.571E-06  5.959E-06  4.133E-06  2.688E-06  1.633E-06  8.869E-07  3.900E-07  1.042E-07  1.103E-08  5.727E-10  7.652E-12  1.381E-14  2.383E-18  1.836E-26  0.000E+00  0.000E+00  0.000E+00  0.000E+00  0.000E+00  0.000E+00  0.000E+00  0.000E+00  0.000E+00  0.000E+00  0.000E+00  0.000E+00
  359.5000  8.968E-03  8.267E-03  7.433E-03  6.686E-03  6.041E-03  5.485E-03  5.007E-03  4.402E-03  3.934E-03  3.478E-03  3.067E-03  2.656E-03  2.361E-03  2.017E-03  1.718E-03  1.458E-03  1.233E-03  1.037E-03  8.699E-04  7.279E-04  5.912E-04  4.861E-04  4.024E-04  3.216E-04  2.642E-04  2.096E-04  1.667E-04  1.328E-04  1.060E-04  8.263E-05  6.395E-05  4.906E-05  3.653E-05  2.707E-05  1.990E-05  1.439E-05  1.000E-05  6.943E-06  4.518E-06  2.750E-06  1.498E-06  6.622E-07  1.787E-07  1.927E-08  1.027E-09  1.432E-11  2.759E-14  5.200E-18  4.611E-26  0.000E+00  0.000E+00  0.000E+00  0.000E+00  0.000E+00  0.000E+00  0.000E+00  0.000E+00  0.000E+00  0.000E+00  0.000E+00  0.000E+00
  360.5000  8.319E-03  7.668E-03  6.894E-03  6.201E-03  5.602E-03  5.086E-03  4.642E-03  4.081E-03  3.647E-03  3.223E-03  2.842E-03  2.461E-03  2.188E-03  1.869E-03  1.591E-03  1.351E-03  1.142E-03  9.605E-04  8.053E-04  6.737E-04  5.471E-04  4.497E-04  3.722E-04  2.974E-04  2.442E-04  1.937E-04  1.540E-04  1.227E-04  9.796E-05  7.636E-05  5.910E-05  4.534E-05  3.377E-05  2.502E-05  1.840E-05  1.331E-05  9.256E-06  6.427E-06  4.186E-06  2.553E-06  1.395E-06  6.199E-07  1.690E-07  1.855E-08  1.015E-09  1.475E-11  3.031E-14  6.233E-18  6.349E-26  0.000E+00  0.000E+00  0.000E+00  0.000E+00  0.000E+00  0.000E+00  0.000E+00  0.000E+00  0.000E+00  0.000E+00  0.000E+00  0.000E+00
  361.5000  7.519E-03  6.931E-03  6.231E-03  5.604E-03  5.063E-03  4.597E-03  4.196E-03  3.688E-03  3.296E-03  2.913E-03  2.568E-03  2.223E-03  1.977E-03  1.688E-03  1.437E-03  1.219E-03  1.031E-03  8.670E-04  7.268E-04  6.079E-04  4.935E-04  4.055E-04  3.356E-04  2.681E-04  2.201E-04  1.746E-04  1.388E-04  1.106E-04  8.824E-05  6.879E-05  5.324E-05  4.085E-05  3.043E-05  2.255E-05  1.659E-05  1.200E-05  8.350E-06  5.802E-06  3.783E-06  2.312E-06  1.268E-06  5.671E-07  1.562E-07  1.746E-08  9.809E-10  1.484E-11  3.247E-14  7.275E-18  8.492E-26  0.000E+00  0.000E+00  0.000E+00  0.000E+00  0.000E+00  0.000E+00  0.000E+00  0.000E+00  0.000E+00  0.000E+00  0.000E+00  0.000E+00
  362.5000  8.843E-03  8.151E-03  7.329E-03  6.591E-03  5.954E-03  5.406E-03  4.933E-03  4.337E-03  3.875E-03  3.424E-03  3.019E-03  2.613E-03  2.323E-03  1.984E-03  1.688E-03  1.433E-03  1.211E-03  1.018E-03  8.533E-04  7.136E-04  5.792E-04  4.758E-04  3.937E-04  3.144E-04  2.581E-04  2.047E-04  1.627E-04  1.296E-04  1.034E-04  8.062E-05  6.241E-05  4.789E-05  3.568E-05  2.644E-05  1.945E-05  1.408E-05  9.799E-06  6.813E-06  4.446E-06  2.722E-06  1.498E-06  6.737E-07  1.875E-07  2.133E-08  1.229E-09  1.936E-11  4.508E-14  1.099E-17  1.468E-25  0.000E+00  0.000E+00  0.000E+00  0.000E+00  0.000E+00  0.000E+00  0.000E+00  0.000E+00  0.000E+00  0.000E+00  0.000E+00  0.000E+00
  363.5000  7.873E-03  7.256E-03  6.524E-03  5.868E-03  5.300E-03  4.811E-03  4.390E-03  3.859E-03  3.448E-03  3.046E-03  2.686E-03  2.324E-03  2.066E-03  1.764E-03  1.501E-03  1.274E-03  1.076E-03  9.048E-04  7.582E-04  6.339E-04  5.144E-04  4.225E-04  3.495E-04  2.790E-04  2.291E-04  1.816E-04  1.443E-04  1.150E-04  9.173E-05  7.150E-05  5.535E-05  4.248E-05  3.165E-05  2.346E-05  1.726E-05  1.250E-05  8.700E-06  6.052E-06  3.953E-06  2.424E-06  1.338E-06  6.050E-07  1.700E-07  1.968E-08  1.163E-09  1.906E-11  4.720E-14  1.251E-17  1.909E-25  0.000E+00  0.000E+00  0.000E+00  0.000E+00  0.000E+00  0.000E+00  0.000E+00  0.000E+00  0.000E+00  0.000E+00  0.000E+00  0.000E+00
  364.5000  8.586E-03  7.913E-03  7.113E-03  6.398E-03  5.778E-03  5.245E-03  4.785E-03  4.206E-03  3.757E-03  3.319E-03  2.926E-03  2.532E-03  2.250E-03  1.921E-03  1.634E-03  1.387E-03  1.171E-03  9.847E-04  8.249E-04  6.895E-04  5.594E-04  4.594E-04  3.800E-04  3.033E-04  2.489E-04  1.973E-04  1.568E-04  1.249E-04  9.964E-05  7.767E-05  6.012E-05  4.614E-05  3.439E-05  2.550E-05  1.876E-05  1.358E-05  9.459E-06  6.583E-06  4.303E-06  2.642E-06  1.462E-06  6.641E-07  1.883E-07  2.216E-08  1.343E-09  2.290E-11  6.028E-14  1.735E-17  3.020E-25  0.000E+00  0.000E+00  0.000E+00  0.000E+00  0.000E+00  0.000E+00  0.000E+00  0.000E+00  0.000E+00  0.000E+00  0.000E+00  0.000E+00
  365.5000  1.045E-02  9.634E-03  8.660E-03  7.787E-03  7.033E-03  6.383E-03  5.823E-03  5.117E-03  4.570E-03  4.037E-03  3.558E-03  3.079E-03  2.736E-03  2.335E-03  1.986E-03  1.685E-03  1.423E-03  1.196E-03  1.002E-03  8.373E-04  6.792E-04  5.576E-04  4.611E-04  3.680E-04  3.020E-04  2.393E-04  1.902E-04  1.514E-04  1.208E-04  9.418E-05  7.290E-05  5.596E-05  4.171E-05  3.092E-05  2.276E-05  1.648E-05  1.148E-05  7.992E-06  5.227E-06  3.214E-06  1.783E-06  8.131E-07  2.326E-07  2.782E-08  1.729E-09  3.064E-11  8.569E-14  2.677E-17  5.304E-25  0.000E+00  0.000E+00  0.000E+00  0.000E+00  0.000E+00  0.000E+00  0.000E+00  0.000E+00  0.000E+00  0.000E+00  0.000E+00  0.000E+00
  366.5000  1.108E-02  1.021E-02  9.178E-03  8.253E-03  7.453E-03  6.763E-03  6.170E-03  5.421E-03  4.842E-03  4.277E-03  3.769E-03  3.261E-03  2.897E-03  2.472E-03  2.103E-03  1.783E-03  1.506E-03  1.266E-03  1.060E-03  8.856E-04  7.182E-04  5.895E-04  4.874E-04  3.889E-04  3.191E-04  2.528E-04  2.008E-04  1.599E-04  1.276E-04  9.945E-05  7.699E-05  5.910E-05  4.405E-05  3.267E-05  2.405E-05  1.742E-05  1.214E-05  8.454E-06  5.534E-06  3.408E-06  1.897E-06  8.696E-07  2.511E-07  3.055E-08  1.944E-09  3.579E-11  1.062E-13  3.593E-17  8.091E-25  0.000E+00  0.000E+00  0.000E+00  0.000E+00  0.000E+00  0.000E+00  0.000E+00  0.000E+00  0.000E+00  0.000E+00  0.000E+00  0.000E+00
  367.5000  1.054E-02  9.709E-03  8.727E-03  7.847E-03  7.086E-03  6.430E-03  5.866E-03  5.154E-03  4.602E-03  4.065E-03  3.581E-03  3.098E-03  2.753E-03  2.349E-03  1.998E-03  1.693E-03  1.430E-03  1.201E-03  1.006E-03  8.404E-04  6.814E-04  5.592E-04  4.622E-04  3.687E-04  3.025E-04  2.396E-04  1.903E-04  1.515E-04  1.209E-04  9.421E-05  7.294E-05  5.599E-05  4.175E-05  3.096E-05  2.280E-05  1.652E-05  1.151E-05  8.023E-06  5.256E-06  3.243E-06  1.810E-06  8.343E-07  2.432E-07  3.008E-08  1.961E-09  3.747E-11  1.178E-13  4.313E-17  1.102E-24  0.000E+00  0.000E+00  0.000E+00  0.000E+00  0.000E+00  0.000E+00  0.000E+00  0.000E+00  0.000E+00  0.000E+00  0.000E+00  0.000E+00
  368.5000  9.258E-03  8.531E-03  7.668E-03  6.895E-03  6.225E-03  5.648E-03  5.152E-03  4.526E-03  4.041E-03  3.569E-03  3.144E-03  2.719E-03  2.416E-03  2.061E-03  1.752E-03  1.486E-03  1.254E-03  1.054E-03  8.822E-04  7.368E-04  5.973E-04  4.900E-04  4.050E-04  3.230E-04  2.649E-04  2.098E-04  1.666E-04  1.327E-04  1.058E-04  8.247E-05  6.385E-05  4.902E-05  3.655E-05  2.711E-05  1.997E-05  1.447E-05  1.009E-05  7.032E-06  4.610E-06  2.848E-06  1.594E-06  7.380E-07  2.170E-07  2.727E-08  1.821E-09  3.611E-11  1.203E-13  4.760E-17  1.378E-24  0.000E+00  0.000E+00  0.000E+00  0.000E+00  0.000E+00  0.000E+00  0.000E+00  0.000E+00  0.000E+00  0.000E+00  0.000E+00  0.000E+00
  369.5000  1.111E-02  1.024E-02  9.200E-03  8.272E-03  7.468E-03  6.776E-03  6.179E-03  5.428E-03  4.846E-03  4.279E-03  3.769E-03  3.260E-03  2.896E-03  2.470E-03  2.099E-03  1.781E-03  1.502E-03  1.262E-03  1.056E-03  8.821E-04  7.149E-04  5.864E-04  4.845E-04  3.863E-04  3.168E-04  2.509E-04  1.992E-04  1.586E-04  1.265E-04  9.857E-05  7.632E-05  5.860E-05  4.370E-05  3.242E-05  2.388E-05  1.731E-05  1.207E-05  8.418E-06  5.522E-06  3.417E-06  1.917E-06  8.916E-07  2.645E-07  3.376E-08  2.307E-09  4.748E-11  1.673E-13  7.153E-17  2.342E-24  0.000E+00  0.000E+00  0.000E+00  0.000E+00  0.000E+00  0.000E+00  0.000E+00  0.000E+00  0.000E+00  0.000E+00  0.000E+00  0.000E+00
  370.5000  1.008E-02  9.289E-03  8.348E-03  7.506E-03  6.775E-03  6.147E-03  5.605E-03  4.923E-03  4.395E-03  3.880E-03  3.418E-03  2.955E-03  2.625E-03  2.239E-03  1.902E-03  1.613E-03  1.361E-03  1.143E-03  9.565E-04  7.986E-04  6.470E-04  5.306E-04  4.384E-04  3.494E-04  2.865E-04  2.268E-04  1.801E-04  1.434E-04  1.143E-04  8.910E-05  6.899E-05  5.297E-05  3.951E-05  2.931E-05  2.159E-05  1.566E-05  1.092E-05  7.619E-06  5.002E-06  3.099E-06  1.743E-06  8.142E-07  2.436E-07  3.159E-08  2.209E-09  4.712E-11  1.757E-13  8.102E-17  2.996E-24  0.000E+00  0.000E+00  0.000E+00  0.000E+00  0.000E+00  0.000E+00  0.000E+00  0.000E+00  0.000E+00  0.000E+00  0.000E+00  0.000E+00
  371.5000  1.154E-02  1.063E-02  9.557E-03  8.591E-03  7.755E-03  7.035E-03  6.415E-03  5.634E-03  5.028E-03  4.439E-03  3.909E-03  3.380E-03  3.002E-03  2.560E-03  2.175E-03  1.844E-03  1.555E-03  1.306E-03  1.093E-03  9.121E-04  7.389E-04  6.058E-04  5.004E-04  3.988E-04  3.269E-04  2.588E-04  2.054E-04  1.635E-04  1.304E-04  1.016E-04  7.867E-05  6.041E-05  4.506E-05  3.344E-05  2.464E-05  1.787E-05  1.246E-05  8.701E-06  5.715E-06  3.546E-06  2.000E-06  9.383E-07  2.831E-07  3.728E-08  2.667E-09  5.897E-11  2.323E-13  1.154E-16  4.813E-24  0.000E+00  0.000E+00  0.000E+00  0.000E+00  0.000E+00  0.000E+00  0.000E+00  0.000E+00  0.000E+00  0.000E+00  0.000E+00  0.000E+00
  372.5000  8.530E-03  7.859E-03  7.063E-03  6.349E-03  5.731E-03  5.198E-03  4.739E-03  4.162E-03  3.714E-03  3.279E-03  2.887E-03  2.496E-03  2.217E-03  1.890E-03  1.606E-03  1.360E-03  1.148E-03  9.635E-04  8.059E-04  6.726E-04  5.447E-04  4.465E-04  3.688E-04  2.938E-04  2.408E-04  1.906E-04  1.513E-04  1.204E-04  9.599E-05  7.481E-05  5.792E-05  4.448E-05  3.318E-05  2.463E-05  1.815E-05  1.316E-05  9.184E-06  6.415E-06  4.217E-06  2.620E-06  1.481E-06  6.981E-07  2.124E-07  2.840E-08  2.078E-09  4.758E-11  1.979E-13  1.059E-16  4.971E-24  0.000E+00  0.000E+00  0.000E+00  0.000E+00  0.000E+00  0.000E+00  0.000E+00  0.000E+00  0.000E+00  0.000E+00  0.000E+00  0.000E+00
  373.5000  7.710E-03  7.103E-03  6.383E-03  5.738E-03  5.178E-03  4.697E-03  4.282E-03  3.760E-03  3.355E-03  2.961E-03  2.607E-03  2.253E-03  2.001E-03  1.705E-03  1.449E-03  1.228E-03  1.035E-03  8.690E-04  7.268E-04  6.064E-04  4.910E-04  4.024E-04  3.323E-04  2.647E-04  2.169E-04  1.716E-04  1.362E-04  1.084E-04  8.641E-05  6.734E-05  5.214E-05  4.004E-05  2.988E-05  2.218E-05  1.634E-05  1.186E-05  8.274E-06  5.782E-06  3.803E-06  2.365E-06  1.341E-06  6.343E-07  1.945E-07  2.641E-08  1.975E-09  4.684E-11  2.056E-13  1.183E-16  6.244E-24  0.000E+00  0.000E+00  0.000E+00  0.000E+00  0.000E+00  0.000E+00  0.000E+00  0.000E+00  0.000E+00  0.000E+00  0.000E+00  0.000E+00
  374.5000  8.463E-03  7.796E-03  7.006E-03  6.297E-03  5.683E-03  5.153E-03  4.698E-03  4.124E-03  3.680E-03  3.247E-03  2.859E-03  2.471E-03  2.194E-03  1.869E-03  1.588E-03  1.345E-03  1.134E-03  9.519E-04  7.959E-04  6.640E-04  5.375E-04  4.405E-04  3.636E-04  2.896E-04  2.373E-04  1.877E-04  1.489E-04  1.185E-04  9.447E-05  7.362E-05  5.700E-05  4.378E-05  3.267E-05  2.425E-05  1.787E-05  1.297E-05  9.053E-06  6.328E-06  4.165E-06  2.594E-06  1.474E-06  7.000E-07  2.164E-07  2.981E-08  2.280E-09  5.593E-11  2.589E-13  1.601E-16  9.486E-24  0.000E+00  0.000E+00  0.000E+00  0.000E+00  0.000E+00  0.000E+00  0.000E+00  0.000E+00  0.000E+00  0.000E+00  0.000E+00  0.000E+00
  375.5000  9.555E-03  8.801E-03  7.909E-03  7.108E-03  6.414E-03  5.816E-03  5.302E-03  4.654E-03  4.152E-03  3.664E-03  3.225E-03  2.787E-03  2.474E-03  2.108E-03  1.790E-03  1.516E-03  1.278E-03  1.073E-03  8.967E-04  7.479E-04  6.053E-04  4.959E-04  4.093E-04  3.259E-04  2.670E-04  2.112E-04  1.675E-04  1.333E-04  1.062E-04  8.279E-05  6.410E-05  4.923E-05  3.674E-05  2.728E-05  2.011E-05  1.460E-05  1.019E-05  7.126E-06  4.693E-06  2.927E-06  1.667E-06  7.951E-07  2.478E-07  3.464E-08  2.707E-09  6.869E-11  3.350E-13  2.223E-16  1.477E-23  0.000E+00  0.000E+00  0.000E+00  0.000E+00  0.000E+00  0.000E+00  0.000E+00  0.000E+00  0.000E+00  0.000E+00  0.000E+00  0.000E+00
  376.5000  9.546E-03  8.793E-03  7.901E-03  7.101E-03  6.407E-03  5.810E-03  5.295E-03  4.648E-03  4.146E-03  3.658E-03  3.219E-03  2.782E-03  2.469E-03  2.104E-03  1.786E-03  1.512E-03  1.275E-03  1.070E-03  8.940E-04  7.455E-04  6.033E-04  4.941E-04  4.077E-04  3.246E-04  2.659E-04  2.102E-04  1.668E-04  1.327E-04  1.057E-04  8.238E-05  6.379E-05  4.900E-05  3.657E-05  2.716E-05  2.002E-05  1.454E-05  1.015E-05  7.101E-06  4.679E-06  2.922E-06  1.668E-06  7.989E-07  2.509E-07  3.560E-08  2.841E-09  7.455E-11  3.828E-13  2.724E-16  2.025E-23  0.000E+00  0.000E+00  0.000E+00  0.000E+00  0.000E+00  0.000E+00  0.000E+00  0.000E+00  0.000E+00  0.000E+00  0.000E+00  0.000E+00
  377.5000  1.137E-02  1.047E-02  9.412E-03  8.458E-03  7.632E-03  6.919E-03  6.305E-03  5.534E-03  4.936E-03  4.355E-03  3.832E-03  3.310E-03  2.939E-03  2.503E-03  2.125E-03  1.798E-03  1.516E-03  1.272E-03  1.063E-03  8.860E-04  7.168E-04  5.870E-04  4.842E-04  3.854E-04  3.156E-04  2.495E-04  1.979E-04  1.574E-04  1.255E-04  9.775E-05  7.569E-05  5.814E-05  4.340E-05  3.223E-05  2.377E-05  1.726E-05  1.205E-05  8.436E-06  5.562E-06  3.477E-06  1.990E-06  9.569E-07  3.029E-07  4.358E-08  3.553E-09  9.634E-11  5.205E-13  3.969E-16  3.298E-23  0.000E+00  0.000E+00  0.000E+00  0.000E+00  0.000E+00  0.000E+00  0.000E+00  0.000E+00  0.000E+00  0.000E+00  0.000E+00  0.000E+00
  378.5000  1.240E-02  1.142E-02  1.026E-02  9.220E-03  8.318E-03  7.541E-03  6.871E-03  6.030E-03  5.378E-03  4.744E-03  4.174E-03  3.605E-03  3.200E-03  2.725E-03  2.313E-03  1.957E-03  1.650E-03  1.384E-03  1.156E-03  9.636E-04  7.794E-04  6.381E-04  5.263E-04  4.188E-04  3.429E-04  2.710E-04  2.150E-04  1.710E-04  1.362E-04  1.061E-04  8.218E-05  6.313E-05  4.713E-05  3.501E-05  2.582E-05  1.875E-05  1.310E-05  9.171E-06  6.050E-06  3.787E-06  2.171E-06  1.048E-06  3.344E-07  4.879E-08  4.061E-09  1.138E-10  6.463E-13  5.275E-16  4.893E-23  0.000E+00  0.000E+00  0.000E+00  0.000E+00  0.000E+00  0.000E+00  0.000E+00  0.000E+00  0.000E+00  0.000E+00  0.000E+00  0.000E+00
  379.5000  9.174E-03  8.449E-03  7.591E-03  6.821E-03  6.154E-03  5.578E-03  5.082E-03  4.460E-03  3.977E-03  3.507E-03  3.085E-03  2.665E-03  2.365E-03  2.013E-03  1.709E-03  1.446E-03  1.218E-03  1.022E-03  8.535E-04  7.113E-04  5.752E-04  4.708E-04  3.882E-04  3.089E-04  2.529E-04  1.998E-04  1.585E-04  1.260E-04  1.004E-04  7.822E-05  6.057E-05  4.653E-05  3.474E-05  2.581E-05  1.903E-05  1.383E-05  9.660E-06  6.766E-06  4.466E-06  2.799E-06  1.608E-06  7.794E-07  2.504E-07  3.706E-08  3.148E-09  9.106E-11  5.436E-13  4.745E-16  4.908E-23  0.000E+00  0.000E+00  0.000E+00  0.000E+00  0.000E+00  0.000E+00  0.000E+00  0.000E+00  0.000E+00  0.000E+00  0.000E+00  0.000E+00
  380.5000  1.104E-02  1.016E-02  9.133E-03  8.206E-03  7.402E-03  6.709E-03  6.112E-03  5.363E-03  4.781E-03  4.217E-03  3.709E-03  3.203E-03  2.842E-03  2.419E-03  2.053E-03  1.737E-03  1.463E-03  1.227E-03  1.025E-03  8.537E-04  6.902E-04  5.648E-04  4.657E-04  3.704E-04  3.032E-04  2.396E-04  1.899E-04  1.510E-04  1.203E-04  9.373E-05  7.257E-05  5.576E-05  4.164E-05  3.093E-05  2.282E-05  1.658E-05  1.159E-05  8.117E-06  5.361E-06  3.363E-06  1.937E-06  9.422E-07  3.050E-07  4.576E-08  3.967E-09  1.184E-10  7.424E-13  6.924E-16  7.973E-23  0.000E+00  0.000E+00  0.000E+00  0.000E+00  0.000E+00  0.000E+00  0.000E+00  0.000E+00  0.000E+00  0.000E+00  0.000E+00  0.000E+00
  381.5000  1.038E-02  9.555E-03  8.585E-03  7.713E-03  6.957E-03  6.305E-03  5.743E-03  5.039E-03  4.492E-03  3.961E-03  3.484E-03  3.008E-03  2.669E-03  2.271E-03  1.928E-03  1.630E-03  1.373E-03  1.151E-03  9.611E-04  8.007E-04  6.472E-04  5.295E-04  4.365E-04  3.471E-04  2.840E-04  2.244E-04  1.779E-04  1.414E-04  1.126E-04  8.775E-05  6.795E-05  5.221E-05  3.899E-05  2.897E-05  2.137E-05  1.553E-05  1.086E-05  7.609E-06  5.028E-06  3.158E-06  1.823E-06  8.899E-07  2.902E-07  4.413E-08  3.903E-09  1.202E-10  7.909E-13  7.873E-16  1.008E-22  0.000E+00  0.000E+00  0.000E+00  0.000E+00  0.000E+00  0.000E+00  0.000E+00  0.000E+00  0.000E+00  0.000E+00  0.000E+00  0.000E+00
  382.5000  6.916E-03  6.369E-03  5.722E-03  5.141E-03  4.636E-03  4.201E-03  3.827E-03  3.357E-03  2.992E-03  2.638E-03  2.320E-03  2.003E-03  1.777E-03  1.512E-03  1.283E-03  1.085E-03  9.136E-04  7.656E-04  6.392E-04  5.324E-04  4.302E-04  3.519E-04  2.900E-04  2.306E-04  1.887E-04  1.490E-04  1.181E-04  9.389E-05  7.479E-05  5.825E-05  4.511E-05  3.466E-05  2.589E-05  1.923E-05  1.419E-05  1.032E-05  7.212E-06  5.057E-06  3.343E-06  2.102E-06  1.216E-06  5.959E-07  1.957E-07  3.017E-08  2.721E-09  8.643E-11  5.963E-13  6.331E-16  9.003E-23  0.000E+00  0.000E+00  0.000E+00  0.000E+00  0.000E+00  0.000E+00  0.000E+00  0.000E+00  0.000E+00  0.000E+00  0.000E+00  0.000E+00
  383.5000  6.075E-03  5.594E-03  5.025E-03  4.515E-03  4.072E-03  3.689E-03  3.360E-03  2.947E-03  2.627E-03  2.316E-03  2.036E-03  1.757E-03  1.559E-03  1.326E-03  1.125E-03  9.513E-04  8.010E-04  6.711E-04  5.602E-04  4.665E-04  3.769E-04  3.082E-04  2.540E-04  2.019E-04  1.652E-04  1.304E-04  1.033E-04  8.214E-05  6.542E-05  5.096E-05  3.946E-05  3.032E-05  2.265E-05  1.683E-05  1.242E-05  9.032E-06  6.314E-06  4.429E-06  2.930E-06  1.844E-06  1.069E-06  5.256E-07  1.739E-07  2.715E-08  2.497E-09  8.179E-11  5.914E-13  6.692E-16  1.055E-22  0.000E+00  0.000E+00  0.000E+00  0.000E+00  0.000E+00  0.000E+00  0.000E+00  0.000E+00  0.000E+00  0.000E+00  0.000E+00  0.000E+00
  384.5000  9.120E-03  8.397E-03  7.544E-03  6.777E-03  6.111E-03  5.537E-03  5.042E-03  4.422E-03  3.941E-03  3.474E-03  3.054E-03  2.636E-03  2.338E-03  1.989E-03  1.687E-03  1.426E-03  1.200E-03  1.006E-03  8.392E-04  6.987E-04  5.644E-04  4.614E-04  3.801E-04  3.021E-04  2.471E-04  1.951E-04  1.546E-04  1.228E-04  9.782E-05  7.619E-05  5.899E-05  4.533E-05  3.387E-05  2.517E-05  1.858E-05  1.351E-05  9.447E-06  6.629E-06  4.387E-06  2.765E-06  1.605E-06  7.924E-07  2.640E-07  4.177E-08  3.916E-09  1.322E-10  1.001E-12  1.206E-15  2.107E-22  0.000E+00  0.000E+00  0.000E+00  0.000E+00  0.000E+00  0.000E+00  0.000E+00  0.000E+00  0.000E+00  0.000E+00  0.000E+00  0.000E+00
  385.5000  9.027E-03  8.311E-03  7.466E-03  6.707E-03  6.047E-03  5.479E-03  4.989E-03  4.375E-03  3.898E-03  3.436E-03  3.020E-03  2.606E-03  2.311E-03  1.966E-03  1.667E-03  1.409E-03  1.186E-03  9.932E-04  8.287E-04  6.899E-04  5.571E-04  4.554E-04  3.751E-04  2.980E-04  2.437E-04  1.924E-04  1.524E-04  1.211E-04  9.643E-05  7.510E-05  5.815E-05  4.469E-05  3.339E-05  2.482E-05  1.832E-05  1.333E-05  9.319E-06  6.541E-06  4.332E-06  2.732E-06  1.590E-06  7.875E-07  2.642E-07  4.235E-08  4.046E-09  1.407E-10  1.115E-12  1.429E-15  2.763E-22  0.000E+00  0.000E+00  0.000E+00  0.000E+00  0.000E+00  0.000E+00  0.000E+00  0.000E+00  0.000E+00  0.000E+00  0.000E+00  0.000E+00
  386.5000  9.204E-03  8.474E-03  7.612E-03  6.838E-03  6.165E-03  5.585E-03  5.085E-03  4.459E-03  3.972E-03  3.501E-03  3.077E-03  2.654E-03  2.354E-03  2.002E-03  1.697E-03  1.434E-03  1.207E-03  1.011E-03  8.432E-04  7.017E-04  5.666E-04  4.630E-04  3.813E-04  3.029E-04  2.477E-04  1.954E-04  1.548E-04  1.230E-04  9.793E-05  7.627E-05  5.905E-05  4.538E-05  3.391E-05  2.521E-05  1.861E-05  1.354E-05  9.471E-06  6.650E-06  4.406E-06  2.782E-06  1.622E-06  8.061E-07  2.723E-07  4.421E-08  4.303E-09  1.541E-10  1.278E-12  1.741E-15  3.719E-22  0.000E+00  0.000E+00  0.000E+00  0.000E+00  0.000E+00  0.000E+00  0.000E+00  0.000E+00  0.000E+00  0.000E+00  0.000E+00  0.000E+00
  387.5000  8.557E-03  7.877E-03  7.076E-03  6.356E-03  5.730E-03  5.190E-03  4.725E-03  4.143E-03  3.691E-03  3.252E-03  2.858E-03  2.465E-03  2.186E-03  1.858E-03  1.575E-03  1.331E-03  1.120E-03  9.377E-04  7.821E-04  6.508E-04  5.253E-04  4.292E-04  3.534E-04  2.806E-04  2.294E-04  1.810E-04  1.434E-04  1.139E-04  9.067E-05  7.061E-05  5.467E-05  4.202E-05  3.140E-05  2.334E-05  1.723E-05  1.254E-05  8.774E-06  6.163E-06  4.085E-06  2.582E-06  1.508E-06  7.522E-07  2.558E-07  4.205E-08  4.170E-09  1.537E-10  1.332E-12  1.929E-15  4.547E-22  0.000E+00  0.000E+00  0.000E+00  0.000E+00  0.000E+00  0.000E+00  0.000E+00  0.000E+00  0.000E+00  0.000E+00  0.000E+00  0.000E+00
  388.5000  8.579E-03  7.898E-03  7.094E-03  6.372E-03  5.744E-03  5.202E-03  4.735E-03  4.152E-03  3.698E-03  3.258E-03  2.862E-03  2.469E-03  2.189E-03  1.861E-03  1.577E-03  1.332E-03  1.121E-03  9.383E-04  7.824E-04  6.509E-04  5.253E-04  4.291E-04  3.532E-04  2.805E-04  2.292E-04  1.808E-04  1.432E-04  1.137E-04  9.054E-05  7.050E-05  5.458E-05  4.195E-05  3.135E-05  2.331E-05  1.721E-05  1.253E-05  8.767E-06  6.160E-06  4.085E-06  2.585E-06  1.513E-06  7.568E-07  2.591E-07  4.313E-08  4.355E-09  1.651E-10  1.496E-12  2.299E-15  5.975E-22  0.000E+00  0.000E+00  0.000E+00  0.000E+00  0.000E+00  0.000E+00  0.000E+00  0.000E+00  0.000E+00  0.000E+00  0.000E+00  0.000E+00
  389.5000  1.082E-02  9.962E-03  8.949E-03  8.037E-03  7.245E-03  6.561E-03  5.971E-03  5.235E-03  4.662E-03  4.107E-03  3.608E-03  3.111E-03  2.758E-03  2.344E-03  1.987E-03  1.678E-03  1.411E-03  1.181E-03  9.848E-04  8.191E-04  6.609E-04  5.398E-04  4.442E-04  3.526E-04  2.882E-04  2.273E-04  1.799E-04  1.429E-04  1.137E-04  8.857E-05  6.857E-05  5.271E-05  3.940E-05  2.929E-05  2.163E-05  1.575E-05  1.102E-05  7.746E-06  5.140E-06  3.255E-06  1.909E-06  9.581E-07  3.301E-07  5.564E-08  5.721E-09  2.231E-10  2.111E-12  3.439E-15  9.845E-22  0.000E+00  0.000E+00  0.000E+00  0.000E+00  0.000E+00  0.000E+00  0.000E+00  0.000E+00  0.000E+00  0.000E+00  0.000E+00  0.000E+00
  390.5000  1.063E-02  9.789E-03  8.792E-03  7.896E-03  7.118E-03  6.445E-03  5.866E-03  5.141E-03  4.578E-03  4.033E-03  3.542E-03  3.054E-03  2.707E-03  2.300E-03  1.949E-03  1.646E-03  1.384E-03  1.158E-03  9.656E-04  8.030E-04  6.478E-04  5.289E-04  4.352E-04  3.454E-04  2.822E-04  2.225E-04  1.761E-04  1.399E-04  1.113E-04  8.667E-05  6.710E-05  5.158E-05  3.856E-05  2.867E-05  2.118E-05  1.542E-05  1.079E-05  7.588E-06  5.037E-06  3.193E-06  1.876E-06  9.447E-07  3.276E-07  5.589E-08  5.850E-09  2.346E-10  2.317E-12  4.000E-15  1.259E-21  0.000E+00  0.000E+00  0.000E+00  0.000E+00  0.000E+00  0.000E+00  0.000E+00  0.000E+00  0.000E+00  0.000E+00  0.000E+00  0.000E+00
  391.5000  1.262E-02  1.162E-02  1.043E-02  9.371E-03  8.446E-03  7.647E-03  6.959E-03  6.099E-03  5.431E-03  4.783E-03  4.200E-03  3.622E-03  3.210E-03  2.727E-03  2.310E-03  1.951E-03  1.640E-03  1.372E-03  1.144E-03  9.507E-04  7.668E-04  6.260E-04  5.149E-04  4.086E-04  3.338E-04  2.631E-04  2.082E-04  1.654E-04  1.316E-04  1.024E-04  7.931E-05  6.096E-05  4.558E-05  3.390E-05  2.504E-05  1.824E-05  1.277E-05  8.978E-06  5.962E-06  3.784E-06  2.227E-06  1.125E-06  3.927E-07  6.779E-08  7.222E-09  2.976E-10  3.067E-12  5.606E-15  1.940E-21  0.000E+00  0.000E+00  0.000E+00  0.000E+00  0.000E+00  0.000E+00  0.000E+00  0.000E+00  0.000E+00  0.000E+00  0.000E+00  0.000E+00
  392.5000  9.469E-03  8.715E-03  7.828E-03  7.029E-03  6.335E-03  5.735E-03  5.219E-03  4.574E-03  4.072E-03  3.585E-03  3.148E-03  2.714E-03  2.405E-03  2.043E-03  1.730E-03  1.461E-03  1.228E-03  1.027E-03  8.560E-04  7.115E-04  5.737E-04  4.682E-04  3.851E-04  3.055E-04  2.495E-04  1.967E-04  1.556E-04  1.236E-04  9.831E-05  7.653E-05  5.925E-05  4.554E-05  3.405E-05  2.533E-05  1.871E-05  1.363E-05  9.544E-06  6.714E-06  4.461E-06  2.833E-06  1.670E-06  8.466E-07  2.974E-07  5.195E-08  5.631E-09  2.385E-10  2.562E-12  4.956E-15  1.882E-21  0.000E+00  0.000E+00  0.000E+00  0.000E+00  0.000E+00  0.000E+00  0.000E+00  0.000E+00  0.000E+00  0.000E+00  0.000E+00  0.000E+00
  393.5000  4.118E-03  3.790E-03  3.404E-03  3.057E-03  2.755E-03  2.494E-03  2.269E-03  1.988E-03  1.770E-03  1.558E-03  1.368E-03  1.179E-03  1.045E-03  8.873E-04  7.514E-04  6.344E-04  5.331E-04  4.459E-04  3.714E-04  3.087E-04  2.489E-04  2.031E-04  1.670E-04  1.324E-04  1.081E-04  8.521E-05  6.742E-05  5.352E-05  4.258E-05  3.314E-05  2.566E-05  1.972E-05  1.475E-05  1.097E-05  8.107E-06  5.907E-06  4.136E-06  2.910E-06  1.935E-06  1.230E-06  7.264E-07  3.693E-07  1.305E-07  2.307E-08  2.544E-09  1.106E-10  1.239E-12  2.534E-15  1.055E-21  0.000E+00  0.000E+00  0.000E+00  0.000E+00  0.000E+00  0.000E+00  0.000E+00  0.000E+00  0.000E+00  0.000E+00  0.000E+00  0.000E+00
  394.5000  9.693E-03  8.920E-03  8.012E-03  7.194E-03  6.483E-03  5.868E-03  5.338E-03  4.677E-03  4.163E-03  3.665E-03  3.217E-03  2.773E-03  2.456E-03  2.086E-03  1.766E-03  1.491E-03  1.253E-03  1.047E-03  8.723E-04  7.248E-04  5.842E-04  4.766E-04  3.918E-04  3.107E-04  2.536E-04  1.998E-04  1.581E-04  1.255E-04  9.981E-05  7.769E-05  6.014E-05  4.623E-05  3.457E-05  2.572E-05  1.901E-05  1.385E-05  9.701E-06  6.828E-06  4.541E-06  2.889E-06  1.709E-06  8.716E-07  3.099E-07  5.542E-08  6.216E-09  2.776E-10  3.237E-12  6.996E-15  3.190E-21  0.000E+00  0.000E+00  0.000E+00  0.000E+00  0.000E+00  0.000E+00  0.000E+00  0.000E+00  0.000E+00  0.000E+00  0.000E+00  0.000E+00
  395.5000  1.248E-02  1.148E-02  1.031E-02  9.258E-03  8.342E-03  7.550E-03  6.868E-03  6.017E-03  5.355E-03  4.714E-03  4.137E-03  3.565E-03  3.158E-03  2.681E-03  2.269E-03  1.916E-03  1.609E-03  1.345E-03  1.120E-03  9.306E-04  7.499E-04  6.116E-04  5.027E-04  3.985E-04  3.253E-04  2.562E-04  2.027E-04  1.608E-04  1.279E-04  9.957E-05  7.708E-05  5.926E-05  4.432E-05  3.297E-05  2.437E-05  1.776E-05  1.244E-05  8.759E-06  5.827E-06  3.712E-06  2.199E-06  1.125E-06  4.024E-07  7.279E-08  8.302E-09  3.806E-10  4.619E-12  1.054E-14  5.259E-21  0.000E+00  0.000E+00  0.000E+00  0.000E+00  0.000E+00  0.000E+00  0.000E+00  0.000E+00  0.000E+00  0.000E+00  0.000E+00  0.000E+00
  396.5000  7.328E-03  6.744E-03  6.057E-03  5.438E-03  4.900E-03  4.434E-03  4.033E-03  3.533E-03  3.144E-03  2.767E-03  2.428E-03  2.092E-03  1.853E-03  1.573E-03  1.331E-03  1.123E-03  9.436E-04  7.887E-04  6.566E-04  5.454E-04  4.394E-04  3.583E-04  2.944E-04  2.333E-04  1.904E-04  1.500E-04  1.186E-04  9.411E-05  7.484E-05  5.825E-05  4.509E-05  3.466E-05  2.593E-05  1.929E-05  1.426E-05  1.040E-05  7.282E-06  5.129E-06  3.414E-06  2.176E-06  1.292E-06  6.626E-07  2.385E-07  4.363E-08  5.059E-09  2.379E-10  3.005E-12  7.236E-15  3.946E-21  0.000E+00  0.000E+00  0.000E+00  0.000E+00  0.000E+00  0.000E+00  0.000E+00  0.000E+00  0.000E+00  0.000E+00  0.000E+00  0.000E+00
  397.5000  8.460E-03  7.785E-03  6.992E-03  6.278E-03  5.656E-03  5.118E-03  4.655E-03  4.077E-03  3.628E-03  3.192E-03  2.801E-03  2.413E-03  2.137E-03  1.813E-03  1.535E-03  1.295E-03  1.087E-03  9.087E-04  7.564E-04  6.281E-04  5.059E-04  4.124E-04  3.388E-04  2.685E-04  2.191E-04  1.725E-04  1.364E-04  1.082E-04  8.605E-05  6.696E-05  5.184E-05  3.985E-05  2.981E-05  2.218E-05  1.640E-05  1.196E-05  8.378E-06  5.902E-06  3.930E-06  2.507E-06  1.491E-06  7.670E-07  2.777E-07  5.138E-08  6.055E-09  2.922E-10  3.836E-12  9.742E-15  5.800E-21  0.000E+00  0.000E+00  0.000E+00  0.000E+00  0.000E+00  0.000E+00  0.000E+00  0.000E+00  0.000E+00  0.000E+00  0.000E+00  0.000E+00
  398.5000  1.454E-02  1.338E-02  1.202E-02  1.079E-02  9.721E-03  8.796E-03  7.999E-03  7.006E-03  6.233E-03  5.484E-03  4.812E-03  4.144E-03  3.670E-03  3.113E-03  2.634E-03  2.222E-03  1.866E-03  1.559E-03  1.297E-03  1.077E-03  8.674E-04  7.070E-04  5.807E-04  4.601E-04  3.753E-04  2.955E-04  2.336E-04  1.853E-04  1.473E-04  1.146E-04  8.874E-05  6.822E-05  5.104E-05  3.798E-05  2.808E-05  2.048E-05  1.435E-05  1.011E-05  6.737E-06  4.302E-06  2.562E-06  1.322E-06  4.814E-07  9.006E-08  1.079E-08  5.337E-10  7.284E-12  1.949E-14  1.266E-20  0.000E+00  0.000E+00  0.000E+00  0.000E+00  0.000E+00  0.000E+00  0.000E+00  0.000E+00  0.000E+00  0.000E+00  0.000E+00  0.000E+00
  399.5000  1.513E-02  1.392E-02  1.251E-02  1.123E-02  1.011E-02  9.150E-03  8.320E-03  7.286E-03  6.481E-03  5.702E-03  5.002E-03  4.308E-03  3.814E-03  3.235E-03  2.737E-03  2.309E-03  1.938E-03  1.619E-03  1.347E-03  1.118E-03  9.002E-04  7.335E-04  6.024E-04  4.771E-04  3.891E-04  3.063E-04  2.421E-04  1.920E-04  1.527E-04  1.188E-04  9.194E-05  7.069E-05  5.288E-05  3.936E-05  2.910E-05  2.123E-05  1.488E-05  1.049E-05  6.989E-06  4.467E-06  2.665E-06  1.379E-06  5.050E-07  9.551E-08  1.162E-08  5.895E-10  8.358E-12  2.355E-14  1.667E-20  0.000E+00  0.000E+00  0.000E+00  0.000E+00  0.000E+00  0.000E+00  0.000E+00  0.000E+00  0.000E+00  0.000E+00  0.000E+00  0.000E+00
------------------------------------------------------------
Dose rates,W m-2
   1 = UV index (WMO, 1994; Webb et al., 2011)           
   2 = Previtamin-D3 (CIE 2006)                          
values at z =      0.025 km
Columns: time,sza,weighting spectra
time,hrs.  sza,deg.          1          2
   18.0000     89.793  2.120E-02  3.516E-04
   18.0167     89.978  1.956E-02  3.276E-04
   18.0333     90.163  1.764E-02  2.993E-04
   18.0500     90.348  1.593E-02  2.738E-04
   18.0667     90.534  1.444E-02  2.516E-04
   18.0833     90.719  1.316E-02  2.324E-04
   18.1000     90.905  1.205E-02  2.158E-04
   18.1167     91.092  1.068E-02  1.944E-04
   18.1333     91.278  9.600E-03  1.776E-04
   18.1500     91.465  8.549E-03  1.609E-04
   18.1667     91.652  7.603E-03  1.456E-04
   18.1833     91.839  6.652E-03  1.299E-04
   18.2000     92.026  5.948E-03  1.177E-04
   18.2167     92.214  5.159E-03  1.045E-04
   18.2333     92.401  4.451E-03  9.193E-05
   18.2500     92.589  3.831E-03  8.062E-05
   18.2667     92.777  3.285E-03  7.038E-05
   18.2833     92.966  2.804E-03  6.112E-05
   18.3000     93.154  2.385E-03  5.280E-05
   18.3167     93.343  2.022E-03  4.541E-05
   18.3333     93.532  1.665E-03  3.780E-05
   18.3500     93.721  1.386E-03  3.176E-05
   18.3667     93.911  1.158E-03  2.672E-05
   18.3833     94.101  9.320E-04  2.155E-05
   18.4000     94.290  7.653E-04  1.761E-05
   18.4167     94.481  6.104E-04  1.405E-05
   18.4333     94.671  4.837E-04  1.103E-05
   18.4500     94.861  3.822E-04  8.604E-06
   18.4667     95.052  3.014E-04  6.667E-06
   18.4833     95.243  2.320E-04  5.044E-06
   18.5000     95.434  1.755E-04  3.688E-06
   18.5167     95.625  1.296E-04  2.551E-06
   18.5333     95.816  9.205E-05  1.646E-06
   18.5500     96.008  6.378E-05  9.657E-07
   18.5667     96.200  4.325E-05  5.111E-07
   18.5833     96.392  2.820E-05  2.244E-07
   18.6000     96.584  1.780E-05  8.669E-08
   18.6167     96.776  1.121E-05  3.116E-08
   18.6333     96.969  6.696E-06  1.046E-08
   18.6500     97.161  3.732E-06  3.085E-09
   18.6667     97.354  1.865E-06  7.593E-10
   18.6833     97.547  7.682E-07  1.518E-10
   18.7000     97.741  1.997E-07  1.768E-11
   18.7167     97.934  2.297E-08  7.533E-13
   18.7333     98.128  1.609E-09  1.396E-14
   18.7500     98.322  4.549E-11  3.690E-17
   18.7667     98.515  3.752E-13  5.698E-21
   18.7833     98.710  6.896E-16  3.269E-26
   18.8000     98.904  3.260E-22  1.230E-36
   18.8167     99.098  0.000E+00  0.000E+00
   18.8333     99.293  0.000E+00  0.000E+00
   18.8500     99.488  0.000E+00  0.000E+00
   18.8667     99.683  0.000E+00  0.000E+00
   18.8833     99.878  0.000E+00  0.000E+00
   18.9000    100.073  0.000E+00  0.000E+00
   18.9167    100.269  0.000E+00  0.000E+00
   18.9333    100.464  0.000E+00  0.000E+00
   18.9500    100.660  0.000E+00  0.000E+00
   18.9667    100.856  0.000E+00  0.000E+00
   18.9833    101.052  0.000E+00  0.000E+00
   19.0000    101.248  0.000E+00  0.000E+00
------------------------------------------------------------
