Spectral Irradiance,W m-2 nm-1
values at z =      0.025 km
Columns: wavelength (nm),times (hrs.) or sza (deg.)
    wc,nm     18.000     18.017     18.033     18.050     18.067     18.083     18.100     18.117     18.133     18.150     18.167     18.183     18.200     18.217     18.233     18.250     18.267     18.283     18.300     18.317     18.333     18.350     18.367     18.383     18.400     18.417     18.433     18.450     18.467     18.483     18.500     18.517     18.533     18.550     18.567     18.583     18.600     18.617     18.633     18.650     18.667     18.683     18.700     18.717     18.733     18.750     18.767     18.783     18.800     18.817     18.833     18.850     18.867     18.883     18.900     18.917     18.933     18.950     18.967     18.983     19.000
    sza =      90.152     90.337     90.522     90.708     90.894     91.080     91.266     91.452     91.639     91.826     92.013     92.201     92.388     92.576     92.764     92.953     93.141     93.330     93.519     93.708     93.897     94.087     94.276     94.466     94.656     94.847     95.037     95.228     95.419     95.610     95.801     95.993     96.184     96.376     96.568     96.761     96.953     97.145     97.338     97.531     97.724     97.918     98.111     98.305     98.499     98.693     98.887     99.081     99.276     99.471     99.665     99.861    100.056    100.251    100.447    100.642    100.838    101.034    101.230    101.427    101.623
  280.5000  2.648E-24  2.460E-24  2.295E-24  2.149E-24  2.020E-24  1.841E-24  1.696E-24  1.552E-24  1.408E-24  1.260E-24  1.153E-24  1.013E-24  8.877E-25  7.739E-25  6.700E-25  5.753E-25  4.900E-25  4.145E-25  3.376E-25  2.735E-25  2.196E-25  1.639E-25  1.230E-25  8.206E-26  4.966E-26  2.645E-26  1.103E-26  2.726E-27  2.768E-28  6.075E-30  8.794E-33  1.007E-37  4.204E-45  0.000E+00  0.000E+00  0.000E+00  0.000E+00  0.000E+00  0.000E+00  0.000E+00  0.000E+00  0.000E+00  0.000E+00  0.000E+00  0.000E+00  0.000E+00  0.000E+00  0.000E+00  0.000E+00  0.000E+00  0.000E+00  0.000E+00  0.000E+00  0.000E+00  0.000E+00  0.000E+00  0.000E+00  0.000E+00  0.000E+00  0.000E+00  0.000E+00
  281.5000  3.338E-22  3.102E-22  2.895E-22  2.712E-22  2.550E-22  2.325E-22  2.142E-22  1.960E-22  1.779E-22  1.593E-22  1.458E-22  1.282E-22  1.123E-22  9.797E-23  8.485E-23  7.290E-23  6.213E-23  5.261E-23  4.292E-23  3.487E-23  2.812E-23  2.118E-23  1.607E-23  1.093E-23  6.818E-24  3.794E-24  1.693E-24  4.700E-25  5.807E-26  1.786E-27  4.588E-30  1.448E-34  2.532E-41  0.000E+00  0.000E+00  0.000E+00  0.000E+00  0.000E+00  0.000E+00  0.000E+00  0.000E+00  0.000E+00  0.000E+00  0.000E+00  0.000E+00  0.000E+00  0.000E+00  0.000E+00  0.000E+00  0.000E+00  0.000E+00  0.000E+00  0.000E+00  0.000E+00  0.000E+00  0.000E+00  0.000E+00  0.000E+00  0.000E+00  0.000E+00  0.000E+00
  282.5000  1.458E-20  1.355E-20  1.265E-20  1.185E-20  1.115E-20  1.017E-20  9.372E-21  8.579E-21  7.789E-21  6.976E-21  6.386E-21  5.616E-21  4.924E-21  4.296E-21  3.722E-21  3.199E-21  2.728E-21  2.312E-21  1.888E-21  1.538E-21  1.245E-21  9.444E-22  7.231E-22  5.002E-22  3.202E-22  1.851E-22  8.760E-23  2.693E-23  3.961E-24  1.642E-25  7.009E-28  5.387E-32  3.645E-38  0.000E+00  0.000E+00  0.000E+00  0.000E+00  0.000E+00  0.000E+00  0.000E+00  0.000E+00  0.000E+00  0.000E+00  0.000E+00  0.000E+00  0.000E+00  0.000E+00  0.000E+00  0.000E+00  0.000E+00  0.000E+00  0.000E+00  0.000E+00  0.000E+00  0.000E+00  0.000E+00  0.000E+00  0.000E+00  0.000E+00  0.000E+00  0.000E+00
  283.5000  1.529E-19  1.422E-19  1.327E-19  1.244E-19  1.170E-19  1.068E-19  9.843E-20  9.013E-20  8.185E-20  7.331E-20  6.714E-20  5.905E-20  5.179E-20  4.520E-20  3.917E-20  3.368E-20  2.873E-20  2.436E-20  1.992E-20  1.624E-20  1.318E-20  1.004E-20  7.736E-21  5.408E-21  3.521E-21  2.085E-21  1.026E-21  3.371E-22  5.558E-23  2.805E-24  1.673E-26  2.302E-30  3.763E-36  5.605E-45  0.000E+00  0.000E+00  0.000E+00  0.000E+00  0.000E+00  0.000E+00  0.000E+00  0.000E+00  0.000E+00  0.000E+00  0.000E+00  0.000E+00  0.000E+00  0.000E+00  0.000E+00  0.000E+00  0.000E+00  0.000E+00  0.000E+00  0.000E+00  0.000E+00  0.000E+00  0.000E+00  0.000E+00  0.000E+00  0.000E+00  0.000E+00
  284.5000  6.806E-18  6.330E-18  5.912E-18  5.543E-18  5.217E-18  4.762E-18  4.393E-18  4.024E-18  3.657E-18  3.277E-18  3.003E-18  2.642E-18  2.319E-18  2.024E-18  1.756E-18  1.510E-18  1.290E-18  1.094E-18  8.961E-19  7.328E-19  5.973E-19  4.585E-19  3.566E-19  2.537E-19  1.698E-19  1.048E-19  5.493E-20  2.017E-20  4.022E-21  2.817E-22  2.949E-24  1.097E-27  8.213E-33  1.113E-40  0.000E+00  0.000E+00  0.000E+00  0.000E+00  0.000E+00  0.000E+00  0.000E+00  0.000E+00  0.000E+00  0.000E+00  0.000E+00  0.000E+00  0.000E+00  0.000E+00  0.000E+00  0.000E+00  0.000E+00  0.000E+00  0.000E+00  0.000E+00  0.000E+00  0.000E+00  0.000E+00  0.000E+00  0.000E+00  0.000E+00  0.000E+00
  285.5000  7.072E-17  6.579E-17  6.146E-17  5.765E-17  5.428E-17  4.957E-17  4.574E-17  4.192E-17  3.811E-17  3.417E-17  3.132E-17  2.757E-17  2.421E-17  2.115E-17  1.835E-17  1.579E-17  1.349E-17  1.146E-17  9.394E-18  7.696E-18  6.292E-18  4.856E-18  3.804E-18  2.742E-18  1.874E-18  1.193E-18  6.566E-19  2.628E-19  6.085E-20  5.515E-21  8.985E-23  7.231E-26  1.738E-30  1.427E-37  0.000E+00  0.000E+00  0.000E+00  0.000E+00  0.000E+00  0.000E+00  0.000E+00  0.000E+00  0.000E+00  0.000E+00  0.000E+00  0.000E+00  0.000E+00  0.000E+00  0.000E+00  0.000E+00  0.000E+00  0.000E+00  0.000E+00  0.000E+00  0.000E+00  0.000E+00  0.000E+00  0.000E+00  0.000E+00  0.000E+00  0.000E+00
  286.5000  1.929E-15  1.795E-15  1.677E-15  1.574E-15  1.482E-15  1.354E-15  1.250E-15  1.146E-15  1.042E-15  9.345E-16  8.569E-16  7.548E-16  6.629E-16  5.793E-16  5.028E-16  4.331E-16  3.702E-16  3.145E-16  2.581E-16  2.118E-16  1.735E-16  1.345E-16  1.059E-16  7.709E-17  5.352E-17  3.486E-17  1.992E-17  8.518E-18  2.214E-18  2.450E-19  5.629E-21  8.243E-24  4.881E-28  1.607E-34  1.401E-45  0.000E+00  0.000E+00  0.000E+00  0.000E+00  0.000E+00  0.000E+00  0.000E+00  0.000E+00  0.000E+00  0.000E+00  0.000E+00  0.000E+00  0.000E+00  0.000E+00  0.000E+00  0.000E+00  0.000E+00  0.000E+00  0.000E+00  0.000E+00  0.000E+00  0.000E+00  0.000E+00  0.000E+00  0.000E+00  0.000E+00
  287.5000  2.814E-14  2.619E-14  2.448E-14  2.298E-14  2.164E-14  1.978E-14  1.827E-14  1.676E-14  1.524E-14  1.368E-14  1.255E-14  1.106E-14  9.720E-15  8.499E-15  7.380E-15  6.360E-15  5.440E-15  4.625E-15  3.800E-15  3.122E-15  2.565E-15  1.996E-15  1.581E-15  1.162E-15  8.204E-16  5.477E-16  3.256E-16  1.493E-16  4.388E-17  6.007E-18  1.996E-19  5.586E-22  8.812E-26  1.321E-31  2.065E-41  0.000E+00  0.000E+00  0.000E+00  0.000E+00  0.000E+00  0.000E+00  0.000E+00  0.000E+00  0.000E+00  0.000E+00  0.000E+00  0.000E+00  0.000E+00  0.000E+00  0.000E+00  0.000E+00  0.000E+00  0.000E+00  0.000E+00  0.000E+00  0.000E+00  0.000E+00  0.000E+00  0.000E+00  0.000E+00  0.000E+00
  288.5000  3.926E-13  3.655E-13  3.417E-13  3.208E-13  3.024E-13  2.765E-13  2.554E-13  2.344E-13  2.134E-13  1.916E-13  1.760E-13  1.551E-13  1.364E-13  1.194E-13  1.037E-13  8.944E-14  7.657E-14  6.514E-14  5.359E-14  4.411E-14  3.632E-14  2.840E-14  2.262E-14  1.681E-14  1.207E-14  8.274E-15  5.129E-15  2.536E-15  8.523E-16  1.473E-16  7.340E-18  4.187E-20  1.933E-23  1.522E-28  4.097E-37  0.000E+00  0.000E+00  0.000E+00  0.000E+00  0.000E+00  0.000E+00  0.000E+00  0.000E+00  0.000E+00  0.000E+00  0.000E+00  0.000E+00  0.000E+00  0.000E+00  0.000E+00  0.000E+00  0.000E+00  0.000E+00  0.000E+00  0.000E+00  0.000E+00  0.000E+00  0.000E+00  0.000E+00  0.000E+00  0.000E+00
  289.5000  4.494E-12  4.185E-12  3.913E-12  3.675E-12  3.464E-12  3.169E-12  2.928E-12  2.689E-12  2.449E-12  2.200E-12  2.019E-12  1.783E-12  1.569E-12  1.373E-12  1.194E-12  1.030E-12  8.825E-13  7.513E-13  6.186E-13  5.098E-13  4.206E-13  3.298E-13  2.638E-13  1.975E-13  1.436E-13  1.003E-13  6.408E-14  3.349E-14  1.243E-14  2.553E-15  1.721E-16  1.662E-18  1.685E-21  4.416E-26  9.174E-34  5.325E-44  0.000E+00  0.000E+00  0.000E+00  0.000E+00  0.000E+00  0.000E+00  0.000E+00  0.000E+00  0.000E+00  0.000E+00  0.000E+00  0.000E+00  0.000E+00  0.000E+00  0.000E+00  0.000E+00  0.000E+00  0.000E+00  0.000E+00  0.000E+00  0.000E+00  0.000E+00  0.000E+00  0.000E+00  0.000E+00
  290.5000  3.344E-11  3.114E-11  2.913E-11  2.735E-11  2.580E-11  2.360E-11  2.182E-11  2.004E-11  1.826E-11  1.641E-11  1.507E-11  1.331E-11  1.172E-11  1.026E-11  8.928E-12  7.708E-12  6.607E-12  5.628E-12  4.638E-12  3.826E-12  3.161E-12  2.486E-12  1.994E-12  1.503E-12  1.103E-12  7.818E-13  5.121E-13  2.799E-13  1.127E-13  2.668E-14  2.309E-15  3.456E-17  6.760E-20  4.855E-24  5.615E-31  3.317E-40  0.000E+00  0.000E+00  0.000E+00  0.000E+00  0.000E+00  0.000E+00  0.000E+00  0.000E+00  0.000E+00  0.000E+00  0.000E+00  0.000E+00  0.000E+00  0.000E+00  0.000E+00  0.000E+00  0.000E+00  0.000E+00  0.000E+00  0.000E+00  0.000E+00  0.000E+00  0.000E+00  0.000E+00  0.000E+00
  291.5000  2.139E-10  1.992E-10  1.863E-10  1.751E-10  1.651E-10  1.511E-10  1.397E-10  1.284E-10  1.170E-10  1.053E-10  9.673E-11  8.547E-11  7.529E-11  6.599E-11  5.745E-11  4.963E-11  4.257E-11  3.629E-11  2.994E-11  2.473E-11  2.046E-11  1.614E-11  1.299E-11  9.850E-12  7.305E-12  5.263E-12  3.538E-12  2.029E-12  8.914E-13  2.461E-13  2.799E-14  6.802E-16  2.765E-18  6.137E-22  4.907E-28  3.991E-36  0.000E+00  0.000E+00  0.000E+00  0.000E+00  0.000E+00  0.000E+00  0.000E+00  0.000E+00  0.000E+00  0.000E+00  0.000E+00  0.000E+00  0.000E+00  0.000E+00  0.000E+00  0.000E+00  0.000E+00  0.000E+00  0.000E+00  0.000E+00  0.000E+00  0.000E+00  0.000E+00  0.000E+00  0.000E+00
  292.5000  9.184E-10  8.553E-10  8.001E-10  7.517E-10  7.090E-10  6.490E-10  6.003E-10  5.519E-10  5.032E-10  4.528E-10  4.164E-10  3.681E-10  3.244E-10  2.845E-10  2.478E-10  2.143E-10  1.839E-10  1.569E-10  1.295E-10  1.071E-10  8.876E-11  7.015E-11  5.664E-11  4.317E-11  3.228E-11  2.356E-11  1.618E-11  9.662E-12  4.570E-12  1.438E-12  2.063E-13  7.547E-15  5.655E-17  3.196E-20  1.242E-25  8.555E-33  7.497E-43  0.000E+00  0.000E+00  0.000E+00  0.000E+00  0.000E+00  0.000E+00  0.000E+00  0.000E+00  0.000E+00  0.000E+00  0.000E+00  0.000E+00  0.000E+00  0.000E+00  0.000E+00  0.000E+00  0.000E+00  0.000E+00  0.000E+00  0.000E+00  0.000E+00  0.000E+00  0.000E+00  0.000E+00
  293.5000  4.591E-09  4.275E-09  3.999E-09  3.757E-09  3.544E-09  3.245E-09  3.002E-09  2.761E-09  2.518E-09  2.267E-09  2.085E-09  1.845E-09  1.627E-09  1.428E-09  1.244E-09  1.077E-09  9.247E-10  7.895E-10  6.525E-10  5.400E-10  4.481E-10  3.549E-10  2.873E-10  2.200E-10  1.657E-10  1.224E-10  8.566E-11  5.302E-11  2.681E-11  9.503E-12  1.689E-12  9.033E-14  1.199E-15  1.631E-18  2.815E-23  1.447E-29  2.194E-38  0.000E+00  0.000E+00  0.000E+00  0.000E+00  0.000E+00  0.000E+00  0.000E+00  0.000E+00  0.000E+00  0.000E+00  0.000E+00  0.000E+00  0.000E+00  0.000E+00  0.000E+00  0.000E+00  0.000E+00  0.000E+00  0.000E+00  0.000E+00  0.000E+00  0.000E+00  0.000E+00  0.000E+00
  294.5000  1.349E-08  1.256E-08  1.174E-08  1.103E-08  1.041E-08  9.528E-09  8.817E-09  8.109E-09  7.398E-09  6.662E-09  6.131E-09  5.425E-09  4.788E-09  4.204E-09  3.667E-09  3.175E-09  2.728E-09  2.331E-09  1.928E-09  1.597E-09  1.327E-09  1.053E-09  8.538E-10  6.561E-10  4.972E-10  3.705E-10  2.634E-10  1.678E-10  8.966E-11  3.506E-11  7.434E-12  5.433E-13  1.148E-14  3.175E-17  1.796E-21  4.520E-27  6.433E-35  4.204E-45  0.000E+00  0.000E+00  0.000E+00  0.000E+00  0.000E+00  0.000E+00  0.000E+00  0.000E+00  0.000E+00  0.000E+00  0.000E+00  0.000E+00  0.000E+00  0.000E+00  0.000E+00  0.000E+00  0.000E+00  0.000E+00  0.000E+00  0.000E+00  0.000E+00  0.000E+00  0.000E+00
  295.5000  5.417E-08  5.042E-08  4.715E-08  4.428E-08  4.177E-08  3.824E-08  3.539E-08  3.255E-08  2.970E-08  2.676E-08  2.463E-08  2.181E-08  1.926E-08  1.692E-08  1.477E-08  1.280E-08  1.101E-08  9.410E-09  7.792E-09  6.460E-09  5.374E-09  4.271E-09  3.471E-09  2.677E-09  2.041E-09  1.534E-09  1.107E-09  7.258E-10  4.092E-10  1.764E-10  4.471E-11  4.491E-12  1.532E-13  8.847E-16  1.730E-19  2.296E-24  3.424E-31  5.567E-40  0.000E+00  0.000E+00  0.000E+00  0.000E+00  0.000E+00  0.000E+00  0.000E+00  0.000E+00  0.000E+00  0.000E+00  0.000E+00  0.000E+00  0.000E+00  0.000E+00  0.000E+00  0.000E+00  0.000E+00  0.000E+00  0.000E+00  0.000E+00  0.000E+00  0.000E+00  0.000E+00
  296.5000  1.408E-07  1.310E-07  1.225E-07  1.150E-07  1.084E-07  9.928E-08  9.186E-08  8.451E-08  7.712E-08  6.950E-08  6.399E-08  5.668E-08  5.008E-08  4.403E-08  3.846E-08  3.334E-08  2.870E-08  2.455E-08  2.035E-08  1.689E-08  1.406E-08  1.120E-08  9.115E-09  7.052E-09  5.401E-09  4.092E-09  2.988E-09  2.007E-09  1.185E-09  5.554E-10  1.641E-10  2.168E-11  1.115E-12  1.208E-14  6.761E-18  3.626E-22  3.818E-28  7.657E-36  0.000E+00  0.000E+00  0.000E+00  0.000E+00  0.000E+00  0.000E+00  0.000E+00  0.000E+00  0.000E+00  0.000E+00  0.000E+00  0.000E+00  0.000E+00  0.000E+00  0.000E+00  0.000E+00  0.000E+00  0.000E+00  0.000E+00  0.000E+00  0.000E+00  0.000E+00  0.000E+00
  297.5000  3.854E-07  3.584E-07  3.349E-07  3.143E-07  2.963E-07  2.712E-07  2.509E-07  2.308E-07  2.106E-07  1.898E-07  1.748E-07  1.549E-07  1.369E-07  1.205E-07  1.053E-07  9.135E-08  7.868E-08  6.737E-08  5.589E-08  4.643E-08  3.869E-08  3.085E-08  2.515E-08  1.951E-08  1.501E-08  1.144E-08  8.436E-09  5.780E-09  3.546E-09  1.785E-09  6.012E-10  1.006E-10  7.385E-12  1.385E-13  1.943E-16  3.532E-20  2.061E-25  3.744E-32  1.973E-41  0.000E+00  0.000E+00  0.000E+00  0.000E+00  0.000E+00  0.000E+00  0.000E+00  0.000E+00  0.000E+00  0.000E+00  0.000E+00  0.000E+00  0.000E+00  0.000E+00  0.000E+00  0.000E+00  0.000E+00  0.000E+00  0.000E+00  0.000E+00  0.000E+00  0.000E+00
  298.5000  6.258E-07  5.817E-07  5.432E-07  5.096E-07  4.801E-07  4.394E-07  4.064E-07  3.738E-07  3.410E-07  3.074E-07  2.831E-07  2.510E-07  2.219E-07  1.953E-07  1.708E-07  1.483E-07  1.278E-07  1.095E-07  9.095E-08  7.561E-08  6.307E-08  5.037E-08  4.112E-08  3.197E-08  2.467E-08  1.890E-08  1.406E-08  9.792E-09  6.206E-09  3.317E-09  1.251E-09  2.563E-10  2.555E-11  7.675E-13  2.363E-15  1.213E-18  3.014E-23  3.504E-29  2.366E-37  0.000E+00  0.000E+00  0.000E+00  0.000E+00  0.000E+00  0.000E+00  0.000E+00  0.000E+00  0.000E+00  0.000E+00  0.000E+00  0.000E+00  0.000E+00  0.000E+00  0.000E+00  0.000E+00  0.000E+00  0.000E+00  0.000E+00  0.000E+00  0.000E+00  0.000E+00
  299.5000  1.881E-06  1.747E-06  1.630E-06  1.529E-06  1.439E-06  1.317E-06  1.217E-06  1.119E-06  1.021E-06  9.204E-07  8.474E-07  7.518E-07  6.647E-07  5.854E-07  5.122E-07  4.449E-07  3.837E-07  3.290E-07  2.736E-07  2.276E-07  1.900E-07  1.520E-07  1.242E-07  9.677E-08  7.490E-08  5.766E-08  4.318E-08  3.052E-08  1.989E-08  1.121E-08  4.672E-09  1.150E-09  1.513E-10  7.009E-12  4.465E-14  6.036E-17  5.867E-21  3.949E-26  3.009E-33  3.306E-42  0.000E+00  0.000E+00  0.000E+00  0.000E+00  0.000E+00  0.000E+00  0.000E+00  0.000E+00  0.000E+00  0.000E+00  0.000E+00  0.000E+00  0.000E+00  0.000E+00  0.000E+00  0.000E+00  0.000E+00  0.000E+00  0.000E+00  0.000E+00  0.000E+00
  300.5000  2.239E-06  2.078E-06  1.938E-06  1.815E-06  1.708E-06  1.562E-06  1.443E-06  1.327E-06  1.210E-06  1.090E-06  1.004E-06  8.897E-07  7.877E-07  6.938E-07  6.074E-07  5.279E-07  4.556E-07  3.909E-07  3.253E-07  2.709E-07  2.263E-07  1.812E-07  1.483E-07  1.157E-07  8.981E-08  6.939E-08  5.225E-08  3.735E-08  2.490E-08  1.464E-08  6.614E-09  1.887E-09  3.109E-10  2.041E-11  2.329E-13  6.756E-16  1.891E-19  4.892E-24  2.337E-30  2.554E-38  0.000E+00  0.000E+00  0.000E+00  0.000E+00  0.000E+00  0.000E+00  0.000E+00  0.000E+00  0.000E+00  0.000E+00  0.000E+00  0.000E+00  0.000E+00  0.000E+00  0.000E+00  0.000E+00  0.000E+00  0.000E+00  0.000E+00  0.000E+00  0.000E+00
  301.5000  5.821E-06  5.397E-06  5.028E-06  4.706E-06  4.425E-06  4.043E-06  3.732E-06  3.429E-06  3.125E-06  2.816E-06  2.591E-06  2.298E-06  2.034E-06  1.792E-06  1.570E-06  1.365E-06  1.179E-06  1.012E-06  8.433E-07  7.029E-07  5.878E-07  4.714E-07  3.861E-07  3.020E-07  2.349E-07  1.822E-07  1.380E-07  9.972E-08  6.798E-08  4.170E-08  2.047E-08  6.800E-09  1.417E-09  1.344E-10  2.851E-12  1.869E-14  1.625E-17  1.800E-21  6.362E-27  8.743E-34  1.971E-40  2.803E-45  1.401E-45  0.000E+00  0.000E+00  0.000E+00  0.000E+00  0.000E+00  0.000E+00  0.000E+00  0.000E+00  0.000E+00  0.000E+00  0.000E+00  0.000E+00  0.000E+00  0.000E+00  0.000E+00  0.000E+00  0.000E+00  0.000E+00
  302.5000  8.731E-06  8.088E-06  7.528E-06  7.040E-06  6.613E-06  6.039E-06  5.571E-06  5.116E-06  4.660E-06  4.198E-06  3.861E-06  3.425E-06  3.030E-06  2.671E-06  2.340E-06  2.035E-06  1.759E-06  1.511E-06  1.260E-06  1.051E-06  8.795E-07  7.061E-07  5.788E-07  4.534E-07  3.534E-07  2.748E-07  2.088E-07  1.521E-07  1.052E-07  6.639E-08  3.446E-08  1.269E-08  3.100E-09  3.777E-10  1.217E-11  1.373E-13  2.501E-16  7.131E-20  9.258E-25  6.536E-31  6.670E-37  3.398E-41  1.286E-42  1.401E-44  1.401E-45  0.000E+00  0.000E+00  0.000E+00  0.000E+00  0.000E+00  0.000E+00  0.000E+00  0.000E+00  0.000E+00  0.000E+00  0.000E+00  0.000E+00  0.000E+00  0.000E+00  0.000E+00  0.000E+00
  303.5000  1.881E-05  1.740E-05  1.617E-05  1.511E-05  1.417E-05  1.293E-05  1.191E-05  1.093E-05  9.948E-06  8.956E-06  8.232E-06  7.298E-06  6.458E-06  5.692E-06  4.988E-06  4.341E-06  3.753E-06  3.226E-06  2.694E-06  2.249E-06  1.884E-06  1.515E-06  1.243E-06  9.754E-07  7.620E-07  5.943E-07  4.533E-07  3.328E-07  2.341E-07  1.524E-07  8.422E-08  3.486E-08  1.020E-08  1.656E-09  8.661E-11  1.840E-12  8.076E-15  7.103E-18  4.334E-22  2.146E-27  1.325E-32  1.859E-36  5.577E-38  4.279E-40  1.501E-42  1.401E-45  0.000E+00  0.000E+00  0.000E+00  0.000E+00  0.000E+00  0.000E+00  0.000E+00  0.000E+00  0.000E+00  0.000E+00  0.000E+00  0.000E+00  0.000E+00  0.000E+00  0.000E+00
  304.5000  2.372E-05  2.192E-05  2.035E-05  1.899E-05  1.780E-05  1.622E-05  1.494E-05  1.370E-05  1.246E-05  1.121E-05  1.030E-05  9.128E-06  8.077E-06  7.118E-06  6.238E-06  5.431E-06  4.697E-06  4.039E-06  3.376E-06  2.820E-06  2.363E-06  1.902E-06  1.562E-06  1.227E-06  9.602E-07  7.504E-07  5.736E-07  4.233E-07  3.005E-07  1.994E-07  1.144E-07  5.076E-08  1.656E-08  3.186E-09  2.214E-10  6.825E-12  5.013E-14  8.486E-17  1.259E-20  1.873E-25  3.149E-30  7.812E-34  2.101E-35  1.330E-37  3.127E-40  4.204E-45  0.000E+00  0.000E+00  0.000E+00  0.000E+00  0.000E+00  0.000E+00  0.000E+00  0.000E+00  0.000E+00  0.000E+00  0.000E+00  0.000E+00  0.000E+00  0.000E+00  0.000E+00
  305.5000  3.937E-05  3.632E-05  3.366E-05  3.135E-05  2.934E-05  2.670E-05  2.455E-05  2.248E-05  2.042E-05  1.835E-05  1.684E-05  1.492E-05  1.319E-05  1.163E-05  1.019E-05  8.871E-06  7.675E-06  6.604E-06  5.526E-06  4.621E-06  3.876E-06  3.126E-06  2.569E-06  2.023E-06  1.586E-06  1.243E-06  9.527E-07  7.076E-07  5.088E-07  3.461E-07  2.087E-07  1.017E-07  3.848E-08  9.393E-09  9.769E-10  5.162E-11  8.163E-13  3.693E-15  2.093E-18  1.661E-22  1.304E-26  7.643E-30  1.702E-31  7.694E-34  8.953E-37  5.922E-42  0.000E+00  0.000E+00  0.000E+00  0.000E+00  0.000E+00  0.000E+00  0.000E+00  0.000E+00  0.000E+00  0.000E+00  0.000E+00  0.000E+00  0.000E+00  0.000E+00  0.000E+00
  306.5000  4.562E-05  4.204E-05  3.893E-05  3.622E-05  3.387E-05  3.079E-05  2.829E-05  2.589E-05  2.350E-05  2.111E-05  1.936E-05  1.714E-05  1.515E-05  1.335E-05  1.170E-05  1.019E-05  8.816E-06  7.588E-06  6.353E-06  5.315E-06  4.461E-06  3.600E-06  2.961E-06  2.333E-06  1.831E-06  1.437E-06  1.103E-06  8.220E-07  5.946E-07  4.091E-07  2.525E-07  1.285E-07  5.201E-08  1.413E-08  1.756E-09  1.172E-10  2.562E-12  1.756E-14  1.757E-17  2.830E-21  4.262E-25  3.638E-28  7.735E-30  3.198E-32  3.016E-35  1.805E-40  0.000E+00  0.000E+00  0.000E+00  0.000E+00  0.000E+00  0.000E+00  0.000E+00  0.000E+00  0.000E+00  0.000E+00  0.000E+00  0.000E+00  0.000E+00  0.000E+00  0.000E+00
  307.5000  8.191E-05  7.533E-05  6.958E-05  6.459E-05  6.023E-05  5.466E-05  5.011E-05  4.577E-05  4.147E-05  3.720E-05  3.407E-05  3.013E-05  2.664E-05  2.343E-05  2.052E-05  1.787E-05  1.547E-05  1.332E-05  1.116E-05  9.348E-06  7.853E-06  6.349E-06  5.227E-06  4.127E-06  3.246E-06  2.554E-06  1.965E-06  1.471E-06  1.074E-06  7.527E-07  4.824E-07  2.638E-07  1.199E-07  3.933E-08  6.762E-09  6.986E-10  2.858E-11  4.399E-13  1.338E-15  8.661E-19  4.730E-22  8.253E-25  1.523E-26  4.841E-29  2.585E-32  1.007E-37  0.000E+00  0.000E+00  0.000E+00  0.000E+00  0.000E+00  0.000E+00  0.000E+00  0.000E+00  0.000E+00  0.000E+00  0.000E+00  0.000E+00  0.000E+00  0.000E+00  0.000E+00
  308.5000  1.006E-04  9.239E-05  8.524E-05  7.903E-05  7.362E-05  6.675E-05  6.113E-05  5.578E-05  5.050E-05  4.527E-05  4.142E-05  3.661E-05  3.239E-05  2.845E-05  2.491E-05  2.169E-05  1.877E-05  1.616E-05  1.356E-05  1.136E-05  9.544E-06  7.723E-06  6.362E-06  5.028E-06  3.959E-06  3.119E-06  2.402E-06  1.803E-06  1.322E-06  9.334E-07  6.082E-07  3.430E-07  1.637E-07  5.811E-08  1.140E-08  1.398E-09  7.249E-11  1.513E-12  6.984E-15  7.567E-18  6.629E-21  1.524E-23  2.757E-25  8.397E-28  3.990E-31  1.520E-36  0.000E+00  0.000E+00  0.000E+00  0.000E+00  0.000E+00  0.000E+00  0.000E+00  0.000E+00  0.000E+00  0.000E+00  0.000E+00  0.000E+00  0.000E+00  0.000E+00  0.000E+00
  309.5000  1.054E-04  9.661E-05  8.891E-05  8.223E-05  7.643E-05  6.914E-05  6.318E-05  5.754E-05  5.199E-05  4.653E-05  4.250E-05  3.751E-05  3.310E-05  2.909E-05  2.546E-05  2.215E-05  1.917E-05  1.651E-05  1.386E-05  1.162E-05  9.769E-06  7.917E-06  6.527E-06  5.168E-06  4.076E-06  3.218E-06  2.482E-06  1.869E-06  1.379E-06  9.847E-07  6.571E-07  3.877E-07  1.993E-07  7.994E-08  1.937E-08  3.161E-09  2.472E-10  8.786E-12  8.448E-14  2.282E-16  4.655E-19  1.716E-21  2.882E-23  7.608E-26  2.603E-29  7.961E-35  0.000E+00  0.000E+00  0.000E+00  0.000E+00  0.000E+00  0.000E+00  0.000E+00  0.000E+00  0.000E+00  0.000E+00  0.000E+00  0.000E+00  0.000E+00  0.000E+00  0.000E+00
  310.5000  1.654E-04  1.512E-04  1.389E-04  1.282E-04  1.189E-04  1.073E-04  9.788E-05  8.898E-05  8.025E-05  7.171E-05  6.539E-05  5.765E-05  5.003E-05  4.461E-05  3.901E-05  3.393E-05  2.935E-05  2.527E-05  2.122E-05  1.780E-05  1.498E-05  1.215E-05  1.003E-05  7.952E-06  6.281E-06  4.967E-06  3.836E-06  2.897E-06  2.146E-06  1.546E-06  1.050E-06  6.401E-07  3.475E-07  1.524E-07  4.308E-08  8.635E-09  9.030E-10  4.676E-11  7.551E-13  3.871E-15  1.422E-17  7.323E-20  1.184E-21  2.893E-24  8.200E-28  2.285E-33  8.408E-45  0.000E+00  0.000E+00  0.000E+00  0.000E+00  0.000E+00  0.000E+00  0.000E+00  0.000E+00  0.000E+00  0.000E+00  0.000E+00  0.000E+00  0.000E+00  0.000E+00
  311.5000  2.351E-04  2.145E-04  1.967E-04  1.812E-04  1.678E-04  1.513E-04  1.377E-04  1.251E-04  1.126E-04  1.005E-04  9.154E-05  8.061E-05  7.097E-05  6.228E-05  5.442E-05  4.731E-05  4.091E-05  3.522E-05  2.959E-05  2.482E-05  2.089E-05  1.697E-05  1.401E-05  1.112E-05  8.793E-06  6.962E-06  5.382E-06  4.071E-06  3.025E-06  2.191E-06  1.505E-06  9.368E-07  5.265E-07  2.446E-07  7.637E-08  1.748E-08  2.207E-09  1.462E-10  3.325E-12  2.610E-14  1.427E-16  9.275E-19  1.491E-20  3.565E-23  9.302E-27  2.591E-32  1.135E-43  0.000E+00  0.000E+00  0.000E+00  0.000E+00  0.000E+00  0.000E+00  0.000E+00  0.000E+00  0.000E+00  0.000E+00  0.000E+00  0.000E+00  0.000E+00  0.000E+00
  312.5000  2.829E-04  2.573E-04  2.350E-04  2.157E-04  1.990E-04  1.788E-04  1.623E-04  1.468E-04  1.318E-04  1.173E-04  1.065E-04  9.353E-05  8.213E-05  7.195E-05  6.277E-05  5.449E-05  4.707E-05  4.049E-05  3.402E-05  2.855E-05  2.404E-05  1.956E-05  1.616E-05  1.286E-05  1.019E-05  8.088E-06  6.262E-06  4.753E-06  3.549E-06  2.592E-06  1.813E-06  1.168E-06  6.956E-07  3.564E-07  1.324E-07  3.832E-08  6.782E-09  6.978E-10  2.922E-11  4.872E-13  5.315E-15  5.070E-17  7.713E-19  1.656E-21  3.355E-25  7.983E-31  3.970E-42  0.000E+00  0.000E+00  0.000E+00  0.000E+00  0.000E+00  0.000E+00  0.000E+00  0.000E+00  0.000E+00  0.000E+00  0.000E+00  0.000E+00  0.000E+00  0.000E+00
  313.5000  3.392E-04  3.082E-04  2.813E-04  2.580E-04  2.379E-04  2.135E-04  1.936E-04  1.750E-04  1.570E-04  1.395E-04  1.266E-04  1.111E-04  9.752E-05  8.537E-05  7.443E-05  6.459E-05  5.578E-05  4.797E-05  4.031E-05  3.383E-05  2.849E-05  2.319E-05  1.917E-05  1.526E-05  1.210E-05  9.615E-06  7.448E-06  5.659E-06  4.233E-06  3.100E-06  2.181E-06  1.420E-06  8.595E-07  4.526E-07  1.760E-07  5.399E-08  1.032E-08  1.174E-09  5.654E-11  1.118E-12  1.429E-14  1.515E-16  2.367E-18  5.285E-21  1.121E-24  2.995E-30  1.916E-41  0.000E+00  0.000E+00  0.000E+00  0.000E+00  0.000E+00  0.000E+00  0.000E+00  0.000E+00  0.000E+00  0.000E+00  0.000E+00  0.000E+00  0.000E+00  0.000E+00
  314.5000  4.256E-04  3.851E-04  3.500E-04  3.197E-04  2.935E-04  2.624E-04  2.369E-04  2.134E-04  1.906E-04  1.688E-04  1.526E-04  1.335E-04  1.167E-04  1.019E-04  8.864E-05  7.675E-05  6.616E-05  5.682E-05  4.773E-05  4.005E-05  3.372E-05  2.748E-05  2.274E-05  1.814E-05  1.442E-05  1.149E-05  8.914E-06  6.795E-06  5.105E-06  3.765E-06  2.686E-06  1.794E-06  1.136E-06  6.466E-07  2.891E-07  1.075E-07  2.719E-08  4.481E-09  3.629E-10  1.366E-11  3.165E-13  4.675E-15  7.028E-17  1.446E-19  2.500E-23  5.935E-29  4.281E-40  0.000E+00  0.000E+00  0.000E+00  0.000E+00  0.000E+00  0.000E+00  0.000E+00  0.000E+00  0.000E+00  0.000E+00  0.000E+00  0.000E+00  0.000E+00  0.000E+00
  315.5000  4.597E-04  4.158E-04  3.777E-04  3.448E-04  3.164E-04  2.827E-04  2.551E-04  2.296E-04  2.049E-04  1.814E-04  1.639E-04  1.433E-04  1.252E-04  1.093E-04  9.498E-05  8.220E-05  7.083E-05  6.082E-05  5.108E-05  4.286E-05  3.610E-05  2.943E-05  2.435E-05  1.944E-05  1.546E-05  1.233E-05  9.570E-06  7.302E-06  5.493E-06  4.059E-06  2.907E-06  1.955E-06  1.251E-06  7.248E-07  3.337E-07  1.286E-07  3.399E-08  5.933E-09  5.210E-10  2.160E-11  5.472E-13  8.656E-15  1.347E-16  2.929E-19  5.484E-23  1.505E-28  1.408E-39  0.000E+00  0.000E+00  0.000E+00  0.000E+00  0.000E+00  0.000E+00  0.000E+00  0.000E+00  0.000E+00  0.000E+00  0.000E+00  0.000E+00  0.000E+00  0.000E+00
  316.5000  5.747E-04  5.178E-04  4.686E-04  4.260E-04  3.894E-04  3.465E-04  3.114E-04  2.791E-04  2.481E-04  2.188E-04  1.968E-04  1.714E-04  1.493E-04  1.298E-04  1.125E-04  9.711E-05  8.348E-05  7.153E-05  6.002E-05  5.031E-05  4.234E-05  3.455E-05  2.860E-05  2.288E-05  1.824E-05  1.458E-05  1.134E-05  8.676E-06  6.552E-06  4.868E-06  3.524E-06  2.414E-06  1.596E-06  9.773E-07  4.986E-07  2.217E-07  7.252E-08  1.681E-08  2.197E-09  1.485E-10  5.895E-12  1.203E-13  1.836E-15  3.812E-18  6.271E-22  1.630E-27  1.767E-38  0.000E+00  0.000E+00  0.000E+00  0.000E+00  0.000E+00  0.000E+00  0.000E+00  0.000E+00  0.000E+00  0.000E+00  0.000E+00  0.000E+00  0.000E+00  0.000E+00
  317.5000  8.134E-04  7.330E-04  6.634E-04  6.033E-04  5.514E-04  4.908E-04  4.411E-04  3.955E-04  3.516E-04  3.100E-04  2.790E-04  2.430E-04  2.117E-04  1.841E-04  1.595E-04  1.377E-04  1.183E-04  1.014E-04  8.509E-05  7.133E-05  6.004E-05  4.900E-05  4.057E-05  3.245E-05  2.587E-05  2.069E-05  1.609E-05  1.232E-05  9.306E-06  6.919E-06  5.014E-06  3.442E-06  2.281E-06  1.403E-06  7.194E-07  3.213E-07  1.052E-07  2.444E-08  3.199E-09  2.164E-10  8.622E-12  1.802E-13  2.885E-15  6.475E-18  1.207E-21  3.761E-27  5.344E-38  0.000E+00  0.000E+00  0.000E+00  0.000E+00  0.000E+00  0.000E+00  0.000E+00  0.000E+00  0.000E+00  0.000E+00  0.000E+00  0.000E+00  0.000E+00  0.000E+00
  318.5000  8.289E-04  7.442E-04  6.710E-04  6.078E-04  5.533E-04  4.904E-04  4.389E-04  3.918E-04  3.468E-04  3.044E-04  2.727E-04  2.364E-04  2.051E-04  1.776E-04  1.533E-04  1.318E-04  1.129E-04  9.650E-05  8.081E-05  6.762E-05  5.685E-05  4.640E-05  3.843E-05  3.079E-05  2.460E-05  1.972E-05  1.537E-05  1.181E-05  8.956E-06  6.694E-06  4.897E-06  3.415E-06  2.324E-06  1.498E-06  8.385E-07  4.241E-07  1.676E-07  5.017E-08  9.405E-09  9.897E-10  5.930E-11  1.564E-12  2.468E-14  5.337E-17  8.897E-21  2.660E-26  4.379E-37  0.000E+00  0.000E+00  0.000E+00  0.000E+00  0.000E+00  0.000E+00  0.000E+00  0.000E+00  0.000E+00  0.000E+00  0.000E+00  0.000E+00  0.000E+00  0.000E+00
  319.5000  1.071E-03  9.612E-04  8.661E-04  7.842E-04  7.136E-04  6.320E-04  5.652E-04  5.043E-04  4.460E-04  3.912E-04  3.502E-04  3.034E-04  2.629E-04  2.275E-04  1.962E-04  1.686E-04  1.443E-04  1.232E-04  1.032E-04  8.628E-05  7.252E-05  5.919E-05  4.902E-05  3.930E-05  3.141E-05  2.521E-05  1.966E-05  1.511E-05  1.148E-05  8.590E-06  6.301E-06  4.412E-06  3.023E-06  1.970E-06  1.125E-06  5.836E-07  2.388E-07  7.494E-08  1.501E-08  1.712E-09  1.107E-10  3.103E-12  5.068E-14  1.157E-16  2.087E-20  7.145E-26  1.495E-36  0.000E+00  0.000E+00  0.000E+00  0.000E+00  0.000E+00  0.000E+00  0.000E+00  0.000E+00  0.000E+00  0.000E+00  0.000E+00  0.000E+00  0.000E+00  0.000E+00
  320.5000  1.395E-03  1.251E-03  1.126E-03  1.019E-03  9.264E-04  8.196E-04  7.322E-04  6.526E-04  5.765E-04  5.050E-04  4.516E-04  3.907E-04  3.381E-04  2.922E-04  2.517E-04  2.160E-04  1.848E-04  1.576E-04  1.318E-04  1.102E-04  9.258E-05  7.555E-05  6.256E-05  5.017E-05  4.013E-05  3.222E-05  2.514E-05  1.935E-05  1.471E-05  1.103E-05  8.108E-06  5.699E-06  3.929E-06  2.588E-06  1.506E-06  8.038E-07  3.439E-07  1.146E-07  2.501E-08  3.167E-09  2.266E-10  6.836E-12  1.153E-13  2.763E-16  5.303E-20  2.035E-25  5.317E-36  0.000E+00  0.000E+00  0.000E+00  0.000E+00  0.000E+00  0.000E+00  0.000E+00  0.000E+00  0.000E+00  0.000E+00  0.000E+00  0.000E+00  0.000E+00  0.000E+00
  321.5000  1.648E-03  1.475E-03  1.326E-03  1.197E-03  1.086E-03  9.577E-04  8.529E-04  7.575E-04  6.664E-04  5.813E-04  5.176E-04  4.455E-04  3.836E-04  3.298E-04  2.827E-04  2.414E-04  2.055E-04  1.745E-04  1.454E-04  1.211E-04  1.014E-04  8.266E-05  6.839E-05  5.488E-05  4.397E-05  3.541E-05  2.770E-05  2.141E-05  1.636E-05  1.233E-05  9.148E-06  6.518E-06  4.589E-06  3.137E-06  1.957E-06  1.156E-06  5.772E-07  2.387E-07  7.097E-08  1.316E-08  1.341E-09  4.961E-11  8.276E-13  1.927E-15  3.376E-19  1.267E-24  3.853E-35  0.000E+00  0.000E+00  0.000E+00  0.000E+00  0.000E+00  0.000E+00  0.000E+00  0.000E+00  0.000E+00  0.000E+00  0.000E+00  0.000E+00  0.000E+00  0.000E+00
  322.5000  1.273E-03  1.141E-03  1.026E-03  9.280E-04  8.432E-04  7.454E-04  6.654E-04  5.926E-04  5.230E-04  4.577E-04  4.089E-04  3.534E-04  3.055E-04  2.637E-04  2.269E-04  1.946E-04  1.663E-04  1.417E-04  1.184E-04  9.893E-05  8.308E-05  6.779E-05  5.614E-05  4.503E-05  3.604E-05  2.897E-05  2.262E-05  1.743E-05  1.327E-05  9.965E-06  7.349E-06  5.188E-06  3.602E-06  2.400E-06  1.425E-06  7.822E-07  3.480E-07  1.225E-07  2.888E-08  4.033E-09  3.190E-10  1.056E-11  1.925E-13  5.209E-16  1.195E-19  6.076E-25  2.533E-35  0.000E+00  0.000E+00  0.000E+00  0.000E+00  0.000E+00  0.000E+00  0.000E+00  0.000E+00  0.000E+00  0.000E+00  0.000E+00  0.000E+00  0.000E+00  0.000E+00
  323.5000  2.019E-03  1.807E-03  1.624E-03  1.466E-03  1.330E-03  1.172E-03  1.043E-03  9.250E-04  8.125E-04  7.074E-04  6.290E-04  5.401E-04  4.639E-04  3.977E-04  3.399E-04  2.895E-04  2.457E-04  2.082E-04  1.730E-04  1.437E-04  1.202E-04  9.782E-05  8.085E-05  6.486E-05  5.201E-05  4.193E-05  3.284E-05  2.544E-05  1.949E-05  1.474E-05  1.098E-05  7.874E-06  5.596E-06  3.884E-06  2.494E-06  1.537E-06  8.210E-07  3.740E-07  1.280E-07  2.836E-08  3.450E-09  1.458E-10  2.596E-12  6.661E-15  1.325E-18  6.256E-24  2.924E-34  0.000E+00  0.000E+00  0.000E+00  0.000E+00  0.000E+00  0.000E+00  0.000E+00  0.000E+00  0.000E+00  0.000E+00  0.000E+00  0.000E+00  0.000E+00  0.000E+00
  324.5000  2.327E-03  2.083E-03  1.872E-03  1.690E-03  1.533E-03  1.351E-03  1.202E-03  1.067E-03  9.376E-04  8.165E-04  7.263E-04  6.239E-04  5.361E-04  4.598E-04  3.932E-04  3.350E-04  2.845E-04  2.410E-04  2.004E-04  1.666E-04  1.393E-04  1.134E-04  9.376E-05  7.523E-05  6.032E-05  4.864E-05  3.810E-05  2.951E-05  2.261E-05  1.710E-05  1.274E-05  9.136E-06  6.494E-06  4.508E-06  2.893E-06  1.778E-06  9.448E-07  4.269E-07  1.444E-07  3.152E-08  3.799E-09  1.629E-10  3.036E-12  8.394E-15  1.882E-18  1.050E-23  6.264E-34  0.000E+00  0.000E+00  0.000E+00  0.000E+00  0.000E+00  0.000E+00  0.000E+00  0.000E+00  0.000E+00  0.000E+00  0.000E+00  0.000E+00  0.000E+00  0.000E+00
  325.5000  2.442E-03  2.185E-03  1.964E-03  1.772E-03  1.607E-03  1.417E-03  1.261E-03  1.119E-03  9.835E-04  8.569E-04  7.624E-04  6.553E-04  5.634E-04  4.837E-04  4.139E-04  3.529E-04  2.999E-04  2.543E-04  2.116E-04  1.760E-04  1.473E-04  1.199E-04  9.919E-05  7.960E-05  6.382E-05  5.144E-05  4.028E-05  3.118E-05  2.387E-05  1.804E-05  1.343E-05  9.610E-06  6.814E-06  4.711E-06  2.999E-06  1.821E-06  9.490E-07  4.170E-07  1.354E-07  2.817E-08  3.267E-09  1.401E-10  2.750E-12  8.269E-15  2.125E-18  1.414E-23  1.070E-33  0.000E+00  0.000E+00  0.000E+00  0.000E+00  0.000E+00  0.000E+00  0.000E+00  0.000E+00  0.000E+00  0.000E+00  0.000E+00  0.000E+00  0.000E+00  0.000E+00
  326.5000  4.191E-03  3.758E-03  3.384E-03  3.061E-03  2.782E-03  2.452E-03  2.183E-03  1.937E-03  1.700E-03  1.479E-03  1.314E-03  1.125E-03  9.639E-04  8.240E-04  7.019E-04  5.955E-04  5.036E-04  4.250E-04  3.518E-04  2.911E-04  2.427E-04  1.969E-04  1.624E-04  1.301E-04  1.044E-04  8.428E-05  6.613E-05  5.140E-05  3.953E-05  3.005E-05  2.254E-05  1.630E-05  1.172E-05  8.299E-06  5.525E-06  3.590E-06  2.088E-06  1.077E-06  4.431E-07  1.241E-07  1.910E-08  9.686E-10  1.895E-11  5.612E-14  1.354E-17  8.987E-23  7.867E-33  0.000E+00  0.000E+00  0.000E+00  0.000E+00  0.000E+00  0.000E+00  0.000E+00  0.000E+00  0.000E+00  0.000E+00  0.000E+00  0.000E+00  0.000E+00  0.000E+00
  327.5000  3.463E-03  3.102E-03  2.790E-03  2.521E-03  2.289E-03  2.016E-03  1.794E-03  1.592E-03  1.398E-03  1.216E-03  1.081E-03  9.264E-04  7.944E-04  6.799E-04  5.800E-04  4.929E-04  4.175E-04  3.529E-04  2.926E-04  2.426E-04  2.025E-04  1.645E-04  1.359E-04  1.090E-04  8.739E-05  7.054E-05  5.532E-05  4.295E-05  3.299E-05  2.503E-05  1.874E-05  1.351E-05  9.684E-06  6.816E-06  4.485E-06  2.861E-06  1.612E-06  7.934E-07  3.042E-07  7.797E-08  1.109E-08  5.500E-10  1.138E-11  3.698E-14  1.044E-17  8.440E-23  9.493E-33  0.000E+00  0.000E+00  0.000E+00  0.000E+00  0.000E+00  0.000E+00  0.000E+00  0.000E+00  0.000E+00  0.000E+00  0.000E+00  0.000E+00  0.000E+00  0.000E+00
  328.5000  3.198E-03  2.864E-03  2.575E-03  2.326E-03  2.111E-03  1.859E-03  1.654E-03  1.467E-03  1.287E-03  1.119E-03  9.945E-04  8.523E-04  7.306E-04  6.251E-04  5.330E-04  4.528E-04  3.834E-04  3.240E-04  2.686E-04  2.226E-04  1.858E-04  1.509E-04  1.246E-04  9.991E-05  8.013E-05  6.468E-05  5.073E-05  3.938E-05  3.025E-05  2.296E-05  1.719E-05  1.240E-05  8.886E-06  6.256E-06  4.119E-06  2.631E-06  1.487E-06  7.356E-07  2.847E-07  7.420E-08  1.082E-08  5.540E-10  1.194E-11  4.139E-14  1.283E-17  1.186E-22  1.641E-32  0.000E+00  0.000E+00  0.000E+00  0.000E+00  0.000E+00  0.000E+00  0.000E+00  0.000E+00  0.000E+00  0.000E+00  0.000E+00  0.000E+00  0.000E+00  0.000E+00
  329.5000  5.528E-03  4.966E-03  4.481E-03  4.062E-03  3.701E-03  3.265E-03  2.911E-03  2.586E-03  2.272E-03  1.976E-03  1.757E-03  1.504E-03  1.287E-03  1.098E-03  9.340E-04  7.909E-04  6.674E-04  5.619E-04  4.639E-04  3.827E-04  3.184E-04  2.576E-04  2.123E-04  1.698E-04  1.361E-04  1.100E-04  8.638E-05  6.726E-05  5.187E-05  3.955E-05  2.979E-05  2.165E-05  1.567E-05  1.121E-05  7.599E-06  5.075E-06  3.087E-06  1.706E-06  7.789E-07  2.506E-07  4.479E-08  2.599E-09  5.639E-11  1.961E-13  5.948E-17  5.682E-22  9.220E-32  0.000E+00  0.000E+00  0.000E+00  0.000E+00  0.000E+00  0.000E+00  0.000E+00  0.000E+00  0.000E+00  0.000E+00  0.000E+00  0.000E+00  0.000E+00  0.000E+00
  330.5000  4.439E-03  3.981E-03  3.586E-03  3.245E-03  2.950E-03  2.600E-03  2.315E-03  2.055E-03  1.804E-03  1.568E-03  1.393E-03  1.193E-03  1.021E-03  8.723E-04  7.424E-04  6.294E-04  5.318E-04  4.484E-04  3.708E-04  3.065E-04  2.554E-04  2.069E-04  1.707E-04  1.367E-04  1.096E-04  8.855E-05  6.950E-05  5.406E-05  4.163E-05  3.169E-05  2.382E-05  1.726E-05  1.245E-05  8.860E-06  5.946E-06  3.909E-06  2.314E-06  1.227E-06  5.266E-07  1.567E-07  2.615E-08  1.490E-09  3.412E-11  1.296E-13  4.554E-17  5.228E-22  1.073E-31  0.000E+00  0.000E+00  0.000E+00  0.000E+00  0.000E+00  0.000E+00  0.000E+00  0.000E+00  0.000E+00  0.000E+00  0.000E+00  0.000E+00  0.000E+00  0.000E+00
  331.5000  4.273E-03  3.830E-03  3.448E-03  3.119E-03  2.834E-03  2.497E-03  2.222E-03  1.971E-03  1.730E-03  1.504E-03  1.336E-03  1.144E-03  9.788E-04  8.362E-04  7.117E-04  6.034E-04  5.099E-04  4.299E-04  3.556E-04  2.940E-04  2.449E-04  1.985E-04  1.637E-04  1.312E-04  1.052E-04  8.496E-05  6.668E-05  5.186E-05  3.992E-05  3.038E-05  2.283E-05  1.653E-05  1.192E-05  8.475E-06  5.678E-06  3.722E-06  2.194E-06  1.157E-06  4.923E-07  1.454E-07  2.425E-08  1.407E-09  3.361E-11  1.365E-13  5.318E-17  7.034E-22  1.774E-31  0.000E+00  0.000E+00  0.000E+00  0.000E+00  0.000E+00  0.000E+00  0.000E+00  0.000E+00  0.000E+00  0.000E+00  0.000E+00  0.000E+00  0.000E+00  0.000E+00
  332.5000  5.237E-03  4.708E-03  4.252E-03  3.859E-03  3.519E-03  3.107E-03  2.772E-03  2.464E-03  2.166E-03  1.884E-03  1.676E-03  1.434E-03  1.227E-03  1.046E-03  8.892E-04  7.524E-04  6.343E-04  5.335E-04  4.399E-04  3.624E-04  3.012E-04  2.433E-04  2.003E-04  1.601E-04  1.283E-04  1.037E-04  8.145E-05  6.347E-05  4.901E-05  3.743E-05  2.825E-05  2.057E-05  1.493E-05  1.073E-05  7.326E-06  4.948E-06  3.064E-06  1.744E-06  8.336E-07  2.862E-07  5.543E-08  3.542E-09  8.581E-11  3.548E-13  1.391E-16  1.945E-21  5.782E-31  0.000E+00  0.000E+00  0.000E+00  0.000E+00  0.000E+00  0.000E+00  0.000E+00  0.000E+00  0.000E+00  0.000E+00  0.000E+00  0.000E+00  0.000E+00  0.000E+00
  333.5000  4.468E-03  4.011E-03  3.616E-03  3.276E-03  2.982E-03  2.629E-03  2.343E-03  2.080E-03  1.826E-03  1.588E-03  1.411E-03  1.207E-03  1.033E-03  8.812E-04  7.492E-04  6.343E-04  5.351E-04  4.505E-04  3.719E-04  3.067E-04  2.552E-04  2.065E-04  1.701E-04  1.361E-04  1.091E-04  8.814E-05  6.921E-05  5.390E-05  4.157E-05  3.170E-05  2.389E-05  1.736E-05  1.257E-05  9.001E-06  6.104E-06  4.078E-06  2.480E-06  1.372E-06  6.282E-07  2.044E-07  3.780E-08  2.399E-09  6.102E-11  2.730E-13  1.217E-16  2.004E-21  7.389E-31  0.000E+00  0.000E+00  0.000E+00  0.000E+00  0.000E+00  0.000E+00  0.000E+00  0.000E+00  0.000E+00  0.000E+00  0.000E+00  0.000E+00  0.000E+00  0.000E+00
  334.5000  5.241E-03  4.708E-03  4.247E-03  3.850E-03  3.508E-03  3.094E-03  2.758E-03  2.450E-03  2.152E-03  1.870E-03  1.663E-03  1.422E-03  1.216E-03  1.037E-03  8.815E-04  7.458E-04  6.288E-04  5.289E-04  4.362E-04  3.595E-04  2.988E-04  2.415E-04  1.989E-04  1.590E-04  1.274E-04  1.030E-04  8.086E-05  6.300E-05  4.862E-05  3.712E-05  2.800E-05  2.037E-05  1.478E-05  1.061E-05  7.223E-06  4.859E-06  2.991E-06  1.687E-06  7.955E-07  2.694E-07  5.213E-08  3.447E-09  9.054E-11  4.256E-13  2.034E-16  3.734E-21  1.655E-30  0.000E+00  0.000E+00  0.000E+00  0.000E+00  0.000E+00  0.000E+00  0.000E+00  0.000E+00  0.000E+00  0.000E+00  0.000E+00  0.000E+00  0.000E+00  0.000E+00
  335.5000  5.933E-03  5.339E-03  4.826E-03  4.384E-03  4.003E-03  3.536E-03  3.157E-03  2.809E-03  2.470E-03  2.148E-03  1.913E-03  1.636E-03  1.399E-03  1.193E-03  1.013E-03  8.566E-04  7.215E-04  6.063E-04  4.992E-04  4.107E-04  3.410E-04  2.751E-04  2.263E-04  1.807E-04  1.447E-04  1.170E-04  9.188E-05  7.165E-05  5.537E-05  4.235E-05  3.202E-05  2.336E-05  1.700E-05  1.226E-05  8.421E-06  5.740E-06  3.612E-06  2.109E-06  1.050E-06  3.825E-07  7.979E-08  5.584E-09  1.504E-10  7.343E-13  3.681E-16  7.402E-21  3.916E-30  0.000E+00  0.000E+00  0.000E+00  0.000E+00  0.000E+00  0.000E+00  0.000E+00  0.000E+00  0.000E+00  0.000E+00  0.000E+00  0.000E+00  0.000E+00  0.000E+00
  336.5000  4.489E-03  4.036E-03  3.646E-03  3.310E-03  3.019E-03  2.665E-03  2.379E-03  2.115E-03  1.859E-03  1.616E-03  1.438E-03  1.230E-03  1.051E-03  8.965E-04  7.613E-04  6.436E-04  5.421E-04  4.556E-04  3.752E-04  3.088E-04  2.564E-04  2.070E-04  1.703E-04  1.360E-04  1.089E-04  8.804E-05  6.914E-05  5.391E-05  4.165E-05  3.184E-05  2.407E-05  1.755E-05  1.276E-05  9.196E-06  6.305E-06  4.286E-06  2.685E-06  1.557E-06  7.671E-07  2.761E-07  5.729E-08  4.066E-09  1.140E-10  5.929E-13  3.280E-16  7.541E-21  4.842E-30  0.000E+00  0.000E+00  0.000E+00  0.000E+00  0.000E+00  0.000E+00  0.000E+00  0.000E+00  0.000E+00  0.000E+00  0.000E+00  0.000E+00  0.000E+00  0.000E+00
  337.5000  4.559E-03  4.094E-03  3.693E-03  3.347E-03  3.048E-03  2.688E-03  2.395E-03  2.127E-03  1.868E-03  1.623E-03  1.443E-03  1.234E-03  1.054E-03  8.991E-04  7.636E-04  6.459E-04  5.443E-04  4.577E-04  3.773E-04  3.107E-04  2.582E-04  2.086E-04  1.717E-04  1.373E-04  1.100E-04  8.889E-05  6.980E-05  5.439E-05  4.199E-05  3.207E-05  2.420E-05  1.763E-05  1.280E-05  9.193E-06  6.273E-06  4.231E-06  2.615E-06  1.485E-06  7.091E-07  2.454E-07  4.927E-08  3.494E-09  1.024E-10  5.716E-13  3.545E-16  9.448E-21  7.406E-30  0.000E+00  0.000E+00  0.000E+00  0.000E+00  0.000E+00  0.000E+00  0.000E+00  0.000E+00  0.000E+00  0.000E+00  0.000E+00  0.000E+00  0.000E+00  0.000E+00
  338.5000  5.409E-03  4.866E-03  4.398E-03  3.995E-03  3.647E-03  3.221E-03  2.876E-03  2.558E-03  2.249E-03  1.955E-03  1.741E-03  1.488E-03  1.272E-03  1.084E-03  9.204E-04  7.777E-04  6.547E-04  5.499E-04  4.524E-04  3.719E-04  3.087E-04  2.489E-04  2.046E-04  1.633E-04  1.308E-04  1.057E-04  8.301E-05  6.474E-05  5.005E-05  3.830E-05  2.898E-05  2.116E-05  1.541E-05  1.113E-05  7.654E-06  5.232E-06  3.309E-06  1.949E-06  9.851E-07  3.682E-07  8.013E-08  6.028E-09  1.808E-10  1.044E-12  6.742E-16  1.948E-20  1.799E-29  0.000E+00  0.000E+00  0.000E+00  0.000E+00  0.000E+00  0.000E+00  0.000E+00  0.000E+00  0.000E+00  0.000E+00  0.000E+00  0.000E+00  0.000E+00  0.000E+00
  339.5000  5.975E-03  5.377E-03  4.861E-03  4.417E-03  4.033E-03  3.562E-03  3.181E-03  2.830E-03  2.488E-03  2.163E-03  1.926E-03  1.647E-03  1.407E-03  1.199E-03  1.018E-03  8.598E-04  7.236E-04  6.075E-04  4.997E-04  4.106E-04  3.406E-04  2.745E-04  2.256E-04  1.800E-04  1.441E-04  1.165E-04  9.147E-05  7.134E-05  5.517E-05  4.223E-05  3.197E-05  2.335E-05  1.702E-05  1.230E-05  8.473E-06  5.805E-06  3.686E-06  2.186E-06  1.117E-06  4.246E-07  9.449E-08  7.311E-09  2.267E-10  1.379E-12  9.609E-16  3.105E-20  3.423E-29  0.000E+00  0.000E+00  0.000E+00  0.000E+00  0.000E+00  0.000E+00  0.000E+00  0.000E+00  0.000E+00  0.000E+00  0.000E+00  0.000E+00  0.000E+00  0.000E+00
  340.5000  6.117E-03  5.499E-03  4.967E-03  4.508E-03  4.112E-03  3.629E-03  3.238E-03  2.878E-03  2.529E-03  2.198E-03  1.956E-03  1.672E-03  1.428E-03  1.217E-03  1.033E-03  8.725E-04  7.343E-04  6.167E-04  5.074E-04  4.171E-04  3.462E-04  2.791E-04  2.295E-04  1.832E-04  1.467E-04  1.185E-04  9.309E-05  7.259E-05  5.611E-05  4.293E-05  3.247E-05  2.371E-05  1.726E-05  1.246E-05  8.565E-06  5.846E-06  3.689E-06  2.166E-06  1.090E-06  4.069E-07  8.939E-08  6.977E-09  2.248E-10  1.455E-12  1.118E-15  4.117E-20  5.468E-29  0.000E+00  0.000E+00  0.000E+00  0.000E+00  0.000E+00  0.000E+00  0.000E+00  0.000E+00  0.000E+00  0.000E+00  0.000E+00  0.000E+00  0.000E+00  0.000E+00
  341.5000  5.779E-03  5.201E-03  4.703E-03  4.274E-03  3.904E-03  3.448E-03  3.080E-03  2.741E-03  2.410E-03  2.095E-03  1.866E-03  1.595E-03  1.363E-03  1.161E-03  9.852E-04  8.320E-04  6.999E-04  5.874E-04  4.828E-04  3.965E-04  3.288E-04  2.648E-04  2.176E-04  1.735E-04  1.389E-04  1.122E-04  8.813E-05  6.876E-05  5.319E-05  4.074E-05  3.086E-05  2.256E-05  1.645E-05  1.190E-05  8.218E-06  5.647E-06  3.604E-06  2.157E-06  1.118E-06  4.348E-07  1.000E-07  8.125E-09  2.692E-10  1.817E-12  1.480E-15  5.990E-20  9.399E-29  0.000E+00  0.000E+00  0.000E+00  0.000E+00  0.000E+00  0.000E+00  0.000E+00  0.000E+00  0.000E+00  0.000E+00  0.000E+00  0.000E+00  0.000E+00  0.000E+00
  342.5000  6.476E-03  5.830E-03  5.272E-03  4.792E-03  4.379E-03  3.868E-03  3.455E-03  3.074E-03  2.703E-03  2.351E-03  2.094E-03  1.790E-03  1.529E-03  1.303E-03  1.105E-03  9.328E-04  7.845E-04  6.582E-04  5.409E-04  4.440E-04  3.681E-04  2.963E-04  2.434E-04  1.941E-04  1.553E-04  1.255E-04  9.853E-05  7.688E-05  5.948E-05  4.557E-05  3.453E-05  2.525E-05  1.843E-05  1.334E-05  9.220E-06  6.346E-06  4.063E-06  2.443E-06  1.278E-06  5.034E-07  1.180E-07  9.830E-09  3.363E-10  2.388E-12  2.095E-15  9.452E-20  1.758E-28  0.000E+00  0.000E+00  0.000E+00  0.000E+00  0.000E+00  0.000E+00  0.000E+00  0.000E+00  0.000E+00  0.000E+00  0.000E+00  0.000E+00  0.000E+00  0.000E+00
  343.5000  6.586E-03  5.925E-03  5.356E-03  4.865E-03  4.443E-03  3.922E-03  3.502E-03  3.115E-03  2.737E-03  2.380E-03  2.118E-03  1.810E-03  1.546E-03  1.317E-03  1.117E-03  9.429E-04  7.929E-04  6.653E-04  5.467E-04  4.488E-04  3.721E-04  2.996E-04  2.462E-04  1.963E-04  1.570E-04  1.269E-04  9.964E-05  7.773E-05  6.014E-05  4.606E-05  3.489E-05  2.551E-05  1.861E-05  1.347E-05  9.301E-06  6.393E-06  4.083E-06  2.447E-06  1.273E-06  4.993E-07  1.171E-07  9.908E-09  3.511E-10  2.635E-12  2.516E-15  1.277E-19  2.824E-28  0.000E+00  0.000E+00  0.000E+00  0.000E+00  0.000E+00  0.000E+00  0.000E+00  0.000E+00  0.000E+00  0.000E+00  0.000E+00  0.000E+00  0.000E+00  0.000E+00
  344.5000  4.509E-03  4.054E-03  3.663E-03  3.325E-03  3.034E-03  2.678E-03  2.389E-03  2.124E-03  1.866E-03  1.622E-03  1.443E-03  1.233E-03  1.053E-03  8.964E-04  7.602E-04  6.417E-04  5.397E-04  4.528E-04  3.721E-04  3.056E-04  2.533E-04  2.041E-04  1.676E-04  1.337E-04  1.070E-04  8.644E-05  6.788E-05  5.295E-05  4.095E-05  3.136E-05  2.375E-05  1.736E-05  1.266E-05  9.157E-06  6.317E-06  4.335E-06  2.762E-06  1.648E-06  8.522E-07  3.319E-07  7.769E-08  6.668E-09  2.446E-10  1.940E-12  2.017E-15  1.150E-19  3.023E-28  0.000E+00  0.000E+00  0.000E+00  0.000E+00  0.000E+00  0.000E+00  0.000E+00  0.000E+00  0.000E+00  0.000E+00  0.000E+00  0.000E+00  0.000E+00  0.000E+00
  345.5000  6.569E-03  5.914E-03  5.349E-03  4.863E-03  4.444E-03  3.925E-03  3.507E-03  3.121E-03  2.744E-03  2.386E-03  2.125E-03  1.816E-03  1.551E-03  1.321E-03  1.120E-03  9.451E-04  7.943E-04  6.661E-04  5.469E-04  4.486E-04  3.716E-04  2.989E-04  2.454E-04  1.955E-04  1.564E-04  1.264E-04  9.920E-05  7.741E-05  5.992E-05  4.593E-05  3.483E-05  2.549E-05  1.862E-05  1.350E-05  9.351E-06  6.458E-06  4.158E-06  2.525E-06  1.343E-06  5.439E-07  1.330E-07  1.186E-08  4.464E-10  3.682E-12  4.042E-15  2.518E-19  7.718E-28  0.000E+00  0.000E+00  0.000E+00  0.000E+00  0.000E+00  0.000E+00  0.000E+00  0.000E+00  0.000E+00  0.000E+00  0.000E+00  0.000E+00  0.000E+00  0.000E+00
  346.5000  5.920E-03  5.326E-03  4.812E-03  4.371E-03  3.990E-03  3.522E-03  3.143E-03  2.795E-03  2.456E-03  2.134E-03  1.899E-03  1.622E-03  1.385E-03  1.179E-03  9.998E-04  8.437E-04  7.091E-04  5.947E-04  4.884E-04  4.008E-04  3.321E-04  2.673E-04  2.195E-04  1.749E-04  1.399E-04  1.131E-04  8.877E-05  6.925E-05  5.359E-05  4.106E-05  3.112E-05  2.276E-05  1.662E-05  1.204E-05  8.322E-06  5.730E-06  3.671E-06  2.213E-06  1.163E-06  4.650E-07  1.128E-07  1.016E-08  3.963E-10  3.457E-12  4.138E-15  2.899E-19  1.056E-27  0.000E+00  0.000E+00  0.000E+00  0.000E+00  0.000E+00  0.000E+00  0.000E+00  0.000E+00  0.000E+00  0.000E+00  0.000E+00  0.000E+00  0.000E+00  0.000E+00
  347.5000  5.811E-03  5.227E-03  4.724E-03  4.290E-03  3.916E-03  3.457E-03  3.085E-03  2.743E-03  2.410E-03  2.094E-03  1.864E-03  1.592E-03  1.359E-03  1.157E-03  9.805E-04  8.272E-04  6.952E-04  5.829E-04  4.786E-04  3.926E-04  3.253E-04  2.617E-04  2.149E-04  1.712E-04  1.369E-04  1.106E-04  8.686E-05  6.776E-05  5.244E-05  4.019E-05  3.046E-05  2.229E-05  1.628E-05  1.179E-05  8.160E-06  5.624E-06  3.610E-06  2.183E-06  1.153E-06  4.651E-07  1.144E-07  1.053E-08  4.234E-10  3.875E-12  4.981E-15  3.867E-19  1.652E-27  0.000E+00  0.000E+00  0.000E+00  0.000E+00  0.000E+00  0.000E+00  0.000E+00  0.000E+00  0.000E+00  0.000E+00  0.000E+00  0.000E+00  0.000E+00  0.000E+00
  348.5000  6.475E-03  5.825E-03  5.265E-03  4.783E-03  4.368E-03  3.855E-03  3.442E-03  3.061E-03  2.689E-03  2.337E-03  2.080E-03  1.777E-03  1.517E-03  1.291E-03  1.094E-03  9.227E-04  7.752E-04  6.497E-04  5.333E-04  4.373E-04  3.622E-04  2.913E-04  2.391E-04  1.904E-04  1.523E-04  1.230E-04  9.658E-05  7.536E-05  5.833E-05  4.471E-05  3.391E-05  2.482E-05  1.813E-05  1.315E-05  9.108E-06  6.288E-06  4.049E-06  2.461E-06  1.312E-06  5.361E-07  1.343E-07  1.266E-08  5.241E-10  5.020E-12  6.902E-15  5.912E-19  2.953E-27  0.000E+00  0.000E+00  0.000E+00  0.000E+00  0.000E+00  0.000E+00  0.000E+00  0.000E+00  0.000E+00  0.000E+00  0.000E+00  0.000E+00  0.000E+00  0.000E+00
  349.5000  5.417E-03  4.873E-03  4.404E-03  4.000E-03  3.652E-03  3.223E-03  2.877E-03  2.558E-03  2.247E-03  1.953E-03  1.738E-03  1.484E-03  1.267E-03  1.078E-03  9.133E-04  7.702E-04  6.470E-04  5.422E-04  4.450E-04  3.648E-04  3.021E-04  2.429E-04  1.993E-04  1.588E-04  1.269E-04  1.025E-04  8.049E-05  6.281E-05  4.861E-05  3.727E-05  2.827E-05  2.070E-05  1.512E-05  1.097E-05  7.598E-06  5.247E-06  3.381E-06  2.058E-06  1.100E-06  4.520E-07  1.144E-07  1.100E-08  4.692E-10  4.712E-12  6.958E-15  6.595E-19  3.852E-27  0.000E+00  0.000E+00  0.000E+00  0.000E+00  0.000E+00  0.000E+00  0.000E+00  0.000E+00  0.000E+00  0.000E+00  0.000E+00  0.000E+00  0.000E+00  0.000E+00
  350.5000  7.610E-03  6.846E-03  6.187E-03  5.619E-03  5.130E-03  4.528E-03  4.041E-03  3.593E-03  3.156E-03  2.742E-03  2.441E-03  2.084E-03  1.778E-03  1.513E-03  1.282E-03  1.081E-03  9.076E-04  7.605E-04  6.240E-04  5.114E-04  4.234E-04  3.404E-04  2.793E-04  2.224E-04  1.778E-04  1.436E-04  1.127E-04  8.795E-05  6.808E-05  5.220E-05  3.960E-05  2.900E-05  2.119E-05  1.538E-05  1.066E-05  7.366E-06  4.754E-06  2.902E-06  1.558E-06  6.450E-07  1.653E-07  1.622E-08  7.126E-10  7.495E-12  1.185E-14  1.240E-18  8.439E-27  0.000E+00  0.000E+00  0.000E+00  0.000E+00  0.000E+00  0.000E+00  0.000E+00  0.000E+00  0.000E+00  0.000E+00  0.000E+00  0.000E+00  0.000E+00  0.000E+00
  351.5000  6.526E-03  5.869E-03  5.303E-03  4.816E-03  4.396E-03  3.879E-03  3.461E-03  3.077E-03  2.702E-03  2.347E-03  2.089E-03  1.783E-03  1.521E-03  1.294E-03  1.096E-03  9.240E-04  7.759E-04  6.500E-04  5.332E-04  4.369E-04  3.617E-04  2.907E-04  2.385E-04  1.899E-04  1.518E-04  1.226E-04  9.624E-05  7.509E-05  5.813E-05  4.457E-05  3.381E-05  2.477E-05  1.810E-05  1.313E-05  9.103E-06  6.292E-06  4.062E-06  2.481E-06  1.334E-06  5.541E-07  1.431E-07  1.430E-08  6.475E-10  7.136E-12  1.211E-14  1.398E-18  1.109E-26  0.000E+00  0.000E+00  0.000E+00  0.000E+00  0.000E+00  0.000E+00  0.000E+00  0.000E+00  0.000E+00  0.000E+00  0.000E+00  0.000E+00  0.000E+00  0.000E+00
  352.5000  5.913E-03  5.318E-03  4.805E-03  4.364E-03  3.983E-03  3.515E-03  3.136E-03  2.788E-03  2.448E-03  2.127E-03  1.892E-03  1.615E-03  1.378E-03  1.172E-03  9.924E-04  8.365E-04  7.022E-04  5.882E-04  4.824E-04  3.952E-04  3.271E-04  2.628E-04  2.156E-04  1.716E-04  1.372E-04  1.108E-04  8.693E-05  6.783E-05  5.251E-05  4.027E-05  3.056E-05  2.239E-05  1.637E-05  1.188E-05  8.239E-06  5.700E-06  3.686E-06  2.257E-06  1.220E-06  5.108E-07  1.337E-07  1.363E-08  6.349E-10  7.314E-12  1.326E-14  1.684E-18  1.550E-26  0.000E+00  0.000E+00  0.000E+00  0.000E+00  0.000E+00  0.000E+00  0.000E+00  0.000E+00  0.000E+00  0.000E+00  0.000E+00  0.000E+00  0.000E+00  0.000E+00
  353.5000  7.169E-03  6.449E-03  5.827E-03  5.292E-03  4.831E-03  4.263E-03  3.804E-03  3.382E-03  2.970E-03  2.579E-03  2.295E-03  1.959E-03  1.671E-03  1.421E-03  1.203E-03  1.014E-03  8.510E-04  7.126E-04  5.843E-04  4.785E-04  3.959E-04  3.181E-04  2.608E-04  2.076E-04  1.659E-04  1.339E-04  1.051E-04  8.202E-05  6.351E-05  4.871E-05  3.697E-05  2.709E-05  1.981E-05  1.439E-05  9.986E-06  6.916E-06  4.481E-06  2.754E-06  1.496E-06  6.326E-07  1.679E-07  1.747E-08  8.368E-10  1.007E-11  1.946E-14  2.713E-18  2.891E-26  0.000E+00  0.000E+00  0.000E+00  0.000E+00  0.000E+00  0.000E+00  0.000E+00  0.000E+00  0.000E+00  0.000E+00  0.000E+00  0.000E+00  0.000E+00  0.000E+00
  354.5000  7.806E-03  7.022E-03  6.345E-03  5.763E-03  5.261E-03  4.642E-03  4.143E-03  3.683E-03  3.234E-03  2.809E-03  2.500E-03  2.133E-03  1.819E-03  1.547E-03  1.310E-03  1.103E-03  9.260E-04  7.752E-04  6.354E-04  5.202E-04  4.303E-04  3.456E-04  2.834E-04  2.254E-04  1.801E-04  1.454E-04  1.141E-04  8.906E-05  6.896E-05  5.291E-05  4.016E-05  2.944E-05  2.154E-05  1.564E-05  1.087E-05  7.533E-06  4.889E-06  3.014E-06  1.646E-06  7.019E-07  1.887E-07  2.004E-08  9.866E-10  1.239E-11  2.553E-14  3.902E-18  4.804E-26  0.000E+00  0.000E+00  0.000E+00  0.000E+00  0.000E+00  0.000E+00  0.000E+00  0.000E+00  0.000E+00  0.000E+00  0.000E+00  0.000E+00  0.000E+00  0.000E+00
  355.5000  7.300E-03  6.567E-03  5.934E-03  5.389E-03  4.919E-03  4.340E-03  3.873E-03  3.442E-03  3.023E-03  2.625E-03  2.336E-03  1.993E-03  1.699E-03  1.445E-03  1.223E-03  1.030E-03  8.644E-04  7.235E-04  5.929E-04  4.853E-04  4.014E-04  3.223E-04  2.642E-04  2.101E-04  1.679E-04  1.355E-04  1.064E-04  8.299E-05  6.427E-05  4.931E-05  3.744E-05  2.745E-05  2.008E-05  1.459E-05  1.014E-05  7.032E-06  4.568E-06  2.821E-06  1.546E-06  6.631E-07  1.801E-07  1.949E-08  9.862E-10  1.293E-11  2.843E-14  4.763E-18  6.769E-26  0.000E+00  0.000E+00  0.000E+00  0.000E+00  0.000E+00  0.000E+00  0.000E+00  0.000E+00  0.000E+00  0.000E+00  0.000E+00  0.000E+00  0.000E+00  0.000E+00
  356.5000  6.773E-03  6.092E-03  5.504E-03  4.998E-03  4.562E-03  4.025E-03  3.591E-03  3.191E-03  2.802E-03  2.433E-03  2.164E-03  1.847E-03  1.574E-03  1.338E-03  1.133E-03  9.540E-04  8.002E-04  6.697E-04  5.487E-04  4.490E-04  3.713E-04  2.981E-04  2.443E-04  1.943E-04  1.552E-04  1.253E-04  9.831E-05  7.671E-05  5.941E-05  4.558E-05  3.461E-05  2.538E-05  1.857E-05  1.350E-05  9.381E-06  6.509E-06  4.232E-06  2.618E-06  1.438E-06  6.203E-07  1.702E-07  1.875E-08  9.748E-10  1.334E-11  3.126E-14  5.737E-18  9.394E-26  0.000E+00  0.000E+00  0.000E+00  0.000E+00  0.000E+00  0.000E+00  0.000E+00  0.000E+00  0.000E+00  0.000E+00  0.000E+00  0.000E+00  0.000E+00  0.000E+00
  357.5000  5.753E-03  5.174E-03  4.675E-03  4.244E-03  3.874E-03  3.417E-03  3.048E-03  2.709E-03  2.378E-03  2.064E-03  1.836E-03  1.566E-03  1.335E-03  1.135E-03  9.603E-04  8.086E-04  6.782E-04  5.674E-04  4.648E-04  3.803E-04  3.144E-04  2.524E-04  2.068E-04  1.644E-04  1.313E-04  1.060E-04  8.318E-05  6.491E-05  5.027E-05  3.857E-05  2.929E-05  2.148E-05  1.572E-05  1.143E-05  7.945E-06  5.515E-06  3.588E-06  2.223E-06  1.224E-06  5.305E-07  1.469E-07  1.647E-08  8.797E-10  1.256E-11  3.136E-14  6.295E-18  1.186E-25  0.000E+00  0.000E+00  0.000E+00  0.000E+00  0.000E+00  0.000E+00  0.000E+00  0.000E+00  0.000E+00  0.000E+00  0.000E+00  0.000E+00  0.000E+00  0.000E+00
  358.5000  4.454E-03  4.005E-03  3.619E-03  3.286E-03  2.998E-03  2.645E-03  2.359E-03  2.096E-03  1.840E-03  1.597E-03  1.421E-03  1.212E-03  1.033E-03  8.780E-04  7.427E-04  6.253E-04  5.243E-04  4.386E-04  3.592E-04  2.938E-04  2.429E-04  1.949E-04  1.597E-04  1.269E-04  1.014E-04  8.181E-05  6.419E-05  5.008E-05  3.879E-05  2.977E-05  2.261E-05  1.659E-05  1.214E-05  8.828E-06  6.140E-06  4.265E-06  2.778E-06  1.725E-06  9.537E-07  4.161E-07  1.165E-07  1.330E-08  7.295E-10  1.085E-11  2.880E-14  6.310E-18  1.363E-25  0.000E+00  0.000E+00  0.000E+00  0.000E+00  0.000E+00  0.000E+00  0.000E+00  0.000E+00  0.000E+00  0.000E+00  0.000E+00  0.000E+00  0.000E+00  0.000E+00
  359.5000  7.497E-03  6.742E-03  6.090E-03  5.529E-03  5.045E-03  4.450E-03  3.969E-03  3.526E-03  3.095E-03  2.686E-03  2.389E-03  2.037E-03  1.736E-03  1.476E-03  1.248E-03  1.051E-03  8.808E-04  7.366E-04  6.032E-04  4.933E-04  4.076E-04  3.270E-04  2.679E-04  2.129E-04  1.700E-04  1.372E-04  1.076E-04  8.399E-05  6.505E-05  4.993E-05  3.793E-05  2.783E-05  2.037E-05  1.482E-05  1.031E-05  7.163E-06  4.670E-06  2.904E-06  1.610E-06  7.062E-07  1.996E-07  2.319E-08  1.306E-09  2.024E-11  5.708E-14  1.364E-17  3.377E-25  0.000E+00  0.000E+00  0.000E+00  0.000E+00  0.000E+00  0.000E+00  0.000E+00  0.000E+00  0.000E+00  0.000E+00  0.000E+00  0.000E+00  0.000E+00  0.000E+00
  360.5000  6.953E-03  6.252E-03  5.647E-03  5.127E-03  4.678E-03  4.125E-03  3.679E-03  3.268E-03  2.868E-03  2.489E-03  2.214E-03  1.887E-03  1.608E-03  1.366E-03  1.156E-03  9.726E-04  8.152E-04  6.817E-04  5.581E-04  4.563E-04  3.770E-04  3.024E-04  2.476E-04  1.968E-04  1.571E-04  1.268E-04  9.946E-05  7.761E-05  6.011E-05  4.614E-05  3.506E-05  2.572E-05  1.884E-05  1.370E-05  9.535E-06  6.629E-06  4.326E-06  2.694E-06  1.498E-06  6.606E-07  1.885E-07  2.229E-08  1.287E-09  2.077E-11  6.222E-14  1.620E-17  4.586E-25  0.000E+00  0.000E+00  0.000E+00  0.000E+00  0.000E+00  0.000E+00  0.000E+00  0.000E+00  0.000E+00  0.000E+00  0.000E+00  0.000E+00  0.000E+00  0.000E+00
  361.5000  6.282E-03  5.649E-03  5.102E-03  4.632E-03  4.226E-03  3.727E-03  3.323E-03  2.952E-03  2.591E-03  2.248E-03  1.999E-03  1.704E-03  1.452E-03  1.233E-03  1.043E-03  8.776E-04  7.355E-04  6.148E-04  5.033E-04  4.114E-04  3.398E-04  2.725E-04  2.231E-04  1.773E-04  1.415E-04  1.142E-04  8.956E-05  6.988E-05  5.413E-05  4.155E-05  3.158E-05  2.318E-05  1.697E-05  1.235E-05  8.598E-06  5.981E-06  3.907E-06  2.438E-06  1.360E-06  6.035E-07  1.740E-07  2.093E-08  1.240E-09  2.081E-11  6.611E-14  1.872E-17  6.048E-25  0.000E+00  0.000E+00  0.000E+00  0.000E+00  0.000E+00  0.000E+00  0.000E+00  0.000E+00  0.000E+00  0.000E+00  0.000E+00  0.000E+00  0.000E+00  0.000E+00
  362.5000  7.387E-03  6.643E-03  5.999E-03  5.446E-03  4.968E-03  4.381E-03  3.906E-03  3.470E-03  3.044E-03  2.642E-03  2.349E-03  2.002E-03  1.706E-03  1.449E-03  1.225E-03  1.030E-03  8.633E-04  7.216E-04  5.905E-04  4.826E-04  3.985E-04  3.195E-04  2.616E-04  2.078E-04  1.659E-04  1.338E-04  1.049E-04  8.188E-05  6.343E-05  4.870E-05  3.701E-05  2.717E-05  1.990E-05  1.448E-05  1.009E-05  7.020E-06  4.591E-06  2.870E-06  1.606E-06  7.164E-07  2.086E-07  2.552E-08  1.550E-09  2.705E-11  9.107E-14  2.802E-17  1.031E-24  0.000E+00  0.000E+00  0.000E+00  0.000E+00  0.000E+00  0.000E+00  0.000E+00  0.000E+00  0.000E+00  0.000E+00  0.000E+00  0.000E+00  0.000E+00  0.000E+00
  363.5000  6.575E-03  5.913E-03  5.340E-03  4.846E-03  4.421E-03  3.898E-03  3.475E-03  3.087E-03  2.708E-03  2.350E-03  2.089E-03  1.780E-03  1.516E-03  1.287E-03  1.088E-03  9.155E-04  7.670E-04  6.409E-04  5.244E-04  4.284E-04  3.538E-04  2.835E-04  2.321E-04  1.843E-04  1.471E-04  1.187E-04  9.307E-05  7.262E-05  5.625E-05  4.319E-05  3.283E-05  2.410E-05  1.766E-05  1.285E-05  8.955E-06  6.235E-06  4.081E-06  2.555E-06  1.434E-06  6.429E-07  1.889E-07  2.350E-08  1.463E-09  2.654E-11  9.464E-14  3.161E-17  1.323E-24  0.000E+00  0.000E+00  0.000E+00  0.000E+00  0.000E+00  0.000E+00  0.000E+00  0.000E+00  0.000E+00  0.000E+00  0.000E+00  0.000E+00  0.000E+00  0.000E+00
  364.5000  7.171E-03  6.447E-03  5.822E-03  5.283E-03  4.819E-03  4.248E-03  3.787E-03  3.364E-03  2.950E-03  2.559E-03  2.275E-03  1.939E-03  1.651E-03  1.402E-03  1.185E-03  9.964E-04  8.346E-04  6.973E-04  5.704E-04  4.659E-04  3.846E-04  3.082E-04  2.523E-04  2.003E-04  1.598E-04  1.289E-04  1.011E-04  7.888E-05  6.111E-05  4.692E-05  3.567E-05  2.619E-05  1.919E-05  1.397E-05  9.737E-06  6.782E-06  4.442E-06  2.785E-06  1.566E-06  7.056E-07  2.091E-07  2.644E-08  1.686E-09  3.179E-11  1.200E-13  4.348E-17  2.067E-24  0.000E+00  0.000E+00  0.000E+00  0.000E+00  0.000E+00  0.000E+00  0.000E+00  0.000E+00  0.000E+00  0.000E+00  0.000E+00  0.000E+00  0.000E+00  0.000E+00
  365.5000  8.731E-03  7.848E-03  7.087E-03  6.431E-03  5.865E-03  5.170E-03  4.608E-03  4.092E-03  3.589E-03  3.113E-03  2.767E-03  2.357E-03  2.007E-03  1.704E-03  1.440E-03  1.211E-03  1.014E-03  8.469E-04  6.926E-04  5.656E-04  4.669E-04  3.740E-04  3.061E-04  2.430E-04  1.939E-04  1.564E-04  1.226E-04  9.567E-05  7.411E-05  5.691E-05  4.327E-05  3.178E-05  2.329E-05  1.696E-05  1.182E-05  8.234E-06  5.396E-06  3.387E-06  1.909E-06  8.639E-07  2.582E-07  3.316E-08  2.167E-09  4.242E-11  1.694E-13  6.650E-17  3.585E-24  0.000E+00  0.000E+00  0.000E+00  0.000E+00  0.000E+00  0.000E+00  0.000E+00  0.000E+00  0.000E+00  0.000E+00  0.000E+00  0.000E+00  0.000E+00  0.000E+00
  366.5000  9.251E-03  8.317E-03  7.509E-03  6.813E-03  6.214E-03  5.476E-03  4.881E-03  4.334E-03  3.800E-03  3.296E-03  2.929E-03  2.495E-03  2.125E-03  1.803E-03  1.523E-03  1.281E-03  1.072E-03  8.956E-04  7.323E-04  5.979E-04  4.934E-04  3.952E-04  3.233E-04  2.567E-04  2.047E-04  1.651E-04  1.295E-04  1.010E-04  7.825E-05  6.009E-05  4.569E-05  3.356E-05  2.460E-05  1.792E-05  1.249E-05  8.707E-06  5.712E-06  3.591E-06  2.030E-06  9.231E-07  2.784E-07  3.633E-08  2.431E-09  4.939E-11  2.084E-13  8.849E-17  5.399E-24  0.000E+00  0.000E+00  0.000E+00  0.000E+00  0.000E+00  0.000E+00  0.000E+00  0.000E+00  0.000E+00  0.000E+00  0.000E+00  0.000E+00  0.000E+00  0.000E+00
  367.5000  8.795E-03  7.907E-03  7.138E-03  6.476E-03  5.906E-03  5.205E-03  4.638E-03  4.118E-03  3.611E-03  3.131E-03  2.782E-03  2.370E-03  2.017E-03  1.713E-03  1.447E-03  1.216E-03  1.018E-03  8.498E-04  6.947E-04  5.670E-04  4.678E-04  3.747E-04  3.065E-04  2.432E-04  1.940E-04  1.564E-04  1.226E-04  9.568E-05  7.413E-05  5.693E-05  4.329E-05  3.181E-05  2.332E-05  1.698E-05  1.185E-05  8.261E-06  5.424E-06  3.415E-06  1.936E-06  8.849E-07  2.693E-07  3.570E-08  2.446E-09  5.152E-11  2.296E-13  1.053E-16  7.259E-24  0.000E+00  0.000E+00  0.000E+00  0.000E+00  0.000E+00  0.000E+00  0.000E+00  0.000E+00  0.000E+00  0.000E+00  0.000E+00  0.000E+00  0.000E+00  0.000E+00
  368.5000  7.728E-03  6.947E-03  6.271E-03  5.689E-03  5.187E-03  4.571E-03  4.073E-03  3.616E-03  3.170E-03  2.749E-03  2.442E-03  2.080E-03  1.770E-03  1.503E-03  1.269E-03  1.066E-03  8.923E-04  7.450E-04  6.088E-04  4.969E-04  4.099E-04  3.282E-04  2.684E-04  2.130E-04  1.698E-04  1.369E-04  1.073E-04  8.374E-05  6.488E-05  4.983E-05  3.790E-05  2.785E-05  2.042E-05  1.488E-05  1.038E-05  7.240E-06  4.757E-06  2.999E-06  1.704E-06  7.825E-07  2.401E-07  3.233E-08  2.266E-09  4.950E-11  2.328E-13  1.153E-16  8.965E-24  0.000E+00  0.000E+00  0.000E+00  0.000E+00  0.000E+00  0.000E+00  0.000E+00  0.000E+00  0.000E+00  0.000E+00  0.000E+00  0.000E+00  0.000E+00  0.000E+00
  369.5000  9.272E-03  8.335E-03  7.523E-03  6.824E-03  6.222E-03  5.482E-03  4.884E-03  4.336E-03  3.801E-03  3.295E-03  2.927E-03  2.492E-03  2.121E-03  1.800E-03  1.520E-03  1.277E-03  1.068E-03  8.918E-04  7.287E-04  5.946E-04  4.903E-04  3.925E-04  3.210E-04  2.547E-04  2.030E-04  1.637E-04  1.283E-04  1.001E-04  7.755E-05  5.957E-05  4.531E-05  3.330E-05  2.442E-05  1.779E-05  1.242E-05  8.665E-06  5.697E-06  3.597E-06  2.048E-06  9.449E-07  2.924E-07  3.997E-08  2.867E-09  6.488E-11  3.217E-13  1.718E-16  1.505E-23  0.000E+00  0.000E+00  0.000E+00  0.000E+00  0.000E+00  0.000E+00  0.000E+00  0.000E+00  0.000E+00  0.000E+00  0.000E+00  0.000E+00  0.000E+00  0.000E+00
  370.5000  8.414E-03  7.562E-03  6.825E-03  6.191E-03  5.644E-03  4.972E-03  4.429E-03  3.932E-03  3.446E-03  2.987E-03  2.653E-03  2.259E-03  1.922E-03  1.631E-03  1.377E-03  1.156E-03  9.675E-04  8.074E-04  6.596E-04  5.380E-04  4.437E-04  3.551E-04  2.903E-04  2.303E-04  1.836E-04  1.480E-04  1.160E-04  9.048E-05  7.010E-05  5.385E-05  4.096E-05  3.011E-05  2.208E-05  1.609E-05  1.123E-05  7.842E-06  5.160E-06  3.262E-06  1.862E-06  8.626E-07  2.691E-07  3.735E-08  2.739E-09  6.421E-11  3.355E-13  1.930E-16  1.902E-23  0.000E+00  0.000E+00  0.000E+00  0.000E+00  0.000E+00  0.000E+00  0.000E+00  0.000E+00  0.000E+00  0.000E+00  0.000E+00  0.000E+00  0.000E+00  0.000E+00
  371.5000  9.631E-03  8.656E-03  7.812E-03  7.085E-03  6.459E-03  5.689E-03  5.068E-03  4.498E-03  3.941E-03  3.416E-03  3.034E-03  2.583E-03  2.197E-03  1.864E-03  1.573E-03  1.321E-03  1.105E-03  9.222E-04  7.532E-04  6.143E-04  5.064E-04  4.052E-04  3.312E-04  2.627E-04  2.094E-04  1.688E-04  1.323E-04  1.032E-04  7.994E-05  6.141E-05  4.672E-05  3.434E-05  2.519E-05  1.836E-05  1.282E-05  8.954E-06  5.895E-06  3.732E-06  2.135E-06  9.936E-07  3.125E-07  4.402E-08  3.301E-09  8.011E-11  4.407E-13  2.728E-16  3.020E-23  0.000E+00  0.000E+00  0.000E+00  0.000E+00  0.000E+00  0.000E+00  0.000E+00  0.000E+00  0.000E+00  0.000E+00  0.000E+00  0.000E+00  0.000E+00  0.000E+00
  372.5000  7.118E-03  6.397E-03  5.773E-03  5.235E-03  4.772E-03  4.203E-03  3.743E-03  3.322E-03  2.911E-03  2.522E-03  2.240E-03  1.907E-03  1.622E-03  1.375E-03  1.161E-03  9.747E-04  8.151E-04  6.800E-04  5.553E-04  4.527E-04  3.732E-04  2.985E-04  2.440E-04  1.935E-04  1.542E-04  1.243E-04  9.737E-05  7.595E-05  5.885E-05  4.521E-05  3.440E-05  2.529E-05  1.855E-05  1.353E-05  9.448E-06  6.600E-06  4.349E-06  2.756E-06  1.581E-06  7.389E-07  2.342E-07  3.349E-08  2.567E-09  6.446E-11  3.731E-13  2.483E-16  3.082E-23  0.000E+00  0.000E+00  0.000E+00  0.000E+00  0.000E+00  0.000E+00  0.000E+00  0.000E+00  0.000E+00  0.000E+00  0.000E+00  0.000E+00  0.000E+00  0.000E+00
  373.5000  6.433E-03  5.781E-03  5.216E-03  4.730E-03  4.311E-03  3.797E-03  3.381E-03  3.000E-03  2.628E-03  2.277E-03  2.022E-03  1.721E-03  1.464E-03  1.241E-03  1.047E-03  8.792E-04  7.351E-04  6.131E-04  5.006E-04  4.081E-04  3.363E-04  2.689E-04  2.198E-04  1.742E-04  1.388E-04  1.119E-04  8.767E-05  6.838E-05  5.298E-05  4.070E-05  3.097E-05  2.278E-05  1.671E-05  1.219E-05  8.512E-06  5.949E-06  3.922E-06  2.489E-06  1.430E-06  6.713E-07  2.144E-07  3.110E-08  2.436E-09  6.327E-11  3.851E-13  2.753E-16  3.828E-23  0.000E+00  0.000E+00  0.000E+00  0.000E+00  0.000E+00  0.000E+00  0.000E+00  0.000E+00  0.000E+00  0.000E+00  0.000E+00  0.000E+00  0.000E+00  0.000E+00
  374.5000  7.060E-03  6.344E-03  5.724E-03  5.190E-03  4.730E-03  4.165E-03  3.709E-03  3.290E-03  2.882E-03  2.497E-03  2.217E-03  1.886E-03  1.604E-03  1.360E-03  1.147E-03  9.631E-04  8.051E-04  6.714E-04  5.480E-04  4.466E-04  3.680E-04  2.942E-04  2.404E-04  1.905E-04  1.518E-04  1.223E-04  9.584E-05  7.475E-05  5.792E-05  4.450E-05  3.386E-05  2.491E-05  1.828E-05  1.333E-05  9.314E-06  6.511E-06  4.295E-06  2.729E-06  1.571E-06  7.405E-07  2.384E-07  3.507E-08  2.806E-09  7.536E-11  4.820E-13  3.697E-16  5.749E-23  0.000E+00  0.000E+00  0.000E+00  0.000E+00  0.000E+00  0.000E+00  0.000E+00  0.000E+00  0.000E+00  0.000E+00  0.000E+00  0.000E+00  0.000E+00  0.000E+00
  375.5000  7.970E-03  7.162E-03  6.461E-03  5.858E-03  5.338E-03  4.700E-03  4.184E-03  3.712E-03  3.251E-03  2.816E-03  2.500E-03  2.127E-03  1.808E-03  1.533E-03  1.293E-03  1.085E-03  9.070E-04  7.562E-04  6.171E-04  5.028E-04  4.142E-04  3.311E-04  2.705E-04  2.144E-04  1.708E-04  1.376E-04  1.078E-04  8.405E-05  6.513E-05  5.004E-05  3.809E-05  2.802E-05  2.056E-05  1.500E-05  1.048E-05  7.330E-06  4.839E-06  3.078E-06  1.776E-06  8.407E-07  2.727E-07  4.069E-08  3.325E-09  9.228E-11  6.197E-13  5.096E-16  8.848E-23  0.000E+00  0.000E+00  0.000E+00  0.000E+00  0.000E+00  0.000E+00  0.000E+00  0.000E+00  0.000E+00  0.000E+00  0.000E+00  0.000E+00  0.000E+00  0.000E+00
  376.5000  7.962E-03  7.154E-03  6.454E-03  5.851E-03  5.331E-03  4.693E-03  4.178E-03  3.706E-03  3.246E-03  2.811E-03  2.495E-03  2.123E-03  1.804E-03  1.528E-03  1.289E-03  1.082E-03  9.042E-04  7.537E-04  6.150E-04  5.010E-04  4.126E-04  3.298E-04  2.693E-04  2.134E-04  1.700E-04  1.369E-04  1.073E-04  8.364E-05  6.481E-05  4.980E-05  3.791E-05  2.789E-05  2.047E-05  1.493E-05  1.044E-05  7.303E-06  4.824E-06  3.072E-06  1.777E-06  8.444E-07  2.760E-07  4.176E-08  3.484E-09  9.987E-11  7.038E-13  6.197E-16  1.200E-22  0.000E+00  0.000E+00  0.000E+00  0.000E+00  0.000E+00  0.000E+00  0.000E+00  0.000E+00  0.000E+00  0.000E+00  0.000E+00  0.000E+00  0.000E+00  0.000E+00
  377.5000  9.485E-03  8.522E-03  7.687E-03  6.968E-03  6.348E-03  5.589E-03  4.974E-03  4.412E-03  3.863E-03  3.346E-03  2.969E-03  2.525E-03  2.147E-03  1.818E-03  1.533E-03  1.287E-03  1.075E-03  8.958E-04  7.307E-04  5.951E-04  4.900E-04  3.916E-04  3.197E-04  2.533E-04  2.017E-04  1.625E-04  1.273E-04  9.925E-05  7.690E-05  5.909E-05  4.498E-05  3.310E-05  2.430E-05  1.773E-05  1.240E-05  8.676E-06  5.735E-06  3.656E-06  2.119E-06  1.011E-06  3.329E-07  5.107E-08  4.349E-09  1.287E-10  9.512E-13  8.962E-16  1.933E-22  0.000E+00  0.000E+00  0.000E+00  0.000E+00  0.000E+00  0.000E+00  0.000E+00  0.000E+00  0.000E+00  0.000E+00  0.000E+00  0.000E+00  0.000E+00  0.000E+00
  378.5000  1.034E-02  9.289E-03  8.379E-03  7.594E-03  6.918E-03  6.089E-03  5.420E-03  4.806E-03  4.208E-03  3.643E-03  3.233E-03  2.750E-03  2.337E-03  1.978E-03  1.669E-03  1.400E-03  1.169E-03  9.742E-04  7.946E-04  6.470E-04  5.326E-04  4.255E-04  3.474E-04  2.751E-04  2.191E-04  1.764E-04  1.382E-04  1.078E-04  8.349E-05  6.417E-05  4.885E-05  3.595E-05  2.639E-05  1.926E-05  1.347E-05  9.431E-06  6.237E-06  3.981E-06  2.312E-06  1.107E-06  3.673E-07  5.711E-08  4.963E-09  1.516E-10  1.174E-12  1.182E-15  2.836E-22  0.000E+00  0.000E+00  0.000E+00  0.000E+00  0.000E+00  0.000E+00  0.000E+00  0.000E+00  0.000E+00  0.000E+00  0.000E+00  0.000E+00  0.000E+00  0.000E+00
  379.5000  7.650E-03  6.873E-03  6.199E-03  5.618E-03  5.117E-03  4.504E-03  4.008E-03  3.553E-03  3.111E-03  2.693E-03  2.390E-03  2.032E-03  1.726E-03  1.462E-03  1.232E-03  1.034E-03  8.633E-04  7.192E-04  5.864E-04  4.774E-04  3.929E-04  3.139E-04  2.562E-04  2.029E-04  1.615E-04  1.300E-04  1.018E-04  7.942E-05  6.153E-05  4.729E-05  3.601E-05  2.650E-05  1.946E-05  1.420E-05  9.937E-06  6.958E-06  4.604E-06  2.942E-06  1.712E-06  8.230E-07  2.749E-07  4.332E-08  3.841E-09  1.210E-10  9.819E-13  1.056E-15  2.814E-22  0.000E+00  0.000E+00  0.000E+00  0.000E+00  0.000E+00  0.000E+00  0.000E+00  0.000E+00  0.000E+00  0.000E+00  0.000E+00  0.000E+00  0.000E+00  0.000E+00
  380.5000  9.203E-03  8.267E-03  7.456E-03  6.757E-03  6.154E-03  5.416E-03  4.819E-03  4.272E-03  3.739E-03  3.237E-03  2.872E-03  2.441E-03  2.074E-03  1.756E-03  1.480E-03  1.241E-03  1.036E-03  8.632E-04  7.037E-04  5.727E-04  4.713E-04  3.764E-04  3.071E-04  2.432E-04  1.936E-04  1.559E-04  1.220E-04  9.516E-05  7.373E-05  5.667E-05  4.315E-05  3.176E-05  2.333E-05  1.703E-05  1.192E-05  8.346E-06  5.527E-06  3.535E-06  2.061E-06  9.946E-07  3.346E-07  5.344E-08  4.832E-09  1.570E-10  1.333E-12  1.530E-15  4.523E-22  0.000E+00  0.000E+00  0.000E+00  0.000E+00  0.000E+00  0.000E+00  0.000E+00  0.000E+00  0.000E+00  0.000E+00  0.000E+00  0.000E+00  0.000E+00  0.000E+00
  381.5000  8.651E-03  7.771E-03  7.008E-03  6.350E-03  5.783E-03  5.089E-03  4.527E-03  4.013E-03  3.512E-03  3.040E-03  2.696E-03  2.292E-03  1.947E-03  1.648E-03  1.389E-03  1.164E-03  9.721E-04  8.095E-04  6.598E-04  5.369E-04  4.417E-04  3.527E-04  2.877E-04  2.278E-04  1.813E-04  1.459E-04  1.143E-04  8.909E-05  6.903E-05  5.306E-05  4.040E-05  2.975E-05  2.185E-05  1.595E-05  1.117E-05  7.823E-06  5.183E-06  3.319E-06  1.938E-06  9.391E-07  3.182E-07  5.148E-08  4.746E-09  1.590E-10  1.412E-12  1.728E-15  5.659E-22  0.000E+00  0.000E+00  0.000E+00  0.000E+00  0.000E+00  0.000E+00  0.000E+00  0.000E+00  0.000E+00  0.000E+00  0.000E+00  0.000E+00  0.000E+00  0.000E+00
  382.5000  5.766E-03  5.179E-03  4.670E-03  4.231E-03  3.853E-03  3.390E-03  3.016E-03  2.673E-03  2.339E-03  2.024E-03  1.795E-03  1.526E-03  1.296E-03  1.096E-03  9.240E-04  7.746E-04  6.465E-04  5.383E-04  4.387E-04  3.568E-04  2.935E-04  2.343E-04  1.911E-04  1.513E-04  1.204E-04  9.690E-05  7.586E-05  5.915E-05  4.583E-05  3.523E-05  2.683E-05  1.975E-05  1.451E-05  1.060E-05  7.418E-06  5.199E-06  3.446E-06  2.209E-06  1.293E-06  6.286E-07  2.144E-07  3.515E-08  3.303E-09  1.140E-10  1.059E-12  1.380E-15  5.001E-22  0.000E+00  0.000E+00  0.000E+00  0.000E+00  0.000E+00  0.000E+00  0.000E+00  0.000E+00  0.000E+00  0.000E+00  0.000E+00  0.000E+00  0.000E+00  0.000E+00
  383.5000  5.064E-03  4.549E-03  4.101E-03  3.716E-03  3.383E-03  2.976E-03  2.647E-03  2.346E-03  2.053E-03  1.776E-03  1.575E-03  1.338E-03  1.137E-03  9.615E-04  8.102E-04  6.790E-04  5.667E-04  4.717E-04  3.843E-04  3.126E-04  2.570E-04  2.051E-04  1.673E-04  1.324E-04  1.053E-04  8.478E-05  6.637E-05  5.174E-05  4.009E-05  3.082E-05  2.347E-05  1.728E-05  1.270E-05  9.274E-06  6.494E-06  4.552E-06  3.020E-06  1.938E-06  1.136E-06  5.543E-07  1.904E-07  3.160E-08  3.027E-09  1.076E-10  1.044E-12  1.449E-15  5.802E-22  0.000E+00  0.000E+00  0.000E+00  0.000E+00  0.000E+00  0.000E+00  0.000E+00  0.000E+00  0.000E+00  0.000E+00  0.000E+00  0.000E+00  0.000E+00  0.000E+00
  384.5000  7.602E-03  6.828E-03  6.156E-03  5.576E-03  5.077E-03  4.466E-03  3.972E-03  3.520E-03  3.079E-03  2.664E-03  2.362E-03  2.007E-03  1.704E-03  1.441E-03  1.214E-03  1.017E-03  8.488E-04  7.064E-04  5.754E-04  4.679E-04  3.847E-04  3.070E-04  2.503E-04  1.980E-04  1.576E-04  1.268E-04  9.923E-05  7.736E-05  5.994E-05  4.607E-05  3.509E-05  2.585E-05  1.899E-05  1.387E-05  9.717E-06  6.813E-06  4.522E-06  2.905E-06  1.706E-06  8.355E-07  2.889E-07  4.856E-08  4.739E-09  1.735E-10  1.758E-12  2.594E-15  1.146E-21  0.000E+00  0.000E+00  0.000E+00  0.000E+00  0.000E+00  0.000E+00  0.000E+00  0.000E+00  0.000E+00  0.000E+00  0.000E+00  0.000E+00  0.000E+00  0.000E+00
  385.5000  7.524E-03  6.757E-03  6.092E-03  5.518E-03  5.023E-03  4.418E-03  3.929E-03  3.481E-03  3.045E-03  2.634E-03  2.335E-03  1.984E-03  1.684E-03  1.424E-03  1.199E-03  1.005E-03  8.383E-04  6.975E-04  5.681E-04  4.618E-04  3.796E-04  3.028E-04  2.469E-04  1.953E-04  1.553E-04  1.250E-04  9.782E-05  7.625E-05  5.908E-05  4.542E-05  3.460E-05  2.548E-05  1.873E-05  1.368E-05  9.585E-06  6.723E-06  4.464E-06  2.870E-06  1.689E-06  8.301E-07  2.889E-07  4.918E-08  4.889E-09  1.842E-10  1.948E-12  3.054E-15  1.488E-21  0.000E+00  0.000E+00  0.000E+00  0.000E+00  0.000E+00  0.000E+00  0.000E+00  0.000E+00  0.000E+00  0.000E+00  0.000E+00  0.000E+00  0.000E+00  0.000E+00
  386.5000  7.671E-03  6.889E-03  6.210E-03  5.625E-03  5.120E-03  4.503E-03  4.004E-03  3.547E-03  3.102E-03  2.683E-03  2.378E-03  2.020E-03  1.715E-03  1.450E-03  1.221E-03  1.023E-03  8.529E-04  7.095E-04  5.777E-04  4.696E-04  3.859E-04  3.078E-04  2.509E-04  1.984E-04  1.578E-04  1.269E-04  9.934E-05  7.743E-05  5.999E-05  4.612E-05  3.514E-05  2.589E-05  1.903E-05  1.390E-05  9.741E-06  6.834E-06  4.540E-06  2.922E-06  1.722E-06  8.495E-07  2.976E-07  5.128E-08  5.192E-09  2.013E-10  2.220E-12  3.696E-15  1.983E-21  0.000E+00  0.000E+00  0.000E+00  0.000E+00  0.000E+00  0.000E+00  0.000E+00  0.000E+00  0.000E+00  0.000E+00  0.000E+00  0.000E+00  0.000E+00  0.000E+00
  387.5000  7.131E-03  6.404E-03  5.772E-03  5.227E-03  4.758E-03  4.184E-03  3.720E-03  3.295E-03  2.881E-03  2.492E-03  2.208E-03  1.875E-03  1.592E-03  1.345E-03  1.133E-03  9.488E-04  7.912E-04  6.580E-04  5.357E-04  4.353E-04  3.577E-04  2.852E-04  2.324E-04  1.838E-04  1.461E-04  1.175E-04  9.198E-05  7.169E-05  5.554E-05  4.270E-05  3.253E-05  2.397E-05  1.762E-05  1.288E-05  9.025E-06  6.333E-06  4.210E-06  2.712E-06  1.601E-06  7.924E-07  2.794E-07  4.873E-08  5.024E-09  2.003E-10  2.303E-12  4.068E-15  2.401E-21  0.000E+00  0.000E+00  0.000E+00  0.000E+00  0.000E+00  0.000E+00  0.000E+00  0.000E+00  0.000E+00  0.000E+00  0.000E+00  0.000E+00  0.000E+00  0.000E+00
  388.5000  7.149E-03  6.420E-03  5.786E-03  5.240E-03  4.768E-03  4.193E-03  3.727E-03  3.301E-03  2.886E-03  2.496E-03  2.212E-03  1.878E-03  1.593E-03  1.347E-03  1.134E-03  9.494E-04  7.915E-04  6.582E-04  5.357E-04  4.352E-04  3.575E-04  2.850E-04  2.322E-04  1.836E-04  1.460E-04  1.174E-04  9.185E-05  7.158E-05  5.546E-05  4.264E-05  3.249E-05  2.394E-05  1.760E-05  1.286E-05  9.017E-06  6.330E-06  4.210E-06  2.715E-06  1.605E-06  7.971E-07  2.829E-07  4.993E-08  5.240E-09  2.148E-10  2.573E-12  4.819E-15  3.125E-21  0.000E+00  0.000E+00  0.000E+00  0.000E+00  0.000E+00  0.000E+00  0.000E+00  0.000E+00  0.000E+00  0.000E+00  0.000E+00  0.000E+00  0.000E+00  0.000E+00
  389.5000  9.018E-03  8.098E-03  7.298E-03  6.608E-03  6.013E-03  5.287E-03  4.699E-03  4.161E-03  3.638E-03  3.145E-03  2.787E-03  2.366E-03  2.007E-03  1.696E-03  1.428E-03  1.195E-03  9.963E-04  8.283E-04  6.740E-04  5.474E-04  4.496E-04  3.584E-04  2.919E-04  2.308E-04  1.834E-04  1.475E-04  1.154E-04  8.993E-05  6.967E-05  5.357E-05  4.082E-05  3.008E-05  2.212E-05  1.617E-05  1.134E-05  7.959E-06  5.296E-06  3.418E-06  2.025E-06  1.009E-06  3.603E-07  6.434E-08  6.872E-09  2.895E-10  3.612E-12  7.165E-15  5.100E-21  0.000E+00  0.000E+00  0.000E+00  0.000E+00  0.000E+00  0.000E+00  0.000E+00  0.000E+00  0.000E+00  0.000E+00  0.000E+00  0.000E+00  0.000E+00  0.000E+00
  390.5000  8.861E-03  7.956E-03  7.170E-03  6.491E-03  5.906E-03  5.193E-03  4.615E-03  4.086E-03  3.571E-03  3.087E-03  2.735E-03  2.322E-03  1.969E-03  1.664E-03  1.400E-03  1.172E-03  9.768E-04  8.120E-04  6.606E-04  5.364E-04  4.405E-04  3.510E-04  2.859E-04  2.259E-04  1.796E-04  1.444E-04  1.129E-04  8.800E-05  6.818E-05  5.242E-05  3.994E-05  2.944E-05  2.165E-05  1.583E-05  1.110E-05  7.796E-06  5.190E-06  3.353E-06  1.990E-06  9.945E-07  3.573E-07  6.457E-08  7.018E-09  3.037E-10  3.944E-12  8.282E-15  6.463E-21  0.000E+00  0.000E+00  0.000E+00  0.000E+00  0.000E+00  0.000E+00  0.000E+00  0.000E+00  0.000E+00  0.000E+00  0.000E+00  0.000E+00  0.000E+00  0.000E+00
  391.5000  1.052E-02  9.442E-03  8.508E-03  7.702E-03  7.007E-03  6.160E-03  5.474E-03  4.846E-03  4.235E-03  3.661E-03  3.243E-03  2.752E-03  2.334E-03  1.972E-03  1.659E-03  1.388E-03  1.157E-03  9.614E-04  7.820E-04  6.348E-04  5.212E-04  4.152E-04  3.381E-04  2.672E-04  2.123E-04  1.707E-04  1.335E-04  1.040E-04  8.058E-05  6.196E-05  4.722E-05  3.481E-05  2.560E-05  1.872E-05  1.313E-05  9.224E-06  6.144E-06  3.973E-06  2.361E-06  1.184E-06  4.280E-07  7.825E-08  8.651E-09  3.845E-10  5.194E-12  1.154E-14  9.859E-21  0.000E+00  0.000E+00  0.000E+00  0.000E+00  0.000E+00  0.000E+00  0.000E+00  0.000E+00  0.000E+00  0.000E+00  0.000E+00  0.000E+00  0.000E+00  0.000E+00
  392.5000  7.889E-03  7.082E-03  6.382E-03  5.777E-03  5.255E-03  4.619E-03  4.104E-03  3.633E-03  3.175E-03  2.743E-03  2.430E-03  2.062E-03  1.748E-03  1.477E-03  1.242E-03  1.040E-03  8.660E-04  7.195E-04  5.851E-04  4.749E-04  3.898E-04  3.105E-04  2.528E-04  1.997E-04  1.587E-04  1.275E-04  9.973E-05  7.771E-05  6.020E-05  4.629E-05  3.528E-05  2.601E-05  1.913E-05  1.399E-05  9.816E-06  6.897E-06  4.596E-06  2.975E-06  1.771E-06  8.907E-07  3.240E-07  5.991E-08  6.736E-09  3.074E-10  4.317E-12  1.014E-14  9.477E-21  0.000E+00  0.000E+00  0.000E+00  0.000E+00  0.000E+00  0.000E+00  0.000E+00  0.000E+00  0.000E+00  0.000E+00  0.000E+00  0.000E+00  0.000E+00  0.000E+00
  393.5000  3.431E-03  3.080E-03  2.775E-03  2.512E-03  2.285E-03  2.008E-03  1.784E-03  1.579E-03  1.379E-03  1.192E-03  1.056E-03  8.955E-04  7.592E-04  6.413E-04  5.394E-04  4.512E-04  3.758E-04  3.122E-04  2.538E-04  2.059E-04  1.690E-04  1.346E-04  1.095E-04  8.652E-05  6.874E-05  5.524E-05  4.320E-05  3.365E-05  2.607E-05  2.005E-05  1.528E-05  1.127E-05  8.288E-06  6.061E-06  4.254E-06  2.990E-06  1.993E-06  1.291E-06  7.698E-07  3.884E-07  1.421E-07  2.658E-08  3.039E-09  1.423E-10  2.078E-12  5.152E-15  5.264E-21  0.000E+00  0.000E+00  0.000E+00  0.000E+00  0.000E+00  0.000E+00  0.000E+00  0.000E+00  0.000E+00  0.000E+00  0.000E+00  0.000E+00  0.000E+00  0.000E+00
  394.5000  8.075E-03  7.249E-03  6.531E-03  5.911E-03  5.376E-03  4.724E-03  4.196E-03  3.714E-03  3.244E-03  2.803E-03  2.482E-03  2.105E-03  1.784E-03  1.507E-03  1.267E-03  1.060E-03  8.826E-04  7.330E-04  5.958E-04  4.834E-04  3.966E-04  3.158E-04  2.569E-04  2.029E-04  1.612E-04  1.295E-04  1.013E-04  7.889E-05  6.111E-05  4.699E-05  3.582E-05  2.641E-05  1.943E-05  1.421E-05  9.977E-06  7.014E-06  4.679E-06  3.033E-06  1.811E-06  9.166E-07  3.373E-07  6.379E-08  7.415E-09  3.563E-10  5.403E-12  1.414E-14  1.577E-20  0.000E+00  0.000E+00  0.000E+00  0.000E+00  0.000E+00  0.000E+00  0.000E+00  0.000E+00  0.000E+00  0.000E+00  0.000E+00  0.000E+00  0.000E+00  0.000E+00
  395.5000  1.039E-02  9.329E-03  8.404E-03  7.605E-03  6.916E-03  6.078E-03  5.398E-03  4.777E-03  4.172E-03  3.604E-03  3.190E-03  2.706E-03  2.293E-03  1.937E-03  1.628E-03  1.361E-03  1.133E-03  9.412E-04  7.649E-04  6.204E-04  5.089E-04  4.051E-04  3.296E-04  2.602E-04  2.066E-04  1.660E-04  1.298E-04  1.011E-04  7.832E-05  6.023E-05  4.591E-05  3.386E-05  2.491E-05  1.823E-05  1.280E-05  8.998E-06  6.004E-06  3.896E-06  2.330E-06  1.183E-06  4.378E-07  8.370E-08  9.890E-09  4.875E-10  7.674E-12  2.119E-14  2.577E-20  0.000E+00  0.000E+00  0.000E+00  0.000E+00  0.000E+00  0.000E+00  0.000E+00  0.000E+00  0.000E+00  0.000E+00  0.000E+00  0.000E+00  0.000E+00  0.000E+00
  396.5000  6.104E-03  5.480E-03  4.936E-03  4.467E-03  4.061E-03  3.569E-03  3.169E-03  2.804E-03  2.449E-03  2.115E-03  1.872E-03  1.587E-03  1.345E-03  1.136E-03  9.547E-04  7.982E-04  6.644E-04  5.515E-04  4.482E-04  3.634E-04  2.980E-04  2.372E-04  1.929E-04  1.523E-04  1.209E-04  9.714E-05  7.593E-05  5.915E-05  4.582E-05  3.523E-05  2.686E-05  1.981E-05  1.458E-05  1.067E-05  7.490E-06  5.268E-06  3.517E-06  2.284E-06  1.368E-06  6.965E-07  2.593E-07  5.012E-08  6.018E-09  3.042E-10  4.969E-12  1.446E-14  1.916E-20  0.000E+00  0.000E+00  0.000E+00  0.000E+00  0.000E+00  0.000E+00  0.000E+00  0.000E+00  0.000E+00  0.000E+00  0.000E+00  0.000E+00  0.000E+00  0.000E+00
  397.5000  7.047E-03  6.325E-03  5.698E-03  5.155E-03  4.687E-03  4.118E-03  3.657E-03  3.235E-03  2.825E-03  2.439E-03  2.159E-03  1.830E-03  1.551E-03  1.309E-03  1.100E-03  9.196E-04  7.653E-04  6.352E-04  5.160E-04  4.183E-04  3.430E-04  2.729E-04  2.220E-04  1.752E-04  1.391E-04  1.117E-04  8.730E-05  6.800E-05  5.267E-05  4.050E-05  3.088E-05  2.278E-05  1.677E-05  1.227E-05  8.617E-06  6.062E-06  4.049E-06  2.632E-06  1.578E-06  8.061E-07  3.018E-07  5.897E-08  7.194E-09  3.727E-10  6.315E-12  1.936E-14  2.792E-20  0.000E+00  0.000E+00  0.000E+00  0.000E+00  0.000E+00  0.000E+00  0.000E+00  0.000E+00  0.000E+00  0.000E+00  0.000E+00  0.000E+00  0.000E+00  0.000E+00
  398.5000  1.211E-02  1.087E-02  9.793E-03  8.860E-03  8.055E-03  7.077E-03  6.283E-03  5.558E-03  4.852E-03  4.189E-03  3.707E-03  3.143E-03  2.662E-03  2.247E-03  1.888E-03  1.578E-03  1.313E-03  1.089E-03  8.848E-04  7.171E-04  5.879E-04  4.676E-04  3.802E-04  3.000E-04  2.382E-04  1.912E-04  1.495E-04  1.164E-04  9.016E-05  6.934E-05  5.286E-05  3.901E-05  2.871E-05  2.101E-05  1.476E-05  1.039E-05  6.940E-06  4.515E-06  2.712E-06  1.389E-06  5.230E-07  1.033E-07  1.280E-08  6.794E-10  1.194E-11  3.851E-14  6.041E-20  0.000E+00  0.000E+00  0.000E+00  0.000E+00  0.000E+00  0.000E+00  0.000E+00  0.000E+00  0.000E+00  0.000E+00  0.000E+00  0.000E+00  0.000E+00  0.000E+00
  399.5000  1.260E-02  1.131E-02  1.019E-02  9.217E-03  8.378E-03  7.360E-03  6.534E-03  5.779E-03  5.045E-03  4.355E-03  3.853E-03  3.266E-03  2.766E-03  2.334E-03  1.961E-03  1.638E-03  1.363E-03  1.131E-03  9.182E-04  7.441E-04  6.098E-04  4.850E-04  3.943E-04  3.110E-04  2.468E-04  1.982E-04  1.549E-04  1.206E-04  9.342E-05  7.184E-05  5.478E-05  4.042E-05  2.975E-05  2.178E-05  1.530E-05  1.077E-05  7.200E-06  4.687E-06  2.820E-06  1.448E-06  5.483E-07  1.094E-07  1.377E-08  7.490E-10  1.364E-11  4.629E-14  7.886E-20  0.000E+00  0.000E+00  0.000E+00  0.000E+00  0.000E+00  0.000E+00  0.000E+00  0.000E+00  0.000E+00  0.000E+00  0.000E+00  0.000E+00  0.000E+00  0.000E+00
------------------------------------------------------------
Dose rates,W m-2
   1 = UV index (WMO, 1994; Webb et al., 2011)           
   2 = Previtamin-D3 (CIE 2006)                          
values at z =      0.025 km
Columns: time,sza,weighting spectra
time,hrs.  sza,deg.          1          2
   18.0000     90.152  1.965E-02  3.899E-04
   18.0167     90.337  1.775E-02  3.564E-04
   18.0333     90.522  1.610E-02  3.272E-04
   18.0500     90.708  1.467E-02  3.019E-04
   18.0667     90.894  1.344E-02  2.800E-04
   18.0833     91.080  1.195E-02  2.526E-04
   18.1000     91.266  1.073E-02  2.303E-04
   18.1167     91.452  9.608E-03  2.093E-04
   18.1333     91.639  8.516E-03  1.886E-04
   18.1500     91.826  7.474E-03  1.684E-04
   18.1667     92.013  6.708E-03  1.535E-04
   18.1833     92.201  5.800E-03  1.352E-04
   18.2000     92.388  5.012E-03  1.188E-04
   18.2167     92.576  4.324E-03  1.044E-04
   18.2333     92.764  3.713E-03  9.114E-05
   18.2500     92.953  3.174E-03  7.915E-05
   18.2667     93.141  2.702E-03  6.837E-05
   18.2833     93.330  2.293E-03  5.878E-05
   18.3000     93.519  1.903E-03  4.926E-05
   18.3167     93.708  1.578E-03  4.125E-05
   18.3333     93.897  1.318E-03  3.466E-05
   18.3500     94.087  1.065E-03  2.808E-05
   18.3667     94.276  8.769E-04  2.315E-05
   18.3833     94.466  6.976E-04  1.833E-05
   18.4000     94.656  5.548E-04  1.446E-05
   18.4167     94.847  4.435E-04  1.142E-05
   18.4333     95.037  3.453E-04  8.805E-06
   18.4500     95.228  2.648E-04  6.620E-06
   18.4667     95.419  2.003E-04  4.863E-06
   18.4833     95.610  1.486E-04  3.446E-06
   18.5000     95.801  1.069E-04  2.279E-06
   18.5167     95.993  7.292E-05  1.346E-06
   18.5333     96.184  4.888E-05  7.258E-07
   18.5500     96.376  3.205E-05  3.435E-07
   18.5667     96.568  1.982E-05  1.314E-07
   18.5833     96.761  1.242E-05  4.891E-08
   18.6000     96.953  7.311E-06  1.597E-08
   18.6167     97.145  4.128E-06  4.838E-09
   18.6333     97.338  2.084E-06  1.220E-09
   18.6500     97.531  8.417E-07  2.342E-10
   18.6667     97.724  2.267E-07  2.864E-11
   18.6833     97.918  2.759E-08  1.313E-12
   18.7000     98.111  1.990E-09  2.558E-14
   18.7167     98.305  6.008E-11  7.669E-17
   18.7333     98.499  6.434E-13  1.964E-20
   18.7500     98.693  1.405E-15  1.473E-25
   18.7667     98.887  1.591E-21  1.749E-35
   18.7833     99.081  0.000E+00  0.000E+00
   18.8000     99.276  0.000E+00  0.000E+00
   18.8167     99.471  0.000E+00  0.000E+00
   18.8333     99.665  0.000E+00  0.000E+00
   18.8500     99.861  0.000E+00  0.000E+00
   18.8667    100.056  0.000E+00  0.000E+00
   18.8833    100.251  0.000E+00  0.000E+00
   18.9000    100.447  0.000E+00  0.000E+00
   18.9167    100.642  0.000E+00  0.000E+00
   18.9333    100.838  0.000E+00  0.000E+00
   18.9500    101.034  0.000E+00  0.000E+00
   18.9667    101.230  0.000E+00  0.000E+00
   18.9833    101.427  0.000E+00  0.000E+00
   19.0000    101.623  0.000E+00  0.000E+00
------------------------------------------------------------
