Spectral Irradiance,W m-2 nm-1
values at z =      0.025 km
Columns: wavelength (nm),times (hrs.) or sza (deg.)
    wc,nm     18.000     18.017     18.033     18.050     18.067     18.083     18.100     18.117     18.133     18.150     18.167     18.183     18.200     18.217     18.233     18.250     18.267     18.283     18.300     18.317     18.333     18.350     18.367     18.383     18.400     18.417     18.433     18.450     18.467     18.483     18.500     18.517     18.533     18.550     18.567     18.583     18.600     18.617     18.633     18.650     18.667     18.683     18.700     18.717     18.733     18.750     18.767     18.783     18.800     18.817     18.833     18.850     18.867     18.883     18.900     18.917     18.933     18.950     18.967     18.983     19.000
    sza =      90.087     90.274     90.461     90.649     90.837     91.025     91.214     91.402     91.591     91.780     91.970     92.159     92.349     92.539     92.729     92.919     93.110     93.300     93.491     93.682     93.874     94.065     94.257     94.449     94.641     94.833     95.026     95.218     95.411     95.604     95.797     95.991     96.184     96.378     96.572     96.766     96.960     97.155     97.349     97.544     97.739     97.934     98.129     98.325     98.521     98.716     98.912     99.108     99.305     99.501     99.698     99.894    100.091    100.288    100.486    100.683    100.880    101.078    101.276    101.474    101.672
  280.5000  3.080E-26  2.854E-26  2.656E-26  2.481E-26  2.327E-26  2.155E-26  1.957E-26  1.823E-26  1.624E-26  1.466E-26  1.326E-26  1.167E-26  1.025E-26  8.948E-27  7.748E-27  6.643E-27  5.643E-27  4.759E-27  3.983E-27  3.147E-27  2.499E-27  1.868E-27  1.373E-27  9.042E-28  5.386E-28  2.850E-28  1.050E-28  2.311E-29  1.927E-30  2.949E-32  3.418E-35  8.705E-41  0.000E+00  0.000E+00  0.000E+00  0.000E+00  0.000E+00  0.000E+00  0.000E+00  0.000E+00  0.000E+00  0.000E+00  0.000E+00  0.000E+00  0.000E+00  0.000E+00  0.000E+00  0.000E+00  0.000E+00  0.000E+00  0.000E+00  0.000E+00  0.000E+00  0.000E+00  0.000E+00  0.000E+00  0.000E+00  0.000E+00  0.000E+00  0.000E+00  0.000E+00
  281.5000  5.851E-24  5.422E-24  5.047E-24  4.716E-24  4.425E-24  4.099E-24  3.724E-24  3.471E-24  3.092E-24  2.793E-24  2.525E-24  2.224E-24  1.954E-24  1.706E-24  1.478E-24  1.268E-24  1.078E-24  9.097E-25  7.624E-25  6.044E-25  4.826E-25  3.641E-25  2.710E-25  1.823E-25  1.122E-25  6.212E-26  2.474E-26  6.187E-27  6.390E-28  1.415E-29  2.973E-32  2.387E-37  7.006E-45  0.000E+00  0.000E+00  0.000E+00  0.000E+00  0.000E+00  0.000E+00  0.000E+00  0.000E+00  0.000E+00  0.000E+00  0.000E+00  0.000E+00  0.000E+00  0.000E+00  0.000E+00  0.000E+00  0.000E+00  0.000E+00  0.000E+00  0.000E+00  0.000E+00  0.000E+00  0.000E+00  0.000E+00  0.000E+00  0.000E+00  0.000E+00  0.000E+00
  282.5000  3.633E-22  3.368E-22  3.136E-22  2.931E-22  2.751E-22  2.549E-22  2.317E-22  2.159E-22  1.925E-22  1.739E-22  1.573E-22  1.386E-22  1.217E-22  1.064E-22  9.217E-23  7.910E-23  6.729E-23  5.683E-23  4.768E-23  3.791E-23  3.040E-23  2.311E-23  1.738E-23  1.191E-23  7.536E-24  4.340E-24  1.851E-24  5.177E-25  6.463E-26  1.985E-27  7.063E-30  1.552E-34  2.192E-41  0.000E+00  0.000E+00  0.000E+00  0.000E+00  0.000E+00  0.000E+00  0.000E+00  0.000E+00  0.000E+00  0.000E+00  0.000E+00  0.000E+00  0.000E+00  0.000E+00  0.000E+00  0.000E+00  0.000E+00  0.000E+00  0.000E+00  0.000E+00  0.000E+00  0.000E+00  0.000E+00  0.000E+00  0.000E+00  0.000E+00  0.000E+00  0.000E+00
  283.5000  4.789E-21  4.441E-21  4.135E-21  3.867E-21  3.629E-21  3.364E-21  3.058E-21  2.851E-21  2.541E-21  2.297E-21  2.078E-21  1.831E-21  1.609E-21  1.406E-21  1.219E-21  1.046E-21  8.904E-22  7.525E-22  6.318E-22  5.032E-22  4.046E-22  3.091E-22  2.340E-22  1.622E-22  1.045E-22  6.172E-23  2.753E-23  8.282E-24  1.172E-24  4.464E-26  2.246E-28  9.545E-33  3.598E-39  0.000E+00  0.000E+00  0.000E+00  0.000E+00  0.000E+00  0.000E+00  0.000E+00  0.000E+00  0.000E+00  0.000E+00  0.000E+00  0.000E+00  0.000E+00  0.000E+00  0.000E+00  0.000E+00  0.000E+00  0.000E+00  0.000E+00  0.000E+00  0.000E+00  0.000E+00  0.000E+00  0.000E+00  0.000E+00  0.000E+00  0.000E+00  0.000E+00
  284.5000  3.234E-19  3.000E-19  2.795E-19  2.614E-19  2.455E-19  2.276E-19  2.070E-19  1.931E-19  1.722E-19  1.557E-19  1.410E-19  1.243E-19  1.093E-19  9.554E-20  8.286E-20  7.118E-20  6.062E-20  5.128E-20  4.311E-20  3.444E-20  2.783E-20  2.143E-20  1.641E-20  1.159E-20  7.698E-21  4.742E-21  2.279E-21  7.740E-22  1.348E-22  7.354E-24  6.630E-26  8.672E-30  1.776E-35  3.223E-44  0.000E+00  0.000E+00  0.000E+00  0.000E+00  0.000E+00  0.000E+00  0.000E+00  0.000E+00  0.000E+00  0.000E+00  0.000E+00  0.000E+00  0.000E+00  0.000E+00  0.000E+00  0.000E+00  0.000E+00  0.000E+00  0.000E+00  0.000E+00  0.000E+00  0.000E+00  0.000E+00  0.000E+00  0.000E+00  0.000E+00  0.000E+00
  285.5000  4.573E-18  4.243E-18  3.954E-18  3.700E-18  3.476E-18  3.224E-18  2.934E-18  2.738E-18  2.443E-18  2.210E-18  2.001E-18  1.765E-18  1.553E-18  1.358E-18  1.178E-18  1.013E-18  8.631E-19  7.307E-19  6.148E-19  4.923E-19  3.991E-19  3.092E-19  2.387E-19  1.711E-19  1.162E-19  7.389E-20  3.759E-20  1.403E-20  2.877E-21  2.083E-22  2.969E-24  9.299E-28  6.968E-33  9.465E-41  0.000E+00  0.000E+00  0.000E+00  0.000E+00  0.000E+00  0.000E+00  0.000E+00  0.000E+00  0.000E+00  0.000E+00  0.000E+00  0.000E+00  0.000E+00  0.000E+00  0.000E+00  0.000E+00  0.000E+00  0.000E+00  0.000E+00  0.000E+00  0.000E+00  0.000E+00  0.000E+00  0.000E+00  0.000E+00  0.000E+00  0.000E+00
  286.5000  1.580E-16  1.467E-16  1.367E-16  1.280E-16  1.203E-16  1.116E-16  1.016E-16  9.480E-17  8.463E-17  7.658E-17  6.936E-17  6.122E-17  5.387E-17  4.714E-17  4.092E-17  3.519E-17  3.000E-17  2.541E-17  2.140E-17  1.717E-17  1.395E-17  1.086E-17  8.430E-18  6.108E-18  4.218E-18  2.749E-18  1.461E-18  5.864E-19  1.364E-19  1.230E-20  2.503E-22  1.543E-25  3.149E-30  2.006E-37  0.000E+00  0.000E+00  0.000E+00  0.000E+00  0.000E+00  0.000E+00  0.000E+00  0.000E+00  0.000E+00  0.000E+00  0.000E+00  0.000E+00  0.000E+00  0.000E+00  0.000E+00  0.000E+00  0.000E+00  0.000E+00  0.000E+00  0.000E+00  0.000E+00  0.000E+00  0.000E+00  0.000E+00  0.000E+00  0.000E+00  0.000E+00
  287.5000  2.998E-15  2.783E-15  2.595E-15  2.430E-15  2.284E-15  2.121E-15  1.931E-15  1.803E-15  1.611E-15  1.458E-15  1.322E-15  1.167E-15  1.027E-15  8.994E-16  7.811E-16  6.721E-16  5.734E-16  4.861E-16  4.097E-16  3.292E-16  2.683E-16  2.097E-16  1.639E-16  1.201E-16  8.442E-17  5.643E-17  3.140E-17  1.361E-17  3.622E-18  4.126E-19  1.231E-20  1.578E-23  9.565E-28  3.293E-34  2.803E-45  0.000E+00  0.000E+00  0.000E+00  0.000E+00  0.000E+00  0.000E+00  0.000E+00  0.000E+00  0.000E+00  0.000E+00  0.000E+00  0.000E+00  0.000E+00  0.000E+00  0.000E+00  0.000E+00  0.000E+00  0.000E+00  0.000E+00  0.000E+00  0.000E+00  0.000E+00  0.000E+00  0.000E+00  0.000E+00  0.000E+00
  288.5000  5.565E-14  5.167E-14  4.820E-14  4.515E-14  4.246E-14  3.943E-14  3.593E-14  3.356E-14  3.000E-14  2.718E-14  2.464E-14  2.177E-14  1.918E-14  1.681E-14  1.461E-14  1.257E-14  1.074E-14  9.109E-15  7.686E-15  6.188E-15  5.057E-15  3.973E-15  3.125E-15  2.317E-15  1.659E-15  1.140E-15  6.661E-16  3.138E-16  9.671E-17  1.423E-17  6.457E-19  1.853E-21  3.703E-25  8.063E-31  2.088E-40  0.000E+00  0.000E+00  0.000E+00  0.000E+00  0.000E+00  0.000E+00  0.000E+00  0.000E+00  0.000E+00  0.000E+00  0.000E+00  0.000E+00  0.000E+00  0.000E+00  0.000E+00  0.000E+00  0.000E+00  0.000E+00  0.000E+00  0.000E+00  0.000E+00  0.000E+00  0.000E+00  0.000E+00  0.000E+00  0.000E+00
  289.5000  7.814E-13  7.256E-13  6.770E-13  6.343E-13  5.967E-13  5.544E-13  5.052E-13  4.722E-13  4.222E-13  3.827E-13  3.472E-13  3.070E-13  2.706E-13  2.372E-13  2.062E-13  1.777E-13  1.518E-13  1.289E-13  1.088E-13  8.774E-14  7.184E-14  5.663E-14  4.476E-14  3.345E-14  2.428E-14  1.700E-14  1.030E-14  5.157E-15  1.772E-15  3.153E-16  1.956E-17  1.018E-19  4.873E-23  4.043E-28  1.035E-36  0.000E+00  0.000E+00  0.000E+00  0.000E+00  0.000E+00  0.000E+00  0.000E+00  0.000E+00  0.000E+00  0.000E+00  0.000E+00  0.000E+00  0.000E+00  0.000E+00  0.000E+00  0.000E+00  0.000E+00  0.000E+00  0.000E+00  0.000E+00  0.000E+00  0.000E+00  0.000E+00  0.000E+00  0.000E+00  0.000E+00
  290.5000  6.903E-12  6.411E-12  5.982E-12  5.606E-12  5.275E-12  4.903E-12  4.470E-12  4.179E-12  3.738E-12  3.390E-12  3.077E-12  2.722E-12  2.400E-12  2.105E-12  1.831E-12  1.579E-12  1.350E-12  1.146E-12  9.687E-13  7.820E-13  6.414E-13  5.070E-13  4.021E-13  3.026E-13  2.219E-13  1.578E-13  9.840E-14  5.178E-14  1.945E-14  4.048E-15  3.254E-16  2.783E-18  2.761E-21  7.020E-26  1.231E-33  6.586E-44  0.000E+00  0.000E+00  0.000E+00  0.000E+00  0.000E+00  0.000E+00  0.000E+00  0.000E+00  0.000E+00  0.000E+00  0.000E+00  0.000E+00  0.000E+00  0.000E+00  0.000E+00  0.000E+00  0.000E+00  0.000E+00  0.000E+00  0.000E+00  0.000E+00  0.000E+00  0.000E+00  0.000E+00  0.000E+00
  291.5000  5.363E-11  4.981E-11  4.649E-11  4.357E-11  4.101E-11  3.813E-11  3.477E-11  3.252E-11  2.911E-11  2.641E-11  2.398E-11  2.123E-11  1.874E-11  1.644E-11  1.432E-11  1.235E-11  1.057E-11  8.981E-12  7.596E-12  6.141E-12  5.045E-12  4.000E-12  3.186E-12  2.414E-12  1.790E-12  1.294E-12  8.322E-13  4.619E-13  1.910E-13  4.708E-14  5.021E-15  7.434E-17  1.661E-19  1.478E-23  2.264E-30  2.255E-39  0.000E+00  0.000E+00  0.000E+00  0.000E+00  0.000E+00  0.000E+00  0.000E+00  0.000E+00  0.000E+00  0.000E+00  0.000E+00  0.000E+00  0.000E+00  0.000E+00  0.000E+00  0.000E+00  0.000E+00  0.000E+00  0.000E+00  0.000E+00  0.000E+00  0.000E+00  0.000E+00  0.000E+00  0.000E+00
  292.5000  2.699E-10  2.508E-10  2.340E-10  2.194E-10  2.065E-10  1.921E-10  1.752E-10  1.639E-10  1.468E-10  1.333E-10  1.211E-10  1.072E-10  9.469E-11  8.316E-11  7.244E-11  6.252E-11  5.353E-11  4.554E-11  3.854E-11  3.120E-11  2.567E-11  2.040E-11  1.630E-11  1.242E-11  9.296E-12  6.810E-12  4.492E-12  2.606E-12  1.169E-12  3.328E-13  4.516E-14  1.063E-15  4.683E-18  1.176E-21  1.058E-27  1.142E-35  0.000E+00  0.000E+00  0.000E+00  0.000E+00  0.000E+00  0.000E+00  0.000E+00  0.000E+00  0.000E+00  0.000E+00  0.000E+00  0.000E+00  0.000E+00  0.000E+00  0.000E+00  0.000E+00  0.000E+00  0.000E+00  0.000E+00  0.000E+00  0.000E+00  0.000E+00  0.000E+00  0.000E+00  0.000E+00
  293.5000  1.567E-09  1.456E-09  1.359E-09  1.274E-09  1.199E-09  1.115E-09  1.018E-09  9.526E-10  8.534E-10  7.751E-10  7.045E-10  6.243E-10  5.517E-10  4.848E-10  4.226E-10  3.650E-10  3.128E-10  2.663E-10  2.255E-10  1.828E-10  1.506E-10  1.200E-10  9.611E-11  7.360E-11  5.554E-11  4.117E-11  2.778E-11  1.677E-11  8.097E-12  2.630E-12  4.453E-13  1.613E-14  1.340E-16  8.927E-20  4.264E-25  4.325E-32  5.402E-42  0.000E+00  0.000E+00  0.000E+00  0.000E+00  0.000E+00  0.000E+00  0.000E+00  0.000E+00  0.000E+00  0.000E+00  0.000E+00  0.000E+00  0.000E+00  0.000E+00  0.000E+00  0.000E+00  0.000E+00  0.000E+00  0.000E+00  0.000E+00  0.000E+00  0.000E+00  0.000E+00  0.000E+00
  294.5000  5.175E-09  4.806E-09  4.486E-09  4.205E-09  3.959E-09  3.683E-09  3.361E-09  3.146E-09  2.819E-09  2.562E-09  2.329E-09  2.065E-09  1.826E-09  1.606E-09  1.401E-09  1.210E-09  1.038E-09  8.841E-10  7.493E-10  6.079E-10  5.015E-10  4.003E-10  3.214E-10  2.471E-10  1.876E-10  1.404E-10  9.646E-11  6.016E-11  3.086E-11  1.117E-11  2.272E-12  1.173E-13  1.634E-15  2.389E-18  4.309E-23  2.568E-29  3.988E-38  0.000E+00  0.000E+00  0.000E+00  0.000E+00  0.000E+00  0.000E+00  0.000E+00  0.000E+00  0.000E+00  0.000E+00  0.000E+00  0.000E+00  0.000E+00  0.000E+00  0.000E+00  0.000E+00  0.000E+00  0.000E+00  0.000E+00  0.000E+00  0.000E+00  0.000E+00  0.000E+00  0.000E+00
  295.5000  2.353E-08  2.185E-08  2.039E-08  1.911E-08  1.799E-08  1.674E-08  1.528E-08  1.430E-08  1.282E-08  1.165E-08  1.060E-08  9.407E-09  8.321E-09  7.322E-09  6.391E-09  5.528E-09  4.743E-09  4.044E-09  3.430E-09  2.786E-09  2.302E-09  1.840E-09  1.481E-09  1.143E-09  8.736E-10  6.596E-10  4.612E-10  2.969E-10  1.617E-10  6.522E-11  1.595E-11  1.183E-12  2.803E-14  9.276E-17  6.704E-21  2.546E-26  5.565E-34  5.465E-44  0.000E+00  0.000E+00  0.000E+00  0.000E+00  0.000E+00  0.000E+00  0.000E+00  0.000E+00  0.000E+00  0.000E+00  0.000E+00  0.000E+00  0.000E+00  0.000E+00  0.000E+00  0.000E+00  0.000E+00  0.000E+00  0.000E+00  0.000E+00  0.000E+00  0.000E+00  0.000E+00
  296.5000  6.782E-08  6.296E-08  5.873E-08  5.503E-08  5.180E-08  4.819E-08  4.398E-08  4.117E-08  3.692E-08  3.357E-08  3.054E-08  2.712E-08  2.400E-08  2.113E-08  1.846E-08  1.598E-08  1.372E-08  1.170E-08  9.935E-09  8.080E-09  6.681E-09  5.352E-09  4.315E-09  3.341E-09  2.567E-09  1.952E-09  1.385E-09  9.161E-10  5.249E-10  2.323E-10  6.663E-11  6.748E-12  2.524E-13  1.679E-15  3.932E-19  7.075E-24  1.395E-30  2.383E-39  0.000E+00  0.000E+00  0.000E+00  0.000E+00  0.000E+00  0.000E+00  0.000E+00  0.000E+00  0.000E+00  0.000E+00  0.000E+00  0.000E+00  0.000E+00  0.000E+00  0.000E+00  0.000E+00  0.000E+00  0.000E+00  0.000E+00  0.000E+00  0.000E+00  0.000E+00  0.000E+00
  297.5000  2.031E-07  1.885E-07  1.758E-07  1.646E-07  1.549E-07  1.441E-07  1.315E-07  1.231E-07  1.104E-07  1.004E-07  9.137E-08  8.109E-08  7.186E-08  6.331E-08  5.534E-08  4.793E-08  4.119E-08  3.516E-08  2.987E-08  2.432E-08  2.013E-08  1.615E-08  1.304E-08  1.013E-08  7.815E-09  5.981E-09  4.296E-09  2.904E-09  1.737E-09  8.315E-10  2.733E-10  3.623E-11  2.013E-12  2.461E-14  1.610E-17  1.128E-21  1.526E-27  3.231E-35  1.401E-45  0.000E+00  0.000E+00  0.000E+00  0.000E+00  0.000E+00  0.000E+00  0.000E+00  0.000E+00  0.000E+00  0.000E+00  0.000E+00  0.000E+00  0.000E+00  0.000E+00  0.000E+00  0.000E+00  0.000E+00  0.000E+00  0.000E+00  0.000E+00  0.000E+00  0.000E+00
  298.5000  3.558E-07  3.300E-07  3.076E-07  2.880E-07  2.709E-07  2.519E-07  2.298E-07  2.151E-07  1.929E-07  1.755E-07  1.597E-07  1.418E-07  1.257E-07  1.108E-07  9.690E-08  8.399E-08  7.222E-08  6.171E-08  5.246E-08  4.276E-08  3.543E-08  2.846E-08  2.302E-08  1.792E-08  1.388E-08  1.067E-08  7.744E-09  5.334E-09  3.306E-09  1.693E-09  6.254E-10  1.045E-10  8.159E-12  1.683E-13  2.651E-16  5.898E-20  4.068E-25  7.175E-32  4.861E-41  0.000E+00  0.000E+00  0.000E+00  0.000E+00  0.000E+00  0.000E+00  0.000E+00  0.000E+00  0.000E+00  0.000E+00  0.000E+00  0.000E+00  0.000E+00  0.000E+00  0.000E+00  0.000E+00  0.000E+00  0.000E+00  0.000E+00  0.000E+00  0.000E+00  0.000E+00
  299.5000  1.149E-06  1.065E-06  9.916E-07  9.280E-07  8.724E-07  8.109E-07  7.396E-07  6.920E-07  6.206E-07  5.644E-07  5.138E-07  4.564E-07  4.046E-07  3.569E-07  3.123E-07  2.709E-07  2.331E-07  1.993E-07  1.695E-07  1.383E-07  1.147E-07  9.231E-08  7.475E-08  5.833E-08  4.531E-08  3.500E-08  2.562E-08  1.793E-08  1.147E-08  6.227E-09  2.553E-09  5.256E-10  5.594E-11  1.866E-12  6.629E-15  4.331E-18  1.384E-22  1.813E-28  1.894E-36  0.000E+00  0.000E+00  0.000E+00  0.000E+00  0.000E+00  0.000E+00  0.000E+00  0.000E+00  0.000E+00  0.000E+00  0.000E+00  0.000E+00  0.000E+00  0.000E+00  0.000E+00  0.000E+00  0.000E+00  0.000E+00  0.000E+00  0.000E+00  0.000E+00  0.000E+00
  300.5000  1.443E-06  1.337E-06  1.244E-06  1.164E-06  1.094E-06  1.016E-06  9.263E-07  8.663E-07  7.768E-07  7.064E-07  6.430E-07  5.714E-07  5.066E-07  4.469E-07  3.913E-07  3.396E-07  2.924E-07  2.502E-07  2.130E-07  1.740E-07  1.444E-07  1.163E-07  9.430E-08  7.373E-08  5.743E-08  4.451E-08  3.281E-08  2.325E-08  1.525E-08  8.680E-09  3.871E-09  9.437E-10  1.290E-10  6.342E-12  4.321E-14  6.605E-17  6.927E-21  4.215E-26  3.491E-33  5.835E-42  0.000E+00  0.000E+00  0.000E+00  0.000E+00  0.000E+00  0.000E+00  0.000E+00  0.000E+00  0.000E+00  0.000E+00  0.000E+00  0.000E+00  0.000E+00  0.000E+00  0.000E+00  0.000E+00  0.000E+00  0.000E+00  0.000E+00  0.000E+00  0.000E+00
  301.5000  3.980E-06  3.684E-06  3.425E-06  3.201E-06  3.006E-06  2.790E-06  2.542E-06  2.376E-06  2.130E-06  1.936E-06  1.762E-06  1.566E-06  1.388E-06  1.225E-06  1.073E-06  9.321E-07  8.032E-07  6.877E-07  5.860E-07  4.793E-07  3.982E-07  3.212E-07  2.607E-07  2.043E-07  1.595E-07  1.241E-07  9.208E-08  6.608E-08  4.443E-08  2.652E-08  1.289E-08  3.742E-09  6.645E-10  4.921E-11  6.708E-13  2.540E-15  9.521E-19  3.044E-23  2.410E-29  6.653E-37  3.363E-44  0.000E+00  0.000E+00  0.000E+00  0.000E+00  0.000E+00  0.000E+00  0.000E+00  0.000E+00  0.000E+00  0.000E+00  0.000E+00  0.000E+00  0.000E+00  0.000E+00  0.000E+00  0.000E+00  0.000E+00  0.000E+00  0.000E+00  0.000E+00
  302.5000  6.203E-06  5.736E-06  5.330E-06  4.976E-06  4.667E-06  4.331E-06  3.943E-06  3.684E-06  3.301E-06  3.000E-06  2.729E-06  2.425E-06  2.151E-06  1.899E-06  1.664E-06  1.445E-06  1.246E-06  1.068E-06  9.101E-07  7.451E-07  6.195E-07  5.004E-07  4.065E-07  3.189E-07  2.496E-07  1.945E-07  1.450E-07  1.050E-07  7.174E-08  4.422E-08  2.277E-08  7.443E-09  1.578E-09  1.543E-10  3.362E-12  2.327E-14  2.002E-17  1.882E-21  6.456E-27  1.092E-33  2.884E-40  8.408E-45  1.401E-45  1.401E-45  0.000E+00  0.000E+00  0.000E+00  0.000E+00  0.000E+00  0.000E+00  0.000E+00  0.000E+00  0.000E+00  0.000E+00  0.000E+00  0.000E+00  0.000E+00  0.000E+00  0.000E+00  0.000E+00  0.000E+00
  303.5000  1.398E-05  1.291E-05  1.198E-05  1.117E-05  1.047E-05  9.701E-06  8.825E-06  8.236E-06  7.375E-06  6.699E-06  6.090E-06  5.411E-06  4.799E-06  4.236E-06  3.713E-06  3.227E-06  2.784E-06  2.387E-06  2.037E-06  1.670E-06  1.390E-06  1.124E-06  9.141E-07  7.185E-07  5.636E-07  4.404E-07  3.300E-07  2.410E-07  1.678E-07  1.071E-07  5.884E-08  2.200E-08  5.713E-09  7.692E-10  2.880E-11  4.036E-13  9.318E-16  3.166E-19  6.210E-24  9.081E-30  1.765E-35  1.828E-39  8.644E-41  7.105E-43  2.803E-45  0.000E+00  0.000E+00  0.000E+00  0.000E+00  0.000E+00  0.000E+00  0.000E+00  0.000E+00  0.000E+00  0.000E+00  0.000E+00  0.000E+00  0.000E+00  0.000E+00  0.000E+00  0.000E+00
  304.5000  1.808E-05  1.669E-05  1.547E-05  1.441E-05  1.349E-05  1.250E-05  1.136E-05  1.059E-05  9.481E-06  8.608E-06  7.822E-06  6.948E-06  6.161E-06  5.439E-06  4.768E-06  4.146E-06  3.578E-06  3.069E-06  2.620E-06  2.150E-06  1.790E-06  1.449E-06  1.180E-06  9.284E-07  7.294E-07  5.708E-07  4.291E-07  3.151E-07  2.217E-07  1.445E-07  8.256E-08  3.345E-08  9.803E-09  1.596E-09  8.215E-11  1.742E-12  7.173E-15  5.140E-18  2.739E-22  1.354E-27  7.967E-33  1.486E-36  5.934E-38  3.896E-40  1.040E-42  0.000E+00  0.000E+00  0.000E+00  0.000E+00  0.000E+00  0.000E+00  0.000E+00  0.000E+00  0.000E+00  0.000E+00  0.000E+00  0.000E+00  0.000E+00  0.000E+00  0.000E+00  0.000E+00
  305.5000  3.116E-05  2.872E-05  2.658E-05  2.472E-05  2.310E-05  2.137E-05  1.939E-05  1.806E-05  1.615E-05  1.465E-05  1.330E-05  1.180E-05  1.046E-05  9.236E-06  8.097E-06  7.042E-06  6.080E-06  5.218E-06  4.458E-06  3.664E-06  3.054E-06  2.477E-06  2.018E-06  1.591E-06  1.253E-06  9.824E-07  7.416E-07  5.485E-07  3.914E-07  2.624E-07  1.578E-07  7.131E-08  2.468E-08  5.237E-09  4.237E-10  1.638E-11  1.597E-13  3.511E-16  8.459E-20  2.671E-24  8.669E-29  3.921E-32  1.185E-33  5.271E-36  5.840E-39  2.102E-44  0.000E+00  0.000E+00  0.000E+00  0.000E+00  0.000E+00  0.000E+00  0.000E+00  0.000E+00  0.000E+00  0.000E+00  0.000E+00  0.000E+00  0.000E+00  0.000E+00  0.000E+00
  306.5000  3.672E-05  3.379E-05  3.124E-05  2.903E-05  2.711E-05  2.505E-05  2.272E-05  2.114E-05  1.889E-05  1.713E-05  1.554E-05  1.379E-05  1.223E-05  1.079E-05  9.455E-06  8.223E-06  7.102E-06  6.097E-06  5.210E-06  4.286E-06  3.574E-06  2.901E-06  2.365E-06  1.867E-06  1.471E-06  1.155E-06  8.738E-07  6.484E-07  4.657E-07  3.162E-07  1.948E-07  9.257E-08  3.456E-08  8.265E-09  8.168E-10  4.096E-11  5.746E-13  2.028E-15  9.259E-19  6.397E-23  4.267E-27  2.847E-30  7.915E-32  3.157E-34  2.658E-37  9.221E-43  0.000E+00  0.000E+00  0.000E+00  0.000E+00  0.000E+00  0.000E+00  0.000E+00  0.000E+00  0.000E+00  0.000E+00  0.000E+00  0.000E+00  0.000E+00  0.000E+00  0.000E+00
  307.5000  6.797E-05  6.240E-05  5.756E-05  5.336E-05  4.972E-05  4.586E-05  4.151E-05  3.856E-05  3.440E-05  3.114E-05  2.821E-05  2.501E-05  2.216E-05  1.954E-05  1.712E-05  1.489E-05  1.286E-05  1.105E-05  9.447E-06  7.782E-06  6.497E-06  5.282E-06  4.311E-06  3.410E-06  2.693E-06  2.118E-06  1.607E-06  1.199E-06  8.705E-07  6.033E-07  3.864E-07  1.996E-07  8.491E-08  2.508E-08  3.567E-09  2.912E-10  8.270E-12  7.349E-14  1.172E-16  3.780E-20  1.051E-23  1.466E-26  3.286E-28  9.669E-31  3.973E-34  8.971E-40  0.000E+00  0.000E+00  0.000E+00  0.000E+00  0.000E+00  0.000E+00  0.000E+00  0.000E+00  0.000E+00  0.000E+00  0.000E+00  0.000E+00  0.000E+00  0.000E+00  0.000E+00
  308.5000  8.442E-05  7.742E-05  7.134E-05  6.606E-05  6.148E-05  5.665E-05  5.124E-05  4.755E-05  4.238E-05  3.834E-05  3.471E-05  3.076E-05  2.723E-05  2.400E-05  2.103E-05  1.829E-05  1.580E-05  1.357E-05  1.161E-05  9.571E-06  7.994E-06  6.505E-06  5.313E-06  4.206E-06  3.325E-06  2.617E-06  1.990E-06  1.488E-06  1.085E-06  7.588E-07  4.944E-07  2.648E-07  1.190E-07  3.839E-08  6.331E-09  6.260E-10  2.320E-11  2.918E-13  7.436E-16  4.241E-19  1.988E-22  3.686E-25  7.886E-27  2.194E-29  7.683E-33  1.704E-38  0.000E+00  0.000E+00  0.000E+00  0.000E+00  0.000E+00  0.000E+00  0.000E+00  0.000E+00  0.000E+00  0.000E+00  0.000E+00  0.000E+00  0.000E+00  0.000E+00  0.000E+00
  309.5000  9.020E-05  8.254E-05  7.587E-05  7.009E-05  6.508E-05  5.985E-05  5.401E-05  5.003E-05  4.452E-05  4.021E-05  3.634E-05  3.216E-05  2.843E-05  2.506E-05  2.194E-05  1.907E-05  1.648E-05  1.416E-05  1.211E-05  9.996E-06  8.355E-06  6.808E-06  5.566E-06  4.414E-06  3.495E-06  2.755E-06  2.100E-06  1.576E-06  1.157E-06  8.194E-07  5.470E-07  3.090E-07  1.510E-07  5.587E-08  1.169E-08  1.590E-09  9.360E-11  2.162E-12  1.257E-14  1.972E-17  2.357E-20  7.113E-23  1.347E-24  3.166E-27  7.270E-31  1.295E-36  0.000E+00  0.000E+00  0.000E+00  0.000E+00  0.000E+00  0.000E+00  0.000E+00  0.000E+00  0.000E+00  0.000E+00  0.000E+00  0.000E+00  0.000E+00  0.000E+00  0.000E+00
  310.5000  1.434E-04  1.310E-04  1.201E-04  1.108E-04  1.026E-04  9.419E-05  8.484E-05  7.844E-05  6.968E-05  6.285E-05  5.672E-05  5.014E-05  4.429E-05  3.898E-05  3.411E-05  2.964E-05  2.560E-05  2.199E-05  1.882E-05  1.555E-05  1.300E-05  1.061E-05  8.680E-06  6.893E-06  5.467E-06  4.313E-06  3.294E-06  2.480E-06  1.830E-06  1.308E-06  8.886E-07  5.220E-07  2.713E-07  1.110E-07  2.761E-08  4.726E-09  3.861E-10  1.371E-11  1.427E-13  4.550E-16  1.043E-18  4.440E-21  7.831E-23  1.675E-25  3.001E-29  4.887E-35  0.000E+00  0.000E+00  0.000E+00  0.000E+00  0.000E+00  0.000E+00  0.000E+00  0.000E+00  0.000E+00  0.000E+00  0.000E+00  0.000E+00  0.000E+00  0.000E+00  0.000E+00
  311.5000  2.056E-04  1.874E-04  1.717E-04  1.580E-04  1.462E-04  1.340E-04  1.205E-04  1.112E-04  9.868E-05  8.889E-05  8.013E-05  7.076E-05  6.244E-05  5.492E-05  4.803E-05  4.172E-05  3.602E-05  3.095E-05  2.648E-05  2.189E-05  1.831E-05  1.495E-05  1.224E-05  9.733E-06  7.727E-06  6.102E-06  4.667E-06  3.521E-06  2.605E-06  1.874E-06  1.288E-06  7.753E-07  4.191E-07  1.829E-07  5.091E-08  1.011E-08  1.021E-09  4.804E-11  7.348E-13  3.755E-15  1.335E-17  7.227E-20  1.241E-21  2.573E-24  4.092E-28  6.687E-34  0.000E+00  0.000E+00  0.000E+00  0.000E+00  0.000E+00  0.000E+00  0.000E+00  0.000E+00  0.000E+00  0.000E+00  0.000E+00  0.000E+00  0.000E+00  0.000E+00  0.000E+00
  312.5000  2.513E-04  2.283E-04  2.083E-04  1.910E-04  1.761E-04  1.608E-04  1.442E-04  1.326E-04  1.173E-04  1.054E-04  9.470E-05  8.342E-05  7.346E-05  6.449E-05  5.631E-05  4.885E-05  4.213E-05  3.618E-05  3.095E-05  2.560E-05  2.144E-05  1.753E-05  1.437E-05  1.145E-05  9.108E-06  7.202E-06  5.524E-06  4.182E-06  3.111E-06  2.259E-06  1.580E-06  9.914E-07  5.721E-07  2.789E-07  9.447E-08  2.441E-08  3.610E-09  2.812E-10  8.543E-12  1.005E-13  7.680E-16  6.173E-18  9.652E-20  1.759E-22  2.014E-26  2.816E-32  1.822E-44  0.000E+00  0.000E+00  0.000E+00  0.000E+00  0.000E+00  0.000E+00  0.000E+00  0.000E+00  0.000E+00  0.000E+00  0.000E+00  0.000E+00  0.000E+00  0.000E+00
  313.5000  3.025E-04  2.746E-04  2.504E-04  2.294E-04  2.113E-04  1.928E-04  1.726E-04  1.587E-04  1.403E-04  1.259E-04  1.130E-04  9.951E-05  8.756E-05  7.682E-05  6.704E-05  5.814E-05  5.013E-05  4.304E-05  3.682E-05  3.047E-05  2.551E-05  2.088E-05  1.712E-05  1.365E-05  1.086E-05  8.597E-06  6.599E-06  5.002E-06  3.728E-06  2.715E-06  1.910E-06  1.213E-06  7.135E-07  3.588E-07  1.280E-07  3.529E-08  5.691E-09  4.971E-10  1.767E-11  2.510E-13  2.281E-15  2.045E-17  3.259E-19  6.164E-22  7.355E-26  1.161E-31  9.389E-44  0.000E+00  0.000E+00  0.000E+00  0.000E+00  0.000E+00  0.000E+00  0.000E+00  0.000E+00  0.000E+00  0.000E+00  0.000E+00  0.000E+00  0.000E+00  0.000E+00
  314.5000  3.848E-04  3.478E-04  3.158E-04  2.881E-04  2.642E-04  2.401E-04  2.141E-04  1.960E-04  1.726E-04  1.543E-04  1.380E-04  1.211E-04  1.062E-04  9.295E-05  8.093E-05  7.003E-05  6.029E-05  5.169E-05  4.418E-05  3.657E-05  3.063E-05  2.510E-05  2.060E-05  1.646E-05  1.313E-05  1.041E-05  8.013E-06  6.094E-06  4.563E-06  3.348E-06  2.389E-06  1.565E-06  9.687E-07  5.317E-07  2.224E-07  7.611E-08  1.685E-08  2.252E-09  1.436E-10  4.166E-12  7.315E-14  9.227E-16  1.369E-17  2.347E-20  2.139E-24  3.006E-30  2.800E-42  0.000E+00  0.000E+00  0.000E+00  0.000E+00  0.000E+00  0.000E+00  0.000E+00  0.000E+00  0.000E+00  0.000E+00  0.000E+00  0.000E+00  0.000E+00  0.000E+00
  315.5000  4.169E-04  3.766E-04  3.417E-04  3.116E-04  2.856E-04  2.594E-04  2.312E-04  2.115E-04  1.861E-04  1.663E-04  1.487E-04  1.303E-04  1.143E-04  9.992E-05  8.695E-05  7.521E-05  6.472E-05  5.548E-05  4.741E-05  3.925E-05  3.288E-05  2.695E-05  2.213E-05  1.769E-05  1.412E-05  1.120E-05  8.629E-06  6.568E-06  4.925E-06  3.622E-06  2.594E-06  1.713E-06  1.074E-06  6.013E-07  2.599E-07  9.258E-08  2.155E-08  3.075E-09  2.146E-10  6.922E-12  1.339E-13  1.813E-15  2.777E-17  5.029E-20  4.984E-24  8.143E-30  1.000E-41  0.000E+00  0.000E+00  0.000E+00  0.000E+00  0.000E+00  0.000E+00  0.000E+00  0.000E+00  0.000E+00  0.000E+00  0.000E+00  0.000E+00  0.000E+00  0.000E+00
  316.5000  5.276E-04  4.747E-04  4.290E-04  3.895E-04  3.555E-04  3.215E-04  2.853E-04  2.599E-04  2.277E-04  2.027E-04  1.805E-04  1.576E-04  1.377E-04  1.200E-04  1.041E-04  8.980E-05  7.710E-05  6.596E-05  5.629E-05  4.659E-05  3.901E-05  3.200E-05  2.629E-05  2.106E-05  1.685E-05  1.338E-05  1.034E-05  7.897E-06  5.945E-06  4.398E-06  3.181E-06  2.150E-06  1.397E-06  8.340E-07  4.053E-07  1.698E-07  5.030E-08  9.944E-09  1.086E-09  6.024E-11  1.916E-12  3.371E-14  4.938E-16  8.435E-19  7.014E-23  1.088E-28  1.563E-40  0.000E+00  0.000E+00  0.000E+00  0.000E+00  0.000E+00  0.000E+00  0.000E+00  0.000E+00  0.000E+00  0.000E+00  0.000E+00  0.000E+00  0.000E+00  0.000E+00
  317.5000  7.471E-04  6.724E-04  6.076E-04  5.518E-04  5.037E-04  4.557E-04  4.044E-04  3.685E-04  3.229E-04  2.874E-04  2.559E-04  2.236E-04  1.953E-04  1.702E-04  1.477E-04  1.274E-04  1.094E-04  9.357E-05  7.985E-05  6.609E-05  5.535E-05  4.541E-05  3.732E-05  2.989E-05  2.393E-05  1.901E-05  1.469E-05  1.122E-05  8.450E-06  6.256E-06  4.531E-06  3.069E-06  2.001E-06  1.200E-06  5.866E-07  2.468E-07  7.323E-08  1.449E-08  1.585E-09  8.786E-11  2.802E-12  5.055E-14  7.783E-16  1.442E-18  1.378E-22  2.578E-28  4.928E-40  0.000E+00  0.000E+00  0.000E+00  0.000E+00  0.000E+00  0.000E+00  0.000E+00  0.000E+00  0.000E+00  0.000E+00  0.000E+00  0.000E+00  0.000E+00  0.000E+00
  318.5000  7.725E-04  6.924E-04  6.231E-04  5.634E-04  5.120E-04  4.612E-04  4.074E-04  3.695E-04  3.222E-04  2.854E-04  2.530E-04  2.200E-04  1.913E-04  1.660E-04  1.435E-04  1.233E-04  1.055E-04  9.001E-05  7.663E-05  6.336E-05  5.300E-05  4.349E-05  3.575E-05  2.869E-05  2.302E-05  1.832E-05  1.420E-05  1.089E-05  8.232E-06  6.129E-06  4.479E-06  3.092E-06  2.078E-06  1.315E-06  7.107E-07  3.443E-07  1.265E-07  3.354E-08  5.500E-09  4.981E-10  2.495E-11  5.717E-13  8.484E-15  1.498E-17  1.227E-21  2.209E-27  4.940E-39  0.000E+00  0.000E+00  0.000E+00  0.000E+00  0.000E+00  0.000E+00  0.000E+00  0.000E+00  0.000E+00  0.000E+00  0.000E+00  0.000E+00  0.000E+00  0.000E+00
  319.5000  1.002E-03  8.979E-04  8.073E-04  7.295E-04  6.626E-04  5.964E-04  5.264E-04  4.772E-04  4.157E-04  3.680E-04  3.259E-04  2.831E-04  2.460E-04  2.133E-04  1.841E-04  1.581E-04  1.352E-04  1.153E-04  9.809E-05  8.107E-05  6.780E-05  5.564E-05  4.575E-05  3.673E-05  2.948E-05  2.348E-05  1.822E-05  1.398E-05  1.058E-05  7.893E-06  5.782E-06  4.011E-06  2.717E-06  1.741E-06  9.625E-07  4.801E-07  1.835E-07  5.134E-08  9.071E-09  8.973E-10  4.884E-11  1.191E-12  1.826E-14  3.405E-17  3.030E-21  6.276E-27  1.808E-38  0.000E+00  0.000E+00  0.000E+00  0.000E+00  0.000E+00  0.000E+00  0.000E+00  0.000E+00  0.000E+00  0.000E+00  0.000E+00  0.000E+00  0.000E+00  0.000E+00
  320.5000  1.311E-03  1.173E-03  1.054E-03  9.517E-04  8.636E-04  7.764E-04  6.844E-04  6.197E-04  5.392E-04  4.767E-04  4.216E-04  3.657E-04  3.174E-04  2.748E-04  2.370E-04  2.033E-04  1.736E-04  1.479E-04  1.257E-04  1.039E-04  8.681E-05  7.124E-05  5.857E-05  4.704E-05  3.778E-05  3.010E-05  2.338E-05  1.796E-05  1.361E-05  1.017E-05  7.465E-06  5.203E-06  3.549E-06  2.302E-06  1.301E-06  6.699E-07  2.693E-07  8.077E-08  1.570E-08  1.744E-09  1.061E-10  2.792E-12  4.402E-14  8.613E-17  8.150E-21  1.901E-26  6.923E-38  0.000E+00  0.000E+00  0.000E+00  0.000E+00  0.000E+00  0.000E+00  0.000E+00  0.000E+00  0.000E+00  0.000E+00  0.000E+00  0.000E+00  0.000E+00  0.000E+00
  321.5000  1.586E-03  1.390E-03  1.270E-03  1.143E-03  1.034E-03  9.268E-04  8.135E-04  7.338E-04  6.353E-04  5.591E-04  4.920E-04  4.245E-04  3.663E-04  3.155E-04  2.705E-04  2.308E-04  1.961E-04  1.663E-04  1.408E-04  1.159E-04  9.661E-05  7.917E-05  6.503E-05  5.227E-05  4.207E-05  3.358E-05  2.618E-05  2.020E-05  1.539E-05  1.157E-05  8.566E-06  6.069E-06  4.240E-06  2.870E-06  1.758E-06  1.016E-06  4.874E-07  1.876E-07  5.181E-08  8.793E-09  7.906E-10  2.567E-11  3.924E-13  7.389E-16  6.158E-20  1.409E-25  6.032E-37  0.000E+00  0.000E+00  0.000E+00  0.000E+00  0.000E+00  0.000E+00  0.000E+00  0.000E+00  0.000E+00  0.000E+00  0.000E+00  0.000E+00  0.000E+00  0.000E+00
  322.5000  1.202E-03  1.075E-03  9.651E-04  8.706E-04  7.894E-04  7.092E-04  6.245E-04  5.650E-04  4.911E-04  4.337E-04  3.832E-04  3.320E-04  2.878E-04  2.490E-04  2.144E-04  1.837E-04  1.568E-04  1.334E-04  1.133E-04  9.358E-05  7.819E-05  6.416E-05  5.275E-05  4.239E-05  3.407E-05  2.716E-05  2.112E-05  1.624E-05  1.233E-05  9.226E-06  6.793E-06  4.760E-06  3.273E-06  2.152E-06  1.245E-06  6.613E-07  2.778E-07  8.863E-08  1.880E-08  2.323E-09  1.574E-10  4.565E-12  7.768E-14  1.722E-16  1.972E-20  6.156E-26  3.669E-37  0.000E+00  0.000E+00  0.000E+00  0.000E+00  0.000E+00  0.000E+00  0.000E+00  0.000E+00  0.000E+00  0.000E+00  0.000E+00  0.000E+00  0.000E+00  0.000E+00
  323.5000  1.971E-03  1.760E-03  1.577E-03  1.419E-03  1.283E-03  1.149E-03  1.007E-03  9.074E-04  7.840E-04  6.887E-04  6.047E-04  5.203E-04  4.478E-04  3.846E-04  3.288E-04  2.797E-04  2.370E-04  2.003E-04  1.692E-04  1.389E-04  1.156E-04  9.459E-05  7.761E-05  6.239E-05  5.025E-05  4.014E-05  3.136E-05  2.425E-05  1.853E-05  1.397E-05  1.039E-05  7.418E-06  5.237E-06  3.608E-06  2.284E-06  1.385E-06  7.179E-07  3.088E-07  9.997E-08  2.065E-08  2.255E-09  8.403E-11  1.362E-12  2.828E-15  2.679E-19  7.771E-25  5.234E-36  0.000E+00  0.000E+00  0.000E+00  0.000E+00  0.000E+00  0.000E+00  0.000E+00  0.000E+00  0.000E+00  0.000E+00  0.000E+00  0.000E+00  0.000E+00  0.000E+00
  324.5000  2.268E-03  2.025E-03  1.815E-03  1.633E-03  1.478E-03  1.323E-03  1.160E-03  1.046E-03  9.039E-04  7.942E-04  6.977E-04  6.006E-04  5.172E-04  4.444E-04  3.801E-04  3.235E-04  2.742E-04  2.319E-04  1.959E-04  1.609E-04  1.339E-04  1.096E-04  8.997E-05  7.233E-05  5.827E-05  4.655E-05  3.636E-05  2.812E-05  2.149E-05  1.620E-05  1.205E-05  8.604E-06  6.076E-06  4.187E-06  2.648E-06  1.602E-06  8.245E-07  3.512E-07  1.121E-07  2.275E-08  2.455E-09  9.291E-11  1.582E-12  3.549E-15  3.843E-19  1.325E-24  1.155E-35  0.000E+00  0.000E+00  0.000E+00  0.000E+00  0.000E+00  0.000E+00  0.000E+00  0.000E+00  0.000E+00  0.000E+00  0.000E+00  0.000E+00  0.000E+00  0.000E+00
  325.5000  2.368E-03  2.114E-03  1.893E-03  1.704E-03  1.541E-03  1.380E-03  1.211E-03  1.091E-03  9.436E-04  8.295E-04  7.291E-04  6.281E-04  5.412E-04  4.653E-04  3.984E-04  3.393E-04  2.879E-04  2.437E-04  2.060E-04  1.694E-04  1.410E-04  1.155E-04  9.483E-05  7.625E-05  6.141E-05  4.905E-05  3.830E-05  2.959E-05  2.260E-05  1.702E-05  1.265E-05  9.011E-06  6.346E-06  4.352E-06  2.727E-06  1.626E-06  8.184E-07  3.374E-07  1.028E-07  1.974E-08  2.039E-09  7.718E-11  1.391E-12  3.410E-15  4.308E-19  1.781E-24  1.991E-35  0.000E+00  0.000E+00  0.000E+00  0.000E+00  0.000E+00  0.000E+00  0.000E+00  0.000E+00  0.000E+00  0.000E+00  0.000E+00  0.000E+00  0.000E+00  0.000E+00
  326.5000  4.197E-03  3.752E-03  3.368E-03  3.036E-03  2.751E-03  2.466E-03  2.160E-03  1.948E-03  1.681E-03  1.475E-03  1.293E-03  1.109E-03  9.521E-04  8.147E-04  6.941E-04  5.880E-04  4.961E-04  4.176E-04  3.512E-04  2.871E-04  2.380E-04  1.942E-04  1.590E-04  1.277E-04  1.029E-04  8.226E-05  6.442E-05  4.999E-05  3.837E-05  2.909E-05  2.178E-05  1.570E-05  1.124E-05  7.919E-06  5.225E-06  3.368E-06  1.923E-06  9.546E-07  3.805E-07  1.018E-07  1.438E-08  6.464E-10  1.143E-11  2.740E-14  3.158E-18  1.305E-23  1.703E-34  0.000E+00  0.000E+00  0.000E+00  0.000E+00  0.000E+00  0.000E+00  0.000E+00  0.000E+00  0.000E+00  0.000E+00  0.000E+00  0.000E+00  0.000E+00  0.000E+00
  327.5000  3.428E-03  3.062E-03  2.745E-03  2.473E-03  2.238E-03  2.005E-03  1.756E-03  1.583E-03  1.366E-03  1.199E-03  1.052E-03  9.038E-04  7.765E-04  6.656E-04  5.678E-04  4.819E-04  4.073E-04  3.435E-04  2.894E-04  2.371E-04  1.969E-04  1.609E-04  1.319E-04  1.060E-04  8.542E-05  6.827E-05  5.343E-05  4.141E-05  3.174E-05  2.402E-05  1.794E-05  1.290E-05  9.193E-06  6.434E-06  4.188E-06  2.642E-06  1.454E-06  6.833E-07  2.512E-07  6.082E-08  7.862E-09  3.455E-10  6.507E-12  1.722E-14  2.379E-18  1.204E-23  2.045E-34  0.000E+00  0.000E+00  0.000E+00  0.000E+00  0.000E+00  0.000E+00  0.000E+00  0.000E+00  0.000E+00  0.000E+00  0.000E+00  0.000E+00  0.000E+00  0.000E+00
  328.5000  3.166E-03  2.826E-03  2.534E-03  2.281E-03  2.064E-03  1.848E-03  1.619E-03  1.458E-03  1.258E-03  1.104E-03  9.681E-04  8.313E-04  7.140E-04  6.117E-04  5.217E-04  4.426E-04  3.740E-04  3.153E-04  2.656E-04  2.175E-04  1.806E-04  1.475E-04  1.209E-04  9.714E-05  7.830E-05  6.258E-05  4.897E-05  3.796E-05  2.909E-05  2.202E-05  1.645E-05  1.183E-05  8.432E-06  5.903E-06  3.845E-06  2.429E-06  1.341E-06  6.338E-07  2.354E-07  5.803E-08  7.701E-09  3.500E-10  6.878E-12  1.946E-14  2.973E-18  1.728E-23  3.647E-34  0.000E+00  0.000E+00  0.000E+00  0.000E+00  0.000E+00  0.000E+00  0.000E+00  0.000E+00  0.000E+00  0.000E+00  0.000E+00  0.000E+00  0.000E+00  0.000E+00
  329.5000  5.634E-03  5.045E-03  4.538E-03  4.101E-03  3.725E-03  3.345E-03  2.933E-03  2.650E-03  2.286E-03  2.007E-03  1.760E-03  1.509E-03  1.294E-03  1.106E-03  9.403E-04  7.948E-04  6.689E-04  5.616E-04  4.712E-04  3.839E-04  3.174E-04  2.584E-04  2.112E-04  1.693E-04  1.365E-04  1.091E-04  8.551E-05  6.650E-05  5.118E-05  3.894E-05  2.928E-05  2.123E-05  1.531E-05  1.091E-05  7.348E-06  4.885E-06  2.934E-06  1.576E-06  7.066E-07  2.201E-07  3.656E-08  1.890E-09  3.696E-11  1.044E-13  1.534E-17  9.239E-23  2.310E-33  0.000E+00  0.000E+00  0.000E+00  0.000E+00  0.000E+00  0.000E+00  0.000E+00  0.000E+00  0.000E+00  0.000E+00  0.000E+00  0.000E+00  0.000E+00  0.000E+00
  330.5000  4.466E-03  3.993E-03  3.585E-03  3.234E-03  2.931E-03  2.628E-03  2.302E-03  2.077E-03  1.791E-03  1.571E-03  1.378E-03  1.182E-03  1.013E-03  8.668E-04  7.378E-04  6.245E-04  5.264E-04  4.427E-04  3.720E-04  3.038E-04  2.516E-04  2.051E-04  1.678E-04  1.347E-04  1.086E-04  8.681E-05  6.802E-05  5.284E-05  4.061E-05  3.083E-05  2.313E-05  1.672E-05  1.201E-05  8.508E-06  5.664E-06  3.697E-06  2.152E-06  1.102E-06  4.600E-07  1.312E-07  2.018E-08  1.024E-09  2.128E-11  6.605E-14  1.149E-17  8.358E-23  2.673E-33  0.000E+00  0.000E+00  0.000E+00  0.000E+00  0.000E+00  0.000E+00  0.000E+00  0.000E+00  0.000E+00  0.000E+00  0.000E+00  0.000E+00  0.000E+00  0.000E+00
  331.5000  4.288E-03  3.832E-03  3.439E-03  3.100E-03  2.808E-03  2.516E-03  2.204E-03  1.987E-03  1.713E-03  1.503E-03  1.317E-03  1.130E-03  9.689E-04  8.287E-04  7.054E-04  5.971E-04  5.034E-04  4.234E-04  3.558E-04  2.906E-04  2.408E-04  1.963E-04  1.607E-04  1.290E-04  1.040E-04  8.310E-05  6.511E-05  5.056E-05  3.885E-05  2.949E-05  2.211E-05  1.598E-05  1.147E-05  8.114E-06  5.391E-06  3.507E-06  2.032E-06  1.033E-06  4.269E-07  1.206E-07  1.852E-08  9.584E-10  2.083E-11  6.933E-14  1.352E-17  1.138E-22  4.520E-33  0.000E+00  0.000E+00  0.000E+00  0.000E+00  0.000E+00  0.000E+00  0.000E+00  0.000E+00  0.000E+00  0.000E+00  0.000E+00  0.000E+00  0.000E+00  0.000E+00
  332.5000  5.376E-03  4.819E-03  4.339E-03  3.925E-03  3.570E-03  3.209E-03  2.815E-03  2.546E-03  2.197E-03  1.930E-03  1.693E-03  1.451E-03  1.244E-03  1.062E-03  9.027E-04  7.623E-04  6.409E-04  5.375E-04  4.505E-04  3.664E-04  3.026E-04  2.460E-04  2.008E-04  1.609E-04  1.297E-04  1.036E-04  8.125E-05  6.324E-05  4.874E-05  3.715E-05  2.798E-05  2.035E-05  1.471E-05  1.054E-05  7.155E-06  4.816E-06  2.952E-06  1.638E-06  7.730E-07  2.582E-07  4.675E-08  2.671E-09  5.841E-11  1.974E-13  3.831E-17  3.419E-22  1.617E-32  0.000E+00  0.000E+00  0.000E+00  0.000E+00  0.000E+00  0.000E+00  0.000E+00  0.000E+00  0.000E+00  0.000E+00  0.000E+00  0.000E+00  0.000E+00  0.000E+00
  333.5000  4.540E-03  4.063E-03  3.652E-03  3.298E-03  2.993E-03  2.686E-03  2.354E-03  2.125E-03  1.833E-03  1.608E-03  1.410E-03  1.208E-03  1.035E-03  8.847E-04  7.521E-04  6.356E-04  5.349E-04  4.491E-04  3.767E-04  3.069E-04  2.538E-04  2.066E-04  1.688E-04  1.353E-04  1.091E-04  8.719E-05  6.836E-05  5.316E-05  4.093E-05  3.114E-05  2.342E-05  1.699E-05  1.225E-05  8.739E-06  5.887E-06  3.914E-06  2.349E-06  1.261E-06  5.662E-07  1.780E-07  3.059E-08  1.737E-09  4.008E-11  1.472E-13  3.308E-17  3.493E-22  2.070E-32  0.000E+00  0.000E+00  0.000E+00  0.000E+00  0.000E+00  0.000E+00  0.000E+00  0.000E+00  0.000E+00  0.000E+00  0.000E+00  0.000E+00  0.000E+00  0.000E+00
  334.5000  5.353E-03  4.794E-03  4.312E-03  3.896E-03  3.539E-03  3.178E-03  2.786E-03  2.517E-03  2.171E-03  1.905E-03  1.670E-03  1.431E-03  1.226E-03  1.047E-03  8.898E-04  7.514E-04  6.318E-04  5.300E-04  4.442E-04  3.615E-04  2.987E-04  2.429E-04  1.983E-04  1.589E-04  1.281E-04  1.023E-04  8.025E-05  6.244E-05  4.811E-05  3.664E-05  2.759E-05  2.004E-05  1.448E-05  1.036E-05  7.010E-06  4.697E-06  2.858E-06  1.568E-06  7.280E-07  2.392E-07  4.317E-08  2.557E-09  6.090E-11  2.353E-13  5.690E-17  6.723E-22  4.837E-32  0.000E+00  0.000E+00  0.000E+00  0.000E+00  0.000E+00  0.000E+00  0.000E+00  0.000E+00  0.000E+00  0.000E+00  0.000E+00  0.000E+00  0.000E+00  0.000E+00
  335.5000  6.133E-03  5.502E-03  4.959E-03  4.492E-03  4.089E-03  3.680E-03  3.231E-03  2.925E-03  2.525E-03  2.218E-03  1.947E-03  1.669E-03  1.430E-03  1.221E-03  1.037E-03  8.749E-04  7.348E-04  6.156E-04  5.154E-04  4.185E-04  3.452E-04  2.803E-04  2.286E-04  1.829E-04  1.474E-04  1.177E-04  9.233E-05  7.191E-05  5.549E-05  4.235E-05  3.196E-05  2.329E-05  1.689E-05  1.215E-05  8.299E-06  5.644E-06  3.521E-06  2.011E-06  9.930E-07  3.535E-07  6.928E-08  4.351E-09  1.060E-10  4.251E-13  1.078E-16  1.399E-21  1.214E-31  0.000E+00  0.000E+00  0.000E+00  0.000E+00  0.000E+00  0.000E+00  0.000E+00  0.000E+00  0.000E+00  0.000E+00  0.000E+00  0.000E+00  0.000E+00  0.000E+00
  336.5000  4.623E-03  4.145E-03  3.733E-03  3.378E-03  3.073E-03  2.763E-03  2.425E-03  2.194E-03  1.892E-03  1.662E-03  1.458E-03  1.249E-03  1.070E-03  9.136E-04  7.758E-04  6.546E-04  5.499E-04  4.608E-04  3.858E-04  3.134E-04  2.586E-04  2.100E-04  1.713E-04  1.371E-04  1.105E-04  8.825E-05  6.922E-05  5.390E-05  4.158E-05  3.172E-05  2.393E-05  1.743E-05  1.262E-05  9.070E-06  6.186E-06  4.194E-06  2.602E-06  1.474E-06  7.187E-07  2.524E-07  4.912E-08  3.131E-09  7.957E-11  3.412E-13  9.651E-17  1.439E-21  1.529E-31  0.000E+00  0.000E+00  0.000E+00  0.000E+00  0.000E+00  0.000E+00  0.000E+00  0.000E+00  0.000E+00  0.000E+00  0.000E+00  0.000E+00  0.000E+00  0.000E+00
  337.5000  4.657E-03  4.169E-03  3.749E-03  3.387E-03  3.076E-03  2.761E-03  2.420E-03  2.186E-03  1.884E-03  1.653E-03  1.449E-03  1.242E-03  1.063E-03  9.079E-04  7.710E-04  6.509E-04  5.470E-04  4.587E-04  3.843E-04  3.126E-04  2.582E-04  2.099E-04  1.713E-04  1.372E-04  1.106E-04  8.836E-05  6.929E-05  5.393E-05  4.156E-05  3.167E-05  2.385E-05  1.735E-05  1.254E-05  8.980E-06  6.091E-06  4.092E-06  2.500E-06  1.382E-06  6.499E-07  2.182E-07  4.093E-08  2.608E-09  6.955E-11  3.215E-13  1.035E-16  1.796E-21  2.354E-31  0.000E+00  0.000E+00  0.000E+00  0.000E+00  0.000E+00  0.000E+00  0.000E+00  0.000E+00  0.000E+00  0.000E+00  0.000E+00  0.000E+00  0.000E+00  0.000E+00
  338.5000  5.595E-03  5.019E-03  4.523E-03  4.096E-03  3.729E-03  3.355E-03  2.945E-03  2.666E-03  2.300E-03  2.021E-03  1.774E-03  1.520E-03  1.301E-03  1.111E-03  9.427E-04  7.950E-04  6.674E-04  5.588E-04  4.676E-04  3.794E-04  3.128E-04  2.538E-04  2.068E-04  1.654E-04  1.333E-04  1.064E-04  8.348E-05  6.503E-05  5.020E-05  3.833E-05  2.895E-05  2.111E-05  1.532E-05  1.103E-05  7.552E-06  5.150E-06  3.230E-06  1.862E-06  9.341E-07  3.415E-07  6.997E-08  4.738E-09  1.289E-10  6.162E-13  2.061E-16  3.889E-21  6.063E-31  0.000E+00  0.000E+00  0.000E+00  0.000E+00  0.000E+00  0.000E+00  0.000E+00  0.000E+00  0.000E+00  0.000E+00  0.000E+00  0.000E+00  0.000E+00  0.000E+00
  339.5000  6.192E-03  5.556E-03  5.008E-03  4.537E-03  4.131E-03  3.718E-03  3.264E-03  2.956E-03  2.550E-03  2.241E-03  1.966E-03  1.685E-03  1.443E-03  1.231E-03  1.045E-03  8.808E-04  7.391E-04  6.187E-04  5.175E-04  4.196E-04  3.458E-04  2.805E-04  2.285E-04  1.827E-04  1.472E-04  1.175E-04  9.216E-05  7.180E-05  5.544E-05  4.235E-05  3.200E-05  2.335E-05  1.695E-05  1.222E-05  8.379E-06  5.728E-06  3.608E-06  2.096E-06  1.064E-06  3.962E-07  8.315E-08  5.797E-09  1.632E-10  8.230E-13  2.991E-16  6.332E-21  1.189E-30  0.000E+00  0.000E+00  0.000E+00  0.000E+00  0.000E+00  0.000E+00  0.000E+00  0.000E+00  0.000E+00  0.000E+00  0.000E+00  0.000E+00  0.000E+00  0.000E+00
  340.5000  6.309E-03  5.655E-03  5.093E-03  4.608E-03  4.192E-03  3.768E-03  3.305E-03  2.990E-03  2.579E-03  2.264E-03  1.986E-03  1.701E-03  1.456E-03  1.242E-03  1.054E-03  8.888E-04  7.460E-04  6.246E-04  5.226E-04  4.241E-04  3.496E-04  2.837E-04  2.312E-04  1.850E-04  1.490E-04  1.190E-04  9.332E-05  7.269E-05  5.610E-05  4.283E-05  3.233E-05  2.358E-05  1.710E-05  1.231E-05  8.418E-06  5.731E-06  3.584E-06  2.058E-06  1.027E-06  3.742E-07  7.734E-08  5.443E-09  1.597E-10  8.598E-13  3.485E-16  8.441E-21  1.928E-30  0.000E+00  0.000E+00  0.000E+00  0.000E+00  0.000E+00  0.000E+00  0.000E+00  0.000E+00  0.000E+00  0.000E+00  0.000E+00  0.000E+00  0.000E+00  0.000E+00
  341.5000  6.000E-03  5.385E-03  4.856E-03  4.400E-03  4.008E-03  3.608E-03  3.168E-03  2.870E-03  2.476E-03  2.176E-03  1.910E-03  1.636E-03  1.401E-03  1.195E-03  1.014E-03  8.545E-04  7.168E-04  5.997E-04  5.014E-04  4.063E-04  3.346E-04  2.713E-04  2.209E-04  1.765E-04  1.422E-04  1.135E-04  8.901E-05  6.936E-05  5.358E-05  4.095E-05  3.096E-05  2.261E-05  1.643E-05  1.186E-05  8.150E-06  5.590E-06  3.541E-06  2.077E-06  1.072E-06  4.086E-07  8.879E-08  6.513E-09  1.962E-10  1.103E-12  4.750E-16  1.269E-20  3.456E-30  0.000E+00  0.000E+00  0.000E+00  0.000E+00  0.000E+00  0.000E+00  0.000E+00  0.000E+00  0.000E+00  0.000E+00  0.000E+00  0.000E+00  0.000E+00  0.000E+00
  342.5000  6.733E-03  6.044E-03  5.450E-03  4.940E-03  4.501E-03  4.052E-03  3.558E-03  3.224E-03  2.782E-03  2.445E-03  2.146E-03  1.838E-03  1.574E-03  1.342E-03  1.139E-03  9.594E-04  8.046E-04  6.730E-04  5.625E-04  4.557E-04  3.752E-04  3.040E-04  2.475E-04  1.977E-04  1.592E-04  1.271E-04  9.966E-05  7.766E-05  6.000E-05  4.588E-05  3.470E-05  2.535E-05  1.843E-05  1.331E-05  9.159E-06  6.294E-06  4.000E-06  2.359E-06  1.229E-06  4.751E-07  1.053E-07  7.932E-09  2.470E-10  1.462E-12  6.832E-16  2.041E-20  6.648E-30  0.000E+00  0.000E+00  0.000E+00  0.000E+00  0.000E+00  0.000E+00  0.000E+00  0.000E+00  0.000E+00  0.000E+00  0.000E+00  0.000E+00  0.000E+00  0.000E+00
  343.5000  6.831E-03  6.129E-03  5.524E-03  5.003E-03  4.555E-03  4.099E-03  3.597E-03  3.257E-03  2.809E-03  2.468E-03  2.165E-03  1.854E-03  1.587E-03  1.354E-03  1.148E-03  9.671E-04  8.110E-04  6.783E-04  5.670E-04  4.594E-04  3.782E-04  3.066E-04  2.496E-04  1.994E-04  1.606E-04  1.282E-04  1.005E-04  7.832E-05  6.050E-05  4.625E-05  3.497E-05  2.554E-05  1.856E-05  1.340E-05  9.210E-06  6.319E-06  4.005E-06  2.352E-06  1.218E-06  4.681E-07  1.037E-07  7.942E-09  2.566E-10  1.610E-12  8.264E-16  2.786E-20  1.089E-29  0.000E+00  0.000E+00  0.000E+00  0.000E+00  0.000E+00  0.000E+00  0.000E+00  0.000E+00  0.000E+00  0.000E+00  0.000E+00  0.000E+00  0.000E+00  0.000E+00
  344.5000  4.665E-03  4.183E-03  3.768E-03  3.410E-03  3.103E-03  2.790E-03  2.448E-03  2.215E-03  1.909E-03  1.677E-03  1.470E-03  1.259E-03  1.077E-03  9.186E-04  7.789E-04  6.562E-04  5.503E-04  4.603E-04  3.847E-04  3.118E-04  2.568E-04  2.082E-04  1.695E-04  1.355E-04  1.091E-04  8.706E-05  6.828E-05  5.320E-05  4.108E-05  3.140E-05  2.373E-05  1.733E-05  1.259E-05  9.083E-06  6.235E-06  4.270E-06  2.698E-06  1.577E-06  8.100E-07  3.088E-07  6.825E-08  5.303E-09  1.778E-10  1.182E-12  6.665E-16  2.534E-20  1.188E-29  0.000E+00  0.000E+00  0.000E+00  0.000E+00  0.000E+00  0.000E+00  0.000E+00  0.000E+00  0.000E+00  0.000E+00  0.000E+00  0.000E+00  0.000E+00  0.000E+00
  345.5000  6.843E-03  6.144E-03  5.541E-03  5.023E-03  4.577E-03  4.122E-03  3.619E-03  3.280E-03  2.830E-03  2.487E-03  2.183E-03  1.870E-03  1.600E-03  1.364E-03  1.157E-03  9.743E-04  8.166E-04  6.826E-04  5.702E-04  4.614E-04  3.796E-04  3.074E-04  2.501E-04  1.996E-04  1.607E-04  1.282E-04  1.006E-04  7.837E-05  6.057E-05  4.634E-05  3.508E-05  2.565E-05  1.867E-05  1.351E-05  9.313E-06  6.423E-06  4.106E-06  2.448E-06  1.298E-06  5.168E-07  1.198E-07  9.683E-09  3.327E-10  2.302E-12  1.374E-15  5.724E-20  3.155E-29  0.000E+00  0.000E+00  0.000E+00  0.000E+00  0.000E+00  0.000E+00  0.000E+00  0.000E+00  0.000E+00  0.000E+00  0.000E+00  0.000E+00  0.000E+00  0.000E+00
  346.5000  6.142E-03  5.509E-03  4.964E-03  4.495E-03  4.092E-03  3.681E-03  3.229E-03  2.924E-03  2.521E-03  2.213E-03  1.941E-03  1.662E-03  1.422E-03  1.212E-03  1.028E-03  8.655E-04  7.254E-04  6.065E-04  5.066E-04  4.103E-04  3.376E-04  2.736E-04  2.226E-04  1.778E-04  1.431E-04  1.142E-04  8.956E-05  6.980E-05  5.392E-05  4.123E-05  3.119E-05  2.280E-05  1.658E-05  1.198E-05  8.244E-06  5.666E-06  3.602E-06  2.129E-06  1.114E-06  4.365E-07  1.002E-07  8.191E-09  2.922E-10  2.144E-12  1.410E-15  6.632E-20  4.384E-29  0.000E+00  0.000E+00  0.000E+00  0.000E+00  0.000E+00  0.000E+00  0.000E+00  0.000E+00  0.000E+00  0.000E+00  0.000E+00  0.000E+00  0.000E+00  0.000E+00
  347.5000  6.032E-03  5.410E-03  4.875E-03  4.415E-03  4.019E-03  3.615E-03  3.171E-03  2.871E-03  2.475E-03  2.174E-03  1.906E-03  1.632E-03  1.396E-03  1.190E-03  1.009E-03  8.492E-04  7.117E-04  5.948E-04  4.968E-04  4.022E-04  3.309E-04  2.680E-04  2.180E-04  1.741E-04  1.402E-04  1.118E-04  8.769E-05  6.833E-05  5.280E-05  4.038E-05  3.055E-05  2.234E-05  1.625E-05  1.175E-05  8.089E-06  5.565E-06  3.545E-06  2.102E-06  1.106E-06  4.375E-07  1.019E-07  8.519E-09  3.137E-10  2.419E-12  1.720E-15  8.990E-20  7.033E-29  0.000E+00  0.000E+00  0.000E+00  0.000E+00  0.000E+00  0.000E+00  0.000E+00  0.000E+00  0.000E+00  0.000E+00  0.000E+00  0.000E+00  0.000E+00  0.000E+00
  348.5000  6.731E-03  6.039E-03  5.443E-03  4.930E-03  4.489E-03  4.039E-03  3.544E-03  3.209E-03  2.767E-03  2.430E-03  2.132E-03  1.824E-03  1.561E-03  1.330E-03  1.127E-03  9.490E-04  7.950E-04  6.643E-04  5.547E-04  4.488E-04  3.691E-04  2.989E-04  2.430E-04  1.940E-04  1.562E-04  1.246E-04  9.767E-05  7.612E-05  5.883E-05  4.501E-05  3.407E-05  2.492E-05  1.814E-05  1.312E-05  9.046E-06  6.236E-06  3.986E-06  2.377E-06  1.263E-06  5.068E-07  1.204E-07  1.031E-08  3.913E-10  3.163E-12  2.419E-15  1.400E-19  1.291E-28  0.000E+00  0.000E+00  0.000E+00  0.000E+00  0.000E+00  0.000E+00  0.000E+00  0.000E+00  0.000E+00  0.000E+00  0.000E+00  0.000E+00  0.000E+00  0.000E+00
  349.5000  5.630E-03  5.051E-03  4.552E-03  4.122E-03  3.753E-03  3.377E-03  2.962E-03  2.682E-03  2.312E-03  2.030E-03  1.780E-03  1.524E-03  1.303E-03  1.111E-03  9.410E-04  7.920E-04  6.634E-04  5.542E-04  4.627E-04  3.743E-04  3.078E-04  2.492E-04  2.026E-04  1.617E-04  1.301E-04  1.038E-04  8.138E-05  6.343E-05  4.902E-05  3.751E-05  2.839E-05  2.077E-05  1.512E-05  1.094E-05  7.544E-06  5.202E-06  3.328E-06  1.988E-06  1.059E-06  4.272E-07  1.025E-07  8.967E-09  3.510E-10  2.981E-12  2.466E-15  1.584E-19  1.722E-28  0.000E+00  0.000E+00  0.000E+00  0.000E+00  0.000E+00  0.000E+00  0.000E+00  0.000E+00  0.000E+00  0.000E+00  0.000E+00  0.000E+00  0.000E+00  0.000E+00
  350.5000  7.912E-03  7.098E-03  6.396E-03  5.793E-03  5.274E-03  4.745E-03  4.162E-03  3.769E-03  3.248E-03  2.852E-03  2.501E-03  2.140E-03  1.830E-03  1.559E-03  1.321E-03  1.112E-03  9.310E-04  7.776E-04  6.490E-04  5.249E-04  4.316E-04  3.493E-04  2.839E-04  2.266E-04  1.823E-04  1.454E-04  1.140E-04  8.885E-05  6.867E-05  5.255E-05  3.979E-05  2.912E-05  2.120E-05  1.535E-05  1.059E-05  7.307E-06  4.682E-06  2.804E-06  1.501E-06  6.105E-07  1.485E-07  1.327E-08  5.353E-10  4.769E-12  4.252E-15  3.022E-19  3.863E-28  0.000E+00  0.000E+00  0.000E+00  0.000E+00  0.000E+00  0.000E+00  0.000E+00  0.000E+00  0.000E+00  0.000E+00  0.000E+00  0.000E+00  0.000E+00  0.000E+00
  351.5000  6.782E-03  6.083E-03  5.480E-03  4.962E-03  4.516E-03  4.063E-03  3.563E-03  3.225E-03  2.779E-03  2.440E-03  2.139E-03  1.830E-03  1.565E-03  1.333E-03  1.129E-03  9.500E-04  7.954E-04  6.642E-04  5.543E-04  4.482E-04  3.685E-04  2.982E-04  2.424E-04  1.934E-04  1.556E-04  1.241E-04  9.728E-05  7.582E-05  5.860E-05  4.484E-05  3.396E-05  2.485E-05  1.810E-05  1.310E-05  9.037E-06  6.237E-06  3.997E-06  2.395E-06  1.284E-06  5.238E-07  1.285E-07  1.170E-08  4.868E-10  4.554E-12  4.386E-15  3.453E-19  5.183E-28  0.000E+00  0.000E+00  0.000E+00  0.000E+00  0.000E+00  0.000E+00  0.000E+00  0.000E+00  0.000E+00  0.000E+00  0.000E+00  0.000E+00  0.000E+00  0.000E+00
  352.5000  6.148E-03  5.514E-03  4.968E-03  4.498E-03  4.095E-03  3.683E-03  3.230E-03  2.924E-03  2.519E-03  2.212E-03  1.939E-03  1.659E-03  1.418E-03  1.208E-03  1.023E-03  8.605E-04  7.203E-04  6.014E-04  5.018E-04  4.056E-04  3.334E-04  2.697E-04  2.192E-04  1.748E-04  1.407E-04  1.121E-04  8.792E-05  6.853E-05  5.297E-05  4.054E-05  3.070E-05  2.248E-05  1.637E-05  1.185E-05  8.185E-06  5.654E-06  3.630E-06  2.182E-06  1.175E-06  4.838E-07  1.203E-07  1.119E-08  4.794E-10  4.696E-12  4.862E-15  4.222E-19  7.416E-28  0.000E+00  0.000E+00  0.000E+00  0.000E+00  0.000E+00  0.000E+00  0.000E+00  0.000E+00  0.000E+00  0.000E+00  0.000E+00  0.000E+00  0.000E+00  0.000E+00
  353.5000  7.460E-03  6.692E-03  6.030E-03  5.460E-03  4.971E-03  4.472E-03  3.921E-03  3.550E-03  3.059E-03  2.685E-03  2.354E-03  2.014E-03  1.721E-03  1.467E-03  1.242E-03  1.044E-03  8.739E-04  7.294E-04  6.084E-04  4.917E-04  4.040E-04  3.267E-04  2.654E-04  2.117E-04  1.703E-04  1.357E-04  1.064E-04  8.294E-05  6.412E-05  4.909E-05  3.719E-05  2.723E-05  1.984E-05  1.437E-05  9.931E-06  6.869E-06  4.419E-06  2.666E-06  1.445E-06  6.008E-07  1.516E-07  1.440E-08  6.350E-10  6.508E-12  7.229E-15  6.908E-19  1.416E-27  0.000E+00  0.000E+00  0.000E+00  0.000E+00  0.000E+00  0.000E+00  0.000E+00  0.000E+00  0.000E+00  0.000E+00  0.000E+00  0.000E+00  0.000E+00  0.000E+00
  354.5000  8.128E-03  7.292E-03  6.571E-03  5.950E-03  5.417E-03  4.874E-03  4.274E-03  3.870E-03  3.334E-03  2.927E-03  2.566E-03  2.195E-03  1.876E-03  1.598E-03  1.353E-03  1.137E-03  9.517E-04  7.942E-04  6.623E-04  5.350E-04  4.394E-04  3.553E-04  2.886E-04  2.301E-04  1.851E-04  1.475E-04  1.156E-04  9.012E-05  6.968E-05  5.335E-05  4.043E-05  2.962E-05  2.159E-05  1.564E-05  1.082E-05  7.488E-06  4.826E-06  2.922E-06  1.593E-06  6.681E-07  1.709E-07  1.658E-08  7.522E-10  8.061E-12  9.598E-15  1.008E-18  2.408E-27  0.000E+00  0.000E+00  0.000E+00  0.000E+00  0.000E+00  0.000E+00  0.000E+00  0.000E+00  0.000E+00  0.000E+00  0.000E+00  0.000E+00  0.000E+00  0.000E+00
  355.5000  7.602E-03  6.820E-03  6.145E-03  5.564E-03  5.066E-03  4.557E-03  3.996E-03  3.617E-03  3.116E-03  2.735E-03  2.398E-03  2.051E-03  1.753E-03  1.492E-03  1.263E-03  1.062E-03  8.884E-04  7.413E-04  6.180E-04  4.992E-04  4.099E-04  3.314E-04  2.691E-04  2.145E-04  1.725E-04  1.375E-04  1.078E-04  8.399E-05  6.494E-05  4.973E-05  3.769E-05  2.761E-05  2.013E-05  1.459E-05  1.009E-05  6.991E-06  4.511E-06  2.736E-06  1.496E-06  6.315E-07  1.633E-07  1.616E-08  7.540E-10  8.452E-12  1.080E-14  1.248E-18  3.467E-27  0.000E+00  0.000E+00  0.000E+00  0.000E+00  0.000E+00  0.000E+00  0.000E+00  0.000E+00  0.000E+00  0.000E+00  0.000E+00  0.000E+00  0.000E+00  0.000E+00
  356.5000  7.053E-03  6.327E-03  5.700E-03  5.161E-03  4.698E-03  4.226E-03  3.705E-03  3.354E-03  2.889E-03  2.535E-03  2.222E-03  1.900E-03  1.624E-03  1.382E-03  1.170E-03  9.834E-04  8.225E-04  6.861E-04  5.719E-04  4.618E-04  3.792E-04  3.065E-04  2.488E-04  1.983E-04  1.595E-04  1.271E-04  9.960E-05  7.763E-05  6.002E-05  4.597E-05  3.484E-05  2.553E-05  1.862E-05  1.350E-05  9.338E-06  6.471E-06  4.179E-06  2.539E-06  1.393E-06  5.909E-07  1.544E-07  1.556E-08  7.471E-10  8.755E-12  1.200E-14  1.523E-18  4.913E-27  0.000E+00  0.000E+00  0.000E+00  0.000E+00  0.000E+00  0.000E+00  0.000E+00  0.000E+00  0.000E+00  0.000E+00  0.000E+00  0.000E+00  0.000E+00  0.000E+00
  357.5000  5.991E-03  5.373E-03  4.840E-03  4.382E-03  3.988E-03  3.587E-03  3.144E-03  2.846E-03  2.451E-03  2.151E-03  1.885E-03  1.611E-03  1.377E-03  1.172E-03  9.917E-04  8.334E-04  6.970E-04  5.813E-04  4.845E-04  3.911E-04  3.210E-04  2.594E-04  2.106E-04  1.678E-04  1.349E-04  1.075E-04  8.427E-05  6.568E-05  5.078E-05  3.889E-05  2.948E-05  2.161E-05  1.576E-05  1.143E-05  7.907E-06  5.481E-06  3.542E-06  2.155E-06  1.185E-06  5.054E-07  1.333E-07  1.369E-08  6.757E-10  8.274E-12  1.216E-14  1.692E-18  6.328E-27  0.000E+00  0.000E+00  0.000E+00  0.000E+00  0.000E+00  0.000E+00  0.000E+00  0.000E+00  0.000E+00  0.000E+00  0.000E+00  0.000E+00  0.000E+00  0.000E+00
  358.5000  4.639E-03  4.161E-03  3.748E-03  3.393E-03  3.089E-03  2.778E-03  2.435E-03  2.204E-03  1.898E-03  1.665E-03  1.459E-03  1.247E-03  1.066E-03  9.064E-04  7.673E-04  6.447E-04  5.390E-04  4.495E-04  3.745E-04  3.023E-04  2.481E-04  2.004E-04  1.627E-04  1.296E-04  1.042E-04  8.300E-05  6.504E-05  5.069E-05  3.920E-05  3.003E-05  2.277E-05  1.669E-05  1.217E-05  8.830E-06  6.113E-06  4.241E-06  2.744E-06  1.674E-06  9.243E-07  3.969E-07  1.059E-07  1.108E-08  5.623E-10  7.186E-12  1.129E-14  1.719E-18  7.433E-27  0.000E+00  0.000E+00  0.000E+00  0.000E+00  0.000E+00  0.000E+00  0.000E+00  0.000E+00  0.000E+00  0.000E+00  0.000E+00  0.000E+00  0.000E+00  0.000E+00
  359.5000  7.809E-03  7.004E-03  6.309E-03  5.711E-03  5.197E-03  4.673E-03  4.096E-03  3.707E-03  3.192E-03  2.800E-03  2.454E-03  2.097E-03  1.791E-03  1.525E-03  1.290E-03  1.083E-03  9.056E-04  7.549E-04  6.289E-04  5.075E-04  4.164E-04  3.363E-04  2.729E-04  2.174E-04  1.748E-04  1.392E-04  1.091E-04  8.502E-05  6.575E-05  5.036E-05  3.819E-05  2.800E-05  2.043E-05  1.482E-05  1.026E-05  7.123E-06  4.614E-06  2.818E-06  1.561E-06  6.739E-07  1.817E-07  1.936E-08  1.009E-09  1.345E-11  2.259E-14  3.764E-18  1.879E-26  0.000E+00  0.000E+00  0.000E+00  0.000E+00  0.000E+00  0.000E+00  0.000E+00  0.000E+00  0.000E+00  0.000E+00  0.000E+00  0.000E+00  0.000E+00  0.000E+00
  360.5000  7.243E-03  6.495E-03  5.851E-03  5.295E-03  4.819E-03  4.333E-03  3.797E-03  3.436E-03  2.958E-03  2.595E-03  2.274E-03  1.943E-03  1.659E-03  1.412E-03  1.194E-03  1.003E-03  8.383E-04  6.987E-04  5.820E-04  4.695E-04  3.851E-04  3.110E-04  2.523E-04  2.010E-04  1.615E-04  1.286E-04  1.008E-04  7.856E-05  6.076E-05  4.655E-05  3.530E-05  2.589E-05  1.889E-05  1.370E-05  9.495E-06  6.593E-06  4.274E-06  2.615E-06  1.453E-06  6.307E-07  1.717E-07  1.863E-08  9.971E-10  1.387E-11  2.487E-14  4.527E-18  2.603E-26  0.000E+00  0.000E+00  0.000E+00  0.000E+00  0.000E+00  0.000E+00  0.000E+00  0.000E+00  0.000E+00  0.000E+00  0.000E+00  0.000E+00  0.000E+00  0.000E+00
  361.5000  6.546E-03  5.871E-03  5.288E-03  4.786E-03  4.355E-03  3.916E-03  3.431E-03  3.105E-03  2.673E-03  2.345E-03  2.054E-03  1.755E-03  1.499E-03  1.274E-03  1.078E-03  9.053E-04  7.565E-04  6.304E-04  5.250E-04  4.234E-04  3.472E-04  2.804E-04  2.274E-04  1.811E-04  1.455E-04  1.159E-04  9.080E-05  7.076E-05  5.473E-05  4.193E-05  3.180E-05  2.333E-05  1.702E-05  1.236E-05  8.564E-06  5.950E-06  3.862E-06  2.368E-06  1.320E-06  5.768E-07  1.588E-07  1.754E-08  9.634E-10  1.396E-11  2.670E-14  5.299E-18  3.503E-26  0.000E+00  0.000E+00  0.000E+00  0.000E+00  0.000E+00  0.000E+00  0.000E+00  0.000E+00  0.000E+00  0.000E+00  0.000E+00  0.000E+00  0.000E+00  0.000E+00
  362.5000  7.698E-03  6.903E-03  6.218E-03  5.628E-03  5.121E-03  4.604E-03  4.034E-03  3.650E-03  3.142E-03  2.756E-03  2.414E-03  2.062E-03  1.761E-03  1.498E-03  1.266E-03  1.063E-03  8.882E-04  7.400E-04  6.161E-04  4.968E-04  4.073E-04  3.288E-04  2.666E-04  2.123E-04  1.706E-04  1.358E-04  1.064E-04  8.293E-05  6.414E-05  4.915E-05  3.728E-05  2.735E-05  1.996E-05  1.449E-05  1.005E-05  6.985E-06  4.538E-06  2.788E-06  1.559E-06  6.852E-07  1.905E-07  2.142E-08  1.207E-09  1.822E-11  3.714E-14  8.030E-18  6.092E-26  0.000E+00  0.000E+00  0.000E+00  0.000E+00  0.000E+00  0.000E+00  0.000E+00  0.000E+00  0.000E+00  0.000E+00  0.000E+00  0.000E+00  0.000E+00  0.000E+00
  363.5000  6.853E-03  6.145E-03  5.535E-03  5.009E-03  4.557E-03  4.097E-03  3.589E-03  3.247E-03  2.795E-03  2.451E-03  2.147E-03  1.834E-03  1.565E-03  1.331E-03  1.125E-03  9.448E-04  7.892E-04  6.574E-04  5.472E-04  4.411E-04  3.616E-04  2.918E-04  2.366E-04  1.883E-04  1.513E-04  1.205E-04  9.437E-05  7.355E-05  5.688E-05  4.359E-05  3.307E-05  2.427E-05  1.772E-05  1.286E-05  8.922E-06  6.205E-06  4.035E-06  2.482E-06  1.393E-06  6.151E-07  1.727E-07  1.976E-08  1.142E-09  1.794E-11  3.896E-14  9.167E-18  7.969E-26  0.000E+00  0.000E+00  0.000E+00  0.000E+00  0.000E+00  0.000E+00  0.000E+00  0.000E+00  0.000E+00  0.000E+00  0.000E+00  0.000E+00  0.000E+00  0.000E+00
  364.5000  7.473E-03  6.700E-03  6.034E-03  5.460E-03  4.967E-03  4.465E-03  3.911E-03  3.538E-03  3.045E-03  2.670E-03  2.338E-03  1.997E-03  1.704E-03  1.450E-03  1.225E-03  1.028E-03  8.587E-04  7.151E-04  5.952E-04  4.797E-04  3.932E-04  3.172E-04  2.572E-04  2.047E-04  1.644E-04  1.309E-04  1.025E-04  7.989E-05  6.179E-05  4.736E-05  3.593E-05  2.637E-05  1.925E-05  1.398E-05  9.701E-06  6.749E-06  4.391E-06  2.706E-06  1.521E-06  6.753E-07  1.913E-07  2.225E-08  1.320E-09  2.157E-11  4.986E-14  1.276E-17  1.269E-25  0.000E+00  0.000E+00  0.000E+00  0.000E+00  0.000E+00  0.000E+00  0.000E+00  0.000E+00  0.000E+00  0.000E+00  0.000E+00  0.000E+00  0.000E+00  0.000E+00
  365.5000  9.098E-03  8.158E-03  7.345E-03  6.646E-03  6.045E-03  5.433E-03  4.758E-03  4.304E-03  3.703E-03  3.247E-03  2.843E-03  2.428E-03  2.072E-03  1.763E-03  1.489E-03  1.249E-03  1.043E-03  8.685E-04  7.226E-04  5.823E-04  4.772E-04  3.850E-04  3.120E-04  2.483E-04  1.994E-04  1.587E-04  1.243E-04  9.688E-05  7.493E-05  5.743E-05  4.358E-05  3.199E-05  2.336E-05  1.697E-05  1.177E-05  8.193E-06  5.335E-06  3.291E-06  1.855E-06  8.268E-07  2.362E-07  2.794E-08  1.699E-09  2.889E-11  7.102E-14  1.973E-17  2.241E-25  0.000E+00  0.000E+00  0.000E+00  0.000E+00  0.000E+00  0.000E+00  0.000E+00  0.000E+00  0.000E+00  0.000E+00  0.000E+00  0.000E+00  0.000E+00  0.000E+00
  366.5000  9.642E-03  8.644E-03  7.784E-03  7.042E-03  6.405E-03  5.756E-03  5.041E-03  4.559E-03  3.922E-03  3.439E-03  3.011E-03  2.571E-03  2.193E-03  1.865E-03  1.575E-03  1.322E-03  1.103E-03  9.186E-04  7.642E-04  6.156E-04  5.043E-04  4.068E-04  3.296E-04  2.622E-04  2.106E-04  1.676E-04  1.313E-04  1.023E-04  7.912E-05  6.065E-05  4.603E-05  3.379E-05  2.468E-05  1.793E-05  1.245E-05  8.665E-06  5.647E-06  3.489E-06  1.973E-06  8.841E-07  2.550E-07  3.067E-08  1.911E-09  3.377E-11  8.818E-14  2.657E-17  3.439E-25  0.000E+00  0.000E+00  0.000E+00  0.000E+00  0.000E+00  0.000E+00  0.000E+00  0.000E+00  0.000E+00  0.000E+00  0.000E+00  0.000E+00  0.000E+00  0.000E+00
  367.5000  9.168E-03  8.219E-03  7.400E-03  6.695E-03  6.089E-03  5.472E-03  4.791E-03  4.333E-03  3.727E-03  3.267E-03  2.860E-03  2.442E-03  2.083E-03  1.773E-03  1.496E-03  1.255E-03  1.047E-03  8.718E-04  7.251E-04  5.840E-04  4.783E-04  3.857E-04  3.125E-04  2.486E-04  1.996E-04  1.588E-04  1.244E-04  9.692E-05  7.497E-05  5.747E-05  4.362E-05  3.203E-05  2.339E-05  1.700E-05  1.180E-05  8.223E-06  5.364E-06  3.320E-06  1.882E-06  8.480E-07  2.469E-07  3.020E-08  1.928E-09  3.537E-11  9.800E-14  3.198E-17  4.710E-25  0.000E+00  0.000E+00  0.000E+00  0.000E+00  0.000E+00  0.000E+00  0.000E+00  0.000E+00  0.000E+00  0.000E+00  0.000E+00  0.000E+00  0.000E+00  0.000E+00
  368.5000  8.055E-03  7.221E-03  6.501E-03  5.881E-03  5.348E-03  4.806E-03  4.208E-03  3.805E-03  3.272E-03  2.868E-03  2.510E-03  2.143E-03  1.828E-03  1.555E-03  1.312E-03  1.101E-03  9.184E-04  7.642E-04  6.355E-04  5.117E-04  4.191E-04  3.379E-04  2.737E-04  2.176E-04  1.748E-04  1.390E-04  1.089E-04  8.483E-05  6.562E-05  5.030E-05  3.818E-05  2.804E-05  2.049E-05  1.489E-05  1.034E-05  7.206E-06  4.704E-06  2.916E-06  1.657E-06  7.501E-07  2.203E-07  2.738E-08  1.790E-09  3.411E-11  1.002E-13  3.540E-17  5.924E-25  0.000E+00  0.000E+00  0.000E+00  0.000E+00  0.000E+00  0.000E+00  0.000E+00  0.000E+00  0.000E+00  0.000E+00  0.000E+00  0.000E+00  0.000E+00  0.000E+00
  369.5000  9.665E-03  8.664E-03  7.800E-03  7.055E-03  6.415E-03  5.764E-03  5.046E-03  4.562E-03  3.923E-03  3.438E-03  3.009E-03  2.568E-03  2.190E-03  1.863E-03  1.572E-03  1.318E-03  1.100E-03  9.149E-04  7.607E-04  6.124E-04  5.014E-04  4.041E-04  3.273E-04  2.602E-04  2.089E-04  1.662E-04  1.301E-04  1.014E-04  7.843E-05  6.013E-05  4.565E-05  3.353E-05  2.450E-05  1.781E-05  1.237E-05  8.625E-06  5.634E-06  3.497E-06  1.992E-06  9.061E-07  2.685E-07  3.390E-08  2.269E-09  4.486E-11  1.397E-13  5.334E-17  1.012E-24  0.000E+00  0.000E+00  0.000E+00  0.000E+00  0.000E+00  0.000E+00  0.000E+00  0.000E+00  0.000E+00  0.000E+00  0.000E+00  0.000E+00  0.000E+00  0.000E+00
  370.5000  8.770E-03  7.862E-03  7.077E-03  6.400E-03  5.819E-03  5.228E-03  4.576E-03  4.137E-03  3.557E-03  3.117E-03  2.728E-03  2.328E-03  1.985E-03  1.688E-03  1.424E-03  1.194E-03  9.958E-04  8.283E-04  6.885E-04  5.542E-04  4.536E-04  3.656E-04  2.960E-04  2.353E-04  1.889E-04  1.502E-04  1.176E-04  9.165E-05  7.090E-05  5.436E-05  4.127E-05  3.032E-05  2.215E-05  1.611E-05  1.119E-05  7.806E-06  5.103E-06  3.171E-06  1.811E-06  8.274E-07  2.472E-07  3.171E-08  2.173E-09  4.456E-11  1.470E-13  6.058E-17  1.302E-24  0.000E+00  0.000E+00  0.000E+00  0.000E+00  0.000E+00  0.000E+00  0.000E+00  0.000E+00  0.000E+00  0.000E+00  0.000E+00  0.000E+00  0.000E+00  0.000E+00
  371.5000  1.004E-02  8.999E-03  8.100E-03  7.325E-03  6.660E-03  5.983E-03  5.236E-03  4.733E-03  4.069E-03  3.565E-03  3.119E-03  2.662E-03  2.269E-03  1.929E-03  1.627E-03  1.364E-03  1.138E-03  9.461E-04  7.863E-04  6.327E-04  5.178E-04  4.172E-04  3.377E-04  2.684E-04  2.155E-04  1.713E-04  1.341E-04  1.045E-04  8.085E-05  6.199E-05  4.707E-05  3.458E-05  2.528E-05  1.838E-05  1.278E-05  8.913E-06  5.831E-06  3.629E-06  2.078E-06  9.534E-07  2.873E-07  3.743E-08  2.624E-09  5.578E-11  1.947E-13  8.655E-17  2.104E-24  0.000E+00  0.000E+00  0.000E+00  0.000E+00  0.000E+00  0.000E+00  0.000E+00  0.000E+00  0.000E+00  0.000E+00  0.000E+00  0.000E+00  0.000E+00  0.000E+00
  372.5000  7.420E-03  6.651E-03  5.986E-03  5.413E-03  4.920E-03  4.420E-03  3.868E-03  3.496E-03  3.005E-03  2.633E-03  2.303E-03  1.965E-03  1.675E-03  1.423E-03  1.201E-03  1.006E-03  8.391E-04  6.977E-04  5.797E-04  4.664E-04  3.816E-04  3.074E-04  2.488E-04  1.977E-04  1.587E-04  1.262E-04  9.876E-05  7.694E-05  5.952E-05  4.564E-05  3.466E-05  2.547E-05  1.862E-05  1.354E-05  9.416E-06  6.571E-06  4.302E-06  2.681E-06  1.538E-06  7.092E-07  2.155E-07  2.851E-08  2.045E-09  4.504E-11  1.662E-13  7.960E-17  2.185E-24  0.000E+00  0.000E+00  0.000E+00  0.000E+00  0.000E+00  0.000E+00  0.000E+00  0.000E+00  0.000E+00  0.000E+00  0.000E+00  0.000E+00  0.000E+00  0.000E+00
  373.5000  6.706E-03  6.010E-03  5.409E-03  4.891E-03  4.446E-03  3.993E-03  3.494E-03  3.158E-03  2.714E-03  2.377E-03  2.079E-03  1.773E-03  1.512E-03  1.284E-03  1.083E-03  9.078E-04  7.568E-04  6.291E-04  5.226E-04  4.203E-04  3.439E-04  2.770E-04  2.241E-04  1.781E-04  1.429E-04  1.136E-04  8.891E-05  6.927E-05  5.358E-05  4.109E-05  3.121E-05  2.294E-05  1.677E-05  1.220E-05  8.484E-06  5.922E-06  3.880E-06  2.421E-06  1.392E-06  6.444E-07  1.974E-07  2.651E-08  1.944E-09  4.436E-11  1.729E-13  8.918E-17  2.759E-24  0.000E+00  0.000E+00  0.000E+00  0.000E+00  0.000E+00  0.000E+00  0.000E+00  0.000E+00  0.000E+00  0.000E+00  0.000E+00  0.000E+00  0.000E+00  0.000E+00
  374.5000  7.360E-03  6.596E-03  5.936E-03  5.367E-03  4.878E-03  4.380E-03  3.832E-03  3.463E-03  2.976E-03  2.606E-03  2.279E-03  1.944E-03  1.657E-03  1.408E-03  1.187E-03  9.944E-04  8.288E-04  6.889E-04  5.721E-04  4.601E-04  3.763E-04  3.030E-04  2.451E-04  1.947E-04  1.563E-04  1.242E-04  9.720E-05  7.572E-05  5.858E-05  4.492E-05  3.412E-05  2.508E-05  1.834E-05  1.334E-05  9.282E-06  6.481E-06  4.249E-06  2.654E-06  1.530E-06  7.111E-07  2.196E-07  2.993E-08  2.244E-09  5.300E-11  2.182E-13  1.210E-16  4.214E-24  0.000E+00  0.000E+00  0.000E+00  0.000E+00  0.000E+00  0.000E+00  0.000E+00  0.000E+00  0.000E+00  0.000E+00  0.000E+00  0.000E+00  0.000E+00  0.000E+00
  375.5000  8.309E-03  7.446E-03  6.701E-03  6.057E-03  5.505E-03  4.943E-03  4.324E-03  3.907E-03  3.357E-03  2.940E-03  2.571E-03  2.192E-03  1.868E-03  1.586E-03  1.338E-03  1.121E-03  9.338E-04  7.759E-04  6.443E-04  5.180E-04  4.236E-04  3.410E-04  2.758E-04  2.191E-04  1.758E-04  1.397E-04  1.093E-04  8.515E-05  6.587E-05  5.052E-05  3.837E-05  2.821E-05  2.063E-05  1.501E-05  1.045E-05  7.298E-06  4.787E-06  2.994E-06  1.730E-06  8.076E-07  2.514E-07  3.477E-08  2.664E-09  6.512E-11  2.828E-13  1.685E-16  6.595E-24  0.000E+00  0.000E+00  0.000E+00  0.000E+00  0.000E+00  0.000E+00  0.000E+00  0.000E+00  0.000E+00  0.000E+00  0.000E+00  0.000E+00  0.000E+00  0.000E+00
  376.5000  8.301E-03  7.439E-03  6.694E-03  6.050E-03  5.498E-03  4.937E-03  4.318E-03  3.901E-03  3.351E-03  2.935E-03  2.566E-03  2.188E-03  1.864E-03  1.581E-03  1.334E-03  1.117E-03  9.310E-04  7.735E-04  6.421E-04  5.161E-04  4.219E-04  3.396E-04  2.747E-04  2.181E-04  1.750E-04  1.390E-04  1.088E-04  8.474E-05  6.555E-05  5.028E-05  3.819E-05  2.808E-05  2.054E-05  1.495E-05  1.041E-05  7.271E-06  4.773E-06  2.989E-06  1.731E-06  8.114E-07  2.546E-07  3.573E-08  2.797E-09  7.071E-11  3.237E-13  2.069E-16  9.093E-24  0.000E+00  0.000E+00  0.000E+00  0.000E+00  0.000E+00  0.000E+00  0.000E+00  0.000E+00  0.000E+00  0.000E+00  0.000E+00  0.000E+00  0.000E+00  0.000E+00
  377.5000  9.889E-03  8.861E-03  7.973E-03  7.206E-03  6.547E-03  5.878E-03  5.141E-03  4.644E-03  3.989E-03  3.493E-03  3.053E-03  2.603E-03  2.218E-03  1.880E-03  1.587E-03  1.329E-03  1.107E-03  9.193E-04  7.630E-04  6.132E-04  5.012E-04  4.033E-04  3.261E-04  2.589E-04  2.077E-04  1.650E-04  1.291E-04  1.005E-04  7.778E-05  5.966E-05  4.533E-05  3.333E-05  2.438E-05  1.775E-05  1.236E-05  8.638E-06  5.674E-06  3.558E-06  2.064E-06  9.718E-07  3.073E-07  4.375E-08  3.498E-09  9.143E-11  4.408E-13  3.022E-16  1.488E-23  0.000E+00  0.000E+00  0.000E+00  0.000E+00  0.000E+00  0.000E+00  0.000E+00  0.000E+00  0.000E+00  0.000E+00  0.000E+00  0.000E+00  0.000E+00  0.000E+00
  378.5000  1.078E-02  9.659E-03  8.690E-03  7.854E-03  7.135E-03  6.405E-03  5.601E-03  5.059E-03  4.345E-03  3.804E-03  3.325E-03  2.834E-03  2.414E-03  2.047E-03  1.727E-03  1.445E-03  1.204E-03  9.998E-04  8.297E-04  6.666E-04  5.447E-04  4.383E-04  3.543E-04  2.812E-04  2.255E-04  1.791E-04  1.402E-04  1.092E-04  8.445E-05  6.478E-05  4.922E-05  3.620E-05  2.648E-05  1.928E-05  1.343E-05  9.389E-06  6.171E-06  3.874E-06  2.253E-06  1.065E-06  3.392E-07  4.898E-08  3.999E-09  1.080E-10  5.483E-13  4.027E-16  2.219E-23  0.000E+00  0.000E+00  0.000E+00  0.000E+00  0.000E+00  0.000E+00  0.000E+00  0.000E+00  0.000E+00  0.000E+00  0.000E+00  0.000E+00  0.000E+00  0.000E+00
  379.5000  7.976E-03  7.147E-03  6.429E-03  5.810E-03  5.278E-03  4.737E-03  4.142E-03  3.741E-03  3.212E-03  2.812E-03  2.457E-03  2.094E-03  1.783E-03  1.513E-03  1.275E-03  1.068E-03  8.889E-04  7.381E-04  6.124E-04  4.919E-04  4.019E-04  3.233E-04  2.613E-04  2.074E-04  1.663E-04  1.320E-04  1.033E-04  8.045E-05  6.224E-05  4.774E-05  3.628E-05  2.669E-05  1.953E-05  1.422E-05  9.904E-06  6.927E-06  4.556E-06  2.863E-06  1.668E-06  7.914E-07  2.540E-07  3.720E-08  3.101E-09  8.651E-11  4.619E-13  3.631E-16  2.237E-23  0.000E+00  0.000E+00  0.000E+00  0.000E+00  0.000E+00  0.000E+00  0.000E+00  0.000E+00  0.000E+00  0.000E+00  0.000E+00  0.000E+00  0.000E+00  0.000E+00
  380.5000  9.596E-03  8.597E-03  7.734E-03  6.988E-03  6.347E-03  5.697E-03  4.981E-03  4.498E-03  3.862E-03  3.380E-03  2.953E-03  2.516E-03  2.143E-03  1.817E-03  1.532E-03  1.282E-03  1.067E-03  8.859E-04  7.349E-04  5.901E-04  4.820E-04  3.877E-04  3.133E-04  2.486E-04  1.993E-04  1.582E-04  1.238E-04  9.641E-05  7.458E-05  5.721E-05  4.348E-05  3.199E-05  2.341E-05  1.705E-05  1.188E-05  8.310E-06  5.468E-06  3.440E-06  2.009E-06  9.567E-07  3.094E-07  4.594E-08  3.908E-09  1.126E-10  6.319E-13  5.312E-16  3.653E-23  0.000E+00  0.000E+00  0.000E+00  0.000E+00  0.000E+00  0.000E+00  0.000E+00  0.000E+00  0.000E+00  0.000E+00  0.000E+00  0.000E+00  0.000E+00  0.000E+00
  381.5000  9.020E-03  8.081E-03  7.269E-03  6.568E-03  5.965E-03  5.353E-03  4.679E-03  4.225E-03  3.627E-03  3.174E-03  2.773E-03  2.363E-03  2.012E-03  1.704E-03  1.437E-03  1.203E-03  1.001E-03  8.308E-04  6.891E-04  5.532E-04  4.518E-04  3.633E-04  2.935E-04  2.328E-04  1.867E-04  1.482E-04  1.159E-04  9.026E-05  6.982E-05  5.356E-05  4.071E-05  2.996E-05  2.192E-05  1.597E-05  1.113E-05  7.789E-06  5.128E-06  3.230E-06  1.890E-06  9.036E-07  2.943E-07  4.431E-08  3.846E-09  1.143E-10  6.742E-13  6.054E-16  4.641E-23  0.000E+00  0.000E+00  0.000E+00  0.000E+00  0.000E+00  0.000E+00  0.000E+00  0.000E+00  0.000E+00  0.000E+00  0.000E+00  0.000E+00  0.000E+00  0.000E+00
  382.5000  6.012E-03  5.386E-03  4.844E-03  4.377E-03  3.974E-03  3.567E-03  3.117E-03  2.814E-03  2.416E-03  2.114E-03  1.846E-03  1.573E-03  1.339E-03  1.134E-03  9.564E-04  8.001E-04  6.658E-04  5.525E-04  4.581E-04  3.677E-04  3.002E-04  2.414E-04  1.949E-04  1.546E-04  1.239E-04  9.839E-05  7.695E-05  5.992E-05  4.635E-05  3.556E-05  2.703E-05  1.989E-05  1.456E-05  1.061E-05  7.394E-06  5.176E-06  3.410E-06  2.150E-06  1.260E-06  6.049E-07  1.985E-07  3.028E-08  2.681E-09  8.223E-11  5.091E-13  4.880E-16  4.165E-23  0.000E+00  0.000E+00  0.000E+00  0.000E+00  0.000E+00  0.000E+00  0.000E+00  0.000E+00  0.000E+00  0.000E+00  0.000E+00  0.000E+00  0.000E+00  0.000E+00
  383.5000  5.280E-03  4.730E-03  4.254E-03  3.843E-03  3.490E-03  3.131E-03  2.737E-03  2.470E-03  2.120E-03  1.855E-03  1.620E-03  1.380E-03  1.174E-03  9.948E-04  8.385E-04  7.014E-04  5.835E-04  4.841E-04  4.014E-04  3.221E-04  2.629E-04  2.113E-04  1.706E-04  1.353E-04  1.085E-04  8.608E-05  6.732E-05  5.242E-05  4.055E-05  3.111E-05  2.365E-05  1.741E-05  1.274E-05  9.284E-06  6.473E-06  4.533E-06  2.988E-06  1.886E-06  1.108E-06  5.336E-07  1.763E-07  2.726E-08  2.461E-09  7.785E-11  5.057E-13  5.170E-16  4.906E-23  0.000E+00  0.000E+00  0.000E+00  0.000E+00  0.000E+00  0.000E+00  0.000E+00  0.000E+00  0.000E+00  0.000E+00  0.000E+00  0.000E+00  0.000E+00  0.000E+00
  384.5000  7.927E-03  7.101E-03  6.386E-03  5.768E-03  5.237E-03  4.699E-03  4.106E-03  3.706E-03  3.180E-03  2.782E-03  2.429E-03  2.069E-03  1.760E-03  1.491E-03  1.257E-03  1.051E-03  8.742E-04  7.251E-04  6.010E-04  4.822E-04  3.935E-04  3.162E-04  2.553E-04  2.024E-04  1.622E-04  1.287E-04  1.007E-04  7.837E-05  6.062E-05  4.651E-05  3.536E-05  2.603E-05  1.906E-05  1.389E-05  9.685E-06  6.784E-06  4.475E-06  2.827E-06  1.664E-06  8.044E-07  2.677E-07  4.193E-08  3.860E-09  1.258E-10  8.572E-13  9.338E-16  9.839E-23  0.000E+00  0.000E+00  0.000E+00  0.000E+00  0.000E+00  0.000E+00  0.000E+00  0.000E+00  0.000E+00  0.000E+00  0.000E+00  0.000E+00  0.000E+00  0.000E+00
  385.5000  7.845E-03  7.027E-03  6.319E-03  5.708E-03  5.182E-03  4.648E-03  4.061E-03  3.665E-03  3.145E-03  2.751E-03  2.402E-03  2.045E-03  1.740E-03  1.473E-03  1.242E-03  1.038E-03  8.633E-04  7.160E-04  5.933E-04  4.759E-04  3.883E-04  3.120E-04  2.518E-04  1.996E-04  1.600E-04  1.269E-04  9.922E-05  7.725E-05  5.976E-05  4.585E-05  3.486E-05  2.566E-05  1.879E-05  1.370E-05  9.554E-06  6.694E-06  4.418E-06  2.794E-06  1.647E-06  7.994E-07  2.679E-07  4.251E-08  3.989E-09  1.340E-10  9.564E-13  1.109E-15  1.296E-22  0.000E+00  0.000E+00  0.000E+00  0.000E+00  0.000E+00  0.000E+00  0.000E+00  0.000E+00  0.000E+00  0.000E+00  0.000E+00  0.000E+00  0.000E+00  0.000E+00
  386.5000  7.999E-03  7.165E-03  6.443E-03  5.818E-03  5.282E-03  4.738E-03  4.139E-03  3.735E-03  3.204E-03  2.802E-03  2.446E-03  2.083E-03  1.772E-03  1.500E-03  1.264E-03  1.056E-03  8.784E-04  7.283E-04  6.034E-04  4.839E-04  3.948E-04  3.171E-04  2.559E-04  2.028E-04  1.625E-04  1.289E-04  1.008E-04  7.845E-05  6.068E-05  4.656E-05  3.540E-05  2.607E-05  1.909E-05  1.392E-05  9.709E-06  6.804E-06  4.493E-06  2.845E-06  1.680E-06  8.183E-07  2.761E-07  4.438E-08  4.244E-09  1.468E-10  1.098E-12  1.354E-15  1.753E-22  0.000E+00  0.000E+00  0.000E+00  0.000E+00  0.000E+00  0.000E+00  0.000E+00  0.000E+00  0.000E+00  0.000E+00  0.000E+00  0.000E+00  0.000E+00  0.000E+00
  387.5000  7.436E-03  6.660E-03  5.988E-03  5.408E-03  4.908E-03  4.402E-03  3.846E-03  3.470E-03  2.976E-03  2.602E-03  2.272E-03  1.933E-03  1.645E-03  1.392E-03  1.173E-03  9.801E-04  8.149E-04  6.755E-04  5.595E-04  4.486E-04  3.659E-04  2.938E-04  2.371E-04  1.879E-04  1.505E-04  1.194E-04  9.330E-05  7.263E-05  5.618E-05  4.311E-05  3.278E-05  2.414E-05  1.768E-05  1.289E-05  8.995E-06  6.306E-06  4.166E-06  2.641E-06  1.562E-06  7.635E-07  2.593E-07  4.222E-08  4.113E-09  1.465E-10  1.146E-12  1.504E-15  2.153E-22  0.000E+00  0.000E+00  0.000E+00  0.000E+00  0.000E+00  0.000E+00  0.000E+00  0.000E+00  0.000E+00  0.000E+00  0.000E+00  0.000E+00  0.000E+00  0.000E+00
  388.5000  7.455E-03  6.677E-03  6.003E-03  5.420E-03  4.919E-03  4.412E-03  3.853E-03  3.476E-03  2.981E-03  2.607E-03  2.275E-03  1.936E-03  1.646E-03  1.394E-03  1.174E-03  9.808E-04  8.152E-04  6.756E-04  5.595E-04  4.485E-04  3.657E-04  2.937E-04  2.369E-04  1.877E-04  1.503E-04  1.192E-04  9.316E-05  7.252E-05  5.609E-05  4.304E-05  3.273E-05  2.411E-05  1.766E-05  1.288E-05  8.988E-06  6.302E-06  4.166E-06  2.643E-06  1.567E-06  7.681E-07  2.626E-07  4.330E-08  4.296E-09  1.575E-10  1.289E-12  1.796E-15  2.842E-22  0.000E+00  0.000E+00  0.000E+00  0.000E+00  0.000E+00  0.000E+00  0.000E+00  0.000E+00  0.000E+00  0.000E+00  0.000E+00  0.000E+00  0.000E+00  0.000E+00
  389.5000  9.403E-03  8.422E-03  7.571E-03  6.836E-03  6.204E-03  5.563E-03  4.858E-03  4.382E-03  3.758E-03  3.285E-03  2.867E-03  2.439E-03  2.074E-03  1.755E-03  1.478E-03  1.235E-03  1.026E-03  8.503E-04  7.040E-04  5.642E-04  4.599E-04  3.692E-04  2.978E-04  2.359E-04  1.889E-04  1.498E-04  1.170E-04  9.110E-05  7.047E-05  5.407E-05  4.112E-05  3.029E-05  2.219E-05  1.618E-05  1.130E-05  7.925E-06  5.241E-06  3.328E-06  1.976E-06  9.724E-07  3.346E-07  5.585E-08  5.644E-09  2.129E-10  1.822E-12  2.693E-15  4.705E-22  0.000E+00  0.000E+00  0.000E+00  0.000E+00  0.000E+00  0.000E+00  0.000E+00  0.000E+00  0.000E+00  0.000E+00  0.000E+00  0.000E+00  0.000E+00  0.000E+00
  390.5000  9.240E-03  8.275E-03  7.439E-03  6.716E-03  6.094E-03  5.464E-03  4.771E-03  4.303E-03  3.690E-03  3.225E-03  2.814E-03  2.394E-03  2.035E-03  1.722E-03  1.450E-03  1.211E-03  1.006E-03  8.335E-04  6.900E-04  5.529E-04  4.506E-04  3.617E-04  2.916E-04  2.310E-04  1.849E-04  1.466E-04  1.145E-04  8.915E-05  6.896E-05  5.292E-05  4.025E-05  2.965E-05  2.172E-05  1.585E-05  1.106E-05  7.763E-06  5.137E-06  3.265E-06  1.942E-06  9.587E-07  3.321E-07  5.611E-08  5.773E-09  2.240E-10  2.002E-12  3.139E-15  6.045E-22  0.000E+00  0.000E+00  0.000E+00  0.000E+00  0.000E+00  0.000E+00  0.000E+00  0.000E+00  0.000E+00  0.000E+00  0.000E+00  0.000E+00  0.000E+00  0.000E+00
  391.5000  1.097E-02  9.821E-03  8.828E-03  7.969E-03  7.230E-03  6.482E-03  5.660E-03  5.104E-03  4.376E-03  3.824E-03  3.336E-03  2.837E-03  2.412E-03  2.041E-03  1.718E-03  1.434E-03  1.192E-03  9.870E-04  8.169E-04  6.543E-04  5.332E-04  4.279E-04  3.449E-04  2.731E-04  2.186E-04  1.733E-04  1.354E-04  1.054E-04  8.150E-05  6.255E-05  4.757E-05  3.505E-05  2.569E-05  1.874E-05  1.309E-05  9.184E-06  6.080E-06  3.868E-06  2.305E-06  1.142E-06  3.980E-07  6.806E-08  7.127E-09  2.843E-10  2.653E-12  4.409E-15  9.351E-22  0.000E+00  0.000E+00  0.000E+00  0.000E+00  0.000E+00  0.000E+00  0.000E+00  0.000E+00  0.000E+00  0.000E+00  0.000E+00  0.000E+00  0.000E+00  0.000E+00
  392.5000  8.226E-03  7.367E-03  6.621E-03  5.977E-03  5.422E-03  4.861E-03  4.244E-03  3.826E-03  3.280E-03  2.866E-03  2.500E-03  2.126E-03  1.807E-03  1.529E-03  1.286E-03  1.074E-03  8.920E-04  7.387E-04  6.112E-04  4.895E-04  3.988E-04  3.199E-04  2.578E-04  2.041E-04  1.634E-04  1.295E-04  1.012E-04  7.872E-05  6.089E-05  4.673E-05  3.554E-05  2.619E-05  1.920E-05  1.400E-05  9.783E-06  6.867E-06  4.549E-06  2.897E-06  1.729E-06  8.590E-07  3.014E-07  5.216E-08  5.558E-09  2.279E-10  2.220E-12  3.905E-15  9.111E-22  0.000E+00  0.000E+00  0.000E+00  0.000E+00  0.000E+00  0.000E+00  0.000E+00  0.000E+00  0.000E+00  0.000E+00  0.000E+00  0.000E+00  0.000E+00  0.000E+00
  393.5000  3.577E-03  3.203E-03  2.879E-03  2.599E-03  2.357E-03  2.113E-03  1.845E-03  1.663E-03  1.425E-03  1.245E-03  1.086E-03  9.234E-04  7.846E-04  6.639E-04  5.584E-04  4.662E-04  3.871E-04  3.205E-04  2.651E-04  2.123E-04  1.729E-04  1.387E-04  1.117E-04  8.846E-05  7.079E-05  5.609E-05  4.381E-05  3.409E-05  2.637E-05  2.024E-05  1.539E-05  1.135E-05  8.316E-06  6.068E-06  4.240E-06  2.977E-06  1.973E-06  1.257E-06  7.517E-07  3.747E-07  1.323E-07  2.316E-08  2.511E-09  1.058E-10  1.075E-12  2.001E-15  5.129E-22  0.000E+00  0.000E+00  0.000E+00  0.000E+00  0.000E+00  0.000E+00  0.000E+00  0.000E+00  0.000E+00  0.000E+00  0.000E+00  0.000E+00  0.000E+00  0.000E+00
  394.5000  8.420E-03  7.540E-03  6.776E-03  6.115E-03  5.547E-03  4.972E-03  4.339E-03  3.912E-03  3.352E-03  2.928E-03  2.553E-03  2.171E-03  1.844E-03  1.561E-03  1.312E-03  1.095E-03  9.091E-04  7.525E-04  6.224E-04  4.983E-04  4.057E-04  3.254E-04  2.621E-04  2.075E-04  1.660E-04  1.315E-04  1.027E-04  7.992E-05  6.181E-05  4.743E-05  3.609E-05  2.660E-05  1.950E-05  1.423E-05  9.944E-06  6.983E-06  4.630E-06  2.954E-06  1.769E-06  8.843E-07  3.141E-07  5.564E-08  6.137E-09  2.655E-10  2.812E-12  5.536E-15  1.558E-21  0.000E+00  0.000E+00  0.000E+00  0.000E+00  0.000E+00  0.000E+00  0.000E+00  0.000E+00  0.000E+00  0.000E+00  0.000E+00  0.000E+00  0.000E+00  0.000E+00
  395.5000  1.084E-02  9.703E-03  8.720E-03  7.869E-03  7.137E-03  6.396E-03  5.582E-03  5.031E-03  4.311E-03  3.765E-03  3.282E-03  2.790E-03  2.370E-03  2.005E-03  1.686E-03  1.407E-03  1.168E-03  9.663E-04  7.991E-04  6.395E-04  5.206E-04  4.174E-04  3.362E-04  2.660E-04  2.128E-04  1.686E-04  1.316E-04  1.024E-04  7.922E-05  6.079E-05  4.625E-05  3.410E-05  2.500E-05  1.825E-05  1.275E-05  8.958E-06  5.942E-06  3.794E-06  2.275E-06  1.141E-06  4.078E-07  7.308E-08  8.197E-09  3.642E-10  4.018E-12  8.358E-15  2.579E-21  0.000E+00  0.000E+00  0.000E+00  0.000E+00  0.000E+00  0.000E+00  0.000E+00  0.000E+00  0.000E+00  0.000E+00  0.000E+00  0.000E+00  0.000E+00  0.000E+00
  396.5000  6.365E-03  5.700E-03  5.122E-03  4.622E-03  4.191E-03  3.756E-03  3.277E-03  2.954E-03  2.530E-03  2.210E-03  1.926E-03  1.637E-03  1.390E-03  1.176E-03  9.885E-04  8.247E-04  6.844E-04  5.663E-04  4.682E-04  3.746E-04  3.049E-04  2.444E-04  1.968E-04  1.557E-04  1.245E-04  9.863E-05  7.702E-05  5.992E-05  4.634E-05  3.556E-05  2.706E-05  1.995E-05  1.463E-05  1.068E-05  7.465E-06  5.245E-06  3.481E-06  2.225E-06  1.336E-06  6.722E-07  2.416E-07  4.380E-08  4.996E-09  2.278E-10  2.617E-12  5.748E-15  1.943E-21  0.000E+00  0.000E+00  0.000E+00  0.000E+00  0.000E+00  0.000E+00  0.000E+00  0.000E+00  0.000E+00  0.000E+00  0.000E+00  0.000E+00  0.000E+00  0.000E+00
  397.5000  7.348E-03  6.580E-03  5.912E-03  5.334E-03  4.837E-03  4.334E-03  3.782E-03  3.408E-03  2.919E-03  2.549E-03  2.221E-03  1.888E-03  1.603E-03  1.356E-03  1.139E-03  9.503E-04  7.884E-04  6.522E-04  5.391E-04  4.313E-04  3.509E-04  2.813E-04  2.264E-04  1.791E-04  1.432E-04  1.134E-04  8.855E-05  6.889E-05  5.327E-05  4.089E-05  3.111E-05  2.294E-05  1.682E-05  1.228E-05  8.588E-06  6.035E-06  4.007E-06  2.563E-06  1.542E-06  7.781E-07  2.814E-07  5.158E-08  5.981E-09  2.798E-10  3.346E-12  7.754E-15  2.868E-21  0.000E+00  0.000E+00  0.000E+00  0.000E+00  0.000E+00  0.000E+00  0.000E+00  0.000E+00  0.000E+00  0.000E+00  0.000E+00  0.000E+00  0.000E+00  0.000E+00
  398.5000  1.263E-02  1.131E-02  1.016E-02  9.168E-03  8.313E-03  7.448E-03  6.497E-03  5.854E-03  5.014E-03  4.377E-03  3.814E-03  3.241E-03  2.751E-03  2.327E-03  1.955E-03  1.630E-03  1.352E-03  1.119E-03  9.244E-04  7.393E-04  6.015E-04  4.819E-04  3.879E-04  3.068E-04  2.453E-04  1.942E-04  1.516E-04  1.179E-04  9.119E-05  6.999E-05  5.326E-05  3.928E-05  2.880E-05  2.103E-05  1.471E-05  1.034E-05  6.869E-06  4.397E-06  2.649E-06  1.341E-06  4.878E-07  9.042E-08  1.066E-08  5.113E-10  6.361E-12  1.554E-14  6.283E-21  0.000E+00  0.000E+00  0.000E+00  0.000E+00  0.000E+00  0.000E+00  0.000E+00  0.000E+00  0.000E+00  0.000E+00  0.000E+00  0.000E+00  0.000E+00  0.000E+00
  399.5000  1.314E-02  1.177E-02  1.057E-02  9.537E-03  8.647E-03  7.746E-03  6.757E-03  6.087E-03  5.213E-03  4.550E-03  3.965E-03  3.368E-03  2.859E-03  2.417E-03  2.031E-03  1.693E-03  1.404E-03  1.161E-03  9.594E-04  7.671E-04  6.239E-04  4.998E-04  4.022E-04  3.180E-04  2.543E-04  2.012E-04  1.571E-04  1.222E-04  9.448E-05  7.252E-05  5.519E-05  4.070E-05  2.985E-05  2.180E-05  1.525E-05  1.072E-05  7.126E-06  4.566E-06  2.755E-06  1.399E-06  5.116E-07  9.589E-08  1.148E-08  5.650E-10  7.309E-12  1.882E-14  8.308E-21  0.000E+00  0.000E+00  0.000E+00  0.000E+00  0.000E+00  0.000E+00  0.000E+00  0.000E+00  0.000E+00  0.000E+00  0.000E+00  0.000E+00  0.000E+00  0.000E+00
------------------------------------------------------------
Dose rates,W m-2
   1 = UV index (WMO, 1994; Webb et al., 2011)           
   2 = Previtamin-D3 (CIE 2006)                          
values at z =      0.025 km
Columns: time,sza,weighting spectra
time,hrs.  sza,deg.          1          2
   18.0000     90.087  1.892E-02  3.317E-04
   18.0167     90.274  1.703E-02  3.024E-04
   18.0333     90.461  1.540E-02  2.772E-04
   18.0500     90.649  1.400E-02  2.552E-04
   18.0667     90.837  1.278E-02  2.362E-04
   18.0833     91.025  1.155E-02  2.166E-04
   18.1000     91.214  1.021E-02  1.948E-04
   18.1167     91.402  9.288E-03  1.799E-04
   18.1333     91.591  8.082E-03  1.596E-04
   18.1500     91.780  7.154E-03  1.437E-04
   18.1667     91.970  6.332E-03  1.295E-04
   18.1833     92.159  5.480E-03  1.143E-04
   18.2000     92.349  4.742E-03  1.008E-04
   18.2167     92.539  4.091E-03  8.859E-05
   18.2333     92.729  3.510E-03  7.740E-05
   18.2500     92.919  2.993E-03  6.714E-05
   18.2667     93.110  2.539E-03  5.788E-05
   18.2833     93.300  2.147E-03  4.965E-05
   18.3000     93.491  1.812E-03  4.242E-05
   18.3167     93.682  1.481E-03  3.498E-05
   18.3333     93.874  1.228E-03  2.922E-05
   18.3500     94.065  9.989E-04  2.382E-05
   18.3667     94.257  8.153E-04  1.947E-05
   18.3833     94.449  6.500E-04  1.545E-05
   18.4000     94.641  5.200E-04  1.225E-05
   18.4167     94.833  4.128E-04  9.656E-06
   18.4333     95.026  3.199E-04  7.363E-06
   18.4500     95.218  2.454E-04  5.525E-06
   18.4667     95.411  1.855E-04  4.045E-06
   18.4833     95.604  1.376E-04  2.852E-06
   18.5000     95.797  9.966E-05  1.898E-06
   18.5167     95.991  6.787E-05  1.092E-06
   18.5333     96.184  4.558E-05  5.770E-07
   18.5500     96.378  3.002E-05  2.673E-07
   18.5667     96.572  1.864E-05  9.968E-08
   18.5833     96.766  1.176E-05  3.675E-08
   18.6000     96.960  6.934E-06  1.186E-08
   18.6167     97.155  3.869E-06  3.501E-09
   18.6333     97.349  1.963E-06  8.822E-10
   18.6500     97.544  7.864E-07  1.680E-10
   18.6667     97.739  2.038E-07  1.944E-11
   18.6833     97.934  2.311E-08  8.108E-13
   18.7000     98.129  1.585E-09  1.449E-14
   18.7167     98.325  4.329E-11  3.577E-17
   18.7333     98.521  3.236E-13  4.502E-21
   18.7500     98.716  5.444E-16  2.166E-26
   18.7667     98.912  1.602E-22  4.051E-37
   18.7833     99.108  0.000E+00  0.000E+00
   18.8000     99.305  0.000E+00  0.000E+00
   18.8167     99.501  0.000E+00  0.000E+00
   18.8333     99.698  0.000E+00  0.000E+00
   18.8500     99.894  0.000E+00  0.000E+00
   18.8667    100.091  0.000E+00  0.000E+00
   18.8833    100.288  0.000E+00  0.000E+00
   18.9000    100.486  0.000E+00  0.000E+00
   18.9167    100.683  0.000E+00  0.000E+00
   18.9333    100.880  0.000E+00  0.000E+00
   18.9500    101.078  0.000E+00  0.000E+00
   18.9667    101.276  0.000E+00  0.000E+00
   18.9833    101.474  0.000E+00  0.000E+00
   19.0000    101.672  0.000E+00  0.000E+00
------------------------------------------------------------
