Spectral Irradiance,W m-2 nm-1
values at z =      0.025 km
Columns: wavelength (nm),times (hrs.) or sza (deg.)
    wc,nm     18.000     18.017     18.033     18.050     18.067     18.083     18.100     18.117     18.133     18.150     18.167     18.183     18.200     18.217     18.233     18.250     18.267     18.283     18.300     18.317     18.333     18.350     18.367     18.383     18.400     18.417     18.433     18.450     18.467     18.483     18.500     18.517     18.533     18.550     18.567     18.583     18.600     18.617     18.633     18.650     18.667     18.683     18.700     18.717     18.733     18.750     18.767     18.783     18.800     18.817     18.833     18.850     18.867     18.883     18.900     18.917     18.933     18.950     18.967     18.983     19.000
    sza =      90.003     90.188     90.373     90.559     90.744     90.930     91.116     91.303     91.489     91.676     91.863     92.050     92.237     92.425     92.613     92.801     92.989     93.178     93.366     93.555     93.744     93.933     94.123     94.313     94.503     94.693     94.883     95.074     95.264     95.455     95.646     95.837     96.029     96.221     96.413     96.605     96.797     96.989     97.182     97.375     97.567     97.761     97.954     98.147     98.341     98.535     98.729     98.923     99.117     99.312     99.507     99.702     99.897    100.092    100.287    100.483    100.678    100.874    101.070    101.266    101.463
  280.5000  1.344E-24  1.244E-24  1.157E-24  1.080E-24  1.012E-24  9.517E-25  8.617E-25  7.973E-25  7.217E-25  6.611E-25  5.885E-25  5.272E-25  4.747E-25  4.149E-25  3.610E-25  3.121E-25  2.677E-25  2.280E-25  1.880E-25  1.544E-25  1.259E-25  9.732E-26  7.428E-26  5.287E-26  3.642E-26  2.115E-26  1.043E-26  3.714E-27  7.804E-28  5.421E-29  6.838E-31  4.882E-34  2.621E-39  0.000E+00  0.000E+00  0.000E+00  0.000E+00  0.000E+00  0.000E+00  0.000E+00  0.000E+00  0.000E+00  0.000E+00  0.000E+00  0.000E+00  0.000E+00  0.000E+00  0.000E+00  0.000E+00  0.000E+00  0.000E+00  0.000E+00  0.000E+00  0.000E+00  0.000E+00  0.000E+00  0.000E+00  0.000E+00  0.000E+00  0.000E+00  0.000E+00
  281.5000  1.812E-22  1.678E-22  1.561E-22  1.457E-22  1.366E-22  1.285E-22  1.164E-22  1.078E-22  9.757E-23  8.940E-23  7.960E-23  7.135E-23  6.426E-23  5.619E-23  4.889E-23  4.229E-23  3.630E-23  3.094E-23  2.553E-23  2.101E-23  1.718E-23  1.336E-23  1.029E-23  7.424E-24  5.213E-24  3.133E-24  1.625E-24  6.281E-25  1.504E-25  1.317E-26  2.442E-28  3.295E-31  5.248E-36  4.050E-43  0.000E+00  0.000E+00  0.000E+00  0.000E+00  0.000E+00  0.000E+00  0.000E+00  0.000E+00  0.000E+00  0.000E+00  0.000E+00  0.000E+00  0.000E+00  0.000E+00  0.000E+00  0.000E+00  0.000E+00  0.000E+00  0.000E+00  0.000E+00  0.000E+00  0.000E+00  0.000E+00  0.000E+00  0.000E+00  0.000E+00  0.000E+00
  282.5000  8.386E-21  7.766E-21  7.225E-21  6.749E-21  6.328E-21  5.956E-21  5.396E-21  4.996E-21  4.525E-21  4.148E-21  3.696E-21  3.312E-21  2.984E-21  2.610E-21  2.272E-21  1.966E-21  1.688E-21  1.440E-21  1.190E-21  9.801E-22  8.036E-22  6.282E-22  4.870E-22  3.556E-22  2.538E-22  1.570E-22  8.509E-23  3.534E-23  9.502E-24  1.021E-24  2.664E-26  6.309E-29  2.604E-33  8.347E-40  0.000E+00  0.000E+00  0.000E+00  0.000E+00  0.000E+00  0.000E+00  0.000E+00  0.000E+00  0.000E+00  0.000E+00  0.000E+00  0.000E+00  0.000E+00  0.000E+00  0.000E+00  0.000E+00  0.000E+00  0.000E+00  0.000E+00  0.000E+00  0.000E+00  0.000E+00  0.000E+00  0.000E+00  0.000E+00  0.000E+00  0.000E+00
  283.5000  9.134E-20  8.460E-20  7.871E-20  7.355E-20  6.898E-20  6.493E-20  5.884E-20  5.449E-20  4.937E-20  4.526E-20  4.033E-20  3.616E-20  3.259E-20  2.851E-20  2.482E-20  2.148E-20  1.846E-20  1.575E-20  1.302E-20  1.074E-20  8.817E-21  6.915E-21  5.384E-21  3.961E-21  2.857E-21  1.801E-21  1.004E-21  4.368E-22  1.267E-22  1.559E-23  5.090E-25  1.745E-27  1.343E-31  1.090E-37  0.000E+00  0.000E+00  0.000E+00  0.000E+00  0.000E+00  0.000E+00  0.000E+00  0.000E+00  0.000E+00  0.000E+00  0.000E+00  0.000E+00  0.000E+00  0.000E+00  0.000E+00  0.000E+00  0.000E+00  0.000E+00  0.000E+00  0.000E+00  0.000E+00  0.000E+00  0.000E+00  0.000E+00  0.000E+00  0.000E+00  0.000E+00
  284.5000  4.353E-18  4.033E-18  3.754E-18  3.509E-18  3.293E-18  3.101E-18  2.812E-18  2.605E-18  2.362E-18  2.166E-18  1.931E-18  1.733E-18  1.562E-18  1.367E-18  1.191E-18  1.031E-18  8.868E-19  7.572E-19  6.266E-19  5.177E-19  4.263E-19  3.362E-19  2.637E-19  1.964E-19  1.442E-19  9.377E-20  5.477E-20  2.577E-20  8.472E-21  1.305E-21  6.203E-23  3.972E-25  8.865E-29  3.578E-34  7.847E-44  0.000E+00  0.000E+00  0.000E+00  0.000E+00  0.000E+00  0.000E+00  0.000E+00  0.000E+00  0.000E+00  0.000E+00  0.000E+00  0.000E+00  0.000E+00  0.000E+00  0.000E+00  0.000E+00  0.000E+00  0.000E+00  0.000E+00  0.000E+00  0.000E+00  0.000E+00  0.000E+00  0.000E+00  0.000E+00  0.000E+00
  285.5000  4.758E-17  4.410E-17  4.106E-17  3.839E-17  3.604E-17  3.395E-17  3.079E-17  2.854E-17  2.589E-17  2.375E-17  2.118E-17  1.902E-17  1.715E-17  1.502E-17  1.309E-17  1.134E-17  9.757E-18  8.336E-18  6.905E-18  5.711E-18  4.713E-18  3.731E-18  2.943E-18  2.212E-18  1.645E-18  1.095E-18  6.629E-19  3.311E-19  1.201E-19  2.206E-20  1.409E-21  1.473E-23  7.500E-27  1.034E-31  2.081E-40  0.000E+00  0.000E+00  0.000E+00  0.000E+00  0.000E+00  0.000E+00  0.000E+00  0.000E+00  0.000E+00  0.000E+00  0.000E+00  0.000E+00  0.000E+00  0.000E+00  0.000E+00  0.000E+00  0.000E+00  0.000E+00  0.000E+00  0.000E+00  0.000E+00  0.000E+00  0.000E+00  0.000E+00  0.000E+00  0.000E+00
  286.5000  1.349E-15  1.251E-15  1.165E-15  1.089E-15  1.023E-15  9.638E-16  8.746E-16  8.109E-16  7.357E-16  6.753E-16  6.026E-16  5.411E-16  4.882E-16  4.278E-16  3.730E-16  3.233E-16  2.782E-16  2.378E-16  1.971E-16  1.632E-16  1.349E-16  1.071E-16  8.483E-17  6.418E-17  4.819E-17  3.265E-17  2.031E-17  1.062E-17  4.153E-18  8.749E-19  7.027E-20  1.075E-21  1.037E-24  3.690E-29  4.111E-37  0.000E+00  0.000E+00  0.000E+00  0.000E+00  0.000E+00  0.000E+00  0.000E+00  0.000E+00  0.000E+00  0.000E+00  0.000E+00  0.000E+00  0.000E+00  0.000E+00  0.000E+00  0.000E+00  0.000E+00  0.000E+00  0.000E+00  0.000E+00  0.000E+00  0.000E+00  0.000E+00  0.000E+00  0.000E+00  0.000E+00
  287.5000  2.055E-14  1.906E-14  1.775E-14  1.661E-14  1.560E-14  1.470E-14  1.335E-14  1.238E-14  1.124E-14  1.032E-14  9.214E-15  8.278E-15  7.473E-15  6.551E-15  5.715E-15  4.956E-15  4.267E-15  3.651E-15  3.028E-15  2.510E-15  2.078E-15  1.655E-15  1.316E-15  1.003E-15  7.607E-16  5.250E-16  3.360E-16  1.844E-16  7.811E-17  1.903E-17  1.952E-18  4.500E-20  8.666E-23  8.654E-27  6.258E-34  7.147E-44  0.000E+00  0.000E+00  0.000E+00  0.000E+00  0.000E+00  0.000E+00  0.000E+00  0.000E+00  0.000E+00  0.000E+00  0.000E+00  0.000E+00  0.000E+00  0.000E+00  0.000E+00  0.000E+00  0.000E+00  0.000E+00  0.000E+00  0.000E+00  0.000E+00  0.000E+00  0.000E+00  0.000E+00  0.000E+00
  288.5000  3.005E-13  2.787E-13  2.597E-13  2.430E-13  2.283E-13  2.153E-13  1.956E-13  1.815E-13  1.648E-13  1.515E-13  1.353E-13  1.217E-13  1.099E-13  9.638E-14  8.414E-14  7.301E-14  6.292E-14  5.386E-14  4.473E-14  3.711E-14  3.078E-14  2.460E-14  1.965E-14  1.508E-14  1.156E-14  8.137E-15  5.368E-15  3.103E-15  1.433E-15  4.091E-16  5.487E-17  1.984E-18  8.172E-21  2.528E-24  1.413E-30  2.908E-39  0.000E+00  0.000E+00  0.000E+00  0.000E+00  0.000E+00  0.000E+00  0.000E+00  0.000E+00  0.000E+00  0.000E+00  0.000E+00  0.000E+00  0.000E+00  0.000E+00  0.000E+00  0.000E+00  0.000E+00  0.000E+00  0.000E+00  0.000E+00  0.000E+00  0.000E+00  0.000E+00  0.000E+00  0.000E+00
  289.5000  3.558E-12  3.300E-12  3.075E-12  2.879E-12  2.705E-12  2.552E-12  2.318E-12  2.152E-12  1.956E-12  1.798E-12  1.607E-12  1.445E-12  1.306E-12  1.146E-12  1.001E-12  8.693E-13  7.496E-13  6.422E-13  5.337E-13  4.431E-13  3.681E-13  2.948E-13  2.363E-13  1.823E-13  1.408E-13  1.004E-13  6.772E-14  4.065E-14  2.000E-14  6.424E-15  1.052E-15  5.319E-17  3.838E-19  2.714E-22  6.657E-28  1.090E-35  0.000E+00  0.000E+00  0.000E+00  0.000E+00  0.000E+00  0.000E+00  0.000E+00  0.000E+00  0.000E+00  0.000E+00  0.000E+00  0.000E+00  0.000E+00  0.000E+00  0.000E+00  0.000E+00  0.000E+00  0.000E+00  0.000E+00  0.000E+00  0.000E+00  0.000E+00  0.000E+00  0.000E+00  0.000E+00
  290.5000  2.723E-11  2.526E-11  2.354E-11  2.204E-11  2.072E-11  1.955E-11  1.776E-11  1.650E-11  1.500E-11  1.379E-11  1.233E-11  1.110E-11  1.003E-11  8.811E-12  7.700E-12  6.689E-12  5.771E-12  4.946E-12  4.114E-12  3.419E-12  2.843E-12  2.281E-12  1.833E-12  1.420E-12  1.103E-12  7.957E-13  5.460E-13  3.379E-13  1.751E-13  6.193E-14  1.195E-14  7.978E-16  9.189E-18  1.297E-20  1.099E-25  1.028E-32  2.859E-43  0.000E+00  0.000E+00  0.000E+00  0.000E+00  0.000E+00  0.000E+00  0.000E+00  0.000E+00  0.000E+00  0.000E+00  0.000E+00  0.000E+00  0.000E+00  0.000E+00  0.000E+00  0.000E+00  0.000E+00  0.000E+00  0.000E+00  0.000E+00  0.000E+00  0.000E+00  0.000E+00  0.000E+00
  291.5000  1.799E-10  1.668E-10  1.555E-10  1.456E-10  1.369E-10  1.292E-10  1.174E-10  1.091E-10  9.922E-11  9.129E-11  8.168E-11  7.357E-11  6.654E-11  5.847E-11  5.113E-11  4.445E-11  3.837E-11  3.292E-11  2.740E-11  2.279E-11  1.897E-11  1.526E-11  1.229E-11  9.567E-12  7.478E-12  5.459E-12  3.816E-12  2.439E-12  1.336E-12  5.243E-13  1.209E-13  1.094E-14  2.114E-16  6.443E-19  2.193E-23  1.461E-29  8.221E-39  0.000E+00  0.000E+00  0.000E+00  0.000E+00  0.000E+00  0.000E+00  0.000E+00  0.000E+00  0.000E+00  0.000E+00  0.000E+00  0.000E+00  0.000E+00  0.000E+00  0.000E+00  0.000E+00  0.000E+00  0.000E+00  0.000E+00  0.000E+00  0.000E+00  0.000E+00  0.000E+00  0.000E+00
  292.5000  7.928E-10  7.354E-10  6.855E-10  6.419E-10  6.034E-10  5.696E-10  5.180E-10  4.813E-10  4.379E-10  4.030E-10  3.608E-10  3.254E-10  2.942E-10  2.587E-10  2.264E-10  1.969E-10  1.701E-10  1.460E-10  1.216E-10  1.013E-10  8.440E-11  6.799E-11  5.490E-11  4.288E-11  3.368E-11  2.482E-11  1.761E-11  1.157E-11  6.638E-12  2.844E-12  7.628E-13  8.950E-14  2.674E-15  1.550E-17  1.663E-21  5.503E-27  3.603E-35  2.803E-45  0.000E+00  0.000E+00  0.000E+00  0.000E+00  0.000E+00  0.000E+00  0.000E+00  0.000E+00  0.000E+00  0.000E+00  0.000E+00  0.000E+00  0.000E+00  0.000E+00  0.000E+00  0.000E+00  0.000E+00  0.000E+00  0.000E+00  0.000E+00  0.000E+00  0.000E+00  0.000E+00
  293.5000  4.062E-09  3.768E-09  3.512E-09  3.288E-09  3.092E-09  2.919E-09  2.655E-09  2.467E-09  2.245E-09  2.067E-09  1.851E-09  1.669E-09  1.511E-09  1.330E-09  1.164E-09  1.014E-09  8.762E-10  7.527E-10  6.277E-10  5.229E-10  4.363E-10  3.521E-10  2.849E-10  2.232E-10  1.761E-10  1.309E-10  9.413E-11  6.333E-11  3.789E-11  1.758E-11  5.415E-12  8.067E-13  3.616E-14  3.827E-16  1.208E-19  1.815E-24  1.192E-31  1.662E-40  0.000E+00  0.000E+00  0.000E+00  0.000E+00  0.000E+00  0.000E+00  0.000E+00  0.000E+00  0.000E+00  0.000E+00  0.000E+00  0.000E+00  0.000E+00  0.000E+00  0.000E+00  0.000E+00  0.000E+00  0.000E+00  0.000E+00  0.000E+00  0.000E+00  0.000E+00  0.000E+00
  294.5000  1.217E-08  1.128E-08  1.051E-08  9.844E-09  9.256E-09  8.738E-09  7.948E-09  7.388E-09  6.725E-09  6.193E-09  5.549E-09  5.007E-09  4.533E-09  3.991E-09  3.497E-09  3.045E-09  2.635E-09  2.265E-09  1.890E-09  1.576E-09  1.316E-09  1.063E-09  8.617E-10  6.770E-10  5.361E-10  4.010E-10  2.915E-10  1.999E-10  1.238E-10  6.133E-11  2.117E-11  3.843E-12  2.402E-13  4.146E-15  3.119E-18  1.560E-22  6.317E-29  8.363E-37  0.000E+00  0.000E+00  0.000E+00  0.000E+00  0.000E+00  0.000E+00  0.000E+00  0.000E+00  0.000E+00  0.000E+00  0.000E+00  0.000E+00  0.000E+00  0.000E+00  0.000E+00  0.000E+00  0.000E+00  0.000E+00  0.000E+00  0.000E+00  0.000E+00  0.000E+00  0.000E+00
  295.5000  4.989E-08  4.625E-08  4.309E-08  4.034E-08  3.792E-08  3.579E-08  3.256E-08  3.027E-08  2.756E-08  2.538E-08  2.275E-08  2.052E-08  1.860E-08  1.639E-08  1.437E-08  1.252E-08  1.084E-08  9.327E-09  7.791E-09  6.501E-09  5.435E-09  4.399E-09  3.570E-09  2.812E-09  2.235E-09  1.682E-09  1.236E-09  8.637E-10  5.528E-10  2.923E-10  1.131E-10  2.505E-11  2.199E-12  6.286E-14  1.167E-16  2.052E-20  5.583E-26  7.839E-33  1.583E-42  0.000E+00  0.000E+00  0.000E+00  0.000E+00  0.000E+00  0.000E+00  0.000E+00  0.000E+00  0.000E+00  0.000E+00  0.000E+00  0.000E+00  0.000E+00  0.000E+00  0.000E+00  0.000E+00  0.000E+00  0.000E+00  0.000E+00  0.000E+00  0.000E+00  0.000E+00
  296.5000  1.320E-07  1.223E-07  1.139E-07  1.066E-07  1.002E-07  9.453E-08  8.598E-08  7.992E-08  7.277E-08  6.704E-08  6.011E-08  5.426E-08  4.918E-08  4.335E-08  3.804E-08  3.317E-08  2.874E-08  2.474E-08  2.069E-08  1.728E-08  1.445E-08  1.172E-08  9.524E-09  7.519E-09  5.992E-09  4.535E-09  3.360E-09  2.386E-09  1.570E-09  8.773E-10  3.744E-10  9.848E-11  1.158E-11  5.101E-13  2.046E-15  1.043E-18  1.400E-23  1.402E-29  4.516E-38  0.000E+00  0.000E+00  0.000E+00  0.000E+00  0.000E+00  0.000E+00  0.000E+00  0.000E+00  0.000E+00  0.000E+00  0.000E+00  0.000E+00  0.000E+00  0.000E+00  0.000E+00  0.000E+00  0.000E+00  0.000E+00  0.000E+00  0.000E+00  0.000E+00  0.000E+00
  297.5000  3.667E-07  3.397E-07  3.162E-07  2.958E-07  2.778E-07  2.621E-07  2.384E-07  2.216E-07  2.017E-07  1.858E-07  1.667E-07  1.505E-07  1.365E-07  1.203E-07  1.056E-07  9.220E-08  7.993E-08  6.886E-08  5.763E-08  4.817E-08  4.034E-08  3.274E-08  2.665E-08  2.108E-08  1.684E-08  1.280E-08  9.554E-09  6.871E-09  4.630E-09  2.710E-09  1.256E-09  3.830E-10  5.798E-11  3.716E-12  2.919E-14  3.774E-17  2.045E-21  1.143E-26  4.185E-34  1.962E-44  0.000E+00  0.000E+00  0.000E+00  0.000E+00  0.000E+00  0.000E+00  0.000E+00  0.000E+00  0.000E+00  0.000E+00  0.000E+00  0.000E+00  0.000E+00  0.000E+00  0.000E+00  0.000E+00  0.000E+00  0.000E+00  0.000E+00  0.000E+00  0.000E+00
  298.5000  6.031E-07  5.584E-07  5.196E-07  4.857E-07  4.561E-07  4.301E-07  3.911E-07  3.634E-07  3.308E-07  3.047E-07  2.733E-07  2.468E-07  2.239E-07  1.975E-07  1.735E-07  1.515E-07  1.314E-07  1.133E-07  9.492E-08  7.939E-08  6.654E-08  5.407E-08  4.406E-08  3.492E-08  2.795E-08  2.133E-08  1.601E-08  1.164E-08  7.999E-09  4.868E-09  2.423E-09  8.382E-10  1.576E-10  1.395E-11  1.950E-13  5.587E-16  9.904E-20  2.371E-24  6.712E-31  5.371E-40  0.000E+00  0.000E+00  0.000E+00  0.000E+00  0.000E+00  0.000E+00  0.000E+00  0.000E+00  0.000E+00  0.000E+00  0.000E+00  0.000E+00  0.000E+00  0.000E+00  0.000E+00  0.000E+00  0.000E+00  0.000E+00  0.000E+00  0.000E+00  0.000E+00
  299.5000  1.835E-06  1.698E-06  1.579E-06  1.475E-06  1.384E-06  1.305E-06  1.186E-06  1.101E-06  1.002E-06  9.231E-07  8.280E-07  7.479E-07  6.783E-07  5.987E-07  5.261E-07  4.597E-07  3.990E-07  3.442E-07  2.887E-07  2.417E-07  2.027E-07  1.649E-07  1.345E-07  1.068E-07  8.564E-08  6.558E-08  4.950E-08  3.632E-08  2.538E-08  1.598E-08  8.468E-09  3.279E-09  7.500E-10  8.903E-11  2.116E-12  1.267E-14  6.799E-18  6.408E-22  1.258E-27  1.514E-35  1.541E-44  0.000E+00  0.000E+00  0.000E+00  0.000E+00  0.000E+00  0.000E+00  0.000E+00  0.000E+00  0.000E+00  0.000E+00  0.000E+00  0.000E+00  0.000E+00  0.000E+00  0.000E+00  0.000E+00  0.000E+00  0.000E+00  0.000E+00  0.000E+00
  300.5000  2.205E-06  2.039E-06  1.894E-06  1.768E-06  1.658E-06  1.562E-06  1.419E-06  1.317E-06  1.199E-06  1.104E-06  9.899E-07  8.941E-07  8.104E-07  7.159E-07  6.293E-07  5.501E-07  4.778E-07  4.124E-07  3.462E-07  2.900E-07  2.435E-07  1.983E-07  1.619E-07  1.288E-07  1.034E-07  7.939E-08  6.017E-08  4.447E-08  3.150E-08  2.038E-08  1.135E-08  4.816E-09  1.290E-09  1.942E-10  7.076E-12  7.642E-14  9.787E-17  2.665E-20  2.301E-25  2.142E-32  2.183E-40  0.000E+00  0.000E+00  0.000E+00  0.000E+00  0.000E+00  0.000E+00  0.000E+00  0.000E+00  0.000E+00  0.000E+00  0.000E+00  0.000E+00  0.000E+00  0.000E+00  0.000E+00  0.000E+00  0.000E+00  0.000E+00  0.000E+00  0.000E+00
  301.5000  5.793E-06  5.351E-06  4.967E-06  4.633E-06  4.340E-06  4.085E-06  3.708E-06  3.440E-06  3.129E-06  2.879E-06  2.582E-06  2.331E-06  2.114E-06  1.867E-06  1.642E-06  1.436E-06  1.248E-06  1.078E-06  9.058E-07  7.595E-07  6.381E-07  5.205E-07  4.254E-07  3.388E-07  2.725E-07  2.099E-07  1.597E-07  1.189E-07  8.535E-08  5.675E-08  3.325E-08  1.548E-08  4.887E-09  9.426E-10  5.398E-11  1.093E-12  3.544E-15  3.011E-18  1.291E-22  1.124E-28  1.441E-35  4.296E-42  1.401E-45  1.401E-45  0.000E+00  0.000E+00  0.000E+00  0.000E+00  0.000E+00  0.000E+00  0.000E+00  0.000E+00  0.000E+00  0.000E+00  0.000E+00  0.000E+00  0.000E+00  0.000E+00  0.000E+00  0.000E+00  0.000E+00
  302.5000  8.749E-06  8.075E-06  7.489E-06  6.978E-06  6.533E-06  6.143E-06  5.574E-06  5.167E-06  4.697E-06  4.320E-06  3.872E-06  3.496E-06  3.172E-06  2.799E-06  2.462E-06  2.154E-06  1.873E-06  1.618E-06  1.361E-06  1.142E-06  9.603E-07  7.842E-07  6.415E-07  5.116E-07  4.118E-07  3.178E-07  2.426E-07  1.815E-07  1.314E-07  8.897E-08  5.393E-08  2.674E-08  9.431E-09  2.152E-09  1.674E-10  5.180E-12  3.106E-14  5.542E-17  6.742E-21  2.503E-26  1.646E-32  2.119E-38  3.575E-42  2.172E-43  1.401E-45  1.401E-45  0.000E+00  0.000E+00  0.000E+00  0.000E+00  0.000E+00  0.000E+00  0.000E+00  0.000E+00  0.000E+00  0.000E+00  0.000E+00  0.000E+00  0.000E+00  0.000E+00  0.000E+00
  303.5000  1.900E-05  1.752E-05  1.622E-05  1.510E-05  1.412E-05  1.326E-05  1.202E-05  1.113E-05  1.011E-05  9.289E-06  8.322E-06  7.511E-06  6.806E-06  6.010E-06  5.287E-06  4.627E-06  4.025E-06  3.480E-06  2.931E-06  2.461E-06  2.071E-06  1.693E-06  1.387E-06  1.108E-06  8.929E-07  6.907E-07  5.289E-07  3.980E-07  2.909E-07  2.009E-07  1.264E-07  6.728E-08  2.690E-08  7.441E-09  8.234E-10  4.160E-11  5.134E-13  2.212E-15  9.316E-19  1.943E-23  8.954E-29  6.581E-34  2.433E-37  1.035E-38  5.700E-41  1.331E-43  0.000E+00  0.000E+00  0.000E+00  0.000E+00  0.000E+00  0.000E+00  0.000E+00  0.000E+00  0.000E+00  0.000E+00  0.000E+00  0.000E+00  0.000E+00  0.000E+00  0.000E+00
  304.5000  2.409E-05  2.218E-05  2.052E-05  1.908E-05  1.782E-05  1.672E-05  1.515E-05  1.401E-05  1.272E-05  1.168E-05  1.046E-05  9.439E-06  8.549E-06  7.549E-06  6.640E-06  5.812E-06  5.057E-06  4.374E-06  3.686E-06  3.098E-06  2.608E-06  2.135E-06  1.749E-06  1.399E-06  1.128E-06  8.744E-07  6.709E-07  5.065E-07  3.724E-07  2.602E-07  1.675E-07  9.297E-08  4.007E-08  1.243E-08  1.694E-09  1.142E-10  2.152E-12  1.555E-14  1.346E-17  7.528E-22  1.039E-26  2.011E-31  1.161E-34  4.144E-36  1.819E-38  2.799E-41  1.401E-45  0.000E+00  0.000E+00  0.000E+00  0.000E+00  0.000E+00  0.000E+00  0.000E+00  0.000E+00  0.000E+00  0.000E+00  0.000E+00  0.000E+00  0.000E+00  0.000E+00
  305.5000  4.028E-05  3.703E-05  3.420E-05  3.174E-05  2.959E-05  2.772E-05  2.507E-05  2.316E-05  2.100E-05  1.926E-05  1.723E-05  1.553E-05  1.406E-05  1.241E-05  1.091E-05  9.552E-06  8.313E-06  7.194E-06  6.069E-06  5.105E-06  4.302E-06  3.526E-06  2.893E-06  2.317E-06  1.872E-06  1.454E-06  1.119E-06  8.482E-07  6.284E-07  4.459E-07  2.956E-07  1.736E-07  8.285E-08  3.008E-08  5.493E-09  5.579E-10  1.950E-11  3.044E-13  7.780E-16  1.934E-19  1.422E-23  1.220E-27  1.374E-30  3.653E-32  1.079E-34  7.827E-38  1.696E-43  0.000E+00  0.000E+00  0.000E+00  0.000E+00  0.000E+00  0.000E+00  0.000E+00  0.000E+00  0.000E+00  0.000E+00  0.000E+00  0.000E+00  0.000E+00  0.000E+00
  306.5000  4.684E-05  4.301E-05  3.968E-05  3.679E-05  3.427E-05  3.208E-05  2.899E-05  2.676E-05  2.425E-05  2.222E-05  1.987E-05  1.790E-05  1.619E-05  1.429E-05  1.257E-05  1.100E-05  9.573E-06  8.286E-06  6.994E-06  5.885E-06  4.962E-06  4.071E-06  3.342E-06  2.679E-06  2.166E-06  1.684E-06  1.298E-06  9.860E-07  7.331E-07  5.240E-07  3.521E-07  2.123E-07  1.061E-07  4.141E-08  8.619E-09  1.049E-09  4.784E-11  1.033E-12  4.174E-15  1.952E-18  2.909E-22  4.691E-26  7.125E-29  1.734E-30  4.603E-33  2.670E-36  5.441E-42  0.000E+00  0.000E+00  0.000E+00  0.000E+00  0.000E+00  0.000E+00  0.000E+00  0.000E+00  0.000E+00  0.000E+00  0.000E+00  0.000E+00  0.000E+00  0.000E+00
  307.5000  8.468E-05  7.759E-05  7.142E-05  6.605E-05  6.138E-05  5.732E-05  5.169E-05  4.762E-05  4.308E-05  3.941E-05  3.519E-05  3.167E-05  2.860E-05  2.522E-05  2.217E-05  1.939E-05  1.688E-05  1.461E-05  1.235E-05  1.040E-05  8.773E-06  7.209E-06  5.924E-06  4.758E-06  3.851E-06  3.001E-06  2.319E-06  1.768E-06  1.322E-06  9.559E-07  6.565E-07  4.129E-07  2.233E-07  9.857E-08  2.590E-08  4.385E-09  3.304E-10  1.340E-11  1.322E-13  2.131E-16  1.277E-19  7.146E-23  1.896E-25  3.669E-27  7.151E-30  2.247E-33  3.220E-39  0.000E+00  0.000E+00  0.000E+00  0.000E+00  0.000E+00  0.000E+00  0.000E+00  0.000E+00  0.000E+00  0.000E+00  0.000E+00  0.000E+00  0.000E+00  0.000E+00
  308.5000  1.043E-04  9.543E-05  8.773E-05  8.104E-05  7.523E-05  7.017E-05  6.323E-05  5.819E-05  5.259E-05  4.806E-05  4.289E-05  3.857E-05  3.482E-05  3.069E-05  2.696E-05  2.358E-05  2.052E-05  1.777E-05  1.502E-05  1.265E-05  1.068E-05  8.783E-06  7.222E-06  5.806E-06  4.701E-06  3.668E-06  2.837E-06  2.167E-06  1.625E-06  1.181E-06  8.187E-07  5.245E-07  2.933E-07  1.364E-07  3.948E-08  7.640E-09  6.997E-10  3.600E-11  4.972E-13  1.273E-15  1.275E-18  1.127E-21  3.735E-24  6.880E-26  1.273E-28  3.532E-32  5.117E-38  0.000E+00  0.000E+00  0.000E+00  0.000E+00  0.000E+00  0.000E+00  0.000E+00  0.000E+00  0.000E+00  0.000E+00  0.000E+00  0.000E+00  0.000E+00  0.000E+00
  309.5000  1.098E-04  1.003E-04  9.197E-05  8.475E-05  7.848E-05  7.304E-05  6.567E-05  6.031E-05  5.440E-05  4.963E-05  4.421E-05  3.970E-05  3.579E-05  3.148E-05  2.766E-05  2.418E-05  2.103E-05  1.821E-05  1.540E-05  1.298E-05  1.096E-05  9.026E-06  7.429E-06  5.982E-06  4.849E-06  3.790E-06  2.938E-06  2.250E-06  1.693E-06  1.239E-06  8.710E-07  5.730E-07  3.367E-07  1.696E-07  5.708E-08  1.370E-08  1.743E-09  1.356E-10  3.372E-12  1.950E-14  4.872E-17  9.742E-20  4.683E-22  7.573E-24  1.183E-26  2.301E-30  2.822E-36  0.000E+00  0.000E+00  0.000E+00  0.000E+00  0.000E+00  0.000E+00  0.000E+00  0.000E+00  0.000E+00  0.000E+00  0.000E+00  0.000E+00  0.000E+00  0.000E+00
  310.5000  1.729E-04  1.576E-04  1.442E-04  1.326E-04  1.225E-04  1.138E-04  1.021E-04  9.359E-05  8.428E-05  7.675E-05  6.827E-05  6.122E-05  5.511E-05  4.798E-05  4.250E-05  3.713E-05  3.229E-05  2.794E-05  2.363E-05  1.993E-05  1.684E-05  1.388E-05  1.143E-05  9.218E-06  7.479E-06  5.855E-06  4.546E-06  3.489E-06  2.634E-06  1.938E-06  1.376E-06  9.228E-07  5.622E-07  3.001E-07  1.128E-07  3.169E-08  5.099E-09  5.313E-10  2.003E-11  2.060E-13  9.758E-16  3.444E-18  2.159E-20  3.236E-22  4.613E-25  7.323E-29  8.515E-35  0.000E+00  0.000E+00  0.000E+00  0.000E+00  0.000E+00  0.000E+00  0.000E+00  0.000E+00  0.000E+00  0.000E+00  0.000E+00  0.000E+00  0.000E+00  0.000E+00
  311.5000  2.463E-04  2.241E-04  2.048E-04  1.880E-04  1.734E-04  1.608E-04  1.441E-04  1.319E-04  1.186E-04  1.078E-04  9.580E-05  8.581E-05  7.715E-05  6.766E-05  5.941E-05  5.187E-05  4.508E-05  3.900E-05  3.299E-05  2.782E-05  2.352E-05  1.940E-05  1.599E-05  1.290E-05  1.048E-05  8.210E-06  6.383E-06  4.906E-06  3.711E-06  2.740E-06  1.958E-06  1.329E-06  8.287E-07  4.591E-07  1.854E-07  5.762E-08  1.079E-08  1.359E-09  6.732E-11  1.013E-12  7.352E-15  3.811E-17  2.887E-19  4.202E-21  5.824E-24  8.451E-28  1.011E-33  0.000E+00  0.000E+00  0.000E+00  0.000E+00  0.000E+00  0.000E+00  0.000E+00  0.000E+00  0.000E+00  0.000E+00  0.000E+00  0.000E+00  0.000E+00  0.000E+00
  312.5000  2.980E-04  2.702E-04  2.460E-04  2.250E-04  2.068E-04  1.910E-04  1.706E-04  1.556E-04  1.395E-04  1.264E-04  1.120E-04  1.000E-04  8.970E-05  7.853E-05  6.878E-05  5.996E-05  5.204E-05  4.497E-05  3.805E-05  3.209E-05  2.713E-05  2.240E-05  1.848E-05  1.494E-05  1.215E-05  9.542E-06  7.436E-06  5.731E-06  4.351E-06  3.231E-06  2.332E-06  1.615E-06  1.046E-06  6.165E-07  2.813E-07  1.044E-07  2.562E-08  4.533E-09  3.657E-10  1.083E-11  1.668E-13  1.683E-15  1.726E-17  2.273E-19  2.773E-22  3.058E-26  3.268E-32  0.000E+00  0.000E+00  0.000E+00  0.000E+00  0.000E+00  0.000E+00  0.000E+00  0.000E+00  0.000E+00  0.000E+00  0.000E+00  0.000E+00  0.000E+00  0.000E+00
  313.5000  3.578E-04  3.241E-04  2.948E-04  2.694E-04  2.475E-04  2.277E-04  2.038E-04  1.857E-04  1.663E-04  1.506E-04  1.333E-04  1.190E-04  1.066E-04  9.307E-05  8.165E-05  7.114E-05  6.172E-05  5.332E-05  4.511E-05  3.804E-05  3.216E-05  2.657E-05  2.193E-05  1.774E-05  1.443E-05  1.134E-05  8.847E-06  6.824E-06  5.187E-06  3.859E-06  2.795E-06  1.948E-06  1.275E-06  7.653E-07  3.612E-07  1.404E-07  3.679E-08  7.031E-09  6.339E-10  2.192E-11  4.003E-13  4.712E-15  5.294E-17  7.113E-19  9.056E-22  1.051E-25  1.280E-31  1.401E-45  0.000E+00  0.000E+00  0.000E+00  0.000E+00  0.000E+00  0.000E+00  0.000E+00  0.000E+00  0.000E+00  0.000E+00  0.000E+00  0.000E+00  0.000E+00
  314.5000  4.512E-04  4.071E-04  3.689E-04  3.357E-04  3.070E-04  2.818E-04  2.508E-04  2.276E-04  2.030E-04  1.831E-04  1.615E-04  1.436E-04  1.282E-04  1.120E-04  9.763E-05  8.485E-05  7.346E-05  6.336E-05  5.356E-05  4.514E-05  3.815E-05  3.155E-05  2.605E-05  2.111E-05  1.719E-05  1.355E-05  1.060E-05  8.197E-06  6.251E-06  4.674E-06  3.413E-06  2.415E-06  1.627E-06  1.025E-06  5.331E-07  2.392E-07  7.823E-08  1.984E-08  2.700E-09  1.662E-10  5.781E-12  1.207E-13  1.766E-15  2.196E-17  2.538E-20  2.355E-24  2.651E-30  1.682E-44  0.000E+00  0.000E+00  0.000E+00  0.000E+00  0.000E+00  0.000E+00  0.000E+00  0.000E+00  0.000E+00  0.000E+00  0.000E+00  0.000E+00  0.000E+00
  315.5000  4.878E-04  4.400E-04  3.984E-04  3.624E-04  3.312E-04  3.044E-04  2.702E-04  2.451E-04  2.185E-04  1.970E-04  1.736E-04  1.543E-04  1.377E-04  1.201E-04  1.047E-04  9.096E-05  7.871E-05  6.787E-05  5.736E-05  4.833E-05  4.085E-05  3.378E-05  2.791E-05  2.263E-05  1.843E-05  1.454E-05  1.138E-05  8.808E-06  6.724E-06  5.035E-06  3.684E-06  2.617E-06  1.776E-06  1.132E-06  6.018E-07  2.782E-07  9.460E-08  2.507E-08  3.639E-09  2.449E-10  9.376E-12  2.137E-13  3.327E-15  4.279E-17  5.254E-20  5.324E-24  7.002E-30  6.586E-44  0.000E+00  0.000E+00  0.000E+00  0.000E+00  0.000E+00  0.000E+00  0.000E+00  0.000E+00  0.000E+00  0.000E+00  0.000E+00  0.000E+00  0.000E+00
  316.5000  6.128E-04  5.507E-04  4.966E-04  4.500E-04  4.096E-04  3.748E-04  3.315E-04  2.994E-04  2.659E-04  2.387E-04  2.095E-04  1.855E-04  1.649E-04  1.434E-04  1.245E-04  1.079E-04  9.309E-05  8.007E-05  6.758E-05  5.687E-05  4.802E-05  3.973E-05  3.283E-05  2.665E-05  2.174E-05  1.718E-05  1.348E-05  1.047E-05  8.015E-06  6.027E-06  4.439E-06  3.188E-06  2.209E-06  1.457E-06  8.312E-07  4.270E-07  1.715E-07  5.638E-08  1.121E-08  1.173E-09  7.319E-11  2.573E-12  4.914E-14  6.022E-16  6.994E-19  6.152E-23  7.909E-29  9.179E-43  0.000E+00  0.000E+00  0.000E+00  0.000E+00  0.000E+00  0.000E+00  0.000E+00  0.000E+00  0.000E+00  0.000E+00  0.000E+00  0.000E+00  0.000E+00
  317.5000  8.674E-04  7.794E-04  7.031E-04  6.371E-04  5.801E-04  5.309E-04  4.697E-04  4.243E-04  3.767E-04  3.383E-04  2.970E-04  2.630E-04  2.338E-04  2.034E-04  1.766E-04  1.529E-04  1.320E-04  1.135E-04  9.582E-05  8.064E-05  6.810E-05  5.634E-05  4.656E-05  3.781E-05  3.084E-05  2.438E-05  1.913E-05  1.486E-05  1.138E-05  8.564E-06  6.311E-06  4.539E-06  3.151E-06  2.085E-06  1.195E-06  6.170E-07  2.488E-07  8.188E-08  1.631E-08  1.708E-09  1.067E-10  3.772E-12  7.411E-14  9.576E-16  1.213E-18  1.223E-22  1.895E-28  2.997E-42  0.000E+00  0.000E+00  0.000E+00  0.000E+00  0.000E+00  0.000E+00  0.000E+00  0.000E+00  0.000E+00  0.000E+00  0.000E+00  0.000E+00  0.000E+00
  318.5000  8.885E-04  7.955E-04  7.149E-04  6.453E-04  5.852E-04  5.334E-04  4.698E-04  4.225E-04  3.736E-04  3.339E-04  2.918E-04  2.573E-04  2.277E-04  1.972E-04  1.705E-04  1.471E-04  1.265E-04  1.085E-04  9.133E-05  7.668E-05  6.465E-05  5.346E-05  4.417E-05  3.591E-05  2.931E-05  2.323E-05  1.828E-05  1.424E-05  1.095E-05  8.273E-06  6.133E-06  4.453E-06  3.145E-06  2.142E-06  1.303E-06  7.363E-07  3.431E-07  1.366E-07  3.612E-08  5.635E-09  5.476E-10  2.870E-11  6.801E-13  8.442E-15  1.022E-17  9.112E-22  1.395E-27  2.699E-41  0.000E+00  0.000E+00  0.000E+00  0.000E+00  0.000E+00  0.000E+00  0.000E+00  0.000E+00  0.000E+00  0.000E+00  0.000E+00  0.000E+00  0.000E+00
  319.5000  1.149E-03  1.028E-03  9.238E-04  8.334E-04  7.554E-04  6.882E-04  6.057E-04  5.445E-04  4.810E-04  4.297E-04  3.752E-04  3.305E-04  2.922E-04  2.528E-04  2.185E-04  1.883E-04  1.618E-04  1.387E-04  1.167E-04  9.792E-05  8.252E-05  6.824E-05  5.637E-05  4.584E-05  3.743E-05  2.968E-05  2.338E-05  1.823E-05  1.403E-05  1.061E-05  7.879E-06  5.736E-06  4.069E-06  2.791E-06  1.722E-06  9.928E-07  4.762E-07  1.964E-07  5.473E-08  9.189E-09  9.676E-10  5.468E-11  1.370E-12  1.760E-14  2.262E-17  2.197E-21  3.888E-27  9.980E-41  0.000E+00  0.000E+00  0.000E+00  0.000E+00  0.000E+00  0.000E+00  0.000E+00  0.000E+00  0.000E+00  0.000E+00  0.000E+00  0.000E+00  0.000E+00
  320.5000  1.499E-03  1.341E-03  1.203E-03  1.084E-03  9.820E-04  8.938E-04  7.858E-04  7.056E-04  6.226E-04  5.555E-04  4.844E-04  4.263E-04  3.764E-04  3.253E-04  2.807E-04  2.417E-04  2.074E-04  1.776E-04  1.493E-04  1.252E-04  1.054E-04  8.715E-05  7.199E-05  5.854E-05  4.781E-05  3.794E-05  2.990E-05  2.334E-05  1.798E-05  1.362E-05  1.013E-05  7.391E-06  5.264E-06  3.635E-06  2.272E-06  1.336E-06  6.628E-07  2.860E-07  8.524E-08  1.573E-08  1.840E-09  1.148E-10  3.073E-12  4.066E-14  5.511E-17  5.720E-21  1.147E-26  3.835E-40  0.000E+00  0.000E+00  0.000E+00  0.000E+00  0.000E+00  0.000E+00  0.000E+00  0.000E+00  0.000E+00  0.000E+00  0.000E+00  0.000E+00  0.000E+00
  321.5000  1.780E-03  1.589E-03  1.424E-03  1.281E-03  1.157E-03  1.051E-03  9.208E-04  8.241E-04  7.244E-04  6.437E-04  5.588E-04  4.895E-04  4.302E-04  3.698E-04  3.174E-04  2.719E-04  2.322E-04  1.978E-04  1.656E-04  1.383E-04  1.161E-04  9.575E-05  7.894E-05  6.419E-05  5.244E-05  4.170E-05  3.296E-05  2.582E-05  1.998E-05  1.521E-05  1.138E-05  8.381E-06  6.056E-06  4.279E-06  2.803E-06  1.773E-06  9.890E-07  4.999E-07  1.896E-07  4.933E-08  8.457E-09  7.427E-10  2.344E-11  3.000E-13  3.924E-16  3.687E-20  7.424E-26  3.042E-39  0.000E+00  0.000E+00  0.000E+00  0.000E+00  0.000E+00  0.000E+00  0.000E+00  0.000E+00  0.000E+00  0.000E+00  0.000E+00  0.000E+00  0.000E+00
  322.5000  1.369E-03  1.224E-03  1.098E-03  9.888E-04  8.949E-04  8.140E-04  7.150E-04  6.415E-04  5.656E-04  5.042E-04  4.393E-04  3.862E-04  3.407E-04  2.940E-04  2.535E-04  2.180E-04  1.869E-04  1.598E-04  1.343E-04  1.125E-04  9.471E-05  7.826E-05  6.463E-05  5.257E-05  4.295E-05  3.410E-05  2.690E-05  2.102E-05  1.621E-05  1.230E-05  9.164E-06  6.707E-06  4.800E-06  3.340E-06  2.118E-06  1.272E-06  6.512E-07  2.924E-07  9.257E-08  1.862E-08  2.404E-09  1.659E-10  4.860E-12  6.968E-14  1.080E-16  1.360E-20  3.671E-26  2.120E-39  0.000E+00  0.000E+00  0.000E+00  0.000E+00  0.000E+00  0.000E+00  0.000E+00  0.000E+00  0.000E+00  0.000E+00  0.000E+00  0.000E+00  0.000E+00
  323.5000  2.186E-03  1.951E-03  1.748E-03  1.572E-03  1.421E-03  1.290E-03  1.129E-03  1.009E-03  8.859E-04  7.862E-04  6.811E-04  5.955E-04  5.222E-04  4.477E-04  3.833E-04  3.274E-04  2.788E-04  2.369E-04  1.978E-04  1.647E-04  1.380E-04  1.136E-04  9.355E-05  7.602E-05  6.209E-05  4.940E-05  3.910E-05  3.069E-05  2.380E-05  1.817E-05  1.365E-05  1.009E-05  7.339E-06  5.238E-06  3.499E-06  2.280E-06  1.337E-06  7.240E-07  3.061E-07  9.313E-08  1.911E-08  1.999E-09  7.120E-11  9.689E-13  1.410E-15  1.518E-19  3.921E-25  2.674E-38  0.000E+00  0.000E+00  0.000E+00  0.000E+00  0.000E+00  0.000E+00  0.000E+00  0.000E+00  0.000E+00  0.000E+00  0.000E+00  0.000E+00  0.000E+00
  324.5000  2.519E-03  2.248E-03  2.014E-03  1.812E-03  1.637E-03  1.487E-03  1.301E-03  1.164E-03  1.022E-03  9.072E-04  7.862E-04  6.876E-04  6.032E-04  5.174E-04  4.432E-04  3.787E-04  3.226E-04  2.742E-04  2.291E-04  1.908E-04  1.599E-04  1.317E-04  1.085E-04  8.815E-05  7.201E-05  5.729E-05  4.535E-05  3.559E-05  2.761E-05  2.108E-05  1.583E-05  1.171E-05  8.515E-06  6.079E-06  4.061E-06  2.643E-06  1.545E-06  8.320E-07  3.485E-07  1.046E-07  2.116E-08  2.198E-09  7.987E-11  1.144E-12  1.809E-15  2.220E-19  6.803E-25  6.148E-38  0.000E+00  0.000E+00  0.000E+00  0.000E+00  0.000E+00  0.000E+00  0.000E+00  0.000E+00  0.000E+00  0.000E+00  0.000E+00  0.000E+00  0.000E+00
  325.5000  2.642E-03  2.357E-03  2.111E-03  1.899E-03  1.715E-03  1.557E-03  1.363E-03  1.219E-03  1.071E-03  9.509E-04  8.244E-04  7.214E-04  6.332E-04  5.435E-04  4.658E-04  3.984E-04  3.397E-04  2.889E-04  2.415E-04  2.014E-04  1.688E-04  1.391E-04  1.146E-04  9.320E-05  7.614E-05  6.058E-05  4.793E-05  3.760E-05  2.914E-05  2.223E-05  1.668E-05  1.232E-05  8.947E-06  6.371E-06  4.233E-06  2.733E-06  1.575E-06  8.311E-07  3.374E-07  9.683E-08  1.866E-08  1.873E-09  6.866E-11  1.045E-12  1.815E-15  2.579E-19  9.448E-25  1.119E-37  0.000E+00  0.000E+00  0.000E+00  0.000E+00  0.000E+00  0.000E+00  0.000E+00  0.000E+00  0.000E+00  0.000E+00  0.000E+00  0.000E+00  0.000E+00
  326.5000  4.554E-03  4.070E-03  3.652E-03  3.292E-03  2.980E-03  2.710E-03  2.371E-03  2.122E-03  1.862E-03  1.652E-03  1.429E-03  1.248E-03  1.092E-03  9.336E-04  7.967E-04  6.781E-04  5.753E-04  4.869E-04  4.050E-04  3.357E-04  2.802E-04  2.300E-04  1.888E-04  1.532E-04  1.250E-04  9.947E-05  7.885E-05  6.205E-05  4.831E-05  3.704E-05  2.796E-05  2.081E-05  1.527E-05  1.104E-05  7.559E-06  5.114E-06  3.192E-06  1.887E-06  9.172E-07  3.426E-07  8.913E-08  1.177E-08  4.947E-10  7.371E-12  1.255E-14  1.664E-18  6.211E-24  8.913E-37  0.000E+00  0.000E+00  0.000E+00  0.000E+00  0.000E+00  0.000E+00  0.000E+00  0.000E+00  0.000E+00  0.000E+00  0.000E+00  0.000E+00  0.000E+00
  327.5000  3.757E-03  3.356E-03  3.008E-03  2.708E-03  2.449E-03  2.225E-03  1.947E-03  1.741E-03  1.528E-03  1.355E-03  1.173E-03  1.025E-03  8.976E-04  7.682E-04  6.565E-04  5.595E-04  4.755E-04  4.031E-04  3.359E-04  2.790E-04  2.332E-04  1.917E-04  1.576E-04  1.280E-04  1.045E-04  8.317E-05  6.590E-05  5.182E-05  4.029E-05  3.085E-05  2.324E-05  1.726E-05  1.264E-05  9.103E-06  6.184E-06  4.132E-06  2.523E-06  1.443E-06  6.652E-07  2.297E-07  5.467E-08  6.705E-09  2.794E-10  4.452E-12  8.415E-15  1.324E-18  6.013E-24  1.145E-36  0.000E+00  0.000E+00  0.000E+00  0.000E+00  0.000E+00  0.000E+00  0.000E+00  0.000E+00  0.000E+00  0.000E+00  0.000E+00  0.000E+00  0.000E+00
  328.5000  3.470E-03  3.098E-03  2.777E-03  2.499E-03  2.259E-03  2.052E-03  1.795E-03  1.605E-03  1.407E-03  1.248E-03  1.080E-03  9.429E-04  8.257E-04  7.064E-04  6.034E-04  5.142E-04  4.368E-04  3.702E-04  3.083E-04  2.560E-04  2.140E-04  1.759E-04  1.445E-04  1.174E-04  9.581E-05  7.625E-05  6.042E-05  4.751E-05  3.694E-05  2.829E-05  2.132E-05  1.584E-05  1.159E-05  8.352E-06  5.676E-06  3.796E-06  2.322E-06  1.332E-06  6.176E-07  2.157E-07  5.225E-08  6.578E-09  2.835E-10  4.723E-12  9.581E-15  1.665E-18  8.698E-24  2.106E-36  0.000E+00  0.000E+00  0.000E+00  0.000E+00  0.000E+00  0.000E+00  0.000E+00  0.000E+00  0.000E+00  0.000E+00  0.000E+00  0.000E+00  0.000E+00
  329.5000  6.016E-03  5.387E-03  4.843E-03  4.374E-03  3.969E-03  3.618E-03  3.169E-03  2.840E-03  2.494E-03  2.215E-03  1.916E-03  1.672E-03  1.464E-03  1.250E-03  1.065E-03  9.049E-04  7.662E-04  6.470E-04  5.367E-04  4.435E-04  3.693E-04  3.024E-04  2.477E-04  2.006E-04  1.635E-04  1.301E-04  1.032E-04  8.130E-05  6.344E-05  4.878E-05  3.694E-05  2.760E-05  2.036E-05  1.483E-05  1.028E-05  7.087E-06  4.567E-06  2.829E-06  1.485E-06  6.238E-07  1.870E-07  2.870E-08  1.372E-09  2.274E-11  4.622E-14  7.841E-18  4.304E-23  1.276E-35  0.000E+00  0.000E+00  0.000E+00  0.000E+00  0.000E+00  0.000E+00  0.000E+00  0.000E+00  0.000E+00  0.000E+00  0.000E+00  0.000E+00  0.000E+00
  330.5000  4.826E-03  4.314E-03  3.872E-03  3.491E-03  3.161E-03  2.877E-03  2.517E-03  2.253E-03  1.976E-03  1.754E-03  1.516E-03  1.324E-03  1.159E-03  9.897E-04  8.441E-04  7.178E-04  6.085E-04  5.146E-04  4.276E-04  3.540E-04  2.952E-04  2.421E-04  1.986E-04  1.610E-04  1.314E-04  1.045E-04  8.289E-05  6.528E-05  5.087E-05  3.906E-05  2.952E-05  2.201E-05  1.619E-05  1.175E-05  8.091E-06  5.519E-06  3.491E-06  2.102E-06  1.054E-06  4.128E-07  1.144E-07  1.647E-08  7.831E-10  1.384E-11  3.105E-14  6.177E-18  4.074E-23  1.574E-35  0.000E+00  0.000E+00  0.000E+00  0.000E+00  0.000E+00  0.000E+00  0.000E+00  0.000E+00  0.000E+00  0.000E+00  0.000E+00  0.000E+00  0.000E+00
  331.5000  4.644E-03  4.150E-03  3.723E-03  3.355E-03  3.037E-03  2.762E-03  2.416E-03  2.161E-03  1.896E-03  1.682E-03  1.454E-03  1.269E-03  1.110E-03  9.483E-04  8.087E-04  6.878E-04  5.831E-04  4.931E-04  4.098E-04  3.394E-04  2.831E-04  2.322E-04  1.905E-04  1.545E-04  1.260E-04  1.003E-04  7.950E-05  6.260E-05  4.877E-05  3.744E-05  2.829E-05  2.109E-05  1.551E-05  1.125E-05  7.733E-06  5.265E-06  3.320E-06  1.990E-06  9.910E-07  3.849E-07  1.059E-07  1.527E-08  7.425E-10  1.375E-11  3.325E-14  7.390E-18  5.636E-23  2.763E-35  0.000E+00  0.000E+00  0.000E+00  0.000E+00  0.000E+00  0.000E+00  0.000E+00  0.000E+00  0.000E+00  0.000E+00  0.000E+00  0.000E+00  0.000E+00
  332.5000  5.703E-03  5.110E-03  4.598E-03  4.157E-03  3.776E-03  3.447E-03  3.019E-03  2.709E-03  2.379E-03  2.115E-03  1.829E-03  1.597E-03  1.398E-03  1.193E-03  1.016E-03  8.627E-04  7.298E-04  6.157E-04  5.101E-04  4.209E-04  3.501E-04  2.863E-04  2.342E-04  1.895E-04  1.544E-04  1.228E-04  9.736E-05  7.677E-05  5.996E-05  4.617E-05  3.501E-05  2.621E-05  1.938E-05  1.417E-05  9.864E-06  6.854E-06  4.475E-06  2.825E-06  1.533E-06  6.780E-07  2.175E-07  3.629E-08  1.914E-09  3.569E-11  8.785E-14  1.966E-17  1.606E-22  9.648E-35  0.000E+00  0.000E+00  0.000E+00  0.000E+00  0.000E+00  0.000E+00  0.000E+00  0.000E+00  0.000E+00  0.000E+00  0.000E+00  0.000E+00  0.000E+00
  333.5000  4.862E-03  4.350E-03  3.908E-03  3.527E-03  3.198E-03  2.914E-03  2.550E-03  2.284E-03  2.004E-03  1.780E-03  1.538E-03  1.342E-03  1.175E-03  1.003E-03  8.541E-04  7.255E-04  6.142E-04  5.185E-04  4.301E-04  3.554E-04  2.959E-04  2.423E-04  1.984E-04  1.607E-04  1.310E-04  1.042E-04  8.262E-05  6.512E-05  5.081E-05  3.908E-05  2.960E-05  2.212E-05  1.632E-05  1.190E-05  8.249E-06  5.691E-06  3.669E-06  2.272E-06  1.194E-06  5.033E-07  1.530E-07  2.446E-08  1.294E-09  2.554E-11  6.866E-14  1.765E-17  1.700E-22  1.304E-34  0.000E+00  0.000E+00  0.000E+00  0.000E+00  0.000E+00  0.000E+00  0.000E+00  0.000E+00  0.000E+00  0.000E+00  0.000E+00  0.000E+00  0.000E+00
  334.5000  5.706E-03  5.109E-03  4.592E-03  4.147E-03  3.763E-03  3.431E-03  3.003E-03  2.692E-03  2.363E-03  2.098E-03  1.814E-03  1.583E-03  1.385E-03  1.182E-03  1.006E-03  8.543E-04  7.227E-04  6.098E-04  5.053E-04  4.171E-04  3.470E-04  2.839E-04  2.323E-04  1.880E-04  1.532E-04  1.218E-04  9.659E-05  7.615E-05  5.946E-05  4.576E-05  3.469E-05  2.595E-05  1.918E-05  1.400E-05  9.736E-06  6.747E-06  4.385E-06  2.751E-06  1.477E-06  6.437E-07  2.040E-07  3.412E-08  1.878E-09  3.830E-11  1.087E-13  3.012E-17  3.254E-22  3.102E-34  0.000E+00  0.000E+00  0.000E+00  0.000E+00  0.000E+00  0.000E+00  0.000E+00  0.000E+00  0.000E+00  0.000E+00  0.000E+00  0.000E+00  0.000E+00
  335.5000  6.465E-03  5.797E-03  5.221E-03  4.724E-03  4.296E-03  3.926E-03  3.441E-03  3.090E-03  2.715E-03  2.415E-03  2.089E-03  1.825E-03  1.598E-03  1.363E-03  1.160E-03  9.842E-04  8.320E-04  7.013E-04  5.803E-04  4.781E-04  3.972E-04  3.245E-04  2.651E-04  2.143E-04  1.745E-04  1.386E-04  1.099E-04  8.671E-05  6.779E-05  5.225E-05  3.968E-05  2.975E-05  2.205E-05  1.616E-05  1.130E-05  7.901E-06  5.214E-06  3.348E-06  1.869E-06  8.662E-07  2.956E-07  5.328E-08  3.086E-09  6.443E-11  1.906E-13  5.558E-17  6.632E-22  7.814E-34  0.000E+00  0.000E+00  0.000E+00  0.000E+00  0.000E+00  0.000E+00  0.000E+00  0.000E+00  0.000E+00  0.000E+00  0.000E+00  0.000E+00  0.000E+00
  336.5000  4.890E-03  4.382E-03  3.944E-03  3.566E-03  3.240E-03  2.959E-03  2.592E-03  2.326E-03  2.043E-03  1.816E-03  1.570E-03  1.371E-03  1.200E-03  1.023E-03  8.710E-04  7.390E-04  6.247E-04  5.266E-04  4.358E-04  3.592E-04  2.985E-04  2.439E-04  1.993E-04  1.611E-04  1.312E-04  1.043E-04  8.268E-05  6.521E-05  5.097E-05  3.927E-05  2.981E-05  2.235E-05  1.655E-05  1.212E-05  8.466E-06  5.909E-06  3.887E-06  2.483E-06  1.376E-06  6.302E-07  2.127E-07  3.821E-08  2.254E-09  4.921E-11  1.562E-13  5.066E-17  6.934E-22  1.022E-33  0.000E+00  0.000E+00  0.000E+00  0.000E+00  0.000E+00  0.000E+00  0.000E+00  0.000E+00  0.000E+00  0.000E+00  0.000E+00  0.000E+00  0.000E+00
  337.5000  4.964E-03  4.443E-03  3.993E-03  3.605E-03  3.271E-03  2.982E-03  2.609E-03  2.338E-03  2.051E-03  1.822E-03  1.574E-03  1.373E-03  1.201E-03  1.025E-03  8.722E-04  7.401E-04  6.259E-04  5.278E-04  4.372E-04  3.607E-04  3.000E-04  2.453E-04  2.007E-04  1.623E-04  1.323E-04  1.051E-04  8.338E-05  6.574E-05  5.134E-05  3.953E-05  2.998E-05  2.244E-05  1.659E-05  1.213E-05  8.443E-06  5.862E-06  3.821E-06  2.407E-06  1.303E-06  5.760E-07  1.868E-07  3.258E-08  1.936E-09  4.448E-11  1.529E-13  5.608E-17  8.909E-22  1.649E-33  0.000E+00  0.000E+00  0.000E+00  0.000E+00  0.000E+00  0.000E+00  0.000E+00  0.000E+00  0.000E+00  0.000E+00  0.000E+00  0.000E+00  0.000E+00
  338.5000  5.895E-03  5.285E-03  4.759E-03  4.306E-03  3.915E-03  3.578E-03  3.135E-03  2.814E-03  2.473E-03  2.199E-03  1.901E-03  1.660E-03  1.454E-03  1.239E-03  1.054E-03  8.941E-04  7.554E-04  6.364E-04  5.263E-04  4.333E-04  3.598E-04  2.937E-04  2.399E-04  1.938E-04  1.577E-04  1.253E-04  9.932E-05  7.835E-05  6.126E-05  4.724E-05  3.589E-05  2.693E-05  1.997E-05  1.465E-05  1.026E-05  7.185E-06  4.757E-06  3.070E-06  1.732E-06  8.164E-07  2.865E-07  5.412E-08  3.389E-09  7.950E-11  2.835E-13  1.086E-16  1.885E-21  4.253E-33  0.000E+00  0.000E+00  0.000E+00  0.000E+00  0.000E+00  0.000E+00  0.000E+00  0.000E+00  0.000E+00  0.000E+00  0.000E+00  0.000E+00  0.000E+00
  339.5000  6.513E-03  5.841E-03  5.261E-03  4.761E-03  4.330E-03  3.958E-03  3.468E-03  3.114E-03  2.736E-03  2.434E-03  2.104E-03  1.838E-03  1.609E-03  1.372E-03  1.167E-03  9.891E-04  8.354E-04  7.036E-04  5.816E-04  4.786E-04  3.973E-04  3.242E-04  2.646E-04  2.137E-04  1.739E-04  1.381E-04  1.095E-04  8.637E-05  6.754E-05  5.210E-05  3.960E-05  2.972E-05  2.205E-05  1.619E-05  1.134E-05  7.959E-06  5.283E-06  3.424E-06  1.946E-06  9.292E-07  3.320E-07  6.419E-08  4.137E-09  1.006E-10  3.798E-13  1.579E-16  3.081E-21  8.548E-33  0.000E+00  0.000E+00  0.000E+00  0.000E+00  0.000E+00  0.000E+00  0.000E+00  0.000E+00  0.000E+00  0.000E+00  0.000E+00  0.000E+00  0.000E+00
  340.5000  6.665E-03  5.973E-03  5.375E-03  4.859E-03  4.415E-03  4.031E-03  3.530E-03  3.167E-03  2.781E-03  2.471E-03  2.136E-03  1.864E-03  1.631E-03  1.391E-03  1.183E-03  1.003E-03  8.469E-04  7.134E-04  5.899E-04  4.857E-04  4.033E-04  3.292E-04  2.689E-04  2.172E-04  1.768E-04  1.404E-04  1.113E-04  8.782E-05  6.866E-05  5.293E-05  4.021E-05  3.017E-05  2.236E-05  1.640E-05  1.148E-05  8.033E-06  5.310E-06  3.419E-06  1.922E-06  9.021E-07  3.165E-07  6.053E-08  3.956E-09  1.005E-10  4.066E-13  1.878E-16  4.187E-21  1.440E-32  0.000E+00  0.000E+00  0.000E+00  0.000E+00  0.000E+00  0.000E+00  0.000E+00  0.000E+00  0.000E+00  0.000E+00  0.000E+00  0.000E+00  0.000E+00
  341.5000  6.300E-03  5.651E-03  5.090E-03  4.608E-03  4.192E-03  3.833E-03  3.359E-03  3.017E-03  2.651E-03  2.358E-03  2.039E-03  1.781E-03  1.559E-03  1.329E-03  1.130E-03  9.578E-04  8.087E-04  6.808E-04  5.625E-04  4.626E-04  3.838E-04  3.130E-04  2.554E-04  2.061E-04  1.677E-04  1.331E-04  1.055E-04  8.325E-05  6.512E-05  5.025E-05  3.821E-05  2.870E-05  2.131E-05  1.566E-05  1.099E-05  7.727E-06  5.147E-06  3.354E-06  1.925E-06  9.348E-07  3.422E-07  6.855E-08  4.653E-09  1.215E-10  5.150E-13  2.532E-16  6.245E-21  2.618E-32  0.000E+00  0.000E+00  0.000E+00  0.000E+00  0.000E+00  0.000E+00  0.000E+00  0.000E+00  0.000E+00  0.000E+00  0.000E+00  0.000E+00  0.000E+00
  342.5000  7.061E-03  6.334E-03  5.707E-03  5.167E-03  4.701E-03  4.300E-03  3.768E-03  3.385E-03  2.975E-03  2.646E-03  2.288E-03  1.998E-03  1.750E-03  1.491E-03  1.268E-03  1.074E-03  9.069E-04  7.633E-04  6.304E-04  5.183E-04  4.299E-04  3.504E-04  2.858E-04  2.306E-04  1.876E-04  1.488E-04  1.180E-04  9.310E-05  7.284E-05  5.622E-05  4.276E-05  3.213E-05  2.387E-05  1.755E-05  1.232E-05  8.673E-06  5.789E-06  3.784E-06  2.185E-06  1.071E-06  3.977E-07  8.125E-08  5.663E-09  1.531E-10  6.862E-13  3.655E-16  1.009E-20  5.162E-32  0.000E+00  0.000E+00  0.000E+00  0.000E+00  0.000E+00  0.000E+00  0.000E+00  0.000E+00  0.000E+00  0.000E+00  0.000E+00  0.000E+00  0.000E+00
  343.5000  7.180E-03  6.438E-03  5.798E-03  5.246E-03  4.770E-03  4.360E-03  3.819E-03  3.429E-03  3.012E-03  2.678E-03  2.315E-03  2.021E-03  1.769E-03  1.507E-03  1.281E-03  1.086E-03  9.163E-04  7.711E-04  6.369E-04  5.237E-04  4.344E-04  3.541E-04  2.889E-04  2.331E-04  1.896E-04  1.505E-04  1.193E-04  9.411E-05  7.361E-05  5.681E-05  4.320E-05  3.245E-05  2.410E-05  1.771E-05  1.243E-05  8.743E-06  5.826E-06  3.799E-06  2.185E-06  1.065E-06  3.939E-07  8.065E-08  5.728E-09  1.610E-10  7.674E-13  4.480E-16  1.395E-20  8.729E-32  0.000E+00  0.000E+00  0.000E+00  0.000E+00  0.000E+00  0.000E+00  0.000E+00  0.000E+00  0.000E+00  0.000E+00  0.000E+00  0.000E+00  0.000E+00
  344.5000  4.915E-03  4.405E-03  3.965E-03  3.586E-03  3.258E-03  2.976E-03  2.606E-03  2.338E-03  2.053E-03  1.825E-03  1.576E-03  1.376E-03  1.204E-03  1.025E-03  8.716E-04  7.384E-04  6.233E-04  5.245E-04  4.333E-04  3.563E-04  2.956E-04  2.410E-04  1.966E-04  1.587E-04  1.291E-04  1.025E-04  8.122E-05  6.408E-05  5.011E-05  3.867E-05  2.940E-05  2.208E-05  1.639E-05  1.204E-05  8.447E-06  5.933E-06  3.947E-06  2.566E-06  1.469E-06  7.114E-07  2.613E-07  5.350E-08  3.868E-09  1.130E-10  5.726E-13  3.663E-16  1.286E-20  9.837E-32  0.000E+00  0.000E+00  0.000E+00  0.000E+00  0.000E+00  0.000E+00  0.000E+00  0.000E+00  0.000E+00  0.000E+00  0.000E+00  0.000E+00  0.000E+00
  345.5000  7.164E-03  6.428E-03  5.792E-03  5.244E-03  4.773E-03  4.366E-03  3.826E-03  3.437E-03  3.020E-03  2.687E-03  2.323E-03  2.029E-03  1.776E-03  1.513E-03  1.286E-03  1.089E-03  9.191E-04  7.732E-04  6.381E-04  5.242E-04  4.344E-04  3.539E-04  2.884E-04  2.326E-04  1.890E-04  1.500E-04  1.188E-04  9.377E-05  7.338E-05  5.666E-05  4.312E-05  3.242E-05  2.411E-05  1.774E-05  1.248E-05  8.805E-06  5.899E-06  3.879E-06  2.265E-06  1.132E-06  4.330E-07  9.267E-08  6.943E-09  2.082E-10  1.102E-12  7.471E-16  2.880E-20  2.645E-31  0.000E+00  0.000E+00  0.000E+00  0.000E+00  0.000E+00  0.000E+00  0.000E+00  0.000E+00  0.000E+00  0.000E+00  0.000E+00  0.000E+00  0.000E+00
  346.5000  6.455E-03  5.788E-03  5.211E-03  4.714E-03  4.285E-03  3.916E-03  3.429E-03  3.078E-03  2.703E-03  2.403E-03  2.076E-03  1.812E-03  1.585E-03  1.350E-03  1.147E-03  9.716E-04  8.198E-04  6.896E-04  5.693E-04  4.678E-04  3.878E-04  3.161E-04  2.577E-04  2.079E-04  1.690E-04  1.341E-04  1.063E-04  8.384E-05  6.559E-05  5.063E-05  3.852E-05  2.895E-05  2.151E-05  1.582E-05  1.111E-05  7.825E-06  5.225E-06  3.418E-06  1.979E-06  9.767E-07  3.687E-07  7.842E-08  5.963E-09  1.860E-10  1.047E-12  7.800E-16  3.392E-20  3.805E-31  0.000E+00  0.000E+00  0.000E+00  0.000E+00  0.000E+00  0.000E+00  0.000E+00  0.000E+00  0.000E+00  0.000E+00  0.000E+00  0.000E+00  0.000E+00
  347.5000  6.337E-03  5.681E-03  5.115E-03  4.627E-03  4.207E-03  3.844E-03  3.366E-03  3.021E-03  2.653E-03  2.358E-03  2.037E-03  1.778E-03  1.556E-03  1.325E-03  1.126E-03  9.530E-04  8.039E-04  6.761E-04  5.580E-04  4.584E-04  3.799E-04  3.096E-04  2.523E-04  2.035E-04  1.654E-04  1.312E-04  1.040E-04  8.204E-05  6.419E-05  4.955E-05  3.770E-05  2.834E-05  2.107E-05  1.550E-05  1.089E-05  7.674E-06  5.131E-06  3.363E-06  1.953E-06  9.701E-07  3.698E-07  7.982E-08  6.212E-09  2.003E-10  1.189E-12  9.563E-16  4.626E-20  6.257E-31  0.000E+00  0.000E+00  0.000E+00  0.000E+00  0.000E+00  0.000E+00  0.000E+00  0.000E+00  0.000E+00  0.000E+00  0.000E+00  0.000E+00  0.000E+00
  348.5000  7.061E-03  6.332E-03  5.702E-03  5.159E-03  4.692E-03  4.288E-03  3.755E-03  3.372E-03  2.961E-03  2.632E-03  2.274E-03  1.985E-03  1.737E-03  1.479E-03  1.256E-03  1.063E-03  8.969E-04  7.541E-04  6.222E-04  5.109E-04  4.233E-04  3.448E-04  2.809E-04  2.265E-04  1.840E-04  1.460E-04  1.157E-04  9.126E-05  7.141E-05  5.514E-05  4.197E-05  3.156E-05  2.347E-05  1.727E-05  1.215E-05  8.570E-06  5.742E-06  3.775E-06  2.206E-06  1.107E-06  4.278E-07  9.415E-08  7.510E-09  2.499E-10  1.560E-12  1.349E-15  7.227E-20  1.175E-30  0.000E+00  0.000E+00  0.000E+00  0.000E+00  0.000E+00  0.000E+00  0.000E+00  0.000E+00  0.000E+00  0.000E+00  0.000E+00  0.000E+00  0.000E+00
  349.5000  5.908E-03  5.297E-03  4.770E-03  4.315E-03  3.923E-03  3.586E-03  3.140E-03  2.818E-03  2.474E-03  2.200E-03  1.900E-03  1.658E-03  1.451E-03  1.235E-03  1.049E-03  8.878E-04  7.486E-04  6.293E-04  5.192E-04  4.262E-04  3.531E-04  2.875E-04  2.342E-04  1.888E-04  1.534E-04  1.217E-04  9.639E-05  7.605E-05  5.951E-05  4.595E-05  3.498E-05  2.631E-05  1.956E-05  1.440E-05  1.013E-05  7.149E-06  4.792E-06  3.153E-06  1.846E-06  9.288E-07  3.612E-07  8.040E-08  6.552E-09  2.253E-10  1.483E-12  1.384E-15  8.237E-20  1.608E-30  0.000E+00  0.000E+00  0.000E+00  0.000E+00  0.000E+00  0.000E+00  0.000E+00  0.000E+00  0.000E+00  0.000E+00  0.000E+00  0.000E+00  0.000E+00
  350.5000  8.299E-03  7.442E-03  6.701E-03  6.062E-03  5.512E-03  5.037E-03  4.410E-03  3.959E-03  3.476E-03  3.090E-03  2.669E-03  2.329E-03  2.037E-03  1.734E-03  1.473E-03  1.246E-03  1.051E-03  8.830E-04  7.282E-04  5.977E-04  4.950E-04  4.030E-04  3.282E-04  2.645E-04  2.149E-04  1.704E-04  1.350E-04  1.065E-04  8.334E-05  6.436E-05  4.900E-05  3.686E-05  2.742E-05  2.019E-05  1.421E-05  1.003E-05  6.729E-06  4.435E-06  2.604E-06  1.317E-06  5.166E-07  1.166E-07  9.711E-09  3.448E-10  2.388E-12  2.400E-15  1.581E-19  3.695E-30  0.000E+00  0.000E+00  0.000E+00  0.000E+00  0.000E+00  0.000E+00  0.000E+00  0.000E+00  0.000E+00  0.000E+00  0.000E+00  0.000E+00  0.000E+00
  351.5000  7.118E-03  6.381E-03  5.744E-03  5.196E-03  4.723E-03  4.315E-03  3.778E-03  3.390E-03  2.976E-03  2.645E-03  2.284E-03  1.992E-03  1.742E-03  1.483E-03  1.259E-03  1.065E-03  8.980E-04  7.547E-04  6.223E-04  5.107E-04  4.229E-04  3.442E-04  2.803E-04  2.259E-04  1.835E-04  1.455E-04  1.153E-04  9.093E-05  7.115E-05  5.495E-05  4.183E-05  3.147E-05  2.341E-05  1.724E-05  1.213E-05  8.567E-06  5.748E-06  3.789E-06  2.226E-06  1.128E-06  4.442E-07  1.012E-07  8.601E-09  3.155E-10  2.301E-12  2.495E-15  1.821E-19  5.088E-30  0.000E+00  0.000E+00  0.000E+00  0.000E+00  0.000E+00  0.000E+00  0.000E+00  0.000E+00  0.000E+00  0.000E+00  0.000E+00  0.000E+00  0.000E+00
  352.5000  6.449E-03  5.782E-03  5.205E-03  4.708E-03  4.280E-03  3.911E-03  3.423E-03  3.072E-03  2.696E-03  2.396E-03  2.069E-03  1.805E-03  1.579E-03  1.343E-03  1.140E-03  9.648E-04  8.130E-04  6.831E-04  5.631E-04  4.620E-04  3.825E-04  3.113E-04  2.534E-04  2.042E-04  1.658E-04  1.314E-04  1.041E-04  8.214E-05  6.428E-05  4.965E-05  3.780E-05  2.844E-05  2.116E-05  1.559E-05  1.098E-05  7.755E-06  5.209E-06  3.440E-06  2.028E-06  1.033E-06  4.105E-07  9.483E-08  8.236E-09  3.116E-10  2.387E-12  2.779E-15  2.238E-19  7.451E-30  0.000E+00  0.000E+00  0.000E+00  0.000E+00  0.000E+00  0.000E+00  0.000E+00  0.000E+00  0.000E+00  0.000E+00  0.000E+00  0.000E+00  0.000E+00
  353.5000  7.820E-03  7.012E-03  6.313E-03  5.711E-03  5.191E-03  4.744E-03  4.153E-03  3.727E-03  3.271E-03  2.907E-03  2.510E-03  2.190E-03  1.915E-03  1.629E-03  1.383E-03  1.170E-03  9.857E-04  8.280E-04  6.824E-04  5.597E-04  4.632E-04  3.768E-04  3.067E-04  2.471E-04  2.006E-04  1.590E-04  1.259E-04  9.934E-05  7.774E-05  6.005E-05  4.574E-05  3.442E-05  2.562E-05  1.888E-05  1.330E-05  9.403E-06  6.324E-06  4.185E-06  2.476E-06  1.270E-06  5.097E-07  1.195E-07  1.061E-08  4.136E-10  3.325E-12  4.147E-15  3.679E-19  1.456E-29  0.000E+00  0.000E+00  0.000E+00  0.000E+00  0.000E+00  0.000E+00  0.000E+00  0.000E+00  0.000E+00  0.000E+00  0.000E+00  0.000E+00  0.000E+00
  354.5000  8.515E-03  7.636E-03  6.875E-03  6.219E-03  5.654E-03  5.167E-03  4.523E-03  4.059E-03  3.563E-03  3.167E-03  2.734E-03  2.385E-03  2.086E-03  1.774E-03  1.506E-03  1.274E-03  1.073E-03  9.010E-04  7.424E-04  6.087E-04  5.037E-04  4.096E-04  3.333E-04  2.684E-04  2.179E-04  1.727E-04  1.367E-04  1.079E-04  8.443E-05  6.522E-05  4.968E-05  3.740E-05  2.784E-05  2.052E-05  1.447E-05  1.023E-05  6.890E-06  4.568E-06  2.712E-06  1.400E-06  5.669E-07  1.348E-07  1.223E-08  4.910E-10  4.140E-12  5.531E-15  5.398E-19  2.532E-29  0.000E+00  0.000E+00  0.000E+00  0.000E+00  0.000E+00  0.000E+00  0.000E+00  0.000E+00  0.000E+00  0.000E+00  0.000E+00  0.000E+00  0.000E+00
  355.5000  7.964E-03  7.141E-03  6.429E-03  5.816E-03  5.287E-03  4.831E-03  4.228E-03  3.795E-03  3.330E-03  2.960E-03  2.555E-03  2.229E-03  1.948E-03  1.658E-03  1.406E-03  1.189E-03  1.002E-03  8.410E-04  6.928E-04  5.679E-04  4.698E-04  3.821E-04  3.108E-04  2.502E-04  2.031E-04  1.609E-04  1.274E-04  1.005E-04  7.868E-05  6.078E-05  4.631E-05  3.486E-05  2.596E-05  1.914E-05  1.350E-05  9.549E-06  6.433E-06  4.269E-06  2.540E-06  1.316E-06  5.365E-07  1.291E-07  1.194E-08  4.942E-10  4.371E-12  6.259E-15  6.720E-19  3.731E-29  0.000E+00  0.000E+00  0.000E+00  0.000E+00  0.000E+00  0.000E+00  0.000E+00  0.000E+00  0.000E+00  0.000E+00  0.000E+00  0.000E+00  0.000E+00
  356.5000  7.389E-03  6.625E-03  5.964E-03  5.395E-03  4.903E-03  4.480E-03  3.921E-03  3.518E-03  3.087E-03  2.743E-03  2.368E-03  2.065E-03  1.805E-03  1.536E-03  1.303E-03  1.101E-03  9.274E-04  7.786E-04  6.413E-04  5.255E-04  4.347E-04  3.534E-04  2.874E-04  2.314E-04  1.878E-04  1.488E-04  1.178E-04  9.291E-05  7.272E-05  5.619E-05  4.281E-05  3.223E-05  2.401E-05  1.770E-05  1.248E-05  8.836E-06  5.956E-06  3.956E-06  2.358E-06  1.226E-06  5.026E-07  1.222E-07  1.154E-08  4.917E-10  4.560E-12  6.995E-15  8.251E-19  5.413E-29  0.000E+00  0.000E+00  0.000E+00  0.000E+00  0.000E+00  0.000E+00  0.000E+00  0.000E+00  0.000E+00  0.000E+00  0.000E+00  0.000E+00  0.000E+00
  357.5000  6.277E-03  5.628E-03  5.066E-03  4.581E-03  4.164E-03  3.804E-03  3.328E-03  2.986E-03  2.620E-03  2.328E-03  2.009E-03  1.752E-03  1.531E-03  1.302E-03  1.105E-03  9.337E-04  7.861E-04  6.598E-04  5.433E-04  4.452E-04  3.682E-04  2.993E-04  2.433E-04  1.959E-04  1.589E-04  1.259E-04  9.968E-05  7.862E-05  6.154E-05  4.755E-05  3.623E-05  2.728E-05  2.032E-05  1.498E-05  1.057E-05  7.484E-06  5.047E-06  3.354E-06  2.002E-06  1.044E-06  4.304E-07  1.058E-07  1.017E-08  4.466E-10  4.341E-12  7.129E-15  9.228E-19  7.137E-29  0.000E+00  0.000E+00  0.000E+00  0.000E+00  0.000E+00  0.000E+00  0.000E+00  0.000E+00  0.000E+00  0.000E+00  0.000E+00  0.000E+00  0.000E+00
  358.5000  4.859E-03  4.357E-03  3.922E-03  3.547E-03  3.223E-03  2.945E-03  2.577E-03  2.311E-03  2.028E-03  1.802E-03  1.555E-03  1.356E-03  1.185E-03  1.007E-03  8.546E-04  7.222E-04  6.079E-04  5.101E-04  4.200E-04  3.440E-04  2.844E-04  2.312E-04  1.879E-04  1.512E-04  1.227E-04  9.716E-05  7.692E-05  6.067E-05  4.749E-05  3.669E-05  2.796E-05  2.106E-05  1.569E-05  1.157E-05  8.167E-06  5.784E-06  3.904E-06  2.598E-06  1.555E-06  8.143E-07  3.383E-07  8.415E-08  8.255E-09  3.728E-10  3.792E-12  6.650E-15  9.425E-19  8.572E-29  0.000E+00  0.000E+00  0.000E+00  0.000E+00  0.000E+00  0.000E+00  0.000E+00  0.000E+00  0.000E+00  0.000E+00  0.000E+00  0.000E+00  0.000E+00
  359.5000  8.180E-03  7.333E-03  6.601E-03  5.969E-03  5.424E-03  4.955E-03  4.335E-03  3.889E-03  3.411E-03  3.030E-03  2.615E-03  2.279E-03  1.992E-03  1.693E-03  1.436E-03  1.213E-03  1.021E-03  8.569E-04  7.053E-04  5.776E-04  4.775E-04  3.880E-04  3.153E-04  2.537E-04  2.058E-04  1.630E-04  1.290E-04  1.017E-04  7.963E-05  6.154E-05  4.690E-05  3.533E-05  2.632E-05  1.942E-05  1.371E-05  9.711E-06  6.558E-06  4.368E-06  2.619E-06  1.376E-06  5.750E-07  1.445E-07  1.445E-08  6.715E-10  7.145E-12  1.338E-14  2.076E-18  2.216E-28  0.000E+00  0.000E+00  0.000E+00  0.000E+00  0.000E+00  0.000E+00  0.000E+00  0.000E+00  0.000E+00  0.000E+00  0.000E+00  0.000E+00  0.000E+00
  360.5000  7.587E-03  6.801E-03  6.121E-03  5.535E-03  5.029E-03  4.594E-03  4.019E-03  3.604E-03  3.162E-03  2.808E-03  2.423E-03  2.112E-03  1.845E-03  1.569E-03  1.330E-03  1.124E-03  9.455E-04  7.931E-04  6.527E-04  5.344E-04  4.417E-04  3.588E-04  2.916E-04  2.345E-04  1.902E-04  1.506E-04  1.192E-04  9.401E-05  7.359E-05  5.687E-05  4.334E-05  3.265E-05  2.433E-05  1.795E-05  1.268E-05  8.984E-06  6.070E-06  4.047E-06  2.431E-06  1.282E-06  5.387E-07  1.369E-07  1.394E-08  6.662E-10  7.413E-12  1.481E-14  2.510E-18  3.139E-28  0.000E+00  0.000E+00  0.000E+00  0.000E+00  0.000E+00  0.000E+00  0.000E+00  0.000E+00  0.000E+00  0.000E+00  0.000E+00  0.000E+00  0.000E+00
  361.5000  6.855E-03  6.146E-03  5.531E-03  5.001E-03  4.544E-03  4.151E-03  3.631E-03  3.256E-03  2.856E-03  2.537E-03  2.188E-03  1.907E-03  1.666E-03  1.416E-03  1.200E-03  1.014E-03  8.531E-04  7.155E-04  5.887E-04  4.819E-04  3.982E-04  3.234E-04  2.627E-04  2.113E-04  1.713E-04  1.356E-04  1.074E-04  8.466E-05  6.627E-05  5.121E-05  3.904E-05  2.941E-05  2.192E-05  1.618E-05  1.143E-05  8.102E-06  5.478E-06  3.656E-06  2.201E-06  1.165E-06  4.930E-07  1.267E-07  1.315E-08  6.458E-10  7.506E-12  1.598E-14  2.954E-18  4.317E-28  0.000E+00  0.000E+00  0.000E+00  0.000E+00  0.000E+00  0.000E+00  0.000E+00  0.000E+00  0.000E+00  0.000E+00  0.000E+00  0.000E+00  0.000E+00
  362.5000  8.061E-03  7.227E-03  6.504E-03  5.880E-03  5.343E-03  4.879E-03  4.268E-03  3.827E-03  3.357E-03  2.981E-03  2.571E-03  2.241E-03  1.958E-03  1.664E-03  1.410E-03  1.191E-03  1.002E-03  8.400E-04  6.910E-04  5.655E-04  4.671E-04  3.793E-04  3.081E-04  2.477E-04  2.008E-04  1.590E-04  1.258E-04  9.920E-05  7.765E-05  6.001E-05  4.575E-05  3.448E-05  2.570E-05  1.897E-05  1.340E-05  9.506E-06  6.431E-06  4.297E-06  2.591E-06  1.377E-06  5.861E-07  1.522E-07  1.609E-08  8.121E-10  9.856E-12  2.233E-14  4.500E-18  7.673E-28  0.000E+00  0.000E+00  0.000E+00  0.000E+00  0.000E+00  0.000E+00  0.000E+00  0.000E+00  0.000E+00  0.000E+00  0.000E+00  0.000E+00  0.000E+00
  363.5000  7.176E-03  6.432E-03  5.789E-03  5.233E-03  4.754E-03  4.342E-03  3.797E-03  3.405E-03  2.986E-03  2.652E-03  2.287E-03  1.993E-03  1.741E-03  1.479E-03  1.253E-03  1.058E-03  8.900E-04  7.462E-04  6.137E-04  5.021E-04  4.147E-04  3.367E-04  2.734E-04  2.198E-04  1.782E-04  1.410E-04  1.116E-04  8.798E-05  6.886E-05  5.323E-05  4.058E-05  3.058E-05  2.280E-05  1.684E-05  1.190E-05  8.439E-06  5.713E-06  3.820E-06  2.308E-06  1.230E-06  5.267E-07  1.382E-07  1.488E-08  7.711E-10  9.768E-12  2.355E-14  5.166E-18  1.025E-27  0.000E+00  0.000E+00  0.000E+00  0.000E+00  0.000E+00  0.000E+00  0.000E+00  0.000E+00  0.000E+00  0.000E+00  0.000E+00  0.000E+00  0.000E+00
  364.5000  7.826E-03  7.015E-03  6.312E-03  5.706E-03  5.183E-03  4.733E-03  4.139E-03  3.711E-03  3.254E-03  2.889E-03  2.491E-03  2.170E-03  1.896E-03  1.610E-03  1.365E-03  1.152E-03  9.686E-04  8.119E-04  6.676E-04  5.461E-04  4.509E-04  3.660E-04  2.972E-04  2.389E-04  1.936E-04  1.532E-04  1.212E-04  9.557E-05  7.481E-05  5.782E-05  4.408E-05  3.323E-05  2.478E-05  1.830E-05  1.293E-05  9.177E-06  6.214E-06  4.159E-06  2.516E-06  1.345E-06  5.789E-07  1.534E-07  1.680E-08  8.943E-10  1.182E-11  3.030E-14  7.228E-18  1.668E-27  0.000E+00  0.000E+00  0.000E+00  0.000E+00  0.000E+00  0.000E+00  0.000E+00  0.000E+00  0.000E+00  0.000E+00  0.000E+00  0.000E+00  0.000E+00
  365.5000  9.528E-03  8.541E-03  7.684E-03  6.945E-03  6.308E-03  5.760E-03  5.036E-03  4.515E-03  3.958E-03  3.514E-03  3.029E-03  2.639E-03  2.304E-03  1.957E-03  1.659E-03  1.400E-03  1.177E-03  9.863E-04  8.108E-04  6.631E-04  5.474E-04  4.443E-04  3.606E-04  2.898E-04  2.349E-04  1.858E-04  1.470E-04  1.159E-04  9.072E-05  7.012E-05  5.347E-05  4.031E-05  3.006E-05  2.220E-05  1.569E-05  1.114E-05  7.546E-06  5.053E-06  3.062E-06  1.641E-06  7.096E-07  1.898E-07  2.115E-08  1.156E-09  1.593E-11  4.338E-14  1.125E-17  3.010E-27  0.000E+00  0.000E+00  0.000E+00  0.000E+00  0.000E+00  0.000E+00  0.000E+00  0.000E+00  0.000E+00  0.000E+00  0.000E+00  0.000E+00  0.000E+00
  366.5000  1.010E-02  9.050E-03  8.142E-03  7.359E-03  6.684E-03  6.102E-03  5.335E-03  4.782E-03  4.192E-03  3.721E-03  3.208E-03  2.794E-03  2.440E-03  2.072E-03  1.755E-03  1.481E-03  1.245E-03  1.043E-03  8.574E-04  7.010E-04  5.786E-04  4.695E-04  3.810E-04  3.062E-04  2.481E-04  1.962E-04  1.552E-04  1.224E-04  9.579E-05  7.404E-05  5.646E-05  4.257E-05  3.175E-05  2.345E-05  1.658E-05  1.177E-05  7.981E-06  5.349E-06  3.247E-06  1.746E-06  7.594E-07  2.051E-07  2.327E-08  1.304E-09  1.872E-11  5.412E-14  1.522E-17  4.715E-27  0.000E+00  0.000E+00  0.000E+00  0.000E+00  0.000E+00  0.000E+00  0.000E+00  0.000E+00  0.000E+00  0.000E+00  0.000E+00  0.000E+00  0.000E+00
  367.5000  9.599E-03  8.604E-03  7.741E-03  6.996E-03  6.353E-03  5.800E-03  5.070E-03  4.544E-03  3.983E-03  3.535E-03  3.047E-03  2.654E-03  2.317E-03  1.967E-03  1.667E-03  1.406E-03  1.182E-03  9.900E-04  8.136E-04  6.650E-04  5.488E-04  4.452E-04  3.612E-04  2.902E-04  2.351E-04  1.859E-04  1.471E-04  1.159E-04  9.074E-05  7.015E-05  5.349E-05  4.034E-05  3.009E-05  2.223E-05  1.572E-05  1.117E-05  7.573E-06  5.080E-06  3.089E-06  1.667E-06  7.290E-07  1.989E-07  2.295E-08  1.320E-09  1.972E-11  6.042E-14  1.841E-17  6.593E-27  0.000E+00  0.000E+00  0.000E+00  0.000E+00  0.000E+00  0.000E+00  0.000E+00  0.000E+00  0.000E+00  0.000E+00  0.000E+00  0.000E+00  0.000E+00
  368.5000  8.435E-03  7.559E-03  6.801E-03  6.146E-03  5.581E-03  5.094E-03  4.453E-03  3.991E-03  3.497E-03  3.104E-03  2.675E-03  2.329E-03  2.033E-03  1.726E-03  1.462E-03  1.233E-03  1.036E-03  8.680E-04  7.132E-04  5.828E-04  4.809E-04  3.900E-04  3.164E-04  2.541E-04  2.058E-04  1.628E-04  1.287E-04  1.015E-04  7.942E-05  6.140E-05  4.683E-05  3.531E-05  2.635E-05  1.947E-05  1.377E-05  9.783E-06  6.638E-06  4.456E-06  2.714E-06  1.468E-06  6.455E-07  1.778E-07  2.086E-08  1.230E-09  1.913E-11  6.210E-14  2.048E-17  8.463E-27  0.000E+00  0.000E+00  0.000E+00  0.000E+00  0.000E+00  0.000E+00  0.000E+00  0.000E+00  0.000E+00  0.000E+00  0.000E+00  0.000E+00  0.000E+00
  369.5000  1.012E-02  9.070E-03  8.159E-03  7.373E-03  6.694E-03  6.110E-03  5.340E-03  4.785E-03  4.193E-03  3.721E-03  3.206E-03  2.792E-03  2.437E-03  2.068E-03  1.752E-03  1.477E-03  1.241E-03  1.039E-03  8.538E-04  6.976E-04  5.754E-04  4.666E-04  3.784E-04  3.039E-04  2.461E-04  1.946E-04  1.539E-04  1.213E-04  9.493E-05  7.339E-05  5.598E-05  4.222E-05  3.150E-05  2.328E-05  1.647E-05  1.170E-05  7.945E-06  5.338E-06  3.256E-06  1.766E-06  7.805E-07  2.169E-07  2.588E-08  1.564E-09  2.531E-11  8.699E-14  3.102E-17  1.476E-26  0.000E+00  0.000E+00  0.000E+00  0.000E+00  0.000E+00  0.000E+00  0.000E+00  0.000E+00  0.000E+00  0.000E+00  0.000E+00  0.000E+00  0.000E+00
  370.5000  9.184E-03  8.230E-03  7.403E-03  6.689E-03  6.073E-03  5.542E-03  4.843E-03  4.340E-03  3.802E-03  3.373E-03  2.907E-03  2.531E-03  2.208E-03  1.874E-03  1.587E-03  1.338E-03  1.124E-03  9.411E-04  7.729E-04  6.314E-04  5.207E-04  4.221E-04  3.423E-04  2.748E-04  2.225E-04  1.759E-04  1.391E-04  1.096E-04  8.581E-05  6.634E-05  5.060E-05  3.817E-05  2.849E-05  2.105E-05  1.490E-05  1.059E-05  7.192E-06  4.835E-06  2.953E-06  1.607E-06  7.134E-07  2.001E-07  2.426E-08  1.503E-09  2.528E-11  9.192E-14  3.541E-17  1.937E-26  0.000E+00  0.000E+00  0.000E+00  0.000E+00  0.000E+00  0.000E+00  0.000E+00  0.000E+00  0.000E+00  0.000E+00  0.000E+00  0.000E+00  0.000E+00
  371.5000  1.051E-02  9.421E-03  8.474E-03  7.656E-03  6.950E-03  6.342E-03  5.542E-03  4.965E-03  4.350E-03  3.859E-03  3.324E-03  2.894E-03  2.525E-03  2.143E-03  1.814E-03  1.529E-03  1.284E-03  1.075E-03  8.828E-04  7.209E-04  5.944E-04  4.818E-04  3.906E-04  3.136E-04  2.538E-04  2.007E-04  1.586E-04  1.250E-04  9.786E-05  7.565E-05  5.771E-05  4.353E-05  3.249E-05  2.402E-05  1.700E-05  1.209E-05  8.213E-06  5.525E-06  3.380E-06  1.844E-06  8.228E-07  2.329E-07  2.870E-08  1.821E-09  3.183E-11  1.223E-13  5.084E-17  3.193E-26  0.000E+00  0.000E+00  0.000E+00  0.000E+00  0.000E+00  0.000E+00  0.000E+00  0.000E+00  0.000E+00  0.000E+00  0.000E+00  0.000E+00  0.000E+00
  372.5000  7.770E-03  6.962E-03  6.262E-03  5.657E-03  5.135E-03  4.686E-03  4.094E-03  3.667E-03  3.212E-03  2.849E-03  2.454E-03  2.136E-03  1.864E-03  1.582E-03  1.338E-03  1.128E-03  9.473E-04  7.929E-04  6.509E-04  5.314E-04  4.381E-04  3.550E-04  2.878E-04  2.310E-04  1.869E-04  1.477E-04  1.168E-04  9.205E-05  7.204E-05  5.570E-05  4.249E-05  3.206E-05  2.393E-05  1.769E-05  1.253E-05  8.908E-06  6.055E-06  4.076E-06  2.497E-06  1.366E-06  6.126E-07  1.749E-07  2.191E-08  1.423E-09  2.584E-11  1.049E-13  4.698E-17  3.381E-26  0.000E+00  0.000E+00  0.000E+00  0.000E+00  0.000E+00  0.000E+00  0.000E+00  0.000E+00  0.000E+00  0.000E+00  0.000E+00  0.000E+00  0.000E+00
  373.5000  7.022E-03  6.292E-03  5.659E-03  5.112E-03  4.640E-03  4.233E-03  3.698E-03  3.312E-03  2.901E-03  2.573E-03  2.216E-03  1.929E-03  1.682E-03  1.427E-03  1.208E-03  1.018E-03  8.545E-04  7.150E-04  5.869E-04  4.791E-04  3.948E-04  3.199E-04  2.592E-04  2.080E-04  1.684E-04  1.330E-04  1.052E-04  8.287E-05  6.486E-05  5.014E-05  3.825E-05  2.886E-05  2.155E-05  1.594E-05  1.128E-05  8.026E-06  5.458E-06  3.677E-06  2.255E-06  1.237E-06  5.572E-07  1.605E-07  2.041E-08  1.358E-09  2.559E-11  1.097E-13  5.290E-17  4.354E-26  0.000E+00  0.000E+00  0.000E+00  0.000E+00  0.000E+00  0.000E+00  0.000E+00  0.000E+00  0.000E+00  0.000E+00  0.000E+00  0.000E+00  0.000E+00
  374.5000  7.707E-03  6.906E-03  6.211E-03  5.610E-03  5.091E-03  4.644E-03  4.057E-03  3.633E-03  3.182E-03  2.821E-03  2.430E-03  2.114E-03  1.844E-03  1.564E-03  1.323E-03  1.115E-03  9.360E-04  7.831E-04  6.426E-04  5.244E-04  4.321E-04  3.501E-04  2.836E-04  2.276E-04  1.841E-04  1.455E-04  1.150E-04  9.060E-05  7.090E-05  5.482E-05  4.182E-05  3.156E-05  2.357E-05  1.743E-05  1.234E-05  8.782E-06  5.974E-06  4.027E-06  2.474E-06  1.360E-06  6.154E-07  1.788E-07  2.309E-08  1.572E-09  3.074E-11  1.390E-13  7.211E-17  6.779E-26  0.000E+00  0.000E+00  0.000E+00  0.000E+00  0.000E+00  0.000E+00  0.000E+00  0.000E+00  0.000E+00  0.000E+00  0.000E+00  0.000E+00  0.000E+00
  375.5000  8.701E-03  7.796E-03  7.011E-03  6.332E-03  5.746E-03  5.241E-03  4.578E-03  4.099E-03  3.589E-03  3.183E-03  2.740E-03  2.384E-03  2.079E-03  1.763E-03  1.491E-03  1.257E-03  1.055E-03  8.821E-04  7.238E-04  5.905E-04  4.865E-04  3.940E-04  3.192E-04  2.560E-04  2.071E-04  1.636E-04  1.293E-04  1.019E-04  7.973E-05  6.164E-05  4.704E-05  3.550E-05  2.651E-05  1.961E-05  1.389E-05  9.884E-06  6.727E-06  4.538E-06  2.791E-06  1.539E-06  6.995E-07  2.050E-07  2.689E-08  1.873E-09  3.797E-11  1.809E-13  1.009E-16  1.081E-25  0.000E+00  0.000E+00  0.000E+00  0.000E+00  0.000E+00  0.000E+00  0.000E+00  0.000E+00  0.000E+00  0.000E+00  0.000E+00  0.000E+00  0.000E+00
  376.5000  8.693E-03  7.788E-03  7.003E-03  6.325E-03  5.739E-03  5.234E-03  4.571E-03  4.093E-03  3.584E-03  3.177E-03  2.735E-03  2.379E-03  2.075E-03  1.760E-03  1.487E-03  1.253E-03  1.052E-03  8.794E-04  7.214E-04  5.885E-04  4.847E-04  3.925E-04  3.178E-04  2.549E-04  2.062E-04  1.629E-04  1.287E-04  1.014E-04  7.934E-05  6.134E-05  4.681E-05  3.533E-05  2.639E-05  1.952E-05  1.383E-05  9.845E-06  6.703E-06  4.524E-06  2.787E-06  1.540E-06  7.034E-07  2.079E-07  2.768E-08  1.972E-09  4.145E-11  2.079E-13  1.245E-16  1.519E-25  0.000E+00  0.000E+00  0.000E+00  0.000E+00  0.000E+00  0.000E+00  0.000E+00  0.000E+00  0.000E+00  0.000E+00  0.000E+00  0.000E+00  0.000E+00
  377.5000  1.035E-02  9.278E-03  8.341E-03  7.533E-03  6.835E-03  6.233E-03  5.443E-03  4.873E-03  4.266E-03  3.781E-03  3.255E-03  2.831E-03  2.469E-03  2.093E-03  1.769E-03  1.490E-03  1.250E-03  1.045E-03  8.573E-04  6.992E-04  5.758E-04  4.661E-04  3.774E-04  3.026E-04  2.447E-04  1.933E-04  1.527E-04  1.203E-04  9.414E-05  7.279E-05  5.555E-05  4.193E-05  3.132E-05  2.317E-05  1.642E-05  1.169E-05  7.964E-06  5.379E-06  3.317E-06  1.838E-06  8.432E-07  2.512E-07  3.397E-08  2.474E-09  5.387E-11  2.844E-13  1.826E-16  2.533E-25  0.000E+00  0.000E+00  0.000E+00  0.000E+00  0.000E+00  0.000E+00  0.000E+00  0.000E+00  0.000E+00  0.000E+00  0.000E+00  0.000E+00  0.000E+00
  378.5000  1.129E-02  1.011E-02  9.092E-03  8.210E-03  7.448E-03  6.792E-03  5.931E-03  5.309E-03  4.647E-03  4.119E-03  3.545E-03  3.083E-03  2.688E-03  2.278E-03  1.925E-03  1.622E-03  1.360E-03  1.137E-03  9.324E-04  7.602E-04  6.259E-04  5.066E-04  4.101E-04  3.288E-04  2.658E-04  2.099E-04  1.658E-04  1.306E-04  1.022E-04  7.903E-05  6.032E-05  4.553E-05  3.402E-05  2.517E-05  1.784E-05  1.271E-05  8.657E-06  5.851E-06  3.613E-06  2.007E-06  9.245E-07  2.777E-07  3.810E-08  2.837E-09  6.397E-11  3.552E-13  2.444E-16  3.849E-25  0.000E+00  0.000E+00  0.000E+00  0.000E+00  0.000E+00  0.000E+00  0.000E+00  0.000E+00  0.000E+00  0.000E+00  0.000E+00  0.000E+00  0.000E+00
  379.5000  8.352E-03  7.483E-03  6.727E-03  6.074E-03  5.510E-03  5.024E-03  4.386E-03  3.926E-03  3.436E-03  3.045E-03  2.620E-03  2.279E-03  1.986E-03  1.683E-03  1.422E-03  1.198E-03  1.004E-03  8.395E-04  6.883E-04  5.610E-04  4.618E-04  3.737E-04  3.025E-04  2.425E-04  1.960E-04  1.547E-04  1.222E-04  9.628E-05  7.534E-05  5.825E-05  4.445E-05  3.356E-05  2.508E-05  1.856E-05  1.316E-05  9.371E-06  6.388E-06  4.319E-06  2.670E-06  1.487E-06  6.879E-07  2.083E-07  2.899E-08  2.206E-09  5.149E-11  3.005E-13  2.214E-16  3.951E-25  0.000E+00  0.000E+00  0.000E+00  0.000E+00  0.000E+00  0.000E+00  0.000E+00  0.000E+00  0.000E+00  0.000E+00  0.000E+00  0.000E+00  0.000E+00
  380.5000  1.005E-02  9.002E-03  8.092E-03  7.306E-03  6.627E-03  6.042E-03  5.274E-03  4.720E-03  4.131E-03  3.660E-03  3.149E-03  2.738E-03  2.386E-03  2.022E-03  1.708E-03  1.438E-03  1.206E-03  1.008E-03  8.261E-04  6.732E-04  5.540E-04  4.482E-04  3.627E-04  2.907E-04  2.349E-04  1.855E-04  1.465E-04  1.154E-04  9.027E-05  6.980E-05  5.327E-05  4.022E-05  3.006E-05  2.225E-05  1.578E-05  1.124E-05  7.664E-06  5.185E-06  3.210E-06  1.791E-06  8.322E-07  2.540E-07  3.587E-08  2.789E-09  6.734E-11  4.128E-13  3.253E-16  6.569E-25  0.000E+00  0.000E+00  0.000E+00  0.000E+00  0.000E+00  0.000E+00  0.000E+00  0.000E+00  0.000E+00  0.000E+00  0.000E+00  0.000E+00  0.000E+00
  381.5000  9.446E-03  8.462E-03  7.606E-03  6.866E-03  6.228E-03  5.677E-03  4.956E-03  4.434E-03  3.880E-03  3.438E-03  2.957E-03  2.571E-03  2.240E-03  1.898E-03  1.603E-03  1.350E-03  1.131E-03  9.453E-04  7.747E-04  6.312E-04  5.193E-04  4.201E-04  3.398E-04  2.723E-04  2.201E-04  1.737E-04  1.372E-04  1.080E-04  8.452E-05  6.535E-05  4.988E-05  3.766E-05  2.815E-05  2.084E-05  1.478E-05  1.053E-05  7.184E-06  4.863E-06  3.014E-06  1.686E-06  7.866E-07  2.420E-07  3.467E-08  2.753E-09  6.872E-11  4.422E-13  3.724E-16  8.498E-25  0.000E+00  0.000E+00  0.000E+00  0.000E+00  0.000E+00  0.000E+00  0.000E+00  0.000E+00  0.000E+00  0.000E+00  0.000E+00  0.000E+00  0.000E+00
  382.5000  6.296E-03  5.640E-03  5.069E-03  4.576E-03  4.150E-03  3.783E-03  3.301E-03  2.954E-03  2.584E-03  2.289E-03  1.969E-03  1.712E-03  1.491E-03  1.264E-03  1.067E-03  8.980E-04  7.526E-04  6.287E-04  5.151E-04  4.196E-04  3.452E-04  2.792E-04  2.258E-04  1.809E-04  1.461E-04  1.153E-04  9.106E-05  7.171E-05  5.611E-05  4.338E-05  3.311E-05  2.501E-05  1.869E-05  1.384E-05  9.817E-06  6.997E-06  4.775E-06  3.234E-06  2.007E-06  1.125E-06  5.271E-07  1.634E-07  2.374E-08  1.925E-09  4.967E-11  3.353E-13  3.015E-16  7.762E-25  0.000E+00  0.000E+00  0.000E+00  0.000E+00  0.000E+00  0.000E+00  0.000E+00  0.000E+00  0.000E+00  0.000E+00  0.000E+00  0.000E+00  0.000E+00
  383.5000  5.530E-03  4.953E-03  4.452E-03  4.018E-03  3.644E-03  3.321E-03  2.898E-03  2.593E-03  2.268E-03  2.009E-03  1.728E-03  1.502E-03  1.308E-03  1.108E-03  9.355E-04  7.873E-04  6.597E-04  5.510E-04  4.514E-04  3.676E-04  3.023E-04  2.444E-04  1.977E-04  1.583E-04  1.279E-04  1.009E-04  7.967E-05  6.274E-05  4.908E-05  3.795E-05  2.897E-05  2.188E-05  1.635E-05  1.211E-05  8.593E-06  6.125E-06  4.181E-06  2.834E-06  1.761E-06  9.891E-07  4.653E-07  1.454E-07  2.141E-08  1.772E-09  4.725E-11  3.344E-13  3.207E-16  9.306E-25  0.000E+00  0.000E+00  0.000E+00  0.000E+00  0.000E+00  0.000E+00  0.000E+00  0.000E+00  0.000E+00  0.000E+00  0.000E+00  0.000E+00  0.000E+00
  384.5000  8.301E-03  7.436E-03  6.683E-03  6.031E-03  5.469E-03  4.984E-03  4.349E-03  3.890E-03  3.403E-03  3.013E-03  2.591E-03  2.252E-03  1.961E-03  1.661E-03  1.402E-03  1.180E-03  9.884E-04  8.254E-04  6.760E-04  5.504E-04  4.526E-04  3.658E-04  2.958E-04  2.369E-04  1.913E-04  1.509E-04  1.191E-04  9.380E-05  7.339E-05  5.674E-05  4.332E-05  3.272E-05  2.446E-05  1.811E-05  1.286E-05  9.165E-06  6.259E-06  4.244E-06  2.640E-06  1.486E-06  7.020E-07  2.209E-07  3.299E-08  2.787E-09  7.675E-11  5.690E-13  5.818E-16  1.899E-24  0.000E+00  0.000E+00  0.000E+00  0.000E+00  0.000E+00  0.000E+00  0.000E+00  0.000E+00  0.000E+00  0.000E+00  0.000E+00  0.000E+00  0.000E+00
  385.5000  8.215E-03  7.359E-03  6.613E-03  5.968E-03  5.411E-03  4.931E-03  4.302E-03  3.848E-03  3.365E-03  2.980E-03  2.562E-03  2.226E-03  1.939E-03  1.642E-03  1.385E-03  1.166E-03  9.763E-04  8.151E-04  6.674E-04  5.433E-04  4.466E-04  3.610E-04  2.918E-04  2.336E-04  1.886E-04  1.488E-04  1.174E-04  9.247E-05  7.234E-05  5.593E-05  4.270E-05  3.225E-05  2.412E-05  1.786E-05  1.268E-05  9.041E-06  6.176E-06  4.191E-06  2.609E-06  1.472E-06  6.982E-07  2.214E-07  3.351E-08  2.888E-09  8.210E-11  6.373E-13  6.940E-16  2.546E-24  0.000E+00  0.000E+00  0.000E+00  0.000E+00  0.000E+00  0.000E+00  0.000E+00  0.000E+00  0.000E+00  0.000E+00  0.000E+00  0.000E+00  0.000E+00
  386.5000  8.377E-03  7.503E-03  6.743E-03  6.085E-03  5.516E-03  5.026E-03  4.385E-03  3.921E-03  3.429E-03  3.036E-03  2.610E-03  2.267E-03  1.974E-03  1.672E-03  1.410E-03  1.186E-03  9.935E-04  8.293E-04  6.789E-04  5.525E-04  4.541E-04  3.670E-04  2.965E-04  2.374E-04  1.917E-04  1.511E-04  1.193E-04  9.390E-05  7.346E-05  5.680E-05  4.336E-05  3.276E-05  2.450E-05  1.815E-05  1.288E-05  9.188E-06  6.279E-06  4.262E-06  2.657E-06  1.503E-06  7.152E-07  2.285E-07  3.505E-08  3.080E-09  9.038E-11  7.341E-13  8.506E-16  3.502E-24  0.000E+00  0.000E+00  0.000E+00  0.000E+00  0.000E+00  0.000E+00  0.000E+00  0.000E+00  0.000E+00  0.000E+00  0.000E+00  0.000E+00  0.000E+00
  387.5000  7.787E-03  6.975E-03  6.268E-03  5.655E-03  5.126E-03  4.670E-03  4.074E-03  3.643E-03  3.185E-03  2.820E-03  2.423E-03  2.105E-03  1.833E-03  1.551E-03  1.309E-03  1.101E-03  9.217E-04  7.692E-04  6.296E-04  5.123E-04  4.210E-04  3.401E-04  2.748E-04  2.199E-04  1.775E-04  1.400E-04  1.105E-04  8.694E-05  6.801E-05  5.259E-05  4.015E-05  3.033E-05  2.268E-05  1.681E-05  1.193E-05  8.513E-06  5.820E-06  3.953E-06  2.466E-06  1.398E-06  6.678E-07  2.149E-07  3.340E-08  2.994E-09  9.061E-11  7.696E-13  9.482E-16  4.374E-24  0.000E+00  0.000E+00  0.000E+00  0.000E+00  0.000E+00  0.000E+00  0.000E+00  0.000E+00  0.000E+00  0.000E+00  0.000E+00  0.000E+00  0.000E+00
  388.5000  7.807E-03  6.992E-03  6.283E-03  5.669E-03  5.138E-03  4.681E-03  4.083E-03  3.650E-03  3.191E-03  2.824E-03  2.427E-03  2.108E-03  1.835E-03  1.553E-03  1.310E-03  1.102E-03  9.222E-04  7.695E-04  6.297E-04  5.123E-04  4.209E-04  3.399E-04  2.746E-04  2.197E-04  1.773E-04  1.398E-04  1.103E-04  8.682E-05  6.791E-05  5.251E-05  4.009E-05  3.029E-05  2.265E-05  1.679E-05  1.192E-05  8.506E-06  5.817E-06  3.953E-06  2.469E-06  1.402E-06  6.724E-07  2.179E-07  3.431E-08  3.136E-09  9.785E-11  8.687E-13  1.137E-15  5.872E-24  0.000E+00  0.000E+00  0.000E+00  0.000E+00  0.000E+00  0.000E+00  0.000E+00  0.000E+00  0.000E+00  0.000E+00  0.000E+00  0.000E+00  0.000E+00
  389.5000  9.848E-03  8.820E-03  7.925E-03  7.150E-03  6.480E-03  5.902E-03  5.148E-03  4.602E-03  4.022E-03  3.560E-03  3.059E-03  2.656E-03  2.312E-03  1.956E-03  1.650E-03  1.387E-03  1.161E-03  9.685E-04  7.924E-04  6.445E-04  5.294E-04  4.275E-04  3.452E-04  2.762E-04  2.229E-04  1.757E-04  1.386E-04  1.091E-04  8.531E-05  6.596E-05  5.037E-05  3.806E-05  2.847E-05  2.110E-05  1.498E-05  1.069E-05  7.315E-06  4.973E-06  3.110E-06  1.770E-06  8.518E-07  2.780E-07  4.434E-08  4.130E-09  1.328E-10  1.232E-12  1.712E-15  9.881E-24  0.000E+00  0.000E+00  0.000E+00  0.000E+00  0.000E+00  0.000E+00  0.000E+00  0.000E+00  0.000E+00  0.000E+00  0.000E+00  0.000E+00  0.000E+00
  390.5000  9.676E-03  8.666E-03  7.787E-03  7.024E-03  6.365E-03  5.798E-03  5.056E-03  4.519E-03  3.950E-03  3.495E-03  3.003E-03  2.607E-03  2.268E-03  1.919E-03  1.619E-03  1.361E-03  1.139E-03  9.496E-04  7.768E-04  6.316E-04  5.187E-04  4.188E-04  3.381E-04  2.705E-04  2.182E-04  1.720E-04  1.356E-04  1.067E-04  8.349E-05  6.455E-05  4.929E-05  3.725E-05  2.786E-05  2.065E-05  1.467E-05  1.047E-05  7.166E-06  4.874E-06  3.051E-06  1.740E-06  8.405E-07  2.762E-07  4.462E-08  4.235E-09  1.404E-10  1.359E-12  2.003E-15  1.291E-23  0.000E+00  0.000E+00  0.000E+00  0.000E+00  0.000E+00  0.000E+00  0.000E+00  0.000E+00  0.000E+00  0.000E+00  0.000E+00  0.000E+00  0.000E+00
  391.5000  1.148E-02  1.029E-02  9.241E-03  8.335E-03  7.553E-03  6.878E-03  5.998E-03  5.360E-03  4.684E-03  4.144E-03  3.560E-03  3.091E-03  2.689E-03  2.275E-03  1.918E-03  1.612E-03  1.349E-03  1.125E-03  9.197E-04  7.477E-04  6.139E-04  4.955E-04  4.000E-04  3.199E-04  2.580E-04  2.033E-04  1.603E-04  1.262E-04  9.868E-05  7.630E-05  5.826E-05  4.403E-05  3.294E-05  2.442E-05  1.735E-05  1.239E-05  8.479E-06  5.770E-06  3.616E-06  2.066E-06  1.002E-06  3.314E-07  5.422E-08  5.242E-09  1.789E-10  1.807E-12  2.824E-15  2.029E-23  0.000E+00  0.000E+00  0.000E+00  0.000E+00  0.000E+00  0.000E+00  0.000E+00  0.000E+00  0.000E+00  0.000E+00  0.000E+00  0.000E+00  0.000E+00
  392.5000  8.615E-03  7.715E-03  6.931E-03  6.252E-03  5.664E-03  5.158E-03  4.497E-03  4.019E-03  3.512E-03  3.106E-03  2.668E-03  2.316E-03  2.014E-03  1.704E-03  1.437E-03  1.207E-03  1.010E-03  8.418E-04  6.883E-04  5.594E-04  4.592E-04  3.706E-04  2.991E-04  2.391E-04  1.928E-04  1.519E-04  1.198E-04  9.427E-05  7.372E-05  5.700E-05  4.353E-05  3.290E-05  2.461E-05  1.825E-05  1.297E-05  9.260E-06  6.341E-06  4.317E-06  2.708E-06  1.550E-06  7.542E-07  2.513E-07  4.162E-08  4.099E-09  1.440E-10  1.517E-12  2.511E-15  2.010E-23  0.000E+00  0.000E+00  0.000E+00  0.000E+00  0.000E+00  0.000E+00  0.000E+00  0.000E+00  0.000E+00  0.000E+00  0.000E+00  0.000E+00  0.000E+00
  393.5000  3.746E-03  3.355E-03  3.014E-03  2.718E-03  2.463E-03  2.242E-03  1.955E-03  1.747E-03  1.526E-03  1.350E-03  1.159E-03  1.006E-03  8.749E-04  7.399E-04  6.237E-04  5.239E-04  4.382E-04  3.653E-04  2.986E-04  2.426E-04  1.991E-04  1.607E-04  1.296E-04  1.036E-04  8.356E-05  6.582E-05  5.190E-05  4.083E-05  3.193E-05  2.469E-05  1.885E-05  1.425E-05  1.066E-05  7.906E-06  5.619E-06  4.013E-06  2.749E-06  1.872E-06  1.176E-06  6.742E-07  3.292E-07  1.104E-07  1.851E-08  1.857E-09  6.714E-11  7.372E-13  1.291E-15  1.150E-23  0.000E+00  0.000E+00  0.000E+00  0.000E+00  0.000E+00  0.000E+00  0.000E+00  0.000E+00  0.000E+00  0.000E+00  0.000E+00  0.000E+00  0.000E+00
  394.5000  8.818E-03  7.897E-03  7.094E-03  6.398E-03  5.795E-03  5.276E-03  4.599E-03  4.109E-03  3.589E-03  3.174E-03  2.726E-03  2.365E-03  2.057E-03  1.739E-03  1.466E-03  1.231E-03  1.029E-03  8.579E-04  7.012E-04  5.696E-04  4.674E-04  3.770E-04  3.041E-04  2.431E-04  1.960E-04  1.543E-04  1.217E-04  9.571E-05  7.484E-05  5.786E-05  4.419E-05  3.340E-05  2.500E-05  1.854E-05  1.318E-05  9.413E-06  6.449E-06  4.395E-06  2.762E-06  1.587E-06  7.775E-07  2.625E-07  4.455E-08  4.549E-09  1.692E-10  1.936E-12  3.586E-15  3.548E-23  0.000E+00  0.000E+00  0.000E+00  0.000E+00  0.000E+00  0.000E+00  0.000E+00  0.000E+00  0.000E+00  0.000E+00  0.000E+00  0.000E+00  0.000E+00
  395.5000  1.135E-02  1.016E-02  9.130E-03  8.233E-03  7.457E-03  6.788E-03  5.917E-03  5.285E-03  4.616E-03  4.082E-03  3.504E-03  3.040E-03  2.643E-03  2.235E-03  1.884E-03  1.581E-03  1.322E-03  1.102E-03  9.003E-04  7.312E-04  5.998E-04  4.837E-04  3.901E-04  3.118E-04  2.513E-04  1.979E-04  1.560E-04  1.227E-04  9.593E-05  7.416E-05  5.664E-05  4.282E-05  3.205E-05  2.377E-05  1.690E-05  1.207E-05  8.274E-06  5.641E-06  3.549E-06  2.043E-06  1.004E-06  3.412E-07  5.861E-08  6.091E-09  2.331E-10  2.775E-12  5.434E-15  5.966E-23  0.000E+00  0.000E+00  0.000E+00  0.000E+00  0.000E+00  0.000E+00  0.000E+00  0.000E+00  0.000E+00  0.000E+00  0.000E+00  0.000E+00  0.000E+00
  396.5000  6.666E-03  5.970E-03  5.362E-03  4.835E-03  4.379E-03  3.986E-03  3.474E-03  3.103E-03  2.710E-03  2.396E-03  2.057E-03  1.784E-03  1.551E-03  1.311E-03  1.105E-03  9.273E-04  7.751E-04  6.457E-04  5.276E-04  4.284E-04  3.513E-04  2.833E-04  2.284E-04  1.825E-04  1.471E-04  1.158E-04  9.125E-05  7.177E-05  5.612E-05  4.338E-05  3.313E-05  2.505E-05  1.875E-05  1.391E-05  9.890E-06  7.067E-06  4.845E-06  3.305E-06  2.081E-06  1.200E-06  5.919E-07  2.024E-07  3.518E-08  3.721E-09  1.464E-10  1.814E-12  3.751E-15  4.564E-23  0.000E+00  0.000E+00  0.000E+00  0.000E+00  0.000E+00  0.000E+00  0.000E+00  0.000E+00  0.000E+00  0.000E+00  0.000E+00  0.000E+00  0.000E+00
  397.5000  7.696E-03  6.892E-03  6.190E-03  5.581E-03  5.055E-03  4.600E-03  4.009E-03  3.580E-03  3.126E-03  2.764E-03  2.372E-03  2.057E-03  1.788E-03  1.511E-03  1.273E-03  1.069E-03  8.930E-04  7.438E-04  6.076E-04  4.932E-04  4.044E-04  3.260E-04  2.628E-04  2.100E-04  1.691E-04  1.332E-04  1.049E-04  8.252E-05  6.451E-05  4.988E-05  3.809E-05  2.880E-05  2.156E-05  1.599E-05  1.138E-05  8.130E-06  5.575E-06  3.805E-06  2.398E-06  1.385E-06  6.856E-07  2.359E-07  4.150E-08  4.465E-09  1.805E-10  2.326E-12  5.078E-15  6.841E-23  0.000E+00  0.000E+00  0.000E+00  0.000E+00  0.000E+00  0.000E+00  0.000E+00  0.000E+00  0.000E+00  0.000E+00  0.000E+00  0.000E+00  0.000E+00
  398.5000  1.323E-02  1.185E-02  1.064E-02  9.593E-03  8.687E-03  7.906E-03  6.889E-03  6.151E-03  5.371E-03  4.747E-03  4.073E-03  3.533E-03  3.070E-03  2.594E-03  2.185E-03  1.834E-03  1.532E-03  1.276E-03  1.042E-03  8.457E-04  6.933E-04  5.587E-04  4.503E-04  3.597E-04  2.897E-04  2.280E-04  1.797E-04  1.413E-04  1.104E-04  8.538E-05  6.521E-05  4.931E-05  3.691E-05  2.739E-05  1.948E-05  1.393E-05  9.553E-06  6.522E-06  4.114E-06  2.381E-06  1.182E-06  4.095E-07  7.286E-08  7.974E-09  3.312E-10  4.437E-12  1.021E-14  1.522E-22  0.000E+00  0.000E+00  0.000E+00  0.000E+00  0.000E+00  0.000E+00  0.000E+00  0.000E+00  0.000E+00  0.000E+00  0.000E+00  0.000E+00  0.000E+00
  399.5000  1.376E-02  1.233E-02  1.107E-02  9.980E-03  9.036E-03  8.223E-03  7.164E-03  6.397E-03  5.584E-03  4.935E-03  4.234E-03  3.672E-03  3.190E-03  2.695E-03  2.270E-03  1.904E-03  1.591E-03  1.325E-03  1.082E-03  8.776E-04  7.192E-04  5.796E-04  4.670E-04  3.729E-04  3.003E-04  2.363E-04  1.862E-04  1.464E-04  1.144E-04  8.846E-05  6.756E-05  5.109E-05  3.825E-05  2.838E-05  2.020E-05  1.444E-05  9.907E-06  6.766E-06  4.273E-06  2.477E-06  1.234E-06  4.300E-07  7.739E-08  8.613E-09  3.674E-10  5.115E-12  1.241E-14  2.042E-22  0.000E+00  0.000E+00  0.000E+00  0.000E+00  0.000E+00  0.000E+00  0.000E+00  0.000E+00  0.000E+00  0.000E+00  0.000E+00  0.000E+00  0.000E+00
------------------------------------------------------------
Dose rates,W m-2
   1 = UV index (WMO, 1994; Webb et al., 2011)           
   2 = Previtamin-D3 (CIE 2006)                          
values at z =      0.025 km
Columns: time,sza,weighting spectra
time,hrs.  sza,deg.          1          2
   18.0000     90.003  2.109E-02  4.063E-04
   18.0167     90.188  1.898E-02  3.701E-04
   18.0333     90.373  1.715E-02  3.386E-04
   18.0500     90.559  1.557E-02  3.112E-04
   18.0667     90.744  1.421E-02  2.875E-04
   18.0833     90.930  1.303E-02  2.668E-04
   18.1000     91.116  1.150E-02  2.393E-04
   18.1167     91.303  1.038E-02  2.192E-04
   18.1333     91.489  9.188E-03  1.973E-04
   18.1500     91.676  8.231E-03  1.795E-04
   18.1667     91.863  7.185E-03  1.595E-04
   18.1833     92.050  6.332E-03  1.429E-04
   18.2000     92.237  5.597E-03  1.285E-04
   18.2167     92.425  4.826E-03  1.127E-04
   18.2333     92.613  4.155E-03  9.889E-05
   18.2500     92.801  3.565E-03  8.627E-05
   18.2667     92.989  3.046E-03  7.490E-05
   18.2833     93.178  2.595E-03  6.471E-05
   18.3000     93.366  2.166E-03  5.464E-05
   18.3167     93.555  1.801E-03  4.600E-05
   18.3333     93.744  1.507E-03  3.881E-05
   18.3500     93.933  1.235E-03  3.194E-05
   18.3667     94.123  1.012E-03  2.628E-05
   18.3833     94.313  8.169E-04  2.116E-05
   18.4000     94.503  6.636E-04  1.715E-05
   18.4167     94.693  5.233E-04  1.341E-05
   18.4333     94.883  4.107E-04  1.040E-05
   18.4500     95.074  3.196E-04  7.961E-06
   18.4667     95.264  2.455E-04  5.981E-06
   18.4833     95.455  1.849E-04  4.357E-06
   18.5000     95.646  1.359E-04  3.038E-06
   18.5167     95.837  9.706E-05  1.984E-06
   18.5333     96.029  6.716E-05  1.176E-06
   18.5500     96.221  4.536E-05  6.308E-07
   18.5667     96.413  2.856E-05  2.688E-07
   18.5833     96.605  1.817E-05  1.072E-07
   18.6000     96.797  1.103E-05  3.703E-08
   18.6167     96.989  6.693E-06  1.282E-08
   18.6333     97.182  3.640E-06  3.635E-09
   18.6500     97.375  1.740E-06  8.392E-10
   18.6667     97.567  6.746E-07  1.562E-10
   18.6833     97.761  1.636E-07  1.688E-11
   18.7000     97.954  1.764E-08  6.576E-13
   18.7167     98.147  1.114E-09  9.859E-15
   18.7333     98.341  2.624E-11  1.714E-17
   18.7500     98.535  2.190E-13  2.447E-21
   18.7667     98.729  3.514E-16  1.051E-26
   18.7833     98.923  3.748E-24  2.234E-39
   18.8000     99.117  0.000E+00  0.000E+00
   18.8167     99.312  0.000E+00  0.000E+00
   18.8333     99.507  0.000E+00  0.000E+00
   18.8500     99.702  0.000E+00  0.000E+00
   18.8667     99.897  0.000E+00  0.000E+00
   18.8833    100.092  0.000E+00  0.000E+00
   18.9000    100.287  0.000E+00  0.000E+00
   18.9167    100.483  0.000E+00  0.000E+00
   18.9333    100.678  0.000E+00  0.000E+00
   18.9500    100.874  0.000E+00  0.000E+00
   18.9667    101.070  0.000E+00  0.000E+00
   18.9833    101.266  0.000E+00  0.000E+00
   19.0000    101.463  0.000E+00  0.000E+00
------------------------------------------------------------
