Spectral Irradiance,W m-2 nm-1
values at z =      0.025 km
Columns: wavelength (nm),times (hrs.) or sza (deg.)
    wc,nm     18.000     18.017     18.033     18.050     18.067     18.083     18.100     18.117     18.133     18.150     18.167     18.183     18.200     18.217     18.233     18.250     18.267     18.283     18.300     18.317     18.333     18.350     18.367     18.383     18.400     18.417     18.433     18.450     18.467     18.483     18.500     18.517     18.533     18.550     18.567     18.583     18.600     18.617     18.633     18.650     18.667     18.683     18.700     18.717     18.733     18.750     18.767     18.783     18.800     18.817     18.833     18.850     18.867     18.883     18.900     18.917     18.933     18.950     18.967     18.983     19.000
    sza =      90.121     90.306     90.491     90.676     90.862     91.048     91.235     91.421     91.608     91.794     91.982     92.169     92.357     92.544     92.732     92.920     93.109     93.298     93.486     93.675     93.865     94.054     94.244     94.434     94.624     94.814     95.004     95.195     95.386     95.577     95.768     95.959     96.151     96.343     96.535     96.727     96.920     97.112     97.305     97.498     97.691     97.884     98.077     98.271     98.465     98.659     98.853     99.047     99.242     99.436     99.631     99.826    100.021    100.217    100.412    100.608    100.803    100.999    101.196    101.392    101.588
  280.5000  3.631E-24  3.371E-24  3.142E-24  2.941E-24  2.763E-24  2.539E-24  2.325E-24  2.171E-24  1.932E-24  1.740E-24  1.582E-24  1.393E-24  1.224E-24  1.070E-24  9.280E-25  7.975E-25  6.790E-25  5.739E-25  4.817E-25  3.837E-25  3.068E-25  2.341E-25  1.739E-25  1.188E-25  7.776E-26  4.152E-26  1.730E-26  4.667E-27  5.604E-28  1.569E-29  5.127E-32  3.328E-36  1.948E-43  0.000E+00  0.000E+00  0.000E+00  0.000E+00  0.000E+00  0.000E+00  0.000E+00  0.000E+00  0.000E+00  0.000E+00  0.000E+00  0.000E+00  0.000E+00  0.000E+00  0.000E+00  0.000E+00  0.000E+00  0.000E+00  0.000E+00  0.000E+00  0.000E+00  0.000E+00  0.000E+00  0.000E+00  0.000E+00  0.000E+00  0.000E+00  0.000E+00
  281.5000  4.452E-22  4.134E-22  3.855E-22  3.610E-22  3.392E-22  3.118E-22  2.856E-22  2.668E-22  2.375E-22  2.140E-22  1.946E-22  1.714E-22  1.507E-22  1.317E-22  1.143E-22  9.828E-23  8.374E-23  7.084E-23  5.952E-23  4.755E-23  3.818E-23  2.936E-23  2.205E-23  1.533E-23  1.029E-23  5.729E-24  2.552E-24  7.669E-25  1.104E-25  4.237E-27  2.286E-29  3.485E-33  9.281E-40  0.000E+00  0.000E+00  0.000E+00  0.000E+00  0.000E+00  0.000E+00  0.000E+00  0.000E+00  0.000E+00  0.000E+00  0.000E+00  0.000E+00  0.000E+00  0.000E+00  0.000E+00  0.000E+00  0.000E+00  0.000E+00  0.000E+00  0.000E+00  0.000E+00  0.000E+00  0.000E+00  0.000E+00  0.000E+00  0.000E+00  0.000E+00  0.000E+00
  282.5000  1.898E-20  1.763E-20  1.645E-20  1.540E-20  1.448E-20  1.331E-20  1.220E-20  1.140E-20  1.015E-20  9.151E-21  8.322E-21  7.335E-21  6.449E-21  5.641E-21  4.896E-21  4.211E-21  3.590E-21  3.039E-21  2.556E-21  2.047E-21  1.650E-21  1.277E-21  9.673E-22  6.830E-22  4.680E-22  2.703E-22  1.276E-22  4.216E-23  7.128E-24  3.615E-25  3.044E-27  9.829E-31  9.775E-37  1.401E-45  0.000E+00  0.000E+00  0.000E+00  0.000E+00  0.000E+00  0.000E+00  0.000E+00  0.000E+00  0.000E+00  0.000E+00  0.000E+00  0.000E+00  0.000E+00  0.000E+00  0.000E+00  0.000E+00  0.000E+00  0.000E+00  0.000E+00  0.000E+00  0.000E+00  0.000E+00  0.000E+00  0.000E+00  0.000E+00  0.000E+00  0.000E+00
  283.5000  1.961E-19  1.822E-19  1.700E-19  1.592E-19  1.497E-19  1.376E-19  1.262E-19  1.179E-19  1.051E-19  9.471E-20  8.614E-20  7.595E-20  6.679E-20  5.843E-20  5.073E-20  4.365E-20  3.723E-20  3.153E-20  2.653E-20  2.129E-20  1.719E-20  1.336E-20  1.018E-20  7.257E-21  5.040E-21  2.980E-21  1.461E-21  5.136E-22  9.649E-23  5.880E-24  6.635E-26  3.506E-29  8.234E-35  2.522E-43  0.000E+00  0.000E+00  0.000E+00  0.000E+00  0.000E+00  0.000E+00  0.000E+00  0.000E+00  0.000E+00  0.000E+00  0.000E+00  0.000E+00  0.000E+00  0.000E+00  0.000E+00  0.000E+00  0.000E+00  0.000E+00  0.000E+00  0.000E+00  0.000E+00  0.000E+00  0.000E+00  0.000E+00  0.000E+00  0.000E+00  0.000E+00
  284.5000  8.484E-18  7.885E-18  7.359E-18  6.897E-18  6.487E-18  5.969E-18  5.474E-18  5.118E-18  4.563E-18  4.115E-18  3.745E-18  3.304E-18  2.907E-18  2.545E-18  2.211E-18  1.903E-18  1.624E-18  1.377E-18  1.160E-18  9.331E-19  7.568E-19  5.918E-19  4.553E-19  3.299E-19  2.343E-19  1.441E-19  7.519E-20  2.930E-20  6.559E-21  5.429E-22  1.002E-23  1.223E-26  1.262E-31  3.726E-39  0.000E+00  0.000E+00  0.000E+00  0.000E+00  0.000E+00  0.000E+00  0.000E+00  0.000E+00  0.000E+00  0.000E+00  0.000E+00  0.000E+00  0.000E+00  0.000E+00  0.000E+00  0.000E+00  0.000E+00  0.000E+00  0.000E+00  0.000E+00  0.000E+00  0.000E+00  0.000E+00  0.000E+00  0.000E+00  0.000E+00  0.000E+00
  285.5000  8.634E-17  8.026E-17  7.493E-17  7.025E-17  6.610E-17  6.084E-17  5.582E-17  5.221E-17  4.657E-17  4.202E-17  3.826E-17  3.377E-17  2.972E-17  2.603E-17  2.262E-17  1.949E-17  1.665E-17  1.412E-17  1.191E-17  9.595E-18  7.804E-18  6.133E-18  4.751E-18  3.483E-18  2.516E-18  1.593E-18  8.724E-19  3.682E-19  9.461E-20  9.961E-21  2.708E-22  6.348E-25  2.040E-29  3.363E-36  0.000E+00  0.000E+00  0.000E+00  0.000E+00  0.000E+00  0.000E+00  0.000E+00  0.000E+00  0.000E+00  0.000E+00  0.000E+00  0.000E+00  0.000E+00  0.000E+00  0.000E+00  0.000E+00  0.000E+00  0.000E+00  0.000E+00  0.000E+00  0.000E+00  0.000E+00  0.000E+00  0.000E+00  0.000E+00  0.000E+00  0.000E+00
  286.5000  2.317E-15  2.155E-15  2.012E-15  1.887E-15  1.776E-15  1.635E-15  1.501E-15  1.404E-15  1.253E-15  1.131E-15  1.030E-15  9.096E-16  8.010E-16  7.018E-16  6.102E-16  5.259E-16  4.494E-16  3.814E-16  3.219E-16  2.597E-16  2.117E-16  1.670E-16  1.300E-16  9.617E-17  7.036E-17  4.556E-17  2.587E-17  1.161E-17  3.319E-18  4.210E-19  1.546E-20  6.014E-23  4.651E-27  2.889E-33  1.585E-42  0.000E+00  0.000E+00  0.000E+00  0.000E+00  0.000E+00  0.000E+00  0.000E+00  0.000E+00  0.000E+00  0.000E+00  0.000E+00  0.000E+00  0.000E+00  0.000E+00  0.000E+00  0.000E+00  0.000E+00  0.000E+00  0.000E+00  0.000E+00  0.000E+00  0.000E+00  0.000E+00  0.000E+00  0.000E+00  0.000E+00
  287.5000  3.321E-14  3.089E-14  2.885E-14  2.707E-14  2.548E-14  2.347E-14  2.155E-14  2.017E-14  1.801E-14  1.626E-14  1.482E-14  1.309E-14  1.154E-14  1.011E-14  8.798E-15  7.586E-15  6.487E-15  5.510E-15  4.653E-15  3.761E-15  3.073E-15  2.433E-15  1.905E-15  1.422E-15  1.054E-15  6.986E-16  4.124E-16  1.975E-16  6.318E-17  9.776E-18  4.955E-19  3.333E-21  6.693E-25  1.767E-30  8.743E-39  0.000E+00  0.000E+00  0.000E+00  0.000E+00  0.000E+00  0.000E+00  0.000E+00  0.000E+00  0.000E+00  0.000E+00  0.000E+00  0.000E+00  0.000E+00  0.000E+00  0.000E+00  0.000E+00  0.000E+00  0.000E+00  0.000E+00  0.000E+00  0.000E+00  0.000E+00  0.000E+00  0.000E+00  0.000E+00  0.000E+00
  288.5000  4.545E-13  4.228E-13  3.950E-13  3.707E-13  3.491E-13  3.217E-13  2.955E-13  2.767E-13  2.472E-13  2.234E-13  2.038E-13  1.801E-13  1.588E-13  1.393E-13  1.213E-13  1.046E-13  8.954E-14  7.611E-14  6.434E-14  5.210E-14  4.267E-14  3.393E-14  2.671E-14  2.013E-14  1.513E-14  1.028E-14  6.324E-15  3.247E-15  1.175E-15  2.259E-16  1.631E-17  2.004E-19  1.145E-22  1.474E-27  8.056E-35  0.000E+00  0.000E+00  0.000E+00  0.000E+00  0.000E+00  0.000E+00  0.000E+00  0.000E+00  0.000E+00  0.000E+00  0.000E+00  0.000E+00  0.000E+00  0.000E+00  0.000E+00  0.000E+00  0.000E+00  0.000E+00  0.000E+00  0.000E+00  0.000E+00  0.000E+00  0.000E+00  0.000E+00  0.000E+00  0.000E+00
  289.5000  5.132E-12  4.774E-12  4.462E-12  4.188E-12  3.945E-12  3.637E-12  3.342E-12  3.130E-12  2.798E-12  2.530E-12  2.308E-12  2.041E-12  1.801E-12  1.580E-12  1.377E-12  1.189E-12  1.018E-12  8.657E-13  7.323E-13  5.937E-13  4.871E-13  3.884E-13  3.070E-13  2.330E-13  1.768E-13  1.223E-13  7.749E-14  4.188E-14  1.660E-14  3.749E-15  3.525E-16  6.766E-18  8.324E-21  3.385E-25  1.042E-31  4.813E-42  0.000E+00  0.000E+00  0.000E+00  0.000E+00  0.000E+00  0.000E+00  0.000E+00  0.000E+00  0.000E+00  0.000E+00  0.000E+00  0.000E+00  0.000E+00  0.000E+00  0.000E+00  0.000E+00  0.000E+00  0.000E+00  0.000E+00  0.000E+00  0.000E+00  0.000E+00  0.000E+00  0.000E+00  0.000E+00
  290.5000  3.775E-11  3.512E-11  3.283E-11  3.081E-11  2.904E-11  2.677E-11  2.461E-11  2.306E-11  2.062E-11  1.865E-11  1.704E-11  1.506E-11  1.330E-11  1.168E-11  1.017E-11  8.790E-12  7.531E-12  6.410E-12  5.426E-12  4.404E-12  3.618E-12  2.892E-12  2.293E-12  1.749E-12  1.338E-12  9.386E-13  6.094E-13  3.433E-13  1.466E-13  3.779E-14  4.419E-15  1.230E-16  2.870E-19  3.060E-23  4.020E-29  1.919E-38  0.000E+00  0.000E+00  0.000E+00  0.000E+00  0.000E+00  0.000E+00  0.000E+00  0.000E+00  0.000E+00  0.000E+00  0.000E+00  0.000E+00  0.000E+00  0.000E+00  0.000E+00  0.000E+00  0.000E+00  0.000E+00  0.000E+00  0.000E+00  0.000E+00  0.000E+00  0.000E+00  0.000E+00  0.000E+00
  291.5000  2.383E-10  2.217E-10  2.073E-10  1.946E-10  1.834E-10  1.692E-10  1.555E-10  1.458E-10  1.304E-10  1.181E-10  1.078E-10  9.545E-11  8.431E-11  7.408E-11  6.460E-11  5.585E-11  4.788E-11  4.078E-11  3.455E-11  2.808E-11  2.311E-11  1.852E-11  1.473E-11  1.131E-11  8.721E-12  6.209E-12  4.135E-12  2.435E-12  1.126E-12  3.351E-13  4.970E-14  2.084E-15  9.906E-18  3.107E-21  2.086E-26  1.398E-34  1.261E-44  0.000E+00  0.000E+00  0.000E+00  0.000E+00  0.000E+00  0.000E+00  0.000E+00  0.000E+00  0.000E+00  0.000E+00  0.000E+00  0.000E+00  0.000E+00  0.000E+00  0.000E+00  0.000E+00  0.000E+00  0.000E+00  0.000E+00  0.000E+00  0.000E+00  0.000E+00  0.000E+00  0.000E+00
  292.5000  1.012E-09  9.418E-10  8.804E-10  8.266E-10  7.792E-10  7.188E-10  6.611E-10  6.199E-10  5.548E-10  5.024E-10  4.589E-10  4.066E-10  3.593E-10  3.159E-10  2.757E-10  2.385E-10  2.046E-10  1.744E-10  1.479E-10  1.203E-10  9.914E-11  7.962E-11  6.350E-11  4.896E-11  3.802E-11  2.740E-11  1.864E-11  1.139E-11  5.635E-12  1.894E-12  3.439E-13  2.040E-14  1.759E-16  1.350E-19  3.452E-24  1.991E-31  2.586E-40  0.000E+00  0.000E+00  0.000E+00  0.000E+00  0.000E+00  0.000E+00  0.000E+00  0.000E+00  0.000E+00  0.000E+00  0.000E+00  0.000E+00  0.000E+00  0.000E+00  0.000E+00  0.000E+00  0.000E+00  0.000E+00  0.000E+00  0.000E+00  0.000E+00  0.000E+00  0.000E+00  0.000E+00
  293.5000  5.009E-09  4.660E-09  4.356E-09  4.090E-09  3.856E-09  3.558E-09  3.273E-09  3.069E-09  2.748E-09  2.489E-09  2.275E-09  2.017E-09  1.784E-09  1.569E-09  1.370E-09  1.186E-09  1.018E-09  8.687E-10  7.371E-10  6.004E-10  4.954E-10  3.986E-10  3.187E-10  2.468E-10  1.928E-10  1.404E-10  9.731E-11  6.147E-11  3.233E-11  1.214E-11  2.654E-12  2.172E-13  3.266E-15  5.812E-18  5.241E-22  2.293E-28  3.682E-36  0.000E+00  0.000E+00  0.000E+00  0.000E+00  0.000E+00  0.000E+00  0.000E+00  0.000E+00  0.000E+00  0.000E+00  0.000E+00  0.000E+00  0.000E+00  0.000E+00  0.000E+00  0.000E+00  0.000E+00  0.000E+00  0.000E+00  0.000E+00  0.000E+00  0.000E+00  0.000E+00  0.000E+00
  294.5000  1.460E-08  1.358E-08  1.269E-08  1.191E-08  1.123E-08  1.036E-08  9.535E-09  8.943E-09  8.009E-09  7.258E-09  6.635E-09  5.886E-09  5.208E-09  4.584E-09  4.006E-09  3.470E-09  2.981E-09  2.544E-09  2.160E-09  1.761E-09  1.455E-09  1.173E-09  9.394E-10  7.298E-10  5.727E-10  4.208E-10  2.960E-10  1.921E-10  1.062E-10  4.367E-11  1.114E-11  1.188E-12  2.809E-14  9.862E-17  2.433E-20  5.285E-26  6.132E-33  1.076E-42  0.000E+00  0.000E+00  0.000E+00  0.000E+00  0.000E+00  0.000E+00  0.000E+00  0.000E+00  0.000E+00  0.000E+00  0.000E+00  0.000E+00  0.000E+00  0.000E+00  0.000E+00  0.000E+00  0.000E+00  0.000E+00  0.000E+00  0.000E+00  0.000E+00  0.000E+00  0.000E+00
  295.5000  5.815E-08  5.408E-08  5.053E-08  4.743E-08  4.470E-08  4.125E-08  3.795E-08  3.559E-08  3.189E-08  2.891E-08  2.643E-08  2.346E-08  2.077E-08  1.830E-08  1.600E-08  1.387E-08  1.192E-08  1.018E-08  8.654E-09  7.065E-09  5.841E-09  4.717E-09  3.786E-09  2.951E-09  2.326E-09  1.723E-09  1.230E-09  8.194E-10  4.758E-10  2.143E-10  6.377E-11  8.907E-12  3.353E-13  2.383E-15  1.681E-18  1.954E-23  1.802E-29  5.916E-38  0.000E+00  0.000E+00  0.000E+00  0.000E+00  0.000E+00  0.000E+00  0.000E+00  0.000E+00  0.000E+00  0.000E+00  0.000E+00  0.000E+00  0.000E+00  0.000E+00  0.000E+00  0.000E+00  0.000E+00  0.000E+00  0.000E+00  0.000E+00  0.000E+00  0.000E+00  0.000E+00
  296.5000  1.501E-07  1.396E-07  1.304E-07  1.223E-07  1.153E-07  1.063E-07  9.783E-08  9.176E-08  8.221E-08  7.455E-08  6.819E-08  6.053E-08  5.363E-08  4.727E-08  4.136E-08  3.588E-08  3.087E-08  2.639E-08  2.244E-08  1.834E-08  1.518E-08  1.228E-08  9.870E-09  7.715E-09  6.104E-09  4.554E-09  3.290E-09  2.240E-09  1.356E-09  6.601E-10  2.244E-10  3.954E-11  2.218E-12  2.881E-14  4.958E-17  2.363E-21  1.227E-26  4.560E-34  2.382E-44  0.000E+00  0.000E+00  0.000E+00  0.000E+00  0.000E+00  0.000E+00  0.000E+00  0.000E+00  0.000E+00  0.000E+00  0.000E+00  0.000E+00  0.000E+00  0.000E+00  0.000E+00  0.000E+00  0.000E+00  0.000E+00  0.000E+00  0.000E+00  0.000E+00  0.000E+00
  297.5000  4.084E-07  3.795E-07  3.543E-07  3.323E-07  3.130E-07  2.888E-07  2.656E-07  2.491E-07  2.232E-07  2.024E-07  1.851E-07  1.645E-07  1.457E-07  1.285E-07  1.125E-07  9.768E-08  8.411E-08  7.194E-08  6.122E-08  5.009E-08  4.150E-08  3.361E-08  2.706E-08  2.121E-08  1.683E-08  1.263E-08  9.215E-09  6.390E-09  4.007E-09  2.082E-09  7.931E-10  1.707E-10  1.352E-11  2.971E-13  1.114E-15  1.823E-19  4.302E-24  1.341E-30  1.296E-39  0.000E+00  0.000E+00  0.000E+00  0.000E+00  0.000E+00  0.000E+00  0.000E+00  0.000E+00  0.000E+00  0.000E+00  0.000E+00  0.000E+00  0.000E+00  0.000E+00  0.000E+00  0.000E+00  0.000E+00  0.000E+00  0.000E+00  0.000E+00  0.000E+00  0.000E+00
  298.5000  6.599E-07  6.128E-07  5.718E-07  5.361E-07  5.047E-07  4.654E-07  4.280E-07  4.012E-07  3.595E-07  3.261E-07  2.983E-07  2.650E-07  2.350E-07  2.073E-07  1.816E-07  1.577E-07  1.359E-07  1.163E-07  9.908E-08  8.115E-08  6.730E-08  5.458E-08  4.400E-08  3.455E-08  2.749E-08  2.073E-08  1.525E-08  1.074E-08  6.935E-09  3.810E-09  1.600E-09  4.089E-10  4.356E-11  1.504E-12  1.099E-14  5.135E-18  4.367E-22  8.186E-28  9.406E-36  1.401E-45  0.000E+00  0.000E+00  0.000E+00  0.000E+00  0.000E+00  0.000E+00  0.000E+00  0.000E+00  0.000E+00  0.000E+00  0.000E+00  0.000E+00  0.000E+00  0.000E+00  0.000E+00  0.000E+00  0.000E+00  0.000E+00  0.000E+00  0.000E+00  0.000E+00
  299.5000  1.974E-06  1.832E-06  1.708E-06  1.600E-06  1.506E-06  1.388E-06  1.276E-06  1.196E-06  1.071E-06  9.715E-07  8.885E-07  7.889E-07  7.003E-07  6.182E-07  5.418E-07  4.709E-07  4.061E-07  3.478E-07  2.964E-07  2.431E-07  2.017E-07  1.638E-07  1.322E-07  1.041E-07  8.298E-08  6.283E-08  4.657E-08  3.322E-08  2.201E-08  1.269E-08  5.810E-09  1.734E-09  2.418E-10  1.263E-11  1.709E-13  2.124E-16  6.022E-20  6.154E-25  7.427E-32  1.789E-40  0.000E+00  0.000E+00  0.000E+00  0.000E+00  0.000E+00  0.000E+00  0.000E+00  0.000E+00  0.000E+00  0.000E+00  0.000E+00  0.000E+00  0.000E+00  0.000E+00  0.000E+00  0.000E+00  0.000E+00  0.000E+00  0.000E+00  0.000E+00  0.000E+00
  300.5000  2.341E-06  2.171E-06  2.023E-06  1.894E-06  1.781E-06  1.641E-06  1.507E-06  1.412E-06  1.265E-06  1.147E-06  1.049E-06  9.320E-07  8.268E-07  7.300E-07  6.401E-07  5.567E-07  4.803E-07  4.117E-07  3.511E-07  2.882E-07  2.394E-07  1.946E-07  1.573E-07  1.240E-07  9.903E-08  7.524E-08  5.608E-08  4.042E-08  2.733E-08  1.639E-08  8.044E-09  2.719E-09  4.713E-10  3.438E-11  7.630E-13  2.055E-15  1.488E-18  5.595E-23  4.018E-29  8.863E-37  1.822E-44  0.000E+00  0.000E+00  0.000E+00  0.000E+00  0.000E+00  0.000E+00  0.000E+00  0.000E+00  0.000E+00  0.000E+00  0.000E+00  0.000E+00  0.000E+00  0.000E+00  0.000E+00  0.000E+00  0.000E+00  0.000E+00  0.000E+00  0.000E+00
  301.5000  6.065E-06  5.618E-06  5.230E-06  4.891E-06  4.595E-06  4.230E-06  3.883E-06  3.635E-06  3.254E-06  2.950E-06  2.697E-06  2.397E-06  2.126E-06  1.878E-06  1.647E-06  1.434E-06  1.238E-06  1.062E-06  9.060E-07  7.447E-07  6.192E-07  5.041E-07  4.078E-07  3.221E-07  2.578E-07  1.965E-07  1.473E-07  1.073E-07  7.401E-08  4.617E-08  2.432E-08  9.352E-09  2.032E-09  2.109E-10  7.916E-12  4.867E-14  9.615E-17  1.472E-20  7.380E-26  1.860E-32  4.216E-39  1.962E-44  1.401E-45  1.401E-45  0.000E+00  0.000E+00  0.000E+00  0.000E+00  0.000E+00  0.000E+00  0.000E+00  0.000E+00  0.000E+00  0.000E+00  0.000E+00  0.000E+00  0.000E+00  0.000E+00  0.000E+00  0.000E+00  0.000E+00
  302.5000  9.074E-06  8.399E-06  7.811E-06  7.299E-06  6.852E-06  6.303E-06  5.782E-06  5.408E-06  4.840E-06  4.386E-06  4.008E-06  3.561E-06  3.160E-06  2.791E-06  2.449E-06  2.132E-06  1.841E-06  1.580E-06  1.350E-06  1.110E-06  9.239E-07  7.531E-07  6.098E-07  4.822E-07  3.864E-07  2.954E-07  2.223E-07  1.630E-07  1.139E-07  7.296E-08  4.031E-08  1.691E-08  4.284E-09  5.644E-10  3.024E-11  3.223E-13  1.229E-15  4.685E-19  8.312E-24  1.013E-29  1.060E-35  1.458E-40  2.988E-42  6.446E-44  1.401E-45  0.000E+00  0.000E+00  0.000E+00  0.000E+00  0.000E+00  0.000E+00  0.000E+00  0.000E+00  0.000E+00  0.000E+00  0.000E+00  0.000E+00  0.000E+00  0.000E+00  0.000E+00  0.000E+00
  303.5000  1.949E-05  1.802E-05  1.673E-05  1.562E-05  1.464E-05  1.345E-05  1.233E-05  1.152E-05  1.030E-05  9.330E-06  8.519E-06  7.568E-06  6.715E-06  5.931E-06  5.205E-06  4.533E-06  3.918E-06  3.364E-06  2.875E-06  2.369E-06  1.973E-06  1.610E-06  1.305E-06  1.034E-06  8.298E-07  6.361E-07  4.808E-07  3.552E-07  2.520E-07  1.661E-07  9.677E-08  4.479E-08  1.351E-08  2.342E-09  1.891E-10  3.830E-12  3.182E-14  3.597E-17  2.870E-21  2.281E-26  1.479E-31  7.269E-36  1.337E-37  1.824E-39  6.026E-42  1.401E-45  0.000E+00  0.000E+00  0.000E+00  0.000E+00  0.000E+00  0.000E+00  0.000E+00  0.000E+00  0.000E+00  0.000E+00  0.000E+00  0.000E+00  0.000E+00  0.000E+00  0.000E+00
  304.5000  2.454E-05  2.266E-05  2.103E-05  1.960E-05  1.837E-05  1.686E-05  1.544E-05  1.441E-05  1.288E-05  1.166E-05  1.064E-05  9.451E-06  8.382E-06  7.404E-06  6.499E-06  5.660E-06  4.894E-06  4.205E-06  3.595E-06  2.964E-06  2.470E-06  2.018E-06  1.637E-06  1.299E-06  1.043E-06  8.011E-07  6.071E-07  4.505E-07  3.224E-07  2.162E-07  1.301E-07  6.384E-08  2.137E-08  4.358E-09  4.481E-10  1.323E-11  1.735E-13  3.697E-16  7.000E-20  1.609E-24  2.888E-29  2.890E-33  5.097E-35  5.630E-37  1.291E-39  6.726E-44  0.000E+00  0.000E+00  0.000E+00  0.000E+00  0.000E+00  0.000E+00  0.000E+00  0.000E+00  0.000E+00  0.000E+00  0.000E+00  0.000E+00  0.000E+00  0.000E+00  0.000E+00
  305.5000  4.064E-05  3.747E-05  3.470E-05  3.229E-05  3.019E-05  2.768E-05  2.530E-05  2.359E-05  2.106E-05  1.904E-05  1.736E-05  1.541E-05  1.368E-05  1.206E-05  1.059E-05  9.222E-06  7.976E-06  6.857E-06  5.866E-06  4.844E-06  4.041E-06  3.307E-06  2.686E-06  2.134E-06  1.717E-06  1.322E-06  1.005E-06  7.505E-07  5.432E-07  3.726E-07  2.338E-07  1.242E-07  4.796E-08  1.227E-08  1.774E-09  9.027E-11  2.327E-12  1.284E-14  8.950E-18  1.033E-21  8.846E-26  2.612E-29  4.237E-31  3.253E-33  3.929E-36  1.149E-40  0.000E+00  0.000E+00  0.000E+00  0.000E+00  0.000E+00  0.000E+00  0.000E+00  0.000E+00  0.000E+00  0.000E+00  0.000E+00  0.000E+00  0.000E+00  0.000E+00  0.000E+00
  306.5000  4.708E-05  4.334E-05  4.009E-05  3.727E-05  3.482E-05  3.190E-05  2.913E-05  2.714E-05  2.421E-05  2.188E-05  1.993E-05  1.768E-05  1.566E-05  1.384E-05  1.214E-05  1.058E-05  9.150E-06  7.869E-06  6.734E-06  5.566E-06  4.645E-06  3.804E-06  3.092E-06  2.459E-06  1.979E-06  1.526E-06  1.163E-06  8.705E-07  6.335E-07  4.391E-07  2.809E-07  1.548E-07  6.379E-08  1.807E-08  3.040E-09  1.960E-10  6.731E-12  5.543E-14  6.719E-17  1.534E-20  2.543E-24  1.196E-27  1.932E-29  1.336E-31  1.338E-34  3.423E-39  0.000E+00  0.000E+00  0.000E+00  0.000E+00  0.000E+00  0.000E+00  0.000E+00  0.000E+00  0.000E+00  0.000E+00  0.000E+00  0.000E+00  0.000E+00  0.000E+00  0.000E+00
  307.5000  8.437E-05  7.753E-05  7.155E-05  6.635E-05  6.183E-05  5.653E-05  5.152E-05  4.790E-05  4.266E-05  3.849E-05  3.501E-05  3.103E-05  2.747E-05  2.424E-05  2.126E-05  1.852E-05  1.602E-05  1.378E-05  1.180E-05  9.766E-06  8.160E-06  6.693E-06  5.446E-06  4.340E-06  3.497E-06  2.703E-06  2.066E-06  1.554E-06  1.140E-06  8.038E-07  5.306E-07  3.106E-07  1.430E-07  4.850E-08  1.072E-08  1.074E-09  6.404E-11  1.152E-12  4.116E-15  3.588E-18  2.194E-21  2.537E-24  3.880E-26  2.013E-28  1.205E-31  1.914E-36  1.401E-45  0.000E+00  0.000E+00  0.000E+00  0.000E+00  0.000E+00  0.000E+00  0.000E+00  0.000E+00  0.000E+00  0.000E+00  0.000E+00  0.000E+00  0.000E+00  0.000E+00
  308.5000  1.035E-04  9.504E-05  8.760E-05  8.114E-05  7.553E-05  6.898E-05  6.281E-05  5.834E-05  5.191E-05  4.680E-05  4.254E-05  3.767E-05  3.326E-05  2.940E-05  2.578E-05  2.246E-05  1.943E-05  1.671E-05  1.431E-05  1.185E-05  9.909E-06  8.134E-06  6.623E-06  5.282E-06  4.260E-06  3.296E-06  2.523E-06  1.902E-06  1.401E-06  9.947E-07  6.658E-07  3.999E-07  1.931E-07  7.056E-08  1.745E-08  2.080E-09  1.530E-10  3.692E-12  1.979E-14  2.838E-17  2.802E-20  4.548E-23  7.022E-25  3.445E-27  1.863E-30  2.812E-35  2.522E-44  0.000E+00  0.000E+00  0.000E+00  0.000E+00  0.000E+00  0.000E+00  0.000E+00  0.000E+00  0.000E+00  0.000E+00  0.000E+00  0.000E+00  0.000E+00  0.000E+00
  309.5000  1.085E-04  9.929E-05  9.130E-05  8.436E-05  7.834E-05  7.139E-05  6.486E-05  6.012E-05  5.340E-05  4.806E-05  4.360E-05  3.856E-05  3.408E-05  3.004E-05  2.632E-05  2.291E-05  1.982E-05  1.705E-05  1.461E-05  1.211E-05  1.013E-05  8.326E-06  6.786E-06  5.421E-06  4.376E-06  3.393E-06  2.603E-06  1.968E-06  1.458E-06  1.046E-06  7.140E-07  4.455E-07  2.309E-07  9.478E-08  2.801E-08  4.454E-09  4.702E-10  1.896E-11  2.074E-13  7.170E-16  1.668E-18  4.889E-21  7.409E-23  3.092E-25  1.246E-28  1.456E-33  1.427E-42  0.000E+00  0.000E+00  0.000E+00  0.000E+00  0.000E+00  0.000E+00  0.000E+00  0.000E+00  0.000E+00  0.000E+00  0.000E+00  0.000E+00  0.000E+00  0.000E+00
  310.5000  1.701E-04  1.553E-04  1.425E-04  1.314E-04  1.218E-04  1.108E-04  1.004E-04  9.290E-05  8.237E-05  7.402E-05  6.705E-05  5.922E-05  5.229E-05  4.602E-05  4.030E-05  3.506E-05  3.031E-05  2.608E-05  2.234E-05  1.854E-05  1.551E-05  1.277E-05  1.041E-05  8.331E-06  6.732E-06  5.228E-06  4.019E-06  3.047E-06  2.266E-06  1.638E-06  1.134E-06  7.276E-07  3.973E-07  1.776E-07  5.976E-08  1.169E-08  1.595E-09  9.244E-11  1.674E-12  1.074E-14  4.541E-17  2.015E-19  3.051E-21  1.162E-23  3.965E-27  4.094E-32  4.417E-41  0.000E+00  0.000E+00  0.000E+00  0.000E+00  0.000E+00  0.000E+00  0.000E+00  0.000E+00  0.000E+00  0.000E+00  0.000E+00  0.000E+00  0.000E+00  0.000E+00
  311.5000  2.416E-04  2.203E-04  2.018E-04  1.858E-04  1.718E-04  1.561E-04  1.413E-04  1.305E-04  1.156E-04  1.037E-04  9.382E-05  8.278E-05  7.301E-05  6.422E-05  5.619E-05  4.886E-05  4.223E-05  3.632E-05  3.112E-05  2.583E-05  2.163E-05  1.781E-05  1.454E-05  1.164E-05  9.413E-06  7.318E-06  5.634E-06  4.279E-06  3.191E-06  2.318E-06  1.620E-06  1.058E-06  5.970E-07  2.818E-07  1.031E-07  2.308E-08  3.718E-09  2.729E-10  6.893E-12  6.671E-14  4.215E-16  2.487E-18  3.834E-20  1.412E-22  4.496E-26  4.525E-31  5.640E-40  0.000E+00  0.000E+00  0.000E+00  0.000E+00  0.000E+00  0.000E+00  0.000E+00  0.000E+00  0.000E+00  0.000E+00  0.000E+00  0.000E+00  0.000E+00  0.000E+00
  312.5000  2.906E-04  2.641E-04  2.410E-04  2.211E-04  2.038E-04  1.844E-04  1.664E-04  1.531E-04  1.352E-04  1.209E-04  1.091E-04  9.599E-05  8.447E-05  7.414E-05  6.475E-05  5.623E-05  4.854E-05  4.172E-05  3.573E-05  2.968E-05  2.486E-05  2.050E-05  1.675E-05  1.344E-05  1.088E-05  8.482E-06  6.547E-06  4.988E-06  3.737E-06  2.737E-06  1.941E-06  1.304E-06  7.778E-07  4.028E-07  1.705E-07  4.836E-08  1.048E-08  1.176E-09  5.376E-11  1.076E-12  1.372E-14  1.308E-16  1.996E-18  6.493E-21  1.650E-24  1.375E-29  1.800E-38  0.000E+00  0.000E+00  0.000E+00  0.000E+00  0.000E+00  0.000E+00  0.000E+00  0.000E+00  0.000E+00  0.000E+00  0.000E+00  0.000E+00  0.000E+00  0.000E+00
  313.5000  3.484E-04  3.164E-04  2.885E-04  2.644E-04  2.435E-04  2.201E-04  1.984E-04  1.825E-04  1.610E-04  1.439E-04  1.297E-04  1.140E-04  1.003E-04  8.795E-05  7.678E-05  6.664E-05  5.751E-05  4.941E-05  4.231E-05  3.515E-05  2.945E-05  2.430E-05  1.987E-05  1.595E-05  1.292E-05  1.008E-05  7.784E-06  5.937E-06  4.455E-06  3.271E-06  2.330E-06  1.579E-06  9.572E-07  5.088E-07  2.239E-07  6.738E-08  1.565E-08  1.931E-09  1.012E-10  2.390E-12  3.575E-14  3.851E-16  6.080E-18  2.040E-20  5.437E-24  4.988E-29  8.047E-38  0.000E+00  0.000E+00  0.000E+00  0.000E+00  0.000E+00  0.000E+00  0.000E+00  0.000E+00  0.000E+00  0.000E+00  0.000E+00  0.000E+00  0.000E+00  0.000E+00
  314.5000  4.371E-04  3.953E-04  3.589E-04  3.276E-04  3.004E-04  2.705E-04  2.428E-04  2.224E-04  1.954E-04  1.740E-04  1.563E-04  1.369E-04  1.200E-04  1.050E-04  9.140E-05  7.915E-05  6.818E-05  5.850E-05  5.003E-05  4.158E-05  3.483E-05  2.877E-05  2.354E-05  1.894E-05  1.536E-05  1.201E-05  9.306E-06  7.120E-06  5.365E-06  3.965E-06  2.856E-06  1.978E-06  1.252E-06  7.157E-07  3.541E-07  1.293E-07  3.839E-08  6.760E-09  5.865E-10  2.577E-11  7.051E-13  1.149E-14  1.812E-16  5.524E-19  1.229E-22  9.733E-28  1.675E-36  0.000E+00  0.000E+00  0.000E+00  0.000E+00  0.000E+00  0.000E+00  0.000E+00  0.000E+00  0.000E+00  0.000E+00  0.000E+00  0.000E+00  0.000E+00  0.000E+00
  315.5000  4.721E-04  4.267E-04  3.873E-04  3.532E-04  3.238E-04  2.914E-04  2.614E-04  2.393E-04  2.101E-04  1.870E-04  1.678E-04  1.470E-04  1.287E-04  1.125E-04  9.793E-05  8.476E-05  7.299E-05  6.260E-05  5.354E-05  4.449E-05  3.728E-05  3.080E-05  2.521E-05  2.029E-05  1.647E-05  1.289E-05  9.989E-06  7.650E-06  5.771E-06  4.272E-06  3.087E-06  2.150E-06  1.375E-06  7.995E-07  4.055E-07  1.535E-07  4.745E-08  8.827E-09  8.285E-10  3.999E-11  1.197E-12  2.102E-14  3.442E-16  1.101E-18  2.648E-22  2.384E-27  5.117E-36  0.000E+00  0.000E+00  0.000E+00  0.000E+00  0.000E+00  0.000E+00  0.000E+00  0.000E+00  0.000E+00  0.000E+00  0.000E+00  0.000E+00  0.000E+00  0.000E+00
  316.5000  5.901E-04  5.313E-04  4.804E-04  4.364E-04  3.984E-04  3.572E-04  3.191E-04  2.910E-04  2.544E-04  2.255E-04  2.016E-04  1.758E-04  1.535E-04  1.337E-04  1.160E-04  1.001E-04  8.600E-05  7.361E-05  6.284E-05  5.219E-05  4.371E-05  3.613E-05  2.959E-05  2.386E-05  1.938E-05  1.521E-05  1.182E-05  9.081E-06  6.876E-06  5.117E-06  3.729E-06  2.637E-06  1.740E-06  1.066E-06  5.890E-07  2.574E-07  9.587E-08  2.341E-08  3.232E-09  2.501E-10  1.181E-11  2.842E-13  4.692E-15  1.417E-17  3.045E-21  2.534E-26  5.993E-35  0.000E+00  0.000E+00  0.000E+00  0.000E+00  0.000E+00  0.000E+00  0.000E+00  0.000E+00  0.000E+00  0.000E+00  0.000E+00  0.000E+00  0.000E+00  0.000E+00
  317.5000  8.352E-04  7.521E-04  6.801E-04  6.179E-04  5.643E-04  5.059E-04  4.520E-04  4.123E-04  3.605E-04  3.196E-04  2.857E-04  2.492E-04  2.176E-04  1.895E-04  1.644E-04  1.419E-04  1.219E-04  1.043E-04  8.909E-05  7.399E-05  6.197E-05  5.123E-05  4.197E-05  3.385E-05  2.750E-05  2.158E-05  1.678E-05  1.289E-05  9.765E-06  7.272E-06  5.304E-06  3.758E-06  2.486E-06  1.529E-06  8.489E-07  3.728E-07  1.391E-07  3.400E-08  4.703E-09  3.643E-10  1.725E-11  4.226E-13  7.293E-15  2.369E-17  5.735E-21  5.640E-26  1.689E-34  0.000E+00  0.000E+00  0.000E+00  0.000E+00  0.000E+00  0.000E+00  0.000E+00  0.000E+00  0.000E+00  0.000E+00  0.000E+00  0.000E+00  0.000E+00  0.000E+00
  318.5000  8.508E-04  7.634E-04  6.877E-04  6.224E-04  5.661E-04  5.055E-04  4.497E-04  4.084E-04  3.555E-04  3.138E-04  2.792E-04  2.425E-04  2.108E-04  1.829E-04  1.580E-04  1.359E-04  1.163E-04  9.927E-05  8.454E-05  7.012E-05  5.865E-05  4.849E-05  3.972E-05  3.208E-05  2.610E-05  2.053E-05  1.601E-05  1.234E-05  9.388E-06  7.026E-06  5.164E-06  3.707E-06  2.516E-06  1.617E-06  9.653E-07  4.801E-07  2.110E-07  6.574E-08  1.288E-08  1.529E-09  1.096E-10  3.576E-12  6.236E-14  1.930E-16  4.243E-20  3.915E-25  1.295E-33  0.000E+00  0.000E+00  0.000E+00  0.000E+00  0.000E+00  0.000E+00  0.000E+00  0.000E+00  0.000E+00  0.000E+00  0.000E+00  0.000E+00  0.000E+00  0.000E+00
  319.5000  1.099E-03  9.857E-04  8.876E-04  8.029E-04  7.300E-04  6.514E-04  5.791E-04  5.257E-04  4.572E-04  4.033E-04  3.586E-04  3.112E-04  2.702E-04  2.342E-04  2.022E-04  1.738E-04  1.486E-04  1.268E-04  1.079E-04  8.945E-05  7.480E-05  6.184E-05  5.066E-05  4.093E-05  3.331E-05  2.623E-05  2.047E-05  1.580E-05  1.202E-05  9.012E-06  6.638E-06  4.782E-06  3.267E-06  2.122E-06  1.288E-06  6.572E-07  2.980E-07  9.708E-08  2.029E-08  2.604E-09  2.014E-10  7.020E-12  1.270E-13  4.124E-16  9.787E-20  1.019E-24  4.130E-33  0.000E+00  0.000E+00  0.000E+00  0.000E+00  0.000E+00  0.000E+00  0.000E+00  0.000E+00  0.000E+00  0.000E+00  0.000E+00  0.000E+00  0.000E+00  0.000E+00
  320.5000  1.432E-03  1.283E-03  1.154E-03  1.043E-03  9.476E-04  8.447E-04  7.502E-04  6.802E-04  5.909E-04  5.206E-04  4.623E-04  4.007E-04  3.475E-04  3.008E-04  2.594E-04  2.227E-04  1.903E-04  1.621E-04  1.379E-04  1.142E-04  9.548E-05  7.892E-05  6.465E-05  5.225E-05  4.253E-05  3.351E-05  2.618E-05  2.022E-05  1.541E-05  1.157E-05  8.535E-06  6.168E-06  4.240E-06  2.781E-06  1.715E-06  9.001E-07  4.241E-07  1.464E-07  3.324E-08  4.720E-09  4.040E-10  1.529E-11  2.865E-13  9.708E-16  2.451E-19  2.818E-24  1.377E-32  0.000E+00  0.000E+00  0.000E+00  0.000E+00  0.000E+00  0.000E+00  0.000E+00  0.000E+00  0.000E+00  0.000E+00  0.000E+00  0.000E+00  0.000E+00  0.000E+00
  321.5000  1.689E-03  1.511E-03  1.357E-03  1.224E-03  1.110E-03  9.864E-04  8.731E-04  7.893E-04  6.826E-04  5.990E-04  5.296E-04  4.568E-04  3.942E-04  3.395E-04  2.913E-04  2.487E-04  2.115E-04  1.794E-04  1.520E-04  1.255E-04  1.046E-04  8.630E-05  7.061E-05  5.709E-05  4.651E-05  3.674E-05  2.880E-05  2.233E-05  1.710E-05  1.291E-05  9.598E-06  7.016E-06  4.926E-06  3.343E-06  2.184E-06  1.268E-06  6.832E-07  2.895E-07  8.868E-08  1.820E-08  2.230E-09  1.085E-10  2.055E-12  6.695E-15  1.564E-18  1.721E-23  9.356E-32  0.000E+00  0.000E+00  0.000E+00  0.000E+00  0.000E+00  0.000E+00  0.000E+00  0.000E+00  0.000E+00  0.000E+00  0.000E+00  0.000E+00  0.000E+00  0.000E+00
  322.5000  1.306E-03  1.169E-03  1.051E-03  9.499E-04  8.623E-04  7.682E-04  6.816E-04  6.177E-04  5.360E-04  4.718E-04  4.186E-04  3.624E-04  3.140E-04  2.715E-04  2.339E-04  2.005E-04  1.712E-04  1.457E-04  1.239E-04  1.026E-04  8.567E-05  7.080E-05  5.800E-05  4.689E-05  3.818E-05  3.011E-05  2.354E-05  1.820E-05  1.389E-05  1.045E-05  7.727E-06  5.606E-06  3.880E-06  2.573E-06  1.614E-06  8.710E-07  4.248E-07  1.544E-07  3.779E-08  5.895E-09  5.569E-10  2.319E-11  4.696E-13  1.779E-15  5.337E-19  7.913E-24  5.773E-32  0.000E+00  0.000E+00  0.000E+00  0.000E+00  0.000E+00  0.000E+00  0.000E+00  0.000E+00  0.000E+00  0.000E+00  0.000E+00  0.000E+00  0.000E+00  0.000E+00
  323.5000  2.066E-03  1.849E-03  1.660E-03  1.498E-03  1.358E-03  1.206E-03  1.066E-03  9.634E-04  8.317E-04  7.286E-04  6.432E-04  5.534E-04  4.764E-04  4.093E-04  3.502E-04  2.983E-04  2.529E-04  2.140E-04  1.808E-04  1.489E-04  1.239E-04  1.021E-04  8.343E-05  6.744E-05  5.495E-05  4.345E-05  3.411E-05  2.651E-05  2.036E-05  1.541E-05  1.150E-05  8.454E-06  5.992E-06  4.125E-06  2.760E-06  1.670E-06  9.544E-07  4.429E-07  1.555E-07  3.786E-08  5.536E-09  3.120E-10  6.342E-12  2.252E-14  5.968E-18  8.030E-23  6.272E-31  0.000E+00  0.000E+00  0.000E+00  0.000E+00  0.000E+00  0.000E+00  0.000E+00  0.000E+00  0.000E+00  0.000E+00  0.000E+00  0.000E+00  0.000E+00  0.000E+00
  324.5000  2.382E-03  2.131E-03  1.914E-03  1.727E-03  1.565E-03  1.391E-03  1.230E-03  1.111E-03  9.598E-04  8.410E-04  7.427E-04  6.393E-04  5.505E-04  4.731E-04  4.050E-04  3.451E-04  2.928E-04  2.478E-04  2.094E-04  1.726E-04  1.436E-04  1.184E-04  9.674E-05  7.821E-05  6.373E-05  5.040E-05  3.957E-05  3.075E-05  2.361E-05  1.788E-05  1.334E-05  9.809E-06  6.954E-06  4.788E-06  3.202E-06  1.934E-06  1.100E-06  5.065E-07  1.758E-07  4.220E-08  6.102E-09  3.465E-10  7.341E-12  2.797E-14  8.304E-18  1.305E-22  1.262E-30  0.000E+00  0.000E+00  0.000E+00  0.000E+00  0.000E+00  0.000E+00  0.000E+00  0.000E+00  0.000E+00  0.000E+00  0.000E+00  0.000E+00  0.000E+00  0.000E+00
  325.5000  2.501E-03  2.237E-03  2.008E-03  1.812E-03  1.642E-03  1.459E-03  1.290E-03  1.166E-03  1.007E-03  8.828E-04  7.799E-04  6.717E-04  5.788E-04  4.978E-04  4.264E-04  3.636E-04  3.087E-04  2.614E-04  2.211E-04  1.823E-04  1.518E-04  1.252E-04  1.024E-04  8.278E-05  6.745E-05  5.333E-05  4.185E-05  3.251E-05  2.494E-05  1.887E-05  1.407E-05  1.033E-05  7.302E-06  5.008E-06  3.328E-06  1.986E-06  1.111E-06  4.983E-07  1.663E-07  3.808E-08  5.284E-09  2.965E-10  6.574E-12  2.716E-14  9.173E-18  1.704E-22  2.033E-30  0.000E+00  0.000E+00  0.000E+00  0.000E+00  0.000E+00  0.000E+00  0.000E+00  0.000E+00  0.000E+00  0.000E+00  0.000E+00  0.000E+00  0.000E+00  0.000E+00
  326.5000  4.282E-03  3.837E-03  3.452E-03  3.121E-03  2.834E-03  2.519E-03  2.228E-03  2.015E-03  1.738E-03  1.521E-03  1.341E-03  1.152E-03  9.887E-04  8.470E-04  7.224E-04  6.130E-04  5.179E-04  4.364E-04  3.673E-04  3.013E-04  2.498E-04  2.054E-04  1.674E-04  1.352E-04  1.101E-04  8.714E-05  6.856E-05  5.345E-05  4.120E-05  3.135E-05  2.353E-05  1.743E-05  1.251E-05  8.766E-06  6.046E-06  3.856E-06  2.372E-06  1.237E-06  5.182E-07  1.581E-07  2.921E-08  2.011E-09  4.521E-11  1.824E-13  5.845E-17  1.062E-21  1.409E-29  0.000E+00  0.000E+00  0.000E+00  0.000E+00  0.000E+00  0.000E+00  0.000E+00  0.000E+00  0.000E+00  0.000E+00  0.000E+00  0.000E+00  0.000E+00  0.000E+00
  327.5000  3.541E-03  3.170E-03  2.849E-03  2.573E-03  2.334E-03  2.073E-03  1.834E-03  1.657E-03  1.429E-03  1.251E-03  1.104E-03  9.486E-04  8.153E-04  6.992E-04  5.972E-04  5.075E-04  4.295E-04  3.625E-04  3.057E-04  2.512E-04  2.085E-04  1.717E-04  1.401E-04  1.132E-04  9.224E-05  7.300E-05  5.740E-05  4.471E-05  3.441E-05  2.614E-05  1.958E-05  1.447E-05  1.035E-05  7.213E-06  4.927E-06  3.086E-06  1.847E-06  9.217E-07  3.610E-07  1.011E-07  1.722E-08  1.139E-09  2.682E-11  1.185E-13  4.401E-17  9.656E-22  1.602E-29  0.000E+00  0.000E+00  0.000E+00  0.000E+00  0.000E+00  0.000E+00  0.000E+00  0.000E+00  0.000E+00  0.000E+00  0.000E+00  0.000E+00  0.000E+00  0.000E+00
  328.5000  3.270E-03  2.926E-03  2.630E-03  2.374E-03  2.153E-03  1.912E-03  1.690E-03  1.527E-03  1.317E-03  1.152E-03  1.016E-03  8.728E-04  7.499E-04  6.430E-04  5.489E-04  4.663E-04  3.945E-04  3.329E-04  2.806E-04  2.305E-04  1.913E-04  1.575E-04  1.285E-04  1.038E-04  8.458E-05  6.693E-05  5.263E-05  4.099E-05  3.156E-05  2.397E-05  1.796E-05  1.328E-05  9.494E-06  6.620E-06  4.524E-06  2.838E-06  1.703E-06  8.535E-07  3.373E-07  9.591E-08  1.671E-08  1.138E-09  2.790E-11  1.308E-13  5.318E-17  1.321E-21  2.621E-29  0.000E+00  0.000E+00  0.000E+00  0.000E+00  0.000E+00  0.000E+00  0.000E+00  0.000E+00  0.000E+00  0.000E+00  0.000E+00  0.000E+00  0.000E+00  0.000E+00
  329.5000  5.639E-03  5.066E-03  4.564E-03  4.135E-03  3.764E-03  3.350E-03  2.967E-03  2.689E-03  2.318E-03  2.030E-03  1.792E-03  1.537E-03  1.318E-03  1.128E-03  9.603E-04  8.133E-04  6.856E-04  5.764E-04  4.842E-04  3.960E-04  3.274E-04  2.688E-04  2.185E-04  1.762E-04  1.435E-04  1.135E-04  8.942E-05  6.984E-05  5.397E-05  4.119E-05  3.103E-05  2.309E-05  1.669E-05  1.180E-05  8.267E-06  5.415E-06  3.462E-06  1.924E-06  8.914E-07  3.104E-07  6.640E-08  5.260E-09  1.313E-10  6.133E-13  2.455E-16  6.196E-21  1.391E-28  0.000E+00  0.000E+00  0.000E+00  0.000E+00  0.000E+00  0.000E+00  0.000E+00  0.000E+00  0.000E+00  0.000E+00  0.000E+00  0.000E+00  0.000E+00  0.000E+00
  330.5000  4.533E-03  4.063E-03  3.657E-03  3.306E-03  3.004E-03  2.670E-03  2.363E-03  2.137E-03  1.842E-03  1.612E-03  1.422E-03  1.220E-03  1.047E-03  8.964E-04  7.640E-04  6.477E-04  5.468E-04  4.603E-04  3.872E-04  3.173E-04  2.627E-04  2.159E-04  1.758E-04  1.419E-04  1.156E-04  9.149E-05  7.202E-05  5.620E-05  4.337E-05  3.304E-05  2.484E-05  1.844E-05  1.328E-05  9.347E-06  6.491E-06  4.187E-06  2.616E-06  1.399E-06  6.107E-07  1.972E-07  3.927E-08  3.006E-09  7.852E-11  3.998E-13  1.838E-16  5.530E-21  1.530E-28  0.000E+00  0.000E+00  0.000E+00  0.000E+00  0.000E+00  0.000E+00  0.000E+00  0.000E+00  0.000E+00  0.000E+00  0.000E+00  0.000E+00  0.000E+00  0.000E+00
  331.5000  4.364E-03  3.910E-03  3.517E-03  3.179E-03  2.886E-03  2.565E-03  2.268E-03  2.051E-03  1.768E-03  1.547E-03  1.364E-03  1.170E-03  1.004E-03  8.594E-04  7.325E-04  6.211E-04  5.243E-04  4.415E-04  3.713E-04  3.043E-04  2.521E-04  2.072E-04  1.687E-04  1.362E-04  1.109E-04  8.781E-05  6.911E-05  5.392E-05  4.160E-05  3.168E-05  2.382E-05  1.767E-05  1.272E-05  8.944E-06  6.202E-06  3.990E-06  2.483E-06  1.321E-06  5.721E-07  1.833E-07  3.641E-08  2.822E-09  7.663E-11  4.158E-13  2.110E-16  7.241E-21  2.399E-28  0.000E+00  0.000E+00  0.000E+00  0.000E+00  0.000E+00  0.000E+00  0.000E+00  0.000E+00  0.000E+00  0.000E+00  0.000E+00  0.000E+00  0.000E+00  0.000E+00
  332.5000  5.338E-03  4.718E-03  4.328E-03  3.925E-03  3.577E-03  3.186E-03  2.824E-03  2.561E-03  2.208E-03  1.934E-03  1.708E-03  1.465E-03  1.256E-03  1.074E-03  9.139E-04  7.733E-04  6.513E-04  5.470E-04  4.590E-04  3.748E-04  3.095E-04  2.538E-04  2.061E-04  1.661E-04  1.352E-04  1.070E-04  8.426E-05  6.586E-05  5.095E-05  3.894E-05  2.939E-05  2.192E-05  1.590E-05  1.128E-05  7.951E-06  5.264E-06  3.420E-06  1.952E-06  9.449E-07  3.499E-07  8.075E-08  7.014E-09  1.947E-10  1.069E-12  5.479E-16  1.960E-20  7.404E-28  0.000E+00  0.000E+00  0.000E+00  0.000E+00  0.000E+00  0.000E+00  0.000E+00  0.000E+00  0.000E+00  0.000E+00  0.000E+00  0.000E+00  0.000E+00  0.000E+00
  333.5000  4.558E-03  4.088E-03  3.684E-03  3.335E-03  3.034E-03  2.699E-03  2.389E-03  2.163E-03  1.864E-03  1.632E-03  1.439E-03  1.234E-03  1.058E-03  9.051E-04  7.705E-04  6.524E-04  5.499E-04  4.622E-04  3.882E-04  3.174E-04  2.624E-04  2.154E-04  1.751E-04  1.412E-04  1.150E-04  9.099E-05  7.166E-05  5.598E-05  4.326E-05  3.302E-05  2.488E-05  1.852E-05  1.340E-05  9.478E-06  6.641E-06  4.352E-06  2.783E-06  1.547E-06  7.188E-07  2.526E-07  5.555E-08  4.733E-09  1.370E-10  8.117E-13  4.699E-16  1.964E-20  8.977E-28  0.000E+00  0.000E+00  0.000E+00  0.000E+00  0.000E+00  0.000E+00  0.000E+00  0.000E+00  0.000E+00  0.000E+00  0.000E+00  0.000E+00  0.000E+00  0.000E+00
  334.5000  5.345E-03  4.798E-03  4.325E-03  3.918E-03  3.567E-03  3.174E-03  2.811E-03  2.547E-03  2.195E-03  1.921E-03  1.695E-03  1.453E-03  1.246E-03  1.065E-03  9.063E-04  7.669E-04  6.459E-04  5.425E-04  4.553E-04  3.719E-04  3.072E-04  2.520E-04  2.047E-04  1.650E-04  1.343E-04  1.063E-04  8.369E-05  6.540E-05  5.058E-05  3.864E-05  2.915E-05  2.172E-05  1.574E-05  1.116E-05  7.847E-06  5.176E-06  3.345E-06  1.893E-06  9.046E-07  3.303E-07  7.589E-08  6.748E-09  2.018E-10  1.251E-12  7.748E-16  3.572E-20  1.910E-27  0.000E+00  0.000E+00  0.000E+00  0.000E+00  0.000E+00  0.000E+00  0.000E+00  0.000E+00  0.000E+00  0.000E+00  0.000E+00  0.000E+00  0.000E+00  0.000E+00
  335.5000  6.044E-03  5.431E-03  4.909E-03  4.456E-03  4.065E-03  3.624E-03  3.214E-03  2.918E-03  2.517E-03  2.205E-03  1.948E-03  1.670E-03  1.432E-03  1.224E-03  1.041E-03  8.801E-04  7.405E-04  6.213E-04  5.208E-04  4.246E-04  3.503E-04  2.870E-04  2.327E-04  1.873E-04  1.524E-04  1.206E-04  9.499E-05  7.429E-05  5.753E-05  4.403E-05  3.329E-05  2.487E-05  1.809E-05  1.287E-05  9.121E-06  6.092E-06  4.013E-06  2.345E-06  1.180E-06  4.620E-07  1.144E-07  1.083E-08  3.331E-10  2.134E-12  1.387E-15  6.919E-20  4.288E-27  0.000E+00  0.000E+00  0.000E+00  0.000E+00  0.000E+00  0.000E+00  0.000E+00  0.000E+00  0.000E+00  0.000E+00  0.000E+00  0.000E+00  0.000E+00  0.000E+00
  336.5000  4.574E-03  4.112E-03  3.710E-03  3.365E-03  3.068E-03  2.733E-03  2.422E-03  2.198E-03  1.895E-03  1.659E-03  1.465E-03  1.256E-03  1.076E-03  9.200E-04  7.823E-04  6.615E-04  5.566E-04  4.671E-04  3.915E-04  3.193E-04  2.635E-04  2.159E-04  1.752E-04  1.410E-04  1.147E-04  9.077E-05  7.150E-05  5.591E-05  4.329E-05  3.312E-05  2.503E-05  1.869E-05  1.358E-05  9.660E-06  6.834E-06  4.553E-06  2.987E-06  1.734E-06  8.642E-07  3.344E-07  8.219E-08  7.847E-09  2.502E-10  1.703E-12  1.216E-15  6.874E-20  5.043E-27  0.000E+00  0.000E+00  0.000E+00  0.000E+00  0.000E+00  0.000E+00  0.000E+00  0.000E+00  0.000E+00  0.000E+00  0.000E+00  0.000E+00  0.000E+00  0.000E+00
  337.5000  4.650E-03  4.176E-03  3.761E-03  3.406E-03  3.099E-03  2.758E-03  2.441E-03  2.212E-03  1.906E-03  1.667E-03  1.471E-03  1.260E-03  1.080E-03  9.232E-04  7.852E-04  6.642E-04  5.591E-04  4.695E-04  3.938E-04  3.215E-04  2.655E-04  2.177E-04  1.768E-04  1.424E-04  1.159E-04  9.171E-05  7.224E-05  5.646E-05  4.368E-05  3.338E-05  2.519E-05  1.879E-05  1.363E-05  9.670E-06  6.812E-06  4.504E-06  2.921E-06  1.664E-06  8.045E-07  2.996E-07  7.111E-08  6.716E-09  2.226E-10  1.622E-12  1.291E-15  8.391E-20  7.340E-27  0.000E+00  0.000E+00  0.000E+00  0.000E+00  0.000E+00  0.000E+00  0.000E+00  0.000E+00  0.000E+00  0.000E+00  0.000E+00  0.000E+00  0.000E+00  0.000E+00
  338.5000  5.510E-03  4.951E-03  4.474E-03  4.061E-03  3.704E-03  3.301E-03  2.927E-03  2.658E-03  2.291E-03  2.007E-03  1.772E-03  1.519E-03  1.302E-03  1.112E-03  9.455E-04  7.991E-04  6.720E-04  5.635E-04  4.721E-04  3.846E-04  3.171E-04  2.596E-04  2.105E-04  1.693E-04  1.377E-04  1.089E-04  8.580E-05  6.712E-05  5.199E-05  3.981E-05  3.011E-05  2.252E-05  1.639E-05  1.168E-05  8.287E-06  5.549E-06  3.671E-06  2.162E-06  1.104E-06  4.424E-07  1.138E-07  1.148E-08  3.906E-10  2.932E-12  2.430E-15  1.694E-19  1.697E-26  0.000E+00  0.000E+00  0.000E+00  0.000E+00  0.000E+00  0.000E+00  0.000E+00  0.000E+00  0.000E+00  0.000E+00  0.000E+00  0.000E+00  0.000E+00  0.000E+00
  339.5000  6.086E-03  5.475E-03  4.944E-03  4.488E-03  4.095E-03  3.650E-03  3.237E-03  2.940E-03  2.534E-03  2.220E-03  1.961E-03  1.680E-03  1.440E-03  1.230E-03  1.045E-03  8.833E-04  7.426E-04  6.225E-04  5.213E-04  4.245E-04  3.498E-04  2.864E-04  2.320E-04  1.866E-04  1.518E-04  1.200E-04  9.453E-05  7.395E-05  5.730E-05  4.389E-05  3.321E-05  2.485E-05  1.810E-05  1.290E-05  9.169E-06  6.153E-06  4.084E-06  2.421E-06  1.249E-06  5.084E-07  1.335E-07  1.384E-08  4.861E-10  3.830E-12  3.416E-15  2.638E-19  3.077E-26  0.000E+00  0.000E+00  0.000E+00  0.000E+00  0.000E+00  0.000E+00  0.000E+00  0.000E+00  0.000E+00  0.000E+00  0.000E+00  0.000E+00  0.000E+00  0.000E+00
  340.5000  6.233E-03  5.588E-03  5.054E-03  4.584E-03  4.178E-03  3.721E-03  3.297E-03  2.991E-03  2.578E-03  2.257E-03  1.992E-03  1.707E-03  1.462E-03  1.249E-03  1.061E-03  8.967E-04  7.539E-04  6.321E-04  5.295E-04  4.315E-04  3.557E-04  2.913E-04  2.361E-04  1.900E-04  1.545E-04  1.222E-04  9.625E-05  7.528E-05  5.831E-05  4.464E-05  3.376E-05  2.524E-05  1.837E-05  1.308E-05  9.276E-06  6.204E-06  4.096E-06  2.406E-06  1.224E-06  4.892E-07  1.266E-07  1.314E-08  4.781E-10  3.997E-12  3.912E-15  3.415E-19  4.685E-26  0.000E+00  0.000E+00  0.000E+00  0.000E+00  0.000E+00  0.000E+00  0.000E+00  0.000E+00  0.000E+00  0.000E+00  0.000E+00  0.000E+00  0.000E+00  0.000E+00
  341.5000  5.885E-03  5.316E-03  4.782E-03  4.343E-03  3.963E-03  3.534E-03  3.134E-03  2.847E-03  2.454E-03  2.150E-03  1.899E-03  1.627E-03  1.394E-03  1.191E-03  1.012E-03  8.546E-04  7.182E-04  6.018E-04  5.037E-04  4.100E-04  3.376E-04  2.763E-04  2.237E-04  1.799E-04  1.463E-04  1.156E-04  9.107E-05  7.125E-05  5.523E-05  4.232E-05  3.205E-05  2.399E-05  1.750E-05  1.249E-05  8.887E-06  5.981E-06  3.988E-06  2.383E-06  1.246E-06  5.183E-07  1.403E-07  1.520E-08  5.686E-10  4.939E-12  5.118E-15  4.863E-19  7.680E-26  0.000E+00  0.000E+00  0.000E+00  0.000E+00  0.000E+00  0.000E+00  0.000E+00  0.000E+00  0.000E+00  0.000E+00  0.000E+00  0.000E+00  0.000E+00  0.000E+00
  342.5000  6.594E-03  5.888E-03  5.360E-03  4.868E-03  4.444E-03  3.963E-03  3.515E-03  3.193E-03  2.753E-03  2.412E-03  2.131E-03  1.826E-03  1.564E-03  1.336E-03  1.135E-03  9.581E-04  8.049E-04  6.743E-04  5.643E-04  4.591E-04  3.779E-04  3.092E-04  2.503E-04  2.012E-04  1.635E-04  1.292E-04  1.018E-04  7.966E-05  6.175E-05  4.734E-05  3.586E-05  2.685E-05  1.959E-05  1.399E-05  9.967E-06  6.719E-06  4.492E-06  2.696E-06  1.422E-06  5.985E-07  1.648E-07  1.827E-08  7.052E-10  6.422E-12  7.149E-15  7.506E-19  1.372E-25  0.000E+00  0.000E+00  0.000E+00  0.000E+00  0.000E+00  0.000E+00  0.000E+00  0.000E+00  0.000E+00  0.000E+00  0.000E+00  0.000E+00  0.000E+00  0.000E+00
  343.5000  6.707E-03  6.032E-03  5.446E-03  4.944E-03  4.510E-03  4.020E-03  3.564E-03  3.236E-03  2.789E-03  2.442E-03  2.156E-03  1.847E-03  1.582E-03  1.351E-03  1.147E-03  9.687E-04  8.138E-04  6.817E-04  5.705E-04  4.642E-04  3.822E-04  3.126E-04  2.531E-04  2.035E-04  1.654E-04  1.307E-04  1.030E-04  8.057E-05  6.245E-05  4.786E-05  3.624E-05  2.714E-05  1.979E-05  1.413E-05  1.006E-05  6.772E-06  4.517E-06  2.703E-06  1.419E-06  5.942E-07  1.634E-07  1.833E-08  7.304E-10  7.011E-12  8.465E-15  9.912E-19  2.104E-25  0.000E+00  0.000E+00  0.000E+00  0.000E+00  0.000E+00  0.000E+00  0.000E+00  0.000E+00  0.000E+00  0.000E+00  0.000E+00  0.000E+00  0.000E+00  0.000E+00
  344.5000  4.593E-03  4.128E-03  3.726E-03  3.380E-03  3.082E-03  2.745E-03  2.432E-03  2.207E-03  1.901E-03  1.664E-03  1.469E-03  1.258E-03  1.077E-03  9.196E-04  7.811E-04  6.594E-04  5.540E-04  4.640E-04  3.883E-04  3.161E-04  2.603E-04  2.129E-04  1.724E-04  1.386E-04  1.127E-04  8.907E-05  7.016E-05  5.489E-05  4.254E-05  3.259E-05  2.468E-05  1.847E-05  1.347E-05  9.609E-06  6.834E-06  4.595E-06  3.058E-06  1.823E-06  9.510E-07  3.956E-07  1.084E-07  1.227E-08  5.050E-10  5.107E-12  6.689E-15  8.732E-19  2.153E-25  0.000E+00  0.000E+00  0.000E+00  0.000E+00  0.000E+00  0.000E+00  0.000E+00  0.000E+00  0.000E+00  0.000E+00  0.000E+00  0.000E+00  0.000E+00  0.000E+00
  345.5000  6.688E-03  6.058E-03  5.438E-03  4.939E-03  4.510E-03  4.022E-03  3.567E-03  3.241E-03  2.794E-03  2.448E-03  2.162E-03  1.852E-03  1.586E-03  1.355E-03  1.150E-03  9.706E-04  8.149E-04  6.822E-04  5.706E-04  4.638E-04  3.816E-04  3.119E-04  2.523E-04  2.027E-04  1.647E-04  1.301E-04  1.025E-04  8.019E-05  6.219E-05  4.770E-05  3.615E-05  2.710E-05  1.980E-05  1.415E-05  1.010E-05  6.832E-06  4.589E-06  2.779E-06  1.489E-06  6.430E-07  1.840E-07  2.168E-08  9.159E-10  9.601E-12  1.326E-14  1.874E-18  5.259E-25  0.000E+00  0.000E+00  0.000E+00  0.000E+00  0.000E+00  0.000E+00  0.000E+00  0.000E+00  0.000E+00  0.000E+00  0.000E+00  0.000E+00  0.000E+00  0.000E+00
  346.5000  6.030E-03  5.408E-03  4.894E-03  4.441E-03  4.051E-03  3.609E-03  3.199E-03  2.904E-03  2.502E-03  2.190E-03  1.933E-03  1.656E-03  1.417E-03  1.210E-03  1.027E-03  8.668E-04  7.278E-04  6.094E-04  5.097E-04  4.145E-04  3.411E-04  2.789E-04  2.257E-04  1.814E-04  1.474E-04  1.165E-04  9.173E-05  7.178E-05  5.565E-05  4.266E-05  3.232E-05  2.421E-05  1.767E-05  1.262E-05  8.996E-06  6.068E-06  4.058E-06  2.441E-06  1.294E-06  5.513E-07  1.562E-07  1.849E-08  8.068E-10  8.920E-12  1.338E-14  2.111E-18  6.879E-25  0.000E+00  0.000E+00  0.000E+00  0.000E+00  0.000E+00  0.000E+00  0.000E+00  0.000E+00  0.000E+00  0.000E+00  0.000E+00  0.000E+00  0.000E+00  0.000E+00
  347.5000  5.918E-03  5.317E-03  4.804E-03  4.359E-03  3.976E-03  3.543E-03  3.140E-03  2.850E-03  2.455E-03  2.149E-03  1.897E-03  1.624E-03  1.390E-03  1.187E-03  1.007E-03  8.499E-04  7.135E-04  5.972E-04  4.994E-04  4.060E-04  3.341E-04  2.731E-04  2.209E-04  1.775E-04  1.442E-04  1.140E-04  8.975E-05  7.023E-05  5.445E-05  4.175E-05  3.164E-05  2.371E-05  1.731E-05  1.237E-05  8.819E-06  5.954E-06  3.988E-06  2.405E-06  1.281E-06  5.505E-07  1.579E-07  1.906E-08  8.561E-10  9.900E-12  1.591E-14  2.758E-18  1.031E-24  0.000E+00  0.000E+00  0.000E+00  0.000E+00  0.000E+00  0.000E+00  0.000E+00  0.000E+00  0.000E+00  0.000E+00  0.000E+00  0.000E+00  0.000E+00  0.000E+00
  348.5000  6.593E-03  5.911E-03  5.354E-03  4.860E-03  4.434E-03  3.951E-03  3.502E-03  3.180E-03  2.739E-03  2.398E-03  2.117E-03  1.813E-03  1.551E-03  1.324E-03  1.124E-03  9.478E-04  7.955E-04  6.657E-04  5.565E-04  4.523E-04  3.720E-04  3.040E-04  2.458E-04  1.974E-04  1.604E-04  1.267E-04  9.978E-05  7.809E-05  6.056E-05  4.644E-05  3.521E-05  2.639E-05  1.928E-05  1.379E-05  9.840E-06  6.654E-06  4.469E-06  2.708E-06  1.455E-06  6.328E-07  1.846E-07  2.279E-08  1.053E-09  1.270E-11  2.178E-14  4.132E-18  1.765E-24  0.000E+00  0.000E+00  0.000E+00  0.000E+00  0.000E+00  0.000E+00  0.000E+00  0.000E+00  0.000E+00  0.000E+00  0.000E+00  0.000E+00  0.000E+00  0.000E+00
  349.5000  5.516E-03  4.960E-03  4.478E-03  4.064E-03  3.707E-03  3.303E-03  2.927E-03  2.658E-03  2.289E-03  2.004E-03  1.769E-03  1.514E-03  1.296E-03  1.105E-03  9.381E-04  7.913E-04  6.639E-04  5.555E-04  4.643E-04  3.773E-04  3.102E-04  2.535E-04  2.050E-04  1.646E-04  1.337E-04  1.056E-04  8.316E-05  6.508E-05  5.047E-05  3.871E-05  2.935E-05  2.200E-05  1.608E-05  1.150E-05  8.208E-06  5.553E-06  3.732E-06  2.264E-06  1.219E-06  5.329E-07  1.569E-07  1.969E-08  9.358E-10  1.181E-11  2.169E-14  4.518E-18  2.206E-24  0.000E+00  0.000E+00  0.000E+00  0.000E+00  0.000E+00  0.000E+00  0.000E+00  0.000E+00  0.000E+00  0.000E+00  0.000E+00  0.000E+00  0.000E+00  0.000E+00
  350.5000  7.749E-03  6.955E-03  6.291E-03  5.709E-03  5.208E-03  4.640E-03  4.112E-03  3.733E-03  3.215E-03  2.814E-03  2.484E-03  2.126E-03  1.819E-03  1.552E-03  1.317E-03  1.110E-03  9.314E-04  7.792E-04  6.511E-04  5.289E-04  4.348E-04  3.552E-04  2.871E-04  2.305E-04  1.873E-04  1.479E-04  1.164E-04  9.113E-05  7.068E-05  5.422E-05  4.111E-05  3.083E-05  2.254E-05  1.612E-05  1.151E-05  7.794E-06  5.245E-06  3.190E-06  1.725E-06  7.594E-07  2.261E-07  2.890E-08  1.412E-09  1.861E-11  3.650E-14  8.325E-18  4.636E-24  0.000E+00  0.000E+00  0.000E+00  0.000E+00  0.000E+00  0.000E+00  0.000E+00  0.000E+00  0.000E+00  0.000E+00  0.000E+00  0.000E+00  0.000E+00  0.000E+00
  351.5000  6.646E-03  5.979E-03  5.393E-03  4.893E-03  4.463E-03  3.975E-03  3.522E-03  3.197E-03  2.753E-03  2.409E-03  2.126E-03  1.819E-03  1.556E-03  1.327E-03  1.126E-03  9.493E-04  7.963E-04  6.660E-04  5.565E-04  4.519E-04  3.715E-04  3.035E-04  2.453E-04  1.969E-04  1.599E-04  1.263E-04  9.944E-05  7.781E-05  6.035E-05  4.630E-05  3.511E-05  2.633E-05  1.925E-05  1.377E-05  9.833E-06  6.658E-06  4.481E-06  2.727E-06  1.477E-06  6.519E-07  1.954E-07  2.536E-08  1.274E-09  1.755E-11  3.683E-14  9.209E-18  5.844E-24  0.000E+00  0.000E+00  0.000E+00  0.000E+00  0.000E+00  0.000E+00  0.000E+00  0.000E+00  0.000E+00  0.000E+00  0.000E+00  0.000E+00  0.000E+00  0.000E+00
  352.5000  6.021E-03  5.437E-03  4.886E-03  4.434E-03  4.044E-03  3.602E-03  3.191E-03  2.897E-03  2.494E-03  2.182E-03  1.926E-03  1.648E-03  1.409E-03  1.202E-03  1.020E-03  8.594E-04  7.207E-04  6.027E-04  5.034E-04  4.087E-04  3.359E-04  2.743E-04  2.217E-04  1.779E-04  1.445E-04  1.141E-04  8.982E-05  7.028E-05  5.452E-05  4.183E-05  3.172E-05  2.380E-05  1.740E-05  1.245E-05  8.898E-06  6.030E-06  4.064E-06  2.480E-06  1.349E-06  6.001E-07  1.820E-07  2.405E-08  1.242E-09  1.783E-11  3.987E-14  1.088E-17  7.843E-24  0.000E+00  0.000E+00  0.000E+00  0.000E+00  0.000E+00  0.000E+00  0.000E+00  0.000E+00  0.000E+00  0.000E+00  0.000E+00  0.000E+00  0.000E+00  0.000E+00
  353.5000  7.300E-03  6.585E-03  5.925E-03  5.377E-03  4.904E-03  4.368E-03  3.870E-03  3.513E-03  3.025E-03  2.647E-03  2.336E-03  1.998E-03  1.709E-03  1.457E-03  1.236E-03  1.042E-03  8.734E-04  7.301E-04  6.098E-04  4.949E-04  4.066E-04  3.320E-04  2.682E-04  2.152E-04  1.747E-04  1.379E-04  1.086E-04  8.498E-05  6.592E-05  5.059E-05  3.838E-05  2.880E-05  2.107E-05  1.508E-05  1.078E-05  7.314E-06  4.938E-06  3.022E-06  1.653E-06  7.417E-07  2.278E-07  3.067E-08  1.626E-09  2.432E-11  5.787E-14  1.720E-17  1.405E-23  0.000E+00  0.000E+00  0.000E+00  0.000E+00  0.000E+00  0.000E+00  0.000E+00  0.000E+00  0.000E+00  0.000E+00  0.000E+00  0.000E+00  0.000E+00  0.000E+00
  354.5000  7.948E-03  7.196E-03  6.451E-03  5.855E-03  5.340E-03  4.757E-03  4.215E-03  3.826E-03  3.294E-03  2.882E-03  2.543E-03  2.176E-03  1.861E-03  1.586E-03  1.345E-03  1.134E-03  9.503E-04  7.942E-04  6.632E-04  5.381E-04  4.419E-04  3.608E-04  2.913E-04  2.337E-04  1.897E-04  1.498E-04  1.179E-04  9.226E-05  7.158E-05  5.494E-05  4.169E-05  3.129E-05  2.290E-05  1.640E-05  1.173E-05  7.964E-06  5.385E-06  3.305E-06  1.816E-06  8.215E-07  2.553E-07  3.501E-08  1.905E-09  2.966E-11  7.506E-14  2.428E-17  2.244E-23  0.000E+00  0.000E+00  0.000E+00  0.000E+00  0.000E+00  0.000E+00  0.000E+00  0.000E+00  0.000E+00  0.000E+00  0.000E+00  0.000E+00  0.000E+00  0.000E+00
  355.5000  7.433E-03  6.641E-03  6.033E-03  5.474E-03  4.993E-03  4.447E-03  3.940E-03  3.577E-03  3.079E-03  2.694E-03  2.377E-03  2.033E-03  1.739E-03  1.482E-03  1.256E-03  1.058E-03  8.871E-04  7.413E-04  6.188E-04  5.020E-04  4.122E-04  3.364E-04  2.716E-04  2.179E-04  1.768E-04  1.396E-04  1.099E-04  8.598E-05  6.670E-05  5.120E-05  3.886E-05  2.917E-05  2.135E-05  1.529E-05  1.094E-05  7.434E-06  5.030E-06  3.092E-06  1.705E-06  7.752E-07  2.431E-07  3.388E-08  1.893E-09  3.069E-11  8.264E-14  2.910E-17  3.041E-23  0.000E+00  0.000E+00  0.000E+00  0.000E+00  0.000E+00  0.000E+00  0.000E+00  0.000E+00  0.000E+00  0.000E+00  0.000E+00  0.000E+00  0.000E+00  0.000E+00
  356.5000  6.897E-03  6.240E-03  5.596E-03  5.078E-03  4.631E-03  4.124E-03  3.653E-03  3.316E-03  2.854E-03  2.497E-03  2.203E-03  1.884E-03  1.611E-03  1.373E-03  1.164E-03  9.801E-04  8.213E-04  6.862E-04  5.727E-04  4.645E-04  3.813E-04  3.112E-04  2.512E-04  2.014E-04  1.635E-04  1.290E-04  1.016E-04  7.947E-05  6.166E-05  4.733E-05  3.592E-05  2.697E-05  1.975E-05  1.414E-05  1.012E-05  6.881E-06  4.659E-06  2.868E-06  1.586E-06  7.244E-07  2.292E-07  3.243E-08  1.859E-09  3.139E-11  8.987E-14  3.443E-17  4.060E-23  0.000E+00  0.000E+00  0.000E+00  0.000E+00  0.000E+00  0.000E+00  0.000E+00  0.000E+00  0.000E+00  0.000E+00  0.000E+00  0.000E+00  0.000E+00  0.000E+00
  357.5000  5.858E-03  5.323E-03  4.753E-03  4.312E-03  3.932E-03  3.501E-03  3.101E-03  2.814E-03  2.422E-03  2.118E-03  1.869E-03  1.598E-03  1.366E-03  1.164E-03  9.865E-04  8.308E-04  6.960E-04  5.814E-04  4.852E-04  3.934E-04  3.229E-04  2.635E-04  2.126E-04  1.705E-04  1.384E-04  1.092E-04  8.593E-05  6.725E-05  5.217E-05  4.005E-05  3.040E-05  2.283E-05  1.672E-05  1.198E-05  8.574E-06  5.830E-06  3.949E-06  2.434E-06  1.349E-06  6.189E-07  1.974E-07  2.836E-08  1.668E-09  2.930E-11  8.915E-14  3.711E-17  4.931E-23  0.000E+00  0.000E+00  0.000E+00  0.000E+00  0.000E+00  0.000E+00  0.000E+00  0.000E+00  0.000E+00  0.000E+00  0.000E+00  0.000E+00  0.000E+00  0.000E+00
  358.5000  4.535E-03  4.072E-03  3.679E-03  3.338E-03  3.044E-03  2.710E-03  2.400E-03  2.178E-03  1.874E-03  1.639E-03  1.446E-03  1.236E-03  1.057E-03  9.006E-04  7.630E-04  6.425E-04  5.381E-04  4.494E-04  3.749E-04  3.040E-04  2.494E-04  2.035E-04  1.642E-04  1.316E-04  1.068E-04  8.425E-05  6.631E-05  5.189E-05  4.026E-05  3.091E-05  2.347E-05  1.762E-05  1.291E-05  9.251E-06  6.625E-06  4.508E-06  3.057E-06  1.888E-06  1.050E-06  4.848E-07  1.561E-07  2.281E-08  1.375E-09  2.510E-11  8.100E-14  3.655E-17  5.460E-23  0.000E+00  0.000E+00  0.000E+00  0.000E+00  0.000E+00  0.000E+00  0.000E+00  0.000E+00  0.000E+00  0.000E+00  0.000E+00  0.000E+00  0.000E+00  0.000E+00
  359.5000  7.634E-03  6.926E-03  6.192E-03  5.617E-03  5.121E-03  4.560E-03  4.038E-03  3.664E-03  3.152E-03  2.757E-03  2.431E-03  2.079E-03  1.776E-03  1.514E-03  1.282E-03  1.079E-03  9.040E-04  7.548E-04  6.296E-04  5.103E-04  4.186E-04  3.415E-04  2.754E-04  2.208E-04  1.791E-04  1.413E-04  1.112E-04  8.701E-05  6.752E-05  5.184E-05  3.936E-05  2.956E-05  2.166E-05  1.552E-05  1.112E-05  7.570E-06  5.138E-06  3.177E-06  1.772E-06  8.220E-07  2.670E-07  3.958E-08  2.446E-09  4.641E-11  1.588E-13  7.765E-17  1.303E-22  0.000E+00  0.000E+00  0.000E+00  0.000E+00  0.000E+00  0.000E+00  0.000E+00  0.000E+00  0.000E+00  0.000E+00  0.000E+00  0.000E+00  0.000E+00  0.000E+00
  360.5000  7.080E-03  6.400E-03  5.742E-03  5.208E-03  4.748E-03  4.227E-03  3.743E-03  3.396E-03  2.921E-03  2.555E-03  2.253E-03  1.926E-03  1.645E-03  1.402E-03  1.187E-03  9.993E-04  8.367E-04  6.985E-04  5.825E-04  4.720E-04  3.872E-04  3.158E-04  2.546E-04  2.041E-04  1.655E-04  1.306E-04  1.027E-04  8.040E-05  6.239E-05  4.791E-05  3.638E-05  2.733E-05  2.003E-05  1.436E-05  1.029E-05  7.005E-06  4.758E-06  2.947E-06  1.648E-06  7.681E-07  2.516E-07  3.787E-08  2.398E-09  4.725E-11  1.713E-13  9.066E-17  1.705E-22  0.000E+00  0.000E+00  0.000E+00  0.000E+00  0.000E+00  0.000E+00  0.000E+00  0.000E+00  0.000E+00  0.000E+00  0.000E+00  0.000E+00  0.000E+00  0.000E+00
  361.5000  6.397E-03  5.741E-03  5.188E-03  4.706E-03  4.290E-03  3.819E-03  3.381E-03  3.068E-03  2.639E-03  2.307E-03  2.034E-03  1.739E-03  1.486E-03  1.264E-03  1.071E-03  9.017E-04  7.549E-04  6.300E-04  5.253E-04  4.256E-04  3.490E-04  2.846E-04  2.294E-04  1.838E-04  1.491E-04  1.176E-04  9.252E-05  7.240E-05  5.618E-05  4.314E-05  3.277E-05  2.462E-05  1.805E-05  1.294E-05  9.275E-06  6.319E-06  4.296E-06  2.666E-06  1.495E-06  7.009E-07  2.317E-07  3.541E-08  2.296E-09  4.697E-11  1.802E-13  1.030E-16  2.168E-22  0.000E+00  0.000E+00  0.000E+00  0.000E+00  0.000E+00  0.000E+00  0.000E+00  0.000E+00  0.000E+00  0.000E+00  0.000E+00  0.000E+00  0.000E+00  0.000E+00
  362.5000  7.522E-03  6.721E-03  6.100E-03  5.532E-03  5.043E-03  4.489E-03  3.974E-03  3.606E-03  3.101E-03  2.711E-03  2.390E-03  2.043E-03  1.745E-03  1.486E-03  1.258E-03  1.059E-03  8.861E-04  7.394E-04  6.164E-04  4.993E-04  4.093E-04  3.337E-04  2.690E-04  2.155E-04  1.747E-04  1.378E-04  1.084E-04  8.483E-05  6.583E-05  5.056E-05  3.840E-05  2.886E-05  2.116E-05  1.517E-05  1.088E-05  7.417E-06  5.046E-06  3.136E-06  1.764E-06  8.310E-07  2.770E-07  4.298E-08  2.854E-09  6.055E-11  2.457E-13  1.517E-16  3.567E-22  0.000E+00  0.000E+00  0.000E+00  0.000E+00  0.000E+00  0.000E+00  0.000E+00  0.000E+00  0.000E+00  0.000E+00  0.000E+00  0.000E+00  0.000E+00  0.000E+00
  363.5000  6.695E-03  5.990E-03  5.429E-03  4.923E-03  4.488E-03  3.995E-03  3.536E-03  3.208E-03  2.758E-03  2.411E-03  2.126E-03  1.816E-03  1.551E-03  1.320E-03  1.118E-03  9.408E-04  7.872E-04  6.568E-04  5.474E-04  4.433E-04  3.633E-04  2.961E-04  2.387E-04  1.912E-04  1.550E-04  1.222E-04  9.614E-05  7.523E-05  5.838E-05  4.484E-05  3.406E-05  2.560E-05  1.878E-05  1.347E-05  9.658E-06  6.587E-06  4.484E-06  2.791E-06  1.574E-06  7.450E-07  2.504E-07  3.941E-08  2.679E-09  5.894E-11  2.528E-13  1.683E-16  4.417E-22  0.000E+00  0.000E+00  0.000E+00  0.000E+00  0.000E+00  0.000E+00  0.000E+00  0.000E+00  0.000E+00  0.000E+00  0.000E+00  0.000E+00  0.000E+00  0.000E+00
  364.5000  7.301E-03  6.556E-03  5.920E-03  5.368E-03  4.892E-03  4.354E-03  3.854E-03  3.496E-03  3.005E-03  2.627E-03  2.315E-03  1.978E-03  1.689E-03  1.438E-03  1.217E-03  1.024E-03  8.567E-04  7.146E-04  5.955E-04  4.821E-04  3.951E-04  3.219E-04  2.594E-04  2.078E-04  1.684E-04  1.328E-04  1.044E-04  8.172E-05  6.342E-05  4.871E-05  3.701E-05  2.782E-05  2.041E-05  1.464E-05  1.050E-05  7.164E-06  4.880E-06  3.040E-06  1.719E-06  8.169E-07  2.766E-07  4.415E-08  3.072E-09  7.005E-11  3.174E-13  2.277E-16  6.662E-22  0.000E+00  0.000E+00  0.000E+00  0.000E+00  0.000E+00  0.000E+00  0.000E+00  0.000E+00  0.000E+00  0.000E+00  0.000E+00  0.000E+00  0.000E+00  0.000E+00
  365.5000  8.890E-03  8.080E-03  7.206E-03  6.534E-03  5.954E-03  5.299E-03  4.689E-03  4.253E-03  3.656E-03  3.195E-03  2.815E-03  2.405E-03  2.053E-03  1.749E-03  1.479E-03  1.244E-03  1.041E-03  8.679E-04  7.231E-04  5.853E-04  4.795E-04  3.907E-04  3.147E-04  2.520E-04  2.043E-04  1.610E-04  1.267E-04  9.911E-05  7.691E-05  5.908E-05  4.489E-05  3.375E-05  2.476E-05  1.776E-05  1.274E-05  8.698E-06  5.928E-06  3.697E-06  2.095E-06  9.994E-07  3.408E-07  5.514E-08  3.925E-09  9.276E-11  4.437E-13  3.428E-16  1.116E-21  0.000E+00  0.000E+00  0.000E+00  0.000E+00  0.000E+00  0.000E+00  0.000E+00  0.000E+00  0.000E+00  0.000E+00  0.000E+00  0.000E+00  0.000E+00  0.000E+00
  366.5000  9.420E-03  8.494E-03  7.635E-03  6.922E-03  6.308E-03  5.613E-03  4.966E-03  4.504E-03  3.871E-03  3.383E-03  2.981E-03  2.546E-03  2.174E-03  1.850E-03  1.565E-03  1.316E-03  1.101E-03  9.178E-04  7.645E-04  6.187E-04  5.068E-04  4.128E-04  3.325E-04  2.662E-04  2.157E-04  1.700E-04  1.337E-04  1.046E-04  8.120E-05  6.238E-05  4.741E-05  3.564E-05  2.616E-05  1.877E-05  1.347E-05  9.197E-06  6.272E-06  3.918E-06  2.226E-06  1.067E-06  3.668E-07  6.018E-08  4.381E-09  1.072E-10  5.406E-13  4.490E-16  1.624E-21  0.000E+00  0.000E+00  0.000E+00  0.000E+00  0.000E+00  0.000E+00  0.000E+00  0.000E+00  0.000E+00  0.000E+00  0.000E+00  0.000E+00  0.000E+00  0.000E+00
  367.5000  8.956E-03  8.093E-03  7.258E-03  6.580E-03  5.995E-03  5.334E-03  4.720E-03  4.280E-03  3.678E-03  3.214E-03  2.832E-03  2.418E-03  2.064E-03  1.758E-03  1.486E-03  1.249E-03  1.045E-03  8.709E-04  7.253E-04  5.868E-04  4.806E-04  3.914E-04  3.151E-04  2.523E-04  2.044E-04  1.611E-04  1.267E-04  9.912E-05  7.693E-05  5.910E-05  4.492E-05  3.377E-05  2.479E-05  1.779E-05  1.277E-05  8.725E-06  5.955E-06  3.725E-06  2.121E-06  1.022E-06  3.540E-07  5.890E-08  4.384E-09  1.110E-10  5.898E-13  5.261E-16  2.111E-21  0.000E+00  0.000E+00  0.000E+00  0.000E+00  0.000E+00  0.000E+00  0.000E+00  0.000E+00  0.000E+00  0.000E+00  0.000E+00  0.000E+00  0.000E+00  0.000E+00
  368.5000  7.869E-03  7.072E-03  6.376E-03  5.780E-03  5.266E-03  4.685E-03  4.144E-03  3.758E-03  3.229E-03  2.821E-03  2.485E-03  2.122E-03  1.811E-03  1.542E-03  1.304E-03  1.096E-03  9.160E-04  7.635E-04  6.357E-04  5.142E-04  4.210E-04  3.428E-04  2.760E-04  2.209E-04  1.789E-04  1.410E-04  1.109E-04  8.675E-05  6.733E-05  5.173E-05  3.932E-05  2.957E-05  2.171E-05  1.558E-05  1.119E-05  7.646E-06  5.221E-06  3.270E-06  1.867E-06  9.026E-07  3.150E-07  5.312E-08  4.041E-09  1.059E-10  5.924E-13  5.672E-16  2.521E-21  0.000E+00  0.000E+00  0.000E+00  0.000E+00  0.000E+00  0.000E+00  0.000E+00  0.000E+00  0.000E+00  0.000E+00  0.000E+00  0.000E+00  0.000E+00  0.000E+00
  369.5000  9.441E-03  8.492E-03  7.650E-03  6.933E-03  6.316E-03  5.619E-03  4.970E-03  4.506E-03  3.871E-03  3.382E-03  2.979E-03  2.543E-03  2.170E-03  1.847E-03  1.562E-03  1.312E-03  1.097E-03  9.140E-04  7.609E-04  6.153E-04  5.037E-04  4.101E-04  3.301E-04  2.641E-04  2.139E-04  1.686E-04  1.326E-04  1.037E-04  8.048E-05  6.184E-05  4.701E-05  3.535E-05  2.596E-05  1.864E-05  1.338E-05  9.150E-06  6.252E-06  3.920E-06  2.243E-06  1.089E-06  3.829E-07  6.542E-08  5.085E-09  1.378E-10  8.112E-13  8.327E-16  4.095E-21  0.000E+00  0.000E+00  0.000E+00  0.000E+00  0.000E+00  0.000E+00  0.000E+00  0.000E+00  0.000E+00  0.000E+00  0.000E+00  0.000E+00  0.000E+00  0.000E+00
  370.5000  8.567E-03  7.701E-03  6.941E-03  6.290E-03  5.730E-03  5.097E-03  4.507E-03  4.086E-03  3.510E-03  3.066E-03  2.700E-03  2.305E-03  1.967E-03  1.674E-03  1.415E-03  1.189E-03  9.933E-04  8.275E-04  6.888E-04  5.568E-04  4.558E-04  3.710E-04  2.985E-04  2.389E-04  1.934E-04  1.524E-04  1.198E-04  9.373E-05  7.275E-05  5.590E-05  4.250E-05  3.197E-05  2.348E-05  1.686E-05  1.211E-05  8.281E-06  5.661E-06  3.554E-06  2.038E-06  9.932E-07  3.517E-07  6.088E-08  4.835E-09  1.354E-10  8.384E-13  9.217E-16  5.009E-21  0.000E+00  0.000E+00  0.000E+00  0.000E+00  0.000E+00  0.000E+00  0.000E+00  0.000E+00  0.000E+00  0.000E+00  0.000E+00  0.000E+00  0.000E+00  0.000E+00
  371.5000  9.807E-03  8.829E-03  7.944E-03  7.199E-03  6.557E-03  5.832E-03  5.157E-03  4.675E-03  4.015E-03  3.506E-03  3.088E-03  2.636E-03  2.248E-03  1.913E-03  1.617E-03  1.358E-03  1.135E-03  9.452E-04  7.865E-04  6.357E-04  5.202E-04  4.234E-04  3.406E-04  2.725E-04  2.206E-04  1.738E-04  1.366E-04  1.069E-04  8.295E-05  6.375E-05  4.847E-05  3.646E-05  2.679E-05  1.923E-05  1.382E-05  9.454E-06  6.467E-06  4.064E-06  2.336E-06  1.143E-06  4.077E-07  7.149E-08  5.797E-09  1.677E-10  1.091E-12  1.284E-15  7.700E-21  0.000E+00  0.000E+00  0.000E+00  0.000E+00  0.000E+00  0.000E+00  0.000E+00  0.000E+00  0.000E+00  0.000E+00  0.000E+00  0.000E+00  0.000E+00  0.000E+00
  372.5000  7.248E-03  6.524E-03  5.870E-03  5.319E-03  4.844E-03  4.308E-03  3.809E-03  3.453E-03  2.965E-03  2.589E-03  2.280E-03  1.946E-03  1.660E-03  1.411E-03  1.193E-03  1.002E-03  8.369E-04  6.969E-04  5.798E-04  4.686E-04  3.834E-04  3.119E-04  2.509E-04  2.007E-04  1.625E-04  1.280E-04  1.006E-04  7.868E-05  6.107E-05  4.693E-05  3.569E-05  2.685E-05  1.973E-05  1.417E-05  1.018E-05  6.969E-06  4.770E-06  3.001E-06  1.728E-06  8.492E-07  3.050E-07  5.417E-08  4.485E-09  1.340E-10  9.157E-13  1.152E-15  7.611E-21  0.000E+00  0.000E+00  0.000E+00  0.000E+00  0.000E+00  0.000E+00  0.000E+00  0.000E+00  0.000E+00  0.000E+00  0.000E+00  0.000E+00  0.000E+00  0.000E+00
  373.5000  6.551E-03  5.861E-03  5.305E-03  4.806E-03  4.377E-03  3.892E-03  3.441E-03  3.118E-03  2.678E-03  2.338E-03  2.058E-03  1.756E-03  1.498E-03  1.274E-03  1.076E-03  9.037E-04  7.548E-04  6.284E-04  5.228E-04  4.224E-04  3.455E-04  2.811E-04  2.260E-04  1.807E-04  1.463E-04  1.152E-04  9.057E-05  7.084E-05  5.498E-05  4.225E-05  3.213E-05  2.418E-05  1.777E-05  1.276E-05  9.174E-06  6.281E-06  4.301E-06  2.709E-06  1.563E-06  7.709E-07  2.787E-07  5.013E-08  4.236E-09  1.306E-10  9.371E-13  1.259E-15  9.158E-21  0.000E+00  0.000E+00  0.000E+00  0.000E+00  0.000E+00  0.000E+00  0.000E+00  0.000E+00  0.000E+00  0.000E+00  0.000E+00  0.000E+00  0.000E+00  0.000E+00
  374.5000  7.190E-03  6.441E-03  5.821E-03  5.274E-03  4.802E-03  4.270E-03  3.774E-03  3.420E-03  2.936E-03  2.563E-03  2.256E-03  1.925E-03  1.641E-03  1.396E-03  1.179E-03  9.900E-04  8.266E-04  6.882E-04  5.723E-04  4.623E-04  3.781E-04  3.075E-04  2.472E-04  1.977E-04  1.600E-04  1.260E-04  9.902E-05  7.744E-05  6.010E-05  4.620E-05  3.513E-05  2.644E-05  1.943E-05  1.396E-05  1.004E-05  6.874E-06  4.710E-06  2.969E-06  1.717E-06  8.498E-07  3.093E-07  5.631E-08  4.856E-09  1.545E-10  1.163E-12  1.667E-15  1.333E-20  0.000E+00  0.000E+00  0.000E+00  0.000E+00  0.000E+00  0.000E+00  0.000E+00  0.000E+00  0.000E+00  0.000E+00  0.000E+00  0.000E+00  0.000E+00  0.000E+00
  375.5000  8.116E-03  7.287E-03  6.571E-03  5.952E-03  5.419E-03  4.818E-03  4.259E-03  3.858E-03  3.312E-03  2.891E-03  2.545E-03  2.171E-03  1.851E-03  1.573E-03  1.329E-03  1.115E-03  9.313E-04  7.751E-04  6.445E-04  5.205E-04  4.255E-04  3.461E-04  2.782E-04  2.224E-04  1.800E-04  1.417E-04  1.113E-04  8.708E-05  6.759E-05  5.195E-05  3.951E-05  2.974E-05  2.186E-05  1.571E-05  1.130E-05  7.739E-06  5.305E-06  3.348E-06  1.940E-06  9.640E-07  3.532E-07  6.511E-08  5.728E-09  1.880E-10  1.482E-12  2.266E-15  1.989E-20  0.000E+00  0.000E+00  0.000E+00  0.000E+00  0.000E+00  0.000E+00  0.000E+00  0.000E+00  0.000E+00  0.000E+00  0.000E+00  0.000E+00  0.000E+00  0.000E+00
  376.5000  8.108E-03  7.264E-03  6.563E-03  5.945E-03  5.412E-03  4.811E-03  4.252E-03  3.852E-03  3.307E-03  2.886E-03  2.540E-03  2.166E-03  1.847E-03  1.568E-03  1.325E-03  1.112E-03  9.285E-04  7.726E-04  6.423E-04  5.186E-04  4.239E-04  3.447E-04  2.770E-04  2.214E-04  1.791E-04  1.410E-04  1.108E-04  8.666E-05  6.726E-05  5.170E-05  3.932E-05  2.960E-05  2.177E-05  1.564E-05  1.125E-05  7.710E-06  5.288E-06  3.341E-06  1.940E-06  9.674E-07  3.568E-07  6.658E-08  5.974E-09  2.021E-10  1.669E-12  2.718E-15  2.617E-20  0.000E+00  0.000E+00  0.000E+00  0.000E+00  0.000E+00  0.000E+00  0.000E+00  0.000E+00  0.000E+00  0.000E+00  0.000E+00  0.000E+00  0.000E+00  0.000E+00
  377.5000  9.659E-03  8.671E-03  7.818E-03  7.081E-03  6.445E-03  5.729E-03  5.063E-03  4.586E-03  3.936E-03  3.435E-03  3.022E-03  2.577E-03  2.197E-03  1.864E-03  1.576E-03  1.322E-03  1.104E-03  9.183E-04  7.632E-04  6.161E-04  5.035E-04  4.093E-04  3.289E-04  2.628E-04  2.126E-04  1.673E-04  1.315E-04  1.028E-04  7.980E-05  6.134E-05  4.666E-05  3.513E-05  2.584E-05  1.857E-05  1.336E-05  9.158E-06  6.284E-06  3.975E-06  2.313E-06  1.157E-06  4.297E-07  8.113E-08  7.422E-09  2.588E-10  2.237E-12  3.878E-15  4.089E-20  0.000E+00  0.000E+00  0.000E+00  0.000E+00  0.000E+00  0.000E+00  0.000E+00  0.000E+00  0.000E+00  0.000E+00  0.000E+00  0.000E+00  0.000E+00  0.000E+00
  378.5000  1.053E-02  9.470E-03  8.521E-03  7.717E-03  7.024E-03  6.243E-03  5.516E-03  4.996E-03  4.287E-03  3.740E-03  3.291E-03  2.806E-03  2.391E-03  2.030E-03  1.715E-03  1.439E-03  1.201E-03  9.987E-04  8.299E-04  6.698E-04  5.473E-04  4.448E-04  3.573E-04  2.855E-04  2.309E-04  1.817E-04  1.428E-04  1.116E-04  8.665E-05  6.661E-05  5.067E-05  3.815E-05  2.807E-05  2.017E-05  1.452E-05  9.954E-06  6.834E-06  4.327E-06  2.522E-06  1.267E-06  4.732E-07  9.041E-08  8.431E-09  3.028E-10  2.739E-12  5.049E-15  5.825E-20  0.000E+00  0.000E+00  0.000E+00  0.000E+00  0.000E+00  0.000E+00  0.000E+00  0.000E+00  0.000E+00  0.000E+00  0.000E+00  0.000E+00  0.000E+00  0.000E+00
  379.5000  7.791E-03  7.009E-03  6.304E-03  5.709E-03  5.195E-03  4.617E-03  4.079E-03  3.694E-03  3.169E-03  2.765E-03  2.432E-03  2.074E-03  1.767E-03  1.500E-03  1.267E-03  1.063E-03  8.865E-04  7.373E-04  6.125E-04  4.942E-04  4.037E-04  3.281E-04  2.635E-04  2.105E-04  1.702E-04  1.339E-04  1.052E-04  8.228E-05  6.386E-05  4.909E-05  3.735E-05  2.813E-05  2.069E-05  1.487E-05  1.071E-05  7.344E-06  5.044E-06  3.197E-06  1.867E-06  9.407E-07  3.536E-07  6.835E-08  6.496E-09  2.403E-10  2.272E-12  4.451E-15  5.612E-20  0.000E+00  0.000E+00  0.000E+00  0.000E+00  0.000E+00  0.000E+00  0.000E+00  0.000E+00  0.000E+00  0.000E+00  0.000E+00  0.000E+00  0.000E+00  0.000E+00
  380.5000  9.372E-03  8.399E-03  7.583E-03  6.866E-03  6.248E-03  5.552E-03  4.905E-03  4.441E-03  3.810E-03  3.323E-03  2.923E-03  2.492E-03  2.123E-03  1.801E-03  1.521E-03  1.276E-03  1.064E-03  8.849E-04  7.351E-04  5.930E-04  4.843E-04  3.935E-04  3.159E-04  2.523E-04  2.040E-04  1.605E-04  1.261E-04  9.859E-05  7.652E-05  5.883E-05  4.476E-05  3.371E-05  2.481E-05  1.783E-05  1.284E-05  8.809E-06  6.053E-06  3.840E-06  2.247E-06  1.136E-06  4.297E-07  8.401E-08  8.135E-09  3.097E-10  3.061E-12  6.365E-15  8.760E-20  0.000E+00  0.000E+00  0.000E+00  0.000E+00  0.000E+00  0.000E+00  0.000E+00  0.000E+00  0.000E+00  0.000E+00  0.000E+00  0.000E+00  0.000E+00  0.000E+00
  381.5000  8.810E-03  7.917E-03  7.127E-03  6.453E-03  5.871E-03  5.217E-03  4.608E-03  4.172E-03  3.579E-03  3.121E-03  2.745E-03  2.339E-03  1.993E-03  1.690E-03  1.428E-03  1.197E-03  9.983E-04  8.299E-04  6.892E-04  5.559E-04  4.539E-04  3.687E-04  2.960E-04  2.364E-04  1.911E-04  1.503E-04  1.181E-04  9.231E-05  7.164E-05  5.508E-05  4.191E-05  3.157E-05  2.323E-05  1.671E-05  1.203E-05  8.256E-06  5.676E-06  3.604E-06  2.113E-06  1.072E-06  4.079E-07  8.066E-08  7.956E-09  3.117E-10  3.217E-12  7.096E-15  1.065E-19  0.000E+00  0.000E+00  0.000E+00  0.000E+00  0.000E+00  0.000E+00  0.000E+00  0.000E+00  0.000E+00  0.000E+00  0.000E+00  0.000E+00  0.000E+00  0.000E+00
  382.5000  5.872E-03  5.261E-03  4.750E-03  4.300E-03  3.912E-03  3.476E-03  3.070E-03  2.779E-03  2.383E-03  2.078E-03  1.828E-03  1.557E-03  1.326E-03  1.125E-03  9.499E-04  7.964E-04  6.640E-04  5.519E-04  4.582E-04  3.695E-04  3.016E-04  2.450E-04  1.966E-04  1.570E-04  1.269E-04  9.980E-05  7.838E-05  6.128E-05  4.756E-05  3.656E-05  2.783E-05  2.096E-05  1.543E-05  1.110E-05  7.990E-06  5.486E-06  3.774E-06  2.398E-06  1.408E-06  7.169E-07  2.745E-07  5.488E-08  5.514E-09  2.222E-10  2.393E-12  5.596E-15  9.147E-20  0.000E+00  0.000E+00  0.000E+00  0.000E+00  0.000E+00  0.000E+00  0.000E+00  0.000E+00  0.000E+00  0.000E+00  0.000E+00  0.000E+00  0.000E+00  0.000E+00
  383.5000  5.157E-03  4.633E-03  4.171E-03  3.776E-03  3.435E-03  3.052E-03  2.695E-03  2.439E-03  2.092E-03  1.824E-03  1.603E-03  1.366E-03  1.163E-03  9.866E-04  8.329E-04  6.982E-04  5.820E-04  4.836E-04  4.015E-04  3.236E-04  2.642E-04  2.145E-04  1.721E-04  1.374E-04  1.110E-04  8.732E-05  6.857E-05  5.361E-05  4.160E-05  3.199E-05  2.434E-05  1.834E-05  1.350E-05  9.711E-06  6.994E-06  4.804E-06  3.306E-06  2.103E-06  1.237E-06  6.318E-07  2.433E-07  4.919E-08  5.031E-09  2.085E-10  2.342E-12  5.802E-15  1.032E-19  0.000E+00  0.000E+00  0.000E+00  0.000E+00  0.000E+00  0.000E+00  0.000E+00  0.000E+00  0.000E+00  0.000E+00  0.000E+00  0.000E+00  0.000E+00  0.000E+00
  384.5000  7.742E-03  6.931E-03  6.261E-03  5.667E-03  5.155E-03  4.579E-03  4.043E-03  3.659E-03  3.137E-03  2.735E-03  2.404E-03  2.048E-03  1.744E-03  1.479E-03  1.248E-03  1.046E-03  8.718E-04  7.243E-04  6.011E-04  4.845E-04  3.954E-04  3.210E-04  2.575E-04  2.055E-04  1.661E-04  1.306E-04  1.025E-04  8.015E-05  6.220E-05  4.783E-05  3.640E-05  2.743E-05  2.020E-05  1.453E-05  1.046E-05  7.190E-06  4.950E-06  3.152E-06  1.857E-06  9.515E-07  3.686E-07  7.534E-08  7.844E-09  3.340E-10  3.913E-12  1.026E-14  1.983E-19  0.000E+00  0.000E+00  0.000E+00  0.000E+00  0.000E+00  0.000E+00  0.000E+00  0.000E+00  0.000E+00  0.000E+00  0.000E+00  0.000E+00  0.000E+00  0.000E+00
  385.5000  7.662E-03  6.867E-03  6.196E-03  5.608E-03  5.100E-03  4.530E-03  3.999E-03  3.619E-03  3.103E-03  2.704E-03  2.377E-03  2.025E-03  1.724E-03  1.461E-03  1.233E-03  1.033E-03  8.610E-04  7.152E-04  5.935E-04  4.782E-04  3.901E-04  3.167E-04  2.540E-04  2.027E-04  1.637E-04  1.287E-04  1.011E-04  7.900E-05  6.131E-05  4.714E-05  3.589E-05  2.704E-05  1.992E-05  1.433E-05  1.032E-05  7.094E-06  4.886E-06  3.114E-06  1.838E-06  9.447E-07  3.681E-07  7.605E-08  8.058E-09  3.526E-10  4.303E-12  1.193E-14  2.504E-19  0.000E+00  0.000E+00  0.000E+00  0.000E+00  0.000E+00  0.000E+00  0.000E+00  0.000E+00  0.000E+00  0.000E+00  0.000E+00  0.000E+00  0.000E+00  0.000E+00
  386.5000  7.812E-03  7.009E-03  6.317E-03  5.716E-03  5.199E-03  4.617E-03  4.076E-03  3.688E-03  3.161E-03  2.755E-03  2.421E-03  2.062E-03  1.755E-03  1.487E-03  1.255E-03  1.052E-03  8.761E-04  7.276E-04  6.036E-04  4.863E-04  3.966E-04  3.219E-04  2.581E-04  2.059E-04  1.663E-04  1.308E-04  1.026E-04  8.023E-05  6.226E-05  4.788E-05  3.645E-05  2.746E-05  2.023E-05  1.456E-05  1.049E-05  7.211E-06  4.969E-06  3.169E-06  1.874E-06  9.661E-07  3.786E-07  7.905E-08  8.523E-09  3.830E-10  4.869E-12  1.427E-14  3.247E-19  0.000E+00  0.000E+00  0.000E+00  0.000E+00  0.000E+00  0.000E+00  0.000E+00  0.000E+00  0.000E+00  0.000E+00  0.000E+00  0.000E+00  0.000E+00  0.000E+00
  387.5000  7.262E-03  6.516E-03  5.871E-03  5.313E-03  4.831E-03  4.290E-03  3.786E-03  3.426E-03  2.936E-03  2.559E-03  2.248E-03  1.914E-03  1.629E-03  1.381E-03  1.165E-03  9.757E-04  8.127E-04  6.748E-04  5.597E-04  4.508E-04  3.676E-04  2.983E-04  2.391E-04  1.907E-04  1.540E-04  1.211E-04  9.504E-05  7.428E-05  5.764E-05  4.432E-05  3.374E-05  2.543E-05  1.874E-05  1.348E-05  9.717E-06  6.682E-06  4.606E-06  2.941E-06  1.742E-06  9.007E-07  3.549E-07  7.489E-08  8.214E-09  3.790E-10  5.015E-12  1.552E-14  3.827E-19  0.000E+00  0.000E+00  0.000E+00  0.000E+00  0.000E+00  0.000E+00  0.000E+00  0.000E+00  0.000E+00  0.000E+00  0.000E+00  0.000E+00  0.000E+00  0.000E+00
  388.5000  7.281E-03  6.519E-03  5.885E-03  5.325E-03  4.842E-03  4.299E-03  3.794E-03  3.432E-03  2.941E-03  2.563E-03  2.252E-03  1.917E-03  1.631E-03  1.382E-03  1.166E-03  9.763E-04  8.130E-04  6.749E-04  5.597E-04  4.507E-04  3.675E-04  2.981E-04  2.389E-04  1.905E-04  1.539E-04  1.209E-04  9.491E-05  7.417E-05  5.755E-05  4.426E-05  3.370E-05  2.540E-05  1.872E-05  1.347E-05  9.709E-06  6.678E-06  4.605E-06  2.943E-06  1.746E-06  9.054E-07  3.587E-07  7.649E-08  8.532E-09  4.041E-10  5.562E-12  1.817E-14  4.849E-19  0.000E+00  0.000E+00  0.000E+00  0.000E+00  0.000E+00  0.000E+00  0.000E+00  0.000E+00  0.000E+00  0.000E+00  0.000E+00  0.000E+00  0.000E+00  0.000E+00
  389.5000  9.184E-03  8.207E-03  7.423E-03  6.716E-03  6.106E-03  5.421E-03  4.784E-03  4.327E-03  3.707E-03  3.230E-03  2.837E-03  2.415E-03  2.055E-03  1.741E-03  1.468E-03  1.229E-03  1.023E-03  8.494E-04  7.042E-04  5.670E-04  4.621E-04  3.748E-04  3.004E-04  2.395E-04  1.934E-04  1.519E-04  1.192E-04  9.318E-05  7.230E-05  5.560E-05  4.234E-05  3.191E-05  2.352E-05  1.693E-05  1.220E-05  8.398E-06  5.793E-06  3.705E-06  2.201E-06  1.145E-06  4.562E-07  9.827E-08  1.115E-08  5.417E-10  7.753E-12  2.671E-14  7.708E-19  0.000E+00  0.000E+00  0.000E+00  0.000E+00  0.000E+00  0.000E+00  0.000E+00  0.000E+00  0.000E+00  0.000E+00  0.000E+00  0.000E+00  0.000E+00  0.000E+00
  390.5000  9.024E-03  8.048E-03  7.293E-03  6.598E-03  5.998E-03  5.325E-03  4.698E-03  4.249E-03  3.640E-03  3.171E-03  2.785E-03  2.370E-03  2.016E-03  1.708E-03  1.440E-03  1.205E-03  1.003E-03  8.327E-04  6.902E-04  5.556E-04  4.528E-04  3.672E-04  2.941E-04  2.345E-04  1.893E-04  1.487E-04  1.167E-04  9.118E-05  7.075E-05  5.441E-05  4.143E-05  3.124E-05  2.302E-05  1.657E-05  1.195E-05  8.225E-06  5.677E-06  3.633E-06  2.162E-06  1.128E-06  4.518E-07  9.832E-08  1.134E-08  5.652E-10  8.407E-12  3.052E-14  9.515E-19  0.000E+00  0.000E+00  0.000E+00  0.000E+00  0.000E+00  0.000E+00  0.000E+00  0.000E+00  0.000E+00  0.000E+00  0.000E+00  0.000E+00  0.000E+00  0.000E+00
  391.5000  1.071E-02  9.573E-03  8.654E-03  7.829E-03  7.116E-03  6.317E-03  5.573E-03  5.039E-03  4.316E-03  3.759E-03  3.301E-03  2.809E-03  2.389E-03  2.024E-03  1.706E-03  1.428E-03  1.188E-03  9.859E-04  8.171E-04  6.576E-04  5.357E-04  4.344E-04  3.479E-04  2.773E-04  2.238E-04  1.758E-04  1.379E-04  1.078E-04  8.363E-05  6.431E-05  4.897E-05  3.693E-05  2.722E-05  1.960E-05  1.413E-05  9.730E-06  6.718E-06  4.303E-06  2.565E-06  1.342E-06  5.404E-07  1.188E-07  1.392E-08  7.117E-10  1.100E-11  4.204E-14  1.415E-18  0.000E+00  0.000E+00  0.000E+00  0.000E+00  0.000E+00  0.000E+00  0.000E+00  0.000E+00  0.000E+00  0.000E+00  0.000E+00  0.000E+00  0.000E+00  0.000E+00
  392.5000  8.034E-03  7.204E-03  6.491E-03  5.872E-03  5.337E-03  4.737E-03  4.178E-03  3.778E-03  3.235E-03  2.818E-03  2.474E-03  2.105E-03  1.790E-03  1.516E-03  1.278E-03  1.069E-03  8.896E-04  7.379E-04  6.114E-04  4.919E-04  4.007E-04  3.248E-04  2.601E-04  2.073E-04  1.673E-04  1.314E-04  1.031E-04  8.052E-05  6.248E-05  4.805E-05  3.659E-05  2.759E-05  2.034E-05  1.465E-05  1.057E-05  7.276E-06  5.025E-06  3.221E-06  1.923E-06  1.009E-06  4.084E-07  9.067E-08  1.080E-08  5.659E-10  9.078E-12  3.653E-14  1.325E-18  0.000E+00  0.000E+00  0.000E+00  0.000E+00  0.000E+00  0.000E+00  0.000E+00  0.000E+00  0.000E+00  0.000E+00  0.000E+00  0.000E+00  0.000E+00  0.000E+00
  393.5000  3.494E-03  3.140E-03  2.823E-03  2.553E-03  2.320E-03  2.059E-03  1.816E-03  1.642E-03  1.406E-03  1.224E-03  1.075E-03  9.142E-04  7.773E-04  6.583E-04  5.547E-04  4.641E-04  3.861E-04  3.202E-04  2.652E-04  2.133E-04  1.737E-04  1.408E-04  1.127E-04  8.982E-05  7.247E-05  5.691E-05  4.464E-05  3.487E-05  2.706E-05  2.081E-05  1.585E-05  1.195E-05  8.814E-06  6.346E-06  4.579E-06  3.154E-06  2.179E-06  1.398E-06  8.358E-07  4.398E-07  1.789E-07  4.011E-08  4.854E-09  2.607E-10  4.339E-12  1.836E-14  7.179E-19  0.000E+00  0.000E+00  0.000E+00  0.000E+00  0.000E+00  0.000E+00  0.000E+00  0.000E+00  0.000E+00  0.000E+00  0.000E+00  0.000E+00  0.000E+00  0.000E+00
  394.5000  8.223E-03  7.359E-03  6.643E-03  6.008E-03  5.459E-03  4.845E-03  4.272E-03  3.862E-03  3.307E-03  2.879E-03  2.527E-03  2.149E-03  1.827E-03  1.547E-03  1.303E-03  1.090E-03  9.068E-04  7.518E-04  6.227E-04  5.007E-04  4.077E-04  3.304E-04  2.644E-04  2.107E-04  1.699E-04  1.334E-04  1.046E-04  8.174E-05  6.342E-05  4.878E-05  3.715E-05  2.802E-05  2.067E-05  1.488E-05  1.074E-05  7.399E-06  5.114E-06  3.283E-06  1.966E-06  1.037E-06  4.241E-07  9.599E-08  1.180E-08  6.492E-10  1.121E-11  4.986E-14  2.098E-18  0.000E+00  0.000E+00  0.000E+00  0.000E+00  0.000E+00  0.000E+00  0.000E+00  0.000E+00  0.000E+00  0.000E+00  0.000E+00  0.000E+00  0.000E+00  0.000E+00
  395.5000  1.058E-02  9.456E-03  8.549E-03  7.731E-03  7.024E-03  6.233E-03  5.496E-03  4.967E-03  4.252E-03  3.702E-03  3.249E-03  2.762E-03  2.348E-03  1.989E-03  1.674E-03  1.400E-03  1.165E-03  9.653E-04  7.994E-04  6.427E-04  5.232E-04  4.238E-04  3.392E-04  2.701E-04  2.179E-04  1.710E-04  1.341E-04  1.048E-04  8.129E-05  6.252E-05  4.762E-05  3.592E-05  2.650E-05  1.908E-05  1.377E-05  9.491E-06  6.562E-06  4.216E-06  2.528E-06  1.338E-06  5.497E-07  1.256E-07  1.568E-08  8.836E-10  1.582E-11  7.391E-14  3.345E-18  0.000E+00  0.000E+00  0.000E+00  0.000E+00  0.000E+00  0.000E+00  0.000E+00  0.000E+00  0.000E+00  0.000E+00  0.000E+00  0.000E+00  0.000E+00  0.000E+00
  396.5000  6.217E-03  5.541E-03  5.021E-03  4.540E-03  4.125E-03  3.660E-03  3.227E-03  2.916E-03  2.496E-03  2.172E-03  1.906E-03  1.621E-03  1.377E-03  1.166E-03  9.819E-04  8.210E-04  6.826E-04  5.657E-04  4.684E-04  3.765E-04  3.064E-04  2.482E-04  1.986E-04  1.581E-04  1.275E-04  1.001E-04  7.847E-05  6.129E-05  4.755E-05  3.657E-05  2.786E-05  2.101E-05  1.550E-05  1.117E-05  8.061E-06  5.557E-06  3.843E-06  2.471E-06  1.484E-06  7.872E-07  3.251E-07  7.499E-08  9.507E-09  5.485E-10  1.018E-11  4.991E-14  2.427E-18  0.000E+00  0.000E+00  0.000E+00  0.000E+00  0.000E+00  0.000E+00  0.000E+00  0.000E+00  0.000E+00  0.000E+00  0.000E+00  0.000E+00  0.000E+00  0.000E+00
  397.5000  7.177E-03  6.412E-03  5.796E-03  5.240E-03  4.761E-03  4.223E-03  3.723E-03  3.364E-03  2.879E-03  2.506E-03  2.198E-03  1.869E-03  1.588E-03  1.344E-03  1.132E-03  9.460E-04  7.864E-04  6.516E-04  5.393E-04  4.334E-04  3.527E-04  2.856E-04  2.284E-04  1.819E-04  1.466E-04  1.151E-04  9.023E-05  7.046E-05  5.467E-05  4.204E-05  3.203E-05  2.416E-05  1.783E-05  1.284E-05  9.272E-06  6.394E-06  4.424E-06  2.847E-06  1.712E-06  9.105E-07  3.779E-07  8.799E-08  1.132E-08  6.687E-10  1.285E-11  6.612E-14  3.451E-18  0.000E+00  0.000E+00  0.000E+00  0.000E+00  0.000E+00  0.000E+00  0.000E+00  0.000E+00  0.000E+00  0.000E+00  0.000E+00  0.000E+00  0.000E+00  0.000E+00
  398.5000  1.234E-02  1.101E-02  9.962E-03  9.006E-03  8.181E-03  7.257E-03  6.397E-03  5.780E-03  4.946E-03  4.303E-03  3.775E-03  3.209E-03  2.726E-03  2.307E-03  1.942E-03  1.623E-03  1.349E-03  1.118E-03  9.248E-04  7.430E-04  6.044E-04  4.894E-04  3.914E-04  3.115E-04  2.511E-04  1.970E-04  1.545E-04  1.206E-04  9.358E-05  7.197E-05  5.483E-05  4.137E-05  3.053E-05  2.200E-05  1.588E-05  1.095E-05  7.582E-06  4.882E-06  2.940E-06  1.568E-06  6.540E-07  1.537E-07  2.008E-08  1.213E-09  2.414E-11  1.302E-13  7.290E-18  0.000E+00  0.000E+00  0.000E+00  0.000E+00  0.000E+00  0.000E+00  0.000E+00  0.000E+00  0.000E+00  0.000E+00  0.000E+00  0.000E+00  0.000E+00  0.000E+00
  399.5000  1.284E-02  1.145E-02  1.036E-02  9.369E-03  8.510E-03  7.548E-03  6.653E-03  6.010E-03  5.142E-03  4.474E-03  3.924E-03  3.334E-03  2.832E-03  2.397E-03  2.017E-03  1.686E-03  1.401E-03  1.160E-03  9.598E-04  7.710E-04  6.270E-04  5.076E-04  4.058E-04  3.230E-04  2.603E-04  2.042E-04  1.601E-04  1.250E-04  9.696E-05  7.457E-05  5.681E-05  4.287E-05  3.164E-05  2.280E-05  1.646E-05  1.136E-05  7.865E-06  5.068E-06  3.056E-06  1.634E-06  6.848E-07  1.624E-07  2.153E-08  1.331E-09  2.740E-11  1.549E-13  9.294E-18  0.000E+00  0.000E+00  0.000E+00  0.000E+00  0.000E+00  0.000E+00  0.000E+00  0.000E+00  0.000E+00  0.000E+00  0.000E+00  0.000E+00  0.000E+00  0.000E+00
------------------------------------------------------------
Dose rates,W m-2
   1 = UV index (WMO, 1994; Webb et al., 2011)           
   2 = Previtamin-D3 (CIE 2006)                          
values at z =      0.025 km
Columns: time,sza,weighting spectra
time,hrs.  sza,deg.          1          2
   18.0000     90.121  2.011E-02  4.015E-04
   18.0167     90.306  1.815E-02  3.667E-04
   18.0333     90.491  1.645E-02  3.364E-04
   18.0500     90.676  1.498E-02  3.101E-04
   18.0667     90.862  1.372E-02  2.873E-04
   18.0833     91.048  1.229E-02  2.612E-04
   18.1000     91.235  1.097E-02  2.368E-04
   18.1167     91.421  1.001E-02  2.190E-04
   18.1333     91.608  8.715E-03  1.940E-04
   18.1500     91.794  7.699E-03  1.742E-04
   18.1667     91.982  6.858E-03  1.577E-04
   18.1833     92.169  5.944E-03  1.392E-04
   18.2000     92.357  5.151E-03  1.227E-04
   18.2167     92.544  4.452E-03  1.079E-04
   18.2333     92.732  3.829E-03  9.437E-05
   18.2500     92.920  3.274E-03  8.199E-05
   18.2667     93.109  2.785E-03  7.078E-05
   18.2833     93.298  2.361E-03  6.079E-05
   18.3000     93.486  1.996E-03  5.200E-05
   18.3167     93.675  1.639E-03  4.306E-05
   18.3333     93.865  1.360E-03  3.599E-05
   18.3500     94.054  1.116E-03  2.957E-05
   18.3667     94.244  9.072E-04  2.409E-05
   18.3833     94.434  7.277E-04  1.925E-05
   18.4000     94.624  5.898E-04  1.554E-05
   18.4167     94.814  4.621E-04  1.205E-05
   18.4333     95.004  3.596E-04  9.244E-06
   18.4500     95.195  2.768E-04  6.981E-06
   18.4667     95.386  2.099E-04  5.151E-06
   18.4833     95.577  1.560E-04  3.668E-06
   18.5000     95.768  1.131E-04  2.479E-06
   18.5167     95.959  7.942E-05  1.541E-06
   18.5333     96.151  5.296E-05  8.276E-07
   18.5500     96.343  3.426E-05  3.915E-07
   18.5667     96.535  2.200E-05  1.651E-07
   18.5833     96.727  1.337E-05  5.793E-08
   18.6000     96.920  8.231E-06  2.067E-08
   18.6167     97.112  4.610E-06  6.195E-09
   18.6333     97.305  2.330E-06  1.547E-09
   18.6500     97.498  9.926E-07  3.171E-10
   18.6667     97.691  3.049E-07  4.551E-11
   18.6833     97.884  4.600E-08  2.755E-12
   18.7000     98.077  3.474E-09  6.111E-14
   18.7167     98.271  1.179E-10  2.495E-16
   18.7333     98.465  1.392E-12  8.396E-20
   18.7500     98.659  5.048E-15  1.695E-24
   18.7667     98.853  2.060E-19  2.849E-32
   18.7833     99.047  0.000E+00  0.000E+00
   18.8000     99.242  0.000E+00  0.000E+00
   18.8167     99.436  0.000E+00  0.000E+00
   18.8333     99.631  0.000E+00  0.000E+00
   18.8500     99.826  0.000E+00  0.000E+00
   18.8667    100.021  0.000E+00  0.000E+00
   18.8833    100.217  0.000E+00  0.000E+00
   18.9000    100.412  0.000E+00  0.000E+00
   18.9167    100.608  0.000E+00  0.000E+00
   18.9333    100.803  0.000E+00  0.000E+00
   18.9500    100.999  0.000E+00  0.000E+00
   18.9667    101.196  0.000E+00  0.000E+00
   18.9833    101.392  0.000E+00  0.000E+00
   19.0000    101.588  0.000E+00  0.000E+00
------------------------------------------------------------
