Spectral Irradiance,W m-2 nm-1
values at z =      0.025 km
Columns: wavelength (nm),times (hrs.) or sza (deg.)
    wc,nm     18.000     18.017     18.033     18.050     18.067     18.083     18.100     18.117     18.133     18.150     18.167     18.183     18.200     18.217     18.233     18.250     18.267     18.283     18.300     18.317     18.333     18.350     18.367     18.383     18.400     18.417     18.433     18.450     18.467     18.483     18.500     18.517     18.533     18.550     18.567     18.583     18.600     18.617     18.633     18.650     18.667     18.683     18.700     18.717     18.733     18.750     18.767     18.783     18.800     18.817     18.833     18.850     18.867     18.883     18.900     18.917     18.933     18.950     18.967     18.983     19.000
    sza =      89.731     89.916     90.101     90.286     90.472     90.658     90.844     91.030     91.216     91.403     91.590     91.777     91.964     92.152     92.340     92.527     92.716     92.904     93.093     93.282     93.471     93.660     93.849     94.039     94.229     94.419     94.609     94.800     94.990     95.181     95.372     95.563     95.755     95.946     96.138     96.330     96.522     96.715     96.907     97.100     97.293     97.486     97.679     97.873     98.066     98.260     98.454     98.648     98.842     99.037     99.232     99.426     99.621     99.817    100.012    100.207    100.403    100.599    100.795    100.991    101.187
  280.5000  3.948E-26  3.747E-26  3.503E-26  3.250E-26  3.027E-26  2.831E-26  2.657E-26  2.457E-26  2.237E-26  2.086E-26  1.860E-26  1.683E-26  1.520E-26  1.341E-26  1.179E-26  1.032E-26  8.960E-27  7.696E-27  6.544E-27  5.522E-27  4.625E-27  3.708E-27  2.934E-27  2.270E-27  1.636E-27  1.110E-27  7.010E-28  3.607E-28  1.425E-28  3.524E-29  3.700E-30  7.981E-32  1.673E-34  4.964E-39  0.000E+00  0.000E+00  0.000E+00  0.000E+00  0.000E+00  0.000E+00  0.000E+00  0.000E+00  0.000E+00  0.000E+00  0.000E+00  0.000E+00  0.000E+00  0.000E+00  0.000E+00  0.000E+00  0.000E+00  0.000E+00  0.000E+00  0.000E+00  0.000E+00  0.000E+00  0.000E+00  0.000E+00  0.000E+00  0.000E+00  0.000E+00
  281.5000  7.400E-24  7.025E-24  6.570E-24  6.097E-24  5.680E-24  5.314E-24  4.989E-24  4.615E-24  4.204E-24  3.921E-24  3.496E-24  3.164E-24  2.860E-24  2.523E-24  2.220E-24  1.944E-24  1.688E-24  1.450E-24  1.234E-24  1.042E-24  8.740E-25  7.028E-25  5.590E-25  4.361E-25  3.180E-25  2.200E-25  1.429E-25  7.703E-26  3.271E-26  9.089E-27  1.158E-27  3.503E-29  1.262E-31  9.432E-36  2.812E-42  0.000E+00  0.000E+00  0.000E+00  0.000E+00  0.000E+00  0.000E+00  0.000E+00  0.000E+00  0.000E+00  0.000E+00  0.000E+00  0.000E+00  0.000E+00  0.000E+00  0.000E+00  0.000E+00  0.000E+00  0.000E+00  0.000E+00  0.000E+00  0.000E+00  0.000E+00  0.000E+00  0.000E+00  0.000E+00  0.000E+00
  282.5000  4.543E-22  4.314E-22  4.036E-22  3.746E-22  3.491E-22  3.267E-22  3.068E-22  2.838E-22  2.586E-22  2.413E-22  2.152E-22  1.949E-22  1.762E-22  1.555E-22  1.368E-22  1.199E-22  1.041E-22  8.949E-23  7.620E-23  6.440E-23  5.406E-23  4.358E-23  3.481E-23  2.735E-23  2.015E-23  1.417E-23  9.426E-24  5.288E-24  2.391E-24  7.360E-25  1.113E-25  4.544E-27  2.644E-29  4.453E-33  4.928E-39  0.000E+00  0.000E+00  0.000E+00  0.000E+00  0.000E+00  0.000E+00  0.000E+00  0.000E+00  0.000E+00  0.000E+00  0.000E+00  0.000E+00  0.000E+00  0.000E+00  0.000E+00  0.000E+00  0.000E+00  0.000E+00  0.000E+00  0.000E+00  0.000E+00  0.000E+00  0.000E+00  0.000E+00  0.000E+00  0.000E+00
  283.5000  5.945E-21  5.646E-21  5.282E-21  4.904E-21  4.571E-21  4.277E-21  4.019E-21  3.719E-21  3.390E-21  3.163E-21  2.822E-21  2.556E-21  2.311E-21  2.040E-21  1.796E-21  1.573E-21  1.367E-21  1.175E-21  1.001E-21  8.465E-22  7.112E-22  5.743E-22  4.599E-22  3.629E-22  2.691E-22  1.912E-22  1.292E-22  7.435E-23  3.502E-23  1.153E-23  1.952E-24  9.703E-26  7.741E-28  2.222E-31  5.784E-37  0.000E+00  0.000E+00  0.000E+00  0.000E+00  0.000E+00  0.000E+00  0.000E+00  0.000E+00  0.000E+00  0.000E+00  0.000E+00  0.000E+00  0.000E+00  0.000E+00  0.000E+00  0.000E+00  0.000E+00  0.000E+00  0.000E+00  0.000E+00  0.000E+00  0.000E+00  0.000E+00  0.000E+00  0.000E+00  0.000E+00
  284.5000  3.960E-19  3.762E-19  3.521E-19  3.270E-19  3.049E-19  2.855E-19  2.683E-19  2.485E-19  2.266E-19  2.115E-19  1.888E-19  1.711E-19  1.548E-19  1.367E-19  1.204E-19  1.055E-19  9.172E-20  7.893E-20  6.729E-20  5.694E-20  4.790E-20  3.879E-20  3.120E-20  2.481E-20  1.859E-20  1.344E-20  9.317E-21  5.599E-21  2.823E-21  1.039E-21  2.121E-22  1.465E-23  1.987E-25  1.410E-28  1.595E-33  5.401E-42  0.000E+00  0.000E+00  0.000E+00  0.000E+00  0.000E+00  0.000E+00  0.000E+00  0.000E+00  0.000E+00  0.000E+00  0.000E+00  0.000E+00  0.000E+00  0.000E+00  0.000E+00  0.000E+00  0.000E+00  0.000E+00  0.000E+00  0.000E+00  0.000E+00  0.000E+00  0.000E+00  0.000E+00  0.000E+00
  285.5000  5.544E-18  5.268E-18  4.932E-18  4.581E-18  4.274E-18  4.002E-18  3.763E-18  3.486E-18  3.180E-18  2.970E-18  2.652E-18  2.404E-18  2.176E-18  1.922E-18  1.694E-18  1.486E-18  1.292E-18  1.112E-18  9.488E-19  8.036E-19  6.766E-19  5.490E-19  4.430E-19  3.542E-19  2.675E-19  1.960E-19  1.384E-19  8.593E-20  4.565E-20  1.831E-20  4.332E-21  3.876E-22  7.980E-24  1.147E-26  4.016E-31  9.429E-39  0.000E+00  0.000E+00  0.000E+00  0.000E+00  0.000E+00  0.000E+00  0.000E+00  0.000E+00  0.000E+00  0.000E+00  0.000E+00  0.000E+00  0.000E+00  0.000E+00  0.000E+00  0.000E+00  0.000E+00  0.000E+00  0.000E+00  0.000E+00  0.000E+00  0.000E+00  0.000E+00  0.000E+00  0.000E+00
  286.5000  1.901E-16  1.807E-16  1.692E-16  1.572E-16  1.467E-16  1.374E-16  1.292E-16  1.197E-16  1.093E-16  1.021E-16  9.121E-17  8.271E-17  7.487E-17  6.618E-17  5.835E-17  5.119E-17  4.453E-17  3.836E-17  3.274E-17  2.774E-17  2.338E-17  1.900E-17  1.537E-17  1.234E-17  9.371E-18  6.932E-18  4.967E-18  3.160E-18  1.747E-18  7.488E-19  1.985E-19  2.171E-20  6.181E-22  1.536E-24  1.288E-28  1.347E-35  1.401E-45  0.000E+00  0.000E+00  0.000E+00  0.000E+00  0.000E+00  0.000E+00  0.000E+00  0.000E+00  0.000E+00  0.000E+00  0.000E+00  0.000E+00  0.000E+00  0.000E+00  0.000E+00  0.000E+00  0.000E+00  0.000E+00  0.000E+00  0.000E+00  0.000E+00  0.000E+00  0.000E+00  0.000E+00
  287.5000  3.576E-15  3.400E-15  3.184E-15  2.959E-15  2.762E-15  2.589E-15  2.435E-15  2.257E-15  2.061E-15  1.926E-15  1.722E-15  1.562E-15  1.412E-15  1.251E-15  1.104E-15  9.687E-16  8.432E-16  7.267E-16  6.206E-16  5.263E-16  4.438E-16  3.613E-16  2.930E-16  2.363E-16  1.805E-16  1.349E-16  9.813E-17  6.407E-17  3.694E-17  1.698E-17  5.082E-18  6.882E-19  2.775E-20  1.246E-22  2.694E-26  1.436E-32  1.132E-41  0.000E+00  0.000E+00  0.000E+00  0.000E+00  0.000E+00  0.000E+00  0.000E+00  0.000E+00  0.000E+00  0.000E+00  0.000E+00  0.000E+00  0.000E+00  0.000E+00  0.000E+00  0.000E+00  0.000E+00  0.000E+00  0.000E+00  0.000E+00  0.000E+00  0.000E+00  0.000E+00  0.000E+00
  288.5000  6.576E-14  6.253E-14  5.857E-14  5.445E-14  5.084E-14  4.767E-14  4.486E-14  4.160E-14  3.800E-14  3.553E-14  3.178E-14  2.885E-14  2.615E-14  2.314E-14  2.043E-14  1.794E-14  1.563E-14  1.348E-14  1.152E-14  9.775E-15  8.252E-15  6.730E-15  5.473E-15  4.434E-15  3.409E-15  2.574E-15  1.902E-15  1.277E-15  7.699E-16  3.818E-16  1.303E-16  2.230E-17  1.318E-18  1.134E-20  6.929E-24  2.195E-29  2.417E-37  0.000E+00  0.000E+00  0.000E+00  0.000E+00  0.000E+00  0.000E+00  0.000E+00  0.000E+00  0.000E+00  0.000E+00  0.000E+00  0.000E+00  0.000E+00  0.000E+00  0.000E+00  0.000E+00  0.000E+00  0.000E+00  0.000E+00  0.000E+00  0.000E+00  0.000E+00  0.000E+00  0.000E+00
  289.5000  9.173E-13  8.723E-13  8.172E-13  7.598E-13  7.096E-13  6.655E-13  6.265E-13  5.812E-13  5.311E-13  4.968E-13  4.446E-13  4.038E-13  3.661E-13  3.242E-13  2.863E-13  2.516E-13  2.192E-13  1.892E-13  1.618E-13  1.374E-13  1.161E-13  9.480E-14  7.723E-14  6.279E-14  4.847E-14  3.687E-14  2.756E-14  1.886E-14  1.175E-14  6.159E-15  2.318E-15  4.721E-16  3.709E-17  5.173E-19  6.769E-22  7.826E-27  5.750E-34  4.204E-45  0.000E+00  0.000E+00  0.000E+00  0.000E+00  0.000E+00  0.000E+00  0.000E+00  0.000E+00  0.000E+00  0.000E+00  0.000E+00  0.000E+00  0.000E+00  0.000E+00  0.000E+00  0.000E+00  0.000E+00  0.000E+00  0.000E+00  0.000E+00  0.000E+00  0.000E+00  0.000E+00
  290.5000  8.060E-12  7.664E-12  7.181E-12  6.678E-12  6.237E-12  5.851E-12  5.510E-12  5.113E-12  4.673E-12  4.373E-12  3.915E-12  3.557E-12  3.227E-12  2.859E-12  2.526E-12  2.221E-12  1.936E-12  1.672E-12  1.431E-12  1.216E-12  1.028E-12  8.403E-13  6.857E-13  5.590E-13  4.330E-13  3.313E-13  2.498E-13  1.737E-13  1.111E-13  6.093E-14  2.484E-14  5.836E-15  5.802E-16  1.210E-17  2.988E-20  1.021E-24  3.689E-31  3.943E-41  0.000E+00  0.000E+00  0.000E+00  0.000E+00  0.000E+00  0.000E+00  0.000E+00  0.000E+00  0.000E+00  0.000E+00  0.000E+00  0.000E+00  0.000E+00  0.000E+00  0.000E+00  0.000E+00  0.000E+00  0.000E+00  0.000E+00  0.000E+00  0.000E+00  0.000E+00  0.000E+00
  291.5000  6.223E-11  5.918E-11  5.545E-11  5.157E-11  4.818E-11  4.520E-11  4.258E-11  3.952E-11  3.614E-11  3.383E-11  3.030E-11  2.755E-11  2.501E-11  2.217E-11  1.960E-11  1.724E-11  1.505E-11  1.300E-11  1.113E-11  9.467E-12  8.010E-12  6.558E-12  5.360E-12  4.383E-12  3.407E-12  2.624E-12  1.997E-12  1.412E-12  9.286E-13  5.345E-13  2.375E-13  6.512E-14  8.372E-15  2.718E-16  1.359E-18  1.563E-22  3.378E-28  6.109E-37  0.000E+00  0.000E+00  0.000E+00  0.000E+00  0.000E+00  0.000E+00  0.000E+00  0.000E+00  0.000E+00  0.000E+00  0.000E+00  0.000E+00  0.000E+00  0.000E+00  0.000E+00  0.000E+00  0.000E+00  0.000E+00  0.000E+00  0.000E+00  0.000E+00  0.000E+00  0.000E+00
  292.5000  3.117E-10  2.964E-10  2.778E-10  2.583E-10  2.414E-10  2.265E-10  2.134E-10  1.981E-10  1.812E-10  1.697E-10  1.521E-10  1.383E-10  1.256E-10  1.114E-10  9.856E-11  8.676E-11  7.575E-11  6.549E-11  5.612E-11  4.776E-11  4.044E-11  3.315E-11  2.713E-11  2.224E-11  1.734E-11  1.342E-11  1.029E-11  7.374E-12  4.964E-12  2.975E-12  1.421E-12  4.445E-13  7.114E-14  3.362E-15  3.036E-17  9.552E-21  8.951E-26  1.621E-33  2.719E-43  0.000E+00  0.000E+00  0.000E+00  0.000E+00  0.000E+00  0.000E+00  0.000E+00  0.000E+00  0.000E+00  0.000E+00  0.000E+00  0.000E+00  0.000E+00  0.000E+00  0.000E+00  0.000E+00  0.000E+00  0.000E+00  0.000E+00  0.000E+00  0.000E+00  0.000E+00
  293.5000  1.802E-09  1.713E-09  1.605E-09  1.493E-09  1.395E-09  1.309E-09  1.233E-09  1.145E-09  1.048E-09  9.813E-10  8.798E-10  8.007E-10  7.275E-10  6.456E-10  5.715E-10  5.035E-10  4.399E-10  3.806E-10  3.263E-10  2.779E-10  2.355E-10  1.933E-10  1.584E-10  1.302E-10  1.017E-10  7.910E-11  6.106E-11  4.428E-11  3.043E-11  1.891E-11  9.647E-12  3.401E-12  6.656E-13  4.457E-14  6.985E-16  5.657E-19  2.111E-23  3.344E-30  8.978E-39  0.000E+00  0.000E+00  0.000E+00  0.000E+00  0.000E+00  0.000E+00  0.000E+00  0.000E+00  0.000E+00  0.000E+00  0.000E+00  0.000E+00  0.000E+00  0.000E+00  0.000E+00  0.000E+00  0.000E+00  0.000E+00  0.000E+00  0.000E+00  0.000E+00  0.000E+00
  294.5000  5.930E-09  5.637E-09  5.281E-09  4.911E-09  4.588E-09  4.305E-09  4.056E-09  3.767E-09  3.447E-09  3.229E-09  2.896E-09  2.637E-09  2.396E-09  2.128E-09  1.885E-09  1.661E-09  1.452E-09  1.257E-09  1.079E-09  9.194E-10  7.796E-10  6.404E-10  5.256E-10  4.326E-10  3.388E-10  2.644E-10  2.052E-10  1.502E-10  1.049E-10  6.713E-11  3.615E-11  1.407E-11  3.253E-12  2.903E-13  7.133E-15  1.240E-17  1.395E-21  1.229E-27  2.912E-35  0.000E+00  0.000E+00  0.000E+00  0.000E+00  0.000E+00  0.000E+00  0.000E+00  0.000E+00  0.000E+00  0.000E+00  0.000E+00  0.000E+00  0.000E+00  0.000E+00  0.000E+00  0.000E+00  0.000E+00  0.000E+00  0.000E+00  0.000E+00  0.000E+00  0.000E+00
  295.5000  2.688E-08  2.554E-08  2.392E-08  2.224E-08  2.078E-08  1.949E-08  1.836E-08  1.706E-08  1.561E-08  1.463E-08  1.312E-08  1.195E-08  1.087E-08  9.653E-09  8.556E-09  7.547E-09  6.602E-09  5.720E-09  4.912E-09  4.189E-09  3.555E-09  2.924E-09  2.402E-09  1.981E-09  1.555E-09  1.218E-09  9.497E-10  7.018E-10  4.981E-10  3.280E-10  1.863E-10  7.999E-11  2.186E-11  2.613E-12  1.018E-13  3.914E-16  1.391E-19  7.378E-25  1.713E-31  1.004E-40  0.000E+00  0.000E+00  0.000E+00  0.000E+00  0.000E+00  0.000E+00  0.000E+00  0.000E+00  0.000E+00  0.000E+00  0.000E+00  0.000E+00  0.000E+00  0.000E+00  0.000E+00  0.000E+00  0.000E+00  0.000E+00  0.000E+00  0.000E+00  0.000E+00
  296.5000  7.727E-08  7.339E-08  6.872E-08  6.387E-08  5.964E-08  5.594E-08  5.270E-08  4.895E-08  4.479E-08  4.196E-08  3.766E-08  3.431E-08  3.120E-08  2.773E-08  2.460E-08  2.171E-08  1.900E-08  1.648E-08  1.416E-08  1.208E-08  1.026E-08  8.450E-09  6.950E-09  5.740E-09  4.514E-09  3.546E-09  2.778E-09  2.068E-09  1.488E-09  1.003E-09  5.962E-10  2.786E-10  8.795E-11  1.353E-11  7.835E-13  5.934E-15  5.606E-18  1.346E-22  2.097E-28  1.740E-36  0.000E+00  0.000E+00  0.000E+00  0.000E+00  0.000E+00  0.000E+00  0.000E+00  0.000E+00  0.000E+00  0.000E+00  0.000E+00  0.000E+00  0.000E+00  0.000E+00  0.000E+00  0.000E+00  0.000E+00  0.000E+00  0.000E+00  0.000E+00  0.000E+00
  297.5000  2.310E-07  2.193E-07  2.052E-07  1.907E-07  1.780E-07  1.669E-07  1.572E-07  1.460E-07  1.335E-07  1.251E-07  1.123E-07  1.023E-07  9.308E-08  8.271E-08  7.344E-08  6.485E-08  5.681E-08  4.929E-08  4.239E-08  3.620E-08  3.077E-08  2.536E-08  2.088E-08  1.727E-08  1.360E-08  1.072E-08  8.422E-09  6.311E-09  4.590E-09  3.158E-09  1.949E-09  9.779E-10  3.493E-10  6.676E-11  5.449E-12  7.455E-14  1.654E-16  1.486E-20  1.225E-25  1.038E-32  2.215E-42  0.000E+00  0.000E+00  0.000E+00  0.000E+00  0.000E+00  0.000E+00  0.000E+00  0.000E+00  0.000E+00  0.000E+00  0.000E+00  0.000E+00  0.000E+00  0.000E+00  0.000E+00  0.000E+00  0.000E+00  0.000E+00  0.000E+00  0.000E+00
  298.5000  4.041E-07  3.834E-07  3.587E-07  3.331E-07  3.107E-07  2.912E-07  2.742E-07  2.545E-07  2.328E-07  2.181E-07  1.958E-07  1.784E-07  1.623E-07  1.443E-07  1.282E-07  1.132E-07  9.925E-08  8.616E-08  7.415E-08  6.338E-08  5.390E-08  4.448E-08  3.665E-08  3.036E-08  2.395E-08  1.890E-08  1.490E-08  1.123E-08  8.239E-09  5.765E-09  3.673E-09  1.958E-09  7.775E-10  1.792E-10  1.963E-11  4.465E-13  2.057E-15  5.684E-19  1.922E-23  1.155E-29  3.549E-38  0.000E+00  0.000E+00  0.000E+00  0.000E+00  0.000E+00  0.000E+00  0.000E+00  0.000E+00  0.000E+00  0.000E+00  0.000E+00  0.000E+00  0.000E+00  0.000E+00  0.000E+00  0.000E+00  0.000E+00  0.000E+00  0.000E+00  0.000E+00
  299.5000  1.303E-06  1.236E-06  1.155E-06  1.072E-06  9.995E-07  9.363E-07  8.810E-07  8.176E-07  7.476E-07  7.001E-07  6.283E-07  5.726E-07  5.209E-07  4.637E-07  4.116E-07  3.638E-07  3.191E-07  2.772E-07  2.387E-07  2.042E-07  1.738E-07  1.436E-07  1.184E-07  9.819E-08  7.757E-08  6.137E-08  4.850E-08  3.671E-08  2.715E-08  1.927E-08  1.262E-08  7.099E-09  3.096E-09  8.441E-10  1.209E-10  4.383E-12  3.967E-14  3.119E-17  3.966E-21  1.517E-26  5.861E-34  3.251E-43  0.000E+00  0.000E+00  0.000E+00  0.000E+00  0.000E+00  0.000E+00  0.000E+00  0.000E+00  0.000E+00  0.000E+00  0.000E+00  0.000E+00  0.000E+00  0.000E+00  0.000E+00  0.000E+00  0.000E+00  0.000E+00  0.000E+00
  300.5000  1.640E-06  1.551E-06  1.449E-06  1.344E-06  1.252E-06  1.172E-06  1.102E-06  1.023E-06  9.347E-07  8.749E-07  7.851E-07  7.154E-07  6.508E-07  5.790E-07  5.144E-07  4.549E-07  3.992E-07  3.470E-07  2.990E-07  2.559E-07  2.180E-07  1.802E-07  1.488E-07  1.235E-07  9.769E-08  7.743E-08  6.131E-08  4.658E-08  3.467E-08  2.489E-08  1.667E-08  9.780E-09  4.602E-09  1.438E-09  2.554E-10  1.350E-11  2.101E-13  3.782E-16  1.349E-19  2.140E-24  5.647E-31  3.435E-39  0.000E+00  0.000E+00  0.000E+00  0.000E+00  0.000E+00  0.000E+00  0.000E+00  0.000E+00  0.000E+00  0.000E+00  0.000E+00  0.000E+00  0.000E+00  0.000E+00  0.000E+00  0.000E+00  0.000E+00  0.000E+00  0.000E+00
  301.5000  4.516E-06  4.274E-06  3.989E-06  3.696E-06  3.441E-06  3.218E-06  3.023E-06  2.803E-06  2.560E-06  2.395E-06  2.148E-06  1.957E-06  1.780E-06  1.584E-06  1.407E-06  1.245E-06  1.093E-06  9.506E-07  8.197E-07  7.022E-07  5.985E-07  4.955E-07  4.095E-07  3.402E-07  2.696E-07  2.141E-07  1.698E-07  1.295E-07  9.702E-08  7.044E-08  4.821E-08  2.953E-08  1.501E-08  5.397E-09  1.201E-09  9.441E-11  2.614E-12  1.139E-14  1.226E-17  8.990E-22  1.920E-27  1.624E-34  5.524E-42  1.401E-45  0.000E+00  0.000E+00  0.000E+00  0.000E+00  0.000E+00  0.000E+00  0.000E+00  0.000E+00  0.000E+00  0.000E+00  0.000E+00  0.000E+00  0.000E+00  0.000E+00  0.000E+00  0.000E+00  0.000E+00
  302.5000  7.040E-06  6.658E-06  6.209E-06  5.748E-06  5.346E-06  4.997E-06  4.691E-06  4.346E-06  3.967E-06  3.709E-06  3.326E-06  3.029E-06  2.754E-06  2.451E-06  2.178E-06  1.926E-06  1.692E-06  1.472E-06  1.270E-06  1.089E-06  9.284E-07  7.694E-07  6.363E-07  5.291E-07  4.197E-07  3.338E-07  2.652E-07  2.028E-07  1.525E-07  1.116E-07  7.748E-08  4.884E-08  2.615E-08  1.034E-08  2.680E-09  2.759E-10  1.129E-11  8.869E-14  1.971E-16  3.906E-20  3.249E-25  1.509E-31  2.938E-38  1.233E-43  1.401E-45  1.401E-45  0.000E+00  0.000E+00  0.000E+00  0.000E+00  0.000E+00  0.000E+00  0.000E+00  0.000E+00  0.000E+00  0.000E+00  0.000E+00  0.000E+00  0.000E+00  0.000E+00  0.000E+00
  303.5000  1.589E-05  1.500E-05  1.397E-05  1.292E-05  1.200E-05  1.120E-05  1.050E-05  9.721E-06  8.865E-06  8.281E-06  7.421E-06  6.754E-06  6.137E-06  5.460E-06  4.851E-06  4.293E-06  3.771E-06  3.282E-06  2.834E-06  2.431E-06  2.075E-06  1.722E-06  1.425E-06  1.186E-06  9.424E-07  7.507E-07  5.975E-07  4.582E-07  3.463E-07  2.554E-07  1.802E-07  1.173E-07  6.656E-08  2.931E-08  9.036E-09  1.268E-09  8.133E-11  1.272E-12  6.662E-15  4.318E-18  1.810E-22  6.381E-28  9.948E-34  1.776E-38  2.459E-40  5.909E-42  3.083E-44  0.000E+00  0.000E+00  0.000E+00  0.000E+00  0.000E+00  0.000E+00  0.000E+00  0.000E+00  0.000E+00  0.000E+00  0.000E+00  0.000E+00  0.000E+00  0.000E+00
  304.5000  2.057E-05  1.941E-05  1.806E-05  1.668E-05  1.548E-05  1.444E-05  1.353E-05  1.251E-05  1.140E-05  1.064E-05  9.532E-06  8.672E-06  7.876E-06  7.006E-06  6.223E-06  5.507E-06  4.838E-06  4.213E-06  3.638E-06  3.122E-06  2.666E-06  2.214E-06  1.834E-06  1.528E-06  1.215E-06  9.691E-07  7.721E-07  5.933E-07  4.497E-07  3.333E-07  2.374E-07  1.574E-07  9.253E-08  4.346E-08  1.486E-08  2.506E-09  2.096E-10  4.910E-12  4.252E-14  5.500E-17  5.843E-21  6.506E-26  3.238E-31  1.303E-35  1.800E-37  3.436E-39  1.234E-41  1.401E-45  0.000E+00  0.000E+00  0.000E+00  0.000E+00  0.000E+00  0.000E+00  0.000E+00  0.000E+00  0.000E+00  0.000E+00  0.000E+00  0.000E+00  0.000E+00
  305.5000  3.555E-05  3.347E-05  3.108E-05  2.867E-05  2.657E-05  2.473E-05  2.313E-05  2.137E-05  1.944E-05  1.812E-05  1.622E-05  1.474E-05  1.337E-05  1.189E-05  1.056E-05  9.340E-06  8.205E-06  7.147E-06  6.176E-06  5.303E-06  4.532E-06  3.769E-06  3.125E-06  2.606E-06  2.076E-06  1.659E-06  1.324E-06  1.020E-06  7.759E-07  5.788E-07  4.175E-07  2.837E-07  1.747E-07  8.948E-08  3.527E-08  7.687E-09  9.353E-10  3.924E-11  7.150E-13  2.608E-15  1.126E-18  7.179E-23  2.126E-27  2.958E-31  4.011E-33  5.183E-35  9.077E-38  5.213E-42  0.000E+00  0.000E+00  0.000E+00  0.000E+00  0.000E+00  0.000E+00  0.000E+00  0.000E+00  0.000E+00  0.000E+00  0.000E+00  0.000E+00  0.000E+00
  306.5000  4.193E-05  3.943E-05  3.659E-05  3.372E-05  3.121E-05  2.903E-05  2.713E-05  2.504E-05  2.277E-05  2.121E-05  1.896E-05  1.722E-05  1.562E-05  1.388E-05  1.232E-05  1.090E-05  9.576E-06  8.342E-06  7.209E-06  6.192E-06  5.294E-06  4.406E-06  3.656E-06  3.050E-06  2.432E-06  1.945E-06  1.553E-06  1.198E-06  9.134E-07  6.835E-07  4.958E-07  3.409E-07  2.144E-07  1.143E-07  4.810E-08  1.177E-08  1.692E-09  9.146E-11  2.286E-12  1.290E-14  1.009E-17  1.345E-21  8.452E-26  2.000E-29  2.771E-31  3.177E-33  4.468E-36  2.140E-40  0.000E+00  0.000E+00  0.000E+00  0.000E+00  0.000E+00  0.000E+00  0.000E+00  0.000E+00  0.000E+00  0.000E+00  0.000E+00  0.000E+00  0.000E+00
  307.5000  7.792E-05  7.309E-05  6.765E-05  6.221E-05  5.745E-05  5.331E-05  4.971E-05  4.579E-05  4.156E-05  3.864E-05  3.449E-05  3.129E-05  2.834E-05  2.516E-05  2.231E-05  1.973E-05  1.732E-05  1.509E-05  1.305E-05  1.121E-05  9.589E-06  7.992E-06  6.638E-06  5.544E-06  4.428E-06  3.548E-06  2.837E-06  2.194E-06  1.678E-06  1.262E-06  9.240E-07  6.470E-07  4.213E-07  2.401E-07  1.128E-07  3.384E-08  6.570E-09  5.697E-10  2.614E-11  3.458E-13  8.645E-16  4.900E-19  1.365E-22  9.064E-26  1.256E-27  1.055E-29  8.348E-33  2.251E-37  1.401E-45  0.000E+00  0.000E+00  0.000E+00  0.000E+00  0.000E+00  0.000E+00  0.000E+00  0.000E+00  0.000E+00  0.000E+00  0.000E+00  0.000E+00
  308.5000  9.695E-05  9.084E-05  8.401E-05  7.715E-05  7.117E-05  6.597E-05  6.145E-05  5.655E-05  5.127E-05  4.763E-05  4.249E-05  3.851E-05  3.485E-05  3.092E-05  2.661E-05  2.423E-05  2.127E-05  1.853E-05  1.602E-05  1.377E-05  1.178E-05  9.824E-06  8.165E-06  6.823E-06  5.455E-06  4.374E-06  3.500E-06  2.710E-06  2.076E-06  1.565E-06  1.150E-06  8.120E-07  5.368E-07  3.148E-07  1.550E-07  5.065E-08  1.112E-08  1.163E-09  6.731E-11  1.225E-12  4.740E-15  4.599E-18  2.211E-21  2.158E-24  3.074E-26  2.411E-28  1.685E-31  4.168E-36  7.006E-45  0.000E+00  0.000E+00  0.000E+00  0.000E+00  0.000E+00  0.000E+00  0.000E+00  0.000E+00  0.000E+00  0.000E+00  0.000E+00  0.000E+00
  309.5000  1.040E-04  9.722E-05  8.970E-05  8.218E-05  7.563E-05  6.995E-05  6.501E-05  5.970E-05  5.402E-05  5.008E-05  4.460E-05  4.036E-05  3.647E-05  3.232E-05  2.862E-05  2.528E-05  2.218E-05  1.931E-05  1.669E-05  1.435E-05  1.228E-05  1.025E-05  8.529E-06  7.132E-06  5.711E-06  4.587E-06  3.675E-06  2.851E-06  2.189E-06  1.656E-06  1.224E-06  8.741E-07  5.905E-07  3.611E-07  1.908E-07  7.116E-08  1.902E-08  2.708E-09  2.335E-10  7.439E-12  6.194E-14  1.556E-16  1.988E-19  3.815E-22  5.526E-24  3.622E-26  1.814E-29  3.254E-34  5.759E-43  0.000E+00  0.000E+00  0.000E+00  0.000E+00  0.000E+00  0.000E+00  0.000E+00  0.000E+00  0.000E+00  0.000E+00  0.000E+00  0.000E+00
  310.5000  1.660E-04  1.548E-04  1.426E-04  1.303E-04  1.197E-04  1.105E-04  1.025E-04  9.391E-05  8.481E-05  7.848E-05  6.978E-05  6.306E-05  5.689E-05  5.036E-05  4.455E-05  3.931E-05  3.447E-05  3.000E-05  2.593E-05  2.228E-05  1.908E-05  1.594E-05  1.327E-05  1.110E-05  8.902E-06  7.159E-06  5.741E-06  4.462E-06  3.432E-06  2.603E-06  1.933E-06  1.392E-06  9.553E-07  6.024E-07  3.353E-07  1.378E-07  4.250E-08  7.566E-09  8.658E-10  4.095E-11  5.865E-13  2.876E-15  7.258E-18  2.234E-20  3.312E-22  1.952E-24  8.055E-28  1.221E-32  2.321E-41  0.000E+00  0.000E+00  0.000E+00  0.000E+00  0.000E+00  0.000E+00  0.000E+00  0.000E+00  0.000E+00  0.000E+00  0.000E+00  0.000E+00
  311.5000  2.386E-04  2.222E-04  2.043E-04  1.865E-04  1.710E-04  1.575E-04  1.459E-04  1.335E-04  1.204E-04  1.113E-04  9.880E-05  8.918E-05  8.035E-05  7.105E-05  6.282E-05  5.537E-05  4.853E-05  4.221E-05  3.647E-05  3.135E-05  2.684E-05  2.243E-05  1.868E-05  1.564E-05  1.255E-05  1.010E-05  8.109E-06  6.310E-06  4.861E-06  3.693E-06  2.751E-06  1.991E-06  1.380E-06  8.876E-07  5.107E-07  2.233E-07  7.558E-08  1.555E-08  2.137E-09  1.308E-10  2.678E-12  2.046E-14  8.156E-17  3.468E-19  5.317E-21  2.998E-23  1.134E-26  1.624E-31  3.503E-40  0.000E+00  0.000E+00  0.000E+00  0.000E+00  0.000E+00  0.000E+00  0.000E+00  0.000E+00  0.000E+00  0.000E+00  0.000E+00  0.000E+00
  312.5000  2.935E-04  2.723E-04  2.495E-04  2.270E-04  2.074E-04  1.904E-04  1.757E-04  1.602E-04  1.440E-04  1.326E-04  1.174E-04  1.057E-04  9.493E-05  8.374E-05  7.386E-05  6.499E-05  5.686E-05  4.940E-05  4.264E-05  3.663E-05  3.135E-05  2.622E-05  2.185E-05  1.831E-05  1.472E-05  1.188E-05  9.544E-06  7.444E-06  5.750E-06  4.382E-06  3.281E-06  2.395E-06  1.688E-06  1.120E-06  6.806E-07  3.310E-07  1.316E-07  3.494E-08  6.673E-09  6.485E-10  2.514E-11  4.218E-13  3.746E-15  2.756E-17  4.303E-19  2.109E-21  6.171E-25  6.929E-30  1.522E-38  0.000E+00  0.000E+00  0.000E+00  0.000E+00  0.000E+00  0.000E+00  0.000E+00  0.000E+00  0.000E+00  0.000E+00  0.000E+00  0.000E+00
  313.5000  3.539E-04  3.281E-04  3.003E-04  2.730E-04  2.492E-04  2.286E-04  2.107E-04  1.920E-04  1.724E-04  1.587E-04  1.403E-04  1.262E-04  1.133E-04  9.987E-05  8.804E-05  7.742E-05  6.770E-05  5.879E-05  5.073E-05  4.357E-05  3.729E-05  3.120E-05  2.601E-05  2.179E-05  1.754E-05  1.415E-05  1.138E-05  8.884E-06  6.867E-06  5.240E-06  3.929E-06  2.877E-06  2.037E-06  1.365E-06  8.430E-07  4.224E-07  1.754E-07  4.964E-08  1.023E-08  1.104E-09  4.950E-11  9.927E-13  1.056E-14  8.899E-17  1.444E-18  7.248E-21  2.206E-24  2.698E-29  7.244E-38  0.000E+00  0.000E+00  0.000E+00  0.000E+00  0.000E+00  0.000E+00  0.000E+00  0.000E+00  0.000E+00  0.000E+00  0.000E+00  0.000E+00
  314.5000  4.536E-04  4.187E-04  3.817E-04  3.455E-04  3.141E-04  2.869E-04  2.634E-04  2.390E-04  2.137E-04  1.959E-04  1.726E-04  1.547E-04  1.383E-04  1.215E-04  1.068E-04  9.365E-05  8.170E-05  7.080E-05  6.100E-05  5.232E-05  4.474E-05  3.744E-05  3.121E-05  2.617E-05  2.110E-05  1.706E-05  1.374E-05  1.075E-05  8.334E-06  6.380E-06  4.804E-06  3.542E-06  2.540E-06  1.743E-06  1.123E-06  6.121E-07  2.894E-07  1.009E-07  2.732E-08  4.343E-09  3.353E-10  1.317E-11  2.790E-13  3.768E-15  6.260E-17  2.815E-19  6.967E-23  7.014E-28  1.954E-36  0.000E+00  0.000E+00  0.000E+00  0.000E+00  0.000E+00  0.000E+00  0.000E+00  0.000E+00  0.000E+00  0.000E+00  0.000E+00  0.000E+00
  315.5000  4.918E-04  4.538E-04  4.134E-04  3.741E-04  3.398E-04  3.102E-04  2.847E-04  2.582E-04  2.307E-04  2.113E-04  1.861E-04  1.666E-04  1.489E-04  1.308E-04  1.149E-04  1.007E-04  8.777E-05  7.603E-05  6.548E-05  5.615E-05  4.801E-05  4.018E-05  3.350E-05  2.809E-05  2.266E-05  1.833E-05  1.477E-05  1.157E-05  8.974E-06  6.875E-06  5.184E-06  3.830E-06  2.755E-06  1.903E-06  1.239E-06  6.886E-07  3.347E-07  1.215E-07  3.438E-08  5.801E-09  4.872E-10  2.117E-11  4.959E-13  7.268E-15  1.255E-16  5.886E-19  1.568E-22  1.783E-27  6.168E-36  0.000E+00  0.000E+00  0.000E+00  0.000E+00  0.000E+00  0.000E+00  0.000E+00  0.000E+00  0.000E+00  0.000E+00  0.000E+00  0.000E+00
  316.5000  6.270E-04  5.762E-04  5.229E-04  4.712E-04  4.264E-04  3.876E-04  3.542E-04  3.199E-04  2.847E-04  2.597E-04  2.277E-04  2.031E-04  1.808E-04  1.581E-04  1.384E-04  1.209E-04  1.051E-04  9.078E-05  7.800E-05  6.676E-05  5.699E-05  4.767E-05  3.974E-05  3.332E-05  2.692E-05  2.182E-05  1.760E-05  1.382E-05  1.075E-05  8.262E-06  6.252E-06  4.645E-06  3.372E-06  2.369E-06  1.590E-06  9.395E-07  5.023E-07  2.131E-07  7.415E-08  1.684E-08  2.144E-09  1.554E-10  6.128E-12  1.284E-13  2.277E-15  9.957E-18  2.324E-21  2.356E-26  8.790E-35  0.000E+00  0.000E+00  0.000E+00  0.000E+00  0.000E+00  0.000E+00  0.000E+00  0.000E+00  0.000E+00  0.000E+00  0.000E+00  0.000E+00
  317.5000  8.876E-04  8.158E-04  7.405E-04  6.674E-04  6.039E-04  5.491E-04  5.019E-04  4.534E-04  4.036E-04  3.681E-04  3.229E-04  2.880E-04  2.564E-04  2.243E-04  1.963E-04  1.715E-04  1.490E-04  1.288E-04  1.106E-04  9.469E-05  8.084E-05  6.763E-05  5.638E-05  4.728E-05  3.820E-05  3.096E-05  2.498E-05  1.962E-05  1.527E-05  1.174E-05  8.886E-06  6.606E-06  4.801E-06  3.380E-06  2.275E-06  1.350E-06  7.258E-07  3.095E-07  1.079E-07  2.453E-08  3.128E-09  2.267E-10  8.943E-12  1.905E-13  3.522E-15  1.649E-17  4.333E-21  5.196E-26  2.451E-34  0.000E+00  0.000E+00  0.000E+00  0.000E+00  0.000E+00  0.000E+00  0.000E+00  0.000E+00  0.000E+00  0.000E+00  0.000E+00  0.000E+00
  318.5000  9.242E-04  8.462E-04  7.652E-04  6.868E-04  6.190E-04  5.604E-04  5.099E-04  4.587E-04  4.063E-04  3.690E-04  3.221E-04  2.860E-04  2.534E-04  2.206E-04  1.923E-04  1.672E-04  1.448E-04  1.246E-04  1.067E-04  9.109E-05  7.758E-05  6.482E-05  5.398E-05  4.524E-05  3.659E-05  2.971E-05  2.400E-05  1.890E-05  1.475E-05  1.138E-05  8.650E-06  6.465E-06  4.737E-06  3.384E-06  2.336E-06  1.459E-06  8.507E-07  4.153E-07  1.738E-07  5.151E-08  9.565E-09  1.102E-09  6.970E-11  2.057E-12  3.905E-14  1.723E-16  4.038E-20  4.393E-25  2.244E-33  0.000E+00  0.000E+00  0.000E+00  0.000E+00  0.000E+00  0.000E+00  0.000E+00  0.000E+00  0.000E+00  0.000E+00  0.000E+00  0.000E+00
  319.5000  1.200E-03  1.098E-03  9.923E-04  8.903E-04  8.018E-04  7.255E-04  6.598E-04  5.932E-04  5.250E-04  4.765E-04  4.155E-04  3.687E-04  3.264E-04  2.840E-04  2.472E-04  2.149E-04  1.859E-04  1.599E-04  1.368E-04  1.167E-04  9.931E-05  8.295E-05  6.905E-05  5.787E-05  4.681E-05  3.802E-05  3.073E-05  2.422E-05  1.892E-05  1.461E-05  1.112E-05  8.322E-06  6.112E-06  4.382E-06  3.045E-06  1.925E-06  1.144E-06  5.744E-07  2.488E-07  7.743E-08  1.541E-08  1.931E-09  1.330E-10  4.214E-12  8.306E-14  3.826E-16  9.640E-20  1.177E-24  7.336E-33  0.000E+00  0.000E+00  0.000E+00  0.000E+00  0.000E+00  0.000E+00  0.000E+00  0.000E+00  0.000E+00  0.000E+00  0.000E+00  0.000E+00
  320.5000  1.572E-03  1.438E-03  1.298E-03  1.164E-03  1.047E-03  9.464E-04  8.597E-04  7.721E-04  6.825E-04  6.187E-04  5.389E-04  4.775E-04  4.222E-04  3.668E-04  3.189E-04  2.769E-04  2.392E-04  2.055E-04  1.756E-04  1.497E-04  1.273E-04  1.063E-04  8.841E-05  7.407E-05  5.992E-05  4.869E-05  3.937E-05  3.105E-05  2.428E-05  1.876E-05  1.430E-05  1.072E-05  7.888E-06  5.676E-06  3.966E-06  2.537E-06  1.534E-06  7.944E-07  3.591E-07  1.191E-07  2.590E-08  3.618E-09  2.793E-10  9.686E-12  1.983E-13  9.472E-16  2.528E-19  3.382E-24  2.526E-32  0.000E+00  0.000E+00  0.000E+00  0.000E+00  0.000E+00  0.000E+00  0.000E+00  0.000E+00  0.000E+00  0.000E+00  0.000E+00  0.000E+00
  321.5000  1.905E-03  1.741E-03  1.569E-03  1.404E-03  1.260E-03  1.136E-03  1.029E-03  9.209E-04  8.108E-04  7.323E-04  6.347E-04  5.599E-04  4.925E-04  4.256E-04  3.681E-04  3.177E-04  2.731E-04  2.333E-04  1.984E-04  1.683E-04  1.425E-04  1.186E-04  9.838E-05  8.225E-05  6.651E-05  5.409E-05  4.377E-05  3.462E-05  2.717E-05  2.109E-05  1.615E-05  1.218E-05  9.034E-06  6.582E-06  4.695E-06  3.128E-06  2.018E-06  1.166E-06  6.127E-07  2.543E-07  7.652E-08  1.596E-08  1.854E-09  8.542E-11  1.793E-12  8.154E-15  1.980E-18  2.463E-23  2.011E-31  0.000E+00  0.000E+00  0.000E+00  0.000E+00  0.000E+00  0.000E+00  0.000E+00  0.000E+00  0.000E+00  0.000E+00  0.000E+00  0.000E+00
  322.5000  1.442E-03  1.318E-03  1.190E-03  1.066E-03  9.582E-04  8.655E-04  7.857E-04  7.051E-04  6.227E-04  5.641E-04  4.908E-04  4.345E-04  3.837E-04  3.330E-04  2.892E-04  2.508E-04  2.164E-04  1.857E-04  1.586E-04  1.350E-04  1.147E-04  9.574E-05  7.963E-05  6.669E-05  5.396E-05  4.387E-05  3.548E-05  2.801E-05  2.192E-05  1.696E-05  1.294E-05  9.721E-06  7.173E-06  5.183E-06  3.647E-06  2.363E-06  1.457E-06  7.774E-07  3.651E-07  1.279E-07  3.016E-08  4.658E-09  4.005E-10  1.539E-11  3.402E-13  1.800E-15  5.684E-19  9.737E-24  1.078E-31  0.000E+00  0.000E+00  0.000E+00  0.000E+00  0.000E+00  0.000E+00  0.000E+00  0.000E+00  0.000E+00  0.000E+00  0.000E+00  0.000E+00
  323.5000  2.365E-03  2.162E-03  1.949E-03  1.742E-03  1.564E-03  1.409E-03  1.276E-03  1.141E-03  1.003E-03  9.052E-04  7.830E-04  6.894E-04  6.052E-04  5.216E-04  4.499E-04  3.873E-04  3.319E-04  2.827E-04  2.397E-04  2.027E-04  1.713E-04  1.422E-04  1.177E-04  9.825E-05  7.938E-05  6.454E-05  5.224E-05  4.137E-05  3.252E-05  2.530E-05  1.943E-05  1.470E-05  1.095E-05  8.024E-06  5.775E-06  3.914E-06  2.593E-06  1.569E-06  8.791E-07  4.031E-07  1.404E-07  3.522E-08  4.983E-09  2.698E-10  6.097E-12  2.990E-14  8.179E-18  1.226E-22  1.422E-30  0.000E+00  0.000E+00  0.000E+00  0.000E+00  0.000E+00  0.000E+00  0.000E+00  0.000E+00  0.000E+00  0.000E+00  0.000E+00  0.000E+00
  324.5000  2.722E-03  2.488E-03  2.243E-03  2.006E-03  1.800E-03  1.622E-03  1.469E-03  1.314E-03  1.156E-03  1.043E-03  9.027E-04  7.951E-04  6.983E-04  6.021E-04  5.195E-04  4.474E-04  3.836E-04  3.270E-04  2.774E-04  2.346E-04  1.983E-04  1.647E-04  1.364E-04  1.139E-04  9.201E-05  7.483E-05  6.057E-05  4.797E-05  3.771E-05  2.934E-05  2.253E-05  1.704E-05  1.270E-05  9.307E-06  6.700E-06  4.541E-06  3.008E-06  1.816E-06  1.012E-06  4.599E-07  1.581E-07  3.901E-08  5.437E-09  2.958E-10  6.948E-12  3.643E-14  1.117E-17  1.959E-22  2.810E-30  0.000E+00  0.000E+00  0.000E+00  0.000E+00  0.000E+00  0.000E+00  0.000E+00  0.000E+00  0.000E+00  0.000E+00  0.000E+00  0.000E+00
  325.5000  2.844E-03  2.599E-03  2.342E-03  2.092E-03  1.878E-03  1.693E-03  1.533E-03  1.371E-03  1.206E-03  1.089E-03  9.425E-04  8.305E-04  7.298E-04  6.297E-04  5.437E-04  4.687E-04  4.021E-04  3.430E-04  2.912E-04  2.466E-04  2.086E-04  1.733E-04  1.436E-04  1.200E-04  9.699E-05  7.888E-05  6.386E-05  5.055E-05  3.972E-05  3.088E-05  2.369E-05  1.791E-05  1.333E-05  9.754E-06  7.006E-06  4.727E-06  3.107E-06  1.851E-06  1.012E-06  4.468E-07  1.472E-07  3.443E-08  4.567E-09  2.442E-10  5.978E-12  3.389E-14  1.185E-17  2.465E-22  4.364E-30  0.000E+00  0.000E+00  0.000E+00  0.000E+00  0.000E+00  0.000E+00  0.000E+00  0.000E+00  0.000E+00  0.000E+00  0.000E+00  0.000E+00
  326.5000  5.008E-03  4.592E-03  4.148E-03  3.714E-03  3.338E-03  3.014E-03  2.734E-03  2.447E-03  2.151E-03  1.942E-03  1.677E-03  1.475E-03  1.293E-03  1.112E-03  9.558E-04  8.201E-04  7.003E-04  5.942E-04  5.017E-04  4.224E-04  3.554E-04  2.939E-04  2.423E-04  2.017E-04  1.625E-04  1.321E-04  1.068E-04  8.469E-05  6.673E-05  5.210E-05  4.017E-05  3.055E-05  2.290E-05  1.692E-05  1.233E-05  8.536E-06  5.849E-06  3.748E-06  2.278E-06  1.186E-06  5.001E-07  1.598E-07  2.933E-08  1.975E-09  4.958E-11  2.721E-13  8.906E-17  1.771E-21  3.434E-29  0.000E+00  0.000E+00  0.000E+00  0.000E+00  0.000E+00  0.000E+00  0.000E+00  0.000E+00  0.000E+00  0.000E+00  0.000E+00  0.000E+00
  327.5000  4.103E-03  3.756E-03  3.388E-03  3.034E-03  2.722E-03  2.455E-03  2.225E-03  1.990E-03  1.749E-03  1.578E-03  1.364E-03  1.200E-03  1.053E-03  9.057E-04  7.798E-04  6.701E-04  5.730E-04  4.870E-04  4.120E-04  3.476E-04  2.929E-04  2.427E-04  2.005E-04  1.671E-04  1.348E-04  1.096E-04  8.872E-05  7.032E-05  5.537E-05  4.318E-05  3.324E-05  2.524E-05  1.888E-05  1.392E-05  1.010E-05  6.948E-06  4.710E-06  2.959E-06  1.745E-06  8.654E-07  3.389E-07  9.855E-08  1.644E-08  1.054E-09  2.755E-11  1.651E-13  6.291E-17  1.521E-21  3.699E-29  0.000E+00  0.000E+00  0.000E+00  0.000E+00  0.000E+00  0.000E+00  0.000E+00  0.000E+00  0.000E+00  0.000E+00  0.000E+00  0.000E+00
  328.5000  3.790E-03  3.469E-03  3.129E-03  2.800E-03  2.512E-03  2.265E-03  2.052E-03  1.835E-03  1.612E-03  1.454E-03  1.256E-03  1.105E-03  9.685E-04  8.331E-04  7.170E-04  6.159E-04  5.265E-04  4.474E-04  3.783E-04  3.190E-04  2.688E-04  2.227E-04  1.839E-04  1.532E-04  1.236E-04  1.005E-04  8.132E-05  6.445E-05  5.075E-05  3.958E-05  3.048E-05  2.314E-05  1.731E-05  1.276E-05  9.263E-06  6.375E-06  4.324E-06  2.720E-06  1.608E-06  8.011E-07  3.165E-07  9.343E-08  1.596E-08  1.055E-09  2.867E-11  1.818E-13  7.574E-17  2.069E-21  6.002E-29  0.000E+00  0.000E+00  0.000E+00  0.000E+00  0.000E+00  0.000E+00  0.000E+00  0.000E+00  0.000E+00  0.000E+00  0.000E+00  0.000E+00
  329.5000  6.685E-03  6.148E-03  5.564E-03  4.991E-03  4.496E-03  4.069E-03  3.700E-03  3.317E-03  2.919E-03  2.640E-03  2.280E-03  2.007E-03  1.760E-03  1.511E-03  1.298E-03  1.112E-03  9.483E-04  8.029E-04  6.762E-04  5.679E-04  4.766E-04  3.931E-04  3.231E-04  2.684E-04  2.158E-04  1.751E-04  1.415E-04  1.122E-04  8.850E-05  6.923E-05  5.353E-05  4.085E-05  3.074E-05  2.283E-05  1.674E-05  1.172E-05  8.166E-06  5.386E-06  3.416E-06  1.905E-06  8.941E-07  3.288E-07  7.083E-08  5.544E-09  1.546E-10  9.696E-13  3.940E-16  1.075E-20  3.489E-28  0.000E+00  0.000E+00  0.000E+00  0.000E+00  0.000E+00  0.000E+00  0.000E+00  0.000E+00  0.000E+00  0.000E+00  0.000E+00  0.000E+00
  330.5000  5.323E-03  4.884E-03  4.413E-03  3.951E-03  3.553E-03  3.209E-03  2.912E-03  2.607E-03  2.292E-03  2.070E-03  1.787E-03  1.572E-03  1.378E-03  1.184E-03  1.017E-03  8.724E-04  7.444E-04  6.310E-04  5.323E-04  4.478E-04  3.764E-04  3.110E-04  2.561E-04  2.131E-04  1.716E-04  1.394E-04  1.127E-04  8.936E-05  7.045E-05  5.505E-05  4.250E-05  3.237E-05  2.430E-05  1.800E-05  1.316E-05  9.155E-06  6.320E-06  4.099E-06  2.533E-06  1.355E-06  5.957E-07  2.016E-07  3.994E-08  2.997E-09  8.694E-11  5.931E-13  2.779E-16  9.100E-21  3.647E-28  0.000E+00  0.000E+00  0.000E+00  0.000E+00  0.000E+00  0.000E+00  0.000E+00  0.000E+00  0.000E+00  0.000E+00  0.000E+00  0.000E+00
  331.5000  5.116E-03  4.691E-03  4.236E-03  3.792E-03  3.408E-03  3.076E-03  2.790E-03  2.497E-03  2.194E-03  1.981E-03  1.710E-03  1.504E-03  1.317E-03  1.132E-03  9.727E-04  8.343E-04  7.117E-04  6.034E-04  5.091E-04  4.283E-04  3.601E-04  2.975E-04  2.451E-04  2.039E-04  1.642E-04  1.334E-04  1.079E-04  8.555E-05  6.743E-05  5.268E-05  4.066E-05  3.096E-05  2.324E-05  1.721E-05  1.256E-05  8.736E-06  6.020E-06  3.893E-06  2.396E-06  1.273E-06  5.546E-07  1.858E-07  3.664E-08  2.779E-09  8.366E-11  6.063E-13  3.136E-16  1.173E-20  5.617E-28  0.000E+00  0.000E+00  0.000E+00  0.000E+00  0.000E+00  0.000E+00  0.000E+00  0.000E+00  0.000E+00  0.000E+00  0.000E+00  0.000E+00
  332.5000  6.363E-03  5.859E-03  5.309E-03  4.767E-03  4.298E-03  3.893E-03  3.545E-03  3.181E-03  2.801E-03  2.536E-03  2.191E-03  1.929E-03  1.692E-03  1.453E-03  1.248E-03  1.069E-03  9.103E-04  7.700E-04  6.478E-04  5.435E-04  4.556E-04  3.752E-04  3.079E-04  2.556E-04  2.052E-04  1.664E-04  1.344E-04  1.065E-04  8.406E-05  6.581E-05  5.095E-05  3.894E-05  2.935E-05  2.185E-05  1.608E-05  1.130E-05  7.928E-06  5.289E-06  3.412E-06  1.958E-06  9.619E-07  3.769E-07  8.795E-08  7.576E-09  2.343E-10  1.708E-12  8.862E-16  3.409E-20  1.846E-27  0.000E+00  0.000E+00  0.000E+00  0.000E+00  0.000E+00  0.000E+00  0.000E+00  0.000E+00  0.000E+00  0.000E+00  0.000E+00  0.000E+00
  333.5000  5.395E-03  4.958E-03  4.484E-03  4.020E-03  3.618E-03  3.272E-03  2.973E-03  2.664E-03  2.342E-03  2.117E-03  1.828E-03  1.608E-03  1.409E-03  1.210E-03  1.039E-03  8.901E-04  7.587E-04  6.422E-04  5.408E-04  4.542E-04  3.811E-04  3.143E-04  2.583E-04  2.146E-04  1.725E-04  1.400E-04  1.132E-04  8.971E-05  7.076E-05  5.536E-05  4.281E-05  3.267E-05  2.459E-05  1.827E-05  1.340E-05  9.385E-06  6.543E-06  4.316E-06  2.736E-06  1.525E-06  7.163E-07  2.648E-07  5.838E-08  4.905E-09  1.575E-10  1.236E-12  7.264E-16  3.280E-20  2.151E-27  0.000E+00  0.000E+00  0.000E+00  0.000E+00  0.000E+00  0.000E+00  0.000E+00  0.000E+00  0.000E+00  0.000E+00  0.000E+00  0.000E+00
  334.5000  6.351E-03  5.841E-03  5.287E-03  4.742E-03  4.271E-03  3.865E-03  3.515E-03  3.151E-03  2.772E-03  2.508E-03  2.165E-03  1.905E-03  1.670E-03  1.433E-03  1.230E-03  1.054E-03  8.974E-04  7.591E-04  6.388E-04  5.360E-04  4.494E-04  3.702E-04  3.039E-04  2.523E-04  2.027E-04  1.644E-04  1.328E-04  1.053E-04  8.305E-05  6.500E-05  5.030E-05  3.842E-05  2.895E-05  2.154E-05  1.583E-05  1.111E-05  7.776E-06  5.167E-06  3.312E-06  1.882E-06  9.110E-07  3.507E-07  8.110E-08  7.132E-09  2.366E-10  1.935E-12  1.215E-15  6.031E-20  4.610E-27  0.000E+00  0.000E+00  0.000E+00  0.000E+00  0.000E+00  0.000E+00  0.000E+00  0.000E+00  0.000E+00  0.000E+00  0.000E+00  0.000E+00
  335.5000  7.240E-03  6.676E-03  6.055E-03  5.441E-03  4.911E-03  4.454E-03  4.060E-03  3.647E-03  3.213E-03  2.913E-03  2.517E-03  2.217E-03  1.945E-03  1.670E-03  1.434E-03  1.228E-03  1.045E-03  8.836E-04  7.426E-04  6.223E-04  5.211E-04  4.286E-04  3.512E-04  2.913E-04  2.335E-04  1.892E-04  1.527E-04  1.210E-04  9.549E-05  7.481E-05  5.798E-05  4.437E-05  3.351E-05  2.499E-05  1.843E-05  1.301E-05  9.175E-06  6.179E-06  4.045E-06  2.380E-06  1.217E-06  5.049E-07  1.268E-07  1.195E-08  4.085E-10  3.438E-12  2.256E-15  1.205E-19  1.062E-26  0.000E+00  0.000E+00  0.000E+00  0.000E+00  0.000E+00  0.000E+00  0.000E+00  0.000E+00  0.000E+00  0.000E+00  0.000E+00  0.000E+00
  336.5000  5.467E-03  5.037E-03  4.565E-03  4.100E-03  3.697E-03  3.350E-03  3.051E-03  2.739E-03  2.411E-03  2.185E-03  1.887E-03  1.661E-03  1.457E-03  1.250E-03  1.073E-03  9.187E-04  7.823E-04  6.612E-04  5.558E-04  4.658E-04  3.901E-04  3.210E-04  2.631E-04  2.182E-04  1.750E-04  1.419E-04  1.145E-04  9.074E-05  7.160E-05  5.608E-05  4.345E-05  3.324E-05  2.509E-05  1.871E-05  1.379E-05  9.718E-06  6.844E-06  4.596E-06  2.995E-06  1.749E-06  8.849E-07  3.620E-07  9.003E-08  8.537E-09  3.018E-10  2.691E-12  1.941E-15  1.176E-19  1.226E-26  0.000E+00  0.000E+00  0.000E+00  0.000E+00  0.000E+00  0.000E+00  0.000E+00  0.000E+00  0.000E+00  0.000E+00  0.000E+00  0.000E+00
  337.5000  5.527E-03  5.082E-03  4.599E-03  4.125E-03  3.714E-03  3.360E-03  3.055E-03  2.738E-03  2.408E-03  2.178E-03  1.879E-03  1.653E-03  1.449E-03  1.243E-03  1.067E-03  9.137E-04  7.776E-04  6.576E-04  5.531E-04  4.639E-04  3.888E-04  3.202E-04  2.627E-04  2.181E-04  1.751E-04  1.420E-04  1.147E-04  9.089E-05  7.171E-05  5.613E-05  4.345E-05  3.320E-05  2.503E-05  1.863E-05  1.370E-05  9.633E-06  6.753E-06  4.498E-06  2.894E-06  1.655E-06  8.099E-07  3.174E-07  7.575E-08  7.074E-09  2.590E-10  2.467E-12  1.988E-15  1.389E-19  1.727E-26  0.000E+00  0.000E+00  0.000E+00  0.000E+00  0.000E+00  0.000E+00  0.000E+00  0.000E+00  0.000E+00  0.000E+00  0.000E+00  0.000E+00
  338.5000  6.606E-03  6.091E-03  5.524E-03  4.964E-03  4.479E-03  4.062E-03  3.702E-03  3.325E-03  2.929E-03  2.655E-03  2.293E-03  2.020E-03  1.772E-03  1.521E-03  1.305E-03  1.117E-03  9.505E-04  8.029E-04  6.745E-04  5.649E-04  4.728E-04  3.886E-04  3.182E-04  2.638E-04  2.113E-04  1.712E-04  1.381E-04  1.094E-04  8.634E-05  6.765E-05  5.244E-05  4.015E-05  3.034E-05  2.265E-05  1.672E-05  1.181E-05  8.343E-06  5.634E-06  3.704E-06  2.196E-06  1.139E-06  4.831E-07  1.260E-07  1.266E-08  4.768E-10  4.657E-12  3.895E-15  2.898E-19  4.105E-26  0.000E+00  0.000E+00  0.000E+00  0.000E+00  0.000E+00  0.000E+00  0.000E+00  0.000E+00  0.000E+00  0.000E+00  0.000E+00  0.000E+00
  339.5000  7.306E-03  6.739E-03  6.113E-03  5.494E-03  4.959E-03  4.499E-03  4.101E-03  3.685E-03  3.245E-03  2.943E-03  2.542E-03  2.239E-03  1.964E-03  1.686E-03  1.447E-03  1.238E-03  1.053E-03  8.895E-04  7.470E-04  6.254E-04  5.232E-04  4.298E-04  3.518E-04  2.915E-04  2.334E-04  1.891E-04  1.525E-04  1.208E-04  9.530E-05  7.468E-05  5.791E-05  4.436E-05  3.353E-05  2.504E-05  1.850E-05  1.308E-05  9.251E-06  6.262E-06  4.131E-06  2.465E-06  1.293E-06  5.571E-07  1.485E-07  1.533E-08  5.959E-10  6.091E-12  5.479E-15  4.510E-19  7.416E-26  0.000E+00  0.000E+00  0.000E+00  0.000E+00  0.000E+00  0.000E+00  0.000E+00  0.000E+00  0.000E+00  0.000E+00  0.000E+00  0.000E+00
  340.5000  7.460E-03  6.873E-03  6.229E-03  5.593E-03  5.044E-03  4.570E-03  4.162E-03  3.735E-03  3.287E-03  2.978E-03  2.571E-03  2.263E-03  1.984E-03  1.702E-03  1.460E-03  1.250E-03  1.063E-03  8.978E-04  7.541E-04  6.315E-04  5.284E-04  4.344E-04  3.557E-04  2.948E-04  2.362E-04  1.914E-04  1.544E-04  1.223E-04  9.653E-05  7.562E-05  5.862E-05  4.487E-05  3.390E-05  2.530E-05  1.867E-05  1.318E-05  9.304E-06  6.274E-06  4.114E-06  2.431E-06  1.255E-06  5.296E-07  1.386E-07  1.431E-08  5.742E-10  6.210E-12  6.137E-15  5.720E-19  1.106E-25  0.000E+00  0.000E+00  0.000E+00  0.000E+00  0.000E+00  0.000E+00  0.000E+00  0.000E+00  0.000E+00  0.000E+00  0.000E+00  0.000E+00
  341.5000  7.075E-03  6.528E-03  5.924E-03  5.325E-03  4.808E-03  4.363E-03  3.979E-03  3.575E-03  3.150E-03  2.857E-03  2.468E-03  2.174E-03  1.907E-03  1.637E-03  1.405E-03  1.201E-03  1.022E-03  8.629E-04  7.243E-04  6.061E-04  5.069E-04  4.162E-04  3.404E-04  2.820E-04  2.256E-04  1.827E-04  1.473E-04  1.166E-04  9.204E-05  7.214E-05  5.596E-05  4.288E-05  3.243E-05  2.424E-05  1.792E-05  1.269E-05  8.992E-06  6.105E-06  4.046E-06  2.434E-06  1.295E-06  5.697E-07  1.566E-07  1.692E-08  6.987E-10  7.825E-12  8.170E-15  8.260E-19  1.831E-25  0.000E+00  0.000E+00  0.000E+00  0.000E+00  0.000E+00  0.000E+00  0.000E+00  0.000E+00  0.000E+00  0.000E+00  0.000E+00  0.000E+00
  342.5000  7.936E-03  7.324E-03  6.647E-03  5.976E-03  5.397E-03  4.898E-03  4.468E-03  4.016E-03  3.538E-03  3.210E-03  2.772E-03  2.443E-03  2.143E-03  1.839E-03  1.578E-03  1.349E-03  1.148E-03  9.689E-04  8.131E-04  6.802E-04  5.686E-04  4.668E-04  3.816E-04  3.160E-04  2.528E-04  2.046E-04  1.650E-04  1.306E-04  1.030E-04  8.076E-05  6.266E-05  4.803E-05  3.634E-05  2.718E-05  2.010E-05  1.424E-05  1.010E-05  6.869E-06  4.565E-06  2.760E-06  1.480E-06  6.592E-07  1.845E-07  2.041E-08  8.688E-10  1.017E-11  1.140E-14  1.272E-18  3.255E-25  0.000E+00  0.000E+00  0.000E+00  0.000E+00  0.000E+00  0.000E+00  0.000E+00  0.000E+00  0.000E+00  0.000E+00  0.000E+00  0.000E+00
  343.5000  8.061E-03  7.435E-03  6.744E-03  6.060E-03  5.470E-03  4.961E-03  4.522E-03  4.062E-03  3.577E-03  3.243E-03  2.800E-03  2.466E-03  2.163E-03  1.855E-03  1.591E-03  1.361E-03  1.157E-03  9.768E-04  8.196E-04  6.857E-04  5.732E-04  4.706E-04  3.848E-04  3.186E-04  2.549E-04  2.064E-04  1.664E-04  1.317E-04  1.039E-04  8.146E-05  6.319E-05  4.843E-05  3.663E-05  2.738E-05  2.025E-05  1.434E-05  1.016E-05  6.901E-06  4.575E-06  2.756E-06  1.470E-06  6.505E-07  1.815E-07  2.029E-08  8.902E-10  1.095E-11  1.333E-14  1.659E-18  4.925E-25  0.000E+00  0.000E+00  0.000E+00  0.000E+00  0.000E+00  0.000E+00  0.000E+00  0.000E+00  0.000E+00  0.000E+00  0.000E+00  0.000E+00
  344.5000  5.512E-03  5.080E-03  4.606E-03  4.137E-03  3.731E-03  3.382E-03  3.081E-03  2.766E-03  2.434E-03  2.205E-03  1.903E-03  1.676E-03  1.469E-03  1.260E-03  1.080E-03  9.239E-04  7.854E-04  6.628E-04  5.562E-04  4.653E-04  3.890E-04  3.194E-04  2.613E-04  2.164E-04  1.732E-04  1.402E-04  1.130E-04  8.950E-05  7.062E-05  5.534E-05  4.292E-05  3.288E-05  2.487E-05  1.858E-05  1.373E-05  9.720E-06  6.883E-06  4.666E-06  3.085E-06  1.851E-06  9.804E-07  4.302E-07  1.194E-07  1.345E-08  6.082E-10  7.863E-12  1.038E-14  1.442E-18  4.966E-25  0.000E+00  0.000E+00  0.000E+00  0.000E+00  0.000E+00  0.000E+00  0.000E+00  0.000E+00  0.000E+00  0.000E+00  0.000E+00  0.000E+00
  345.5000  8.060E-03  7.441E-03  6.755E-03  6.075E-03  5.486E-03  4.980E-03  4.544E-03  4.084E-03  3.598E-03  3.265E-03  2.820E-03  2.485E-03  2.180E-03  1.870E-03  1.604E-03  1.370E-03  1.166E-03  9.839E-04  8.252E-04  6.899E-04  5.764E-04  4.728E-04  3.862E-04  3.196E-04  2.554E-04  2.066E-04  1.665E-04  1.318E-04  1.040E-04  8.149E-05  6.325E-05  4.851E-05  3.673E-05  2.749E-05  2.035E-05  1.444E-05  1.026E-05  7.003E-06  4.677E-06  2.853E-06  1.555E-06  7.096E-07  2.064E-07  2.429E-08  1.128E-09  1.507E-11  2.094E-14  3.137E-18  1.225E-24  0.000E+00  0.000E+00  0.000E+00  0.000E+00  0.000E+00  0.000E+00  0.000E+00  0.000E+00  0.000E+00  0.000E+00  0.000E+00  0.000E+00
  346.5000  7.250E-03  6.685E-03  6.064E-03  5.448E-03  4.916E-03  4.457E-03  4.062E-03  3.648E-03  3.211E-03  2.911E-03  2.512E-03  2.212E-03  1.939E-03  1.663E-03  1.426E-03  1.219E-03  1.036E-03  8.741E-04  7.332E-04  6.131E-04  5.123E-04  4.203E-04  3.435E-04  2.843E-04  2.274E-04  1.840E-04  1.483E-04  1.174E-04  9.261E-05  7.259E-05  5.632E-05  4.317E-05  3.267E-05  2.444E-05  1.808E-05  1.281E-05  9.092E-06  6.185E-06  4.111E-06  2.489E-06  1.340E-06  6.023E-07  1.730E-07  2.041E-08  9.769E-10  1.373E-11  2.075E-14  3.473E-18  1.574E-24  0.000E+00  0.000E+00  0.000E+00  0.000E+00  0.000E+00  0.000E+00  0.000E+00  0.000E+00  0.000E+00  0.000E+00  0.000E+00  0.000E+00
  347.5000  7.119E-03  6.565E-03  5.955E-03  5.350E-03  4.827E-03  4.377E-03  3.989E-03  3.583E-03  3.154E-03  2.859E-03  2.467E-03  2.172E-03  1.904E-03  1.633E-03  1.400E-03  1.197E-03  1.017E-03  8.577E-04  7.192E-04  6.013E-04  5.023E-04  4.120E-04  3.367E-04  2.786E-04  2.227E-04  1.802E-04  1.452E-04  1.149E-04  9.067E-05  7.107E-05  5.514E-05  4.228E-05  3.200E-05  2.394E-05  1.772E-05  1.256E-05  8.919E-06  6.073E-06  4.043E-06  2.454E-06  1.328E-06  6.016E-07  1.750E-07  2.106E-08  1.036E-09  1.519E-11  2.458E-14  4.519E-18  2.344E-24  0.000E+00  0.000E+00  0.000E+00  0.000E+00  0.000E+00  0.000E+00  0.000E+00  0.000E+00  0.000E+00  0.000E+00  0.000E+00  0.000E+00
  348.5000  7.939E-03  7.324E-03  6.645E-03  5.971E-03  5.389E-03  4.888E-03  4.456E-03  4.003E-03  3.524E-03  3.195E-03  2.758E-03  2.428E-03  2.129E-03  1.825E-03  1.565E-03  1.338E-03  1.137E-03  9.584E-04  8.035E-04  6.715E-04  5.608E-04  4.598E-04  3.755E-04  3.107E-04  2.483E-04  2.008E-04  1.618E-04  1.280E-04  1.010E-04  7.916E-05  6.144E-05  4.712E-05  3.568E-05  2.671E-05  1.977E-05  1.403E-05  9.970E-06  6.801E-06  4.540E-06  2.770E-06  1.512E-06  6.934E-07  2.053E-07  2.528E-08  1.278E-09  1.950E-11  3.365E-14  6.762E-18  4.000E-24  0.000E+00  0.000E+00  0.000E+00  0.000E+00  0.000E+00  0.000E+00  0.000E+00  0.000E+00  0.000E+00  0.000E+00  0.000E+00  0.000E+00
  349.5000  6.642E-03  6.127E-03  5.558E-03  4.994E-03  4.507E-03  4.087E-03  3.726E-03  3.346E-03  2.945E-03  2.670E-03  2.304E-03  2.029E-03  1.778E-03  1.524E-03  1.307E-03  1.117E-03  9.488E-04  7.999E-04  6.704E-04  5.602E-04  4.678E-04  3.835E-04  3.131E-04  2.590E-04  2.070E-04  1.674E-04  1.348E-04  1.067E-04  8.415E-05  6.596E-05  5.119E-05  3.926E-05  2.973E-05  2.226E-05  1.648E-05  1.170E-05  8.314E-06  5.673E-06  3.789E-06  2.315E-06  1.266E-06  5.834E-07  1.742E-07  2.181E-08  1.134E-09  1.804E-11  3.333E-14  7.351E-18  4.963E-24  0.000E+00  0.000E+00  0.000E+00  0.000E+00  0.000E+00  0.000E+00  0.000E+00  0.000E+00  0.000E+00  0.000E+00  0.000E+00  0.000E+00
  350.5000  9.334E-03  8.610E-03  7.811E-03  7.019E-03  6.333E-03  5.743E-03  5.235E-03  4.702E-03  4.138E-03  3.752E-03  3.237E-03  2.850E-03  2.498E-03  2.141E-03  1.835E-03  1.568E-03  1.332E-03  1.123E-03  9.410E-04  7.861E-04  6.562E-04  5.379E-04  4.391E-04  3.631E-04  2.900E-04  2.346E-04  1.889E-04  1.494E-04  1.179E-04  9.239E-05  7.172E-05  5.501E-05  4.167E-05  3.120E-05  2.311E-05  1.641E-05  1.167E-05  7.967E-06  5.328E-06  3.263E-06  1.792E-06  8.313E-07  2.510E-07  3.201E-08  1.709E-09  2.832E-11  5.590E-14  1.349E-17  1.036E-23  0.000E+00  0.000E+00  0.000E+00  0.000E+00  0.000E+00  0.000E+00  0.000E+00  0.000E+00  0.000E+00  0.000E+00  0.000E+00  0.000E+00
  351.5000  8.003E-03  7.381E-03  6.695E-03  6.015E-03  5.426E-03  4.920E-03  4.483E-03  4.026E-03  3.542E-03  3.211E-03  2.770E-03  2.438E-03  2.137E-03  1.831E-03  1.569E-03  1.341E-03  1.138E-03  9.595E-04  8.039E-04  6.715E-04  5.604E-04  4.593E-04  3.749E-04  3.100E-04  2.476E-04  2.002E-04  1.612E-04  1.275E-04  1.006E-04  7.884E-05  6.120E-05  4.695E-05  3.556E-05  2.663E-05  1.972E-05  1.400E-05  9.957E-06  6.800E-06  4.548E-06  2.787E-06  1.532E-06  7.123E-07  2.164E-07  2.801E-08  1.537E-09  2.654E-11  5.605E-14  1.482E-17  1.296E-23  0.000E+00  0.000E+00  0.000E+00  0.000E+00  0.000E+00  0.000E+00  0.000E+00  0.000E+00  0.000E+00  0.000E+00  0.000E+00  0.000E+00
  352.5000  7.254E-03  6.691E-03  6.069E-03  5.453E-03  4.919E-03  4.460E-03  4.065E-03  3.650E-03  3.212E-03  2.911E-03  2.511E-03  2.210E-03  1.937E-03  1.660E-03  1.422E-03  1.214E-03  1.031E-03  8.691E-04  7.280E-04  6.080E-04  5.073E-04  4.157E-04  3.392E-04  2.804E-04  2.239E-04  1.810E-04  1.457E-04  1.153E-04  9.091E-05  7.126E-05  5.531E-05  4.244E-05  3.215E-05  2.408E-05  1.784E-05  1.267E-05  9.016E-06  6.163E-06  4.128E-06  2.536E-06  1.401E-06  6.559E-07  2.016E-07  2.658E-08  1.497E-09  2.689E-11  6.049E-14  1.745E-17  1.729E-23  0.000E+00  0.000E+00  0.000E+00  0.000E+00  0.000E+00  0.000E+00  0.000E+00  0.000E+00  0.000E+00  0.000E+00  0.000E+00  0.000E+00
  353.5000  8.800E-03  8.117E-03  7.364E-03  6.616E-03  5.970E-03  5.413E-03  4.934E-03  4.431E-03  3.899E-03  3.534E-03  3.049E-03  2.683E-03  2.351E-03  2.015E-03  1.726E-03  1.475E-03  1.252E-03  1.055E-03  8.832E-04  7.374E-04  6.152E-04  5.039E-04  4.110E-04  3.397E-04  2.711E-04  2.192E-04  1.764E-04  1.395E-04  1.100E-04  8.624E-05  6.695E-05  5.138E-05  3.893E-05  2.917E-05  2.162E-05  1.536E-05  1.094E-05  7.484E-06  5.021E-06  3.094E-06  1.719E-06  8.116E-07  2.527E-07  3.396E-08  1.962E-09  3.662E-11  8.762E-14  2.750E-17  3.083E-23  0.000E+00  0.000E+00  0.000E+00  0.000E+00  0.000E+00  0.000E+00  0.000E+00  0.000E+00  0.000E+00  0.000E+00  0.000E+00  0.000E+00
  354.5000  9.586E-03  8.843E-03  8.023E-03  7.210E-03  6.505E-03  5.899E-03  5.377E-03  4.829E-03  4.249E-03  3.852E-03  3.323E-03  2.925E-03  2.563E-03  2.196E-03  1.881E-03  1.607E-03  1.364E-03  1.149E-03  9.618E-04  8.028E-04  6.696E-04  5.483E-04  4.471E-04  3.695E-04  2.948E-04  2.382E-04  1.917E-04  1.516E-04  1.195E-04  9.371E-05  7.276E-05  5.584E-05  4.232E-05  3.172E-05  2.352E-05  1.672E-05  1.191E-05  8.156E-06  5.480E-06  3.387E-06  1.891E-06  8.997E-07  2.835E-07  3.882E-08  2.299E-09  4.457E-11  1.134E-13  3.870E-17  4.900E-23  0.000E+00  0.000E+00  0.000E+00  0.000E+00  0.000E+00  0.000E+00  0.000E+00  0.000E+00  0.000E+00  0.000E+00  0.000E+00  0.000E+00
  355.5000  8.967E-03  8.272E-03  7.504E-03  6.743E-03  6.084E-03  5.517E-03  5.028E-03  4.515E-03  3.973E-03  3.601E-03  3.106E-03  2.734E-03  2.395E-03  2.052E-03  1.757E-03  1.501E-03  1.274E-03  1.073E-03  8.979E-04  7.493E-04  6.249E-04  5.116E-04  4.171E-04  3.446E-04  2.749E-04  2.221E-04  1.787E-04  1.413E-04  1.114E-04  8.733E-05  6.781E-05  5.205E-05  3.945E-05  2.957E-05  2.193E-05  1.559E-05  1.111E-05  7.613E-06  5.120E-06  3.169E-06  1.774E-06  8.485E-07  2.698E-07  3.754E-08  2.281E-09  4.593E-11  1.243E-13  4.616E-17  6.596E-23  0.000E+00  0.000E+00  0.000E+00  0.000E+00  0.000E+00  0.000E+00  0.000E+00  0.000E+00  0.000E+00  0.000E+00  0.000E+00  0.000E+00
  356.5000  8.320E-03  7.675E-03  6.962E-03  6.255E-03  5.643E-03  5.117E-03  4.663E-03  4.187E-03  3.683E-03  3.339E-03  2.879E-03  2.534E-03  2.220E-03  1.901E-03  1.628E-03  1.390E-03  1.180E-03  9.932E-04  8.313E-04  6.936E-04  5.783E-04  4.733E-04  3.858E-04  3.187E-04  2.542E-04  2.054E-04  1.652E-04  1.306E-04  1.030E-04  8.072E-05  6.267E-05  4.811E-05  3.647E-05  2.734E-05  2.028E-05  1.442E-05  1.028E-05  7.047E-06  4.742E-06  2.939E-06  1.650E-06  7.923E-07  2.540E-07  3.590E-08  2.236E-09  4.677E-11  1.346E-13  5.434E-17  8.749E-23  0.000E+00  0.000E+00  0.000E+00  0.000E+00  0.000E+00  0.000E+00  0.000E+00  0.000E+00  0.000E+00  0.000E+00  0.000E+00  0.000E+00
  357.5000  7.068E-03  6.519E-03  5.914E-03  5.313E-03  4.792E-03  4.344E-03  3.959E-03  3.554E-03  3.126E-03  2.833E-03  2.443E-03  2.149E-03  1.883E-03  1.612E-03  1.381E-03  1.179E-03  1.000E-03  8.418E-04  7.044E-04  5.876E-04  4.898E-04  4.009E-04  3.267E-04  2.698E-04  2.152E-04  1.738E-04  1.398E-04  1.105E-04  8.712E-05  6.829E-05  5.303E-05  4.071E-05  3.086E-05  2.314E-05  1.717E-05  1.221E-05  8.703E-06  5.969E-06  4.019E-06  2.494E-06  1.403E-06  6.764E-07  2.185E-07  3.136E-08  2.001E-09  4.346E-11  1.329E-13  5.827E-17  1.056E-22  0.000E+00  0.000E+00  0.000E+00  0.000E+00  0.000E+00  0.000E+00  0.000E+00  0.000E+00  0.000E+00  0.000E+00  0.000E+00  0.000E+00
  358.5000  5.473E-03  5.048E-03  4.579E-03  4.114E-03  3.711E-03  3.364E-03  3.066E-03  2.752E-03  2.421E-03  2.194E-03  1.891E-03  1.664E-03  1.458E-03  1.248E-03  1.069E-03  9.113E-04  7.736E-04  6.512E-04  5.448E-04  4.544E-04  3.787E-04  3.098E-04  2.524E-04  2.084E-04  1.662E-04  1.342E-04  1.079E-04  8.530E-05  6.725E-05  5.271E-05  4.093E-05  3.143E-05  2.383E-05  1.787E-05  1.326E-05  9.434E-06  6.728E-06  4.617E-06  3.112E-06  1.935E-06  1.092E-06  5.299E-07  1.729E-07  2.522E-08  1.649E-09  3.712E-11  1.204E-13  5.717E-17  1.162E-22  0.000E+00  0.000E+00  0.000E+00  0.000E+00  0.000E+00  0.000E+00  0.000E+00  0.000E+00  0.000E+00  0.000E+00  0.000E+00  0.000E+00
  359.5000  9.214E-03  8.498E-03  7.708E-03  6.925E-03  6.246E-03  5.662E-03  5.159E-03  4.631E-03  4.072E-03  3.690E-03  3.181E-03  2.798E-03  2.451E-03  2.098E-03  1.796E-03  1.534E-03  1.300E-03  1.094E-03  9.153E-04  7.632E-04  6.359E-04  5.202E-04  4.237E-04  3.498E-04  2.788E-04  2.252E-04  1.811E-04  1.431E-04  1.128E-04  8.840E-05  6.865E-05  5.271E-05  3.998E-05  2.998E-05  2.225E-05  1.583E-05  1.129E-05  7.754E-06  5.230E-06  3.256E-06  1.843E-06  8.978E-07  2.954E-07  4.374E-08  2.928E-09  6.837E-11  2.351E-13  1.209E-16  2.757E-22  0.000E+00  0.000E+00  0.000E+00  0.000E+00  0.000E+00  0.000E+00  0.000E+00  0.000E+00  0.000E+00  0.000E+00  0.000E+00  0.000E+00
  360.5000  8.546E-03  7.882E-03  7.149E-03  6.422E-03  5.792E-03  5.250E-03  4.783E-03  4.293E-03  3.775E-03  3.421E-03  2.948E-03  2.593E-03  2.271E-03  1.944E-03  1.664E-03  1.421E-03  1.204E-03  1.013E-03  8.473E-04  7.064E-04  5.884E-04  4.813E-04  3.919E-04  3.235E-04  2.578E-04  2.081E-04  1.673E-04  1.322E-04  1.042E-04  8.169E-05  6.344E-05  4.871E-05  3.695E-05  2.771E-05  2.057E-05  1.464E-05  1.045E-05  7.176E-06  4.843E-06  3.020E-06  1.714E-06  8.386E-07  2.781E-07  4.182E-08  2.866E-09  6.934E-11  2.526E-13  1.406E-16  3.586E-22  0.000E+00  0.000E+00  0.000E+00  0.000E+00  0.000E+00  0.000E+00  0.000E+00  0.000E+00  0.000E+00  0.000E+00  0.000E+00  0.000E+00
  361.5000  7.724E-03  7.124E-03  6.462E-03  5.804E-03  5.235E-03  4.745E-03  4.323E-03  3.880E-03  3.411E-03  3.091E-03  2.664E-03  2.343E-03  2.051E-03  1.756E-03  1.503E-03  1.281E-03  1.087E-03  9.145E-04  7.647E-04  6.373E-04  5.308E-04  4.340E-04  3.534E-04  2.916E-04  2.323E-04  1.876E-04  1.508E-04  1.191E-04  9.388E-05  7.358E-05  5.714E-05  4.388E-05  3.329E-05  2.497E-05  1.854E-05  1.320E-05  9.422E-06  6.475E-06  4.375E-06  2.732E-06  1.556E-06  7.651E-07  2.561E-07  3.910E-08  2.742E-09  6.870E-11  2.648E-13  1.591E-16  4.536E-22  0.000E+00  0.000E+00  0.000E+00  0.000E+00  0.000E+00  0.000E+00  0.000E+00  0.000E+00  0.000E+00  0.000E+00  0.000E+00  0.000E+00
  362.5000  9.084E-03  8.378E-03  7.599E-03  6.825E-03  6.156E-03  5.579E-03  5.083E-03  4.561E-03  4.010E-03  3.633E-03  3.131E-03  2.754E-03  2.411E-03  2.063E-03  1.766E-03  1.507E-03  1.277E-03  1.074E-03  8.978E-04  7.481E-04  6.230E-04  5.093E-04  4.145E-04  3.420E-04  2.724E-04  2.199E-04  1.767E-04  1.396E-04  1.100E-04  8.623E-05  6.697E-05  5.143E-05  3.902E-05  2.928E-05  2.174E-05  1.548E-05  1.105E-05  7.601E-06  5.139E-06  3.214E-06  1.835E-06  9.069E-07  3.061E-07  4.744E-08  3.404E-09  8.828E-11  3.597E-13  2.333E-16  7.419E-22  0.000E+00  0.000E+00  0.000E+00  0.000E+00  0.000E+00  0.000E+00  0.000E+00  0.000E+00  0.000E+00  0.000E+00  0.000E+00  0.000E+00
  363.5000  8.087E-03  7.458E-03  6.765E-03  6.075E-03  5.479E-03  4.965E-03  4.523E-03  4.059E-03  3.568E-03  3.233E-03  2.785E-03  2.449E-03  2.144E-03  1.835E-03  1.570E-03  1.339E-03  1.135E-03  9.543E-04  7.977E-04  6.646E-04  5.533E-04  4.522E-04  3.680E-04  3.036E-04  2.418E-04  1.951E-04  1.568E-04  1.238E-04  9.758E-05  7.648E-05  5.939E-05  4.562E-05  3.462E-05  2.598E-05  1.929E-05  1.374E-05  9.814E-06  6.751E-06  4.567E-06  2.861E-06  1.638E-06  8.126E-07  2.764E-07  4.347E-08  3.190E-09  8.561E-11  3.687E-13  2.577E-16  9.134E-22  0.000E+00  0.000E+00  0.000E+00  0.000E+00  0.000E+00  0.000E+00  0.000E+00  0.000E+00  0.000E+00  0.000E+00  0.000E+00  0.000E+00
  364.5000  8.820E-03  8.133E-03  7.377E-03  6.624E-03  5.974E-03  5.413E-03  4.930E-03  4.424E-03  3.889E-03  3.522E-03  3.034E-03  2.668E-03  2.335E-03  1.998E-03  1.709E-03  1.458E-03  1.235E-03  1.039E-03  8.680E-04  7.230E-04  6.018E-04  4.918E-04  4.001E-04  3.300E-04  2.627E-04  2.120E-04  1.703E-04  1.345E-04  1.060E-04  8.307E-05  6.452E-05  4.956E-05  3.761E-05  2.822E-05  2.097E-05  1.494E-05  1.067E-05  7.342E-06  4.970E-06  3.116E-06  1.788E-06  8.905E-07  3.051E-07  4.866E-08  3.651E-09  1.014E-10  4.611E-13  3.473E-16  1.369E-21  0.000E+00  0.000E+00  0.000E+00  0.000E+00  0.000E+00  0.000E+00  0.000E+00  0.000E+00  0.000E+00  0.000E+00  0.000E+00  0.000E+00
  365.5000  1.074E-02  9.903E-03  8.981E-03  8.066E-03  7.272E-03  6.588E-03  6.000E-03  5.383E-03  4.731E-03  4.285E-03  3.690E-03  3.245E-03  2.839E-03  2.429E-03  2.078E-03  1.774E-03  1.501E-03  1.262E-03  1.054E-03  8.780E-04  7.307E-04  5.970E-04  4.856E-04  4.004E-04  3.188E-04  2.572E-04  2.066E-04  1.631E-04  1.285E-04  1.007E-04  7.824E-05  6.010E-05  4.561E-05  3.423E-05  2.543E-05  1.812E-05  1.295E-05  8.912E-06  6.036E-06  3.789E-06  2.178E-06  1.088E-06  3.756E-07  6.071E-08  4.657E-09  1.337E-10  6.420E-13  5.204E-16  2.280E-21  0.000E+00  0.000E+00  0.000E+00  0.000E+00  0.000E+00  0.000E+00  0.000E+00  0.000E+00  0.000E+00  0.000E+00  0.000E+00  0.000E+00
  366.5000  1.138E-02  1.049E-02  9.518E-03  8.546E-03  7.706E-03  6.981E-03  6.357E-03  5.703E-03  5.012E-03  4.539E-03  3.909E-03  3.436E-03  3.007E-03  2.572E-03  2.200E-03  1.876E-03  1.589E-03  1.335E-03  1.115E-03  9.287E-04  7.727E-04  6.312E-04  5.133E-04  4.232E-04  3.368E-04  2.717E-04  2.182E-04  1.723E-04  1.357E-04  1.064E-04  8.261E-05  6.346E-05  4.817E-05  3.616E-05  2.687E-05  1.915E-05  1.369E-05  9.425E-06  6.387E-06  4.015E-06  2.314E-06  1.162E-06  4.040E-07  6.623E-08  5.191E-09  1.540E-10  7.795E-13  6.790E-16  3.300E-21  0.000E+00  0.000E+00  0.000E+00  0.000E+00  0.000E+00  0.000E+00  0.000E+00  0.000E+00  0.000E+00  0.000E+00  0.000E+00  0.000E+00
  367.5000  1.082E-02  9.979E-03  9.050E-03  8.126E-03  7.326E-03  6.637E-03  6.043E-03  5.421E-03  4.764E-03  4.314E-03  3.714E-03  3.265E-03  2.857E-03  2.443E-03  2.089E-03  1.784E-03  1.509E-03  1.268E-03  1.059E-03  8.814E-04  7.332E-04  5.988E-04  4.868E-04  4.013E-04  3.193E-04  2.575E-04  2.068E-04  1.632E-04  1.286E-04  1.008E-04  7.827E-05  6.013E-05  4.565E-05  3.427E-05  2.547E-05  1.816E-05  1.298E-05  8.942E-06  6.065E-06  3.818E-06  2.206E-06  1.112E-06  3.898E-07  6.480E-08  5.188E-09  1.589E-10  8.476E-13  7.926E-16  4.267E-21  0.000E+00  0.000E+00  0.000E+00  0.000E+00  0.000E+00  0.000E+00  0.000E+00  0.000E+00  0.000E+00  0.000E+00  0.000E+00  0.000E+00
  368.5000  9.510E-03  8.768E-03  7.951E-03  7.139E-03  6.436E-03  5.830E-03  5.308E-03  4.761E-03  4.183E-03  3.788E-03  3.261E-03  2.866E-03  2.507E-03  2.144E-03  1.833E-03  1.566E-03  1.323E-03  1.112E-03  9.284E-04  7.727E-04  6.426E-04  5.247E-04  4.265E-04  3.515E-04  2.796E-04  2.255E-04  1.810E-04  1.429E-04  1.126E-04  8.821E-05  6.851E-05  5.264E-05  3.996E-05  3.001E-05  2.230E-05  1.590E-05  1.137E-05  7.836E-06  5.318E-06  3.351E-06  1.940E-06  9.819E-07  3.466E-07  5.840E-08  4.776E-09  1.510E-10  8.483E-13  8.509E-16  5.069E-21  0.000E+00  0.000E+00  0.000E+00  0.000E+00  0.000E+00  0.000E+00  0.000E+00  0.000E+00  0.000E+00  0.000E+00  0.000E+00  0.000E+00
  369.5000  1.141E-02  1.052E-02  9.541E-03  8.565E-03  7.722E-03  6.994E-03  6.367E-03  5.711E-03  5.017E-03  4.542E-03  3.910E-03  3.436E-03  3.005E-03  2.570E-03  2.196E-03  1.875E-03  1.585E-03  1.332E-03  1.112E-03  9.251E-04  7.692E-04  6.279E-04  5.103E-04  4.204E-04  3.344E-04  2.696E-04  2.164E-04  1.708E-04  1.346E-04  1.054E-04  8.189E-05  6.292E-05  4.777E-05  3.588E-05  2.667E-05  1.902E-05  1.360E-05  9.378E-06  6.367E-06  4.017E-06  2.331E-06  1.184E-06  4.209E-07  7.187E-08  6.000E-09  1.959E-10  1.157E-12  1.244E-15  8.189E-21  0.000E+00  0.000E+00  0.000E+00  0.000E+00  0.000E+00  0.000E+00  0.000E+00  0.000E+00  0.000E+00  0.000E+00  0.000E+00  0.000E+00
  370.5000  1.036E-02  9.548E-03  8.657E-03  7.772E-03  7.006E-03  6.345E-03  5.776E-03  5.180E-03  4.550E-03  4.119E-03  3.545E-03  3.115E-03  2.724E-03  2.329E-03  1.990E-03  1.699E-03  1.436E-03  1.206E-03  1.007E-03  8.375E-04  6.963E-04  5.683E-04  4.617E-04  3.803E-04  3.025E-04  2.438E-04  1.957E-04  1.544E-04  1.216E-04  9.530E-05  7.402E-05  5.688E-05  4.319E-05  3.244E-05  2.412E-05  1.720E-05  1.230E-05  8.487E-06  5.766E-06  3.642E-06  2.118E-06  1.079E-06  3.864E-07  6.684E-08  5.696E-09  1.918E-10  1.192E-12  1.372E-15  9.963E-21  0.000E+00  0.000E+00  0.000E+00  0.000E+00  0.000E+00  0.000E+00  0.000E+00  0.000E+00  0.000E+00  0.000E+00  0.000E+00  0.000E+00
  371.5000  1.186E-02  1.093E-02  9.910E-03  8.897E-03  8.019E-03  7.262E-03  6.610E-03  5.927E-03  5.206E-03  4.712E-03  4.055E-03  3.563E-03  3.116E-03  2.663E-03  2.276E-03  1.941E-03  1.641E-03  1.378E-03  1.150E-03  9.567E-04  7.952E-04  6.489E-04  5.270E-04  4.341E-04  3.451E-04  2.782E-04  2.232E-04  1.761E-04  1.387E-04  1.087E-04  8.441E-05  6.486E-05  4.926E-05  3.700E-05  2.751E-05  1.963E-05  1.404E-05  9.690E-06  6.586E-06  4.165E-06  2.427E-06  1.242E-06  4.476E-07  7.843E-08  6.821E-09  2.368E-10  1.546E-12  1.904E-15  1.524E-20  0.000E+00  0.000E+00  0.000E+00  0.000E+00  0.000E+00  0.000E+00  0.000E+00  0.000E+00  0.000E+00  0.000E+00  0.000E+00  0.000E+00
  372.5000  8.763E-03  8.078E-03  7.324E-03  6.575E-03  5.926E-03  5.366E-03  4.884E-03  4.379E-03  3.845E-03  3.480E-03  2.995E-03  2.631E-03  2.300E-03  1.966E-03  1.680E-03  1.431E-03  1.211E-03  1.017E-03  8.483E-04  7.055E-04  5.863E-04  4.783E-04  3.884E-04  3.198E-04  2.542E-04  2.049E-04  1.644E-04  1.297E-04  1.021E-04  8.001E-05  6.214E-05  4.776E-05  3.627E-05  2.725E-05  2.027E-05  1.446E-05  1.035E-05  7.143E-06  4.858E-06  3.075E-06  1.796E-06  9.221E-07  3.346E-07  5.940E-08  5.270E-09  1.886E-10  1.293E-12  1.701E-15  1.498E-20  0.000E+00  0.000E+00  0.000E+00  0.000E+00  0.000E+00  0.000E+00  0.000E+00  0.000E+00  0.000E+00  0.000E+00  0.000E+00  0.000E+00
  373.5000  7.921E-03  7.301E-03  6.620E-03  5.942E-03  5.355E-03  4.848E-03  4.412E-03  3.956E-03  3.473E-03  3.143E-03  2.704E-03  2.376E-03  2.077E-03  1.774E-03  1.516E-03  1.292E-03  1.093E-03  9.171E-04  7.651E-04  6.361E-04  5.285E-04  4.311E-04  3.500E-04  2.882E-04  2.290E-04  1.845E-04  1.480E-04  1.168E-04  9.194E-05  7.203E-05  5.595E-05  4.299E-05  3.266E-05  2.454E-05  1.825E-05  1.303E-05  9.322E-06  6.437E-06  4.380E-06  2.776E-06  1.624E-06  8.366E-07  3.056E-07  5.492E-08  4.969E-09  1.833E-10  1.319E-12  1.852E-15  1.793E-20  0.000E+00  0.000E+00  0.000E+00  0.000E+00  0.000E+00  0.000E+00  0.000E+00  0.000E+00  0.000E+00  0.000E+00  0.000E+00  0.000E+00
  374.5000  8.694E-03  8.014E-03  7.265E-03  6.521E-03  5.877E-03  5.320E-03  4.841E-03  4.340E-03  3.810E-03  3.447E-03  2.966E-03  2.605E-03  2.277E-03  1.945E-03  1.661E-03  1.416E-03  1.197E-03  1.005E-03  8.379E-04  6.966E-04  5.786E-04  4.719E-04  3.830E-04  3.153E-04  2.505E-04  2.018E-04  1.619E-04  1.277E-04  1.005E-04  7.874E-05  6.116E-05  4.700E-05  3.570E-05  2.683E-05  1.996E-05  1.425E-05  1.020E-05  7.045E-06  4.796E-06  3.042E-06  1.783E-06  9.217E-07  3.388E-07  6.165E-08  5.688E-09  2.161E-10  1.631E-12  2.444E-15  2.597E-20  0.000E+00  0.000E+00  0.000E+00  0.000E+00  0.000E+00  0.000E+00  0.000E+00  0.000E+00  0.000E+00  0.000E+00  0.000E+00  0.000E+00
  375.5000  9.816E-03  9.047E-03  8.202E-03  7.361E-03  6.633E-03  6.005E-03  5.464E-03  4.897E-03  4.299E-03  3.890E-03  3.346E-03  2.938E-03  2.568E-03  2.193E-03  1.873E-03  1.596E-03  1.349E-03  1.132E-03  9.440E-04  7.846E-04  6.516E-04  5.313E-04  4.312E-04  3.548E-04  2.819E-04  2.270E-04  1.821E-04  1.436E-04  1.130E-04  8.855E-05  6.878E-05  5.286E-05  4.016E-05  3.018E-05  2.245E-05  1.603E-05  1.148E-05  7.931E-06  5.402E-06  3.430E-06  2.015E-06  1.045E-06  3.867E-07  7.124E-08  6.700E-09  2.620E-10  2.072E-12  3.309E-15  3.857E-20  0.000E+00  0.000E+00  0.000E+00  0.000E+00  0.000E+00  0.000E+00  0.000E+00  0.000E+00  0.000E+00  0.000E+00  0.000E+00  0.000E+00
  376.5000  9.807E-03  9.039E-03  8.194E-03  7.354E-03  6.626E-03  5.998E-03  5.457E-03  4.891E-03  4.293E-03  3.883E-03  3.340E-03  2.933E-03  2.563E-03  2.189E-03  1.869E-03  1.590E-03  1.346E-03  1.129E-03  9.412E-04  7.821E-04  6.494E-04  5.294E-04  4.295E-04  3.534E-04  2.807E-04  2.261E-04  1.812E-04  1.429E-04  1.125E-04  8.812E-05  6.844E-05  5.260E-05  3.997E-05  3.004E-05  2.235E-05  1.596E-05  1.143E-05  7.902E-06  5.385E-06  3.423E-06  2.014E-06  1.048E-06  3.904E-07  7.281E-08  6.979E-09  2.808E-10  2.326E-12  3.956E-15  5.049E-20  0.000E+00  0.000E+00  0.000E+00  0.000E+00  0.000E+00  0.000E+00  0.000E+00  0.000E+00  0.000E+00  0.000E+00  0.000E+00  0.000E+00
  377.5000  1.168E-02  1.077E-02  9.761E-03  8.760E-03  7.893E-03  7.144E-03  6.498E-03  5.824E-03  5.111E-03  4.623E-03  3.976E-03  3.490E-03  3.050E-03  2.605E-03  2.224E-03  1.889E-03  1.600E-03  1.342E-03  1.119E-03  9.296E-04  7.717E-04  6.289E-04  5.102E-04  4.197E-04  3.333E-04  2.683E-04  2.151E-04  1.696E-04  1.335E-04  1.046E-04  8.121E-05  6.242E-05  4.743E-05  3.565E-05  2.653E-05  1.895E-05  1.357E-05  9.386E-06  6.399E-06  4.072E-06  2.401E-06  1.254E-06  4.698E-07  8.867E-08  8.659E-09  3.585E-10  3.108E-12  5.623E-15  7.851E-20  0.000E+00  0.000E+00  0.000E+00  0.000E+00  0.000E+00  0.000E+00  0.000E+00  0.000E+00  0.000E+00  0.000E+00  0.000E+00  0.000E+00
  378.5000  1.274E-02  1.174E-02  1.064E-02  9.549E-03  8.603E-03  7.786E-03  7.082E-03  6.346E-03  5.569E-03  5.036E-03  4.330E-03  3.801E-03  3.321E-03  2.836E-03  2.421E-03  2.058E-03  1.741E-03  1.460E-03  1.217E-03  1.011E-03  8.392E-04  6.838E-04  5.545E-04  4.561E-04  3.621E-04  2.915E-04  2.336E-04  1.842E-04  1.450E-04  1.135E-04  8.818E-05  6.778E-05  5.150E-05  3.872E-05  2.882E-05  2.059E-05  1.475E-05  1.020E-05  6.959E-06  4.432E-06  2.618E-06  1.371E-06  5.171E-07  9.874E-08  9.823E-09  4.182E-10  3.793E-12  7.296E-15  1.113E-19  0.000E+00  0.000E+00  0.000E+00  0.000E+00  0.000E+00  0.000E+00  0.000E+00  0.000E+00  0.000E+00  0.000E+00  0.000E+00  0.000E+00
  379.5000  9.425E-03  8.686E-03  7.873E-03  7.065E-03  6.365E-03  5.759E-03  5.238E-03  4.693E-03  4.118E-03  3.724E-03  3.201E-03  2.810E-03  2.454E-03  2.095E-03  1.789E-03  1.522E-03  1.286E-03  1.079E-03  8.987E-04  7.464E-04  6.194E-04  5.046E-04  4.091E-04  3.364E-04  2.670E-04  2.149E-04  1.722E-04  1.358E-04  1.068E-04  8.367E-05  6.499E-05  4.995E-05  3.796E-05  2.854E-05  2.125E-05  1.518E-05  1.088E-05  7.526E-06  5.136E-06  3.274E-06  1.938E-06  1.018E-06  3.861E-07  7.459E-08  7.557E-09  3.308E-10  3.136E-12  6.409E-15  1.067E-19  0.000E+00  0.000E+00  0.000E+00  0.000E+00  0.000E+00  0.000E+00  0.000E+00  0.000E+00  0.000E+00  0.000E+00  0.000E+00  0.000E+00
  380.5000  1.134E-02  1.045E-02  9.472E-03  8.499E-03  7.656E-03  6.927E-03  6.300E-03  5.644E-03  4.952E-03  4.477E-03  3.849E-03  3.378E-03  2.950E-03  2.518E-03  2.149E-03  1.826E-03  1.545E-03  1.295E-03  1.079E-03  8.959E-04  7.433E-04  6.054E-04  4.907E-04  4.035E-04  3.202E-04  2.577E-04  2.065E-04  1.627E-04  1.280E-04  1.003E-04  7.787E-05  5.986E-05  4.549E-05  3.421E-05  2.547E-05  1.820E-05  1.304E-05  9.028E-06  6.163E-06  3.933E-06  2.332E-06  1.229E-06  4.689E-07  9.164E-08  9.453E-09  4.251E-10  4.212E-12  9.134E-15  1.658E-19  0.000E+00  0.000E+00  0.000E+00  0.000E+00  0.000E+00  0.000E+00  0.000E+00  0.000E+00  0.000E+00  0.000E+00  0.000E+00  0.000E+00
  381.5000  1.066E-02  9.823E-03  8.903E-03  7.989E-03  7.196E-03  6.510E-03  5.920E-03  5.303E-03  4.652E-03  4.206E-03  3.615E-03  3.172E-03  2.770E-03  2.364E-03  2.017E-03  1.714E-03  1.450E-03  1.215E-03  1.012E-03  8.402E-04  6.970E-04  5.675E-04  4.599E-04  3.781E-04  3.000E-04  2.414E-04  1.934E-04  1.524E-04  1.199E-04  9.387E-05  7.291E-05  5.604E-05  4.260E-05  3.204E-05  2.385E-05  1.705E-05  1.222E-05  8.461E-06  5.779E-06  3.691E-06  2.192E-06  1.159E-06  4.449E-07  8.793E-08  9.233E-09  4.265E-10  4.413E-12  1.015E-14  2.006E-19  0.000E+00  0.000E+00  0.000E+00  0.000E+00  0.000E+00  0.000E+00  0.000E+00  0.000E+00  0.000E+00  0.000E+00  0.000E+00  0.000E+00
  382.5000  7.106E-03  6.548E-03  5.934E-03  5.325E-03  4.796E-03  4.338E-03  3.945E-03  3.533E-03  3.099E-03  2.802E-03  2.408E-03  2.112E-03  1.844E-03  1.574E-03  1.343E-03  1.140E-03  9.646E-04  8.084E-04  6.732E-04  5.587E-04  4.634E-04  3.773E-04  3.057E-04  2.512E-04  1.993E-04  1.603E-04  1.284E-04  1.012E-04  7.958E-05  6.232E-05  4.840E-05  3.721E-05  2.828E-05  2.127E-05  1.584E-05  1.132E-05  8.119E-06  5.623E-06  3.842E-06  2.456E-06  1.461E-06  7.747E-07  2.992E-07  5.979E-08  6.390E-09  3.031E-10  3.273E-12  7.977E-15  1.715E-19  0.000E+00  0.000E+00  0.000E+00  0.000E+00  0.000E+00  0.000E+00  0.000E+00  0.000E+00  0.000E+00  0.000E+00  0.000E+00  0.000E+00
  383.5000  6.242E-03  5.751E-03  5.212E-03  4.676E-03  4.212E-03  3.810E-03  3.464E-03  3.102E-03  2.721E-03  2.459E-03  2.113E-03  1.854E-03  1.618E-03  1.381E-03  1.178E-03  1.000E-03  8.458E-04  7.087E-04  5.900E-04  4.896E-04  4.060E-04  3.305E-04  2.677E-04  2.199E-04  1.744E-04  1.403E-04  1.124E-04  8.851E-05  6.962E-05  5.451E-05  4.234E-05  3.255E-05  2.474E-05  1.861E-05  1.386E-05  9.912E-06  7.107E-06  4.923E-06  3.366E-06  2.154E-06  1.283E-06  6.824E-07  2.650E-07  5.356E-08  5.823E-09  2.836E-10  3.194E-12  8.243E-15  1.926E-19  0.000E+00  0.000E+00  0.000E+00  0.000E+00  0.000E+00  0.000E+00  0.000E+00  0.000E+00  0.000E+00  0.000E+00  0.000E+00  0.000E+00
  384.5000  9.370E-03  8.633E-03  7.824E-03  7.020E-03  6.322E-03  5.718E-03  5.198E-03  4.655E-03  4.082E-03  3.689E-03  3.169E-03  2.780E-03  2.426E-03  2.070E-03  1.766E-03  1.499E-03  1.268E-03  1.062E-03  8.839E-04  7.333E-04  6.079E-04  4.947E-04  4.007E-04  3.291E-04  2.610E-04  2.099E-04  1.680E-04  1.324E-04  1.041E-04  8.151E-05  6.330E-05  4.867E-05  3.700E-05  2.783E-05  2.073E-05  1.483E-05  1.063E-05  7.368E-06  5.039E-06  3.227E-06  1.926E-06  1.027E-06  4.012E-07  8.197E-08  9.067E-09  4.532E-10  5.320E-12  1.453E-14  3.684E-19  0.000E+00  0.000E+00  0.000E+00  0.000E+00  0.000E+00  0.000E+00  0.000E+00  0.000E+00  0.000E+00  0.000E+00  0.000E+00  0.000E+00
  385.5000  9.274E-03  8.545E-03  7.744E-03  6.947E-03  6.256E-03  5.658E-03  5.143E-03  4.605E-03  4.038E-03  3.649E-03  3.134E-03  2.749E-03  2.399E-03  2.046E-03  1.745E-03  1.481E-03  1.252E-03  1.049E-03  8.730E-04  7.241E-04  6.002E-04  4.883E-04  3.954E-04  3.247E-04  2.574E-04  2.070E-04  1.657E-04  1.305E-04  1.026E-04  8.034E-05  6.240E-05  4.797E-05  3.647E-05  2.744E-05  2.044E-05  1.462E-05  1.049E-05  7.270E-06  4.974E-06  3.188E-06  1.906E-06  1.019E-06  4.004E-07  8.270E-08  9.303E-09  4.770E-10  5.834E-12  1.684E-14  4.632E-19  0.000E+00  0.000E+00  0.000E+00  0.000E+00  0.000E+00  0.000E+00  0.000E+00  0.000E+00  0.000E+00  0.000E+00  0.000E+00  0.000E+00
  386.5000  9.457E-03  8.713E-03  7.895E-03  7.083E-03  6.378E-03  5.768E-03  5.242E-03  4.694E-03  4.115E-03  3.718E-03  3.193E-03  2.800E-03  2.443E-03  2.084E-03  1.777E-03  1.508E-03  1.275E-03  1.067E-03  8.883E-04  7.366E-04  6.104E-04  4.965E-04  4.019E-04  3.301E-04  2.616E-04  2.103E-04  1.683E-04  1.325E-04  1.042E-04  8.159E-05  6.336E-05  4.872E-05  3.704E-05  2.787E-05  2.077E-05  1.486E-05  1.066E-05  7.390E-06  5.058E-06  3.245E-06  1.943E-06  1.042E-06  4.116E-07  8.592E-08  9.828E-09  5.167E-10  6.582E-12  2.008E-14  5.981E-19  0.000E+00  0.000E+00  0.000E+00  0.000E+00  0.000E+00  0.000E+00  0.000E+00  0.000E+00  0.000E+00  0.000E+00  0.000E+00  0.000E+00
  387.5000  8.792E-03  8.099E-03  7.339E-03  6.584E-03  5.928E-03  5.361E-03  4.872E-03  4.361E-03  3.823E-03  3.454E-03  2.966E-03  2.601E-03  2.269E-03  1.935E-03  1.649E-03  1.400E-03  1.183E-03  9.904E-04  8.240E-04  6.832E-04  5.660E-04  4.603E-04  3.725E-04  3.059E-04  2.424E-04  1.948E-04  1.559E-04  1.227E-04  9.650E-05  7.554E-05  5.866E-05  4.510E-05  3.430E-05  2.581E-05  1.923E-05  1.376E-05  9.874E-06  6.848E-06  4.689E-06  3.011E-06  1.806E-06  9.711E-07  3.856E-07  8.135E-08  9.459E-09  5.099E-10  6.760E-12  2.177E-14  7.018E-19  0.000E+00  0.000E+00  0.000E+00  0.000E+00  0.000E+00  0.000E+00  0.000E+00  0.000E+00  0.000E+00  0.000E+00  0.000E+00  0.000E+00
  388.5000  8.815E-03  8.120E-03  7.358E-03  6.600E-03  5.942E-03  5.373E-03  4.882E-03  4.371E-03  3.831E-03  3.461E-03  2.971E-03  2.605E-03  2.272E-03  1.937E-03  1.651E-03  1.402E-03  1.184E-03  9.911E-04  8.244E-04  6.834E-04  5.660E-04  4.602E-04  3.724E-04  3.057E-04  2.422E-04  1.946E-04  1.557E-04  1.226E-04  9.636E-05  7.543E-05  5.857E-05  4.503E-05  3.425E-05  2.577E-05  1.921E-05  1.375E-05  9.865E-06  6.843E-06  4.688E-06  3.012E-06  1.810E-06  9.758E-07  3.895E-07  8.303E-08  9.814E-09  5.422E-10  7.477E-12  2.540E-14  8.855E-19  0.000E+00  0.000E+00  0.000E+00  0.000E+00  0.000E+00  0.000E+00  0.000E+00  0.000E+00  0.000E+00  0.000E+00  0.000E+00  0.000E+00
  389.5000  1.112E-02  1.024E-02  9.282E-03  8.326E-03  7.495E-03  6.776E-03  6.157E-03  5.511E-03  4.830E-03  4.362E-03  3.745E-03  3.283E-03  2.863E-03  2.441E-03  2.080E-03  1.766E-03  1.491E-03  1.248E-03  1.038E-03  8.600E-04  7.122E-04  5.790E-04  4.683E-04  3.844E-04  3.044E-04  2.446E-04  1.957E-04  1.540E-04  1.211E-04  9.476E-05  7.358E-05  5.658E-05  4.303E-05  3.238E-05  2.414E-05  1.728E-05  1.240E-05  8.605E-06  5.897E-06  3.792E-06  2.282E-06  1.234E-06  4.951E-07  1.066E-07  1.281E-08  7.248E-10  1.039E-11  3.723E-14  1.402E-18  0.000E+00  0.000E+00  0.000E+00  0.000E+00  0.000E+00  0.000E+00  0.000E+00  0.000E+00  0.000E+00  0.000E+00  0.000E+00  0.000E+00
  390.5000  1.093E-02  1.006E-02  9.120E-03  8.180E-03  7.364E-03  6.657E-03  6.048E-03  5.413E-03  4.743E-03  4.284E-03  3.677E-03  3.223E-03  2.810E-03  2.395E-03  2.041E-03  1.732E-03  1.462E-03  1.224E-03  1.017E-03  8.431E-04  6.981E-04  5.674E-04  4.588E-04  3.765E-04  2.981E-04  2.395E-04  1.916E-04  1.507E-04  1.185E-04  9.273E-05  7.201E-05  5.536E-05  4.211E-05  3.170E-05  2.363E-05  1.691E-05  1.214E-05  8.428E-06  5.778E-06  3.719E-06  2.241E-06  1.215E-06  4.901E-07  1.066E-07  1.301E-08  7.542E-10  1.124E-11  4.241E-14  1.723E-18  0.000E+00  0.000E+00  0.000E+00  0.000E+00  0.000E+00  0.000E+00  0.000E+00  0.000E+00  0.000E+00  0.000E+00  0.000E+00  0.000E+00
  391.5000  1.297E-02  1.195E-02  1.082E-02  9.708E-03  8.738E-03  7.899E-03  7.176E-03  6.422E-03  5.627E-03  5.081E-03  4.361E-03  3.821E-03  3.332E-03  2.839E-03  2.419E-03  2.053E-03  1.733E-03  1.450E-03  1.205E-03  9.983E-04  8.264E-04  6.715E-04  5.430E-04  4.454E-04  3.526E-04  2.832E-04  2.265E-04  1.782E-04  1.401E-04  1.096E-04  8.511E-05  6.544E-05  4.977E-05  3.747E-05  2.793E-05  2.000E-05  1.436E-05  9.971E-06  6.838E-06  4.405E-06  2.658E-06  1.445E-06  5.858E-07  1.287E-07  1.596E-08  9.472E-10  1.466E-11  5.824E-14  2.551E-18  0.000E+00  0.000E+00  0.000E+00  0.000E+00  0.000E+00  0.000E+00  0.000E+00  0.000E+00  0.000E+00  0.000E+00  0.000E+00  0.000E+00
  392.5000  9.730E-03  8.961E-03  8.119E-03  7.282E-03  6.554E-03  5.925E-03  5.381E-03  4.816E-03  4.219E-03  3.809E-03  3.269E-03  2.864E-03  2.497E-03  2.127E-03  1.812E-03  1.538E-03  1.298E-03  1.085E-03  9.021E-04  7.472E-04  6.184E-04  5.024E-04  4.061E-04  3.331E-04  2.636E-04  2.117E-04  1.693E-04  1.332E-04  1.046E-04  8.188E-05  6.358E-05  4.889E-05  3.719E-05  2.800E-05  2.087E-05  1.495E-05  1.074E-05  7.455E-06  5.115E-06  3.297E-06  1.993E-06  1.086E-06  4.425E-07  9.821E-08  1.236E-08  7.513E-10  1.207E-11  5.046E-14  2.381E-18  0.000E+00  0.000E+00  0.000E+00  0.000E+00  0.000E+00  0.000E+00  0.000E+00  0.000E+00  0.000E+00  0.000E+00  0.000E+00  0.000E+00
  393.5000  4.231E-03  3.897E-03  3.531E-03  3.167E-03  2.850E-03  2.576E-03  2.340E-03  2.093E-03  1.834E-03  1.655E-03  1.420E-03  1.244E-03  1.085E-03  9.240E-04  7.870E-04  6.679E-04  5.633E-04  4.711E-04  3.915E-04  3.242E-04  2.682E-04  2.179E-04  1.761E-04  1.444E-04  1.143E-04  9.175E-05  7.333E-05  5.768E-05  4.532E-05  3.546E-05  2.754E-05  2.117E-05  1.611E-05  1.213E-05  9.043E-06  6.477E-06  4.652E-06  3.232E-06  2.218E-06  1.431E-06  8.658E-07  4.730E-07  1.937E-07  4.342E-08  5.550E-09  3.451E-10  5.755E-12  2.529E-14  1.284E-18  0.000E+00  0.000E+00  0.000E+00  0.000E+00  0.000E+00  0.000E+00  0.000E+00  0.000E+00  0.000E+00  0.000E+00  0.000E+00  0.000E+00
  394.5000  9.960E-03  9.173E-03  8.311E-03  7.453E-03  6.708E-03  6.062E-03  5.505E-03  4.925E-03  4.314E-03  3.894E-03  3.341E-03  2.926E-03  2.550E-03  2.172E-03  1.850E-03  1.570E-03  1.324E-03  1.107E-03  9.195E-04  7.612E-04  6.297E-04  5.114E-04  4.132E-04  3.387E-04  2.680E-04  2.152E-04  1.720E-04  1.352E-04  1.062E-04  8.313E-05  6.454E-05  4.963E-05  3.775E-05  2.843E-05  2.120E-05  1.519E-05  1.091E-05  7.581E-06  5.205E-06  3.360E-06  2.036E-06  1.115E-06  4.590E-07  1.039E-07  1.348E-08  8.574E-10  1.483E-11  6.848E-14  3.738E-18  0.000E+00  0.000E+00  0.000E+00  0.000E+00  0.000E+00  0.000E+00  0.000E+00  0.000E+00  0.000E+00  0.000E+00  0.000E+00  0.000E+00
  395.5000  1.282E-02  1.181E-02  1.070E-02  9.592E-03  8.632E-03  7.800E-03  7.083E-03  6.336E-03  5.549E-03  5.008E-03  4.296E-03  3.763E-03  3.279E-03  2.792E-03  2.377E-03  2.018E-03  1.701E-03  1.422E-03  1.181E-03  9.774E-04  8.084E-04  6.564E-04  5.302E-04  4.346E-04  3.438E-04  2.759E-04  2.205E-04  1.734E-04  1.362E-04  1.065E-04  8.272E-05  6.361E-05  4.839E-05  3.644E-05  2.718E-05  1.947E-05  1.399E-05  9.724E-06  6.679E-06  4.315E-06  2.618E-06  1.437E-06  5.945E-07  1.358E-07  1.789E-08  1.164E-09  2.087E-11  1.012E-13  5.936E-18  0.000E+00  0.000E+00  0.000E+00  0.000E+00  0.000E+00  0.000E+00  0.000E+00  0.000E+00  0.000E+00  0.000E+00  0.000E+00  0.000E+00
  396.5000  7.531E-03  6.935E-03  6.283E-03  5.634E-03  5.070E-03  4.581E-03  4.159E-03  3.721E-03  3.258E-03  2.940E-03  2.522E-03  2.208E-03  1.924E-03  1.638E-03  1.395E-03  1.183E-03  9.972E-04  8.335E-04  6.922E-04  5.728E-04  4.737E-04  3.845E-04  3.105E-04  2.545E-04  2.013E-04  1.615E-04  1.290E-04  1.014E-04  7.968E-05  6.233E-05  4.839E-05  3.721E-05  2.831E-05  2.132E-05  1.590E-05  1.140E-05  8.190E-06  5.693E-06  3.911E-06  2.529E-06  1.537E-06  8.457E-07  3.515E-07  8.105E-08  1.084E-08  7.208E-10  1.339E-11  6.816E-14  4.290E-18  0.000E+00  0.000E+00  0.000E+00  0.000E+00  0.000E+00  0.000E+00  0.000E+00  0.000E+00  0.000E+00  0.000E+00  0.000E+00  0.000E+00
  397.5000  8.694E-03  8.006E-03  7.253E-03  6.504E-03  5.852E-03  5.288E-03  4.801E-03  4.294E-03  3.759E-03  3.392E-03  2.909E-03  2.547E-03  2.219E-03  1.889E-03  1.608E-03  1.364E-03  1.149E-03  9.604E-04  7.974E-04  6.598E-04  5.455E-04  4.427E-04  3.574E-04  2.928E-04  2.316E-04  1.858E-04  1.484E-04  1.166E-04  9.161E-05  7.166E-05  5.563E-05  4.278E-05  3.255E-05  2.452E-05  1.829E-05  1.311E-05  9.420E-06  6.551E-06  4.502E-06  2.913E-06  1.773E-06  9.778E-07  4.083E-07  9.504E-08  1.289E-08  8.767E-10  1.687E-11  9.005E-14  6.078E-18  0.000E+00  0.000E+00  0.000E+00  0.000E+00  0.000E+00  0.000E+00  0.000E+00  0.000E+00  0.000E+00  0.000E+00  0.000E+00  0.000E+00
  398.5000  1.495E-02  1.376E-02  1.247E-02  1.118E-02  1.006E-02  9.088E-03  8.250E-03  7.378E-03  6.459E-03  5.828E-03  4.997E-03  4.375E-03  3.810E-03  3.243E-03  2.760E-03  2.341E-03  1.972E-03  1.648E-03  1.368E-03  1.132E-03  9.353E-04  7.589E-04  6.126E-04  5.018E-04  3.967E-04  3.182E-04  2.541E-04  1.997E-04  1.568E-04  1.227E-04  9.523E-05  7.323E-05  5.572E-05  4.197E-05  3.132E-05  2.245E-05  1.614E-05  1.122E-05  7.716E-06  4.996E-06  3.044E-06  1.683E-06  7.062E-07  1.659E-07  2.283E-08  1.587E-09  3.161E-11  1.768E-13  1.279E-17  0.000E+00  0.000E+00  0.000E+00  0.000E+00  0.000E+00  0.000E+00  0.000E+00  0.000E+00  0.000E+00  0.000E+00  0.000E+00  0.000E+00
  399.5000  1.555E-02  1.432E-02  1.297E-02  1.163E-02  1.047E-02  9.454E-03  8.581E-03  7.674E-03  6.718E-03  6.060E-03  5.195E-03  4.548E-03  3.960E-03  3.370E-03  2.868E-03  2.432E-03  2.049E-03  1.711E-03  1.420E-03  1.175E-03  9.707E-04  7.875E-04  6.355E-04  5.204E-04  4.114E-04  3.299E-04  2.634E-04  2.070E-04  1.625E-04  1.271E-04  9.867E-05  7.588E-05  5.774E-05  4.350E-05  3.245E-05  2.327E-05  1.673E-05  1.164E-05  8.004E-06  5.186E-06  3.164E-06  1.754E-06  7.390E-07  1.752E-07  2.446E-08  1.736E-09  3.581E-11  2.098E-13  1.625E-17  0.000E+00  0.000E+00  0.000E+00  0.000E+00  0.000E+00  0.000E+00  0.000E+00  0.000E+00  0.000E+00  0.000E+00  0.000E+00  0.000E+00
------------------------------------------------------------
Dose rates,W m-2
   1 = UV index (WMO, 1994; Webb et al., 2011)           
   2 = Previtamin-D3 (CIE 2006)                          
values at z =      0.025 km
Columns: time,sza,weighting spectra
time,hrs.  sza,deg.          1          2
   18.0000     89.731  2.231E-02  3.848E-04
   18.0167     89.916  2.059E-02  3.585E-04
   18.0333     90.101  1.873E-02  3.298E-04
   18.0500     90.286  1.688E-02  3.012E-04
   18.0667     90.472  1.529E-02  2.763E-04
   18.0833     90.658  1.391E-02  2.547E-04
   18.1000     90.844  1.272E-02  2.360E-04
   18.1167     91.030  1.148E-02  2.160E-04
   18.1333     91.216  1.017E-02  1.949E-04
   18.1500     91.403  9.268E-03  1.801E-04
   18.1667     91.590  8.073E-03  1.599E-04
   18.1833     91.777  7.164E-03  1.443E-04
   18.2000     91.964  6.338E-03  1.300E-04
   18.2167     92.152  5.494E-03  1.149E-04
   18.2333     92.340  4.761E-03  1.012E-04
   18.2500     92.527  4.121E-03  8.942E-05
   18.2667     92.716  3.544E-03  7.828E-05
   18.2833     92.904  3.027E-03  6.801E-05
   18.3000     93.093  2.570E-03  5.868E-05
   18.3167     93.282  2.174E-03  5.035E-05
   18.3333     93.471  1.835E-03  4.304E-05
   18.3500     93.660  1.518E-03  3.590E-05
   18.3667     93.849  1.252E-03  2.984E-05
   18.3833     94.039  1.041E-03  2.495E-05
   18.4000     94.229  8.346E-04  1.999E-05
   18.4167     94.419  6.739E-04  1.606E-05
   18.4333     94.609  5.421E-04  1.287E-05
   18.4500     94.800  4.257E-04  9.997E-06
   18.4667     94.990  3.321E-04  7.679E-06
   18.4833     95.181  2.563E-04  5.805E-06
   18.5000     95.372  1.949E-04  4.284E-06
   18.5167     95.563  1.452E-04  3.046E-06
   18.5333     95.755  1.055E-04  2.049E-06
   18.5500     95.946  7.437E-05  1.264E-06
   18.5667     96.138  5.105E-05  7.042E-07
   18.5833     96.330  3.280E-05  3.185E-07
   18.6000     96.522  2.116E-05  1.319E-07
   18.6167     96.715  1.310E-05  4.684E-08
   18.6333     96.907  8.079E-06  1.656E-08
   18.6500     97.100  4.592E-06  5.055E-09
   18.6667     97.293  2.375E-06  1.309E-09
   18.6833     97.486  1.070E-06  2.886E-10
   18.7000     97.679  3.334E-07  4.171E-11
   18.7167     97.873  5.028E-08  2.509E-12
   18.7333     98.066  4.070E-09  6.254E-14
   18.7500     98.260  1.617E-10  3.515E-16
   18.7667     98.454  1.876E-12  1.227E-19
   18.7833     98.648  6.976E-15  2.756E-24
   18.8000     98.842  3.659E-19  6.861E-32
   18.8167     99.037  0.000E+00  0.000E+00
   18.8333     99.232  0.000E+00  0.000E+00
   18.8500     99.426  0.000E+00  0.000E+00
   18.8667     99.621  0.000E+00  0.000E+00
   18.8833     99.817  0.000E+00  0.000E+00
   18.9000    100.012  0.000E+00  0.000E+00
   18.9167    100.207  0.000E+00  0.000E+00
   18.9333    100.403  0.000E+00  0.000E+00
   18.9500    100.599  0.000E+00  0.000E+00
   18.9667    100.795  0.000E+00  0.000E+00
   18.9833    100.991  0.000E+00  0.000E+00
   19.0000    101.187  0.000E+00  0.000E+00
------------------------------------------------------------
