Spectral Irradiance,W m-2 nm-1
values at z =      0.025 km
Columns: wavelength (nm),times (hrs.) or sza (deg.)
    wc,nm     18.000     18.017     18.033     18.050     18.067     18.083     18.100     18.117     18.133     18.150     18.167     18.183     18.200     18.217     18.233     18.250     18.267     18.283     18.300     18.317     18.333     18.350     18.367     18.383     18.400     18.417     18.433     18.450     18.467     18.483     18.500     18.517     18.533     18.550     18.567     18.583     18.600     18.617     18.633     18.650     18.667     18.683     18.700     18.717     18.733     18.750     18.767     18.783     18.800     18.817     18.833     18.850     18.867     18.883     18.900     18.917     18.933     18.950     18.967     18.983     19.000
    sza =      88.637     88.823     89.009     89.195     89.381     89.568     89.755     89.942     90.130     90.317     90.505     90.693     90.882     91.070     91.259     91.448     91.637     91.826     92.016     92.206     92.395     92.586     92.776     92.967     93.158     93.349     93.540     93.731     93.923     94.115     94.307     94.498     94.691     94.883     95.076     95.269     95.462     95.655     95.849     96.043     96.236     96.430     96.625     96.819     97.013     97.208     97.403     97.598     97.793     97.988     98.184     98.380     98.576     98.772     98.968     99.164     99.361     99.558     99.754     99.951    100.148
  280.5000  2.874E-25  2.759E-25  2.644E-25  2.528E-25  2.412E-25  2.297E-25  2.182E-25  2.069E-25  1.927E-25  1.787E-25  1.664E-25  1.557E-25  1.461E-25  1.333E-25  1.225E-25  1.122E-25  1.015E-25  9.074E-26  8.290E-26  7.274E-26  6.363E-26  5.536E-26  4.782E-26  4.098E-26  3.483E-26  2.933E-26  2.364E-26  1.916E-26  1.488E-26  1.122E-26  7.950E-27  5.395E-27  3.078E-27  1.472E-27  4.961E-28  9.440E-29  5.406E-30  5.101E-32  2.157E-35  4.886E-41  0.000E+00  0.000E+00  0.000E+00  0.000E+00  0.000E+00  0.000E+00  0.000E+00  0.000E+00  0.000E+00  0.000E+00  0.000E+00  0.000E+00  0.000E+00  0.000E+00  0.000E+00  0.000E+00  0.000E+00  0.000E+00  0.000E+00  0.000E+00  0.000E+00
  281.5000  4.599E-23  4.416E-23  4.232E-23  4.048E-23  3.863E-23  3.679E-23  3.496E-23  3.316E-23  3.088E-23  2.866E-23  2.670E-23  2.497E-23  2.345E-23  2.141E-23  1.967E-23  1.802E-23  1.631E-23  1.458E-23  1.333E-23  1.170E-23  1.024E-23  8.910E-24  7.700E-24  6.602E-24  5.616E-24  4.734E-24  3.822E-24  3.108E-24  2.428E-24  1.847E-24  1.328E-24  9.202E-25  5.441E-25  2.746E-25  1.010E-25  2.210E-26  1.623E-27  2.309E-29  1.933E-32  1.407E-37  0.000E+00  0.000E+00  0.000E+00  0.000E+00  0.000E+00  0.000E+00  0.000E+00  0.000E+00  0.000E+00  0.000E+00  0.000E+00  0.000E+00  0.000E+00  0.000E+00  0.000E+00  0.000E+00  0.000E+00  0.000E+00  0.000E+00  0.000E+00  0.000E+00
  282.5000  2.465E-21  2.367E-21  2.269E-21  2.170E-21  2.072E-21  1.973E-21  1.876E-21  1.780E-21  1.658E-21  1.538E-21  1.434E-21  1.342E-21  1.260E-21  1.151E-21  1.058E-21  9.694E-22  8.774E-22  7.847E-22  7.176E-22  6.301E-22  5.515E-22  4.802E-22  4.151E-22  3.561E-22  3.031E-22  2.558E-22  2.068E-22  1.686E-22  1.324E-22  1.015E-22  7.387E-23  5.207E-23  3.175E-23  1.678E-23  6.660E-24  1.649E-24  1.510E-25  3.092E-27  4.733E-30  9.566E-35  1.665E-42  0.000E+00  0.000E+00  0.000E+00  0.000E+00  0.000E+00  0.000E+00  0.000E+00  0.000E+00  0.000E+00  0.000E+00  0.000E+00  0.000E+00  0.000E+00  0.000E+00  0.000E+00  0.000E+00  0.000E+00  0.000E+00  0.000E+00  0.000E+00
  283.5000  2.953E-20  2.836E-20  2.719E-20  2.601E-20  2.483E-20  2.365E-20  2.249E-20  2.134E-20  1.988E-20  1.845E-20  1.720E-20  1.610E-20  1.513E-20  1.381E-20  1.270E-20  1.164E-20  1.054E-20  9.430E-21  8.625E-21  7.574E-21  6.632E-21  5.775E-21  4.994E-21  4.285E-21  3.649E-21  3.082E-21  2.493E-21  2.037E-21  1.604E-21  1.236E-21  9.065E-22  6.461E-22  4.018E-22  2.188E-22  9.127E-23  2.451E-23  2.595E-24  6.752E-26  1.537E-28  6.060E-33  3.202E-40  0.000E+00  0.000E+00  0.000E+00  0.000E+00  0.000E+00  0.000E+00  0.000E+00  0.000E+00  0.000E+00  0.000E+00  0.000E+00  0.000E+00  0.000E+00  0.000E+00  0.000E+00  0.000E+00  0.000E+00  0.000E+00  0.000E+00  0.000E+00
  284.5000  1.675E-18  1.609E-18  1.542E-18  1.476E-18  1.409E-18  1.343E-18  1.277E-18  1.212E-18  1.130E-18  1.049E-18  9.782E-19  9.160E-19  8.609E-19  7.868E-19  7.238E-19  6.638E-19  6.012E-19  5.381E-19  4.925E-19  4.327E-19  3.791E-19  3.303E-19  2.858E-19  2.454E-19  2.091E-19  1.768E-19  1.433E-19  1.174E-19  9.299E-20  7.219E-20  5.364E-20  3.896E-20  2.504E-20  1.433E-20  6.494E-21  1.995E-21  2.689E-22  1.044E-23  4.647E-26  5.738E-30  2.073E-36  0.000E+00  0.000E+00  0.000E+00  0.000E+00  0.000E+00  0.000E+00  0.000E+00  0.000E+00  0.000E+00  0.000E+00  0.000E+00  0.000E+00  0.000E+00  0.000E+00  0.000E+00  0.000E+00  0.000E+00  0.000E+00  0.000E+00  0.000E+00
  285.5000  2.082E-17  2.000E-17  1.918E-17  1.835E-17  1.753E-17  1.670E-17  1.589E-17  1.508E-17  1.406E-17  1.306E-17  1.218E-17  1.141E-17  1.073E-17  9.810E-18  9.028E-18  8.283E-18  7.506E-18  6.721E-18  6.153E-18  5.409E-18  4.741E-18  4.133E-18  3.578E-18  3.073E-18  2.621E-18  2.219E-18  1.800E-18  1.477E-18  1.175E-18  9.177E-19  6.884E-19  5.068E-19  3.339E-19  1.985E-19  9.587E-20  3.270E-20  5.332E-21  2.839E-22  2.136E-24  6.383E-28  1.001E-33  1.062E-42  0.000E+00  0.000E+00  0.000E+00  0.000E+00  0.000E+00  0.000E+00  0.000E+00  0.000E+00  0.000E+00  0.000E+00  0.000E+00  0.000E+00  0.000E+00  0.000E+00  0.000E+00  0.000E+00  0.000E+00  0.000E+00  0.000E+00
  286.5000  6.518E-16  6.262E-16  6.004E-16  5.746E-16  5.488E-16  5.231E-16  4.976E-16  4.725E-16  4.406E-16  4.093E-16  3.819E-16  3.578E-16  3.366E-16  3.078E-16  2.834E-16  2.601E-16  2.358E-16  2.112E-16  1.934E-16  1.701E-16  1.492E-16  1.301E-16  1.126E-16  9.682E-17  8.262E-17  6.999E-17  5.682E-17  4.672E-17  3.727E-17  2.923E-17  2.208E-17  1.643E-17  1.103E-17  6.745E-18  3.421E-18  1.265E-18  2.390E-19  1.625E-20  1.840E-22  1.090E-25  5.314E-31  3.307E-39  0.000E+00  0.000E+00  0.000E+00  0.000E+00  0.000E+00  0.000E+00  0.000E+00  0.000E+00  0.000E+00  0.000E+00  0.000E+00  0.000E+00  0.000E+00  0.000E+00  0.000E+00  0.000E+00  0.000E+00  0.000E+00  0.000E+00
  287.5000  1.108E-14  1.065E-14  1.021E-14  9.771E-15  9.333E-15  8.896E-15  8.464E-15  8.040E-15  7.497E-15  6.967E-15  6.503E-15  6.095E-15  5.735E-15  5.247E-15  4.833E-15  4.438E-15  4.025E-15  3.607E-15  3.305E-15  2.908E-15  2.551E-15  2.226E-15  1.929E-15  1.659E-15  1.416E-15  1.201E-15  9.759E-16  8.039E-16  6.434E-16  5.069E-16  3.858E-16  2.901E-16  1.985E-16  1.252E-16  6.686E-17  2.693E-17  5.950E-18  5.256E-19  9.233E-21  1.148E-23  1.922E-28  8.285E-36  0.000E+00  0.000E+00  0.000E+00  0.000E+00  0.000E+00  0.000E+00  0.000E+00  0.000E+00  0.000E+00  0.000E+00  0.000E+00  0.000E+00  0.000E+00  0.000E+00  0.000E+00  0.000E+00  0.000E+00  0.000E+00  0.000E+00
  288.5000  1.826E-13  1.754E-13  1.682E-13  1.610E-13  1.538E-13  1.466E-13  1.395E-13  1.326E-13  1.236E-13  1.149E-13  1.073E-13  1.006E-13  9.471E-14  8.669E-14  7.988E-14  7.340E-14  6.661E-14  5.973E-14  5.476E-14  4.822E-14  4.234E-14  3.696E-14  3.205E-14  2.758E-14  2.357E-14  2.001E-14  1.627E-14  1.343E-14  1.079E-14  8.538E-15  6.548E-15  4.979E-15  3.479E-15  2.266E-15  1.279E-15  5.653E-16  1.482E-16  1.743E-17  4.965E-19  1.393E-21  9.014E-26  3.221E-32  4.407E-42  0.000E+00  0.000E+00  0.000E+00  0.000E+00  0.000E+00  0.000E+00  0.000E+00  0.000E+00  0.000E+00  0.000E+00  0.000E+00  0.000E+00  0.000E+00  0.000E+00  0.000E+00  0.000E+00  0.000E+00  0.000E+00
  289.5000  2.356E-12  2.263E-12  2.170E-12  2.077E-12  1.984E-12  1.892E-12  1.800E-12  1.710E-12  1.595E-12  1.483E-12  1.385E-12  1.299E-12  1.223E-12  1.120E-12  1.032E-12  9.490E-13  8.616E-13  7.731E-13  7.084E-13  6.247E-13  5.487E-13  4.793E-13  4.159E-13  3.581E-13  3.062E-13  2.601E-13  2.118E-13  1.750E-13  1.409E-13  1.119E-13  8.628E-14  6.613E-14  4.688E-14  3.124E-14  1.836E-14  8.690E-15  2.586E-15  3.765E-16  1.537E-17  7.862E-20  1.364E-23  2.249E-29  3.260E-38  0.000E+00  0.000E+00  0.000E+00  0.000E+00  0.000E+00  0.000E+00  0.000E+00  0.000E+00  0.000E+00  0.000E+00  0.000E+00  0.000E+00  0.000E+00  0.000E+00  0.000E+00  0.000E+00  0.000E+00  0.000E+00
  290.5000  1.939E-11  1.862E-11  1.786E-11  1.709E-11  1.632E-11  1.556E-11  1.481E-11  1.407E-11  1.313E-11  1.221E-11  1.140E-11  1.069E-11  1.007E-11  9.225E-12  8.507E-12  7.822E-12  7.104E-12  6.378E-12  5.854E-12  5.159E-12  4.534E-12  3.963E-12  3.440E-12  2.964E-12  2.536E-12  2.156E-12  1.756E-12  1.453E-12  1.172E-12  9.333E-13  7.228E-13  5.575E-13  3.998E-13  2.715E-13  1.648E-13  8.249E-14  2.724E-14  4.727E-15  2.601E-16  2.195E-18  8.693E-22  5.161E-27  5.441E-35  1.401E-45  0.000E+00  0.000E+00  0.000E+00  0.000E+00  0.000E+00  0.000E+00  0.000E+00  0.000E+00  0.000E+00  0.000E+00  0.000E+00  0.000E+00  0.000E+00  0.000E+00  0.000E+00  0.000E+00  0.000E+00
  291.5000  1.391E-10  1.336E-10  1.280E-10  1.225E-10  1.170E-10  1.115E-10  1.061E-10  1.008E-10  9.410E-11  8.750E-11  8.174E-11  7.669E-11  7.225E-11  6.619E-11  6.106E-11  5.618E-11  5.104E-11  4.585E-11  4.210E-11  3.714E-11  3.266E-11  2.856E-11  2.481E-11  2.139E-11  1.832E-11  1.558E-11  1.271E-11  1.053E-11  8.512E-12  6.797E-12  5.288E-12  4.106E-12  2.982E-12  2.065E-12  1.298E-12  6.895E-13  2.547E-13  5.349E-14  4.083E-15  5.996E-17  5.963E-20  1.489E-24  1.471E-31  2.823E-41  0.000E+00  0.000E+00  0.000E+00  0.000E+00  0.000E+00  0.000E+00  0.000E+00  0.000E+00  0.000E+00  0.000E+00  0.000E+00  0.000E+00  0.000E+00  0.000E+00  0.000E+00  0.000E+00  0.000E+00
  292.5000  6.563E-10  6.300E-10  6.038E-10  5.777E-10  5.517E-10  5.258E-10  5.003E-10  4.753E-10  4.435E-10  4.124E-10  3.853E-10  3.615E-10  3.406E-10  3.122E-10  2.880E-10  2.651E-10  2.410E-10  2.166E-10  1.991E-10  1.756E-10  1.545E-10  1.352E-10  1.175E-10  1.014E-10  8.689E-11  7.399E-11  6.039E-11  5.009E-11  4.056E-11  3.247E-11  2.535E-11  1.979E-11  1.452E-11  1.022E-11  6.611E-12  3.691E-12  1.500E-12  3.705E-13  3.736E-14  8.751E-16  1.875E-18  1.530E-22  9.385E-29  2.381E-37  0.000E+00  0.000E+00  0.000E+00  0.000E+00  0.000E+00  0.000E+00  0.000E+00  0.000E+00  0.000E+00  0.000E+00  0.000E+00  0.000E+00  0.000E+00  0.000E+00  0.000E+00  0.000E+00  0.000E+00
  293.5000  3.588E-09  3.444E-09  3.299E-09  3.156E-09  3.012E-09  2.871E-09  2.731E-09  2.594E-09  2.420E-09  2.250E-09  2.102E-09  1.973E-09  1.859E-09  1.704E-09  1.573E-09  1.448E-09  1.317E-09  1.184E-09  1.088E-09  9.608E-10  8.460E-10  7.409E-10  6.444E-10  5.564E-10  4.771E-10  4.066E-10  3.322E-10  2.758E-10  2.238E-10  1.795E-10  1.406E-10  1.103E-10  8.162E-11  5.828E-11  3.869E-11  2.260E-11  1.001E-11  2.868E-12  3.739E-13  1.353E-14  5.948E-17  1.479E-20  5.075E-26  1.454E-33  9.529E-44  0.000E+00  0.000E+00  0.000E+00  0.000E+00  0.000E+00  0.000E+00  0.000E+00  0.000E+00  0.000E+00  0.000E+00  0.000E+00  0.000E+00  0.000E+00  0.000E+00  0.000E+00  0.000E+00
  294.5000  1.131E-08  1.085E-08  1.039E-08  9.939E-09  9.485E-09  9.036E-09  8.593E-09  8.161E-09  7.613E-09  7.079E-09  6.612E-09  6.205E-09  5.846E-09  5.360E-09  4.947E-09  4.556E-09  4.144E-09  3.727E-09  3.427E-09  3.028E-09  2.668E-09  2.338E-09  2.034E-09  1.758E-09  1.508E-09  1.286E-09  1.052E-09  8.741E-10  7.101E-10  5.705E-10  4.483E-10  3.529E-10  2.630E-10  1.899E-10  1.287E-10  7.800E-11  3.709E-11  1.201E-11  1.937E-12  1.001E-13  7.887E-16  4.800E-19  6.462E-24  1.254E-30  1.083E-39  0.000E+00  0.000E+00  0.000E+00  0.000E+00  0.000E+00  0.000E+00  0.000E+00  0.000E+00  0.000E+00  0.000E+00  0.000E+00  0.000E+00  0.000E+00  0.000E+00  0.000E+00  0.000E+00
  295.5000  4.904E-08  4.702E-08  4.501E-08  4.302E-08  4.103E-08  3.907E-08  3.715E-08  3.527E-08  3.289E-08  3.057E-08  2.855E-08  2.679E-08  2.524E-08  2.314E-08  2.136E-08  1.967E-08  1.790E-08  1.611E-08  1.481E-08  1.310E-08  1.155E-08  1.012E-08  8.818E-09  7.624E-09  6.547E-09  5.588E-09  4.574E-09  3.805E-09  3.096E-09  2.491E-09  1.963E-09  1.551E-09  1.164E-09  8.498E-10  5.877E-10  3.692E-10  1.884E-10  6.895E-11  1.378E-11  1.025E-12  1.476E-14  2.279E-17  1.282E-21  1.841E-27  2.422E-35  2.803E-45  0.000E+00  0.000E+00  0.000E+00  0.000E+00  0.000E+00  0.000E+00  0.000E+00  0.000E+00  0.000E+00  0.000E+00  0.000E+00  0.000E+00  0.000E+00  0.000E+00  0.000E+00
  296.5000  1.360E-07  1.303E-07  1.247E-07  1.191E-07  1.135E-07  1.080E-07  1.027E-07  9.741E-08  9.081E-08  8.439E-08  7.879E-08  7.390E-08  6.961E-08  6.382E-08  5.891E-08  5.427E-08  4.938E-08  4.445E-08  4.088E-08  3.617E-08  3.190E-08  2.799E-08  2.440E-08  2.111E-08  1.814E-08  1.550E-08  1.270E-08  1.057E-08  8.615E-09  6.943E-09  5.483E-09  4.346E-09  3.279E-09  2.416E-09  1.700E-09  1.101E-09  5.962E-10  2.425E-10  5.831E-11  5.933E-12  1.433E-13  4.893E-16  9.214E-20  7.074E-25  8.943E-32  1.685E-40  0.000E+00  0.000E+00  0.000E+00  0.000E+00  0.000E+00  0.000E+00  0.000E+00  0.000E+00  0.000E+00  0.000E+00  0.000E+00  0.000E+00  0.000E+00  0.000E+00  0.000E+00
  297.5000  3.942E-07  3.775E-07  3.609E-07  3.445E-07  3.282E-07  3.122E-07  2.965E-07  2.812E-07  2.620E-07  2.434E-07  2.271E-07  2.130E-07  2.005E-07  1.838E-07  1.697E-07  1.563E-07  1.422E-07  1.280E-07  1.178E-07  1.043E-07  9.201E-08  8.078E-08  7.045E-08  6.100E-08  5.246E-08  4.485E-08  3.678E-08  3.065E-08  2.501E-08  2.018E-08  1.597E-08  1.269E-08  9.621E-09  7.145E-09  5.096E-09  3.384E-09  1.928E-09  8.576E-10  2.417E-10  3.225E-11  1.220E-12  8.330E-15  4.510E-18  1.500E-22  1.376E-28  3.154E-36  0.000E+00  0.000E+00  0.000E+00  0.000E+00  0.000E+00  0.000E+00  0.000E+00  0.000E+00  0.000E+00  0.000E+00  0.000E+00  0.000E+00  0.000E+00  0.000E+00  0.000E+00
  298.5000  6.724E-07  6.437E-07  6.150E-07  5.866E-07  5.585E-07  5.309E-07  5.038E-07  4.776E-07  4.448E-07  4.129E-07  3.851E-07  3.610E-07  3.398E-07  3.114E-07  2.873E-07  2.646E-07  2.408E-07  2.168E-07  1.995E-07  1.766E-07  1.559E-07  1.370E-07  1.195E-07  1.036E-07  8.913E-08  7.625E-08  6.260E-08  5.221E-08  4.266E-08  3.447E-08  2.733E-08  2.176E-08  1.656E-08  1.238E-08  8.930E-09  6.058E-09  3.602E-09  1.729E-09  5.587E-10  9.407E-11  5.233E-12  6.474E-14  8.638E-17  9.970E-21  4.879E-26  9.158E-33  8.870E-43  0.000E+00  0.000E+00  0.000E+00  0.000E+00  0.000E+00  0.000E+00  0.000E+00  0.000E+00  0.000E+00  0.000E+00  0.000E+00  0.000E+00  0.000E+00  0.000E+00
  299.5000  2.122E-06  2.029E-06  1.936E-06  1.845E-06  1.756E-06  1.667E-06  1.581E-06  1.498E-06  1.394E-06  1.293E-06  1.205E-06  1.129E-06  1.062E-06  9.731E-07  8.975E-07  8.265E-07  7.519E-07  6.771E-07  6.229E-07  5.506E-07  4.872E-07  4.282E-07  3.739E-07  3.242E-07  2.792E-07  2.390E-07  1.964E-07  1.640E-07  1.341E-07  1.085E-07  8.618E-08  6.875E-08  5.251E-08  3.946E-08  2.876E-08  1.987E-08  1.226E-08  6.296E-09  2.298E-09  4.775E-10  3.779E-11  8.079E-13  2.488E-15  9.194E-19  2.182E-23  2.997E-29  5.791E-38  0.000E+00  0.000E+00  0.000E+00  0.000E+00  0.000E+00  0.000E+00  0.000E+00  0.000E+00  0.000E+00  0.000E+00  0.000E+00  0.000E+00  0.000E+00  0.000E+00
  300.5000  2.625E-06  2.507E-06  2.391E-06  2.276E-06  2.164E-06  2.053E-06  1.946E-06  1.841E-06  1.712E-06  1.588E-06  1.479E-06  1.384E-06  1.302E-06  1.192E-06  1.099E-06  1.012E-06  9.199E-07  8.283E-07  7.619E-07  6.747E-07  5.963E-07  5.243E-07  4.580E-07  3.973E-07  3.424E-07  2.933E-07  2.413E-07  2.016E-07  1.651E-07  1.337E-07  1.063E-07  8.495E-08  6.508E-08  4.912E-08  3.608E-08  2.529E-08  1.608E-08  8.714E-09  3.511E-09  8.648E-10  9.093E-11  3.020E-12  1.814E-14  1.670E-17  1.342E-21  8.440E-27  1.555E-34  4.806E-43  0.000E+00  0.000E+00  0.000E+00  0.000E+00  0.000E+00  0.000E+00  0.000E+00  0.000E+00  0.000E+00  0.000E+00  0.000E+00  0.000E+00  0.000E+00
  301.5000  7.130E-06  6.801E-06  6.478E-06  6.160E-06  5.848E-06  5.543E-06  5.246E-06  4.960E-06  4.608E-06  4.268E-06  3.972E-06  3.715E-06  3.490E-06  3.193E-06  2.942E-06  2.707E-06  2.460E-06  2.215E-06  2.037E-06  1.806E-06  1.594E-06  1.402E-06  1.226E-06  1.064E-06  9.175E-07  7.866E-07  6.479E-07  5.418E-07  4.443E-07  3.601E-07  2.870E-07  2.296E-07  1.764E-07  1.338E-07  9.903E-08  7.042E-08  4.611E-08  2.640E-08  1.177E-08  3.457E-09  4.899E-10  2.594E-11  3.175E-13  7.752E-16  2.304E-19  7.531E-24  1.636E-30  7.483E-38  1.822E-44  1.401E-45  0.000E+00  0.000E+00  0.000E+00  0.000E+00  0.000E+00  0.000E+00  0.000E+00  0.000E+00  0.000E+00  0.000E+00  0.000E+00
  302.5000  1.102E-05  1.051E-05  9.995E-06  9.495E-06  9.005E-06  8.525E-06  8.061E-06  7.613E-06  7.068E-06  6.541E-06  6.082E-06  5.683E-06  5.334E-06  4.878E-06  4.491E-06  4.130E-06  3.753E-06  3.377E-06  3.104E-06  2.750E-06  2.430E-06  2.138E-06  1.869E-06  1.623E-06  1.401E-06  1.201E-06  9.906E-07  8.289E-07  6.805E-07  5.520E-07  4.404E-07  3.528E-07  2.717E-07  2.066E-07  1.538E-07  1.104E-07  7.371E-08  4.378E-08  2.089E-08  6.917E-09  1.200E-09  8.715E-11  1.724E-12  8.016E-15  5.581E-18  5.331E-22  5.737E-28  1.494E-34  1.448E-40  8.128E-44  5.605E-45  1.401E-45  0.000E+00  0.000E+00  0.000E+00  0.000E+00  0.000E+00  0.000E+00  0.000E+00  0.000E+00  0.000E+00
  303.5000  2.468E-05  2.348E-05  2.230E-05  2.115E-05  2.003E-05  1.893E-05  1.788E-05  1.686E-05  1.563E-05  1.445E-05  1.342E-05  1.252E-05  1.174E-05  1.072E-05  9.862E-06  9.062E-06  8.226E-06  7.400E-06  6.798E-06  6.019E-06  5.320E-06  4.681E-06  4.094E-06  3.557E-06  3.071E-06  2.636E-06  2.176E-06  1.823E-06  1.498E-06  1.217E-06  9.724E-07  7.800E-07  6.021E-07  4.595E-07  3.439E-07  2.495E-07  1.703E-07  1.053E-07  5.426E-08  2.057E-08  4.498E-09  4.700E-10  1.621E-11  1.608E-13  3.084E-16  1.056E-19  7.621E-25  1.576E-30  8.843E-36  8.579E-39  3.858E-40  1.770E-42  1.401E-45  0.000E+00  0.000E+00  0.000E+00  0.000E+00  0.000E+00  0.000E+00  0.000E+00  0.000E+00
  304.5000  3.187E-05  3.028E-05  2.873E-05  2.722E-05  2.575E-05  2.431E-05  2.293E-05  2.160E-05  2.001E-05  1.847E-05  1.714E-05  1.598E-05  1.497E-05  1.366E-05  1.256E-05  1.153E-05  1.046E-05  9.406E-06  8.636E-06  7.645E-06  6.757E-06  5.945E-06  5.200E-06  4.519E-06  3.903E-06  3.352E-06  2.769E-06  2.321E-06  1.910E-06  1.552E-06  1.242E-06  9.970E-07  7.708E-07  5.894E-07  4.428E-07  3.232E-07  2.234E-07  1.416E-07  7.640E-08  3.141E-08  7.881E-09  1.021E-09  4.882E-11  7.553E-13  2.622E-15  1.881E-18  4.023E-23  2.665E-28  3.964E-33  5.280E-36  1.919E-37  6.764E-40  5.843E-43  0.000E+00  0.000E+00  0.000E+00  0.000E+00  0.000E+00  0.000E+00  0.000E+00  0.000E+00
  305.5000  5.498E-05  5.213E-05  4.935E-05  4.665E-05  4.403E-05  4.149E-05  3.905E-05  3.672E-05  3.395E-05  3.129E-05  2.898E-05  2.697E-05  2.521E-05  2.299E-05  2.109E-05  1.935E-05  1.753E-05  1.575E-05  1.444E-05  1.278E-05  1.129E-05  9.932E-06  8.688E-06  7.552E-06  6.525E-06  5.608E-06  4.640E-06  3.892E-06  3.207E-06  2.610E-06  2.091E-06  1.681E-06  1.303E-06  9.994E-07  7.542E-07  5.551E-07  3.902E-07  2.554E-07  1.465E-07  6.723E-08  2.041E-08  3.578E-09  2.724E-10  8.075E-12  6.802E-14  1.484E-16  1.641E-20  6.442E-25  4.287E-29  9.135E-32  2.330E-33  5.206E-36  1.955E-39  1.401E-45  0.000E+00  0.000E+00  0.000E+00  0.000E+00  0.000E+00  0.000E+00  0.000E+00
  306.5000  6.487E-05  6.143E-05  5.809E-05  5.486E-05  5.173E-05  4.869E-05  4.577E-05  4.299E-05  3.971E-05  3.657E-05  3.383E-05  3.145E-05  2.939E-05  2.677E-05  2.454E-05  2.249E-05  2.037E-05  1.829E-05  1.676E-05  1.483E-05  1.310E-05  1.152E-05  1.007E-05  8.758E-06  7.569E-06  6.507E-06  5.387E-06  4.521E-06  3.729E-06  3.036E-06  2.435E-06  1.959E-06  1.520E-06  1.168E-06  8.831E-07  6.525E-07  4.623E-07  3.071E-07  1.812E-07  8.748E-08  2.896E-08  5.813E-09  5.431E-10  2.129E-11  2.604E-13  9.096E-16  2.018E-19  1.678E-23  2.107E-27  5.597E-30  1.277E-31  2.517E-34  7.385E-38  1.121E-44  0.000E+00  0.000E+00  0.000E+00  0.000E+00  0.000E+00  0.000E+00  0.000E+00
  307.5000  1.211E-04  1.144E-04  1.079E-04  1.016E-04  9.552E-05  8.967E-05  8.408E-05  7.876E-05  7.257E-05  6.668E-05  6.154E-05  5.708E-05  5.321E-05  4.837E-05  4.426E-05  4.050E-05  3.661E-05  3.282E-05  3.004E-05  2.654E-05  2.341E-05  2.059E-05  1.800E-05  1.565E-05  1.353E-05  1.163E-05  9.646E-06  8.103E-06  6.692E-06  5.455E-06  4.384E-06  3.531E-06  2.746E-06  2.115E-06  1.606E-06  1.194E-06  8.563E-07  5.826E-07  3.600E-07  1.891E-07  7.276E-08  1.858E-08  2.528E-09  1.682E-10  4.251E-12  3.720E-14  3.224E-17  1.180E-20  5.176E-24  2.046E-26  3.525E-28  4.878E-31  7.229E-35  9.080E-42  0.000E+00  0.000E+00  0.000E+00  0.000E+00  0.000E+00  0.000E+00  0.000E+00
  308.5000  1.511E-04  1.426E-04  1.343E-04  1.263E-04  1.186E-04  1.112E-04  1.042E-04  9.746E-05  8.972E-05  8.232E-05  7.589E-05  7.031E-05  6.548E-05  5.946E-05  5.436E-05  4.969E-05  4.488E-05  4.020E-05  3.677E-05  3.247E-05  2.866E-05  2.517E-05  2.201E-05  1.913E-05  1.654E-05  1.422E-05  1.180E-05  9.915E-06  8.195E-06  6.685E-06  5.376E-06  4.333E-06  3.373E-06  2.601E-06  1.979E-06  1.475E-06  1.064E-06  7.314E-07  4.612E-07  2.513E-07  1.030E-07  2.906E-08  4.600E-09  3.756E-10  1.248E-11  1.543E-13  2.225E-16  1.406E-19  9.768E-23  4.563E-25  7.365E-27  9.572E-30  1.236E-33  1.635E-40  0.000E+00  0.000E+00  0.000E+00  0.000E+00  0.000E+00  0.000E+00  0.000E+00
  309.5000  1.635E-04  1.538E-04  1.445E-04  1.356E-04  1.270E-04  1.188E-04  1.109E-04  1.035E-04  9.507E-05  8.704E-05  8.004E-05  7.398E-05  6.873E-05  6.228E-05  5.682E-05  5.184E-05  4.673E-05  4.180E-05  3.817E-05  3.366E-05  2.967E-05  2.605E-05  2.276E-05  1.978E-05  1.709E-05  1.470E-05  1.221E-05  1.027E-05  8.496E-06  6.938E-06  5.588E-06  4.509E-06  3.517E-06  2.717E-06  2.072E-06  1.551E-06  1.128E-06  7.868E-07  5.108E-07  2.936E-07  1.325E-07  4.375E-08  8.853E-09  1.022E-09  5.465E-11  1.239E-12  4.383E-15  7.322E-18  1.155E-20  7.070E-23  9.695E-25  1.037E-27  8.992E-32  1.062E-38  0.000E+00  0.000E+00  0.000E+00  0.000E+00  0.000E+00  0.000E+00  0.000E+00
  310.5000  2.630E-04  2.469E-04  2.314E-04  2.167E-04  2.025E-04  1.890E-04  1.761E-04  1.640E-04  1.503E-04  1.373E-04  1.260E-04  1.162E-04  1.077E-04  9.744E-05  8.872E-05  8.080E-05  7.271E-05  6.494E-05  5.920E-05  5.215E-05  4.589E-05  4.027E-05  3.517E-05  3.054E-05  2.639E-05  2.270E-05  1.886E-05  1.587E-05  1.315E-05  1.074E-05  8.665E-06  6.998E-06  5.467E-06  4.232E-06  3.234E-06  2.429E-06  1.776E-06  1.253E-06  8.305E-07  4.966E-07  2.407E-07  8.910E-08  2.155E-08  3.187E-09  2.386E-10  8.302E-12  5.532E-14  1.825E-16  5.091E-19  3.794E-21  4.719E-23  4.537E-26  3.133E-30  3.667E-37  0.000E+00  0.000E+00  0.000E+00  0.000E+00  0.000E+00  0.000E+00  0.000E+00
  311.5000  3.805E-04  3.566E-04  3.338E-04  3.120E-04  2.911E-04  2.712E-04  2.524E-04  2.346E-04  2.146E-04  1.958E-04  1.793E-04  1.651E-04  1.529E-04  1.380E-04  1.255E-04  1.141E-04  1.026E-04  9.149E-05  8.330E-05  7.331E-05  6.441E-05  5.651E-05  4.932E-05  4.282E-05  3.699E-05  3.181E-05  2.644E-05  2.226E-05  1.845E-05  1.509E-05  1.218E-05  9.842E-06  7.698E-06  5.966E-06  4.567E-06  3.436E-06  2.522E-06  1.791E-06  1.204E-06  7.381E-07  3.743E-07  1.492E-07  4.051E-08  7.033E-09  6.549E-10  3.018E-11  3.058E-13  1.589E-15  6.525E-18  5.622E-20  6.704E-22  6.221E-25  3.881E-29  4.843E-36  0.000E+00  0.000E+00  0.000E+00  0.000E+00  0.000E+00  0.000E+00  0.000E+00
  312.5000  4.758E-04  4.443E-04  4.142E-04  3.857E-04  3.586E-04  3.329E-04  3.086E-04  2.858E-04  2.606E-04  2.368E-04  2.162E-04  1.983E-04  1.829E-04  1.646E-04  1.491E-04  1.352E-04  1.211E-04  1.077E-04  9.777E-05  8.582E-05  7.531E-05  6.589E-05  5.741E-05  4.977E-05  4.296E-05  3.693E-05  3.071E-05  2.585E-05  2.146E-05  1.756E-05  1.421E-05  1.149E-05  9.011E-06  7.001E-06  5.374E-06  4.059E-06  2.998E-06  2.153E-06  1.478E-06  9.444E-07  5.171E-07  2.340E-07  7.781E-08  1.796E-08  2.476E-09  1.888E-10  4.030E-12  4.659E-14  3.728E-16  4.011E-18  4.211E-20  3.375E-23  1.547E-27  1.805E-34  0.000E+00  0.000E+00  0.000E+00  0.000E+00  0.000E+00  0.000E+00  0.000E+00
  313.5000  5.757E-04  5.371E-04  5.004E-04  4.656E-04  4.324E-04  4.011E-04  3.715E-04  3.438E-04  3.132E-04  2.844E-04  2.593E-04  2.377E-04  2.190E-04  1.970E-04  1.783E-04  1.615E-04  1.445E-04  1.284E-04  1.165E-04  1.022E-04  8.961E-05  7.836E-05  6.823E-05  5.914E-05  5.102E-05  4.385E-05  3.647E-05  3.071E-05  2.550E-05  2.088E-05  1.690E-05  1.368E-05  1.073E-05  8.344E-06  6.411E-06  4.848E-06  3.588E-06  2.586E-06  1.788E-06  1.156E-06  6.469E-07  3.032E-07  1.063E-07  2.627E-08  3.957E-09  3.384E-10  8.564E-12  1.186E-13  1.109E-15  1.288E-17  1.377E-19  1.154E-22  5.596E-27  7.653E-34  0.000E+00  0.000E+00  0.000E+00  0.000E+00  0.000E+00  0.000E+00  0.000E+00
  314.5000  7.527E-04  6.993E-04  6.487E-04  6.010E-04  5.559E-04  5.134E-04  4.736E-04  4.364E-04  3.959E-04  3.580E-04  3.252E-04  2.968E-04  2.723E-04  2.438E-04  2.198E-04  1.983E-04  1.767E-04  1.565E-04  1.414E-04  1.236E-04  1.081E-04  9.424E-05  8.186E-05  7.080E-05  6.098E-05  5.234E-05  4.354E-05  3.665E-05  3.045E-05  2.496E-05  2.023E-05  1.640E-05  1.290E-05  1.006E-05  7.749E-06  5.880E-06  4.375E-06  3.181E-06  2.235E-06  1.491E-06  8.862E-07  4.596E-07  1.899E-07  5.936E-08  1.240E-08  1.623E-09  7.756E-11  2.132E-12  3.541E-14  5.002E-16  4.839E-18  3.623E-21  1.365E-25  1.797E-32  0.000E+00  0.000E+00  0.000E+00  0.000E+00  0.000E+00  0.000E+00  0.000E+00
  315.5000  8.177E-04  7.593E-04  7.041E-04  6.521E-04  6.028E-04  5.564E-04  5.130E-04  4.725E-04  4.284E-04  3.872E-04  3.514E-04  3.206E-04  2.940E-04  2.631E-04  2.370E-04  2.137E-04  1.903E-04  1.684E-04  1.521E-04  1.329E-04  1.161E-04  1.012E-04  8.785E-05  7.595E-05  6.539E-05  5.611E-05  4.667E-05  3.928E-05  3.265E-05  2.677E-05  2.171E-05  1.761E-05  1.386E-05  1.081E-05  8.337E-06  6.333E-06  4.719E-06  3.439E-06  2.428E-06  1.633E-06  9.842E-07  5.221E-07  2.231E-07  7.263E-08  1.596E-08  2.232E-09  1.176E-10  3.577E-12  6.496E-14  9.707E-16  9.715E-18  7.762E-21  3.229E-25  5.091E-32  0.000E+00  0.000E+00  0.000E+00  0.000E+00  0.000E+00  0.000E+00  0.000E+00
  316.5000  1.060E-03  9.812E-04  9.068E-04  8.367E-04  7.707E-04  7.088E-04  6.509E-04  5.971E-04  5.393E-04  4.855E-04  4.389E-04  3.987E-04  3.640E-04  3.245E-04  2.910E-04  2.614E-04  2.318E-04  2.043E-04  1.837E-04  1.599E-04  1.392E-04  1.209E-04  1.047E-04  9.024E-05  7.752E-05  6.639E-05  5.517E-05  4.640E-05  3.858E-05  3.164E-05  2.569E-05  2.086E-05  1.646E-05  1.287E-05  9.956E-06  7.588E-06  5.679E-06  4.167E-06  2.977E-06  2.047E-06  1.289E-06  7.357E-07  3.551E-07  1.379E-07  3.889E-08  7.538E-09  6.454E-10  3.301E-11  9.250E-13  1.612E-14  1.513E-16  1.132E-19  4.009E-24  6.401E-31  0.000E+00  0.000E+00  0.000E+00  0.000E+00  0.000E+00  0.000E+00  0.000E+00
  317.5000  1.499E-03  1.388E-03  1.282E-03  1.184E-03  1.090E-03  1.003E-03  9.212E-04  8.453E-04  7.636E-04  6.874E-04  6.215E-04  5.647E-04  5.158E-04  4.598E-04  4.124E-04  3.705E-04  3.286E-04  2.896E-04  2.605E-04  2.268E-04  1.974E-04  1.715E-04  1.484E-04  1.280E-04  1.099E-04  9.416E-05  7.825E-05  6.581E-05  5.472E-05  4.488E-05  3.646E-05  2.961E-05  2.336E-05  1.828E-05  1.414E-05  1.078E-05  8.071E-06  5.926E-06  4.240E-06  2.923E-06  1.846E-06  1.059E-06  5.140E-07  2.004E-07  5.655E-08  1.098E-08  9.410E-10  4.814E-11  1.360E-12  2.449E-14  2.434E-16  2.001E-19  8.255E-24  1.621E-30  0.000E+00  0.000E+00  0.000E+00  0.000E+00  0.000E+00  0.000E+00  0.000E+00
  318.5000  1.578E-03  1.458E-03  1.344E-03  1.237E-03  1.136E-03  1.042E-03  9.537E-04  8.720E-04  7.847E-04  7.037E-04  6.336E-04  5.732E-04  5.213E-04  4.627E-04  4.131E-04  3.694E-04  3.261E-04  2.861E-04  2.562E-04  2.219E-04  1.924E-04  1.664E-04  1.435E-04  1.232E-04  1.055E-04  9.012E-05  7.476E-05  6.278E-05  5.218E-05  4.278E-05  3.479E-05  2.828E-05  2.237E-05  1.755E-05  1.362E-05  1.042E-05  7.839E-06  5.792E-06  4.187E-06  2.941E-06  1.926E-06  1.176E-06  6.337E-07  2.881E-07  1.015E-07  2.642E-08  3.513E-09  2.877E-10  1.205E-11  2.502E-13  2.355E-15  1.834E-18  6.574E-23  1.319E-29  0.000E+00  0.000E+00  0.000E+00  0.000E+00  0.000E+00  0.000E+00  0.000E+00
  319.5000  2.047E-03  1.891E-03  1.744E-03  1.610E-03  1.474E-03  1.351E-03  1.236E-03  1.130E-03  1.016E-03  9.108E-04  8.196E-04  7.411E-04  6.736E-04  5.974E-04  5.331E-04  4.764E-04  4.202E-04  3.683E-04  3.296E-04  2.853E-04  2.470E-04  2.135E-04  1.839E-04  1.579E-04  1.351E-04  1.153E-04  9.559E-05  8.023E-05  6.668E-05  5.467E-05  4.447E-05  3.616E-05  2.862E-05  2.247E-05  1.746E-05  1.337E-05  1.007E-05  7.453E-06  5.403E-06  3.813E-06  2.520E-06  1.561E-06  8.608E-07  4.035E-07  1.480E-07  4.069E-08  5.865E-09  5.230E-10  2.366E-11  5.169E-13  5.039E-15  4.184E-18  1.650E-22  3.911E-29  0.000E+00  0.000E+00  0.000E+00  0.000E+00  0.000E+00  0.000E+00  0.000E+00
  320.5000  2.685E-03  2.480E-03  2.286E-03  2.104E-03  1.930E-03  1.768E-03  1.617E-03  1.477E-03  1.327E-03  1.189E-03  1.068E-03  9.652E-04  8.764E-04  7.764E-04  6.920E-04  6.177E-04  5.442E-04  4.763E-04  4.257E-04  3.680E-04  3.182E-04  2.747E-04  2.363E-04  2.026E-04  1.732E-04  1.477E-04  1.224E-04  1.026E-04  8.528E-05  6.990E-05  5.687E-05  4.625E-05  3.663E-05  2.879E-05  2.238E-05  1.716E-05  1.294E-05  9.594E-06  6.973E-06  4.943E-06  3.294E-06  2.068E-06  1.168E-06  5.670E-07  2.192E-07  6.462E-08  1.033E-08  1.030E-09  5.158E-11  1.195E-12  1.200E-14  1.053E-17  4.465E-22  1.226E-28  0.000E+00  0.000E+00  0.000E+00  0.000E+00  0.000E+00  0.000E+00  0.000E+00
  321.5000  3.213E-03  2.972E-03  2.742E-03  2.525E-03  2.319E-03  2.124E-03  1.942E-03  1.772E-03  1.590E-03  1.421E-03  1.275E-03  1.149E-03  1.040E-03  9.183E-04  8.155E-04  7.252E-04  6.360E-04  5.540E-04  4.929E-04  4.238E-04  3.645E-04  3.129E-04  2.678E-04  2.284E-04  1.942E-04  1.649E-04  1.361E-04  1.138E-04  9.433E-05  7.717E-05  6.278E-05  5.107E-05  4.054E-05  3.195E-05  2.494E-05  1.921E-05  1.456E-05  1.087E-05  7.974E-06  5.741E-06  3.938E-06  2.597E-06  1.597E-06  8.784E-07  4.085E-07  1.548E-07  3.619E-08  5.421E-09  3.821E-10  1.004E-11  9.624E-14  8.094E-17  3.065E-21  8.717E-28  8.408E-45  0.000E+00  0.000E+00  0.000E+00  0.000E+00  0.000E+00  0.000E+00
  322.5000  2.461E-03  2.273E-03  2.095E-03  1.927E-03  1.768E-03  1.620E-03  1.481E-03  1.352E-03  1.214E-03  1.087E-03  9.762E-04  8.813E-04  7.997E-04  7.078E-04  6.304E-04  5.622E-04  4.948E-04  4.327E-04  3.863E-04  3.336E-04  2.881E-04  2.484E-04  2.135E-04  1.829E-04  1.561E-04  1.330E-04  1.101E-04  9.234E-05  7.671E-05  6.286E-05  5.115E-05  4.162E-05  3.298E-05  2.594E-05  2.019E-05  1.550E-05  1.171E-05  8.698E-06  6.342E-06  4.519E-06  3.039E-06  1.938E-06  1.121E-06  5.626E-07  2.277E-07  7.147E-08  1.256E-08  1.392E-09  7.732E-11  1.955E-12  2.137E-14  2.168E-17  1.138E-21  4.377E-28  5.605E-45  0.000E+00  0.000E+00  0.000E+00  0.000E+00  0.000E+00  0.000E+00
  323.5000  3.937E-03  3.648E-03  3.371E-03  3.108E-03  2.857E-03  2.620E-03  2.397E-03  2.189E-03  1.964E-03  1.755E-03  1.574E-03  1.418E-03  1.284E-03  1.132E-03  1.004E-03  8.920E-04  7.808E-04  6.789E-04  6.029E-04  5.170E-04  4.435E-04  3.796E-04  3.240E-04  2.755E-04  2.336E-04  1.978E-04  1.628E-04  1.358E-04  1.124E-04  9.181E-05  7.465E-05  6.072E-05  4.822E-05  3.807E-05  2.977E-05  2.299E-05  1.748E-05  1.309E-05  9.649E-06  6.996E-06  4.859E-06  3.269E-06  2.082E-06  1.208E-06  6.091E-07  2.585E-07  7.181E-08  1.304E-08  1.098E-09  3.215E-11  3.281E-13  3.089E-16  1.358E-20  5.162E-27  4.484E-44  0.000E+00  0.000E+00  0.000E+00  0.000E+00  0.000E+00  0.000E+00
  324.5000  4.537E-03  4.203E-03  3.883E-03  3.580E-03  3.291E-03  3.017E-03  2.760E-03  2.521E-03  2.262E-03  2.021E-03  1.813E-03  1.633E-03  1.479E-03  1.305E-03  1.158E-03  1.028E-03  9.005E-04  7.832E-04  6.959E-04  5.970E-04  5.123E-04  4.388E-04  3.746E-04  3.187E-04  2.704E-04  2.290E-04  1.885E-04  1.573E-04  1.303E-04  1.064E-04  8.655E-05  7.041E-05  5.592E-05  4.415E-05  3.452E-05  2.666E-05  2.027E-05  1.518E-05  1.119E-05  8.116E-06  5.639E-06  3.794E-06  2.413E-06  1.395E-06  6.985E-07  2.935E-07  8.031E-08  1.435E-08  1.203E-09  3.614E-11  3.903E-13  4.021E-16  2.043E-20  9.385E-27  1.191E-43  0.000E+00  0.000E+00  0.000E+00  0.000E+00  0.000E+00  0.000E+00
  325.5000  4.771E-03  4.416E-03  4.077E-03  3.755E-03  3.450E-03  3.161E-03  2.890E-03  2.638E-03  2.366E-03  2.114E-03  1.895E-03  1.708E-03  1.546E-03  1.364E-03  1.210E-03  1.075E-03  9.420E-04  8.197E-04  7.286E-04  6.254E-04  5.372E-04  4.604E-04  3.933E-04  3.349E-04  2.844E-04  2.410E-04  1.986E-04  1.658E-04  1.374E-04  1.123E-04  9.136E-05  7.433E-05  5.903E-05  4.658E-05  3.641E-05  2.809E-05  2.134E-05  1.597E-05  1.176E-05  8.512E-06  5.893E-06  3.943E-06  2.483E-06  1.414E-06  6.913E-07  2.811E-07  7.315E-08  1.242E-08  1.008E-09  3.085E-11  3.561E-13  4.063E-16  2.431E-20  1.354E-26  2.312E-43  0.000E+00  0.000E+00  0.000E+00  0.000E+00  0.000E+00  0.000E+00
  326.5000  8.082E-03  7.518E-03  6.974E-03  6.453E-03  5.954E-03  5.479E-03  5.029E-03  4.606E-03  4.140E-03  3.705E-03  3.329E-03  3.005E-03  2.725E-03  2.404E-03  2.133E-03  1.895E-03  1.657E-03  1.439E-03  1.277E-03  1.092E-03  9.338E-04  7.966E-04  6.773E-04  5.737E-04  4.846E-04  4.086E-04  3.347E-04  2.781E-04  2.297E-04  1.869E-04  1.517E-04  1.233E-04  9.792E-05  7.742E-05  6.072E-05  4.706E-05  3.594E-05  2.707E-05  2.009E-05  1.471E-05  1.038E-05  7.165E-06  4.775E-06  2.956E-06  1.652E-06  8.117E-07  2.828E-07  6.613E-08  7.072E-09  2.405E-10  2.692E-12  2.995E-15  1.655E-19  9.644E-26  2.120E-42  0.000E+00  0.000E+00  0.000E+00  0.000E+00  0.000E+00  0.000E+00
  327.5000  6.723E-03  6.241E-03  5.779E-03  5.337E-03  4.915E-03  4.515E-03  4.137E-03  3.783E-03  3.397E-03  3.037E-03  2.726E-03  2.458E-03  2.227E-03  1.964E-03  1.742E-03  1.547E-03  1.353E-03  1.176E-03  1.044E-03  8.934E-04  7.650E-04  6.535E-04  5.565E-04  4.722E-04  3.996E-04  3.375E-04  2.770E-04  2.306E-04  1.907E-04  1.554E-04  1.263E-04  1.027E-04  8.158E-05  6.447E-05  5.052E-05  3.910E-05  2.982E-05  2.241E-05  1.660E-05  1.212E-05  8.513E-06  5.829E-06  3.826E-06  2.314E-06  1.244E-06  5.778E-07  1.844E-07  3.921E-08  3.902E-09  1.335E-10  1.611E-12  2.009E-15  1.343E-19  9.662E-26  2.944E-42  0.000E+00  0.000E+00  0.000E+00  0.000E+00  0.000E+00  0.000E+00
  328.5000  6.218E-03  5.772E-03  5.343E-03  4.934E-03  4.543E-03  4.172E-03  3.822E-03  3.494E-03  3.137E-03  2.804E-03  2.515E-03  2.267E-03  2.054E-03  1.810E-03  1.605E-03  1.425E-03  1.246E-03  1.082E-03  9.602E-04  8.217E-04  7.034E-04  6.007E-04  5.113E-04  4.337E-04  3.669E-04  3.098E-04  2.542E-04  2.115E-04  1.749E-04  1.425E-04  1.158E-04  9.412E-05  7.478E-05  5.910E-05  4.631E-05  3.585E-05  2.734E-05  2.055E-05  1.522E-05  1.112E-05  7.811E-06  5.350E-06  3.515E-06  2.130E-06  1.149E-06  5.370E-07  1.736E-07  3.763E-08  3.852E-09  1.366E-10  1.729E-12  2.326E-15  1.735E-19  1.458E-25  5.887E-42  0.000E+00  0.000E+00  0.000E+00  0.000E+00  0.000E+00  0.000E+00
  329.5000  1.053E-02  9.823E-03  9.140E-03  8.483E-03  7.850E-03  7.245E-03  6.669E-03  6.126E-03  5.518E-03  4.947E-03  4.454E-03  4.030E-03  3.665E-03  3.236E-03  2.876E-03  2.558E-03  2.239E-03  1.944E-03  1.726E-03  1.475E-03  1.260E-03  1.073E-03  9.106E-04  7.697E-04  6.487E-04  5.457E-04  4.454E-04  3.691E-04  3.043E-04  2.468E-04  2.001E-04  1.624E-04  1.289E-04  1.020E-04  8.010E-05  6.223E-05  4.767E-05  3.602E-05  2.685E-05  1.977E-05  1.408E-05  9.836E-06  6.710E-06  4.294E-06  2.535E-06  1.351E-06  5.357E-07  1.458E-07  1.822E-08  7.013E-10  8.777E-12  1.180E-14  8.557E-19  7.732E-25  4.035E-41  0.000E+00  0.000E+00  0.000E+00  0.000E+00  0.000E+00  0.000E+00
  330.5000  8.546E-03  7.954E-03  7.383E-03  6.836E-03  6.311E-03  5.810E-03  5.336E-03  4.890E-03  4.397E-03  3.936E-03  3.537E-03  3.194E-03  2.898E-03  2.556E-03  2.269E-03  2.016E-03  1.763E-03  1.530E-03  1.358E-03  1.161E-03  9.920E-04  8.457E-04  7.184E-04  6.081E-04  5.132E-04  4.323E-04  3.537E-04  2.936E-04  2.423E-04  1.970E-04  1.598E-04  1.298E-04  1.031E-04  8.156E-05  6.401E-05  4.966E-05  3.798E-05  2.864E-05  2.130E-05  1.564E-05  1.108E-05  7.693E-06  5.178E-06  3.250E-06  1.855E-06  9.411E-07  3.455E-07  8.648E-08  1.015E-08  3.939E-10  5.297E-12  7.933E-15  6.868E-19  7.555E-25  5.351E-41  0.000E+00  0.000E+00  0.000E+00  0.000E+00  0.000E+00  0.000E+00
  331.5000  8.249E-03  7.674E-03  7.119E-03  6.588E-03  6.078E-03  5.593E-03  5.133E-03  4.702E-03  4.225E-03  3.780E-03  3.396E-03  3.065E-03  2.780E-03  2.451E-03  2.175E-03  1.931E-03  1.688E-03  1.465E-03  1.300E-03  1.111E-03  9.494E-04  8.094E-04  6.876E-04  5.820E-04  4.912E-04  4.139E-04  3.387E-04  2.812E-04  2.321E-04  1.887E-04  1.531E-04  1.244E-04  9.881E-05  7.814E-05  6.132E-05  4.756E-05  3.637E-05  2.742E-05  2.038E-05  1.496E-05  1.059E-05  7.343E-06  4.931E-06  3.084E-06  1.752E-06  8.822E-07  3.206E-07  7.970E-08  9.391E-09  3.742E-10  5.299E-12  8.600E-15  8.416E-19  1.086E-24  1.017E-40  0.000E+00  0.000E+00  0.000E+00  0.000E+00  0.000E+00  0.000E+00
  332.5000  9.918E-03  9.265E-03  8.632E-03  8.022E-03  7.433E-03  6.869E-03  6.331E-03  5.823E-03  5.250E-03  4.711E-03  4.246E-03  3.846E-03  3.501E-03  3.094E-03  2.752E-03  2.449E-03  2.144E-03  1.862E-03  1.655E-03  1.413E-03  1.207E-03  1.027E-03  8.711E-04  7.357E-04  6.194E-04  5.205E-04  4.242E-04  3.511E-04  2.891E-04  2.342E-04  1.896E-04  1.538E-04  1.221E-04  9.656E-05  7.589E-05  5.901E-05  4.526E-05  3.426E-05  2.559E-05  1.889E-05  1.350E-05  9.483E-06  6.530E-06  4.234E-06  2.556E-06  1.410E-06  5.919E-07  1.733E-07  2.367E-08  1.008E-09  1.432E-11  2.365E-14  2.328E-18  3.285E-24  3.962E-40  0.000E+00  0.000E+00  0.000E+00  0.000E+00  0.000E+00  0.000E+00
  333.5000  8.545E-03  7.966E-03  7.407E-03  6.870E-03  6.352E-03  5.858E-03  5.388E-03  4.946E-03  4.451E-03  3.988E-03  3.588E-03  3.244E-03  2.947E-03  2.601E-03  2.310E-03  2.054E-03  1.796E-03  1.559E-03  1.384E-03  1.182E-03  1.009E-03  8.595E-04  7.292E-04  6.163E-04  5.193E-04  4.368E-04  3.565E-04  2.954E-04  2.435E-04  1.975E-04  1.601E-04  1.299E-04  1.032E-04  8.161E-05  6.410E-05  4.980E-05  3.815E-05  2.883E-05  2.150E-05  1.583E-05  1.128E-05  7.887E-06  5.382E-06  3.445E-06  2.032E-06  1.083E-06  4.312E-07  1.192E-07  1.563E-08  6.747E-10  1.021E-11  1.855E-14  2.131E-18  3.589E-24  5.746E-40  0.000E+00  0.000E+00  0.000E+00  0.000E+00  0.000E+00  0.000E+00
  334.5000  9.984E-03  9.317E-03  8.671E-03  8.049E-03  7.450E-03  6.876E-03  6.331E-03  5.816E-03  5.238E-03  4.696E-03  4.228E-03  3.825E-03  3.478E-03  3.071E-03  2.729E-03  2.427E-03  2.123E-03  1.843E-03  1.636E-03  1.397E-03  1.192E-03  1.015E-03  8.606E-04  7.269E-04  6.120E-04  5.143E-04  4.194E-04  3.472E-04  2.860E-04  2.317E-04  1.877E-04  1.522E-04  1.208E-04  9.559E-05  7.511E-05  5.839E-05  4.477E-05  3.387E-05  2.528E-05  1.865E-05  1.331E-05  9.334E-06  6.406E-06  4.134E-06  2.476E-06  1.351E-06  5.576E-07  1.612E-07  2.216E-08  9.934E-10  1.556E-11  2.998E-14  3.737E-18  7.171E-24  1.488E-39  0.000E+00  0.000E+00  0.000E+00  0.000E+00  0.000E+00  0.000E+00
  335.5000  1.117E-02  1.045E-02  9.749E-03  9.071E-03  8.416E-03  7.787E-03  7.186E-03  6.618E-03  5.972E-03  5.364E-03  4.839E-03  4.388E-03  4.000E-03  3.537E-03  3.148E-03  2.805E-03  2.457E-03  2.134E-03  1.897E-03  1.620E-03  1.383E-03  1.177E-03  9.972E-04  8.415E-04  7.078E-04  5.942E-04  4.835E-04  3.996E-04  3.288E-04  2.659E-04  2.151E-04  1.743E-04  1.383E-04  1.094E-04  8.598E-05  6.692E-05  5.139E-05  3.895E-05  2.915E-05  2.157E-05  1.546E-05  1.091E-05  7.569E-06  4.961E-06  3.054E-06  1.737E-06  7.673E-07  2.402E-07  3.564E-08  1.672E-09  2.681E-11  5.393E-14  7.114E-18  1.534E-23  4.114E-39  0.000E+00  0.000E+00  0.000E+00  0.000E+00  0.000E+00  0.000E+00
  336.5000  8.487E-03  7.933E-03  7.395E-03  6.875E-03  6.374E-03  5.892E-03  5.433E-03  5.000E-03  4.509E-03  4.047E-03  3.648E-03  3.305E-03  3.010E-03  2.660E-03  2.366E-03  2.107E-03  1.844E-03  1.601E-03  1.423E-03  1.215E-03  1.037E-03  8.821E-04  7.474E-04  6.307E-04  5.306E-04  4.455E-04  3.626E-04  2.998E-04  2.467E-04  1.996E-04  1.615E-04  1.309E-04  1.038E-04  8.213E-05  6.456E-05  5.024E-05  3.856E-05  2.922E-05  2.185E-05  1.616E-05  1.158E-05  8.155E-06  5.647E-06  3.690E-06  2.258E-06  1.273E-06  5.552E-07  1.717E-07  2.545E-08  1.222E-09  2.058E-11  4.468E-14  6.627E-18  1.661E-23  5.793E-39  0.000E+00  0.000E+00  0.000E+00  0.000E+00  0.000E+00  0.000E+00
  337.5000  8.696E-03  8.114E-03  7.550E-03  7.008E-03  6.485E-03  5.985E-03  5.509E-03  5.060E-03  4.557E-03  4.084E-03  3.676E-03  3.325E-03  3.023E-03  2.668E-03  2.370E-03  2.107E-03  1.843E-03  1.599E-03  1.420E-03  1.212E-03  1.034E-03  8.797E-04  7.456E-04  6.295E-04  5.298E-04  4.451E-04  3.627E-04  3.002E-04  2.472E-04  2.002E-04  1.621E-04  1.314E-04  1.043E-04  8.253E-05  6.485E-05  5.043E-05  3.867E-05  2.927E-05  2.186E-05  1.614E-05  1.153E-05  8.097E-06  5.569E-06  3.605E-06  2.170E-06  1.193E-06  5.002E-07  1.483E-07  2.137E-08  1.042E-09  1.857E-11  4.396E-14  7.476E-18  2.201E-23  1.002E-38  0.000E+00  0.000E+00  0.000E+00  0.000E+00  0.000E+00  0.000E+00
  338.5000  1.019E-02  9.532E-03  8.892E-03  8.275E-03  7.677E-03  7.103E-03  6.555E-03  6.037E-03  5.447E-03  4.891E-03  4.413E-03  4.001E-03  3.646E-03  3.223E-03  2.869E-03  2.555E-03  2.238E-03  1.943E-03  1.727E-03  1.474E-03  1.258E-03  1.070E-03  9.063E-04  7.644E-04  6.426E-04  5.392E-04  4.383E-04  3.621E-04  2.978E-04  2.406E-04  1.946E-04  1.576E-04  1.250E-04  9.885E-05  7.772E-05  6.050E-05  4.648E-05  3.525E-05  2.639E-05  1.954E-05  1.403E-05  9.905E-06  6.890E-06  4.531E-06  2.806E-06  1.612E-06  7.259E-07  2.343E-07  3.662E-08  1.870E-09  3.401E-11  8.365E-14  1.491E-17  4.878E-23  2.825E-38  0.000E+00  0.000E+00  0.000E+00  0.000E+00  0.000E+00  0.000E+00
  339.5000  1.124E-02  1.052E-02  9.816E-03  9.137E-03  8.480E-03  7.848E-03  7.245E-03  6.674E-03  6.024E-03  5.411E-03  4.882E-03  4.428E-03  4.036E-03  3.569E-03  3.177E-03  2.830E-03  2.478E-03  2.152E-03  1.914E-03  1.633E-03  1.393E-03  1.185E-03  1.003E-03  8.460E-04  7.110E-04  5.964E-04  4.846E-04  4.002E-04  3.290E-04  2.657E-04  2.148E-04  1.739E-04  1.379E-04  1.090E-04  8.574E-05  6.676E-05  5.130E-05  3.892E-05  2.915E-05  2.160E-05  1.552E-05  1.097E-05  7.643E-06  5.039E-06  3.136E-06  1.816E-06  8.293E-07  2.729E-07  4.374E-08  2.302E-09  4.350E-11  1.138E-13  2.220E-17  8.273E-23  6.127E-38  0.000E+00  0.000E+00  0.000E+00  0.000E+00  0.000E+00  0.000E+00
  340.5000  1.157E-02  1.081E-02  1.008E-02  9.375E-03  8.692E-03  8.036E-03  7.410E-03  6.819E-03  6.149E-03  5.518E-03  4.974E-03  4.506E-03  4.103E-03  3.625E-03  3.224E-03  2.870E-03  2.511E-03  2.179E-03  1.937E-03  1.652E-03  1.409E-03  1.198E-03  1.015E-03  8.557E-04  7.192E-04  6.034E-04  4.906E-04  4.053E-04  3.333E-04  2.694E-04  2.178E-04  1.764E-04  1.399E-04  1.107E-04  8.700E-05  6.771E-05  5.201E-05  3.944E-05  2.952E-05  2.185E-05  1.568E-05  1.107E-05  7.689E-06  5.048E-06  3.117E-06  1.783E-06  7.992E-07  2.579E-07  4.095E-08  2.198E-09  4.359E-11  1.229E-13  2.694E-17  1.161E-22  1.107E-37  0.000E+00  0.000E+00  0.000E+00  0.000E+00  0.000E+00  0.000E+00
  341.5000  1.085E-02  1.016E-02  9.485E-03  8.832E-03  8.200E-03  7.592E-03  7.011E-03  6.461E-03  5.833E-03  5.240E-03  4.729E-03  4.290E-03  3.913E-03  3.460E-03  3.081E-03  2.745E-03  2.404E-03  2.088E-03  1.857E-03  1.584E-03  1.351E-03  1.149E-03  9.727E-04  8.199E-04  6.888E-04  5.775E-04  4.689E-04  3.870E-04  3.181E-04  2.567E-04  2.074E-04  1.679E-04  1.330E-04  1.052E-04  8.273E-05  6.443E-05  4.953E-05  3.760E-05  2.819E-05  2.090E-05  1.503E-05  1.064E-05  7.434E-06  4.918E-06  3.080E-06  1.802E-06  8.383E-07  2.832E-07  4.718E-08  2.624E-09  5.357E-11  1.586E-13  3.725E-17  1.803E-22  2.181E-37  0.000E+00  0.000E+00  0.000E+00  0.000E+00  0.000E+00  0.000E+00
  342.5000  1.215E-02  1.138E-02  1.062E-02  9.895E-03  9.188E-03  8.509E-03  7.860E-03  7.245E-03  6.542E-03  5.879E-03  5.306E-03  4.814E-03  4.391E-03  3.884E-03  3.458E-03  3.082E-03  2.699E-03  2.344E-03  2.085E-03  1.779E-03  1.517E-03  1.290E-03  1.092E-03  9.200E-04  7.727E-04  6.477E-04  5.257E-04  4.337E-04  3.564E-04  2.875E-04  2.322E-04  1.879E-04  1.489E-04  1.177E-04  9.257E-05  7.210E-05  5.544E-05  4.210E-05  3.157E-05  2.342E-05  1.685E-05  1.194E-05  8.353E-06  5.537E-06  3.481E-06  2.049E-06  9.633E-07  3.305E-07  5.625E-08  3.217E-09  6.817E-11  2.143E-13  5.498E-17  3.017E-22  4.628E-37  0.000E+00  0.000E+00  0.000E+00  0.000E+00  0.000E+00  0.000E+00
  343.5000  1.240E-02  1.160E-02  1.083E-02  1.008E-02  9.352E-03  8.656E-03  7.991E-03  7.361E-03  6.643E-03  5.966E-03  5.382E-03  4.881E-03  4.449E-03  3.933E-03  3.500E-03  3.117E-03  2.729E-03  2.369E-03  2.106E-03  1.797E-03  1.532E-03  1.302E-03  1.102E-03  9.284E-04  7.797E-04  6.535E-04  5.305E-04  4.377E-04  3.597E-04  2.902E-04  2.344E-04  1.897E-04  1.503E-04  1.189E-04  9.346E-05  7.279E-05  5.596E-05  4.248E-05  3.185E-05  2.362E-05  1.699E-05  1.203E-05  8.406E-06  5.563E-06  3.487E-06  2.044E-06  9.551E-07  3.263E-07  5.574E-08  3.261E-09  7.210E-11  2.422E-13  6.876E-17  4.307E-22  8.386E-37  0.000E+00  0.000E+00  0.000E+00  0.000E+00  0.000E+00  0.000E+00
  344.5000  8.514E-03  7.962E-03  7.427E-03  6.909E-03  6.408E-03  5.928E-03  5.469E-03  5.034E-03  4.541E-03  4.076E-03  3.675E-03  3.330E-03  3.034E-03  2.680E-03  2.384E-03  2.122E-03  1.857E-03  1.611E-03  1.432E-03  1.221E-03  1.041E-03  8.846E-04  7.486E-04  6.307E-04  5.297E-04  4.440E-04  3.605E-04  2.975E-04  2.445E-04  1.973E-04  1.594E-04  1.290E-04  1.022E-04  8.084E-05  6.357E-05  4.950E-05  3.805E-05  2.888E-05  2.164E-05  1.604E-05  1.153E-05  8.160E-06  5.695E-06  3.762E-06  2.350E-06  1.371E-06  6.354E-07  2.156E-07  3.689E-08  2.205E-09  5.086E-11  1.826E-13  5.735E-17  4.099E-22  1.012E-36  0.000E+00  0.000E+00  0.000E+00  0.000E+00  0.000E+00  0.000E+00
  345.5000  1.231E-02  1.153E-02  1.077E-02  1.004E-02  9.322E-03  8.635E-03  7.978E-03  7.356E-03  6.643E-03  5.969E-03  5.390E-03  4.891E-03  4.463E-03  3.947E-03  3.515E-03  3.133E-03  2.744E-03  2.382E-03  2.119E-03  1.808E-03  1.542E-03  1.309E-03  1.108E-03  9.333E-04  7.834E-04  6.562E-04  5.321E-04  4.387E-04  3.603E-04  2.903E-04  2.344E-04  1.896E-04  1.501E-04  1.187E-04  9.331E-05  7.270E-05  5.593E-05  4.249E-05  3.189E-05  2.368E-05  1.706E-05  1.210E-05  8.495E-06  5.652E-06  3.578E-06  2.130E-06  1.023E-06  3.627E-07  6.496E-08  4.016E-09  9.517E-11  3.577E-13  1.198E-16  9.530E-22  2.933E-36  0.000E+00  0.000E+00  0.000E+00  0.000E+00  0.000E+00  0.000E+00
  346.5000  1.116E-02  1.044E-02  9.740E-03  9.066E-03  8.413E-03  7.786E-03  7.186E-03  6.619E-03  5.972E-03  5.363E-03  4.837E-03  4.385E-03  3.996E-03  3.531E-03  3.142E-03  2.798E-03  2.448E-03  2.125E-03  1.888E-03  1.610E-03  1.372E-03  1.166E-03  9.864E-04  8.307E-04  6.973E-04  5.842E-04  4.740E-04  3.909E-04  3.211E-04  2.589E-04  2.090E-04  1.691E-04  1.340E-04  1.059E-04  8.328E-05  6.487E-05  4.988E-05  3.788E-05  2.841E-05  2.108E-05  1.518E-05  1.075E-05  7.528E-06  4.991E-06  3.141E-06  1.853E-06  8.774E-07  3.067E-07  5.469E-08  3.448E-09  8.532E-11  3.430E-13  1.274E-16  1.157E-21  4.513E-36  0.000E+00  0.000E+00  0.000E+00  0.000E+00  0.000E+00  0.000E+00
  347.5000  1.095E-02  1.024E-02  9.560E-03  8.899E-03  8.258E-03  7.643E-03  7.055E-03  6.498E-03  5.864E-03  5.265E-03  4.749E-03  4.305E-03  3.924E-03  3.467E-03  3.085E-03  2.747E-03  2.404E-03  2.086E-03  1.854E-03  1.581E-03  1.347E-03  1.144E-03  9.677E-04  8.149E-04  6.839E-04  5.728E-04  4.646E-04  3.830E-04  3.145E-04  2.536E-04  2.047E-04  1.656E-04  1.311E-04  1.037E-04  8.151E-05  6.349E-05  4.883E-05  3.709E-05  2.783E-05  2.065E-05  1.487E-05  1.054E-05  7.386E-06  4.903E-06  3.092E-06  1.831E-06  8.728E-07  3.083E-07  5.589E-08  3.612E-09  9.265E-11  3.942E-13  1.594E-16  1.629E-21  7.946E-36  0.000E+00  0.000E+00  0.000E+00  0.000E+00  0.000E+00  0.000E+00
  348.5000  1.218E-02  1.140E-02  1.064E-02  9.910E-03  9.200E-03  8.517E-03  7.864E-03  7.245E-03  6.539E-03  5.873E-03  5.298E-03  4.805E-03  4.380E-03  3.871E-03  3.445E-03  3.068E-03  2.685E-03  2.330E-03  2.071E-03  1.766E-03  1.505E-03  1.278E-03  1.081E-03  9.098E-04  7.634E-04  6.392E-04  5.182E-04  4.271E-04  3.506E-04  2.825E-04  2.280E-04  1.844E-04  1.460E-04  1.154E-04  9.073E-05  7.069E-05  5.438E-05  4.131E-05  3.101E-05  2.303E-05  1.659E-05  1.177E-05  8.259E-06  5.493E-06  3.478E-06  2.072E-06  9.987E-07  3.583E-07  6.630E-08  4.397E-09  1.167E-10  5.240E-13  2.294E-16  2.630E-21  1.598E-35  0.000E+00  0.000E+00  0.000E+00  0.000E+00  0.000E+00  0.000E+00
  349.5000  1.020E-02  9.544E-03  8.908E-03  8.294E-03  7.699E-03  7.127E-03  6.580E-03  6.062E-03  5.470E-03  4.912E-03  4.431E-03  4.018E-03  3.662E-03  3.236E-03  2.879E-03  2.564E-03  2.244E-03  1.947E-03  1.730E-03  1.475E-03  1.257E-03  1.067E-03  9.022E-04  7.594E-04  6.370E-04  5.333E-04  4.323E-04  3.562E-04  2.924E-04  2.355E-04  1.901E-04  1.537E-04  1.217E-04  9.616E-05  7.561E-05  5.890E-05  4.531E-05  3.443E-05  2.585E-05  1.919E-05  1.384E-05  9.815E-06  6.889E-06  4.584E-06  2.905E-06  1.734E-06  8.386E-07  3.028E-07  5.676E-08  3.854E-09  1.060E-10  5.038E-13  2.401E-16  3.091E-21  2.336E-35  0.000E+00  0.000E+00  0.000E+00  0.000E+00  0.000E+00  0.000E+00
  350.5000  1.432E-02  1.341E-02  1.251E-02  1.165E-02  1.082E-02  1.001E-02  9.245E-03  8.517E-03  7.686E-03  6.903E-03  6.226E-03  5.645E-03  5.145E-03  4.547E-03  4.045E-03  3.602E-03  3.152E-03  2.734E-03  2.430E-03  2.071E-03  1.765E-03  1.498E-03  1.266E-03  1.066E-03  8.938E-04  7.482E-04  6.063E-04  4.995E-04  4.099E-04  3.301E-04  2.663E-04  2.153E-04  1.704E-04  1.347E-04  1.059E-04  8.250E-05  6.347E-05  4.824E-05  3.622E-05  2.690E-05  1.940E-05  1.377E-05  9.670E-06  6.440E-06  4.088E-06  2.448E-06  1.191E-06  4.340E-07  8.259E-08  5.743E-09  1.634E-10  8.207E-13  4.243E-16  6.119E-21  5.734E-35  0.000E+00  0.000E+00  0.000E+00  0.000E+00  0.000E+00  0.000E+00
  351.5000  1.230E-02  1.151E-02  1.074E-02  9.998E-03  9.280E-03  8.589E-03  7.928E-03  7.303E-03  6.589E-03  5.916E-03  5.336E-03  4.836E-03  4.407E-03  3.894E-03  3.463E-03  3.083E-03  2.697E-03  2.339E-03  2.079E-03  1.772E-03  1.509E-03  1.281E-03  1.083E-03  9.109E-04  7.638E-04  6.392E-04  5.179E-04  4.266E-04  3.501E-04  2.819E-04  2.274E-04  1.838E-04  1.455E-04  1.150E-04  9.039E-05  7.042E-05  5.418E-05  4.118E-05  3.092E-05  2.297E-05  1.656E-05  1.175E-05  8.256E-06  5.499E-06  3.492E-06  2.092E-06  1.019E-06  3.732E-07  7.182E-08  5.107E-09  1.505E-10  7.993E-13  4.493E-16  7.259E-21  8.419E-35  0.000E+00  0.000E+00  0.000E+00  0.000E+00  0.000E+00  0.000E+00
  352.5000  1.114E-02  1.042E-02  9.731E-03  9.059E-03  8.409E-03  7.783E-03  7.185E-03  6.618E-03  5.972E-03  5.363E-03  4.836E-03  4.384E-03  3.995E-03  3.529E-03  3.139E-03  2.795E-03  2.445E-03  2.120E-03  1.884E-03  1.605E-03  1.367E-03  1.160E-03  9.805E-04  8.248E-04  6.915E-04  5.786E-04  4.687E-04  3.859E-04  3.166E-04  2.549E-04  2.056E-04  1.661E-04  1.315E-04  1.039E-04  8.167E-05  6.363E-05  4.896E-05  3.722E-05  2.795E-05  2.077E-05  1.498E-05  1.064E-05  7.477E-06  4.986E-06  3.172E-06  1.907E-06  9.350E-07  3.457E-07  6.755E-08  4.917E-09  1.498E-10  8.387E-13  5.099E-16  9.195E-21  1.315E-34  0.000E+00  0.000E+00  0.000E+00  0.000E+00  0.000E+00  0.000E+00
  353.5000  1.350E-02  1.263E-02  1.179E-02  1.098E-02  1.019E-02  9.437E-03  8.714E-03  8.027E-03  7.245E-03  6.506E-03  5.867E-03  5.319E-03  4.848E-03  4.283E-03  3.809E-03  3.392E-03  2.967E-03  2.573E-03  2.287E-03  1.948E-03  1.659E-03  1.408E-03  1.189E-03  1.000E-03  8.386E-04  7.015E-04  5.680E-04  4.676E-04  3.835E-04  3.086E-04  2.488E-04  2.010E-04  1.591E-04  1.257E-04  9.881E-05  7.699E-05  5.925E-05  4.505E-05  3.384E-05  2.515E-05  1.815E-05  1.289E-05  9.072E-06  6.056E-06  3.863E-06  2.331E-06  1.152E-06  4.304E-07  8.549E-08  6.369E-09  2.005E-10  1.182E-12  7.755E-16  1.557E-20  2.739E-34  0.000E+00  0.000E+00  0.000E+00  0.000E+00  0.000E+00  0.000E+00
  354.5000  1.469E-02  1.375E-02  1.284E-02  1.196E-02  1.110E-02  1.028E-02  9.490E-03  8.743E-03  7.891E-03  7.086E-03  6.392E-03  5.795E-03  5.282E-03  4.666E-03  4.151E-03  3.696E-03  3.233E-03  2.804E-03  2.491E-03  2.123E-03  1.807E-03  1.533E-03  1.295E-03  1.089E-03  9.128E-04  7.635E-04  6.179E-04  5.086E-04  4.171E-04  3.355E-04  2.704E-04  2.184E-04  1.728E-04  1.365E-04  1.073E-04  8.363E-05  6.437E-05  4.895E-05  3.678E-05  2.735E-05  1.974E-05  1.403E-05  9.880E-06  6.603E-06  4.221E-06  2.556E-06  1.271E-06  4.799E-07  9.683E-08  7.381E-09  2.398E-10  1.488E-12  1.053E-15  2.352E-20  5.075E-34  0.000E+00  0.000E+00  0.000E+00  0.000E+00  0.000E+00  0.000E+00
  355.5000  1.374E-02  1.286E-02  1.201E-02  1.118E-02  1.038E-02  9.613E-03  8.876E-03  8.178E-03  7.380E-03  6.627E-03  5.977E-03  5.419E-03  4.938E-03  4.363E-03  3.880E-03  3.454E-03  3.021E-03  2.620E-03  2.328E-03  1.983E-03  1.688E-03  1.432E-03  1.210E-03  1.017E-03  8.521E-04  7.125E-04  5.766E-04  4.745E-04  3.890E-04  3.128E-04  2.521E-04  2.036E-04  1.611E-04  1.272E-04  1.000E-04  7.794E-05  5.999E-05  4.563E-05  3.429E-05  2.550E-05  1.841E-05  1.309E-05  9.220E-06  6.166E-06  3.946E-06  2.395E-06  1.196E-06  4.548E-07  9.294E-08  7.241E-09  2.431E-10  1.588E-12  1.213E-15  3.013E-20  7.956E-34  0.000E+00  0.000E+00  0.000E+00  0.000E+00  0.000E+00  0.000E+00
  356.5000  1.275E-02  1.194E-02  1.115E-02  1.038E-02  9.636E-03  8.920E-03  8.236E-03  7.588E-03  6.847E-03  6.148E-03  5.545E-03  5.026E-03  4.580E-03  4.046E-03  3.598E-03  3.203E-03  2.801E-03  2.428E-03  2.157E-03  1.838E-03  1.564E-03  1.327E-03  1.120E-03  9.417E-04  7.889E-04  6.595E-04  5.336E-04  4.390E-04  3.599E-04  2.893E-04  2.332E-04  1.883E-04  1.489E-04  1.176E-04  9.245E-05  7.204E-05  5.545E-05  4.218E-05  3.170E-05  2.358E-05  1.703E-05  1.211E-05  8.532E-06  5.708E-06  3.657E-06  2.224E-06  1.114E-06  4.265E-07  8.825E-08  7.025E-09  2.435E-10  1.673E-12  1.380E-15  3.804E-20  1.227E-33  0.000E+00  0.000E+00  0.000E+00  0.000E+00  0.000E+00  0.000E+00
  357.5000  1.084E-02  1.015E-02  9.472E-03  8.819E-03  8.187E-03  7.579E-03  6.997E-03  6.445E-03  5.816E-03  5.222E-03  4.709E-03  4.267E-03  3.888E-03  3.434E-03  3.054E-03  2.718E-03  2.376E-03  2.060E-03  1.830E-03  1.558E-03  1.326E-03  1.125E-03  9.497E-04  7.982E-04  6.685E-04  5.588E-04  4.520E-04  3.718E-04  3.047E-04  2.449E-04  1.974E-04  1.593E-04  1.260E-04  9.951E-05  7.822E-05  6.095E-05  4.692E-05  3.569E-05  2.683E-05  1.995E-05  1.442E-05  1.025E-05  7.226E-06  4.837E-06  3.101E-06  1.889E-06  9.494E-07  3.656E-07  7.654E-08  6.223E-09  2.227E-10  1.609E-12  1.431E-15  4.373E-20  1.718E-33  0.000E+00  0.000E+00  0.000E+00  0.000E+00  0.000E+00  0.000E+00
  358.5000  8.390E-03  7.854E-03  7.332E-03  6.828E-03  6.338E-03  5.868E-03  5.417E-03  4.990E-03  4.503E-03  4.043E-03  3.646E-03  3.304E-03  3.011E-03  2.659E-03  2.364E-03  2.104E-03  1.840E-03  1.595E-03  1.416E-03  1.206E-03  1.026E-03  8.704E-04  7.347E-04  6.173E-04  5.169E-04  4.320E-04  3.493E-04  2.873E-04  2.354E-04  1.892E-04  1.524E-04  1.230E-04  9.726E-05  7.680E-05  6.037E-05  4.704E-05  3.622E-05  2.755E-05  2.071E-05  1.541E-05  1.114E-05  7.921E-06  5.588E-06  3.743E-06  2.404E-06  1.467E-06  7.414E-07  2.879E-07  6.108E-08  5.072E-09  1.872E-10  1.420E-12  1.357E-15  4.591E-20  2.191E-33  0.000E+00  0.000E+00  0.000E+00  0.000E+00  0.000E+00  0.000E+00
  359.5000  1.413E-02  1.322E-02  1.235E-02  1.150E-02  1.067E-02  9.878E-03  9.120E-03  8.401E-03  7.580E-03  6.805E-03  6.136E-03  5.560E-03  5.066E-03  4.473E-03  3.977E-03  3.539E-03  3.094E-03  2.682E-03  2.382E-03  2.028E-03  1.725E-03  1.463E-03  1.235E-03  1.037E-03  8.684E-04  7.255E-04  5.866E-04  4.822E-04  3.951E-04  3.175E-04  2.557E-04  2.063E-04  1.631E-04  1.288E-04  1.012E-04  7.889E-05  6.074E-05  4.621E-05  3.475E-05  2.586E-05  1.869E-05  1.329E-05  9.382E-06  6.287E-06  4.042E-06  2.472E-06  1.254E-06  4.898E-07  1.052E-07  8.918E-09  3.393E-10  2.704E-12  2.778E-15  1.039E-19  6.010E-33  0.000E+00  0.000E+00  0.000E+00  0.000E+00  0.000E+00  0.000E+00
  360.5000  1.310E-02  1.227E-02  1.145E-02  1.066E-02  9.899E-03  9.163E-03  8.459E-03  7.792E-03  7.030E-03  6.310E-03  5.690E-03  5.156E-03  4.697E-03  4.147E-03  3.687E-03  3.281E-03  2.867E-03  2.485E-03  2.207E-03  1.879E-03  1.598E-03  1.355E-03  1.143E-03  9.603E-04  8.038E-04  6.714E-04  5.427E-04  4.461E-04  3.654E-04  2.935E-04  2.364E-04  1.907E-04  1.508E-04  1.190E-04  9.355E-05  7.290E-05  5.613E-05  4.271E-05  3.212E-05  2.390E-05  1.728E-05  1.230E-05  8.680E-06  5.820E-06  3.746E-06  2.295E-06  1.168E-06  4.595E-07  9.986E-08  8.640E-09  3.388E-10  2.833E-12  3.126E-15  1.290E-19  9.027E-33  0.000E+00  0.000E+00  0.000E+00  0.000E+00  0.000E+00  0.000E+00
  361.5000  1.184E-02  1.108E-02  1.035E-02  9.636E-03  8.945E-03  8.280E-03  7.644E-03  7.041E-03  6.354E-03  5.702E-03  5.142E-03  4.659E-03  4.244E-03  3.747E-03  3.331E-03  2.964E-03  2.590E-03  2.245E-03  1.993E-03  1.697E-03  1.443E-03  1.223E-03  1.032E-03  8.666E-04  7.252E-04  6.057E-04  4.895E-04  4.022E-04  3.294E-04  2.645E-04  2.130E-04  1.718E-04  1.358E-04  1.072E-04  8.426E-05  6.566E-05  5.056E-05  3.847E-05  2.894E-05  2.154E-05  1.557E-05  1.109E-05  7.830E-06  5.254E-06  3.386E-06  2.079E-06  1.063E-06  4.212E-07  9.269E-08  8.185E-09  3.306E-10  2.897E-12  3.427E-15  1.558E-19  1.315E-32  0.000E+00  0.000E+00  0.000E+00  0.000E+00  0.000E+00  0.000E+00
  362.5000  1.393E-02  1.304E-02  1.217E-02  1.133E-02  1.052E-02  9.738E-03  8.990E-03  8.280E-03  7.471E-03  6.708E-03  6.046E-03  5.478E-03  4.990E-03  4.405E-03  3.916E-03  3.484E-03  3.044E-03  2.638E-03  2.342E-03  1.993E-03  1.695E-03  1.437E-03  1.212E-03  1.018E-03  8.514E-04  7.110E-04  5.744E-04  4.719E-04  3.864E-04  3.102E-04  2.497E-04  2.014E-04  1.592E-04  1.256E-04  9.874E-05  7.694E-05  5.925E-05  4.509E-05  3.392E-05  2.525E-05  1.826E-05  1.300E-05  9.189E-06  6.168E-06  3.980E-06  2.449E-06  1.257E-06  5.014E-07  1.117E-07  1.006E-08  4.184E-10  3.840E-12  4.869E-15  2.436E-19  2.475E-32  0.000E+00  0.000E+00  0.000E+00  0.000E+00  0.000E+00  0.000E+00
  363.5000  1.240E-02  1.161E-02  1.084E-02  1.009E-02  9.366E-03  8.669E-03  8.003E-03  7.371E-03  6.651E-03  5.971E-03  5.381E-03  4.875E-03  4.441E-03  3.920E-03  3.484E-03  3.099E-03  2.708E-03  2.346E-03  2.083E-03  1.772E-03  1.507E-03  1.277E-03  1.077E-03  9.042E-04  7.564E-04  6.315E-04  5.100E-04  4.190E-04  3.430E-04  2.753E-04  2.216E-04  1.787E-04  1.412E-04  1.114E-04  8.757E-05  6.824E-05  5.255E-05  4.000E-05  3.009E-05  2.241E-05  1.621E-05  1.154E-05  8.159E-06  5.480E-06  3.539E-06  2.182E-06  1.124E-06  4.511E-07  1.016E-07  9.338E-09  3.998E-10  3.842E-12  5.216E-15  2.868E-19  3.500E-32  0.000E+00  0.000E+00  0.000E+00  0.000E+00  0.000E+00  0.000E+00
  364.5000  1.353E-02  1.266E-02  1.182E-02  1.100E-02  1.022E-02  9.455E-03  8.728E-03  8.039E-03  7.253E-03  6.511E-03  5.867E-03  5.315E-03  4.840E-03  4.273E-03  3.796E-03  3.377E-03  2.950E-03  2.556E-03  2.269E-03  1.930E-03  1.641E-03  1.390E-03  1.172E-03  9.840E-04  8.230E-04  6.870E-04  5.547E-04  4.556E-04  3.729E-04  2.993E-04  2.408E-04  1.942E-04  1.534E-04  1.211E-04  9.513E-05  7.413E-05  5.708E-05  4.345E-05  3.269E-05  2.435E-05  1.762E-05  1.255E-05  8.872E-06  5.961E-06  3.854E-06  2.379E-06  1.229E-06  4.963E-07  1.130E-07  1.059E-08  4.665E-10  4.692E-12  6.815E-15  4.115E-19  6.019E-32  0.000E+00  0.000E+00  0.000E+00  0.000E+00  0.000E+00  0.000E+00
  365.5000  1.647E-02  1.542E-02  1.440E-02  1.340E-02  1.244E-02  1.151E-02  1.063E-02  9.788E-03  8.830E-03  7.924E-03  7.142E-03  6.469E-03  5.891E-03  5.199E-03  4.619E-03  4.108E-03  3.589E-03  3.108E-03  2.759E-03  2.346E-03  1.994E-03  1.690E-03  1.425E-03  1.196E-03  9.997E-04  8.343E-04  6.735E-04  5.530E-04  4.526E-04  3.631E-04  2.922E-04  2.355E-04  1.861E-04  1.468E-04  1.154E-04  8.989E-05  6.923E-05  5.270E-05  3.965E-05  2.953E-05  2.137E-05  1.522E-05  1.077E-05  7.238E-06  4.683E-06  2.895E-06  1.500E-06  6.089E-07  1.402E-07  1.338E-08  6.065E-10  6.380E-12  9.910E-15  6.561E-19  1.148E-31  0.000E+00  0.000E+00  0.000E+00  0.000E+00  0.000E+00  0.000E+00
  366.5000  1.746E-02  1.634E-02  1.526E-02  1.420E-02  1.318E-02  1.220E-02  1.126E-02  1.037E-02  9.357E-03  8.399E-03  7.568E-03  6.854E-03  6.241E-03  5.508E-03  4.893E-03  4.351E-03  3.801E-03  3.291E-03  2.921E-03  2.484E-03  2.111E-03  1.788E-03  1.507E-03  1.265E-03  1.057E-03  8.823E-04  7.121E-04  5.846E-04  4.784E-04  3.837E-04  3.086E-04  2.488E-04  1.965E-04  1.550E-04  1.218E-04  9.492E-05  7.310E-05  5.565E-05  4.188E-05  3.120E-05  2.258E-05  1.609E-05  1.139E-05  7.657E-06  4.959E-06  3.071E-06  1.597E-06  6.524E-07  1.519E-07  1.477E-08  6.886E-10  7.570E-12  1.255E-14  9.097E-19  1.899E-31  0.000E+00  0.000E+00  0.000E+00  0.000E+00  0.000E+00  0.000E+00
  367.5000  1.660E-02  1.554E-02  1.451E-02  1.351E-02  1.254E-02  1.160E-02  1.071E-02  9.862E-03  8.897E-03  7.985E-03  7.195E-03  6.516E-03  5.932E-03  5.235E-03  4.650E-03  4.135E-03  3.611E-03  3.127E-03  2.775E-03  2.360E-03  2.005E-03  1.699E-03  1.431E-03  1.201E-03  1.004E-03  8.373E-04  6.756E-04  5.545E-04  4.537E-04  3.638E-04  2.926E-04  2.358E-04  1.862E-04  1.469E-04  1.154E-04  8.992E-05  6.925E-05  5.273E-05  3.969E-05  2.957E-05  2.141E-05  1.526E-05  1.080E-05  7.267E-06  4.711E-06  2.923E-06  1.526E-06  6.271E-07  1.476E-07  1.463E-08  7.008E-10  8.045E-12  1.423E-14  1.127E-18  2.803E-31  0.000E+00  0.000E+00  0.000E+00  0.000E+00  0.000E+00  0.000E+00
  368.5000  1.459E-02  1.366E-02  1.275E-02  1.187E-02  1.102E-02  1.020E-02  9.410E-03  8.665E-03  7.817E-03  7.016E-03  6.320E-03  5.724E-03  5.211E-03  4.597E-03  4.083E-03  3.631E-03  3.170E-03  2.745E-03  2.436E-03  2.071E-03  1.759E-03  1.490E-03  1.255E-03  1.053E-03  8.800E-04  7.340E-04  5.921E-04  4.859E-04  3.975E-04  3.186E-04  2.562E-04  2.064E-04  1.630E-04  1.286E-04  1.010E-04  7.870E-05  6.062E-05  4.616E-05  3.474E-05  2.589E-05  1.875E-05  1.336E-05  9.463E-06  6.370E-06  4.133E-06  2.568E-06  1.345E-06  5.558E-07  1.322E-07  1.335E-08  6.569E-10  7.872E-12  1.484E-14  1.284E-18  3.796E-31  0.000E+00  0.000E+00  0.000E+00  0.000E+00  0.000E+00  0.000E+00
  369.5000  1.751E-02  1.639E-02  1.530E-02  1.424E-02  1.322E-02  1.224E-02  1.129E-02  1.040E-02  9.379E-03  8.417E-03  7.583E-03  6.866E-03  6.250E-03  5.514E-03  4.897E-03  4.353E-03  3.801E-03  3.290E-03  2.919E-03  2.482E-03  2.108E-03  1.785E-03  1.504E-03  1.261E-03  1.054E-03  8.787E-04  7.087E-04  5.814E-04  4.755E-04  3.811E-04  3.064E-04  2.468E-04  1.948E-04  1.537E-04  1.207E-04  9.407E-05  7.246E-05  5.518E-05  4.154E-05  3.096E-05  2.242E-05  1.598E-05  1.132E-05  7.625E-06  4.952E-06  3.082E-06  1.619E-06  6.727E-07  1.617E-07  1.662E-08  8.402E-10  1.050E-11  2.109E-14  1.991E-18  6.980E-31  0.000E+00  0.000E+00  0.000E+00  0.000E+00  0.000E+00  0.000E+00
  370.5000  1.589E-02  1.488E-02  1.389E-02  1.293E-02  1.200E-02  1.110E-02  1.025E-02  9.435E-03  8.511E-03  7.638E-03  6.880E-03  6.229E-03  5.669E-03  5.001E-03  4.441E-03  3.948E-03  3.446E-03  2.983E-03  2.646E-03  2.249E-03  1.910E-03  1.617E-03  1.362E-03  1.142E-03  9.541E-04  7.955E-04  6.415E-04  5.261E-04  4.302E-04  3.447E-04  2.771E-04  2.232E-04  1.762E-04  1.389E-04  1.091E-04  8.504E-05  6.550E-05  4.988E-05  3.756E-05  2.799E-05  2.028E-05  1.446E-05  1.025E-05  6.902E-06  4.486E-06  2.796E-06  1.473E-06  6.155E-07  1.495E-07  1.564E-08  8.118E-10  1.058E-11  2.260E-14  2.326E-18  9.652E-31  0.000E+00  0.000E+00  0.000E+00  0.000E+00  0.000E+00  0.000E+00
  371.5000  1.820E-02  1.703E-02  1.590E-02  1.480E-02  1.374E-02  1.271E-02  1.173E-02  1.080E-02  9.743E-03  8.742E-03  7.874E-03  7.129E-03  6.488E-03  5.723E-03  5.081E-03  4.516E-03  3.942E-03  3.412E-03  3.026E-03  2.572E-03  2.184E-03  1.848E-03  1.557E-03  1.305E-03  1.090E-03  9.086E-04  7.325E-04  6.006E-04  4.911E-04  3.934E-04  3.161E-04  2.546E-04  2.009E-04  1.584E-04  1.245E-04  9.697E-05  7.469E-05  5.689E-05  4.284E-05  3.193E-05  2.314E-05  1.650E-05  1.170E-05  7.883E-06  5.128E-06  3.201E-06  1.691E-06  7.106E-07  1.744E-07  1.857E-08  9.891E-10  1.344E-11  3.051E-14  3.417E-18  1.675E-30  0.000E+00  0.000E+00  0.000E+00  0.000E+00  0.000E+00  0.000E+00
  372.5000  1.345E-02  1.259E-02  1.175E-02  1.094E-02  1.015E-02  9.396E-03  8.671E-03  7.983E-03  7.200E-03  6.461E-03  5.819E-03  5.267E-03  4.793E-03  4.228E-03  3.753E-03  3.336E-03  2.911E-03  2.519E-03  2.234E-03  1.898E-03  1.612E-03  1.364E-03  1.149E-03  9.626E-04  8.039E-04  6.699E-04  5.400E-04  4.427E-04  3.619E-04  2.898E-04  2.329E-04  1.875E-04  1.480E-04  1.167E-04  9.162E-05  7.139E-05  5.499E-05  4.188E-05  3.154E-05  2.352E-05  1.704E-05  1.216E-05  8.620E-06  5.812E-06  3.784E-06  2.365E-06  1.254E-06  5.296E-07  1.313E-07  1.422E-08  7.774E-10  1.100E-11  2.652E-14  3.230E-18  1.867E-30  0.000E+00  0.000E+00  0.000E+00  0.000E+00  0.000E+00  0.000E+00
  373.5000  1.216E-02  1.138E-02  1.063E-02  9.891E-03  9.179E-03  8.494E-03  7.838E-03  7.215E-03  6.507E-03  5.839E-03  5.258E-03  4.759E-03  4.331E-03  3.819E-03  3.390E-03  3.012E-03  2.629E-03  2.274E-03  2.017E-03  1.714E-03  1.455E-03  1.231E-03  1.036E-03  8.683E-04  7.250E-04  6.041E-04  4.868E-04  3.990E-04  3.261E-04  2.611E-04  2.098E-04  1.689E-04  1.332E-04  1.050E-04  8.249E-05  6.427E-05  4.950E-05  3.771E-05  2.840E-05  2.118E-05  1.535E-05  1.095E-05  7.767E-06  5.239E-06  3.414E-06  2.137E-06  1.135E-06  4.821E-07  1.207E-07  1.330E-08  7.457E-10  1.098E-11  2.811E-14  3.718E-18  2.529E-30  0.000E+00  0.000E+00  0.000E+00  0.000E+00  0.000E+00  0.000E+00
  374.5000  1.335E-02  1.250E-02  1.167E-02  1.086E-02  1.008E-02  9.324E-03  8.603E-03  7.919E-03  7.142E-03  6.408E-03  5.770E-03  5.222E-03  4.751E-03  4.190E-03  3.718E-03  3.304E-03  2.883E-03  2.494E-03  2.211E-03  1.878E-03  1.594E-03  1.349E-03  1.135E-03  9.511E-04  7.940E-04  6.614E-04  5.329E-04  4.367E-04  3.568E-04  2.856E-04  2.294E-04  1.847E-04  1.457E-04  1.148E-04  9.018E-05  7.026E-05  5.412E-05  4.123E-05  3.105E-05  2.316E-05  1.679E-05  1.198E-05  8.499E-06  5.735E-06  3.740E-06  2.344E-06  1.249E-06  5.330E-07  1.347E-07  1.510E-08  8.680E-10  1.330E-11  3.611E-14  5.181E-18  4.139E-30  0.000E+00  0.000E+00  0.000E+00  0.000E+00  0.000E+00  0.000E+00
  375.5000  1.508E-02  1.411E-02  1.317E-02  1.226E-02  1.138E-02  1.053E-02  9.712E-03  8.940E-03  8.063E-03  7.234E-03  6.513E-03  5.894E-03  5.362E-03  4.728E-03  4.196E-03  3.727E-03  3.252E-03  2.813E-03  2.494E-03  2.118E-03  1.797E-03  1.520E-03  1.279E-03  1.072E-03  8.945E-04  7.450E-04  6.001E-04  4.916E-04  4.017E-04  3.215E-04  2.582E-04  2.077E-04  1.638E-04  1.291E-04  1.014E-04  7.901E-05  6.086E-05  4.636E-05  3.493E-05  2.605E-05  1.889E-05  1.348E-05  9.567E-06  6.458E-06  4.215E-06  2.645E-06  1.414E-06  6.064E-07  1.547E-07  1.764E-08  1.039E-09  1.656E-11  4.764E-14  7.405E-18  6.936E-30  0.000E+00  0.000E+00  0.000E+00  0.000E+00  0.000E+00  0.000E+00
  376.5000  1.506E-02  1.410E-02  1.316E-02  1.225E-02  1.137E-02  1.052E-02  9.704E-03  8.932E-03  8.055E-03  7.227E-03  6.506E-03  5.887E-03  5.355E-03  4.721E-03  4.189E-03  3.722E-03  3.246E-03  2.807E-03  2.489E-03  2.113E-03  1.794E-03  1.516E-03  1.276E-03  1.069E-03  8.917E-04  7.426E-04  5.980E-04  4.898E-04  4.001E-04  3.201E-04  2.570E-04  2.068E-04  1.631E-04  1.285E-04  1.009E-04  7.862E-05  6.057E-05  4.614E-05  3.476E-05  2.593E-05  1.881E-05  1.342E-05  9.530E-06  6.435E-06  4.203E-06  2.642E-06  1.416E-06  6.103E-07  1.572E-07  1.823E-08  1.100E-09  1.822E-11  5.549E-14  9.336E-18  1.023E-29  0.000E+00  0.000E+00  0.000E+00  0.000E+00  0.000E+00  0.000E+00
  377.5000  1.795E-02  1.680E-02  1.568E-02  1.459E-02  1.354E-02  1.253E-02  1.156E-02  1.064E-02  9.595E-03  8.607E-03  7.749E-03  7.012E-03  6.377E-03  5.622E-03  4.988E-03  4.430E-03  3.864E-03  3.341E-03  2.962E-03  2.515E-03  2.134E-03  1.803E-03  1.517E-03  1.270E-03  1.060E-03  8.825E-04  7.105E-04  5.819E-04  4.752E-04  3.801E-04  3.052E-04  2.455E-04  1.936E-04  1.525E-04  1.197E-04  9.329E-05  7.186E-05  5.475E-05  4.126E-05  3.078E-05  2.233E-05  1.594E-05  1.132E-05  7.646E-06  4.998E-06  3.145E-06  1.690E-06  7.323E-07  1.904E-07  2.244E-08  1.387E-09  2.386E-11  7.689E-14  1.399E-17  1.792E-29  0.000E+00  0.000E+00  0.000E+00  0.000E+00  0.000E+00  0.000E+00
  378.5000  1.957E-02  1.832E-02  1.710E-02  1.591E-02  1.477E-02  1.366E-02  1.260E-02  1.160E-02  1.046E-02  9.382E-03  8.446E-03  7.642E-03  6.950E-03  6.126E-03  5.434E-03  4.826E-03  4.209E-03  3.639E-03  3.225E-03  2.738E-03  2.323E-03  1.962E-03  1.651E-03  1.382E-03  1.153E-03  9.598E-04  7.725E-04  6.325E-04  5.165E-04  4.131E-04  3.315E-04  2.667E-04  2.102E-04  1.656E-04  1.300E-04  1.013E-04  7.803E-05  5.946E-05  4.480E-05  3.343E-05  2.425E-05  1.732E-05  1.230E-05  8.312E-06  5.437E-06  3.426E-06  1.846E-06  8.036E-07  2.109E-07  2.525E-08  1.599E-09  2.856E-11  9.727E-14  1.912E-17  2.856E-29  0.000E+00  0.000E+00  0.000E+00  0.000E+00  0.000E+00  0.000E+00
  379.5000  1.448E-02  1.356E-02  1.265E-02  1.178E-02  1.093E-02  1.011E-02  9.326E-03  8.583E-03  7.739E-03  6.942E-03  6.249E-03  5.653E-03  5.141E-03  4.530E-03  4.018E-03  3.568E-03  3.111E-03  2.690E-03  2.383E-03  2.023E-03  1.716E-03  1.450E-03  1.220E-03  1.021E-03  8.513E-04  7.085E-04  5.701E-04  4.667E-04  3.811E-04  3.046E-04  2.445E-04  1.966E-04  1.550E-04  1.221E-04  9.583E-05  7.465E-05  5.751E-05  4.382E-05  3.302E-05  2.464E-05  1.788E-05  1.277E-05  9.073E-06  6.133E-06  4.015E-06  2.533E-06  1.368E-06  5.984E-07  1.585E-07  1.928E-08  1.250E-09  2.316E-11  8.335E-14  1.767E-17  3.074E-29  0.000E+00  0.000E+00  0.000E+00  0.000E+00  0.000E+00  0.000E+00
  380.5000  1.743E-02  1.631E-02  1.522E-02  1.417E-02  1.315E-02  1.216E-02  1.122E-02  1.033E-02  9.311E-03  8.351E-03  7.516E-03  6.799E-03  6.182E-03  5.448E-03  4.832E-03  4.290E-03  3.740E-03  3.233E-03  2.864E-03  2.431E-03  2.062E-03  1.741E-03  1.465E-03  1.226E-03  1.022E-03  8.504E-04  6.842E-04  5.599E-04  4.571E-04  3.653E-04  2.931E-04  2.357E-04  1.857E-04  1.463E-04  1.148E-04  8.945E-05  6.891E-05  5.251E-05  3.958E-05  2.954E-05  2.144E-05  1.531E-05  1.088E-05  7.358E-06  4.820E-06  3.045E-06  1.649E-06  7.246E-07  1.936E-07  2.393E-08  1.587E-09  3.051E-11  1.159E-13  2.650E-17  5.357E-29  0.000E+00  0.000E+00  0.000E+00  0.000E+00  0.000E+00  0.000E+00
  381.5000  1.639E-02  1.534E-02  1.431E-02  1.332E-02  1.236E-02  1.143E-02  1.055E-02  9.707E-03  8.752E-03  7.850E-03  7.065E-03  6.390E-03  5.809E-03  5.119E-03  4.539E-03  4.030E-03  3.513E-03  3.036E-03  2.689E-03  2.282E-03  1.935E-03  1.634E-03  1.374E-03  1.150E-03  9.586E-04  7.975E-04  6.415E-04  5.249E-04  4.284E-04  3.423E-04  2.746E-04  2.207E-04  1.739E-04  1.370E-04  1.075E-04  8.375E-05  6.452E-05  4.917E-05  3.706E-05  2.766E-05  2.008E-05  1.434E-05  1.020E-05  6.898E-06  4.522E-06  2.860E-06  1.553E-06  6.855E-07  1.848E-07  2.319E-08  1.574E-09  3.137E-11  1.257E-13  3.095E-17  7.260E-29  0.000E+00  0.000E+00  0.000E+00  0.000E+00  0.000E+00  0.000E+00
  382.5000  1.092E-02  1.022E-02  9.542E-03  8.881E-03  8.240E-03  7.622E-03  7.031E-03  6.470E-03  5.833E-03  5.231E-03  4.708E-03  4.258E-03  3.871E-03  3.410E-03  3.024E-03  2.684E-03  2.339E-03  2.022E-03  1.791E-03  1.519E-03  1.288E-03  1.087E-03  9.143E-04  7.649E-04  6.376E-04  5.303E-04  4.264E-04  3.489E-04  2.847E-04  2.274E-04  1.824E-04  1.466E-04  1.155E-04  9.095E-05  7.138E-05  5.560E-05  4.283E-05  3.264E-05  2.461E-05  1.837E-05  1.334E-05  9.528E-06  6.776E-06  4.585E-06  3.008E-06  1.904E-06  1.036E-06  4.597E-07  1.250E-07  1.593E-08  1.106E-09  2.284E-11  9.648E-14  2.555E-17  6.944E-29  0.000E+00  0.000E+00  0.000E+00  0.000E+00  0.000E+00  0.000E+00
  383.5000  9.598E-03  8.982E-03  8.383E-03  7.801E-03  7.238E-03  6.695E-03  6.176E-03  5.683E-03  5.123E-03  4.594E-03  4.135E-03  3.739E-03  3.399E-03  2.994E-03  2.654E-03  2.356E-03  2.053E-03  1.774E-03  1.571E-03  1.333E-03  1.130E-03  9.536E-04  8.017E-04  6.705E-04  5.588E-04  4.647E-04  3.736E-04  3.056E-04  2.493E-04  1.991E-04  1.597E-04  1.283E-04  1.011E-04  7.958E-05  6.245E-05  4.864E-05  3.747E-05  2.856E-05  2.153E-05  1.607E-05  1.167E-05  8.340E-06  5.932E-06  4.015E-06  2.636E-06  1.671E-06  9.116E-07  4.061E-07  1.114E-07  1.441E-08  1.023E-09  2.188E-11  9.737E-14  2.772E-17  8.712E-29  0.000E+00  0.000E+00  0.000E+00  0.000E+00  0.000E+00  0.000E+00
  384.5000  1.441E-02  1.349E-02  1.259E-02  1.171E-02  1.087E-02  1.005E-02  9.271E-03  8.531E-03  7.691E-03  6.897E-03  6.206E-03  5.611E-03  5.100E-03  4.493E-03  3.983E-03  3.534E-03  3.080E-03  2.660E-03  2.356E-03  1.998E-03  1.693E-03  1.429E-03  1.201E-03  1.005E-03  8.370E-04  6.959E-04  5.594E-04  4.574E-04  3.731E-04  2.979E-04  2.389E-04  1.919E-04  1.511E-04  1.190E-04  9.337E-05  7.272E-05  5.602E-05  4.270E-05  3.219E-05  2.404E-05  1.746E-05  1.248E-05  8.877E-06  6.010E-06  3.948E-06  2.505E-06  1.370E-06  6.132E-07  1.696E-07  2.228E-08  1.617E-09  3.579E-11  1.677E-13  5.126E-17  1.860E-28  0.000E+00  0.000E+00  0.000E+00  0.000E+00  0.000E+00  0.000E+00
  385.5000  1.426E-02  1.335E-02  1.246E-02  1.159E-02  1.076E-02  9.949E-03  9.176E-03  8.443E-03  7.612E-03  6.825E-03  6.141E-03  5.552E-03  5.046E-03  4.445E-03  3.939E-03  3.496E-03  3.045E-03  2.630E-03  2.329E-03  1.975E-03  1.674E-03  1.412E-03  1.187E-03  9.923E-04  8.266E-04  6.871E-04  5.522E-04  4.514E-04  3.682E-04  2.939E-04  2.356E-04  1.892E-04  1.490E-04  1.173E-04  9.204E-05  7.168E-05  5.522E-05  4.209E-05  3.174E-05  2.370E-05  1.722E-05  1.231E-05  8.757E-06  5.931E-06  3.899E-06  2.477E-06  1.358E-06  6.103E-07  1.703E-07  2.270E-08  1.683E-09  3.856E-11  1.900E-13  6.231E-17  2.607E-28  0.000E+00  0.000E+00  0.000E+00  0.000E+00  0.000E+00  0.000E+00
  386.5000  1.455E-02  1.361E-02  1.271E-02  1.182E-02  1.097E-02  1.015E-02  9.357E-03  8.609E-03  7.761E-03  6.959E-03  6.261E-03  5.660E-03  5.144E-03  4.530E-03  4.015E-03  3.562E-03  3.103E-03  2.679E-03  2.372E-03  2.011E-03  1.704E-03  1.438E-03  1.208E-03  1.010E-03  8.410E-04  6.989E-04  5.616E-04  4.590E-04  3.743E-04  2.987E-04  2.394E-04  1.923E-04  1.514E-04  1.191E-04  9.347E-05  7.279E-05  5.608E-05  4.275E-05  3.223E-05  2.407E-05  1.749E-05  1.250E-05  8.900E-06  6.030E-06  3.966E-06  2.523E-06  1.386E-06  6.257E-07  1.760E-07  2.381E-08  1.803E-09  4.274E-11  2.214E-13  7.783E-17  3.747E-28  0.000E+00  0.000E+00  0.000E+00  0.000E+00  0.000E+00  0.000E+00
  387.5000  1.353E-02  1.266E-02  1.181E-02  1.099E-02  1.020E-02  9.432E-03  8.699E-03  8.003E-03  7.214E-03  6.469E-03  5.819E-03  5.260E-03  4.780E-03  4.209E-03  3.730E-03  3.309E-03  2.882E-03  2.488E-03  2.203E-03  1.867E-03  1.582E-03  1.334E-03  1.121E-03  9.369E-04  7.801E-04  6.482E-04  5.207E-04  4.255E-04  3.469E-04  2.768E-04  2.218E-04  1.781E-04  1.402E-04  1.103E-04  8.654E-05  6.739E-05  5.192E-05  3.958E-05  2.985E-05  2.229E-05  1.620E-05  1.158E-05  8.247E-06  5.589E-06  3.679E-06  2.342E-06  1.290E-06  5.847E-07  1.659E-07  2.276E-08  1.761E-09  4.314E-11  2.347E-13  8.838E-17  4.890E-28  0.000E+00  0.000E+00  0.000E+00  0.000E+00  0.000E+00  0.000E+00
  388.5000  1.356E-02  1.269E-02  1.184E-02  1.102E-02  1.023E-02  9.457E-03  8.722E-03  8.023E-03  7.233E-03  6.485E-03  5.833E-03  5.273E-03  4.790E-03  4.218E-03  3.737E-03  3.315E-03  2.887E-03  2.492E-03  2.206E-03  1.870E-03  1.583E-03  1.336E-03  1.122E-03  9.374E-04  7.804E-04  6.483E-04  5.207E-04  4.254E-04  3.467E-04  2.766E-04  2.216E-04  1.779E-04  1.400E-04  1.102E-04  8.641E-05  6.729E-05  5.184E-05  3.952E-05  2.981E-05  2.226E-05  1.618E-05  1.157E-05  8.241E-06  5.587E-06  3.679E-06  2.345E-06  1.295E-06  5.892E-07  1.685E-07  2.345E-08  1.852E-09  4.690E-11  2.680E-13  1.080E-16  6.854E-28  0.000E+00  0.000E+00  0.000E+00  0.000E+00  0.000E+00  0.000E+00
  389.5000  1.711E-02  1.601E-02  1.494E-02  1.391E-02  1.290E-02  1.193E-02  1.100E-02  1.012E-02  9.123E-03  8.179E-03  7.358E-03  6.650E-03  6.041E-03  5.319E-03  4.712E-03  4.179E-03  3.639E-03  3.141E-03  2.779E-03  2.355E-03  1.995E-03  1.682E-03  1.413E-03  1.180E-03  9.823E-04  8.159E-04  6.551E-04  5.351E-04  4.360E-04  3.478E-04  2.785E-04  2.236E-04  1.759E-04  1.384E-04  1.086E-04  8.454E-05  6.512E-05  4.965E-05  3.745E-05  2.798E-05  2.034E-05  1.454E-05  1.036E-05  7.026E-06  4.630E-06  2.954E-06  1.634E-06  7.469E-07  2.153E-07  3.039E-08  2.450E-09  6.410E-11  3.842E-13  1.655E-16  1.204E-27  0.000E+00  0.000E+00  0.000E+00  0.000E+00  0.000E+00  0.000E+00
  390.5000  1.682E-02  1.574E-02  1.469E-02  1.367E-02  1.268E-02  1.172E-02  1.081E-02  9.945E-03  8.964E-03  8.037E-03  7.228E-03  6.533E-03  5.934E-03  5.224E-03  4.627E-03  4.104E-03  3.572E-03  3.083E-03  2.728E-03  2.311E-03  1.957E-03  1.650E-03  1.386E-03  1.157E-03  9.631E-04  7.998E-04  6.420E-04  5.243E-04  4.272E-04  3.406E-04  2.727E-04  2.189E-04  1.722E-04  1.355E-04  1.062E-04  8.273E-05  6.373E-05  4.859E-05  3.665E-05  2.738E-05  1.991E-05  1.424E-05  1.015E-05  6.883E-06  4.538E-06  2.899E-06  1.607E-06  7.375E-07  2.143E-07  3.066E-08  2.523E-09  6.816E-11  4.284E-13  1.971E-16  1.641E-27  0.000E+00  0.000E+00  0.000E+00  0.000E+00  0.000E+00  0.000E+00
  391.5000  1.996E-02  1.868E-02  1.743E-02  1.622E-02  1.505E-02  1.392E-02  1.283E-02  1.180E-02  1.064E-02  9.537E-03  8.578E-03  7.751E-03  7.040E-03  6.197E-03  5.489E-03  4.867E-03  4.236E-03  3.656E-03  3.234E-03  2.740E-03  2.319E-03  1.955E-03  1.641E-03  1.371E-03  1.141E-03  9.469E-04  7.600E-04  6.205E-04  5.054E-04  4.029E-04  3.226E-04  2.588E-04  2.036E-04  1.602E-04  1.256E-04  9.778E-05  7.532E-05  5.743E-05  4.333E-05  3.237E-05  2.354E-05  1.684E-05  1.200E-05  8.144E-06  5.373E-06  3.435E-06  1.909E-06  8.795E-07  2.575E-07  3.736E-08  3.137E-09  8.746E-11  5.760E-13  2.829E-16  2.690E-27  0.000E+00  0.000E+00  0.000E+00  0.000E+00  0.000E+00  0.000E+00
  392.5000  1.498E-02  1.402E-02  1.308E-02  1.217E-02  1.129E-02  1.044E-02  9.626E-03  8.854E-03  7.981E-03  7.154E-03  6.434E-03  5.813E-03  5.280E-03  4.647E-03  4.115E-03  3.649E-03  3.175E-03  2.740E-03  2.423E-03  2.053E-03  1.737E-03  1.465E-03  1.229E-03  1.026E-03  8.538E-04  7.087E-04  5.686E-04  4.641E-04  3.780E-04  3.013E-04  2.412E-04  1.934E-04  1.521E-04  1.197E-04  9.383E-05  7.305E-05  5.627E-05  4.290E-05  3.237E-05  2.419E-05  1.759E-05  1.259E-05  8.973E-06  6.091E-06  4.021E-06  2.573E-06  1.433E-06  6.627E-07  1.955E-07  2.876E-08  2.463E-09  7.085E-11  4.887E-13  2.559E-16  2.778E-27  0.000E+00  0.000E+00  0.000E+00  0.000E+00  0.000E+00  0.000E+00
  393.5000  6.515E-03  6.096E-03  5.689E-03  5.293E-03  4.910E-03  4.540E-03  4.187E-03  3.851E-03  3.471E-03  3.111E-03  2.798E-03  2.528E-03  2.295E-03  2.020E-03  1.789E-03  1.586E-03  1.380E-03  1.190E-03  1.053E-03  8.915E-04  7.545E-04  6.360E-04  5.336E-04  4.455E-04  3.705E-04  3.075E-04  2.466E-04  2.013E-04  1.639E-04  1.306E-04  1.045E-04  8.382E-05  6.591E-05  5.184E-05  4.064E-05  3.164E-05  2.437E-05  1.858E-05  1.402E-05  1.048E-05  7.623E-06  5.454E-06  3.889E-06  2.640E-06  1.744E-06  1.117E-06  6.234E-07  2.895E-07  8.605E-08  1.283E-08  1.120E-09  3.324E-11  2.400E-13  1.339E-16  1.656E-27  0.000E+00  0.000E+00  0.000E+00  0.000E+00  0.000E+00  0.000E+00
  394.5000  1.534E-02  1.435E-02  1.339E-02  1.246E-02  1.156E-02  1.069E-02  9.855E-03  9.063E-03  8.169E-03  7.323E-03  6.584E-03  5.948E-03  5.401E-03  4.753E-03  4.208E-03  3.730E-03  3.245E-03  2.799E-03  2.475E-03  2.096E-03  1.773E-03  1.495E-03  1.254E-03  1.046E-03  8.701E-04  7.219E-04  5.790E-04  4.724E-04  3.846E-04  3.063E-04  2.451E-04  1.966E-04  1.545E-04  1.215E-04  9.526E-05  7.416E-05  5.712E-05  4.356E-05  3.287E-05  2.457E-05  1.787E-05  1.279E-05  9.122E-06  6.195E-06  4.094E-06  2.625E-06  1.468E-06  6.842E-07  2.049E-07  3.095E-08  2.756E-09  8.429E-11  6.366E-13  3.782E-16  5.323E-27  0.000E+00  0.000E+00  0.000E+00  0.000E+00  0.000E+00  0.000E+00
  395.5000  1.974E-02  1.847E-02  1.724E-02  1.604E-02  1.488E-02  1.376E-02  1.268E-02  1.166E-02  1.051E-02  9.424E-03  8.473E-03  7.654E-03  6.949E-03  6.114E-03  5.413E-03  4.797E-03  4.173E-03  3.599E-03  3.182E-03  2.694E-03  2.279E-03  1.920E-03  1.611E-03  1.344E-03  1.117E-03  9.269E-04  7.432E-04  6.063E-04  4.935E-04  3.930E-04  3.144E-04  2.521E-04  1.981E-04  1.558E-04  1.221E-04  9.505E-05  7.321E-05  5.583E-05  4.213E-05  3.150E-05  2.292E-05  1.640E-05  1.170E-05  7.948E-06  5.256E-06  3.373E-06  1.890E-06  8.841E-07  2.668E-07  4.082E-08  3.705E-09  1.168E-10  9.221E-13  5.828E-16  9.320E-27  0.000E+00  0.000E+00  0.000E+00  0.000E+00  0.000E+00  0.000E+00
  396.5000  1.160E-02  1.085E-02  1.013E-02  9.423E-03  8.740E-03  8.082E-03  7.451E-03  6.852E-03  6.176E-03  5.535E-03  4.977E-03  4.495E-03  4.081E-03  3.590E-03  3.178E-03  2.816E-03  2.449E-03  2.112E-03  1.867E-03  1.580E-03  1.337E-03  1.126E-03  9.445E-04  7.880E-04  6.550E-04  5.432E-04  4.355E-04  3.551E-04  2.890E-04  2.301E-04  1.840E-04  1.475E-04  1.159E-04  9.114E-05  7.144E-05  5.560E-05  4.283E-05  3.266E-05  2.465E-05  1.843E-05  1.341E-05  9.600E-06  6.849E-06  4.654E-06  3.079E-06  1.978E-06  1.111E-06  5.215E-07  1.585E-07  2.457E-08  2.272E-09  7.379E-11  6.088E-13  4.090E-16  7.419E-27  0.000E+00  0.000E+00  0.000E+00  0.000E+00  0.000E+00  0.000E+00
  397.5000  1.339E-02  1.253E-02  1.169E-02  1.088E-02  1.009E-02  9.330E-03  8.602E-03  7.910E-03  7.129E-03  6.389E-03  5.744E-03  5.188E-03  4.709E-03  4.143E-03  3.667E-03  3.249E-03  2.825E-03  2.436E-03  2.153E-03  1.822E-03  1.541E-03  1.298E-03  1.088E-03  9.079E-04  7.545E-04  6.256E-04  5.014E-04  4.088E-04  3.326E-04  2.648E-04  2.117E-04  1.697E-04  1.333E-04  1.048E-04  8.213E-05  6.392E-05  4.924E-05  3.755E-05  2.834E-05  2.119E-05  1.542E-05  1.104E-05  7.880E-06  5.356E-06  3.546E-06  2.280E-06  1.283E-06  6.045E-07  1.851E-07  2.906E-08  2.738E-09  9.155E-11  7.886E-13  5.628E-16  1.157E-26  0.000E+00  0.000E+00  0.000E+00  0.000E+00  0.000E+00  0.000E+00
  398.5000  2.302E-02  2.154E-02  2.010E-02  1.870E-02  1.735E-02  1.604E-02  1.479E-02  1.360E-02  1.225E-02  1.098E-02  9.873E-03  8.917E-03  8.093E-03  7.119E-03  6.300E-03  5.581E-03  4.853E-03  4.184E-03  3.697E-03  3.129E-03  2.645E-03  2.228E-03  1.868E-03  1.558E-03  1.294E-03  1.073E-03  8.597E-04  7.008E-04  5.701E-04  4.536E-04  3.627E-04  2.906E-04  2.283E-04  1.794E-04  1.406E-04  1.094E-04  8.429E-05  6.428E-05  4.852E-05  3.628E-05  2.641E-05  1.891E-05  1.350E-05  9.177E-06  6.079E-06  3.912E-06  2.205E-06  1.043E-06  3.217E-07  5.114E-08  4.908E-09  1.689E-10  1.519E-12  1.151E-15  2.676E-26  0.000E+00  0.000E+00  0.000E+00  0.000E+00  0.000E+00  0.000E+00
  399.5000  2.396E-02  2.242E-02  2.092E-02  1.946E-02  1.805E-02  1.669E-02  1.539E-02  1.415E-02  1.275E-02  1.143E-02  1.027E-02  9.276E-03  8.418E-03  7.404E-03  6.551E-03  5.804E-03  5.046E-03  4.349E-03  3.843E-03  3.251E-03  2.748E-03  2.315E-03  1.940E-03  1.618E-03  1.344E-03  1.114E-03  8.921E-04  7.271E-04  5.914E-04  4.705E-04  3.761E-04  3.013E-04  2.367E-04  1.860E-04  1.457E-04  1.134E-04  8.733E-05  6.660E-05  5.027E-05  3.760E-05  2.737E-05  1.960E-05  1.400E-05  9.518E-06  6.308E-06  4.063E-06  2.295E-06  1.089E-06  3.383E-07  5.446E-08  5.322E-09  1.885E-10  1.768E-12  1.421E-15  3.732E-26  0.000E+00  0.000E+00  0.000E+00  0.000E+00  0.000E+00  0.000E+00
------------------------------------------------------------
Dose rates,W m-2
   1 = UV index (WMO, 1994; Webb et al., 2011)           
   2 = Previtamin-D3 (CIE 2006)                          
values at z =      0.025 km
Columns: time,sza,weighting spectra
time,hrs.  sza,deg.          1          2
   18.0000     88.637  3.542E-02  6.159E-04
   18.0167     88.823  3.308E-02  5.778E-04
   18.0333     89.009  3.082E-02  5.413E-04
   18.0500     89.195  2.866E-02  5.064E-04
   18.0667     89.381  2.658E-02  4.730E-04
   18.0833     89.568  2.460E-02  4.411E-04
   18.1000     89.755  2.272E-02  4.109E-04
   18.1167     89.942  2.094E-02  3.823E-04
   18.1333     90.130  1.895E-02  3.501E-04
   18.1500     90.317  1.708E-02  3.195E-04
   18.1667     90.505  1.546E-02  2.930E-04
   18.1833     90.693  1.407E-02  2.700E-04
   18.2000     90.882  1.287E-02  2.502E-04
   18.2167     91.070  1.144E-02  2.260E-04
   18.2333     91.259  1.024E-02  2.056E-04
   18.2500     91.448  9.180E-03  1.871E-04
   18.2667     91.637  8.104E-03  1.682E-04
   18.2833     91.826  7.100E-03  1.500E-04
   18.3000     92.016  6.361E-03  1.366E-04
   18.3167     92.206  5.489E-03  1.202E-04
   18.3333     92.395  4.735E-03  1.056E-04
   18.3500     92.586  4.073E-03  9.254E-05
   18.3667     92.776  3.489E-03  8.068E-05
   18.3833     92.967  2.976E-03  6.996E-05
   18.4000     93.158  2.529E-03  6.035E-05
   18.4167     93.349  2.143E-03  5.183E-05
   18.4333     93.540  1.758E-03  4.299E-05
   18.4500     93.731  1.463E-03  3.611E-05
   18.4667     93.923  1.207E-03  2.987E-05
   18.4833     94.115  9.799E-04  2.439E-05
   18.5000     94.307  7.913E-04  1.965E-05
   18.5167     94.498  6.399E-04  1.586E-05
   18.5333     94.691  5.039E-04  1.238E-05
   18.5500     94.883  3.945E-04  9.569E-06
   18.5667     95.076  3.060E-04  7.296E-06
   18.5833     95.269  2.341E-04  5.454E-06
   18.6000     95.462  1.757E-04  3.949E-06
   18.6167     95.655  1.289E-04  2.738E-06
   18.6333     95.849  9.189E-05  1.770E-06
   18.6500     96.043  6.353E-05  1.037E-06
   18.6667     96.236  4.168E-05  5.156E-07
   18.6833     96.430  2.673E-05  2.242E-07
   18.7000     96.625  1.689E-05  8.474E-08
   18.7167     96.819  1.028E-05  2.965E-08
   18.7333     97.013  6.007E-06  9.479E-09
   18.7500     97.208  3.360E-06  2.833E-09
   18.7667     97.403  1.553E-06  6.187E-10
   18.7833     97.598  5.658E-07  1.063E-10
   18.8000     97.793  1.188E-07  9.565E-12
   18.8167     97.988  1.123E-08  3.096E-13
   18.8333     98.184  6.193E-10  3.518E-15
   18.8500     98.380  1.222E-11  4.045E-18
   18.8667     98.576  6.891E-14  2.461E-22
   18.8833     98.772  3.672E-17  1.719E-28
   18.9000     98.968  6.125E-28  5.605E-45
   18.9167     99.164  0.000E+00  0.000E+00
   18.9333     99.361  0.000E+00  0.000E+00
   18.9500     99.558  0.000E+00  0.000E+00
   18.9667     99.754  0.000E+00  0.000E+00
   18.9833     99.951  0.000E+00  0.000E+00
   19.0000    100.148  0.000E+00  0.000E+00
------------------------------------------------------------
