Spectral Irradiance,W m-2 nm-1
values at z =      0.025 km
Columns: wavelength (nm),times (hrs.) or sza (deg.)
    wc,nm     18.000     18.017     18.033     18.050     18.067     18.083     18.100     18.117     18.133     18.150     18.167     18.183     18.200     18.217     18.233     18.250     18.267     18.283     18.300     18.317     18.333     18.350     18.367     18.383     18.400     18.417     18.433     18.450     18.467     18.483     18.500     18.517     18.533     18.550     18.567     18.583     18.600     18.617     18.633     18.650     18.667     18.683     18.700     18.717     18.733     18.750     18.767     18.783     18.800     18.817     18.833     18.850     18.867     18.883     18.900     18.917     18.933     18.950     18.967     18.983     19.000
    sza =      86.994     87.182     87.371     87.560     87.750     87.939     88.129     88.319     88.510     88.700     88.890     89.081     89.273     89.464     89.656     89.847     90.039     90.231     90.423     90.616     90.808     91.001     91.194     91.388     91.581     91.775     91.969     92.163     92.357     92.551     92.746     92.940     93.135     93.331     93.526     93.722     93.917     94.113     94.309     94.505     94.701     94.898     95.095     95.291     95.488     95.686     95.883     96.080     96.278     96.476     96.674     96.872     97.070     97.269     97.467     97.666     97.864     98.064     98.263     98.462     98.661
  280.5000  1.707E-28  1.657E-28  1.608E-28  1.558E-28  1.508E-28  1.457E-28  1.406E-28  1.355E-28  1.303E-28  1.251E-28  1.199E-28  1.146E-28  1.094E-28  1.041E-28  9.884E-29  9.368E-29  8.815E-29  8.138E-29  7.551E-29  7.033E-29  6.579E-29  6.179E-29  5.522E-29  5.128E-29  4.563E-29  4.118E-29  3.708E-29  3.256E-29  2.849E-29  2.477E-29  2.135E-29  1.824E-29  1.544E-29  1.298E-29  1.043E-29  8.348E-30  6.422E-30  4.716E-30  3.229E-30  2.094E-30  1.098E-30  4.600E-31  1.227E-31  1.597E-32  4.469E-34  1.399E-36  9.071E-41  0.000E+00  0.000E+00  0.000E+00  0.000E+00  0.000E+00  0.000E+00  0.000E+00  0.000E+00  0.000E+00  0.000E+00  0.000E+00  0.000E+00  0.000E+00  0.000E+00
  281.5000  5.537E-26  5.377E-26  5.217E-26  5.056E-26  4.893E-26  4.730E-26  4.565E-26  4.398E-26  4.231E-26  4.063E-26  3.894E-26  3.724E-26  3.553E-26  3.383E-26  3.213E-26  3.046E-26  2.867E-26  2.648E-26  2.457E-26  2.289E-26  2.142E-26  2.012E-26  1.799E-26  1.671E-26  1.487E-26  1.343E-26  1.209E-26  1.062E-26  9.296E-27  8.085E-27  6.973E-27  5.959E-27  5.048E-27  4.247E-27  3.421E-27  2.749E-27  2.131E-27  1.583E-27  1.103E-27  7.341E-28  4.023E-28  1.802E-28  5.363E-29  8.310E-30  3.180E-31  1.653E-33  2.510E-37  1.261E-44  0.000E+00  0.000E+00  0.000E+00  0.000E+00  0.000E+00  0.000E+00  0.000E+00  0.000E+00  0.000E+00  0.000E+00  0.000E+00  0.000E+00  0.000E+00
  282.5000  5.445E-24  5.289E-24  5.131E-24  4.973E-24  4.814E-24  4.653E-24  4.491E-24  4.328E-24  4.164E-24  3.999E-24  3.834E-24  3.666E-24  3.498E-24  3.331E-24  3.165E-24  3.001E-24  2.825E-24  2.610E-24  2.422E-24  2.258E-24  2.114E-24  1.986E-24  1.776E-24  1.650E-24  1.469E-24  1.326E-24  1.195E-24  1.050E-24  9.191E-25  7.996E-25  6.898E-25  5.899E-25  5.000E-25  4.210E-25  3.398E-25  2.740E-25  2.137E-25  1.603E-25  1.134E-25  7.711E-26  4.391E-26  2.083E-26  6.825E-27  1.234E-27  6.232E-29  5.083E-31  1.633E-34  3.553E-41  0.000E+00  0.000E+00  0.000E+00  0.000E+00  0.000E+00  0.000E+00  0.000E+00  0.000E+00  0.000E+00  0.000E+00  0.000E+00  0.000E+00  0.000E+00
  283.5000  9.674E-23  9.397E-23  9.117E-23  8.836E-23  8.553E-23  8.268E-23  7.980E-23  7.691E-23  7.400E-23  7.107E-23  6.812E-23  6.517E-23  6.220E-23  5.923E-23  5.628E-23  5.338E-23  5.026E-23  4.643E-23  4.311E-23  4.019E-23  3.763E-23  3.536E-23  3.163E-23  2.939E-23  2.618E-23  2.364E-23  2.130E-23  1.872E-23  1.639E-23  1.426E-23  1.231E-23  1.053E-23  8.928E-24  7.522E-24  6.079E-24  4.911E-24  3.846E-24  2.901E-24  2.074E-24  1.429E-24  8.342E-25  4.107E-25  1.433E-25  2.867E-26  1.738E-27  1.907E-29  1.003E-32  5.671E-39  0.000E+00  0.000E+00  0.000E+00  0.000E+00  0.000E+00  0.000E+00  0.000E+00  0.000E+00  0.000E+00  0.000E+00  0.000E+00  0.000E+00  0.000E+00
  284.5000  1.125E-20  1.093E-20  1.061E-20  1.028E-20  9.952E-21  9.621E-21  9.287E-21  8.952E-21  8.614E-21  8.275E-21  7.933E-21  7.591E-21  7.247E-21  6.903E-21  6.562E-21  6.225E-21  5.863E-21  5.419E-21  5.034E-21  4.695E-21  4.398E-21  4.135E-21  3.700E-21  3.440E-21  3.065E-21  2.769E-21  2.496E-21  2.195E-21  1.923E-21  1.674E-21  1.445E-21  1.237E-21  1.050E-21  8.858E-22  7.173E-22  5.817E-22  4.586E-22  3.495E-22  2.538E-22  1.791E-22  1.089E-22  5.708E-23  2.210E-23  5.233E-24  4.304E-25  7.756E-27  9.382E-30  2.723E-35  3.573E-43  0.000E+00  0.000E+00  0.000E+00  0.000E+00  0.000E+00  0.000E+00  0.000E+00  0.000E+00  0.000E+00  0.000E+00  0.000E+00  0.000E+00
  285.5000  2.380E-19  2.312E-19  2.243E-19  2.174E-19  2.105E-19  2.035E-19  1.964E-19  1.893E-19  1.822E-19  1.751E-19  1.679E-19  1.606E-19  1.534E-19  1.461E-19  1.389E-19  1.318E-19  1.242E-19  1.148E-19  1.067E-19  9.955E-20  9.329E-20  8.775E-20  7.856E-20  7.306E-20  6.513E-20  5.887E-20  5.308E-20  4.670E-20  4.093E-20  3.565E-20  3.079E-20  2.637E-20  2.240E-20  1.891E-20  1.534E-20  1.247E-20  9.878E-21  7.583E-21  5.574E-21  4.001E-21  2.510E-21  1.379E-21  5.790E-22  1.564E-22  1.636E-23  4.357E-25  1.012E-27  1.036E-32  8.232E-40  0.000E+00  0.000E+00  0.000E+00  0.000E+00  0.000E+00  0.000E+00  0.000E+00  0.000E+00  0.000E+00  0.000E+00  0.000E+00  0.000E+00
  286.5000  1.121E-17  1.089E-17  1.056E-17  1.024E-17  9.911E-18  9.582E-18  9.250E-18  8.917E-18  8.582E-18  8.245E-18  7.906E-18  7.567E-18  7.226E-18  6.886E-18  6.547E-18  6.214E-18  5.856E-18  5.415E-18  5.032E-18  4.697E-18  4.403E-18  4.143E-18  3.710E-18  3.452E-18  3.078E-18  2.783E-18  2.511E-18  2.210E-18  1.937E-18  1.688E-18  1.459E-18  1.250E-18  1.062E-18  8.973E-19  7.286E-19  5.935E-19  4.720E-19  3.643E-19  2.702E-19  1.964E-19  1.261E-19  7.189E-20  3.210E-20  9.601E-21  1.209E-21  4.364E-23  1.682E-25  4.569E-30  1.458E-36  0.000E+00  0.000E+00  0.000E+00  0.000E+00  0.000E+00  0.000E+00  0.000E+00  0.000E+00  0.000E+00  0.000E+00  0.000E+00  0.000E+00
  287.5000  2.999E-16  2.912E-16  2.825E-16  2.738E-16  2.651E-16  2.563E-16  2.474E-16  2.385E-16  2.295E-16  2.206E-16  2.115E-16  2.024E-16  1.934E-16  1.843E-16  1.753E-16  1.664E-16  1.568E-16  1.451E-16  1.348E-16  1.259E-16  1.181E-16  1.111E-16  9.958E-17  9.268E-17  8.270E-17  7.481E-17  6.753E-17  5.945E-17  5.215E-17  4.546E-17  3.931E-17  3.370E-17  2.866E-17  2.423E-17  1.970E-17  1.608E-17  1.284E-17  9.964E-18  7.459E-18  5.497E-18  3.618E-18  2.142E-18  1.021E-18  3.403E-19  5.228E-20  2.611E-21  1.737E-23  1.357E-27  1.967E-33  2.242E-43  0.000E+00  0.000E+00  0.000E+00  0.000E+00  0.000E+00  0.000E+00  0.000E+00  0.000E+00  0.000E+00  0.000E+00  0.000E+00
  288.5000  8.089E-15  7.855E-15  7.619E-15  7.384E-15  7.147E-15  6.909E-15  6.669E-15  6.429E-15  6.187E-15  5.946E-15  5.703E-15  5.458E-15  5.214E-15  4.970E-15  4.727E-15  4.489E-15  4.232E-15  3.916E-15  3.642E-15  3.402E-15  3.192E-15  3.006E-15  2.695E-15  2.509E-15  2.240E-15  2.028E-15  1.828E-15  1.614E-15  1.416E-15  1.236E-15  1.069E-15  9.172E-16  7.807E-16  6.605E-16  5.378E-16  4.400E-16  3.527E-16  2.754E-16  2.082E-16  1.556E-16  1.051E-16  6.484E-17  3.318E-17  1.243E-17  2.373E-18  1.693E-19  2.054E-21  5.110E-25  3.881E-30  7.875E-39  0.000E+00  0.000E+00  0.000E+00  0.000E+00  0.000E+00  0.000E+00  0.000E+00  0.000E+00  0.000E+00  0.000E+00  0.000E+00
  289.5000  1.485E-13  1.442E-13  1.399E-13  1.355E-13  1.311E-13  1.268E-13  1.224E-13  1.179E-13  1.135E-13  1.091E-13  1.046E-13  1.001E-13  9.564E-14  9.117E-14  8.673E-14  8.236E-14  7.767E-14  7.188E-14  6.686E-14  6.247E-14  5.863E-14  5.523E-14  4.954E-14  4.615E-14  4.122E-14  3.734E-14  3.373E-14  2.974E-14  2.612E-14  2.280E-14  1.973E-14  1.694E-14  1.443E-14  1.222E-14  9.957E-15  8.160E-15  6.560E-15  5.143E-15  3.914E-15  2.955E-15  2.034E-15  1.292E-15  6.959E-16  2.844E-16  6.380E-17  5.938E-18  1.127E-19  6.573E-23  1.668E-27  2.695E-35  1.401E-45  0.000E+00  0.000E+00  0.000E+00  0.000E+00  0.000E+00  0.000E+00  0.000E+00  0.000E+00  0.000E+00  0.000E+00
  290.5000  1.645E-12  1.597E-12  1.548E-12  1.500E-12  1.451E-12  1.403E-12  1.354E-12  1.305E-12  1.256E-12  1.206E-12  1.157E-12  1.107E-12  1.058E-12  1.008E-12  9.594E-13  9.112E-13  8.593E-13  7.955E-13  7.400E-13  6.917E-13  6.493E-13  6.118E-13  5.490E-13  5.116E-13  4.572E-13  4.143E-13  3.745E-13  3.303E-13  2.903E-13  2.535E-13  2.195E-13  1.886E-13  1.607E-13  1.362E-13  1.111E-13  9.115E-14  7.345E-14  5.777E-14  4.421E-14  3.364E-14  2.350E-14  1.528E-14  8.586E-15  3.767E-15  9.650E-16  1.119E-16  3.077E-18  3.653E-21  2.541E-25  2.338E-32  1.425E-42  0.000E+00  0.000E+00  0.000E+00  0.000E+00  0.000E+00  0.000E+00  0.000E+00  0.000E+00  0.000E+00  0.000E+00
  291.5000  1.652E-11  1.603E-11  1.554E-11  1.505E-11  1.456E-11  1.407E-11  1.358E-11  1.308E-11  1.259E-11  1.209E-11  1.160E-11  1.110E-11  1.060E-11  1.011E-11  9.615E-12  9.133E-12  8.614E-12  7.976E-12  7.422E-12  6.938E-12  6.515E-12  6.142E-12  5.513E-12  5.141E-12  4.597E-12  4.168E-12  3.770E-12  3.327E-12  2.926E-12  2.557E-12  2.216E-12  1.905E-12  1.624E-12  1.377E-12  1.125E-12  9.245E-13  7.469E-13  5.896E-13  4.538E-13  3.483E-13  2.471E-13  1.648E-13  9.684E-14  4.584E-14  1.356E-14  1.995E-15  8.256E-17  2.155E-19  4.618E-23  2.991E-29  3.272E-38  0.000E+00  0.000E+00  0.000E+00  0.000E+00  0.000E+00  0.000E+00  0.000E+00  0.000E+00  0.000E+00  0.000E+00
  292.5000  1.028E-10  9.970E-11  9.663E-11  9.356E-11  9.048E-11  8.740E-11  8.431E-11  8.122E-11  7.813E-11  7.504E-11  7.194E-11  6.885E-11  6.576E-11  6.268E-11  5.963E-11  5.664E-11  5.343E-11  4.947E-11  4.601E-11  4.305E-11  4.043E-11  3.812E-11  3.423E-11  3.193E-11  2.857E-11  2.592E-11  2.345E-11  2.071E-11  1.823E-11  1.594E-11  1.382E-11  1.189E-11  1.015E-11  8.609E-12  7.038E-12  5.791E-12  4.689E-12  3.712E-12  2.870E-12  2.218E-12  1.594E-12  1.085E-12  6.617E-13  3.340E-13  1.116E-13  2.014E-14  1.179E-15  5.967E-18  3.263E-21  1.050E-26  1.208E-34  1.401E-45  0.000E+00  0.000E+00  0.000E+00  0.000E+00  0.000E+00  0.000E+00  0.000E+00  0.000E+00  0.000E+00
  293.5000  7.292E-10  7.071E-10  6.850E-10  6.630E-10  6.409E-10  6.189E-10  5.968E-10  5.747E-10  5.527E-10  5.307E-10  5.086E-10  4.866E-10  4.647E-10  4.429E-10  4.213E-10  4.001E-10  3.774E-10  3.495E-10  3.253E-10  3.042E-10  2.857E-10  2.695E-10  2.421E-10  2.259E-10  2.022E-10  1.835E-10  1.662E-10  1.468E-10  1.293E-10  1.131E-10  9.818E-11  8.451E-11  7.218E-11  6.129E-11  5.016E-11  4.132E-11  3.353E-11  2.660E-11  2.066E-11  1.606E-11  1.167E-11  8.096E-12  5.104E-12  2.730E-12  1.019E-12  2.217E-13  1.790E-14  1.679E-16  2.210E-19  3.212E-24  3.393E-31  4.750E-41  0.000E+00  0.000E+00  0.000E+00  0.000E+00  0.000E+00  0.000E+00  0.000E+00  0.000E+00  0.000E+00
  294.5000  2.821E-09  2.734E-09  2.648E-09  2.562E-09  2.475E-09  2.389E-09  2.303E-09  2.217E-09  2.132E-09  2.046E-09  1.960E-09  1.875E-09  1.790E-09  1.706E-09  1.622E-09  1.540E-09  1.453E-09  1.345E-09  1.252E-09  1.171E-09  1.100E-09  1.038E-09  9.323E-10  8.701E-10  7.791E-10  7.075E-10  6.408E-10  5.666E-10  4.992E-10  4.371E-10  3.796E-10  3.269E-10  2.794E-10  2.374E-10  1.945E-10  1.604E-10  1.303E-10  1.036E-10  8.074E-11  6.306E-11  4.624E-11  3.255E-11  2.108E-11  1.182E-11  4.839E-12  1.228E-12  1.294E-13  2.010E-15  5.396E-18  2.621E-22  1.604E-28  2.763E-37  0.000E+00  0.000E+00  0.000E+00  0.000E+00  0.000E+00  0.000E+00  0.000E+00  0.000E+00  0.000E+00
  295.5000  1.521E-08  1.473E-08  1.426E-08  1.379E-08  1.331E-08  1.285E-08  1.238E-08  1.191E-08  1.144E-08  1.098E-08  1.051E-08  1.005E-08  9.593E-09  9.137E-09  8.688E-09  8.247E-09  7.777E-09  7.200E-09  6.700E-09  6.265E-09  5.886E-09  5.553E-09  4.990E-09  4.658E-09  4.173E-09  3.791E-09  3.435E-09  3.040E-09  2.680E-09  2.348E-09  2.040E-09  1.759E-09  1.504E-09  1.279E-09  1.049E-09  8.661E-10  7.051E-10  5.618E-10  4.391E-10  3.445E-10  2.548E-10  1.819E-10  1.210E-10  7.110E-11  3.187E-11  9.443E-12  1.302E-12  3.395E-14  1.905E-16  3.252E-20  1.248E-25  2.981E-33  4.022E-43  0.000E+00  0.000E+00  0.000E+00  0.000E+00  0.000E+00  0.000E+00  0.000E+00  0.000E+00
  296.5000  5.057E-08  4.896E-08  4.735E-08  4.576E-08  4.417E-08  4.259E-08  4.101E-08  3.944E-08  3.787E-08  3.632E-08  3.477E-08  3.322E-08  3.169E-08  3.017E-08  2.867E-08  2.721E-08  2.565E-08  2.374E-08  2.209E-08  2.065E-08  1.940E-08  1.830E-08  1.645E-08  1.536E-08  1.376E-08  1.251E-08  1.134E-08  1.004E-08  8.854E-09  7.762E-09  6.751E-09  5.823E-09  4.985E-09  4.242E-09  3.482E-09  2.878E-09  2.347E-09  1.873E-09  1.468E-09  1.156E-09  8.612E-10  6.222E-10  4.229E-10  2.586E-10  1.253E-10  4.244E-11  7.389E-12  3.006E-13  3.175E-15  1.577E-18  2.848E-23  6.106E-30  1.418E-38  0.000E+00  0.000E+00  0.000E+00  0.000E+00  0.000E+00  0.000E+00  0.000E+00  0.000E+00
  297.5000  1.721E-07  1.665E-07  1.609E-07  1.554E-07  1.499E-07  1.444E-07  1.390E-07  1.336E-07  1.282E-07  1.229E-07  1.176E-07  1.123E-07  1.070E-07  1.018E-07  9.674E-08  9.177E-08  8.647E-08  8.000E-08  7.441E-08  6.955E-08  6.532E-08  6.161E-08  5.538E-08  5.170E-08  4.634E-08  4.212E-08  3.820E-08  3.384E-08  2.986E-08  2.620E-08  2.280E-08  1.968E-08  1.686E-08  1.436E-08  1.180E-08  9.761E-09  7.971E-09  6.371E-09  5.006E-09  3.954E-09  2.964E-09  2.162E-09  1.497E-09  9.460E-10  4.896E-10  1.858E-10  3.953E-11  2.365E-12  4.330E-14  5.467E-17  3.815E-21  5.578E-27  1.567E-34  5.605E-45  0.000E+00  0.000E+00  0.000E+00  0.000E+00  0.000E+00  0.000E+00  0.000E+00
  298.5000  3.365E-07  3.253E-07  3.142E-07  3.032E-07  2.923E-07  2.814E-07  2.706E-07  2.599E-07  2.493E-07  2.387E-07  2.282E-07  2.178E-07  2.075E-07  1.974E-07  1.874E-07  1.776E-07  1.673E-07  1.547E-07  1.439E-07  1.344E-07  1.262E-07  1.190E-07  1.070E-07  9.984E-08  8.949E-08  8.137E-08  7.380E-08  6.536E-08  5.775E-08  5.070E-08  4.415E-08  3.814E-08  3.269E-08  2.787E-08  2.292E-08  1.898E-08  1.552E-08  1.242E-08  9.778E-09  7.744E-09  5.833E-09  4.290E-09  3.015E-09  1.960E-09  1.072E-09  4.487E-10  1.135E-10  9.454E-12  2.780E-13  7.807E-16  1.726E-19  1.283E-24  2.951E-31  2.225E-40  0.000E+00  0.000E+00  0.000E+00  0.000E+00  0.000E+00  0.000E+00  0.000E+00
  299.5000  1.209E-06  1.167E-06  1.126E-06  1.086E-06  1.046E-06  1.006E-06  9.666E-07  9.276E-07  8.888E-07  8.504E-07  8.125E-07  7.749E-07  7.377E-07  7.010E-07  6.650E-07  6.300E-07  5.930E-07  5.482E-07  5.094E-07  4.757E-07  4.464E-07  4.208E-07  3.781E-07  3.529E-07  3.163E-07  2.877E-07  2.609E-07  2.313E-07  2.043E-07  1.795E-07  1.564E-07  1.352E-07  1.160E-07  9.894E-08  8.147E-08  6.750E-08  5.528E-08  4.429E-08  3.494E-08  2.774E-08  2.098E-08  1.554E-08  1.107E-08  7.368E-09  4.235E-09  1.931E-09  5.702E-10  6.417E-11  2.912E-12  1.709E-14  1.102E-17  3.762E-22  6.293E-28  7.210E-36  0.000E+00  0.000E+00  0.000E+00  0.000E+00  0.000E+00  0.000E+00  0.000E+00
  300.5000  1.653E-06  1.595E-06  1.538E-06  1.481E-06  1.425E-06  1.370E-06  1.315E-06  1.261E-06  1.207E-06  1.154E-06  1.102E-06  1.050E-06  9.985E-07  9.481E-07  8.988E-07  8.509E-07  8.004E-07  7.394E-07  6.866E-07  6.409E-07  6.012E-07  5.664E-07  5.088E-07  4.747E-07  4.255E-07  3.869E-07  3.509E-07  3.112E-07  2.750E-07  2.417E-07  2.107E-07  1.823E-07  1.565E-07  1.335E-07  1.101E-07  9.128E-08  7.484E-08  6.002E-08  4.744E-08  3.773E-08  2.864E-08  2.133E-08  1.535E-08  1.041E-08  6.225E-09  3.044E-09  1.019E-09  1.462E-10  9.425E-12  1.001E-13  1.513E-16  1.697E-20  1.308E-25  1.187E-32  2.654E-42  0.000E+00  0.000E+00  0.000E+00  0.000E+00  0.000E+00  0.000E+00
  301.5000  5.017E-06  4.835E-06  4.655E-06  4.478E-06  4.303E-06  4.131E-06  3.960E-06  3.792E-06  3.627E-06  3.463E-06  3.302E-06  3.143E-06  2.987E-06  2.833E-06  2.681E-06  2.534E-06  2.384E-06  2.201E-06  2.042E-06  1.904E-06  1.785E-06  1.680E-06  1.509E-06  1.407E-06  1.261E-06  1.146E-06  1.040E-06  9.221E-07  8.151E-07  7.165E-07  6.251E-07  5.411E-07  4.649E-07  3.971E-07  3.277E-07  2.720E-07  2.233E-07  1.793E-07  1.420E-07  1.131E-07  8.619E-08  6.456E-08  4.692E-08  3.245E-08  2.017E-08  1.059E-08  4.032E-09  7.454E-10  6.950E-11  1.385E-12  5.195E-15  2.079E-18  8.270E-23  7.107E-29  3.554E-37  1.401E-45  0.000E+00  0.000E+00  0.000E+00  0.000E+00  0.000E+00
  302.5000  8.355E-06  8.042E-06  7.735E-06  7.433E-06  7.135E-06  6.842E-06  6.553E-06  6.268E-06  5.988E-06  5.713E-06  5.441E-06  5.174E-06  4.912E-06  4.655E-06  4.404E-06  4.161E-06  3.907E-06  3.604E-06  3.341E-06  3.114E-06  2.916E-06  2.744E-06  2.463E-06  2.295E-06  2.056E-06  1.869E-06  1.694E-06  1.503E-06  1.329E-06  1.168E-06  1.020E-06  8.831E-07  7.592E-07  6.489E-07  5.360E-07  4.452E-07  3.659E-07  2.941E-07  2.332E-07  1.860E-07  1.421E-07  1.068E-07  7.816E-08  5.475E-08  3.494E-08  1.923E-08  7.994E-09  1.755E-09  2.103E-10  6.421E-12  4.433E-14  4.093E-17  4.727E-21  1.752E-26  6.547E-34  1.458E-41  1.401E-45  0.000E+00  0.000E+00  0.000E+00  0.000E+00
  303.5000  2.045E-05  1.966E-05  1.887E-05  1.811E-05  1.735E-05  1.661E-05  1.589E-05  1.517E-05  1.447E-05  1.379E-05  1.311E-05  1.245E-05  1.180E-05  1.117E-05  1.056E-05  9.959E-06  9.338E-06  8.604E-06  7.968E-06  7.416E-06  6.939E-06  6.522E-06  5.849E-06  5.446E-06  4.876E-06  4.430E-06  4.015E-06  3.559E-06  3.149E-06  2.769E-06  2.418E-06  2.095E-06  1.802E-06  1.542E-06  1.275E-06  1.060E-06  8.725E-07  7.020E-07  5.575E-07  4.455E-07  3.412E-07  2.576E-07  1.899E-07  1.349E-07  8.860E-08  5.143E-08  2.360E-08  6.299E-09  1.007E-09  5.028E-11  7.055E-13  1.748E-15  7.189E-19  1.515E-23  6.198E-30  1.534E-36  5.792E-42  5.885E-44  1.401E-45  1.401E-45  0.000E+00
  304.5000  2.784E-05  2.673E-05  2.564E-05  2.457E-05  2.352E-05  2.249E-05  2.148E-05  2.050E-05  1.953E-05  1.858E-05  1.765E-05  1.675E-05  1.586E-05  1.500E-05  1.415E-05  1.334E-05  1.250E-05  1.150E-05  1.064E-05  9.899E-06  9.255E-06  8.692E-06  7.790E-06  7.249E-06  6.487E-06  5.891E-06  5.337E-06  4.732E-06  4.185E-06  3.681E-06  3.214E-06  2.786E-06  2.398E-06  2.052E-06  1.699E-06  1.413E-06  1.164E-06  9.375E-07  7.454E-07  5.961E-07  4.574E-07  3.462E-07  2.564E-07  1.836E-07  1.227E-07  7.354E-08  3.581E-08  1.075E-08  2.039E-09  1.362E-10  2.899E-12  1.282E-14  1.107E-17  6.349E-22  1.010E-27  9.586E-34  9.538E-39  1.004E-40  2.447E-42  1.401E-44  0.000E+00
  305.5000  5.211E-05  4.992E-05  4.778E-05  4.569E-05  4.365E-05  4.165E-05  3.970E-05  3.780E-05  3.594E-05  3.413E-05  3.235E-05  3.063E-05  2.894E-05  2.731E-05  2.573E-05  2.421E-05  2.264E-05  2.081E-05  1.922E-05  1.785E-05  1.666E-05  1.562E-05  1.399E-05  1.300E-05  1.162E-05  1.054E-05  9.544E-06  8.458E-06  7.479E-06  6.578E-06  5.746E-06  4.982E-06  4.290E-06  3.674E-06  3.045E-06  2.536E-06  2.093E-06  1.687E-06  1.344E-06  1.076E-06  8.279E-07  6.289E-07  4.685E-07  3.391E-07  2.318E-07  1.449E-07  7.641E-08  2.691E-08  6.481E-09  6.522E-10  2.524E-11  2.622E-13  6.875E-16  1.783E-19  2.228E-24  1.667E-29  7.304E-34  7.807E-36  1.211E-37  2.980E-40  1.962E-44
  306.5000  6.373E-05  6.098E-05  5.831E-05  5.570E-05  5.316E-05  5.067E-05  4.825E-05  4.588E-05  4.358E-05  4.134E-05  3.915E-05  3.702E-05  3.495E-05  3.294E-05  3.101E-05  2.915E-05  2.724E-05  2.501E-05  2.308E-05  2.141E-05  1.997E-05  1.871E-05  1.674E-05  1.555E-05  1.389E-05  1.260E-05  1.140E-05  1.010E-05  8.926E-06  7.851E-06  6.858E-06  5.948E-06  5.123E-06  4.389E-06  3.640E-06  3.034E-06  2.505E-06  2.021E-06  1.611E-06  1.291E-06  9.945E-07  7.568E-07  5.653E-07  4.112E-07  2.841E-07  1.811E-07  9.912E-08  3.757E-08  1.008E-08  1.219E-09  6.128E-11  9.161E-13  3.833E-15  1.883E-18  5.618E-23  1.003E-27  8.259E-32  9.156E-34  1.229E-35  2.280E-38  1.121E-42
  307.5000  1.279E-04  1.221E-04  1.164E-04  1.109E-04  1.056E-04  1.004E-04  9.533E-05  9.042E-05  8.565E-05  8.104E-05  7.655E-05  7.220E-05  6.799E-05  6.392E-05  6.001E-05  5.627E-05  5.246E-05  4.807E-05  4.426E-05  4.097E-05  3.813E-05  3.566E-05  3.185E-05  2.953E-05  2.635E-05  2.386E-05  2.156E-05  1.908E-05  1.688E-05  1.482E-05  1.295E-05  1.123E-05  9.676E-06  8.293E-06  6.889E-06  5.746E-06  4.752E-06  3.838E-06  3.065E-06  2.460E-06  1.899E-06  1.450E-06  1.088E-06  7.977E-07  5.603E-07  3.685E-07  2.143E-07  9.202E-08  2.984E-08  5.010E-09  4.088E-10  1.227E-11  1.278E-13  2.188E-16  3.608E-20  3.609E-24  1.020E-27  1.165E-29  1.089E-31  9.953E-35  2.545E-39
  308.5000  1.643E-04  1.566E-04  1.492E-04  1.420E-04  1.350E-04  1.282E-04  1.216E-04  1.152E-04  1.090E-04  1.030E-04  9.719E-05  9.156E-05  8.611E-05  8.087E-05  7.583E-05  7.103E-05  6.614E-05  6.054E-05  5.569E-05  5.150E-05  4.788E-05  4.474E-05  3.992E-05  3.698E-05  3.297E-05  2.984E-05  2.694E-05  2.384E-05  2.102E-05  1.850E-05  1.616E-05  1.402E-05  1.208E-05  1.035E-05  8.606E-06  7.183E-06  5.945E-06  4.804E-06  3.840E-06  3.084E-06  2.384E-06  1.822E-06  1.370E-06  1.008E-06  7.134E-07  4.758E-07  2.842E-07  1.287E-07  4.518E-08  8.690E-09  8.607E-10  3.376E-11  4.949E-13  1.355E-15  4.215E-19  7.919E-23  3.533E-26  4.195E-28  3.595E-30  2.777E-33  6.363E-38
  309.5000  1.875E-04  1.782E-04  1.693E-04  1.607E-04  1.524E-04  1.444E-04  1.366E-04  1.291E-04  1.218E-04  1.149E-04  1.081E-04  1.016E-04  9.529E-05  8.926E-05  8.349E-05  7.802E-05  7.248E-05  6.619E-05  6.075E-05  5.605E-05  5.200E-05  4.848E-05  4.318E-05  3.992E-05  3.554E-05  3.212E-05  2.896E-05  2.560E-05  2.257E-05  1.984E-05  1.731E-05  1.502E-05  1.294E-05  1.110E-05  9.232E-06  7.711E-06  6.390E-06  5.169E-06  4.138E-06  3.327E-06  2.577E-06  1.974E-06  1.489E-06  1.101E-06  7.874E-07  5.355E-07  3.323E-07  1.630E-07  6.470E-08  1.542E-08  2.098E-09  1.300E-10  3.469E-12  2.166E-14  2.073E-17  1.206E-20  1.205E-23  1.484E-25  1.028E-27  5.234E-31  8.263E-36
  310.5000  3.142E-04  2.981E-04  2.825E-04  2.676E-04  2.531E-04  2.393E-04  2.259E-04  2.130E-04  2.006E-04  1.887E-04  1.772E-04  1.662E-04  1.557E-04  1.454E-04  1.357E-04  1.265E-04  1.173E-04  1.069E-04  9.792E-05  9.015E-05  8.347E-05  7.767E-05  6.906E-05  6.374E-05  5.665E-05  5.113E-05  4.604E-05  4.064E-05  3.579E-05  3.144E-05  2.743E-05  2.378E-05  2.049E-05  1.758E-05  1.463E-05  1.223E-05  1.015E-05  8.215E-06  6.585E-06  5.299E-06  4.111E-06  3.155E-06  2.386E-06  1.772E-06  1.276E-06  8.806E-07  5.620E-07  2.924E-07  1.270E-07  3.544E-08  6.069E-09  5.212E-10  2.123E-11  2.375E-13  5.008E-16  6.401E-19  1.122E-21  1.434E-23  8.730E-26  3.460E-29  4.464E-34
  311.5000  4.683E-04  4.433E-04  4.194E-04  3.965E-04  3.744E-04  3.533E-04  3.330E-04  3.135E-04  2.947E-04  2.767E-04  2.595E-04  2.429E-04  2.270E-04  2.118E-04  1.974E-04  1.837E-04  1.700E-04  1.548E-04  1.415E-04  1.301E-04  1.203E-04  1.117E-04  9.921E-05  9.143E-05  8.117E-05  7.318E-05  6.581E-05  5.804E-05  5.110E-05  4.484E-05  3.910E-05  3.389E-05  2.920E-05  2.504E-05  2.086E-05  1.744E-05  1.448E-05  1.173E-05  9.412E-06  7.579E-06  5.887E-06  4.523E-06  3.427E-06  2.551E-06  1.847E-06  1.286E-06  8.355E-07  4.513E-07  2.077E-07  6.418E-08  1.276E-08  1.353E-09  7.259E-11  1.192E-12  4.241E-15  9.186E-18  2.361E-20  3.149E-22  1.808E-24  6.336E-28  7.572E-33
  312.5000  6.208E-04  5.853E-04  5.514E-04  5.192E-04  4.884E-04  4.590E-04  4.309E-04  4.041E-04  3.784E-04  3.541E-04  3.307E-04  3.084E-04  2.872E-04  2.670E-04  2.479E-04  2.299E-04  2.120E-04  1.922E-04  1.752E-04  1.604E-04  1.478E-04  1.368E-04  1.211E-04  1.112E-04  9.844E-05  8.850E-05  7.937E-05  6.985E-05  6.139E-05  5.376E-05  4.681E-05  4.053E-05  3.489E-05  2.991E-05  2.493E-05  2.086E-05  1.734E-05  1.407E-05  1.131E-05  9.117E-06  7.098E-06  5.468E-06  4.156E-06  3.107E-06  2.267E-06  1.602E-06  1.071E-06  6.155E-07  3.125E-07  1.152E-07  2.980E-08  4.615E-09  4.062E-10  1.326E-11  1.196E-13  6.549E-16  3.234E-18  4.467E-20  2.168E-22  5.490E-26  4.933E-31
  313.5000  7.620E-04  7.178E-04  6.756E-04  6.356E-04  5.973E-04  5.608E-04  5.260E-04  4.928E-04  4.611E-04  4.310E-04  4.022E-04  3.748E-04  3.487E-04  3.239E-04  3.004E-04  2.784E-04  2.565E-04  2.324E-04  2.116E-04  1.936E-04  1.781E-04  1.648E-04  1.457E-04  1.337E-04  1.183E-04  1.062E-04  9.521E-05  8.373E-05  7.355E-05  6.437E-05  5.602E-05  4.849E-05  4.174E-05  3.578E-05  2.983E-05  2.496E-05  2.076E-05  1.684E-05  1.355E-05  1.093E-05  8.516E-06  6.566E-06  4.995E-06  3.740E-06  2.736E-06  1.942E-06  1.310E-06  7.670E-07  4.005E-07  1.549E-07  4.288E-08  7.256E-09  7.139E-10  2.725E-11  3.034E-13  2.043E-15  1.181E-17  1.701E-19  8.411E-22  2.195E-25  2.140E-30
  314.5000  1.057E-03  9.916E-04  9.295E-04  8.707E-04  8.147E-04  7.615E-04  7.111E-04  6.632E-04  6.179E-04  5.749E-04  5.341E-04  4.954E-04  4.589E-04  4.244E-04  3.919E-04  3.615E-04  3.317E-04  2.990E-04  2.713E-04  2.471E-04  2.264E-04  2.086E-04  1.837E-04  1.679E-04  1.479E-04  1.324E-04  1.182E-04  1.036E-04  9.072E-05  7.919E-05  6.877E-05  5.941E-05  5.107E-05  4.373E-05  3.646E-05  3.051E-05  2.541E-05  2.063E-05  1.663E-05  1.343E-05  1.049E-05  8.113E-06  6.191E-06  4.654E-06  3.426E-06  2.459E-06  1.695E-06  1.042E-06  5.877E-07  2.622E-07  9.004E-08  2.085E-08  3.107E-09  2.126E-10  5.244E-12  7.836E-14  7.942E-16  1.188E-17  5.143E-20  1.029E-23  7.973E-29
  315.5000  1.159E-03  1.087E-03  1.018E-03  9.534E-04  8.916E-04  8.330E-04  7.774E-04  7.246E-04  6.747E-04  6.274E-04  5.826E-04  5.401E-04  5.000E-04  4.622E-04  4.266E-04  3.933E-04  3.606E-04  3.253E-04  2.946E-04  2.682E-04  2.456E-04  2.261E-04  1.989E-04  1.817E-04  1.600E-04  1.431E-04  1.277E-04  1.118E-04  9.790E-05  8.540E-05  7.413E-05  6.402E-05  5.501E-05  4.710E-05  3.927E-05  3.286E-05  2.738E-05  2.224E-05  1.794E-05  1.449E-05  1.133E-05  8.766E-06  6.695E-06  5.038E-06  3.716E-06  2.676E-06  1.856E-06  1.154E-06  6.633E-07  3.053E-07  1.094E-07  2.669E-08  4.239E-09  3.175E-10  8.820E-12  1.478E-13  1.643E-15  2.560E-17  1.153E-19  2.476E-23  2.169E-28
  316.5000  1.577E-03  1.476E-03  1.379E-03  1.288E-03  1.201E-03  1.118E-03  1.040E-03  9.660E-04  8.959E-04  8.299E-04  7.674E-04  7.085E-04  6.531E-04  6.011E-04  5.524E-04  5.071E-04  4.629E-04  4.158E-04  3.749E-04  3.398E-04  3.098E-04  2.839E-04  2.487E-04  2.262E-04  1.983E-04  1.766E-04  1.569E-04  1.369E-04  1.194E-04  1.039E-04  8.989E-05  7.743E-05  6.639E-05  5.674E-05  4.729E-05  3.955E-05  3.298E-05  2.680E-05  2.165E-05  1.751E-05  1.373E-05  1.065E-05  8.157E-06  6.161E-06  4.568E-06  3.316E-06  2.336E-06  1.504E-06  9.143E-07  4.675E-07  1.968E-07  6.093E-08  1.330E-08  1.560E-09  7.948E-11  2.434E-12  4.138E-14  6.688E-16  2.759E-18  4.975E-22  3.785E-27
  317.5000  2.230E-03  2.087E-03  1.950E-03  1.821E-03  1.698E-03  1.582E-03  1.471E-03  1.366E-03  1.268E-03  1.174E-03  1.086E-03  1.003E-03  9.247E-04  8.512E-04  7.824E-04  7.184E-04  6.560E-04  5.891E-04  5.314E-04  4.818E-04  4.393E-04  4.027E-04  3.528E-04  3.209E-04  2.813E-04  2.506E-04  2.227E-04  1.944E-04  1.695E-04  1.474E-04  1.276E-04  1.099E-04  9.424E-05  8.055E-05  6.713E-05  5.615E-05  4.682E-05  3.805E-05  3.074E-05  2.488E-05  1.950E-05  1.513E-05  1.160E-05  8.762E-06  6.500E-06  4.725E-06  3.335E-06  2.154E-06  1.315E-06  6.768E-07  2.867E-07  8.905E-08  1.945E-08  2.283E-09  1.162E-10  3.551E-12  6.122E-14  1.032E-15  4.565E-18  9.331E-22  8.450E-27
  318.5000  2.448E-03  2.290E-03  2.139E-03  1.996E-03  1.858E-03  1.728E-03  1.604E-03  1.486E-03  1.375E-03  1.270E-03  1.170E-03  1.077E-03  9.890E-04  9.067E-04  8.298E-04  7.586E-04  6.895E-04  6.164E-04  5.534E-04  4.993E-04  4.530E-04  4.132E-04  3.602E-04  3.260E-04  2.844E-04  2.521E-04  2.229E-04  1.936E-04  1.681E-04  1.455E-04  1.255E-04  1.077E-04  9.204E-05  7.846E-05  6.529E-05  5.454E-05  4.549E-05  3.696E-05  2.991E-05  2.423E-05  1.904E-05  1.482E-05  1.140E-05  8.644E-06  6.446E-06  4.720E-06  3.376E-06  2.245E-06  1.437E-06  8.089E-07  3.941E-07  1.510E-07  4.385E-08  7.718E-09  6.807E-10  3.595E-11  9.118E-13  1.594E-14  6.541E-17  1.147E-20  9.201E-26
  319.5000  3.198E-03  2.993E-03  2.796E-03  2.609E-03  2.430E-03  2.259E-03  2.097E-03  1.943E-03  1.797E-03  1.659E-03  1.529E-03  1.406E-03  1.291E-03  1.183E-03  1.082E-03  9.890E-04  8.984E-04  8.026E-04  7.201E-04  6.492E-04  5.886E-04  5.365E-04  4.673E-04  4.226E-04  3.683E-04  3.262E-04  2.881E-04  2.500E-04  2.169E-04  1.876E-04  1.616E-04  1.386E-04  1.183E-04  1.008E-04  8.386E-05  7.002E-05  5.842E-05  4.746E-05  3.841E-05  3.113E-05  2.449E-05  1.908E-05  1.468E-05  1.115E-05  8.326E-06  6.110E-06  4.386E-06  2.939E-06  1.903E-06  1.094E-06  5.491E-07  2.191E-07  6.701E-08  1.271E-08  1.237E-09  7.199E-11  1.978E-12  3.596E-14  1.538E-16  2.894E-20  2.608E-25
  320.5000  4.231E-03  3.961E-03  3.701E-03  3.454E-03  3.217E-03  2.991E-03  2.776E-03  2.571E-03  2.377E-03  2.194E-03  2.021E-03  1.858E-03  1.704E-03  1.561E-03  1.426E-03  1.302E-03  1.181E-03  1.054E-03  9.448E-04  8.507E-04  7.704E-04  7.013E-04  6.100E-04  5.509E-04  4.794E-04  4.240E-04  3.740E-04  3.241E-04  2.807E-04  2.425E-04  2.086E-04  1.787E-04  1.524E-04  1.297E-04  1.079E-04  9.001E-05  7.509E-05  6.098E-05  4.937E-05  4.003E-05  3.151E-05  2.457E-05  1.893E-05  1.439E-05  1.076E-05  7.913E-06  5.699E-06  3.845E-06  2.516E-06  1.475E-06  7.640E-07  3.201E-07  1.048E-07  2.186E-08  2.420E-09  1.604E-10  4.887E-12  9.247E-14  4.090E-16  8.119E-20  8.003E-25
  321.5000  5.192E-03  4.877E-03  4.572E-03  4.279E-03  3.996E-03  3.724E-03  3.463E-03  3.214E-03  2.975E-03  2.749E-03  2.533E-03  2.328E-03  2.135E-03  1.953E-03  1.782E-03  1.624E-03  1.470E-03  1.308E-03  1.168E-03  1.048E-03  9.453E-04  8.572E-04  7.417E-04  6.667E-04  5.769E-04  5.076E-04  4.451E-04  3.833E-04  3.300E-04  2.834E-04  2.423E-04  2.064E-04  1.752E-04  1.483E-04  1.228E-04  1.022E-04  8.512E-05  6.898E-05  5.587E-05  4.532E-05  3.577E-05  2.799E-05  2.166E-05  1.655E-05  1.245E-05  9.227E-06  6.723E-06  4.646E-06  3.157E-06  1.989E-06  1.155E-06  5.756E-07  2.398E-07  7.103E-08  1.267E-08  1.348E-09  5.747E-11  1.124E-12  4.668E-15  8.150E-19  7.318E-24
  322.5000  3.908E-03  3.660E-03  3.421E-03  3.194E-03  2.975E-03  2.766E-03  2.568E-03  2.378E-03  2.199E-03  2.029E-03  1.869E-03  1.717E-03  1.575E-03  1.441E-03  1.316E-03  1.201E-03  1.089E-03  9.709E-04  8.693E-04  7.821E-04  7.076E-04  6.437E-04  5.592E-04  5.046E-04  4.386E-04  3.875E-04  3.414E-04  2.955E-04  2.556E-04  2.206E-04  1.895E-04  1.622E-04  1.382E-04  1.175E-04  9.763E-05  8.143E-05  6.794E-05  5.516E-05  4.467E-05  3.624E-05  2.855E-05  2.228E-05  1.719E-05  1.308E-05  9.802E-06  7.226E-06  5.225E-06  3.553E-06  2.354E-06  1.410E-06  7.538E-07  3.301E-07  1.146E-07  2.604E-08  3.240E-09  2.423E-10  8.260E-12  1.692E-13  8.281E-16  1.950E-19  2.472E-24
  323.5000  6.412E-03  6.037E-03  5.673E-03  5.321E-03  4.980E-03  4.651E-03  4.334E-03  4.029E-03  3.737E-03  3.458E-03  3.190E-03  2.936E-03  2.695E-03  2.467E-03  2.253E-03  2.053E-03  1.859E-03  1.652E-03  1.475E-03  1.322E-03  1.192E-03  1.079E-03  9.320E-04  8.365E-04  7.220E-04  6.338E-04  5.543E-04  4.759E-04  4.084E-04  3.496E-04  2.979E-04  2.529E-04  2.140E-04  1.807E-04  1.492E-04  1.238E-04  1.030E-04  8.331E-05  6.745E-05  5.471E-05  4.323E-05  3.388E-05  2.628E-05  2.013E-05  1.520E-05  1.131E-05  8.288E-06  5.788E-06  3.994E-06  2.593E-06  1.577E-06  8.471E-07  3.926E-07  1.361E-07  3.014E-08  4.014E-09  2.057E-10  4.351E-12  1.940E-14  3.786E-18  4.090E-23
  324.5000  7.384E-03  6.950E-03  6.529E-03  6.123E-03  5.729E-03  5.349E-03  4.983E-03  4.632E-03  4.295E-03  3.973E-03  3.666E-03  3.373E-03  3.096E-03  2.834E-03  2.588E-03  2.359E-03  2.135E-03  1.899E-03  1.695E-03  1.520E-03  1.370E-03  1.242E-03  1.072E-03  9.629E-04  8.315E-04  7.303E-04  6.390E-04  5.489E-04  4.714E-04  4.037E-04  3.442E-04  2.924E-04  2.475E-04  2.091E-04  1.727E-04  1.433E-04  1.193E-04  9.653E-05  7.817E-05  6.342E-05  5.011E-05  3.928E-05  3.047E-05  2.334E-05  1.762E-05  1.311E-05  9.611E-06  6.713E-06  4.634E-06  3.008E-06  1.826E-06  9.746E-07  4.472E-07  1.527E-07  3.314E-08  4.326E-09  2.218E-10  4.876E-12  2.329E-14  5.134E-18  6.533E-23
  325.5000  7.755E-03  7.291E-03  6.843E-03  6.410E-03  5.992E-03  5.589E-03  5.202E-03  4.830E-03  4.474E-03  4.136E-03  3.813E-03  3.506E-03  3.215E-03  2.942E-03  2.685E-03  2.446E-03  2.214E-03  1.968E-03  1.757E-03  1.575E-03  1.420E-03  1.287E-03  1.112E-03  9.990E-04  8.632E-04  7.585E-04  6.642E-04  5.711E-04  4.908E-04  4.207E-04  3.591E-04  3.053E-04  2.587E-04  2.188E-04  1.809E-04  1.502E-04  1.251E-04  1.013E-04  8.203E-05  6.656E-05  5.258E-05  4.120E-05  3.193E-05  2.444E-05  1.843E-05  1.370E-05  1.003E-05  6.984E-06  4.801E-06  3.090E-06  1.850E-06  9.660E-07  4.293E-07  1.398E-07  2.845E-08  3.499E-09  1.748E-10  4.002E-12  2.074E-14  5.271E-18  8.025E-23
  326.5000  1.322E-02  1.250E-02  1.180E-02  1.112E-02  1.045E-02  9.807E-03  9.179E-03  8.572E-03  7.985E-03  7.420E-03  6.875E-03  6.352E-03  5.852E-03  5.377E-03  4.926E-03  4.503E-03  4.087E-03  3.637E-03  3.250E-03  2.919E-03  2.634E-03  2.390E-03  2.061E-03  1.850E-03  1.593E-03  1.397E-03  1.219E-03  1.043E-03  8.920E-04  7.603E-04  6.451E-04  5.451E-04  4.589E-04  3.857E-04  3.170E-04  2.617E-04  2.173E-04  1.750E-04  1.415E-04  1.146E-04  9.064E-05  7.120E-05  5.541E-05  4.264E-05  3.236E-05  2.423E-05  1.791E-05  1.268E-05  8.929E-06  6.019E-06  3.883E-06  2.289E-06  1.216E-06  5.166E-07  1.521E-07  2.722E-08  1.785E-09  4.219E-11  2.093E-13  4.848E-17  6.934E-22
  327.5000  1.099E-02  1.037E-02  9.767E-03  9.184E-03  8.615E-03  8.065E-03  7.532E-03  7.018E-03  6.523E-03  6.049E-03  5.592E-03  5.157E-03  4.742E-03  4.348E-03  3.977E-03  3.629E-03  3.289E-03  2.925E-03  2.612E-03  2.343E-03  2.113E-03  1.915E-03  1.652E-03  1.483E-03  1.278E-03  1.121E-03  9.791E-04  8.390E-04  7.186E-04  6.137E-04  5.217E-04  4.417E-04  3.727E-04  3.139E-04  2.585E-04  2.140E-04  1.779E-04  1.435E-04  1.161E-04  9.419E-05  7.448E-05  5.847E-05  4.545E-05  3.492E-05  2.645E-05  1.977E-05  1.457E-05  1.027E-05  7.191E-06  4.789E-06  3.028E-06  1.724E-06  8.685E-07  3.406E-07  8.959E-08  1.433E-08  8.809E-10  2.164E-11  1.179E-13  3.228E-17  5.682E-22
  328.5000  1.017E-02  9.601E-03  9.043E-03  8.501E-03  7.975E-03  7.464E-03  6.971E-03  6.494E-03  6.035E-03  5.595E-03  5.172E-03  4.768E-03  4.383E-03  4.018E-03  3.674E-03  3.352E-03  3.037E-03  2.700E-03  2.410E-03  2.161E-03  1.948E-03  1.765E-03  1.522E-03  1.365E-03  1.177E-03  1.031E-03  9.005E-04  7.714E-04  6.604E-04  5.638E-04  4.791E-04  4.055E-04  3.420E-04  2.880E-04  2.371E-04  1.962E-04  1.631E-04  1.315E-04  1.064E-04  8.630E-05  6.823E-05  5.357E-05  4.165E-05  3.200E-05  2.424E-05  1.812E-05  1.335E-05  9.418E-06  6.593E-06  4.393E-06  2.781E-06  1.587E-06  8.031E-07  3.178E-07  8.493E-08  1.392E-08  8.843E-10  2.260E-11  1.304E-13  3.918E-17  7.818E-22
  329.5000  1.720E-02  1.632E-02  1.546E-02  1.461E-02  1.378E-02  1.298E-02  1.219E-02  1.142E-02  1.067E-02  9.954E-03  9.255E-03  8.581E-03  7.933E-03  7.312E-03  6.722E-03  6.165E-03  5.611E-03  5.003E-03  4.481E-03  4.034E-03  3.650E-03  3.320E-03  2.864E-03  2.576E-03  2.219E-03  1.946E-03  1.698E-03  1.452E-03  1.240E-03  1.055E-03  8.932E-04  7.528E-04  6.321E-04  5.298E-04  4.338E-04  3.571E-04  2.960E-04  2.374E-04  1.916E-04  1.551E-04  1.226E-04  9.636E-05  7.512E-05  5.796E-05  4.414E-05  3.320E-05  2.467E-05  1.760E-05  1.252E-05  8.598E-06  5.709E-06  3.530E-06  2.018E-06  9.594E-07  3.324E-07  7.116E-08  5.511E-09  1.452E-10  8.220E-13  2.365E-16  4.663E-21
  330.5000  1.399E-02  1.324E-02  1.251E-02  1.179E-02  1.110E-02  1.042E-02  9.759E-03  9.120E-03  8.502E-03  7.906E-03  7.331E-03  6.778E-03  6.249E-03  5.745E-03  5.267E-03  4.818E-03  4.374E-03  3.894E-03  3.481E-03  3.127E-03  2.824E-03  2.563E-03  2.209E-03  1.984E-03  1.709E-03  1.498E-03  1.307E-03  1.118E-03  9.552E-04  8.136E-04  6.898E-04  5.823E-04  4.898E-04  4.113E-04  3.376E-04  2.785E-04  2.311E-04  1.859E-04  1.502E-04  1.217E-04  9.621E-05  7.561E-05  5.889E-05  4.537E-05  3.448E-05  2.587E-05  1.916E-05  1.362E-05  9.635E-06  6.549E-06  4.275E-06  2.567E-06  1.401E-06  6.212E-07  1.949E-07  3.779E-08  2.769E-09  7.580E-11  4.690E-13  1.578E-16  3.774E-21
  331.5000  1.351E-02  1.278E-02  1.207E-02  1.137E-02  1.070E-02  1.004E-02  9.396E-03  8.775E-03  8.175E-03  7.598E-03  7.040E-03  6.506E-03  5.994E-03  5.507E-03  5.046E-03  4.613E-03  4.185E-03  3.724E-03  3.328E-03  2.987E-03  2.696E-03  2.446E-03  2.108E-03  1.892E-03  1.629E-03  1.427E-03  1.245E-03  1.065E-03  9.101E-04  7.753E-04  6.574E-04  5.550E-04  4.669E-04  3.922E-04  3.219E-04  2.656E-04  2.205E-04  1.774E-04  1.433E-04  1.161E-04  9.183E-05  7.216E-05  5.619E-05  4.328E-05  3.288E-05  2.466E-05  1.826E-05  1.296E-05  9.164E-06  6.216E-06  4.045E-06  2.417E-06  1.310E-06  5.745E-07  1.779E-07  3.422E-08  2.530E-09  7.185E-11  4.731E-13  1.769E-16  4.853E-21
  332.5000  1.619E-02  1.538E-02  1.459E-02  1.381E-02  1.304E-02  1.230E-02  1.157E-02  1.085E-02  1.016E-02  9.490E-03  8.837E-03  8.206E-03  7.598E-03  7.015E-03  6.458E-03  5.932E-03  5.406E-03  4.826E-03  4.327E-03  3.900E-03  3.534E-03  3.219E-03  2.777E-03  2.501E-03  2.155E-03  1.891E-03  1.651E-03  1.411E-03  1.204E-03  1.024E-03  8.665E-04  7.296E-04  6.118E-04  5.122E-04  4.187E-04  3.441E-04  2.850E-04  2.282E-04  1.839E-04  1.488E-04  1.176E-04  9.243E-05  7.211E-05  5.570E-05  4.249E-05  3.202E-05  2.385E-05  1.707E-05  1.220E-05  8.439E-06  5.666E-06  3.569E-06  2.102E-06  1.047E-06  3.896E-07  9.094E-08  7.793E-09  2.283E-10  1.503E-12  5.568E-16  1.561E-20
  333.5000  1.398E-02  1.326E-02  1.255E-02  1.185E-02  1.117E-02  1.051E-02  9.865E-03  9.237E-03  8.627E-03  8.038E-03  7.468E-03  6.918E-03  6.390E-03  5.886E-03  5.406E-03  4.954E-03  4.504E-03  4.014E-03  3.592E-03  3.231E-03  2.921E-03  2.655E-03  2.289E-03  2.058E-03  1.772E-03  1.553E-03  1.355E-03  1.158E-03  9.885E-04  8.410E-04  7.119E-04  6.000E-04  5.037E-04  4.222E-04  3.457E-04  2.846E-04  2.359E-04  1.893E-04  1.527E-04  1.236E-04  9.771E-05  7.682E-05  5.989E-05  4.621E-05  3.520E-05  2.647E-05  1.967E-05  1.404E-05  9.993E-06  6.866E-06  4.558E-06  2.815E-06  1.606E-06  7.624E-07  2.647E-07  5.773E-08  4.780E-09  1.452E-10  1.034E-12  4.386E-16  1.456E-20
  334.5000  1.633E-02  1.549E-02  1.468E-02  1.388E-02  1.310E-02  1.233E-02  1.159E-02  1.086E-02  1.016E-02  9.473E-03  8.810E-03  8.171E-03  7.555E-03  6.966E-03  6.405E-03  5.875E-03  5.348E-03  4.768E-03  4.271E-03  3.844E-03  3.479E-03  3.164E-03  2.728E-03  2.454E-03  2.113E-03  1.853E-03  1.617E-03  1.381E-03  1.179E-03  1.002E-03  8.479E-04  7.140E-04  5.989E-04  5.015E-04  4.102E-04  3.373E-04  2.793E-04  2.238E-04  1.805E-04  1.460E-04  1.154E-04  9.071E-05  7.075E-05  5.463E-05  4.165E-05  3.136E-05  2.334E-05  1.669E-05  1.191E-05  8.216E-06  5.492E-06  3.435E-06  2.000E-06  9.796E-07  3.564E-07  8.198E-08  7.138E-09  2.243E-10  1.664E-12  7.543E-16  2.755E-20
  335.5000  1.822E-02  1.733E-02  1.646E-02  1.560E-02  1.475E-02  1.393E-02  1.312E-02  1.233E-02  1.156E-02  1.081E-02  1.008E-02  9.375E-03  8.694E-03  8.039E-03  7.412E-03  6.819E-03  6.223E-03  5.560E-03  4.991E-03  4.504E-03  4.087E-03  3.728E-03  3.218E-03  2.902E-03  2.501E-03  2.196E-03  1.918E-03  1.639E-03  1.399E-03  1.189E-03  1.005E-03  8.458E-04  7.086E-04  5.926E-04  4.836E-04  3.969E-04  3.284E-04  2.624E-04  2.113E-04  1.708E-04  1.349E-04  1.060E-04  8.275E-05  6.398E-05  4.888E-05  3.690E-05  2.754E-05  1.977E-05  1.417E-05  9.867E-06  6.685E-06  4.278E-06  2.586E-06  1.342E-06  5.323E-07  1.345E-07  1.267E-08  4.109E-10  3.130E-12  1.478E-15  5.798E-20
  336.5000  1.386E-02  1.317E-02  1.250E-02  1.184E-02  1.119E-02  1.055E-02  9.933E-03  9.327E-03  8.736E-03  8.164E-03  7.607E-03  7.068E-03  6.548E-03  6.049E-03  5.572E-03  5.121E-03  4.669E-03  4.169E-03  3.739E-03  3.371E-03  3.056E-03  2.785E-03  2.403E-03  2.165E-03  1.865E-03  1.636E-03  1.429E-03  1.220E-03  1.041E-03  8.851E-04  7.483E-04  6.295E-04  5.275E-04  4.412E-04  3.602E-04  2.957E-04  2.447E-04  1.957E-04  1.576E-04  1.274E-04  1.006E-04  7.910E-05  6.173E-05  4.771E-05  3.643E-05  2.749E-05  2.051E-05  1.470E-05  1.053E-05  7.320E-06  4.945E-06  3.149E-06  1.887E-06  9.676E-07  3.772E-07  9.405E-08  8.889E-09  2.982E-10  2.411E-12  1.259E-15  5.633E-20
  337.5000  1.423E-02  1.350E-02  1.279E-02  1.210E-02  1.141E-02  1.075E-02  1.010E-02  9.462E-03  8.846E-03  8.251E-03  7.672E-03  7.115E-03  6.578E-03  6.064E-03  5.574E-03  5.112E-03  4.652E-03  4.147E-03  3.714E-03  3.342E-03  3.024E-03  2.750E-03  2.370E-03  2.132E-03  1.835E-03  1.608E-03  1.403E-03  1.198E-03  1.022E-03  8.690E-04  7.348E-04  6.185E-04  5.186E-04  4.341E-04  3.549E-04  2.917E-04  2.415E-04  1.935E-04  1.559E-04  1.262E-04  9.967E-05  7.836E-05  6.112E-05  4.721E-05  3.600E-05  2.713E-05  2.020E-05  1.445E-05  1.032E-05  7.136E-06  4.782E-06  3.001E-06  1.758E-06  8.698E-07  3.222E-07  7.642E-08  7.062E-09  2.452E-10  2.125E-12  1.251E-15  6.506E-20
  338.5000  1.663E-02  1.582E-02  1.502E-02  1.424E-02  1.347E-02  1.271E-02  1.198E-02  1.126E-02  1.055E-02  9.871E-03  9.206E-03  8.562E-03  7.940E-03  7.341E-03  6.769E-03  6.227E-03  5.683E-03  5.077E-03  4.557E-03  4.112E-03  3.731E-03  3.403E-03  2.937E-03  2.648E-03  2.282E-03  2.003E-03  1.749E-03  1.494E-03  1.275E-03  1.083E-03  9.151E-04  7.694E-04  6.442E-04  5.385E-04  4.391E-04  3.601E-04  2.978E-04  2.378E-04  1.914E-04  1.547E-04  1.221E-04  9.595E-05  7.490E-05  5.793E-05  4.427E-05  3.344E-05  2.498E-05  1.794E-05  1.288E-05  8.982E-06  6.099E-06  3.920E-06  2.387E-06  1.255E-06  5.095E-07  1.337E-07  1.343E-08  4.806E-10  4.262E-12  2.592E-15  1.432E-19
  339.5000  1.834E-02  1.745E-02  1.657E-02  1.572E-02  1.487E-02  1.404E-02  1.323E-02  1.244E-02  1.167E-02  1.092E-02  1.019E-02  9.479E-03  8.794E-03  8.134E-03  7.503E-03  6.905E-03  6.304E-03  5.633E-03  5.058E-03  4.565E-03  4.144E-03  3.781E-03  3.263E-03  2.943E-03  2.536E-03  2.227E-03  1.945E-03  1.661E-03  1.417E-03  1.204E-03  1.017E-03  8.547E-04  7.154E-04  5.977E-04  4.872E-04  3.993E-04  3.301E-04  2.635E-04  2.120E-04  1.712E-04  1.351E-04  1.062E-04  8.289E-05  6.413E-05  4.903E-05  3.705E-05  2.769E-05  1.990E-05  1.430E-05  9.986E-06  6.796E-06  4.385E-06  2.688E-06  1.429E-06  5.902E-07  1.586E-07  1.639E-08  6.058E-10  5.623E-12  3.688E-15  2.260E-19
  340.5000  1.890E-02  1.797E-02  1.705E-02  1.615E-02  1.527E-02  1.441E-02  1.356E-02  1.274E-02  1.193E-02  1.115E-02  1.039E-02  9.658E-03  8.948E-03  8.267E-03  7.616E-03  7.000E-03  6.382E-03  5.698E-03  5.110E-03  4.607E-03  4.176E-03  3.806E-03  3.282E-03  2.957E-03  2.546E-03  2.234E-03  1.949E-03  1.664E-03  1.419E-03  1.206E-03  1.019E-03  8.563E-04  7.169E-04  5.992E-04  4.887E-04  4.008E-04  3.314E-04  2.648E-04  2.131E-04  1.722E-04  1.359E-04  1.068E-04  8.338E-05  6.448E-05  4.927E-05  3.720E-05  2.778E-05  1.995E-05  1.431E-05  9.970E-06  6.760E-06  4.333E-06  2.626E-06  1.372E-06  5.530E-07  1.452E-07  1.494E-08  5.701E-10  5.612E-12  4.071E-15  2.840E-19
  341.5000  1.770E-02  1.685E-02  1.601E-02  1.519E-02  1.438E-02  1.358E-02  1.280E-02  1.204E-02  1.130E-02  1.058E-02  9.874E-03  9.190E-03  8.530E-03  7.894E-03  7.284E-03  6.707E-03  6.125E-03  5.475E-03  4.918E-03  4.440E-03  4.032E-03  3.680E-03  3.177E-03  2.866E-03  2.470E-03  2.169E-03  1.895E-03  1.618E-03  1.380E-03  1.172E-03  9.901E-04  8.319E-04  6.960E-04  5.813E-04  4.735E-04  3.878E-04  3.205E-04  2.556E-04  2.055E-04  1.660E-04  1.309E-04  1.029E-04  8.032E-05  6.215E-05  4.754E-05  3.595E-05  2.689E-05  1.935E-05  1.392E-05  9.738E-06  6.645E-06  4.309E-06  2.664E-06  1.435E-06  6.066E-07  1.682E-07  1.822E-08  7.160E-10  7.294E-12  5.587E-15  4.229E-19
  342.5000  1.981E-02  1.886E-02  1.793E-02  1.701E-02  1.611E-02  1.522E-02  1.435E-02  1.350E-02  1.267E-02  1.187E-02  1.108E-02  1.032E-02  9.577E-03  8.865E-03  8.183E-03  7.537E-03  6.885E-03  6.156E-03  5.530E-03  4.994E-03  4.536E-03  4.142E-03  3.575E-03  3.226E-03  2.780E-03  2.442E-03  2.133E-03  1.822E-03  1.554E-03  1.319E-03  1.114E-03  9.359E-04  7.829E-04  6.536E-04  5.322E-04  4.358E-04  3.600E-04  2.870E-04  2.307E-04  1.862E-04  1.468E-04  1.154E-04  9.009E-05  6.972E-05  5.335E-05  4.036E-05  3.020E-05  2.174E-05  1.565E-05  1.096E-05  7.491E-06  4.871E-06  3.026E-06  1.644E-06  7.041E-07  1.989E-07  2.209E-08  8.952E-10  9.537E-12  7.867E-15  6.589E-19
  343.5000  2.023E-02  1.925E-02  1.828E-02  1.734E-02  1.641E-02  1.550E-02  1.461E-02  1.374E-02  1.289E-02  1.206E-02  1.125E-02  1.047E-02  9.713E-03  8.985E-03  8.288E-03  7.628E-03  6.964E-03  6.222E-03  5.586E-03  5.041E-03  4.576E-03  4.175E-03  3.602E-03  3.248E-03  2.798E-03  2.456E-03  2.144E-03  1.831E-03  1.561E-03  1.326E-03  1.119E-03  9.399E-04  7.861E-04  6.563E-04  5.345E-04  4.377E-04  3.617E-04  2.884E-04  2.318E-04  1.872E-04  1.476E-04  1.160E-04  9.055E-05  7.007E-05  5.360E-05  4.054E-05  3.032E-05  2.182E-05  1.570E-05  1.098E-05  7.497E-06  4.862E-06  3.007E-06  1.624E-06  6.897E-07  1.939E-07  2.171E-08  9.071E-10  1.017E-11  9.150E-15  8.586E-19
  344.5000  1.391E-02  1.323E-02  1.256E-02  1.190E-02  1.126E-02  1.063E-02  1.001E-02  9.408E-03  8.819E-03  8.248E-03  7.691E-03  7.151E-03  6.630E-03  6.129E-03  5.649E-03  5.195E-03  4.739E-03  4.232E-03  3.797E-03  3.424E-03  3.105E-03  2.831E-03  2.441E-03  2.200E-03  1.894E-03  1.662E-03  1.450E-03  1.238E-03  1.055E-03  8.958E-04  7.562E-04  6.352E-04  5.313E-04  4.436E-04  3.613E-04  2.960E-04  2.446E-04  1.951E-04  1.569E-04  1.267E-04  9.991E-05  7.851E-05  6.129E-05  4.742E-05  3.626E-05  2.741E-05  2.050E-05  1.474E-05  1.060E-05  7.410E-06  5.048E-06  3.264E-06  2.009E-06  1.077E-06  4.525E-07  1.262E-07  1.421E-08  6.119E-10  7.223E-12  7.088E-15  7.452E-19
  345.5000  2.007E-02  1.911E-02  1.817E-02  1.725E-02  1.634E-02  1.544E-02  1.457E-02  1.371E-02  1.287E-02  1.206E-02  1.126E-02  1.049E-02  9.743E-03  9.022E-03  8.331E-03  7.675E-03  7.014E-03  6.272E-03  5.636E-03  5.091E-03  4.625E-03  4.225E-03  3.647E-03  3.292E-03  2.837E-03  2.492E-03  2.177E-03  1.858E-03  1.585E-03  1.345E-03  1.135E-03  9.533E-04  7.969E-04  6.650E-04  5.409E-04  4.426E-04  3.654E-04  2.910E-04  2.337E-04  1.886E-04  1.486E-04  1.168E-04  9.116E-05  7.057E-05  5.403E-05  4.090E-05  3.064E-05  2.208E-05  1.591E-05  1.117E-05  7.657E-06  5.005E-06  3.137E-06  1.730E-06  7.608E-07  2.236E-07  2.643E-08  1.170E-09  1.426E-11  1.472E-14  1.670E-18
  346.5000  1.821E-02  1.733E-02  1.646E-02  1.561E-02  1.477E-02  1.395E-02  1.315E-02  1.236E-02  1.160E-02  1.085E-02  1.013E-02  9.421E-03  8.739E-03  8.083E-03  7.455E-03  6.860E-03  6.262E-03  5.594E-03  5.021E-03  4.530E-03  4.111E-03  3.750E-03  3.234E-03  2.916E-03  2.511E-03  2.203E-03  1.923E-03  1.641E-03  1.399E-03  1.187E-03  1.002E-03  8.412E-04  7.033E-04  5.869E-04  4.777E-04  3.910E-04  3.229E-04  2.573E-04  2.068E-04  1.669E-04  1.316E-04  1.034E-04  8.071E-05  6.246E-05  4.779E-05  3.616E-05  2.706E-05  1.949E-05  1.403E-05  9.829E-06  6.718E-06  4.368E-06  2.714E-06  1.478E-06  6.378E-07  1.845E-07  2.180E-08  9.943E-10  1.277E-11  1.442E-14  1.836E-18
  347.5000  1.787E-02  1.701E-02  1.616E-02  1.532E-02  1.450E-02  1.370E-02  1.291E-02  1.214E-02  1.139E-02  1.066E-02  9.945E-03  9.254E-03  8.585E-03  7.942E-03  7.325E-03  6.741E-03  6.153E-03  5.498E-03  4.935E-03  4.452E-03  4.040E-03  3.685E-03  3.178E-03  2.866E-03  2.467E-03  2.165E-03  1.890E-03  1.613E-03  1.374E-03  1.166E-03  9.841E-04  8.260E-04  6.904E-04  5.760E-04  4.687E-04  3.835E-04  3.167E-04  2.523E-04  2.027E-04  1.636E-04  1.289E-04  1.013E-04  7.907E-05  6.120E-05  4.683E-05  3.544E-05  2.653E-05  1.911E-05  1.376E-05  9.649E-06  6.601E-06  4.299E-06  2.679E-06  1.465E-06  6.377E-07  1.868E-07  2.252E-08  1.057E-09  1.417E-11  1.718E-14  2.410E-18
  348.5000  1.987E-02  1.892E-02  1.798E-02  1.706E-02  1.615E-02  1.526E-02  1.439E-02  1.353E-02  1.270E-02  1.189E-02  1.110E-02  1.033E-02  9.586E-03  8.870E-03  8.185E-03  7.535E-03  6.880E-03  6.149E-03  5.520E-03  4.982E-03  4.523E-03  4.127E-03  3.560E-03  3.211E-03  2.765E-03  2.426E-03  2.118E-03  1.807E-03  1.540E-03  1.307E-03  1.103E-03  9.252E-04  7.731E-04  6.449E-04  5.245E-04  4.290E-04  3.541E-04  2.819E-04  2.264E-04  1.827E-04  1.440E-04  1.131E-04  8.828E-05  6.834E-05  5.231E-05  3.960E-05  2.966E-05  2.138E-05  1.541E-05  1.081E-05  7.409E-06  4.839E-06  3.031E-06  1.672E-06  7.378E-07  2.202E-07  2.719E-08  1.312E-09  1.832E-11  2.374E-14  3.648E-18
  349.5000  1.664E-02  1.584E-02  1.505E-02  1.428E-02  1.352E-02  1.277E-02  1.204E-02  1.133E-02  1.063E-02  9.948E-03  9.286E-03  8.642E-03  8.020E-03  7.421E-03  6.847E-03  6.302E-03  5.754E-03  5.142E-03  4.616E-03  4.165E-03  3.780E-03  3.449E-03  2.974E-03  2.682E-03  2.309E-03  2.027E-03  1.769E-03  1.509E-03  1.286E-03  1.091E-03  9.200E-04  7.719E-04  6.449E-04  5.378E-04  4.373E-04  3.576E-04  2.952E-04  2.350E-04  1.887E-04  1.522E-04  1.199E-04  9.420E-05  7.353E-05  5.692E-05  4.357E-05  3.299E-05  2.471E-05  1.781E-05  1.284E-05  9.014E-06  6.177E-06  4.037E-06  2.531E-06  1.399E-06  6.201E-07  1.866E-07  2.342E-08  1.162E-09  1.694E-11  2.358E-14  3.989E-18
  350.5000  2.338E-02  2.225E-02  2.115E-02  2.006E-02  1.900E-02  1.795E-02  1.692E-02  1.592E-02  1.494E-02  1.398E-02  1.305E-02  1.215E-02  1.127E-02  1.043E-02  9.625E-03  8.860E-03  8.090E-03  7.229E-03  6.489E-03  5.856E-03  5.315E-03  4.850E-03  4.182E-03  3.771E-03  3.246E-03  2.849E-03  2.486E-03  2.121E-03  1.807E-03  1.533E-03  1.292E-03  1.084E-03  9.056E-04  7.551E-04  6.138E-04  5.018E-04  4.141E-04  3.295E-04  2.646E-04  2.134E-04  1.681E-04  1.320E-04  1.031E-04  7.979E-05  6.108E-05  4.626E-05  3.466E-05  2.499E-05  1.802E-05  1.265E-05  8.679E-06  5.679E-06  3.569E-06  1.981E-06  8.841E-07  2.691E-07  3.441E-08  1.755E-09  2.666E-11  3.975E-14  7.376E-18
  351.5000  2.007E-02  1.911E-02  1.816E-02  1.722E-02  1.630E-02  1.540E-02  1.452E-02  1.366E-02  1.281E-02  1.199E-02  1.119E-02  1.042E-02  9.665E-03  8.941E-03  8.248E-03  7.590E-03  6.929E-03  6.190E-03  5.556E-03  5.012E-03  4.548E-03  4.149E-03  3.576E-03  3.224E-03  2.775E-03  2.435E-03  2.124E-03  1.812E-03  1.543E-03  1.309E-03  1.103E-03  9.255E-04  7.729E-04  6.443E-04  5.237E-04  4.281E-04  3.532E-04  2.811E-04  2.256E-04  1.819E-04  1.433E-04  1.126E-04  8.787E-05  6.802E-05  5.208E-05  3.944E-05  2.955E-05  2.131E-05  1.536E-05  1.079E-05  7.400E-06  4.842E-06  3.044E-06  1.690E-06  7.560E-07  2.314E-07  3.003E-08  1.573E-09  2.494E-11  3.992E-14  8.142E-18
  352.5000  1.818E-02  1.731E-02  1.645E-02  1.560E-02  1.477E-02  1.396E-02  1.316E-02  1.238E-02  1.161E-02  1.087E-02  1.015E-02  9.444E-03  8.764E-03  8.109E-03  7.481E-03  6.885E-03  6.286E-03  5.616E-03  5.040E-03  4.547E-03  4.126E-03  3.764E-03  3.245E-03  2.926E-03  2.518E-03  2.209E-03  1.927E-03  1.644E-03  1.400E-03  1.187E-03  1.001E-03  8.391E-04  7.006E-04  5.839E-04  4.744E-04  3.877E-04  3.198E-04  2.544E-04  2.042E-04  1.646E-04  1.297E-04  1.018E-04  7.948E-05  6.153E-05  4.711E-05  3.569E-05  2.675E-05  1.929E-05  1.391E-05  9.778E-06  6.711E-06  4.398E-06  2.772E-06  1.546E-06  6.968E-07  2.159E-07  2.854E-08  1.535E-09  2.533E-11  4.331E-14  9.661E-18
  353.5000  2.203E-02  2.097E-02  1.993E-02  1.891E-02  1.791E-02  1.692E-02  1.596E-02  1.501E-02  1.409E-02  1.319E-02  1.231E-02  1.146E-02  1.064E-02  9.845E-03  9.084E-03  8.362E-03  7.635E-03  6.822E-03  6.124E-03  5.526E-03  5.015E-03  4.575E-03  3.944E-03  3.556E-03  3.061E-03  2.685E-03  2.343E-03  1.998E-03  1.701E-03  1.442E-03  1.216E-03  1.019E-03  8.510E-04  7.090E-04  5.759E-04  4.705E-04  3.880E-04  3.085E-04  2.476E-04  1.995E-04  1.571E-04  1.234E-04  9.630E-05  7.456E-05  5.710E-05  4.326E-05  3.243E-05  2.340E-05  1.689E-05  1.188E-05  8.159E-06  5.356E-06  3.387E-06  1.899E-06  8.637E-07  2.712E-07  3.656E-08  2.019E-09  3.463E-11  6.313E-14  1.536E-17
  354.5000  2.397E-02  2.282E-02  2.170E-02  2.059E-02  1.950E-02  1.843E-02  1.738E-02  1.635E-02  1.535E-02  1.437E-02  1.342E-02  1.249E-02  1.160E-02  1.073E-02  9.903E-03  9.118E-03  8.326E-03  7.440E-03  6.679E-03  6.027E-03  5.470E-03  4.992E-03  4.303E-03  3.881E-03  3.340E-03  2.930E-03  2.556E-03  2.180E-03  1.856E-03  1.574E-03  1.326E-03  1.112E-03  9.277E-04  7.728E-04  6.275E-04  5.125E-04  4.226E-04  3.359E-04  2.694E-04  2.171E-04  1.709E-04  1.342E-04  1.047E-04  8.110E-05  6.212E-05  4.708E-05  3.530E-05  2.548E-05  1.839E-05  1.294E-05  8.900E-06  5.852E-06  3.711E-06  2.090E-06  9.588E-07  3.048E-07  4.188E-08  2.372E-09  4.229E-11  8.217E-14  2.179E-17
  355.5000  2.242E-02  2.135E-02  2.030E-02  1.926E-02  1.824E-02  1.724E-02  1.626E-02  1.530E-02  1.436E-02  1.344E-02  1.255E-02  1.169E-02  1.085E-02  1.004E-02  9.264E-03  8.529E-03  7.788E-03  6.960E-03  6.247E-03  5.637E-03  5.116E-03  4.668E-03  4.023E-03  3.628E-03  3.122E-03  2.739E-03  2.389E-03  2.037E-03  1.734E-03  1.470E-03  1.239E-03  1.038E-03  8.662E-04  7.214E-04  5.857E-04  4.782E-04  3.942E-04  3.133E-04  2.512E-04  2.024E-04  1.594E-04  1.251E-04  9.763E-05  7.560E-05  5.791E-05  4.389E-05  3.292E-05  2.376E-05  1.716E-05  1.208E-05  8.308E-06  5.467E-06  3.472E-06  1.961E-06  9.040E-07  2.900E-07  4.049E-08  2.353E-09  4.361E-11  9.041E-14  2.616E-17
  356.5000  2.082E-02  1.982E-02  1.884E-02  1.788E-02  1.693E-02  1.600E-02  1.509E-02  1.420E-02  1.333E-02  1.248E-02  1.165E-02  1.084E-02  1.007E-02  9.316E-03  8.596E-03  7.913E-03  7.226E-03  6.456E-03  5.795E-03  5.228E-03  4.744E-03  4.329E-03  3.730E-03  3.363E-03  2.894E-03  2.538E-03  2.214E-03  1.887E-03  1.606E-03  1.362E-03  1.147E-03  9.611E-04  8.018E-04  6.677E-04  5.419E-04  4.424E-04  3.646E-04  2.897E-04  2.323E-04  1.871E-04  1.473E-04  1.156E-04  9.023E-05  6.987E-05  5.352E-05  4.057E-05  3.043E-05  2.197E-05  1.587E-05  1.117E-05  7.688E-06  5.063E-06  3.219E-06  1.822E-06  8.437E-07  2.728E-07  3.869E-08  2.306E-09  4.442E-11  9.821E-14  3.097E-17
  357.5000  1.769E-02  1.685E-02  1.601E-02  1.520E-02  1.439E-02  1.360E-02  1.282E-02  1.207E-02  1.132E-02  1.060E-02  9.898E-03  9.214E-03  8.552E-03  7.913E-03  7.302E-03  6.721E-03  6.136E-03  5.482E-03  4.920E-03  4.438E-03  4.027E-03  3.674E-03  3.165E-03  2.854E-03  2.455E-03  2.153E-03  1.878E-03  1.600E-03  1.362E-03  1.154E-03  9.720E-04  8.143E-04  6.792E-04  5.655E-04  4.589E-04  3.745E-04  3.086E-04  2.452E-04  1.966E-04  1.583E-04  1.246E-04  9.780E-05  7.632E-05  5.910E-05  4.527E-05  3.432E-05  2.575E-05  1.859E-05  1.343E-05  9.458E-06  6.509E-06  4.289E-06  2.730E-06  1.548E-06  7.197E-07  2.345E-07  3.375E-08  2.062E-09  4.128E-11  9.725E-14  3.339E-17
  358.5000  1.370E-02  1.304E-02  1.240E-02  1.176E-02  1.114E-02  1.053E-02  9.930E-03  9.343E-03  8.769E-03  8.211E-03  7.666E-03  7.136E-03  6.624E-03  6.130E-03  5.656E-03  5.207E-03  4.754E-03  4.248E-03  3.812E-03  3.439E-03  3.120E-03  2.846E-03  2.452E-03  2.211E-03  1.902E-03  1.668E-03  1.454E-03  1.239E-03  1.055E-03  8.934E-04  7.525E-04  6.303E-04  5.256E-04  4.375E-04  3.549E-04  2.896E-04  2.386E-04  1.895E-04  1.519E-04  1.223E-04  9.625E-05  7.553E-05  5.894E-05  4.564E-05  3.497E-05  2.651E-05  1.989E-05  1.437E-05  1.038E-05  7.315E-06  5.037E-06  3.323E-06  2.119E-06  1.206E-06  5.641E-07  1.856E-07  2.717E-08  1.701E-09  3.533E-11  8.847E-14  3.299E-17
  359.5000  2.306E-02  2.196E-02  2.087E-02  1.981E-02  1.876E-02  1.773E-02  1.672E-02  1.573E-02  1.477E-02  1.383E-02  1.291E-02  1.202E-02  1.115E-02  1.032E-02  9.522E-03  8.765E-03  8.003E-03  7.150E-03  6.416E-03  5.787E-03  5.250E-03  4.789E-03  4.126E-03  3.719E-03  3.198E-03  2.805E-03  2.445E-03  2.084E-03  1.773E-03  1.502E-03  1.265E-03  1.059E-03  8.830E-04  7.348E-04  5.960E-04  4.862E-04  4.005E-04  3.180E-04  2.548E-04  2.052E-04  1.614E-04  1.267E-04  9.885E-05  7.654E-05  5.865E-05  4.447E-05  3.337E-05  2.411E-05  1.742E-05  1.228E-05  8.459E-06  5.583E-06  3.565E-06  2.033E-06  9.554E-07  3.169E-07  4.709E-08  3.020E-09  6.509E-11  1.733E-13  7.017E-17
  360.5000  2.139E-02  2.037E-02  1.937E-02  1.838E-02  1.740E-02  1.645E-02  1.551E-02  1.460E-02  1.370E-02  1.283E-02  1.197E-02  1.115E-02  1.035E-02  9.574E-03  8.833E-03  8.131E-03  7.423E-03  6.631E-03  5.951E-03  5.367E-03  4.869E-03  4.441E-03  3.825E-03  3.448E-03  2.965E-03  2.599E-03  2.266E-03  1.931E-03  1.643E-03  1.391E-03  1.171E-03  9.806E-04  8.174E-04  6.801E-04  5.515E-04  4.498E-04  3.705E-04  2.940E-04  2.356E-04  1.897E-04  1.492E-04  1.171E-04  9.135E-05  7.074E-05  5.420E-05  4.110E-05  3.085E-05  2.229E-05  1.611E-05  1.136E-05  7.828E-06  5.170E-06  3.306E-06  1.890E-06  8.921E-07  2.984E-07  4.501E-08  2.955E-09  6.606E-11  1.869E-13  8.202E-17
  361.5000  1.933E-02  1.841E-02  1.750E-02  1.661E-02  1.573E-02  1.487E-02  1.402E-02  1.319E-02  1.238E-02  1.159E-02  1.082E-02  1.008E-02  9.353E-03  8.655E-03  7.986E-03  7.351E-03  6.711E-03  5.995E-03  5.380E-03  4.852E-03  4.401E-03  4.014E-03  3.458E-03  3.116E-03  2.679E-03  2.349E-03  2.048E-03  1.745E-03  1.484E-03  1.257E-03  1.058E-03  8.855E-04  7.380E-04  6.139E-04  4.977E-04  4.058E-04  3.342E-04  2.652E-04  2.124E-04  1.710E-04  1.345E-04  1.055E-04  8.232E-05  6.374E-05  4.885E-05  3.705E-05  2.781E-05  2.010E-05  1.453E-05  1.025E-05  7.066E-06  4.672E-06  2.992E-06  1.715E-06  8.142E-07  2.748E-07  4.210E-08  2.830E-09  6.554E-11  1.966E-13  9.343E-17
  362.5000  2.274E-02  2.165E-02  2.058E-02  1.953E-02  1.850E-02  1.749E-02  1.649E-02  1.552E-02  1.456E-02  1.364E-02  1.273E-02  1.185E-02  1.100E-02  1.018E-02  9.394E-03  8.647E-03  7.894E-03  7.052E-03  6.327E-03  5.707E-03  5.176E-03  4.721E-03  4.066E-03  3.664E-03  3.150E-03  2.762E-03  2.407E-03  2.050E-03  1.744E-03  1.477E-03  1.243E-03  1.040E-03  8.667E-04  7.208E-04  5.842E-04  4.763E-04  3.921E-04  3.110E-04  2.491E-04  2.005E-04  1.577E-04  1.237E-04  9.649E-05  7.472E-05  5.726E-05  4.343E-05  3.261E-05  2.357E-05  1.705E-05  1.203E-05  8.295E-06  5.488E-06  3.520E-06  2.023E-06  9.650E-07  3.284E-07  5.108E-08  3.514E-09  8.430E-11  2.681E-13  1.378E-16
  363.5000  2.024E-02  1.928E-02  1.833E-02  1.739E-02  1.647E-02  1.557E-02  1.468E-02  1.382E-02  1.297E-02  1.214E-02  1.134E-02  1.055E-02  9.796E-03  9.065E-03  8.364E-03  7.698E-03  7.028E-03  6.278E-03  5.633E-03  5.080E-03  4.607E-03  4.202E-03  3.618E-03  3.260E-03  2.803E-03  2.457E-03  2.141E-03  1.824E-03  1.551E-03  1.313E-03  1.105E-03  9.244E-04  7.701E-04  6.403E-04  5.189E-04  4.229E-04  3.481E-04  2.761E-04  2.211E-04  1.779E-04  1.399E-04  1.097E-04  8.559E-05  6.627E-05  5.079E-05  3.853E-05  2.893E-05  2.092E-05  1.513E-05  1.068E-05  7.367E-06  4.878E-06  3.133E-06  1.805E-06  8.645E-07  2.965E-07  4.679E-08  3.293E-09  8.181E-11  2.757E-13  1.531E-16
  364.5000  2.209E-02  2.103E-02  1.999E-02  1.898E-02  1.797E-02  1.699E-02  1.602E-02  1.507E-02  1.415E-02  1.325E-02  1.237E-02  1.151E-02  1.068E-02  9.887E-03  9.121E-03  8.395E-03  7.663E-03  6.845E-03  6.141E-03  5.537E-03  5.022E-03  4.579E-03  3.943E-03  3.552E-03  3.053E-03  2.676E-03  2.332E-03  1.986E-03  1.688E-03  1.429E-03  1.202E-03  1.006E-03  8.378E-04  6.965E-04  5.643E-04  4.598E-04  3.784E-04  3.000E-04  2.402E-04  1.933E-04  1.519E-04  1.192E-04  9.296E-05  7.198E-05  5.517E-05  4.185E-05  3.143E-05  2.273E-05  1.644E-05  1.161E-05  8.010E-06  5.307E-06  3.412E-06  1.969E-06  9.469E-07  3.271E-07  5.234E-08  3.767E-09  9.688E-11  3.458E-13  2.073E-16
  365.5000  2.691E-02  2.562E-02  2.436E-02  2.311E-02  2.189E-02  2.069E-02  1.951E-02  1.836E-02  1.723E-02  1.613E-02  1.506E-02  1.402E-02  1.301E-02  1.204E-02  1.111E-02  1.022E-02  9.328E-03  8.332E-03  7.474E-03  6.739E-03  6.110E-03  5.571E-03  4.796E-03  4.320E-03  3.713E-03  3.254E-03  2.835E-03  2.414E-03  2.052E-03  1.736E-03  1.460E-03  1.222E-03  1.017E-03  8.456E-04  6.850E-04  5.580E-04  4.591E-04  3.640E-04  2.914E-04  2.344E-04  1.842E-04  1.445E-04  1.127E-04  8.727E-05  6.689E-05  5.075E-05  3.812E-05  2.757E-05  1.994E-05  1.408E-05  9.720E-06  6.443E-06  4.146E-06  2.397E-06  1.157E-06  4.023E-07  6.524E-08  4.802E-09  1.278E-10  4.827E-13  3.122E-16
  366.5000  2.851E-02  2.715E-02  2.581E-02  2.450E-02  2.320E-02  2.193E-02  2.068E-02  1.946E-02  1.826E-02  1.710E-02  1.596E-02  1.486E-02  1.379E-02  1.276E-02  1.177E-02  1.083E-02  9.888E-03  8.831E-03  7.922E-03  7.142E-03  6.476E-03  5.904E-03  5.082E-03  4.578E-03  3.933E-03  3.447E-03  3.003E-03  2.556E-03  2.172E-03  1.839E-03  1.546E-03  1.293E-03  1.077E-03  8.946E-04  7.245E-04  5.901E-04  4.854E-04  3.847E-04  3.079E-04  2.476E-04  1.946E-04  1.526E-04  1.190E-04  9.217E-05  7.065E-05  5.361E-05  4.027E-05  2.913E-05  2.108E-05  1.489E-05  1.028E-05  6.819E-06  4.394E-06  2.546E-06  1.234E-06  4.326E-07  7.116E-08  5.354E-09  1.473E-10  5.880E-13  4.096E-16
  367.5000  2.711E-02  2.582E-02  2.455E-02  2.330E-02  2.206E-02  2.085E-02  1.967E-02  1.850E-02  1.737E-02  1.626E-02  1.518E-02  1.413E-02  1.312E-02  1.214E-02  1.119E-02  1.030E-02  9.403E-03  8.398E-03  7.533E-03  6.791E-03  6.157E-03  5.613E-03  4.831E-03  4.352E-03  3.739E-03  3.276E-03  2.853E-03  2.429E-03  2.064E-03  1.745E-03  1.468E-03  1.228E-03  1.022E-03  8.491E-04  6.874E-04  5.598E-04  4.604E-04  3.648E-04  2.919E-04  2.347E-04  1.844E-04  1.446E-04  1.128E-04  8.734E-05  6.695E-05  5.080E-05  3.817E-05  2.762E-05  1.999E-05  1.412E-05  9.755E-06  6.475E-06  4.178E-06  2.427E-06  1.182E-06  4.174E-07  6.962E-08  5.352E-09  1.522E-10  6.414E-13  4.806E-16
  368.5000  2.383E-02  2.269E-02  2.157E-02  2.047E-02  1.939E-02  1.833E-02  1.729E-02  1.626E-02  1.526E-02  1.429E-02  1.334E-02  1.242E-02  1.153E-02  1.066E-02  9.837E-03  9.052E-03  8.262E-03  7.379E-03  6.618E-03  5.966E-03  5.408E-03  4.930E-03  4.243E-03  3.821E-03  3.282E-03  2.875E-03  2.504E-03  2.131E-03  1.811E-03  1.531E-03  1.288E-03  1.077E-03  8.961E-04  7.443E-04  6.025E-04  4.905E-04  4.033E-04  3.195E-04  2.556E-04  2.055E-04  1.615E-04  1.266E-04  9.872E-05  7.644E-05  5.860E-05  4.447E-05  3.342E-05  2.418E-05  1.750E-05  1.237E-05  8.548E-06  5.677E-06  3.667E-06  2.134E-06  1.043E-06  3.710E-07  6.272E-08  4.925E-09  1.447E-10  6.438E-13  5.186E-16
  369.5000  2.860E-02  2.724E-02  2.589E-02  2.457E-02  2.327E-02  2.200E-02  2.075E-02  1.952E-02  1.832E-02  1.715E-02  1.601E-02  1.491E-02  1.383E-02  1.280E-02  1.181E-02  1.086E-02  9.914E-03  8.854E-03  7.940E-03  7.157E-03  6.487E-03  5.913E-03  5.088E-03  4.582E-03  3.935E-03  3.447E-03  3.002E-03  2.554E-03  2.170E-03  1.837E-03  1.543E-03  1.290E-03  1.073E-03  8.912E-04  7.212E-04  5.870E-04  4.826E-04  3.822E-04  3.058E-04  2.457E-04  1.931E-04  1.513E-04  1.180E-04  9.138E-05  7.005E-05  5.317E-05  3.996E-05  2.892E-05  2.094E-05  1.480E-05  1.023E-05  6.798E-06  4.395E-06  2.563E-06  1.257E-06  4.503E-07  7.714E-08  6.187E-09  1.877E-10  8.809E-13  7.621E-16
  370.5000  2.596E-02  2.472E-02  2.350E-02  2.231E-02  2.113E-02  1.997E-02  1.883E-02  1.772E-02  1.663E-02  1.557E-02  1.453E-02  1.353E-02  1.255E-02  1.161E-02  1.071E-02  9.858E-03  8.996E-03  8.034E-03  7.204E-03  6.493E-03  5.885E-03  5.363E-03  4.614E-03  4.155E-03  3.568E-03  3.125E-03  2.721E-03  2.315E-03  1.966E-03  1.664E-03  1.398E-03  1.168E-03  9.718E-04  8.069E-04  6.528E-04  5.312E-04  4.366E-04  3.458E-04  2.765E-04  2.222E-04  1.745E-04  1.368E-04  1.067E-04  8.260E-05  6.332E-05  4.807E-05  3.613E-05  2.615E-05  1.893E-05  1.339E-05  9.256E-06  6.154E-06  3.983E-06  2.327E-06  1.146E-06  4.132E-07  7.170E-08  5.872E-09  1.839E-10  9.096E-13  8.443E-16
  371.5000  2.973E-02  2.831E-02  2.691E-02  2.554E-02  2.419E-02  2.286E-02  2.156E-02  2.029E-02  1.904E-02  1.783E-02  1.664E-02  1.549E-02  1.437E-02  1.330E-02  1.227E-02  1.129E-02  1.030E-02  9.197E-03  8.247E-03  7.432E-03  6.735E-03  6.138E-03  5.280E-03  4.754E-03  4.082E-03  3.575E-03  3.112E-03  2.647E-03  2.248E-03  1.902E-03  1.598E-03  1.335E-03  1.110E-03  9.216E-04  7.455E-04  6.065E-04  4.984E-04  3.946E-04  3.155E-04  2.535E-04  1.991E-04  1.560E-04  1.217E-04  9.420E-05  7.221E-05  5.482E-05  4.121E-05  2.984E-05  2.161E-05  1.528E-05  1.057E-05  7.030E-06  4.555E-06  2.666E-06  1.318E-06  4.784E-07  8.411E-08  7.030E-09  2.272E-10  1.183E-12  1.177E-15
  372.5000  2.197E-02  2.093E-02  1.989E-02  1.888E-02  1.788E-02  1.690E-02  1.594E-02  1.500E-02  1.408E-02  1.318E-02  1.230E-02  1.145E-02  1.063E-02  9.830E-03  9.066E-03  8.341E-03  7.612E-03  6.797E-03  6.095E-03  5.492E-03  4.977E-03  4.535E-03  3.901E-03  3.511E-03  3.015E-03  2.640E-03  2.298E-03  1.954E-03  1.660E-03  1.403E-03  1.179E-03  9.847E-04  8.189E-04  6.797E-04  5.497E-04  4.471E-04  3.673E-04  2.907E-04  2.324E-04  1.867E-04  1.466E-04  1.149E-04  8.957E-05  6.935E-05  5.317E-05  4.037E-05  3.035E-05  2.198E-05  1.592E-05  1.126E-05  7.789E-06  5.185E-06  3.363E-06  1.972E-06  9.782E-07  3.576E-07  6.368E-08  5.431E-09  1.810E-10  9.923E-13  1.057E-15
  373.5000  1.987E-02  1.892E-02  1.799E-02  1.707E-02  1.617E-02  1.528E-02  1.441E-02  1.356E-02  1.272E-02  1.191E-02  1.112E-02  1.035E-02  9.605E-03  8.885E-03  8.195E-03  7.539E-03  6.879E-03  6.142E-03  5.507E-03  4.962E-03  4.496E-03  4.096E-03  3.523E-03  3.171E-03  2.722E-03  2.383E-03  2.074E-03  1.764E-03  1.498E-03  1.266E-03  1.063E-03  8.882E-04  7.385E-04  6.128E-04  4.955E-04  4.029E-04  3.310E-04  2.619E-04  2.093E-04  1.681E-04  1.320E-04  1.034E-04  8.063E-05  6.243E-05  4.786E-05  3.634E-05  2.732E-05  1.979E-05  1.433E-05  1.014E-05  7.019E-06  4.674E-06  3.035E-06  1.782E-06  8.871E-07  3.264E-07  5.884E-08  5.120E-09  1.759E-10  1.014E-12  1.156E-15
  374.5000  2.181E-02  2.077E-02  1.975E-02  1.874E-02  1.775E-02  1.678E-02  1.582E-02  1.489E-02  1.397E-02  1.308E-02  1.221E-02  1.136E-02  1.054E-02  9.753E-03  8.995E-03  8.275E-03  7.550E-03  6.741E-03  6.044E-03  5.445E-03  4.933E-03  4.494E-03  3.864E-03  3.478E-03  2.985E-03  2.613E-03  2.274E-03  1.933E-03  1.641E-03  1.388E-03  1.165E-03  9.729E-04  8.087E-04  6.710E-04  5.424E-04  4.409E-04  3.622E-04  2.865E-04  2.290E-04  1.839E-04  1.443E-04  1.131E-04  8.815E-05  6.825E-05  5.232E-05  3.973E-05  2.987E-05  2.164E-05  1.568E-05  1.110E-05  7.680E-06  5.117E-06  3.325E-06  1.956E-06  9.770E-07  3.617E-07  6.601E-08  5.859E-09  2.075E-10  1.258E-12  1.532E-15
  375.5000  2.463E-02  2.346E-02  2.230E-02  2.116E-02  2.004E-02  1.894E-02  1.786E-02  1.681E-02  1.577E-02  1.477E-02  1.379E-02  1.283E-02  1.190E-02  1.101E-02  1.016E-02  9.342E-03  8.524E-03  7.610E-03  6.823E-03  6.146E-03  5.568E-03  5.072E-03  4.361E-03  3.924E-03  3.368E-03  2.948E-03  2.565E-03  2.180E-03  1.851E-03  1.564E-03  1.313E-03  1.096E-03  9.112E-04  7.558E-04  6.108E-04  4.965E-04  4.077E-04  3.224E-04  2.576E-04  2.069E-04  1.623E-04  1.272E-04  9.914E-05  7.675E-05  5.885E-05  4.469E-05  3.360E-05  2.435E-05  1.764E-05  1.249E-05  8.646E-06  5.764E-06  3.749E-06  2.209E-06  1.108E-06  4.127E-07  7.625E-08  6.900E-09  2.517E-10  1.602E-12  2.085E-15
  376.5000  2.461E-02  2.344E-02  2.228E-02  2.115E-02  2.003E-02  1.893E-02  1.785E-02  1.680E-02  1.576E-02  1.476E-02  1.378E-02  1.282E-02  1.190E-02  1.100E-02  1.015E-02  9.334E-03  8.516E-03  7.603E-03  6.816E-03  6.139E-03  5.561E-03  5.065E-03  4.355E-03  3.918E-03  3.362E-03  2.943E-03  2.560E-03  2.176E-03  1.847E-03  1.560E-03  1.310E-03  1.093E-03  9.084E-04  7.534E-04  6.087E-04  4.947E-04  4.061E-04  3.211E-04  2.565E-04  2.059E-04  1.616E-04  1.266E-04  9.866E-05  7.638E-05  5.856E-05  4.447E-05  3.345E-05  2.424E-05  1.757E-05  1.244E-05  8.614E-06  5.745E-06  3.741E-06  2.208E-06  1.111E-06  4.165E-07  7.790E-08  7.186E-09  2.700E-10  1.803E-12  2.503E-15
  377.5000  2.932E-02  2.793E-02  2.655E-02  2.520E-02  2.386E-02  2.256E-02  2.127E-02  2.001E-02  1.878E-02  1.758E-02  1.641E-02  1.528E-02  1.417E-02  1.311E-02  1.209E-02  1.112E-02  1.015E-02  9.057E-03  8.119E-03  7.312E-03  6.623E-03  6.031E-03  5.185E-03  4.665E-03  4.002E-03  3.502E-03  3.046E-03  2.589E-03  2.197E-03  1.855E-03  1.557E-03  1.300E-03  1.080E-03  8.954E-04  7.233E-04  5.877E-04  4.824E-04  3.813E-04  3.046E-04  2.445E-04  1.918E-04  1.502E-04  1.171E-04  9.063E-05  6.949E-05  5.278E-05  3.970E-05  2.877E-05  2.085E-05  1.477E-05  1.023E-05  6.828E-06  4.450E-06  2.631E-06  1.328E-06  5.010E-07  9.483E-08  8.915E-09  3.447E-10  2.416E-12  3.574E-15
  378.5000  3.198E-02  3.045E-02  2.895E-02  2.748E-02  2.602E-02  2.459E-02  2.319E-02  2.182E-02  2.048E-02  1.917E-02  1.790E-02  1.666E-02  1.545E-02  1.429E-02  1.318E-02  1.212E-02  1.106E-02  9.873E-03  8.849E-03  7.969E-03  7.217E-03  6.572E-03  5.649E-03  5.082E-03  4.359E-03  3.814E-03  3.317E-03  2.819E-03  2.392E-03  2.019E-03  1.695E-03  1.414E-03  1.175E-03  9.738E-04  7.865E-04  6.388E-04  5.243E-04  4.144E-04  3.309E-04  2.655E-04  2.083E-04  1.631E-04  1.271E-04  9.840E-05  7.545E-05  5.731E-05  4.311E-05  3.125E-05  2.265E-05  1.605E-05  1.112E-05  7.424E-06  4.842E-06  2.868E-06  1.452E-06  5.512E-07  1.055E-07  1.011E-08  4.023E-10  2.955E-12  4.657E-15
  379.5000  2.367E-02  2.254E-02  2.143E-02  2.034E-02  1.926E-02  1.820E-02  1.717E-02  1.615E-02  1.516E-02  1.419E-02  1.324E-02  1.233E-02  1.144E-02  1.058E-02  9.753E-03  8.970E-03  8.183E-03  7.304E-03  6.547E-03  5.895E-03  5.338E-03  4.861E-03  4.178E-03  3.757E-03  3.223E-03  2.819E-03  2.452E-03  2.083E-03  1.767E-03  1.492E-03  1.252E-03  1.044E-03  8.673E-04  7.188E-04  5.804E-04  4.713E-04  3.867E-04  3.056E-04  2.440E-04  1.957E-04  1.535E-04  1.202E-04  9.368E-05  7.252E-05  5.560E-05  4.224E-05  3.178E-05  2.304E-05  1.670E-05  1.183E-05  8.201E-06  5.478E-06  3.576E-06  2.121E-06  1.077E-06  4.114E-07  7.969E-08  7.776E-09  3.183E-10  2.449E-12  4.108E-15
  380.5000  2.848E-02  2.712E-02  2.578E-02  2.447E-02  2.318E-02  2.190E-02  2.066E-02  1.943E-02  1.824E-02  1.707E-02  1.594E-02  1.483E-02  1.376E-02  1.273E-02  1.173E-02  1.079E-02  9.844E-03  8.788E-03  7.875E-03  7.091E-03  6.421E-03  5.845E-03  5.023E-03  4.518E-03  3.874E-03  3.389E-03  2.946E-03  2.503E-03  2.123E-03  1.792E-03  1.503E-03  1.254E-03  1.041E-03  8.628E-04  6.965E-04  5.655E-04  4.639E-04  3.665E-04  2.925E-04  2.347E-04  1.840E-04  1.441E-04  1.123E-04  8.690E-05  6.663E-05  5.061E-05  3.808E-05  2.761E-05  2.002E-05  1.419E-05  9.837E-06  6.574E-06  4.295E-06  2.552E-06  1.300E-06  4.994E-07  9.786E-08  9.725E-09  4.092E-10  3.297E-12  5.881E-15
  381.5000  2.678E-02  2.550E-02  2.424E-02  2.301E-02  2.179E-02  2.059E-02  1.942E-02  1.827E-02  1.715E-02  1.605E-02  1.498E-02  1.394E-02  1.294E-02  1.196E-02  1.103E-02  1.015E-02  9.254E-03  8.260E-03  7.402E-03  6.664E-03  6.034E-03  5.493E-03  4.720E-03  4.244E-03  3.639E-03  3.183E-03  2.767E-03  2.350E-03  1.993E-03  1.681E-03  1.411E-03  1.177E-03  9.767E-04  8.092E-04  6.531E-04  5.301E-04  4.348E-04  3.434E-04  2.741E-04  2.198E-04  1.723E-04  1.349E-04  1.051E-04  8.136E-05  6.239E-05  4.739E-05  3.566E-05  2.586E-05  1.876E-05  1.330E-05  9.219E-06  6.164E-06  4.031E-06  2.398E-06  1.226E-06  4.736E-07  9.386E-08  9.497E-09  4.108E-10  3.463E-12  6.561E-15
  382.5000  1.785E-02  1.700E-02  1.616E-02  1.534E-02  1.453E-02  1.373E-02  1.295E-02  1.218E-02  1.143E-02  1.070E-02  9.989E-03  9.296E-03  8.624E-03  7.976E-03  7.353E-03  6.762E-03  6.168E-03  5.505E-03  4.933E-03  4.441E-03  4.021E-03  3.660E-03  3.144E-03  2.827E-03  2.424E-03  2.119E-03  1.842E-03  1.564E-03  1.326E-03  1.119E-03  9.387E-04  7.827E-04  6.496E-04  5.381E-04  4.342E-04  3.523E-04  2.889E-04  2.281E-04  1.820E-04  1.460E-04  1.144E-04  8.956E-05  6.978E-05  5.401E-05  4.142E-05  3.146E-05  2.368E-05  1.717E-05  1.246E-05  8.832E-06  6.126E-06  4.097E-06  2.682E-06  1.598E-06  8.193E-07  3.184E-07  6.380E-08  6.571E-09  2.920E-10  2.574E-12  5.178E-15
  383.5000  1.568E-02  1.493E-02  1.420E-02  1.348E-02  1.276E-02  1.206E-02  1.138E-02  1.070E-02  1.004E-02  9.402E-03  8.775E-03  8.166E-03  7.575E-03  7.006E-03  6.459E-03  5.940E-03  5.417E-03  4.835E-03  4.332E-03  3.900E-03  3.530E-03  3.213E-03  2.760E-03  2.481E-03  2.127E-03  1.860E-03  1.616E-03  1.372E-03  1.163E-03  9.813E-04  8.230E-04  6.861E-04  5.693E-04  4.715E-04  3.804E-04  3.086E-04  2.530E-04  1.997E-04  1.593E-04  1.277E-04  1.001E-04  7.835E-05  6.104E-05  4.725E-05  3.623E-05  2.753E-05  2.072E-05  1.503E-05  1.090E-05  7.731E-06  5.363E-06  3.589E-06  2.351E-06  1.403E-06  7.215E-07  2.819E-07  5.712E-08  5.987E-09  2.733E-10  2.518E-12  5.372E-15
  384.5000  2.355E-02  2.242E-02  2.132E-02  2.023E-02  1.916E-02  1.811E-02  1.708E-02  1.607E-02  1.508E-02  1.412E-02  1.318E-02  1.226E-02  1.137E-02  1.052E-02  9.697E-03  8.917E-03  8.132E-03  7.258E-03  6.503E-03  5.853E-03  5.298E-03  4.821E-03  4.141E-03  3.723E-03  3.191E-03  2.789E-03  2.424E-03  2.058E-03  1.744E-03  1.471E-03  1.233E-03  1.028E-03  8.529E-04  7.061E-04  5.695E-04  4.620E-04  3.787E-04  2.989E-04  2.384E-04  1.911E-04  1.497E-04  1.172E-04  9.127E-05  7.064E-05  5.417E-05  4.116E-05  3.098E-05  2.248E-05  1.631E-05  1.157E-05  8.026E-06  5.373E-06  3.523E-06  2.105E-06  1.086E-06  4.266E-07  8.739E-08  9.320E-09  4.368E-10  4.203E-12  9.506E-15
  385.5000  2.331E-02  2.220E-02  2.110E-02  2.003E-02  1.897E-02  1.793E-02  1.691E-02  1.591E-02  1.493E-02  1.397E-02  1.304E-02  1.214E-02  1.126E-02  1.041E-02  9.598E-03  8.825E-03  8.049E-03  7.183E-03  6.436E-03  5.792E-03  5.242E-03  4.770E-03  4.097E-03  3.682E-03  3.155E-03  2.758E-03  2.396E-03  2.034E-03  1.724E-03  1.453E-03  1.219E-03  1.015E-03  8.423E-04  6.972E-04  5.622E-04  4.559E-04  3.736E-04  2.948E-04  2.351E-04  1.884E-04  1.476E-04  1.155E-04  8.997E-05  6.963E-05  5.339E-05  4.057E-05  3.054E-05  2.216E-05  1.608E-05  1.141E-05  7.918E-06  5.304E-06  3.480E-06  2.082E-06  1.077E-06  4.256E-07  8.812E-08  9.561E-09  4.599E-10  4.620E-12  1.107E-14
  386.5000  2.377E-02  2.264E-02  2.152E-02  2.043E-02  1.935E-02  1.828E-02  1.724E-02  1.622E-02  1.522E-02  1.425E-02  1.330E-02  1.238E-02  1.148E-02  1.062E-02  9.787E-03  8.999E-03  8.207E-03  7.324E-03  6.561E-03  5.905E-03  5.343E-03  4.861E-03  4.175E-03  3.752E-03  3.215E-03  2.810E-03  2.441E-03  2.071E-03  1.755E-03  1.479E-03  1.240E-03  1.033E-03  8.570E-04  7.092E-04  5.718E-04  4.636E-04  3.798E-04  2.997E-04  2.389E-04  1.914E-04  1.500E-04  1.173E-04  9.137E-05  7.071E-05  5.422E-05  4.120E-05  3.102E-05  2.251E-05  1.634E-05  1.159E-05  8.048E-06  5.393E-06  3.541E-06  2.122E-06  1.101E-06  4.373E-07  9.151E-08  1.010E-08  4.984E-10  5.224E-12  1.324E-14
  387.5000  2.210E-02  2.105E-02  2.001E-02  1.899E-02  1.799E-02  1.700E-02  1.603E-02  1.508E-02  1.415E-02  1.325E-02  1.237E-02  1.151E-02  1.067E-02  9.870E-03  9.099E-03  8.366E-03  7.629E-03  6.808E-03  6.099E-03  5.488E-03  4.966E-03  4.517E-03  3.879E-03  3.485E-03  2.986E-03  2.609E-03  2.266E-03  1.923E-03  1.629E-03  1.373E-03  1.151E-03  9.588E-04  7.949E-04  6.578E-04  5.302E-04  4.297E-04  3.520E-04  2.776E-04  2.213E-04  1.773E-04  1.389E-04  1.086E-04  8.459E-05  6.546E-05  5.020E-05  3.815E-05  2.872E-05  2.085E-05  1.513E-05  1.074E-05  7.457E-06  4.999E-06  3.285E-06  1.971E-06  1.026E-06  4.096E-07  8.660E-08  9.718E-09  4.920E-10  5.376E-12  1.441E-14
  388.5000  2.216E-02  2.111E-02  2.007E-02  1.904E-02  1.804E-02  1.705E-02  1.608E-02  1.512E-02  1.419E-02  1.329E-02  1.240E-02  1.154E-02  1.070E-02  9.897E-03  9.123E-03  8.387E-03  7.648E-03  6.825E-03  6.114E-03  5.501E-03  4.977E-03  4.527E-03  3.887E-03  3.492E-03  2.991E-03  2.614E-03  2.270E-03  1.926E-03  1.631E-03  1.375E-03  1.152E-03  9.593E-04  7.952E-04  6.579E-04  5.302E-04  4.296E-04  3.518E-04  2.774E-04  2.211E-04  1.771E-04  1.387E-04  1.085E-04  8.447E-05  6.536E-05  5.012E-05  3.809E-05  2.868E-05  2.082E-05  1.511E-05  1.073E-05  7.451E-06  4.997E-06  3.286E-06  1.975E-06  1.030E-06  4.136E-07  8.836E-08  1.008E-08  5.233E-10  5.959E-12  1.688E-14
  389.5000  2.796E-02  2.663E-02  2.532E-02  2.403E-02  2.276E-02  2.151E-02  2.028E-02  1.908E-02  1.791E-02  1.676E-02  1.564E-02  1.456E-02  1.350E-02  1.249E-02  1.151E-02  1.058E-02  9.647E-03  8.609E-03  7.711E-03  6.938E-03  6.276E-03  5.708E-03  4.900E-03  4.402E-03  3.770E-03  3.294E-03  2.860E-03  2.426E-03  2.055E-03  1.732E-03  1.450E-03  1.208E-03  1.001E-03  8.279E-04  6.670E-04  5.404E-04  4.425E-04  3.488E-04  2.780E-04  2.226E-04  1.743E-04  1.363E-04  1.061E-04  8.211E-05  6.297E-05  4.785E-05  3.604E-05  2.616E-05  1.900E-05  1.349E-05  9.369E-06  6.286E-06  4.136E-06  2.489E-06  1.302E-06  5.254E-07  1.134E-07  1.315E-08  6.998E-10  8.301E-12  2.483E-14
  390.5000  2.748E-02  2.617E-02  2.488E-02  2.361E-02  2.236E-02  2.114E-02  1.993E-02  1.875E-02  1.760E-02  1.647E-02  1.537E-02  1.431E-02  1.327E-02  1.227E-02  1.131E-02  1.040E-02  9.479E-03  8.459E-03  7.576E-03  6.816E-03  6.165E-03  5.607E-03  4.813E-03  4.323E-03  3.702E-03  3.234E-03  2.807E-03  2.381E-03  2.016E-03  1.699E-03  1.423E-03  1.184E-03  9.815E-04  8.116E-04  6.537E-04  5.295E-04  4.335E-04  3.417E-04  2.722E-04  2.179E-04  1.706E-04  1.334E-04  1.038E-04  8.035E-05  6.162E-05  4.683E-05  3.527E-05  2.561E-05  1.860E-05  1.321E-05  9.175E-06  6.158E-06  4.056E-06  2.444E-06  1.282E-06  5.199E-07  1.134E-07  1.336E-08  7.284E-10  8.996E-12  2.839E-14
  391.5000  3.262E-02  3.106E-02  2.953E-02  2.803E-02  2.655E-02  2.509E-02  2.366E-02  2.226E-02  2.089E-02  1.955E-02  1.825E-02  1.698E-02  1.575E-02  1.456E-02  1.342E-02  1.234E-02  1.125E-02  1.004E-02  8.991E-03  8.088E-03  7.315E-03  6.652E-03  5.709E-03  5.127E-03  4.390E-03  3.834E-03  3.328E-03  2.822E-03  2.389E-03  2.013E-03  1.686E-03  1.403E-03  1.162E-03  9.609E-04  7.739E-04  6.267E-04  5.129E-04  4.042E-04  3.219E-04  2.577E-04  2.017E-04  1.577E-04  1.228E-04  9.497E-05  7.283E-05  5.535E-05  4.169E-05  3.028E-05  2.199E-05  1.562E-05  1.085E-05  7.288E-06  4.803E-06  2.898E-06  1.524E-06  6.213E-07  1.368E-07  1.638E-08  9.150E-10  1.176E-11  3.914E-14
  392.5000  2.447E-02  2.331E-02  2.216E-02  2.103E-02  1.992E-02  1.883E-02  1.775E-02  1.670E-02  1.567E-02  1.467E-02  1.369E-02  1.274E-02  1.182E-02  1.093E-02  1.007E-02  9.256E-03  8.439E-03  7.530E-03  6.744E-03  6.066E-03  5.486E-03  4.988E-03  4.281E-03  3.844E-03  3.291E-03  2.874E-03  2.494E-03  2.114E-03  1.790E-03  1.508E-03  1.262E-03  1.050E-03  8.700E-04  7.191E-04  5.790E-04  4.688E-04  3.836E-04  3.022E-04  2.407E-04  1.926E-04  1.507E-04  1.178E-04  9.171E-05  7.095E-05  5.441E-05  4.135E-05  3.115E-05  2.263E-05  1.643E-05  1.168E-05  8.115E-06  5.451E-06  3.595E-06  2.172E-06  1.145E-06  4.692E-07  1.043E-07  1.269E-08  7.260E-10  9.702E-12  3.403E-14
  393.5000  1.064E-02  1.014E-02  9.637E-03  9.147E-03  8.663E-03  8.188E-03  7.722E-03  7.265E-03  6.817E-03  6.381E-03  5.955E-03  5.541E-03  5.139E-03  4.752E-03  4.379E-03  4.026E-03  3.670E-03  3.275E-03  2.932E-03  2.637E-03  2.385E-03  2.168E-03  1.861E-03  1.670E-03  1.430E-03  1.249E-03  1.083E-03  9.184E-04  7.772E-04  6.547E-04  5.479E-04  4.559E-04  3.775E-04  3.120E-04  2.511E-04  2.033E-04  1.663E-04  1.310E-04  1.043E-04  8.345E-05  6.530E-05  5.103E-05  3.972E-05  3.073E-05  2.356E-05  1.791E-05  1.349E-05  9.802E-06  7.120E-06  5.059E-06  3.517E-06  2.363E-06  1.560E-06  9.434E-07  4.987E-07  2.053E-07  4.611E-08  5.695E-09  3.336E-10  4.634E-12  1.712E-14
  394.5000  2.506E-02  2.386E-02  2.269E-02  2.153E-02  2.040E-02  1.928E-02  1.818E-02  1.710E-02  1.605E-02  1.502E-02  1.402E-02  1.304E-02  1.210E-02  1.119E-02  1.031E-02  9.475E-03  8.638E-03  7.707E-03  6.901E-03  6.207E-03  5.612E-03  5.101E-03  4.377E-03  3.929E-03  3.363E-03  2.936E-03  2.547E-03  2.159E-03  1.827E-03  1.539E-03  1.287E-03  1.071E-03  8.867E-04  7.326E-04  5.896E-04  4.771E-04  3.902E-04  3.073E-04  2.446E-04  1.957E-04  1.531E-04  1.196E-04  9.310E-05  7.202E-05  5.523E-05  4.198E-05  3.163E-05  2.298E-05  1.669E-05  1.187E-05  8.250E-06  5.546E-06  3.662E-06  2.218E-06  1.175E-06  4.862E-07  1.102E-07  1.383E-08  8.289E-10  1.196E-11  4.651E-14
  395.5000  3.225E-02  3.072E-02  2.920E-02  2.772E-02  2.625E-02  2.481E-02  2.340E-02  2.201E-02  2.066E-02  1.934E-02  1.805E-02  1.679E-02  1.557E-02  1.440E-02  1.327E-02  1.219E-02  1.112E-02  9.919E-03  8.881E-03  7.986E-03  7.221E-03  6.563E-03  5.630E-03  5.054E-03  4.325E-03  3.775E-03  3.275E-03  2.775E-03  2.348E-03  1.977E-03  1.654E-03  1.376E-03  1.139E-03  9.406E-04  7.568E-04  6.123E-04  5.007E-04  3.942E-04  3.137E-04  2.509E-04  1.963E-04  1.533E-04  1.193E-04  9.231E-05  7.078E-05  5.381E-05  4.054E-05  2.946E-05  2.140E-05  1.522E-05  1.058E-05  7.116E-06  4.702E-06  2.851E-06  1.515E-06  6.296E-07  1.441E-07  1.835E-08  1.126E-09  1.687E-11  6.897E-14
  396.5000  1.895E-02  1.805E-02  1.716E-02  1.628E-02  1.542E-02  1.458E-02  1.375E-02  1.293E-02  1.214E-02  1.136E-02  1.060E-02  9.864E-03  9.148E-03  8.457E-03  7.794E-03  7.164E-03  6.530E-03  5.826E-03  5.216E-03  4.691E-03  4.240E-03  3.854E-03  3.306E-03  2.967E-03  2.539E-03  2.216E-03  1.922E-03  1.628E-03  1.377E-03  1.160E-03  9.699E-04  8.065E-04  6.674E-04  5.512E-04  4.434E-04  3.587E-04  2.932E-04  2.308E-04  1.837E-04  1.469E-04  1.149E-04  8.972E-05  6.981E-05  5.400E-05  4.140E-05  3.148E-05  2.372E-05  1.724E-05  1.253E-05  8.906E-06  6.194E-06  4.167E-06  2.756E-06  1.673E-06  8.910E-07  3.721E-07  8.596E-08  1.111E-08  6.972E-10  1.085E-11  4.660E-14
  397.5000  2.187E-02  2.083E-02  1.981E-02  1.880E-02  1.781E-02  1.683E-02  1.587E-02  1.493E-02  1.401E-02  1.312E-02  1.224E-02  1.139E-02  1.056E-02  9.764E-03  8.998E-03  8.270E-03  7.539E-03  6.726E-03  6.021E-03  5.414E-03  4.894E-03  4.447E-03  3.815E-03  3.423E-03  2.929E-03  2.556E-03  2.216E-03  1.877E-03  1.588E-03  1.337E-03  1.118E-03  9.293E-04  7.689E-04  6.349E-04  5.106E-04  4.129E-04  3.375E-04  2.656E-04  2.113E-04  1.689E-04  1.321E-04  1.032E-04  8.026E-05  6.208E-05  4.760E-05  3.619E-05  2.727E-05  1.982E-05  1.440E-05  1.024E-05  7.127E-06  4.796E-06  3.174E-06  1.929E-06  1.030E-06  4.321E-07  1.008E-07  1.322E-08  8.483E-10  1.369E-11  6.178E-14
  398.5000  3.761E-02  3.582E-02  3.405E-02  3.232E-02  3.061E-02  2.894E-02  2.729E-02  2.567E-02  2.409E-02  2.255E-02  2.104E-02  1.958E-02  1.816E-02  1.679E-02  1.547E-02  1.422E-02  1.296E-02  1.156E-02  1.035E-02  9.305E-03  8.411E-03  7.642E-03  6.554E-03  5.881E-03  5.031E-03  4.389E-03  3.805E-03  3.223E-03  2.725E-03  2.294E-03  1.918E-03  1.594E-03  1.319E-03  1.089E-03  8.755E-04  7.078E-04  5.784E-04  4.550E-04  3.619E-04  2.893E-04  2.262E-04  1.766E-04  1.374E-04  1.063E-04  8.148E-05  6.195E-05  4.669E-05  3.394E-05  2.467E-05  1.755E-05  1.221E-05  8.220E-06  5.442E-06  3.312E-06  1.773E-06  7.471E-07  1.758E-07  2.340E-08  1.536E-09  2.570E-11  1.217E-13
  399.5000  3.913E-02  3.727E-02  3.544E-02  3.363E-02  3.186E-02  3.011E-02  2.840E-02  2.671E-02  2.507E-02  2.347E-02  2.190E-02  2.037E-02  1.889E-02  1.747E-02  1.610E-02  1.479E-02  1.348E-02  1.203E-02  1.077E-02  9.680E-03  8.749E-03  7.948E-03  6.816E-03  6.115E-03  5.230E-03  4.563E-03  3.955E-03  3.349E-03  2.832E-03  2.383E-03  1.992E-03  1.656E-03  1.369E-03  1.130E-03  9.085E-04  7.343E-04  6.000E-04  4.719E-04  3.753E-04  2.999E-04  2.344E-04  1.830E-04  1.424E-04  1.101E-04  8.443E-05  6.419E-05  4.838E-05  3.517E-05  2.557E-05  1.819E-05  1.266E-05  8.525E-06  5.648E-06  3.441E-06  1.846E-06  7.816E-07  1.856E-07  2.507E-08  1.681E-09  2.916E-11  1.449E-13
------------------------------------------------------------
Dose rates,W m-2
   1 = UV index (WMO, 1994; Webb et al., 2011)           
   2 = Previtamin-D3 (CIE 2006)                          
values at z =      0.025 km
Columns: time,sza,weighting spectra
time,hrs.  sza,deg.          1          2
   18.0000     86.994  5.343E-02  7.394E-04
   18.0167     87.182  5.062E-02  7.000E-04
   18.0333     87.371  4.789E-02  6.620E-04
   18.0500     87.560  4.524E-02  6.257E-04
   18.0667     87.750  4.266E-02  5.907E-04
   18.0833     87.939  4.015E-02  5.570E-04
   18.1000     88.129  3.772E-02  5.247E-04
   18.1167     88.319  3.537E-02  4.936E-04
   18.1333     88.510  3.310E-02  4.638E-04
   18.1500     88.700  3.091E-02  4.353E-04
   18.1667     88.890  2.879E-02  4.078E-04
   18.1833     89.081  2.675E-02  3.815E-04
   18.2000     89.273  2.480E-02  3.564E-04
   18.2167     89.464  2.293E-02  3.324E-04
   18.2333     89.656  2.115E-02  3.095E-04
   18.2500     89.847  1.947E-02  2.880E-04
   18.2667     90.039  1.780E-02  2.664E-04
   18.2833     90.231  1.595E-02  2.422E-04
   18.3000     90.423  1.437E-02  2.214E-04
   18.3167     90.616  1.300E-02  2.034E-04
   18.3333     90.808  1.184E-02  1.879E-04
   18.3500     91.001  1.083E-02  1.744E-04
   18.3667     91.194  9.411E-03  1.547E-04
   18.3833     91.388  8.525E-03  1.425E-04
   18.4000     91.581  7.402E-03  1.264E-04
   18.4167     91.775  6.543E-03  1.138E-04
   18.4333     91.969  5.760E-03  1.022E-04
   18.4500     92.163  4.966E-03  9.006E-05
   18.4667     92.357  4.278E-03  7.920E-05
   18.4833     92.551  3.671E-03  6.938E-05
   18.5000     92.746  3.133E-03  6.040E-05
   18.5167     92.940  2.661E-03  5.227E-05
   18.5333     93.135  2.250E-03  4.495E-05
   18.5500     93.331  1.897E-03  3.849E-05
   18.5667     93.526  1.559E-03  3.200E-05
   18.5833     93.722  1.287E-03  2.671E-05
   18.6000     93.917  1.065E-03  2.215E-05
   18.6167     94.113  8.554E-04  1.792E-05
   18.6333     94.309  6.874E-04  1.436E-05
   18.6500     94.505  5.544E-04  1.155E-05
   18.6667     94.701  4.346E-04  8.963E-06
   18.6833     94.898  3.384E-04  6.876E-06
   18.7000     95.095  2.608E-04  5.193E-06
   18.7167     95.291  1.985E-04  3.842E-06
   18.7333     95.488  1.483E-04  2.746E-06
   18.7500     95.686  1.086E-04  1.871E-06
   18.7667     95.883  7.746E-05  1.179E-06
   18.7833     96.080  5.181E-05  6.237E-07
   18.8000     96.278  3.445E-05  3.011E-07
   18.8167     96.476  2.200E-05  1.191E-07
   18.8333     96.674  1.383E-05  4.314E-08
   18.8500     96.872  8.356E-06  1.430E-08
   18.8667     97.070  4.908E-06  4.542E-09
   18.8833     97.269  2.578E-06  1.212E-09
   18.9000     97.467  1.120E-06  2.452E-10
   18.9167     97.666  3.528E-07  3.523E-11
   18.9333     97.864  5.354E-08  2.102E-12
   18.9500     98.064  4.174E-09  4.987E-14
   18.9667     98.263  1.554E-10  2.570E-16
   18.9833     98.462  1.492E-12  6.492E-20
   19.0000     98.661  4.702E-15  1.077E-24
------------------------------------------------------------
