Spectral Irradiance,W m-2 nm-1
values at z =      0.025 km
Columns: wavelength (nm),times (hrs.) or sza (deg.)
    wc,nm     18.000     18.017     18.033     18.050     18.067     18.083     18.100     18.117     18.133     18.150     18.167     18.183     18.200     18.217     18.233     18.250     18.267     18.283     18.300     18.317     18.333     18.350     18.367     18.383     18.400     18.417     18.433     18.450     18.467     18.483     18.500     18.517     18.533     18.550     18.567     18.583     18.600     18.617     18.633     18.650     18.667     18.683     18.700     18.717     18.733     18.750     18.767     18.783     18.800     18.817     18.833     18.850     18.867     18.883     18.900     18.917     18.933     18.950     18.967     18.983     19.000
    sza =      88.318     88.505     88.691     88.878     89.065     89.252     89.439     89.627     89.815     90.003     90.191     90.380     90.569     90.758     90.947     91.136     91.326     91.515     91.706     91.896     92.086     92.277     92.468     92.659     92.850     93.041     93.233     93.425     93.617     93.809     94.001     94.194     94.387     94.580     94.773     94.966     95.160     95.353     95.547     95.741     95.936     96.130     96.325     96.519     96.714     96.909     97.105     97.300     97.495     97.691     97.887     98.083     98.280     98.476     98.673     98.869     99.066     99.263     99.461     99.658     99.855
  280.5000  5.095E-26  4.905E-26  4.714E-26  4.523E-26  4.330E-26  4.136E-26  3.943E-26  3.750E-26  3.560E-26  3.372E-26  3.116E-26  2.893E-26  2.697E-26  2.525E-26  2.372E-26  2.139E-26  1.980E-26  1.780E-26  1.636E-26  1.448E-26  1.286E-26  1.142E-26  1.016E-26  8.809E-27  7.587E-27  6.357E-27  5.314E-27  4.423E-27  3.648E-27  2.842E-27  2.202E-27  1.596E-27  1.130E-27  6.876E-28  3.622E-28  1.495E-28  3.928E-29  4.605E-30  1.074E-31  2.424E-34  7.758E-39  0.000E+00  0.000E+00  0.000E+00  0.000E+00  0.000E+00  0.000E+00  0.000E+00  0.000E+00  0.000E+00  0.000E+00  0.000E+00  0.000E+00  0.000E+00  0.000E+00  0.000E+00  0.000E+00  0.000E+00  0.000E+00  0.000E+00  0.000E+00
  281.5000  9.607E-24  9.250E-24  8.891E-24  8.531E-24  8.169E-24  7.806E-24  7.442E-24  7.080E-24  6.723E-24  6.370E-24  5.888E-24  5.468E-24  5.100E-24  4.775E-24  4.487E-24  4.047E-24  3.748E-24  3.371E-24  3.098E-24  2.740E-24  2.437E-24  2.166E-24  1.928E-24  1.671E-24  1.440E-24  1.207E-24  1.010E-24  8.417E-25  6.958E-25  5.448E-25  4.252E-25  3.119E-25  2.245E-25  1.407E-25  7.744E-26  3.421E-26  1.004E-26  1.415E-27  4.592E-29  1.770E-31  1.417E-35  4.218E-42  0.000E+00  0.000E+00  0.000E+00  0.000E+00  0.000E+00  0.000E+00  0.000E+00  0.000E+00  0.000E+00  0.000E+00  0.000E+00  0.000E+00  0.000E+00  0.000E+00  0.000E+00  0.000E+00  0.000E+00  0.000E+00  0.000E+00
  282.5000  5.929E-22  5.709E-22  5.488E-22  5.269E-22  5.044E-22  4.820E-22  4.597E-22  4.374E-22  4.154E-22  3.937E-22  3.640E-22  3.381E-22  3.154E-22  2.954E-22  2.777E-22  2.506E-22  2.321E-22  2.089E-22  1.920E-22  1.702E-22  1.511E-22  1.343E-22  1.196E-22  1.037E-22  8.939E-23  7.501E-23  6.280E-23  5.238E-23  4.338E-23  3.411E-23  2.678E-23  1.985E-23  1.448E-23  9.305E-24  5.321E-24  2.494E-24  8.071E-25  1.338E-25  5.820E-27  3.604E-29  6.460E-33  7.133E-39  0.000E+00  0.000E+00  0.000E+00  0.000E+00  0.000E+00  0.000E+00  0.000E+00  0.000E+00  0.000E+00  0.000E+00  0.000E+00  0.000E+00  0.000E+00  0.000E+00  0.000E+00  0.000E+00  0.000E+00  0.000E+00  0.000E+00
  283.5000  7.784E-21  7.496E-21  7.207E-21  6.915E-21  6.624E-21  6.331E-21  6.038E-21  5.746E-21  5.458E-21  5.174E-21  4.784E-21  4.445E-21  4.147E-21  3.885E-21  3.653E-21  3.297E-21  3.054E-21  2.749E-21  2.527E-21  2.241E-21  1.990E-21  1.770E-21  1.576E-21  1.367E-21  1.179E-21  9.894E-22  8.287E-22  6.918E-22  5.735E-22  4.522E-22  3.564E-22  2.658E-22  1.957E-22  1.278E-22  7.487E-23  3.647E-23  1.258E-23  2.320E-24  1.224E-25  1.036E-27  3.151E-31  8.182E-37  0.000E+00  0.000E+00  0.000E+00  0.000E+00  0.000E+00  0.000E+00  0.000E+00  0.000E+00  0.000E+00  0.000E+00  0.000E+00  0.000E+00  0.000E+00  0.000E+00  0.000E+00  0.000E+00  0.000E+00  0.000E+00  0.000E+00
  284.5000  5.216E-19  5.023E-19  4.830E-19  4.636E-19  4.441E-19  4.246E-19  4.050E-19  3.856E-19  3.663E-19  3.474E-19  3.214E-19  2.987E-19  2.788E-19  2.613E-19  2.458E-19  2.220E-19  2.057E-19  1.853E-19  1.704E-19  1.511E-19  1.343E-19  1.195E-19  1.065E-19  9.240E-20  7.972E-20  6.698E-20  5.615E-20  4.693E-20  3.899E-20  3.087E-20  2.449E-20  1.846E-20  1.380E-20  9.251E-21  5.648E-21  2.933E-21  1.124E-21  2.477E-22  1.802E-23  2.576E-25  1.924E-28  2.169E-33  9.174E-42  0.000E+00  0.000E+00  0.000E+00  0.000E+00  0.000E+00  0.000E+00  0.000E+00  0.000E+00  0.000E+00  0.000E+00  0.000E+00  0.000E+00  0.000E+00  0.000E+00  0.000E+00  0.000E+00  0.000E+00  0.000E+00
  285.5000  7.335E-18  7.065E-18  6.794E-18  6.522E-18  6.248E-18  5.974E-18  5.700E-18  5.427E-18  5.157E-18  4.892E-18  4.526E-18  4.208E-18  3.930E-18  3.684E-18  3.467E-18  3.132E-18  2.904E-18  2.617E-18  2.407E-18  2.136E-18  1.899E-18  1.691E-18  1.507E-18  1.308E-18  1.129E-18  9.496E-19  7.966E-19  6.663E-19  5.544E-19  4.405E-19  3.511E-19  2.667E-19  2.015E-19  1.378E-19  8.679E-20  4.734E-20  1.970E-20  4.987E-21  4.674E-22  1.009E-23  1.519E-26  5.298E-31  1.519E-38  0.000E+00  0.000E+00  0.000E+00  0.000E+00  0.000E+00  0.000E+00  0.000E+00  0.000E+00  0.000E+00  0.000E+00  0.000E+00  0.000E+00  0.000E+00  0.000E+00  0.000E+00  0.000E+00  0.000E+00  0.000E+00
  286.5000  2.525E-16  2.432E-16  2.339E-16  2.245E-16  2.151E-16  2.057E-16  1.963E-16  1.869E-16  1.776E-16  1.685E-16  1.560E-16  1.450E-16  1.355E-16  1.270E-16  1.196E-16  1.081E-16  1.002E-16  9.035E-17  8.316E-17  7.382E-17  6.567E-17  5.848E-17  5.214E-17  4.529E-17  3.911E-17  3.290E-17  2.762E-17  2.312E-17  1.926E-17  1.534E-17  1.227E-17  9.372E-18  7.138E-18  4.956E-18  3.195E-18  1.809E-18  8.017E-19  2.260E-19  2.578E-20  7.668E-22  1.987E-24  1.660E-28  2.083E-35  1.401E-45  0.000E+00  0.000E+00  0.000E+00  0.000E+00  0.000E+00  0.000E+00  0.000E+00  0.000E+00  0.000E+00  0.000E+00  0.000E+00  0.000E+00  0.000E+00  0.000E+00  0.000E+00  0.000E+00  0.000E+00
  287.5000  4.769E-15  4.593E-15  4.417E-15  4.241E-15  4.063E-15  3.886E-15  3.708E-15  3.532E-15  3.357E-15  3.186E-15  2.949E-15  2.743E-15  2.563E-15  2.405E-15  2.265E-15  2.047E-15  1.900E-15  1.713E-15  1.578E-15  1.400E-15  1.247E-15  1.111E-15  9.912E-16  8.613E-16  7.442E-16  6.265E-16  5.262E-16  4.409E-16  3.677E-16  2.936E-16  2.357E-16  1.812E-16  1.392E-16  9.816E-17  6.485E-17  3.820E-17  1.809E-17  5.719E-18  8.038E-19  3.371E-20  1.572E-22  3.385E-26  2.125E-32  1.387E-41  0.000E+00  0.000E+00  0.000E+00  0.000E+00  0.000E+00  0.000E+00  0.000E+00  0.000E+00  0.000E+00  0.000E+00  0.000E+00  0.000E+00  0.000E+00  0.000E+00  0.000E+00  0.000E+00  0.000E+00
  288.5000  8.810E-14  8.486E-14  8.160E-14  7.832E-14  7.507E-14  7.179E-14  6.852E-14  6.527E-14  6.206E-14  5.890E-14  5.454E-14  5.075E-14  4.743E-14  4.452E-14  4.194E-14  3.793E-14  3.522E-14  3.178E-14  2.928E-14  2.603E-14  2.318E-14  2.066E-14  1.844E-14  1.604E-14  1.387E-14  1.169E-14  9.823E-15  8.237E-15  6.880E-15  5.508E-15  4.439E-15  3.434E-15  2.662E-15  1.908E-15  1.294E-15  7.951E-16  4.046E-16  1.448E-16  2.559E-17  1.565E-18  1.392E-20  8.465E-24  3.094E-29  2.887E-37  0.000E+00  0.000E+00  0.000E+00  0.000E+00  0.000E+00  0.000E+00  0.000E+00  0.000E+00  0.000E+00  0.000E+00  0.000E+00  0.000E+00  0.000E+00  0.000E+00  0.000E+00  0.000E+00  0.000E+00
  289.5000  1.234E-12  1.188E-12  1.142E-12  1.097E-12  1.051E-12  1.005E-12  9.592E-13  9.138E-13  8.688E-13  8.247E-13  7.638E-13  7.108E-13  6.645E-13  6.239E-13  5.879E-13  5.320E-13  4.941E-13  4.461E-13  4.112E-13  3.656E-13  3.258E-13  2.906E-13  2.595E-13  2.258E-13  1.954E-13  1.647E-13  1.386E-13  1.163E-13  9.722E-14  7.799E-14  6.302E-14  4.897E-14  3.819E-14  2.770E-14  1.913E-14  1.212E-14  6.501E-15  2.551E-15  5.343E-16  4.329E-17  6.219E-19  8.101E-22  1.065E-26  6.742E-34  4.204E-45  0.000E+00  0.000E+00  0.000E+00  0.000E+00  0.000E+00  0.000E+00  0.000E+00  0.000E+00  0.000E+00  0.000E+00  0.000E+00  0.000E+00  0.000E+00  0.000E+00  0.000E+00  0.000E+00
  290.5000  1.088E-11  1.047E-11  1.007E-11  9.667E-12  9.262E-12  8.857E-12  8.453E-12  8.053E-12  7.657E-12  7.269E-12  6.733E-12  6.267E-12  5.860E-12  5.502E-12  5.187E-12  4.695E-12  4.362E-12  3.939E-12  3.633E-12  3.232E-12  2.882E-12  2.572E-12  2.298E-12  2.000E-12  1.731E-12  1.461E-12  1.230E-12  1.032E-12  8.641E-13  6.943E-13  5.623E-13  4.385E-13  3.436E-13  2.516E-13  1.764E-13  1.145E-13  6.410E-14  2.712E-14  6.532E-15  6.677E-16  1.429E-17  3.515E-20  1.349E-24  4.259E-31  3.674E-41  0.000E+00  0.000E+00  0.000E+00  0.000E+00  0.000E+00  0.000E+00  0.000E+00  0.000E+00  0.000E+00  0.000E+00  0.000E+00  0.000E+00  0.000E+00  0.000E+00  0.000E+00  0.000E+00
  291.5000  8.436E-11  8.121E-11  7.806E-11  7.492E-11  7.177E-11  6.863E-11  6.550E-11  6.239E-11  5.933E-11  5.632E-11  5.217E-11  4.857E-11  4.542E-11  4.266E-11  4.023E-11  3.643E-11  3.386E-11  3.059E-11  2.823E-11  2.513E-11  2.242E-11  2.002E-11  1.790E-11  1.559E-11  1.351E-11  1.141E-11  9.606E-12  8.073E-12  6.763E-12  5.444E-12  4.420E-12  3.460E-12  2.726E-12  2.015E-12  1.435E-12  9.567E-13  5.605E-13  2.572E-13  7.203E-14  9.487E-15  3.152E-16  1.569E-18  1.998E-22  3.833E-28  5.741E-37  0.000E+00  0.000E+00  0.000E+00  0.000E+00  0.000E+00  0.000E+00  0.000E+00  0.000E+00  0.000E+00  0.000E+00  0.000E+00  0.000E+00  0.000E+00  0.000E+00  0.000E+00  0.000E+00
  292.5000  4.244E-10  4.085E-10  3.926E-10  3.767E-10  3.608E-10  3.449E-10  3.291E-10  3.134E-10  2.980E-10  2.829E-10  2.621E-10  2.440E-10  2.282E-10  2.144E-10  2.022E-10  1.831E-10  1.703E-10  1.539E-10  1.421E-10  1.265E-10  1.129E-10  1.009E-10  9.029E-11  7.870E-11  6.821E-11  5.766E-11  4.859E-11  4.087E-11  3.427E-11  2.763E-11  2.247E-11  1.765E-11  1.396E-11  1.040E-11  7.506E-12  5.112E-12  3.111E-12  1.528E-12  4.867E-13  7.955E-14  3.837E-15  3.450E-17  1.188E-20  1.001E-25  1.534E-33  1.892E-43  0.000E+00  0.000E+00  0.000E+00  0.000E+00  0.000E+00  0.000E+00  0.000E+00  0.000E+00  0.000E+00  0.000E+00  0.000E+00  0.000E+00  0.000E+00  0.000E+00  0.000E+00
  293.5000  2.465E-09  2.372E-09  2.278E-09  2.185E-09  2.092E-09  2.000E-09  1.908E-09  1.817E-09  1.727E-09  1.639E-09  1.518E-09  1.414E-09  1.322E-09  1.242E-09  1.172E-09  1.062E-09  9.874E-10  8.929E-10  8.245E-10  7.347E-10  6.562E-10  5.869E-10  5.252E-10  4.581E-10  3.973E-10  3.361E-10  2.835E-10  2.386E-10  2.003E-10  1.617E-10  1.318E-10  1.038E-10  8.240E-11  6.183E-11  4.512E-11  3.132E-11  1.973E-11  1.031E-11  3.690E-12  7.353E-13  5.011E-14  7.821E-16  6.857E-19  2.330E-23  3.185E-30  6.503E-39  0.000E+00  0.000E+00  0.000E+00  0.000E+00  0.000E+00  0.000E+00  0.000E+00  0.000E+00  0.000E+00  0.000E+00  0.000E+00  0.000E+00  0.000E+00  0.000E+00  0.000E+00
  294.5000  8.149E-09  7.837E-09  7.526E-09  7.217E-09  6.908E-09  6.600E-09  6.294E-09  5.992E-09  5.695E-09  5.405E-09  5.006E-09  4.660E-09  4.359E-09  4.096E-09  3.863E-09  3.500E-09  3.256E-09  2.945E-09  2.720E-09  2.425E-09  2.167E-09  1.939E-09  1.736E-09  1.515E-09  1.315E-09  1.113E-09  9.396E-10  7.914E-10  6.648E-10  5.375E-10  4.386E-10  3.462E-10  2.757E-10  2.080E-10  1.532E-10  1.080E-10  6.991E-11  3.843E-11  1.515E-11  3.557E-12  3.223E-13  7.889E-15  1.473E-17  1.524E-21  1.177E-27  2.186E-35  0.000E+00  0.000E+00  0.000E+00  0.000E+00  0.000E+00  0.000E+00  0.000E+00  0.000E+00  0.000E+00  0.000E+00  0.000E+00  0.000E+00  0.000E+00  0.000E+00  0.000E+00
  295.5000  3.715E-08  3.571E-08  3.427E-08  3.285E-08  3.143E-08  3.001E-08  2.861E-08  2.723E-08  2.587E-08  2.454E-08  2.273E-08  2.115E-08  1.978E-08  1.858E-08  1.753E-08  1.588E-08  1.478E-08  1.337E-08  1.235E-08  1.102E-08  9.851E-09  8.820E-09  7.901E-09  6.901E-09  5.994E-09  5.079E-09  4.290E-09  3.616E-09  3.040E-09  2.461E-09  2.011E-09  1.591E-09  1.271E-09  9.645E-10  7.164E-10  5.126E-10  3.409E-10  1.970E-10  8.546E-11  2.366E-11  2.865E-12  1.113E-13  4.548E-16  1.503E-19  7.106E-25  1.335E-31  5.265E-41  0.000E+00  0.000E+00  0.000E+00  0.000E+00  0.000E+00  0.000E+00  0.000E+00  0.000E+00  0.000E+00  0.000E+00  0.000E+00  0.000E+00  0.000E+00  0.000E+00
  296.5000  1.074E-07  1.032E-07  9.900E-08  9.483E-08  9.067E-08  8.654E-08  8.246E-08  7.843E-08  7.449E-08  7.064E-08  6.539E-08  6.084E-08  5.688E-08  5.342E-08  5.039E-08  4.566E-08  4.248E-08  3.844E-08  3.552E-08  3.170E-08  2.834E-08  2.540E-08  2.276E-08  1.989E-08  1.729E-08  1.467E-08  1.240E-08  1.046E-08  8.800E-09  7.133E-09  5.837E-09  4.628E-09  3.706E-09  2.824E-09  2.113E-09  1.531E-09  1.041E-09  6.277E-10  2.957E-10  9.435E-11  1.467E-11  8.468E-13  6.771E-15  6.000E-18  1.302E-22  1.686E-28  9.893E-37  0.000E+00  0.000E+00  0.000E+00  0.000E+00  0.000E+00  0.000E+00  0.000E+00  0.000E+00  0.000E+00  0.000E+00  0.000E+00  0.000E+00  0.000E+00  0.000E+00
  297.5000  3.232E-07  3.103E-07  2.974E-07  2.847E-07  2.721E-07  2.595E-07  2.471E-07  2.349E-07  2.230E-07  2.113E-07  1.956E-07  1.819E-07  1.700E-07  1.596E-07  1.505E-07  1.364E-07  1.269E-07  1.148E-07  1.061E-07  9.470E-08  8.472E-08  7.594E-08  6.809E-08  5.955E-08  5.179E-08  4.397E-08  3.719E-08  3.140E-08  2.644E-08  2.146E-08  1.758E-08  1.397E-08  1.121E-08  8.573E-09  6.454E-09  4.723E-09  3.274E-09  2.045E-09  1.032E-09  3.719E-10  7.173E-11  5.835E-12  8.372E-14  1.755E-16  1.444E-20  1.012E-25  6.331E-33  6.908E-43  0.000E+00  0.000E+00  0.000E+00  0.000E+00  0.000E+00  0.000E+00  0.000E+00  0.000E+00  0.000E+00  0.000E+00  0.000E+00  0.000E+00  0.000E+00
  298.5000  5.692E-07  5.460E-07  5.230E-07  5.003E-07  4.777E-07  4.554E-07  4.333E-07  4.117E-07  3.905E-07  3.699E-07  3.421E-07  3.181E-07  2.971E-07  2.788E-07  2.628E-07  2.381E-07  2.215E-07  2.004E-07  1.852E-07  1.653E-07  1.480E-07  1.327E-07  1.190E-07  1.041E-07  9.063E-08  7.702E-08  6.519E-08  5.508E-08  4.642E-08  3.772E-08  3.094E-08  2.461E-08  1.978E-08  1.518E-08  1.149E-08  8.480E-09  5.971E-09  3.841E-09  2.057E-09  8.224E-10  1.909E-10  2.086E-11  4.946E-13  2.168E-15  5.543E-19  1.625E-23  7.475E-30  1.274E-38  0.000E+00  0.000E+00  0.000E+00  0.000E+00  0.000E+00  0.000E+00  0.000E+00  0.000E+00  0.000E+00  0.000E+00  0.000E+00  0.000E+00  0.000E+00
  299.5000  1.850E-06  1.773E-06  1.696E-06  1.622E-06  1.547E-06  1.473E-06  1.401E-06  1.330E-06  1.261E-06  1.193E-06  1.103E-06  1.025E-06  9.566E-07  8.973E-07  8.454E-07  7.657E-07  7.119E-07  6.442E-07  5.952E-07  5.314E-07  4.757E-07  4.267E-07  3.828E-07  3.351E-07  2.918E-07  2.483E-07  2.103E-07  1.778E-07  1.500E-07  1.220E-07  1.002E-07  7.982E-08  6.426E-08  4.947E-08  3.759E-08  2.795E-08  1.995E-08  1.317E-08  7.427E-09  3.256E-09  8.930E-10  1.275E-10  4.794E-12  4.153E-14  3.051E-17  3.426E-21  1.039E-26  2.404E-34  6.026E-44  0.000E+00  0.000E+00  0.000E+00  0.000E+00  0.000E+00  0.000E+00  0.000E+00  0.000E+00  0.000E+00  0.000E+00  0.000E+00  0.000E+00
  300.5000  2.341E-06  2.242E-06  2.144E-06  2.047E-06  1.951E-06  1.857E-06  1.764E-06  1.673E-06  1.585E-06  1.499E-06  1.385E-06  1.285E-06  1.199E-06  1.124E-06  1.059E-06  9.584E-07  8.907E-07  8.059E-07  7.443E-07  6.646E-07  5.950E-07  5.337E-07  4.789E-07  4.195E-07  3.655E-07  3.112E-07  2.638E-07  2.232E-07  1.884E-07  1.534E-07  1.261E-07  1.006E-07  8.110E-08  6.258E-08  4.772E-08  3.569E-08  2.575E-08  1.735E-08  1.020E-08  4.817E-09  1.512E-09  2.678E-10  1.462E-11  2.189E-13  3.710E-16  1.186E-19  1.530E-24  2.562E-31  7.703E-40  0.000E+00  0.000E+00  0.000E+00  0.000E+00  0.000E+00  0.000E+00  0.000E+00  0.000E+00  0.000E+00  0.000E+00  0.000E+00  0.000E+00
  301.5000  6.524E-06  6.239E-06  5.958E-06  5.682E-06  5.409E-06  5.142E-06  4.879E-06  4.622E-06  4.373E-06  4.132E-06  3.814E-06  3.537E-06  3.297E-06  3.088E-06  2.905E-06  2.629E-06  2.441E-06  2.208E-06  2.038E-06  1.820E-06  1.629E-06  1.461E-06  1.311E-06  1.149E-06  1.002E-06  8.538E-07  7.244E-07  6.135E-07  5.182E-07  4.226E-07  3.477E-07  2.778E-07  2.243E-07  1.735E-07  1.328E-07  9.991E-08  7.284E-08  5.009E-08  3.069E-08  1.564E-08  5.641E-09  1.251E-09  1.011E-10  2.708E-12  1.120E-14  1.097E-17  6.734E-22  9.723E-28  4.471E-35  1.703E-42  0.000E+00  0.000E+00  0.000E+00  0.000E+00  0.000E+00  0.000E+00  0.000E+00  0.000E+00  0.000E+00  0.000E+00  0.000E+00
  302.5000  1.026E-05  9.801E-06  9.348E-06  8.906E-06  8.470E-06  8.043E-06  7.624E-06  7.215E-06  6.820E-06  6.440E-06  5.938E-06  5.503E-06  5.125E-06  4.796E-06  4.509E-06  4.077E-06  3.784E-06  3.421E-06  3.157E-06  2.818E-06  2.523E-06  2.262E-06  2.030E-06  1.780E-06  1.552E-06  1.324E-06  1.124E-06  9.523E-07  8.049E-07  6.572E-07  5.410E-07  4.329E-07  3.498E-07  2.711E-07  2.080E-07  1.571E-07  1.153E-07  8.040E-08  5.065E-08  2.716E-08  1.076E-08  2.781E-09  2.933E-10  1.165E-11  8.740E-14  1.785E-16  3.016E-20  1.767E-25  4.743E-32  1.014E-38  6.166E-44  1.401E-45  1.401E-45  0.000E+00  0.000E+00  0.000E+00  0.000E+00  0.000E+00  0.000E+00  0.000E+00  0.000E+00
  303.5000  2.344E-05  2.235E-05  2.129E-05  2.025E-05  1.922E-05  1.823E-05  1.725E-05  1.630E-05  1.539E-05  1.451E-05  1.336E-05  1.237E-05  1.150E-05  1.075E-05  1.010E-05  9.122E-06  8.458E-06  7.641E-06  7.045E-06  6.286E-06  5.626E-06  5.043E-06  4.526E-06  3.969E-06  3.462E-06  2.955E-06  2.511E-06  2.130E-06  1.801E-06  1.473E-06  1.214E-06  9.726E-07  7.868E-07  6.111E-07  4.703E-07  3.568E-07  2.640E-07  1.868E-07  1.213E-07  6.887E-08  3.036E-08  9.331E-09  1.336E-09  8.356E-11  1.256E-12  6.119E-15  3.457E-18  1.071E-22  2.347E-28  3.934E-34  9.437E-39  1.879E-40  2.745E-42  1.401E-44  0.000E+00  0.000E+00  0.000E+00  0.000E+00  0.000E+00  0.000E+00  0.000E+00
  304.5000  3.063E-05  2.917E-05  2.775E-05  2.637E-05  2.501E-05  2.368E-05  2.239E-05  2.114E-05  1.993E-05  1.877E-05  1.727E-05  1.597E-05  1.484E-05  1.386E-05  1.301E-05  1.174E-05  1.088E-05  9.822E-06  9.051E-06  8.072E-06  7.223E-06  6.476E-06  5.808E-06  5.093E-06  4.444E-06  3.796E-06  3.227E-06  2.738E-06  2.317E-06  1.896E-06  1.564E-06  1.255E-06  1.016E-06  7.901E-07  6.091E-07  4.633E-07  3.444E-07  2.458E-07  1.626E-07  9.553E-08  4.489E-08  1.530E-08  2.629E-09  2.148E-10  4.855E-12  3.938E-14  4.497E-17  3.630E-21  2.613E-26  1.380E-31  7.153E-36  1.341E-37  1.548E-39  5.636E-42  1.401E-45  0.000E+00  0.000E+00  0.000E+00  0.000E+00  0.000E+00  0.000E+00
  305.5000  5.382E-05  5.115E-05  4.855E-05  4.603E-05  4.356E-05  4.117E-05  3.885E-05  3.660E-05  3.444E-05  3.237E-05  2.973E-05  2.745E-05  2.546E-05  2.374E-05  2.224E-05  2.005E-05  1.855E-05  1.673E-05  1.540E-05  1.372E-05  1.227E-05  1.099E-05  9.856E-06  8.642E-06  7.542E-06  6.446E-06  5.484E-06  4.657E-06  3.945E-06  3.233E-06  2.669E-06  2.145E-06  1.738E-06  1.355E-06  1.047E-06  7.996E-07  5.980E-07  4.318E-07  2.926E-07  1.798E-07  9.208E-08  3.618E-08  8.008E-09  9.549E-10  3.887E-11  6.702E-13  2.201E-15  7.527E-19  3.300E-23  1.018E-27  1.704E-31  2.861E-33  2.214E-35  3.786E-38  1.142E-42  0.000E+00  0.000E+00  0.000E+00  0.000E+00  0.000E+00  0.000E+00
  306.5000  6.401E-05  6.077E-05  5.762E-05  5.456E-05  5.159E-05  4.870E-05  4.589E-05  4.320E-05  4.060E-05  3.813E-05  3.499E-05  3.227E-05  2.991E-05  2.786E-05  2.607E-05  2.349E-05  2.172E-05  1.957E-05  1.800E-05  1.603E-05  1.433E-05  1.284E-05  1.151E-05  1.009E-05  8.803E-06  7.527E-06  6.405E-06  5.441E-06  4.612E-06  3.783E-06  3.124E-06  2.513E-06  2.038E-06  1.591E-06  1.231E-06  9.415E-07  7.061E-07  5.126E-07  3.513E-07  2.205E-07  1.175E-07  4.925E-08  1.222E-08  1.725E-09  9.068E-11  2.155E-12  1.103E-14  6.960E-18  6.545E-22  4.249E-26  1.178E-29  1.948E-31  1.339E-33  1.814E-36  4.672E-41  0.000E+00  0.000E+00  0.000E+00  0.000E+00  0.000E+00  0.000E+00
  307.5000  1.214E-04  1.150E-04  1.087E-04  1.027E-04  9.682E-05  9.115E-05  8.568E-05  8.043E-05  7.540E-05  7.062E-05  6.467E-05  5.950E-05  5.501E-05  5.112E-05  4.775E-05  4.294E-05  3.962E-05  3.565E-05  3.273E-05  2.912E-05  2.600E-05  2.327E-05  2.083E-05  1.826E-05  1.593E-05  1.363E-05  1.160E-05  9.862E-06  8.365E-06  6.872E-06  5.682E-06  4.578E-06  3.717E-06  2.907E-06  2.255E-06  1.730E-06  1.304E-06  9.547E-07  6.658E-07  4.323E-07  2.459E-07  1.151E-07  3.494E-08  6.678E-09  5.657E-10  2.488E-11  3.034E-13  6.334E-16  2.669E-19  7.563E-23  5.558E-26  8.520E-28  4.270E-30  3.143E-33  4.755E-38  0.000E+00  0.000E+00  0.000E+00  0.000E+00  0.000E+00  0.000E+00
  308.5000  1.525E-04  1.443E-04  1.362E-04  1.285E-04  1.210E-04  1.138E-04  1.068E-04  1.002E-04  9.379E-05  8.774E-05  8.027E-05  7.376E-05  6.813E-05  6.324E-05  5.900E-05  5.301E-05  4.886E-05  4.393E-05  4.031E-05  3.583E-05  3.197E-05  2.860E-05  2.559E-05  2.242E-05  1.956E-05  1.674E-05  1.425E-05  1.212E-05  1.028E-05  8.453E-06  6.993E-06  5.640E-06  4.582E-06  3.587E-06  2.786E-06  2.140E-06  1.616E-06  1.188E-06  8.352E-07  5.503E-07  3.220E-07  1.581E-07  5.218E-08  1.129E-08  1.155E-09  6.430E-11  1.086E-12  3.552E-15  2.610E-18  1.269E-21  1.345E-24  2.067E-26  9.703E-29  6.249E-32  8.843E-37  0.000E+00  0.000E+00  0.000E+00  0.000E+00  0.000E+00  0.000E+00
  309.5000  1.669E-04  1.574E-04  1.483E-04  1.395E-04  1.311E-04  1.229E-04  1.151E-04  1.077E-04  1.006E-04  9.383E-05  8.563E-05  7.851E-05  7.234E-05  6.699E-05  6.236E-05  5.591E-05  5.144E-05  4.617E-05  4.228E-05  3.753E-05  3.344E-05  2.988E-05  2.671E-05  2.338E-05  2.039E-05  1.745E-05  1.486E-05  1.264E-05  1.073E-05  8.832E-06  7.313E-06  5.906E-06  4.804E-06  3.767E-06  2.931E-06  2.257E-06  1.710E-06  1.264E-06  8.983E-07  6.046E-07  3.687E-07  1.942E-07  7.305E-08  1.927E-08  2.694E-09  2.245E-10  6.704E-12  4.832E-14  9.512E-17  1.216E-19  2.444E-22  3.637E-24  1.426E-26  6.440E-30  6.809E-35  0.000E+00  0.000E+00  0.000E+00  0.000E+00  0.000E+00  0.000E+00
  310.5000  2.708E-04  2.549E-04  2.396E-04  2.249E-04  2.108E-04  1.974E-04  1.844E-04  1.721E-04  1.604E-04  1.493E-04  1.361E-04  1.244E-04  1.144E-04  1.057E-04  9.820E-05  8.788E-05  8.069E-05  7.230E-05  6.610E-05  5.859E-05  5.215E-05  4.655E-05  4.154E-05  3.634E-05  3.168E-05  2.711E-05  2.308E-05  1.964E-05  1.668E-05  1.374E-05  1.139E-05  9.208E-06  7.495E-06  5.887E-06  4.588E-06  3.540E-06  2.689E-06  1.996E-06  1.430E-06  9.772E-07  6.143E-07  3.407E-07  1.410E-07  4.300E-08  7.530E-09  8.365E-10  3.736E-11  4.707E-13  1.851E-15  4.639E-18  1.459E-20  2.151E-22  7.603E-25  2.788E-28  2.548E-33  6.586E-44  0.000E+00  0.000E+00  0.000E+00  0.000E+00  0.000E+00
  311.5000  3.943E-04  3.705E-04  3.477E-04  3.259E-04  3.049E-04  2.848E-04  2.658E-04  2.476E-04  2.304E-04  2.141E-04  1.947E-04  1.779E-04  1.633E-04  1.506E-04  1.397E-04  1.249E-04  1.145E-04  1.024E-04  9.352E-05  8.280E-05  7.361E-05  6.565E-05  5.854E-05  5.118E-05  4.458E-05  3.814E-05  3.248E-05  2.763E-05  2.347E-05  1.935E-05  1.604E-05  1.298E-05  1.058E-05  8.316E-06  6.490E-06  5.013E-06  3.815E-06  2.839E-06  2.045E-06  1.411E-06  9.044E-07  5.185E-07  2.282E-07  7.641E-08  1.548E-08  2.071E-09  1.203E-10  2.189E-12  1.363E-14  5.372E-17  2.298E-19  3.430E-21  1.165E-23  3.881E-27  3.409E-32  1.052E-42  0.000E+00  0.000E+00  0.000E+00  0.000E+00  0.000E+00
  312.5000  4.990E-04  4.670E-04  4.367E-04  4.077E-04  3.801E-04  3.539E-04  3.289E-04  3.053E-04  2.830E-04  2.621E-04  2.378E-04  2.162E-04  1.977E-04  1.817E-04  1.679E-04  1.496E-04  1.367E-04  1.219E-04  1.109E-04  9.795E-05  8.687E-05  7.728E-05  6.872E-05  5.999E-05  5.218E-05  4.462E-05  3.797E-05  3.230E-05  2.743E-05  2.264E-05  1.879E-05  1.523E-05  1.242E-05  9.791E-06  7.658E-06  5.930E-06  4.527E-06  3.385E-06  2.459E-06  1.724E-06  1.140E-06  6.901E-07  3.373E-07  1.328E-07  3.482E-08  6.502E-09  6.048E-10  2.125E-11  2.986E-13  2.598E-15  1.867E-17  2.729E-19  8.065E-22  2.041E-25  1.442E-30  4.761E-41  0.000E+00  0.000E+00  0.000E+00  0.000E+00  0.000E+00
  313.5000  6.056E-04  5.663E-04  5.290E-04  4.936E-04  4.597E-04  4.276E-04  3.971E-04  3.683E-04  3.411E-04  3.156E-04  2.858E-04  2.599E-04  2.375E-04  2.181E-04  2.014E-04  1.792E-04  1.636E-04  1.458E-04  1.326E-04  1.169E-04  1.036E-04  9.213E-05  8.188E-05  7.144E-05  6.211E-05  5.309E-05  4.517E-05  3.842E-05  3.263E-05  2.695E-05  2.237E-05  1.815E-05  1.480E-05  1.168E-05  9.139E-06  7.084E-06  5.413E-06  4.054E-06  2.952E-06  2.080E-06  1.388E-06  8.543E-07  4.301E-07  1.770E-07  4.948E-08  9.983E-09  1.033E-09  4.217E-11  7.124E-13  7.414E-15  6.074E-17  9.166E-19  2.791E-21  7.344E-25  5.703E-30  2.386E-40  0.000E+00  0.000E+00  0.000E+00  0.000E+00  0.000E+00
  314.5000  8.016E-04  7.467E-04  6.944E-04  6.451E-04  5.983E-04  5.542E-04  5.124E-04  4.731E-04  4.364E-04  4.021E-04  3.626E-04  3.283E-04  2.987E-04  2.732E-04  2.511E-04  2.226E-04  2.023E-04  1.796E-04  1.627E-04  1.430E-04  1.263E-04  1.119E-04  9.780E-05  8.626E-05  7.483E-05  6.387E-05  5.427E-05  4.612E-05  3.915E-05  3.235E-05  2.687E-05  2.183E-05  1.783E-05  1.410E-05  1.106E-05  8.597E-06  6.591E-06  4.957E-06  3.634E-06  2.592E-06  1.771E-06  1.137E-06  6.218E-07  2.916E-07  1.007E-07  2.677E-08  4.113E-09  2.939E-10  9.957E-12  2.048E-13  2.622E-15  3.919E-17  1.071E-19  2.254E-23  1.475E-28  6.693E-39  0.000E+00  0.000E+00  0.000E+00  0.000E+00  0.000E+00
  315.5000  8.726E-04  8.122E-04  7.552E-04  7.012E-04  6.500E-04  6.017E-04  5.561E-04  5.132E-04  4.731E-04  4.357E-04  3.927E-04  3.554E-04  3.231E-04  2.954E-04  2.714E-04  2.404E-04  2.184E-04  1.937E-04  1.754E-04  1.540E-04  1.359E-04  1.204E-04  1.064E-04  9.270E-05  8.037E-05  6.858E-05  5.826E-05  4.950E-05  4.201E-05  3.472E-05  2.884E-05  2.345E-05  1.916E-05  1.516E-05  1.190E-05  9.256E-06  7.102E-06  5.348E-06  3.928E-06  2.811E-06  1.933E-06  1.254E-06  6.992E-07  3.372E-07  1.212E-07  3.372E-08  5.504E-09  4.289E-10  1.613E-11  3.665E-13  5.084E-15  7.883E-17  2.261E-19  5.129E-23  3.818E-28  2.224E-38  0.000E+00  0.000E+00  0.000E+00  0.000E+00  0.000E+00
  316.5000  1.144E-03  1.061E-03  9.833E-04  9.098E-04  8.404E-04  7.750E-04  7.135E-04  6.559E-04  6.022E-04  5.523E-04  4.958E-04  4.469E-04  4.046E-04  3.682E-04  3.370E-04  2.972E-04  2.688E-04  2.375E-04  2.141E-04  1.873E-04  1.646E-04  1.453E-04  1.282E-04  1.111E-04  9.602E-05  8.177E-05  6.931E-05  5.880E-05  4.985E-05  4.120E-05  3.422E-05  2.786E-05  2.278E-05  1.806E-05  1.422E-05  1.109E-05  8.534E-06  6.450E-06  4.764E-06  3.440E-06  2.406E-06  1.608E-06  9.523E-07  5.056E-07  2.127E-07  7.298E-08  1.613E-08  1.930E-09  1.232E-10  4.684E-12  9.123E-14  1.417E-15  3.800E-18  7.467E-22  5.046E-27  3.299E-37  0.000E+00  0.000E+00  0.000E+00  0.000E+00  0.000E+00
  317.5000  1.617E-03  1.501E-03  1.391E-03  1.287E-03  1.189E-03  1.096E-03  1.010E-03  9.284E-04  8.525E-04  7.821E-04  7.021E-04  6.329E-04  5.732E-04  5.218E-04  4.775E-04  4.212E-04  3.811E-04  3.367E-04  3.035E-04  2.655E-04  2.335E-04  2.060E-04  1.818E-04  1.576E-04  1.362E-04  1.160E-04  9.832E-05  8.340E-05  7.071E-05  5.845E-05  4.856E-05  3.953E-05  3.234E-05  2.564E-05  2.019E-05  1.575E-05  1.212E-05  9.167E-06  6.774E-06  4.897E-06  3.431E-06  2.301E-06  1.368E-06  7.305E-07  3.089E-07  1.062E-07  2.349E-08  2.814E-09  1.797E-10  6.838E-12  1.357E-13  2.205E-15  6.375E-18  1.416E-21  1.137E-26  9.678E-37  0.000E+00  0.000E+00  0.000E+00  0.000E+00  0.000E+00
  318.5000  1.720E-03  1.593E-03  1.473E-03  1.360E-03  1.253E-03  1.152E-03  1.057E-03  9.688E-04  8.864E-04  8.100E-04  7.243E-04  6.502E-04  5.863E-04  5.313E-04  4.849E-04  4.250E-04  3.827E-04  3.366E-04  3.020E-04  2.629E-04  2.301E-04  2.022E-04  1.775E-04  1.532E-04  1.320E-04  1.120E-04  9.467E-05  8.011E-05  6.779E-05  5.599E-05  4.649E-05  3.787E-05  3.100E-05  2.464E-05  1.945E-05  1.522E-05  1.176E-05  8.924E-06  6.629E-06  4.830E-06  3.434E-06  2.360E-06  1.477E-06  8.555E-07  4.147E-07  1.715E-07  4.973E-08  8.779E-09  9.048E-10  5.496E-11  1.485E-12  2.425E-14  6.628E-17  1.299E-20  9.621E-26  9.216E-36  0.000E+00  0.000E+00  0.000E+00  0.000E+00  0.000E+00
  319.5000  2.235E-03  2.071E-03  1.915E-03  1.768E-03  1.628E-03  1.497E-03  1.373E-03  1.258E-03  1.150E-03  1.051E-03  9.392E-04  8.425E-04  7.593E-04  6.877E-04  6.260E-04  5.493E-04  4.944E-04  4.344E-04  3.895E-04  3.388E-04  2.962E-04  2.601E-04  2.282E-04  1.968E-04  1.693E-04  1.436E-04  1.213E-04  1.026E-04  8.675E-05  7.164E-05  5.947E-05  4.846E-05  3.968E-05  3.155E-05  2.493E-05  1.952E-05  1.509E-05  1.147E-05  8.533E-06  6.231E-06  4.446E-06  3.076E-06  1.948E-06  1.150E-06  5.737E-07  2.458E-07  7.488E-08  1.420E-08  1.596E-09  1.055E-10  3.058E-12  5.175E-14  1.485E-16  3.135E-20  2.622E-25  3.158E-35  0.000E+00  0.000E+00  0.000E+00  0.000E+00  0.000E+00
  320.5000  2.938E-03  2.722E-03  2.516E-03  2.322E-03  2.138E-03  1.965E-03  1.802E-03  1.649E-03  1.507E-03  1.376E-03  1.228E-03  1.101E-03  9.910E-04  8.966E-04  8.156E-04  7.146E-04  6.423E-04  5.637E-04  5.047E-04  4.384E-04  3.829E-04  3.357E-04  2.941E-04  2.533E-04  2.177E-04  1.845E-04  1.556E-04  1.315E-04  1.111E-04  9.174E-05  7.613E-05  6.204E-05  5.080E-05  4.042E-05  3.195E-05  2.504E-05  1.939E-05  1.475E-05  1.099E-05  8.041E-06  5.758E-06  4.007E-06  2.567E-06  1.542E-06  7.935E-07  3.550E-07  1.154E-07  2.397E-08  3.016E-09  2.232E-10  7.066E-12  1.239E-13  3.706E-16  8.289E-20  7.649E-25  1.137E-34  0.000E+00  0.000E+00  0.000E+00  0.000E+00  0.000E+00
  321.5000  3.544E-03  3.290E-03  3.046E-03  2.814E-03  2.594E-03  2.384E-03  2.187E-03  2.001E-03  1.827E-03  1.665E-03  1.484E-03  1.326E-03  1.191E-03  1.075E-03  9.748E-04  8.505E-04  7.616E-04  6.653E-04  5.931E-04  5.125E-04  4.452E-04  3.883E-04  3.385E-04  2.898E-04  2.477E-04  2.089E-04  1.753E-04  1.474E-04  1.241E-04  1.022E-04  8.459E-05  6.890E-05  5.640E-05  4.495E-05  3.563E-05  2.802E-05  2.179E-05  1.666E-05  1.249E-05  9.208E-06  6.676E-06  4.742E-06  3.162E-06  2.028E-06  1.166E-06  6.074E-07  2.482E-07  7.204E-08  1.372E-08  1.522E-09  6.310E-11  1.112E-12  3.178E-15  6.411E-19  5.585E-24  9.406E-34  0.000E+00  0.000E+00  0.000E+00  0.000E+00  0.000E+00
  322.5000  2.699E-03  2.501E-03  2.312E-03  2.133E-03  1.964E-03  1.804E-03  1.654E-03  1.513E-03  1.382E-03  1.261E-03  1.125E-03  1.008E-03  9.067E-04  8.198E-04  7.454E-04  6.522E-04  5.858E-04  5.136E-04  4.594E-04  3.987E-04  3.478E-04  3.046E-04  2.667E-04  2.293E-04  1.969E-04  1.667E-04  1.404E-04  1.186E-04  1.001E-04  8.263E-05  6.855E-05  5.587E-05  4.576E-05  3.643E-05  2.883E-05  2.261E-05  1.753E-05  1.335E-05  9.966E-06  7.311E-06  5.258E-06  3.684E-06  2.390E-06  1.465E-06  7.767E-07  3.612E-07  1.242E-07  2.803E-08  3.913E-09  3.227E-10  1.131E-11  2.143E-13  7.181E-16  1.908E-19  2.279E-24  5.306E-34  0.000E+00  0.000E+00  0.000E+00  0.000E+00  0.000E+00
  323.5000  4.357E-03  4.051E-03  3.758E-03  3.477E-03  3.209E-03  2.954E-03  2.711E-03  2.483E-03  2.269E-03  2.069E-03  1.843E-03  1.647E-03  1.479E-03  1.334E-03  1.209E-03  1.053E-03  9.421E-04  8.214E-04  7.311E-04  6.303E-04  5.462E-04  4.753E-04  4.130E-04  3.527E-04  3.005E-04  2.527E-04  2.113E-04  1.773E-04  1.489E-04  1.223E-04  1.011E-04  8.226E-05  6.730E-05  5.365E-05  4.258E-05  3.355E-05  2.615E-05  2.005E-05  1.507E-05  1.116E-05  8.137E-06  5.831E-06  3.955E-06  2.605E-06  1.569E-06  8.726E-07  3.947E-07  1.332E-07  3.071E-08  4.147E-09  2.013E-10  3.804E-12  1.184E-14  2.691E-18  2.863E-23  7.243E-33  0.000E+00  0.000E+00  0.000E+00  0.000E+00  0.000E+00
  324.5000  5.019E-03  4.666E-03  4.327E-03  4.003E-03  3.694E-03  3.399E-03  3.121E-03  2.857E-03  2.611E-03  2.381E-03  2.121E-03  1.896E-03  1.702E-03  1.536E-03  1.392E-03  1.213E-03  1.086E-03  9.468E-04  8.431E-04  7.271E-04  6.303E-04  5.487E-04  4.772E-04  4.076E-04  3.475E-04  2.923E-04  2.446E-04  2.052E-04  1.724E-04  1.417E-04  1.172E-04  9.534E-05  7.802E-05  6.221E-05  4.937E-05  3.890E-05  3.032E-05  2.325E-05  1.747E-05  1.294E-05  9.438E-06  6.766E-06  4.589E-06  3.022E-06  1.815E-06  1.005E-06  4.502E-07  1.499E-07  3.397E-08  4.523E-09  2.211E-10  4.361E-12  1.460E-14  3.735E-18  4.664E-23  1.498E-32  0.000E+00  0.000E+00  0.000E+00  0.000E+00  0.000E+00
  325.5000  5.274E-03  4.898E-03  4.538E-03  4.195E-03  3.868E-03  3.557E-03  3.263E-03  2.986E-03  2.727E-03  2.486E-03  2.214E-03  1.978E-03  1.776E-03  1.602E-03  1.452E-03  1.266E-03  1.133E-03  9.884E-04  8.803E-04  7.597E-04  6.590E-04  5.741E-04  4.996E-04  4.271E-04  3.644E-04  3.068E-04  2.570E-04  2.158E-04  1.815E-04  1.492E-04  1.234E-04  1.005E-04  8.225E-05  6.557E-05  5.203E-05  4.097E-05  3.192E-05  2.445E-05  1.836E-05  1.358E-05  9.892E-06  7.074E-06  4.776E-06  3.122E-06  1.850E-06  1.004E-06  4.369E-07  1.392E-07  2.987E-08  3.789E-09  1.828E-10  3.780E-12  1.377E-14  4.034E-18  5.988E-23  2.429E-32  0.000E+00  0.000E+00  0.000E+00  0.000E+00  0.000E+00
  326.5000  8.972E-03  8.376E-03  7.801E-03  7.248E-03  6.714E-03  6.203E-03  5.715E-03  5.251E-03  4.813E-03  4.402E-03  3.926E-03  3.515E-03  3.161E-03  2.856E-03  2.593E-03  2.258E-03  2.021E-03  1.760E-03  1.567E-03  1.348E-03  1.165E-03  1.012E-03  8.769E-04  7.458E-04  6.330E-04  5.301E-04  4.410E-04  3.683E-04  3.081E-04  2.521E-04  2.077E-04  1.686E-04  1.377E-04  1.097E-04  8.718E-05  6.886E-05  5.388E-05  4.149E-05  3.133E-05  2.334E-05  1.716E-05  1.245E-05  8.624E-06  5.876E-06  3.749E-06  2.265E-06  1.167E-06  4.794E-07  1.420E-07  2.487E-08  1.494E-09  3.120E-11  1.103E-13  3.006E-17  4.317E-22  1.981E-31  0.000E+00  0.000E+00  0.000E+00  0.000E+00  0.000E+00
  327.5000  7.455E-03  6.946E-03  6.456E-03  5.986E-03  5.534E-03  5.103E-03  4.693E-03  4.304E-03  3.939E-03  3.597E-03  3.205E-03  2.867E-03  2.575E-03  2.325E-03  2.109E-03  1.836E-03  1.643E-03  1.431E-03  1.274E-03  1.097E-03  9.490E-04  8.247E-04  7.156E-04  6.097E-04  5.183E-04  4.349E-04  3.626E-04  3.034E-04  2.543E-04  2.085E-04  1.720E-04  1.398E-04  1.143E-04  9.112E-05  7.238E-05  5.713E-05  4.464E-05  3.432E-05  2.588E-05  1.924E-05  1.411E-05  1.020E-05  7.020E-06  4.732E-06  2.959E-06  1.734E-06  8.495E-07  3.235E-07  8.695E-08  1.386E-08  7.968E-10  1.748E-11  6.796E-14  2.169E-17  3.791E-22  2.231E-31  0.000E+00  0.000E+00  0.000E+00  0.000E+00  0.000E+00
  328.5000  6.897E-03  6.425E-03  5.971E-03  5.535E-03  5.117E-03  4.718E-03  4.337E-03  3.977E-03  3.639E-03  3.322E-03  2.959E-03  2.646E-03  2.376E-03  2.144E-03  1.944E-03  1.693E-03  1.514E-03  1.318E-03  1.173E-03  1.009E-03  8.730E-04  7.584E-04  6.579E-04  5.602E-04  4.761E-04  3.993E-04  3.329E-04  2.784E-04  2.333E-04  1.912E-04  1.577E-04  1.282E-04  1.048E-04  8.353E-05  6.634E-05  5.236E-05  4.092E-05  3.147E-05  2.373E-05  1.764E-05  1.294E-05  9.354E-06  6.440E-06  4.344E-06  2.720E-06  1.597E-06  7.865E-07  3.024E-07  8.256E-08  1.348E-08  8.001E-10  1.828E-11  7.558E-14  2.642E-17  5.240E-22  3.764E-31  0.000E+00  0.000E+00  0.000E+00  0.000E+00  0.000E+00
  329.5000  1.170E-02  1.096E-02  1.024E-02  9.542E-03  8.868E-03  8.218E-03  7.594E-03  6.999E-03  6.435E-03  5.903E-03  5.273E-03  4.731E-03  4.264E-03  3.862E-03  3.516E-03  3.063E-03  2.747E-03  2.394E-03  2.133E-03  1.834E-03  1.585E-03  1.376E-03  1.191E-03  1.012E-03  8.568E-04  7.158E-04  5.935E-04  4.942E-04  4.124E-04  3.364E-04  2.765E-04  2.239E-04  1.827E-04  1.454E-04  1.155E-04  9.137E-05  7.165E-05  5.533E-05  4.190E-05  3.133E-05  2.315E-05  1.691E-05  1.184E-05  8.204E-06  5.389E-06  3.400E-06  1.878E-06  8.620E-07  2.955E-07  6.077E-08  4.239E-09  9.833E-11  4.036E-13  1.370E-16  2.742E-21  2.269E-30  0.000E+00  0.000E+00  0.000E+00  0.000E+00  0.000E+00
  330.5000  9.492E-03  8.868E-03  8.264E-03  7.683E-03  7.122E-03  6.584E-03  6.069E-03  5.580E-03  5.118E-03  4.684E-03  4.178E-03  3.741E-03  3.365E-03  3.042E-03  2.764E-03  2.406E-03  2.154E-03  1.876E-03  1.670E-03  1.436E-03  1.241E-03  1.077E-03  9.332E-04  7.931E-04  6.726E-04  5.628E-04  4.676E-04  3.901E-04  3.261E-04  2.665E-04  2.194E-04  1.780E-04  1.453E-04  1.158E-04  9.199E-05  7.270E-05  5.694E-05  4.390E-05  3.319E-05  2.477E-05  1.825E-05  1.328E-05  9.250E-06  6.350E-06  4.100E-06  2.520E-06  1.333E-06  5.723E-07  1.800E-07  3.410E-08  2.292E-09  5.576E-11  2.504E-13  9.855E-17  2.368E-21  2.473E-30  0.000E+00  0.000E+00  0.000E+00  0.000E+00  0.000E+00
  331.5000  9.162E-03  8.555E-03  7.969E-03  7.404E-03  6.859E-03  6.337E-03  5.838E-03  5.364E-03  4.917E-03  4.497E-03  4.010E-03  3.589E-03  3.227E-03  2.915E-03  2.647E-03  2.304E-03  2.062E-03  1.795E-03  1.597E-03  1.373E-03  1.187E-03  1.030E-03  8.921E-04  7.583E-04  6.431E-04  5.381E-04  4.473E-04  3.732E-04  3.120E-04  2.551E-04  2.100E-04  1.704E-04  1.391E-04  1.108E-04  8.807E-05  6.959E-05  5.449E-05  4.200E-05  3.175E-05  2.368E-05  1.745E-05  1.269E-05  8.825E-06  6.048E-06  3.894E-06  2.382E-06  1.252E-06  5.325E-07  1.659E-07  3.128E-08  2.130E-09  5.394E-11  2.587E-13  1.127E-16  3.102E-21  3.959E-30  0.000E+00  0.000E+00  0.000E+00  0.000E+00  0.000E+00
  332.5000  1.103E-02  1.034E-02  9.675E-03  9.029E-03  8.402E-03  7.797E-03  7.215E-03  6.658E-03  6.130E-03  5.631E-03  5.034E-03  4.521E-03  4.079E-03  3.699E-03  3.371E-03  2.939E-03  2.638E-03  2.299E-03  2.050E-03  1.763E-03  1.524E-03  1.323E-03  1.145E-03  9.716E-04  8.223E-04  6.863E-04  5.682E-04  4.725E-04  3.938E-04  3.208E-04  2.633E-04  2.130E-04  1.736E-04  1.381E-04  1.097E-04  8.680E-05  6.814E-05  5.269E-05  3.995E-05  2.992E-05  2.216E-05  1.623E-05  1.142E-05  7.966E-06  5.293E-06  3.397E-06  1.932E-06  9.297E-07  3.406E-07  7.597E-08  5.843E-09  1.510E-10  7.309E-13  3.188E-16  9.098E-21  1.349E-29  0.000E+00  0.000E+00  0.000E+00  0.000E+00  0.000E+00
  333.5000  9.498E-03  8.890E-03  8.299E-03  7.729E-03  7.177E-03  6.646E-03  6.137E-03  5.651E-03  5.191E-03  4.758E-03  4.248E-03  3.808E-03  3.430E-03  3.104E-03  2.824E-03  2.459E-03  2.203E-03  1.919E-03  1.709E-03  1.469E-03  1.269E-03  1.101E-03  9.532E-04  8.092E-04  6.852E-04  5.724E-04  4.746E-04  3.952E-04  3.297E-04  2.690E-04  2.210E-04  1.790E-04  1.460E-04  1.163E-04  9.237E-05  7.305E-05  5.729E-05  4.424E-05  3.351E-05  2.506E-05  1.852E-05  1.353E-05  9.482E-06  6.573E-06  4.318E-06  2.722E-06  1.503E-06  6.906E-07  2.383E-07  5.027E-08  3.785E-09  1.022E-10  5.357E-13  2.657E-16  8.915E-21  1.633E-29  0.000E+00  0.000E+00  0.000E+00  0.000E+00  0.000E+00
  334.5000  1.110E-02  1.040E-02  9.718E-03  9.059E-03  8.420E-03  7.805E-03  7.214E-03  6.649E-03  6.114E-03  5.609E-03  5.011E-03  4.495E-03  4.051E-03  3.669E-03  3.340E-03  2.910E-03  2.609E-03  2.273E-03  2.025E-03  1.740E-03  1.503E-03  1.304E-03  1.129E-03  9.576E-04  8.104E-04  6.765E-04  5.602E-04  4.660E-04  3.885E-04  3.166E-04  2.599E-04  2.104E-04  1.715E-04  1.365E-04  1.084E-04  8.575E-05  6.729E-05  5.200E-05  3.942E-05  2.951E-05  2.184E-05  1.598E-05  1.123E-05  7.813E-06  5.170E-06  3.297E-06  1.856E-06  8.797E-07  3.167E-07  7.008E-08  5.522E-09  1.541E-10  8.455E-13  4.485E-16  1.661E-20  3.628E-29  0.000E+00  0.000E+00  0.000E+00  0.000E+00  0.000E+00
  335.5000  1.243E-02  1.167E-02  1.093E-02  1.021E-02  9.516E-03  8.843E-03  8.194E-03  7.572E-03  6.980E-03  6.420E-03  5.745E-03  5.164E-03  4.664E-03  4.235E-03  3.865E-03  3.371E-03  3.028E-03  2.641E-03  2.357E-03  2.027E-03  1.752E-03  1.521E-03  1.317E-03  1.117E-03  9.444E-04  7.874E-04  6.509E-04  5.406E-04  4.501E-04  3.661E-04  3.001E-04  2.425E-04  1.975E-04  1.570E-04  1.246E-04  9.862E-05  7.749E-05  5.998E-05  4.553E-05  3.416E-05  2.535E-05  1.861E-05  1.314E-05  9.219E-06  6.185E-06  4.029E-06  2.350E-06  1.179E-06  4.586E-07  1.103E-07  9.295E-09  2.666E-10  1.511E-12  8.382E-16  3.357E-20  8.660E-29  0.000E+00  0.000E+00  0.000E+00  0.000E+00  0.000E+00
  336.5000  9.440E-03  8.858E-03  8.290E-03  7.741E-03  7.207E-03  6.691E-03  6.195E-03  5.720E-03  5.268E-03  4.841E-03  4.330E-03  3.889E-03  3.510E-03  3.184E-03  2.903E-03  2.530E-03  2.272E-03  1.980E-03  1.766E-03  1.518E-03  1.312E-03  1.138E-03  9.853E-04  8.354E-04  7.065E-04  5.892E-04  4.872E-04  4.047E-04  3.370E-04  2.742E-04  2.248E-04  1.817E-04  1.480E-04  1.177E-04  9.345E-05  7.394E-05  5.808E-05  4.494E-05  3.410E-05  2.557E-05  1.897E-05  1.392E-05  9.819E-06  6.876E-06  4.600E-06  2.983E-06  1.727E-06  8.566E-07  3.285E-07  7.825E-08  6.650E-09  1.980E-10  1.195E-12  7.306E-16  3.328E-20  1.036E-28  0.000E+00  0.000E+00  0.000E+00  0.000E+00  0.000E+00
  337.5000  9.671E-03  9.058E-03  8.464E-03  7.889E-03  7.332E-03  6.795E-03  6.279E-03  5.787E-03  5.320E-03  4.880E-03  4.358E-03  3.909E-03  3.522E-03  3.189E-03  2.903E-03  2.528E-03  2.266E-03  1.973E-03  1.757E-03  1.510E-03  1.304E-03  1.131E-03  9.786E-04  8.299E-04  7.021E-04  5.858E-04  4.849E-04  4.032E-04  3.360E-04  2.737E-04  2.246E-04  1.817E-04  1.481E-04  1.178E-04  9.360E-05  7.404E-05  5.811E-05  4.492E-05  3.406E-05  2.551E-05  1.889E-05  1.384E-05  9.733E-06  6.784E-06  4.501E-06  2.881E-06  1.633E-06  7.826E-07  2.872E-07  6.569E-08  5.516E-09  1.710E-10  1.108E-12  7.595E-16  3.999E-20  1.514E-28  0.000E+00  0.000E+00  0.000E+00  0.000E+00  0.000E+00
  338.5000  1.134E-02  1.065E-02  9.972E-03  9.318E-03  8.683E-03  8.068E-03  7.476E-03  6.909E-03  6.368E-03  5.857E-03  5.241E-03  4.710E-03  4.254E-03  3.862E-03  3.524E-03  3.073E-03  2.760E-03  2.407E-03  2.147E-03  1.846E-03  1.595E-03  1.384E-03  1.198E-03  1.016E-03  8.584E-04  7.154E-04  5.909E-04  4.905E-04  4.081E-04  3.317E-04  2.718E-04  2.195E-04  1.787E-04  1.419E-04  1.127E-04  8.917E-05  7.008E-05  5.426E-05  4.120E-05  3.093E-05  2.297E-05  1.688E-05  1.193E-05  8.383E-06  5.639E-06  3.689E-06  2.169E-06  1.105E-06  4.399E-07  1.100E-07  9.912E-09  3.153E-10  2.103E-12  1.496E-15  8.429E-20  3.723E-28  0.000E+00  0.000E+00  0.000E+00  0.000E+00  0.000E+00
  339.5000  1.251E-02  1.175E-02  1.101E-02  1.029E-02  9.592E-03  8.916E-03  8.264E-03  7.639E-03  7.044E-03  6.481E-03  5.801E-03  5.214E-03  4.710E-03  4.277E-03  3.905E-03  3.405E-03  3.059E-03  2.668E-03  2.381E-03  2.047E-03  1.768E-03  1.535E-03  1.328E-03  1.126E-03  9.512E-04  7.924E-04  6.542E-04  5.428E-04  4.515E-04  3.668E-04  3.004E-04  2.425E-04  1.973E-04  1.567E-04  1.244E-04  9.844E-05  7.738E-05  5.993E-05  4.552E-05  3.418E-05  2.540E-05  1.868E-05  1.322E-05  9.296E-06  6.268E-06  4.115E-06  2.436E-06  1.254E-06  5.080E-07  1.299E-07  1.204E-08  3.956E-10  2.773E-12  2.125E-15  1.329E-19  6.958E-28  0.000E+00  0.000E+00  0.000E+00  0.000E+00  0.000E+00
  340.5000  1.287E-02  1.208E-02  1.131E-02  1.056E-02  9.832E-03  9.129E-03  8.452E-03  7.804E-03  7.188E-03  6.606E-03  5.907E-03  5.305E-03  4.787E-03  4.342E-03  3.959E-03  3.450E-03  3.097E-03  2.699E-03  2.406E-03  2.068E-03  1.786E-03  1.549E-03  1.340E-03  1.136E-03  9.597E-04  7.997E-04  6.605E-04  5.483E-04  4.562E-04  3.708E-04  3.038E-04  2.454E-04  1.997E-04  1.587E-04  1.260E-04  9.969E-05  7.833E-05  6.064E-05  4.604E-05  3.455E-05  2.565E-05  1.885E-05  1.332E-05  9.349E-06  6.279E-06  4.098E-06  2.401E-06  1.216E-06  4.823E-07  1.211E-07  1.125E-08  3.832E-10  2.856E-12  2.411E-15  1.712E-19  1.074E-27  0.000E+00  0.000E+00  0.000E+00  0.000E+00  0.000E+00
  341.5000  1.208E-02  1.135E-02  1.064E-02  9.948E-03  9.276E-03  8.626E-03  7.999E-03  7.397E-03  6.823E-03  6.280E-03  5.622E-03  5.055E-03  4.568E-03  4.149E-03  3.789E-03  3.304E-03  2.970E-03  2.590E-03  2.312E-03  1.987E-03  1.717E-03  1.490E-03  1.290E-03  1.093E-03  9.230E-04  7.687E-04  6.342E-04  5.260E-04  4.373E-04  3.550E-04  2.906E-04  2.344E-04  1.907E-04  1.514E-04  1.202E-04  9.508E-05  7.475E-05  5.792E-05  4.401E-05  3.306E-05  2.459E-05  1.810E-05  1.282E-05  9.035E-06  6.111E-06  4.031E-06  2.406E-06  1.257E-06  5.206E-07  1.373E-07  1.334E-08  4.676E-10  3.623E-12  3.234E-15  2.501E-19  1.838E-27  0.000E+00  0.000E+00  0.000E+00  0.000E+00  0.000E+00
  342.5000  1.352E-02  1.271E-02  1.192E-02  1.115E-02  1.040E-02  9.669E-03  8.968E-03  8.295E-03  7.654E-03  7.046E-03  6.309E-03  5.673E-03  5.128E-03  4.659E-03  4.256E-03  3.711E-03  3.336E-03  2.909E-03  2.598E-03  2.233E-03  1.929E-03  1.675E-03  1.449E-03  1.227E-03  1.037E-03  8.630E-04  7.118E-04  5.901E-04  4.905E-04  3.980E-04  3.256E-04  2.626E-04  2.136E-04  1.695E-04  1.345E-04  1.064E-04  8.370E-05  6.486E-05  4.929E-05  3.705E-05  2.756E-05  2.030E-05  1.439E-05  1.015E-05  6.876E-06  4.548E-06  2.728E-06  1.437E-06  6.031E-07  1.620E-07  1.614E-08  5.836E-10  4.746E-12  4.557E-15  3.900E-19  3.376E-27  0.000E+00  0.000E+00  0.000E+00  0.000E+00  0.000E+00
  343.5000  1.379E-02  1.296E-02  1.214E-02  1.135E-02  1.058E-02  9.836E-03  9.118E-03  8.429E-03  7.772E-03  7.151E-03  6.399E-03  5.751E-03  5.195E-03  4.717E-03  4.306E-03  3.753E-03  3.372E-03  2.939E-03  2.623E-03  2.254E-03  1.946E-03  1.689E-03  1.461E-03  1.237E-03  1.045E-03  8.699E-04  7.175E-04  5.949E-04  4.944E-04  4.013E-04  3.284E-04  2.649E-04  2.154E-04  1.710E-04  1.357E-04  1.074E-04  8.441E-05  6.540E-05  4.969E-05  3.734E-05  2.777E-05  2.044E-05  1.449E-05  1.021E-05  6.907E-06  4.558E-06  2.724E-06  1.427E-06  5.950E-07  1.595E-07  1.607E-08  6.008E-10  5.157E-12  5.386E-15  5.156E-19  5.278E-27  0.000E+00  0.000E+00  0.000E+00  0.000E+00  0.000E+00
  344.5000  9.474E-03  8.895E-03  8.331E-03  7.784E-03  7.251E-03  6.737E-03  6.240E-03  5.765E-03  5.312E-03  4.884E-03  4.369E-03  3.924E-03  3.542E-03  3.214E-03  2.932E-03  2.554E-03  2.293E-03  1.998E-03  1.782E-03  1.531E-03  1.322E-03  1.146E-03  9.913E-04  8.395E-04  7.089E-04  5.902E-04  4.869E-04  4.037E-04  3.356E-04  2.724E-04  2.230E-04  1.799E-04  1.463E-04  1.162E-04  9.219E-05  7.294E-05  5.734E-05  4.441E-05  3.374E-05  2.535E-05  1.884E-05  1.387E-05  9.822E-06  6.915E-06  4.670E-06  3.073E-06  1.829E-06  9.514E-07  3.934E-07  1.049E-07  1.067E-08  4.123E-10  3.735E-12  4.244E-15  4.544E-19  5.498E-27  0.000E+00  0.000E+00  0.000E+00  0.000E+00  0.000E+00
  345.5000  1.370E-02  1.288E-02  1.208E-02  1.131E-02  1.055E-02  9.814E-03  9.105E-03  8.425E-03  7.775E-03  7.160E-03  6.412E-03  5.767E-03  5.213E-03  4.737E-03  4.328E-03  3.775E-03  3.394E-03  2.960E-03  2.643E-03  2.271E-03  1.962E-03  1.703E-03  1.474E-03  1.247E-03  1.053E-03  8.763E-04  7.221E-04  5.982E-04  4.969E-04  4.029E-04  3.294E-04  2.654E-04  2.158E-04  1.711E-04  1.357E-04  1.074E-04  8.447E-05  6.548E-05  4.978E-05  3.744E-05  2.788E-05  2.055E-05  1.459E-05  1.031E-05  7.010E-06  4.660E-06  2.821E-06  1.511E-06  6.509E-07  1.820E-07  1.933E-08  7.667E-10  7.202E-12  8.618E-15  9.993E-19  1.399E-26  0.000E+00  0.000E+00  0.000E+00  0.000E+00  0.000E+00
  346.5000  1.241E-02  1.166E-02  1.093E-02  1.021E-02  9.521E-03  8.850E-03  8.202E-03  7.581E-03  6.989E-03  6.430E-03  5.753E-03  5.169E-03  4.668E-03  4.237E-03  3.867E-03  3.370E-03  3.026E-03  2.637E-03  2.353E-03  2.021E-03  1.745E-03  1.514E-03  1.309E-03  1.108E-03  9.353E-04  7.783E-04  6.416E-04  5.317E-04  4.417E-04  3.583E-04  2.930E-04  2.363E-04  1.921E-04  1.524E-04  1.209E-04  9.568E-05  7.523E-05  5.830E-05  4.431E-05  3.331E-05  2.478E-05  1.826E-05  1.295E-05  9.135E-06  6.191E-06  4.096E-06  2.460E-06  1.301E-06  5.520E-07  1.525E-07  1.627E-08  6.671E-10  6.622E-12  8.637E-15  1.121E-18  1.856E-26  0.000E+00  0.000E+00  0.000E+00  0.000E+00  0.000E+00
  347.5000  1.218E-02  1.145E-02  1.073E-02  1.003E-02  9.347E-03  8.688E-03  8.053E-03  7.444E-03  6.863E-03  6.314E-03  5.649E-03  5.077E-03  4.584E-03  4.161E-03  3.798E-03  3.309E-03  2.972E-03  2.590E-03  2.310E-03  1.984E-03  1.713E-03  1.486E-03  1.285E-03  1.087E-03  9.178E-04  7.636E-04  6.293E-04  5.213E-04  4.330E-04  3.512E-04  2.871E-04  2.314E-04  1.881E-04  1.493E-04  1.184E-04  9.367E-05  7.365E-05  5.708E-05  4.339E-05  3.262E-05  2.428E-05  1.789E-05  1.270E-05  8.961E-06  6.079E-06  4.028E-06  2.426E-06  1.290E-06  5.519E-07  1.545E-07  1.682E-08  7.103E-10  7.384E-12  1.033E-14  1.477E-18  2.850E-26  0.000E+00  0.000E+00  0.000E+00  0.000E+00  0.000E+00
  348.5000  1.356E-02  1.274E-02  1.194E-02  1.117E-02  1.041E-02  9.682E-03  8.977E-03  8.300E-03  7.655E-03  7.045E-03  6.305E-03  5.667E-03  5.119E-03  4.648E-03  4.243E-03  3.698E-03  3.322E-03  2.895E-03  2.583E-03  2.219E-03  1.915E-03  1.661E-03  1.436E-03  1.216E-03  1.026E-03  8.532E-04  7.029E-04  5.821E-04  4.833E-04  3.918E-04  3.202E-04  2.580E-04  2.097E-04  1.663E-04  1.319E-04  1.043E-04  8.205E-05  6.360E-05  4.836E-05  3.637E-05  2.708E-05  1.997E-05  1.418E-05  1.002E-05  6.807E-06  4.523E-06  2.739E-06  1.469E-06  6.368E-07  1.815E-07  2.023E-08  8.793E-10  9.548E-12  1.427E-14  2.236E-18  5.013E-26  0.000E+00  0.000E+00  0.000E+00  0.000E+00  0.000E+00
  349.5000  1.135E-02  1.066E-02  9.996E-03  9.347E-03  8.715E-03  8.103E-03  7.512E-03  6.945E-03  6.405E-03  5.893E-03  5.274E-03  4.739E-03  4.280E-03  3.886E-03  3.547E-03  3.091E-03  2.776E-03  2.419E-03  2.158E-03  1.853E-03  1.600E-03  1.387E-03  1.199E-03  1.015E-03  8.562E-04  7.120E-04  5.864E-04  4.855E-04  4.031E-04  3.267E-04  2.670E-04  2.151E-04  1.748E-04  1.386E-04  1.099E-04  8.694E-05  6.837E-05  5.300E-05  4.030E-05  3.031E-05  2.257E-05  1.664E-05  1.182E-05  8.354E-06  5.679E-06  3.776E-06  2.289E-06  1.231E-06  5.360E-07  1.541E-07  1.749E-08  7.826E-10  8.898E-12  1.426E-14  2.460E-18  6.408E-26  0.000E+00  0.000E+00  0.000E+00  0.000E+00  0.000E+00
  350.5000  1.594E-02  1.498E-02  1.404E-02  1.313E-02  1.224E-02  1.139E-02  1.056E-02  9.759E-03  9.000E-03  8.282E-03  7.411E-03  6.660E-03  6.015E-03  5.461E-03  4.984E-03  4.343E-03  3.901E-03  3.399E-03  3.032E-03  2.604E-03  2.247E-03  1.949E-03  1.685E-03  1.425E-03  1.202E-03  9.994E-04  8.229E-04  6.812E-04  5.654E-04  4.581E-04  3.743E-04  3.015E-04  2.449E-04  1.942E-04  1.540E-04  1.218E-04  9.578E-05  7.425E-05  5.646E-05  4.248E-05  3.164E-05  2.334E-05  1.658E-05  1.172E-05  7.975E-06  5.309E-06  3.227E-06  1.743E-06  7.644E-07  2.223E-07  2.572E-08  1.184E-09  1.408E-11  2.414E-14  4.566E-18  1.378E-25  0.000E+00  0.000E+00  0.000E+00  0.000E+00  0.000E+00
  351.5000  1.369E-02  1.286E-02  1.205E-02  1.127E-02  1.051E-02  9.767E-03  9.053E-03  8.369E-03  7.717E-03  7.099E-03  6.352E-03  5.707E-03  5.153E-03  4.677E-03  4.268E-03  3.718E-03  3.338E-03  2.908E-03  2.594E-03  2.227E-03  1.922E-03  1.666E-03  1.440E-03  1.218E-03  1.027E-03  8.539E-04  7.030E-04  5.818E-04  4.828E-04  3.911E-04  3.195E-04  2.573E-04  2.090E-04  1.657E-04  1.314E-04  1.039E-04  8.173E-05  6.336E-05  4.818E-05  3.625E-05  2.700E-05  1.991E-05  1.415E-05  1.000E-05  6.807E-06  4.532E-06  2.756E-06  1.490E-06  6.553E-07  1.919E-07  2.255E-08  1.069E-09  1.329E-11  2.442E-14  5.076E-18  1.775E-25  0.000E+00  0.000E+00  0.000E+00  0.000E+00  0.000E+00
  352.5000  1.240E-02  1.165E-02  1.092E-02  1.021E-02  9.520E-03  8.851E-03  8.205E-03  7.585E-03  6.995E-03  6.435E-03  5.758E-03  5.174E-03  4.672E-03  4.240E-03  3.870E-03  3.371E-03  3.027E-03  2.636E-03  2.351E-03  2.019E-03  1.742E-03  1.510E-03  1.305E-03  1.103E-03  9.305E-04  7.734E-04  6.365E-04  5.267E-04  4.370E-04  3.539E-04  2.890E-04  2.327E-04  1.890E-04  1.498E-04  1.188E-04  9.393E-05  7.387E-05  5.727E-05  4.355E-05  3.278E-05  2.442E-05  1.802E-05  1.281E-05  9.059E-06  6.169E-06  4.113E-06  2.508E-06  1.362E-06  6.039E-07  1.790E-07  2.144E-08  1.044E-09  1.356E-11  2.659E-14  6.043E-18  2.437E-25  0.000E+00  0.000E+00  0.000E+00  0.000E+00  0.000E+00
  353.5000  1.502E-02  1.412E-02  1.324E-02  1.238E-02  1.154E-02  1.073E-02  9.952E-03  9.201E-03  8.486E-03  7.808E-03  6.987E-03  6.279E-03  5.670E-03  5.147E-03  4.698E-03  4.092E-03  3.675E-03  3.201E-03  2.855E-03  2.451E-03  2.115E-03  1.833E-03  1.584E-03  1.339E-03  1.129E-03  9.384E-04  7.721E-04  6.386E-04  5.297E-04  4.289E-04  3.502E-04  2.819E-04  2.288E-04  1.813E-04  1.437E-04  1.137E-04  8.942E-05  6.933E-05  5.273E-05  3.969E-05  2.958E-05  2.183E-05  1.552E-05  1.099E-05  7.491E-06  5.003E-06  3.060E-06  1.672E-06  7.479E-07  2.246E-07  2.745E-08  1.374E-09  1.859E-11  3.884E-14  9.631E-18  4.471E-25  0.000E+00  0.000E+00  0.000E+00  0.000E+00  0.000E+00
  354.5000  1.635E-02  1.537E-02  1.441E-02  1.348E-02  1.257E-02  1.169E-02  1.084E-02  1.002E-02  9.244E-03  8.507E-03  7.613E-03  6.842E-03  6.179E-03  5.609E-03  5.120E-03  4.460E-03  4.005E-03  3.489E-03  3.112E-03  2.671E-03  2.305E-03  1.998E-03  1.726E-03  1.459E-03  1.230E-03  1.022E-03  8.407E-04  6.952E-04  5.765E-04  4.666E-04  3.808E-04  3.065E-04  2.488E-04  1.971E-04  1.562E-04  1.235E-04  9.716E-05  7.535E-05  5.731E-05  4.315E-05  3.216E-05  2.375E-05  1.689E-05  1.197E-05  8.164E-06  5.461E-06  3.350E-06  1.840E-06  8.297E-07  2.523E-07  3.143E-08  1.615E-09  2.279E-11  5.068E-14  1.370E-17  7.307E-25  0.000E+00  0.000E+00  0.000E+00  0.000E+00  0.000E+00
  355.5000  1.530E-02  1.438E-02  1.348E-02  1.261E-02  1.176E-02  1.093E-02  1.014E-02  9.375E-03  8.647E-03  7.957E-03  7.120E-03  6.399E-03  5.778E-03  5.245E-03  4.787E-03  4.169E-03  3.744E-03  3.261E-03  2.909E-03  2.496E-03  2.154E-03  1.867E-03  1.613E-03  1.363E-03  1.149E-03  9.543E-04  7.847E-04  6.488E-04  5.379E-04  4.353E-04  3.552E-04  2.858E-04  2.319E-04  1.837E-04  1.456E-04  1.151E-04  9.055E-05  7.023E-05  5.342E-05  4.022E-05  2.999E-05  2.214E-05  1.576E-05  1.116E-05  7.621E-06  5.102E-06  3.135E-06  1.727E-06  7.830E-07  2.403E-07  3.045E-08  1.608E-09  2.364E-11  5.603E-14  1.652E-17  1.011E-24  0.000E+00  0.000E+00  0.000E+00  0.000E+00  0.000E+00
  356.5000  1.420E-02  1.334E-02  1.251E-02  1.170E-02  1.091E-02  1.015E-02  9.408E-03  8.699E-03  8.023E-03  7.382E-03  6.606E-03  5.936E-03  5.359E-03  4.865E-03  4.440E-03  3.866E-03  3.471E-03  3.023E-03  2.696E-03  2.313E-03  1.996E-03  1.729E-03  1.494E-03  1.262E-03  1.064E-03  8.835E-04  7.264E-04  6.004E-04  4.977E-04  4.027E-04  3.285E-04  2.643E-04  2.144E-04  1.698E-04  1.346E-04  1.064E-04  8.370E-05  6.491E-05  4.938E-05  3.718E-05  2.772E-05  2.048E-05  1.457E-05  1.033E-05  7.054E-06  4.725E-06  2.907E-06  1.606E-06  7.316E-07  2.265E-07  2.918E-08  1.581E-09  2.424E-11  6.118E-14  1.966E-17  1.379E-24  0.000E+00  0.000E+00  0.000E+00  0.000E+00  0.000E+00
  357.5000  1.207E-02  1.134E-02  1.063E-02  9.943E-03  9.272E-03  8.622E-03  7.994E-03  7.391E-03  6.815E-03  6.271E-03  5.611E-03  5.041E-03  4.551E-03  4.130E-03  3.769E-03  3.281E-03  2.946E-03  2.565E-03  2.287E-03  1.962E-03  1.693E-03  1.467E-03  1.266E-03  1.070E-03  9.017E-04  7.487E-04  6.154E-04  5.086E-04  4.215E-04  3.410E-04  2.781E-04  2.237E-04  1.815E-04  1.437E-04  1.139E-04  9.003E-05  7.082E-05  5.492E-05  4.178E-05  3.146E-05  2.346E-05  1.733E-05  1.234E-05  8.745E-06  5.975E-06  4.005E-06  2.467E-06  1.366E-06  6.248E-07  1.950E-07  2.552E-08  1.420E-09  2.268E-11  6.091E-14  2.130E-17  1.709E-24  0.000E+00  0.000E+00  0.000E+00  0.000E+00  0.000E+00
  358.5000  9.340E-03  8.779E-03  8.231E-03  7.698E-03  7.179E-03  6.675E-03  6.189E-03  5.723E-03  5.278E-03  4.856E-03  4.345E-03  3.903E-03  3.524E-03  3.198E-03  2.919E-03  2.541E-03  2.281E-03  1.986E-03  1.771E-03  1.519E-03  1.310E-03  1.135E-03  9.805E-04  8.281E-04  6.976E-04  5.791E-04  4.759E-04  3.932E-04  3.258E-04  2.635E-04  2.149E-04  1.728E-04  1.401E-04  1.110E-04  8.790E-05  6.950E-05  5.466E-05  4.240E-05  3.225E-05  2.429E-05  1.812E-05  1.339E-05  9.534E-06  6.760E-06  4.622E-06  3.101E-06  1.914E-06  1.064E-06  4.898E-07  1.545E-07  2.057E-08  1.174E-09  1.950E-11  5.561E-14  2.112E-17  1.933E-24  0.000E+00  0.000E+00  0.000E+00  0.000E+00  0.000E+00
  359.5000  1.573E-02  1.478E-02  1.386E-02  1.296E-02  1.209E-02  1.124E-02  1.042E-02  9.634E-03  8.884E-03  8.174E-03  7.313E-03  6.570E-03  5.931E-03  5.382E-03  4.911E-03  4.275E-03  3.837E-03  3.341E-03  2.978E-03  2.555E-03  2.203E-03  1.908E-03  1.647E-03  1.392E-03  1.172E-03  9.731E-04  7.994E-04  6.604E-04  5.470E-04  4.423E-04  3.606E-04  2.899E-04  2.351E-04  1.861E-04  1.474E-04  1.166E-04  9.168E-05  7.111E-05  5.410E-05  4.075E-05  3.040E-05  2.246E-05  1.600E-05  1.135E-05  7.762E-06  5.212E-06  3.221E-06  1.795E-06  8.304E-07  2.641E-07  3.573E-08  2.091E-09  3.614E-11  1.095E-13  4.513E-17  4.706E-24  0.000E+00  0.000E+00  0.000E+00  0.000E+00  0.000E+00
  360.5000  1.459E-02  1.371E-02  1.286E-02  1.202E-02  1.121E-02  1.043E-02  9.666E-03  8.936E-03  8.241E-03  7.581E-03  6.783E-03  6.093E-03  5.500E-03  4.991E-03  4.553E-03  3.963E-03  3.557E-03  3.096E-03  2.760E-03  2.367E-03  2.041E-03  1.768E-03  1.526E-03  1.289E-03  1.085E-03  9.008E-04  7.399E-04  6.111E-04  5.061E-04  4.091E-04  3.335E-04  2.681E-04  2.174E-04  1.720E-04  1.362E-04  1.077E-04  8.472E-05  6.571E-05  5.000E-05  3.766E-05  2.810E-05  2.077E-05  1.480E-05  1.050E-05  7.183E-06  4.827E-06  2.988E-06  1.669E-06  7.760E-07  2.489E-07  3.422E-08  2.053E-09  3.689E-11  1.186E-13  5.298E-17  6.283E-24  0.000E+00  0.000E+00  0.000E+00  0.000E+00  0.000E+00
  361.5000  1.318E-02  1.239E-02  1.162E-02  1.087E-02  1.013E-02  9.422E-03  8.736E-03  8.077E-03  7.448E-03  6.852E-03  6.130E-03  5.507E-03  4.971E-03  4.510E-03  4.114E-03  3.581E-03  3.214E-03  2.798E-03  2.494E-03  2.139E-03  1.844E-03  1.597E-03  1.379E-03  1.164E-03  9.799E-04  8.130E-04  6.677E-04  5.513E-04  4.565E-04  3.689E-04  3.006E-04  2.416E-04  1.959E-04  1.550E-04  1.227E-04  9.702E-05  7.631E-05  5.919E-05  4.504E-05  3.393E-05  2.532E-05  1.872E-05  1.334E-05  9.467E-06  6.482E-06  4.360E-06  2.703E-06  1.515E-06  7.085E-07  2.294E-07  3.205E-08  1.971E-09  3.679E-11  1.252E-13  6.057E-17  8.153E-24  0.000E+00  0.000E+00  0.000E+00  0.000E+00  0.000E+00
  362.5000  1.551E-02  1.457E-02  1.366E-02  1.278E-02  1.192E-02  1.108E-02  1.027E-02  9.499E-03  8.759E-03  8.058E-03  7.209E-03  6.476E-03  5.845E-03  5.303E-03  4.838E-03  4.210E-03  3.779E-03  3.288E-03  2.931E-03  2.513E-03  2.166E-03  1.876E-03  1.619E-03  1.367E-03  1.151E-03  9.547E-04  7.838E-04  6.470E-04  5.356E-04  4.328E-04  3.526E-04  2.833E-04  2.296E-04  1.817E-04  1.439E-04  1.137E-04  8.944E-05  6.937E-05  5.279E-05  3.978E-05  2.969E-05  2.195E-05  1.565E-05  1.111E-05  7.609E-06  5.121E-06  3.181E-06  1.788E-06  8.403E-07  2.745E-07  3.895E-08  2.454E-09  4.756E-11  1.715E-13  8.968E-17  1.368E-23  0.000E+00  0.000E+00  0.000E+00  0.000E+00  0.000E+00
  363.5000  1.381E-02  1.298E-02  1.217E-02  1.138E-02  1.061E-02  9.866E-03  9.147E-03  8.457E-03  7.798E-03  7.173E-03  6.417E-03  5.765E-03  5.202E-03  4.720E-03  4.305E-03  3.746E-03  3.362E-03  2.925E-03  2.607E-03  2.235E-03  1.927E-03  1.668E-03  1.440E-03  1.215E-03  1.023E-03  8.483E-04  6.963E-04  5.747E-04  4.756E-04  3.842E-04  3.130E-04  2.514E-04  2.037E-04  1.612E-04  1.276E-04  1.008E-04  7.932E-05  6.153E-05  4.682E-05  3.529E-05  2.634E-05  1.948E-05  1.389E-05  9.860E-06  6.758E-06  4.552E-06  2.831E-06  1.596E-06  7.533E-07  2.481E-07  3.575E-08  2.307E-09  4.641E-11  1.771E-13  1.001E-16  1.727E-23  0.000E+00  0.000E+00  0.000E+00  0.000E+00  0.000E+00
  364.5000  1.506E-02  1.416E-02  1.327E-02  1.241E-02  1.157E-02  1.076E-02  9.977E-03  9.223E-03  8.504E-03  7.823E-03  6.998E-03  6.285E-03  5.672E-03  5.145E-03  4.692E-03  4.083E-03  3.664E-03  3.187E-03  2.840E-03  2.435E-03  2.098E-03  1.817E-03  1.567E-03  1.323E-03  1.113E-03  9.232E-04  7.575E-04  6.251E-04  5.173E-04  4.178E-04  3.402E-04  2.733E-04  2.214E-04  1.751E-04  1.386E-04  1.096E-04  8.617E-05  6.684E-05  5.086E-05  3.834E-05  2.862E-05  2.117E-05  1.509E-05  1.072E-05  7.349E-06  4.953E-06  3.084E-06  1.742E-06  8.259E-07  2.741E-07  4.008E-08  2.648E-09  5.528E-11  2.231E-13  1.361E-16  2.654E-23  0.000E+00  0.000E+00  0.000E+00  0.000E+00  0.000E+00
  365.5000  1.835E-02  1.724E-02  1.616E-02  1.512E-02  1.410E-02  1.311E-02  1.215E-02  1.123E-02  1.035E-02  9.524E-03  8.520E-03  7.651E-03  6.903E-03  6.261E-03  5.710E-03  4.968E-03  4.457E-03  3.877E-03  3.454E-03  2.960E-03  2.551E-03  2.208E-03  1.904E-03  1.608E-03  1.353E-03  1.121E-03  9.200E-04  7.590E-04  6.280E-04  5.071E-04  4.129E-04  3.315E-04  2.686E-04  2.124E-04  1.681E-04  1.329E-04  1.045E-04  8.106E-05  6.168E-05  4.649E-05  3.471E-05  2.568E-05  1.831E-05  1.301E-05  8.921E-06  6.015E-06  3.749E-06  2.122E-06  1.010E-06  3.376E-07  5.009E-08  3.387E-09  7.335E-11  3.129E-13  2.059E-16  4.529E-23  0.000E+00  0.000E+00  0.000E+00  0.000E+00  0.000E+00
  366.5000  1.944E-02  1.827E-02  1.713E-02  1.602E-02  1.494E-02  1.389E-02  1.288E-02  1.190E-02  1.097E-02  1.009E-02  9.028E-03  8.108E-03  7.315E-03  6.634E-03  6.050E-03  5.263E-03  4.721E-03  4.106E-03  3.658E-03  3.135E-03  2.701E-03  2.338E-03  2.016E-03  1.701E-03  1.431E-03  1.186E-03  9.732E-04  8.027E-04  6.639E-04  5.360E-04  4.363E-04  3.503E-04  2.837E-04  2.243E-04  1.775E-04  1.403E-04  1.103E-04  8.559E-05  6.514E-05  4.910E-05  3.667E-05  2.713E-05  1.935E-05  1.375E-05  9.434E-06  6.366E-06  3.974E-06  2.255E-06  1.078E-06  3.635E-07  5.473E-08  3.787E-09  8.499E-11  3.827E-13  2.711E-16  6.715E-23  0.000E+00  0.000E+00  0.000E+00  0.000E+00  0.000E+00
  367.5000  1.849E-02  1.738E-02  1.629E-02  1.523E-02  1.421E-02  1.321E-02  1.224E-02  1.132E-02  1.043E-02  9.597E-03  8.584E-03  7.709E-03  6.955E-03  6.307E-03  5.751E-03  5.002E-03  4.487E-03  3.902E-03  3.476E-03  2.979E-03  2.566E-03  2.221E-03  1.914E-03  1.616E-03  1.359E-03  1.126E-03  9.237E-04  7.617E-04  6.299E-04  5.084E-04  4.138E-04  3.321E-04  2.689E-04  2.126E-04  1.682E-04  1.329E-04  1.045E-04  8.110E-05  6.172E-05  4.653E-05  3.475E-05  2.572E-05  1.835E-05  1.304E-05  8.952E-06  6.044E-06  3.778E-06  2.150E-06  1.033E-06  3.510E-07  5.363E-08  3.796E-09  8.823E-11  4.191E-13  3.194E-16  8.892E-23  0.000E+00  0.000E+00  0.000E+00  0.000E+00  0.000E+00
  368.5000  1.625E-02  1.527E-02  1.432E-02  1.339E-02  1.248E-02  1.161E-02  1.076E-02  9.946E-03  9.169E-03  8.432E-03  7.542E-03  6.773E-03  6.110E-03  5.540E-03  5.051E-03  4.393E-03  3.940E-03  3.426E-03  3.052E-03  2.615E-03  2.252E-03  1.949E-03  1.680E-03  1.418E-03  1.192E-03  9.877E-04  8.098E-04  6.676E-04  5.520E-04  4.454E-04  3.624E-04  2.909E-04  2.355E-04  1.861E-04  1.473E-04  1.164E-04  9.151E-05  7.099E-05  5.403E-05  4.073E-05  3.043E-05  2.252E-05  1.607E-05  1.142E-05  7.845E-06  5.300E-06  3.317E-06  1.892E-06  9.125E-07  3.124E-07  4.841E-08  3.504E-09  8.434E-11  4.224E-13  3.460E-16  1.081E-22  0.000E+00  0.000E+00  0.000E+00  0.000E+00  0.000E+00
  369.5000  1.950E-02  1.833E-02  1.718E-02  1.607E-02  1.498E-02  1.393E-02  1.291E-02  1.193E-02  1.100E-02  1.012E-02  9.050E-03  8.126E-03  7.329E-03  6.646E-03  6.058E-03  5.269E-03  4.725E-03  4.108E-03  3.659E-03  3.134E-03  2.699E-03  2.335E-03  2.013E-03  1.698E-03  1.428E-03  1.183E-03  9.695E-04  7.992E-04  6.606E-04  5.329E-04  4.336E-04  3.479E-04  2.816E-04  2.226E-04  1.761E-04  1.391E-04  1.094E-04  8.485E-05  6.458E-05  4.870E-05  3.638E-05  2.693E-05  1.922E-05  1.367E-05  9.388E-06  6.346E-06  3.976E-06  2.273E-06  1.101E-06  3.796E-07  5.966E-08  4.415E-09  1.100E-10  5.804E-13  5.104E-16  1.788E-22  0.000E+00  0.000E+00  0.000E+00  0.000E+00  0.000E+00
  370.5000  1.770E-02  1.664E-02  1.560E-02  1.459E-02  1.360E-02  1.264E-02  1.172E-02  1.083E-02  9.984E-03  9.182E-03  8.212E-03  7.373E-03  6.650E-03  6.029E-03  5.495E-03  4.779E-03  4.285E-03  3.725E-03  3.317E-03  2.841E-03  2.446E-03  2.116E-03  1.824E-03  1.539E-03  1.293E-03  1.071E-03  8.778E-04  7.234E-04  5.979E-04  4.822E-04  3.922E-04  3.146E-04  2.547E-04  2.012E-04  1.592E-04  1.257E-04  9.888E-05  7.670E-05  5.838E-05  4.402E-05  3.289E-05  2.435E-05  1.739E-05  1.236E-05  8.496E-06  5.746E-06  3.605E-06  2.065E-06  1.004E-06  3.488E-07  5.556E-08  4.202E-09  1.083E-10  6.017E-13  5.677E-16  2.226E-22  0.000E+00  0.000E+00  0.000E+00  0.000E+00  0.000E+00
  371.5000  2.027E-02  1.905E-02  1.786E-02  1.670E-02  1.557E-02  1.447E-02  1.342E-02  1.240E-02  1.143E-02  1.051E-02  9.400E-03  8.440E-03  7.611E-03  6.900E-03  6.289E-03  5.468E-03  4.902E-03  4.261E-03  3.794E-03  3.249E-03  2.797E-03  2.420E-03  2.085E-03  1.758E-03  1.478E-03  1.224E-03  1.003E-03  8.262E-04  6.827E-04  5.505E-04  4.477E-04  3.590E-04  2.905E-04  2.295E-04  1.815E-04  1.434E-04  1.128E-04  8.747E-05  6.658E-05  5.021E-05  3.752E-05  2.778E-05  1.984E-05  1.411E-05  9.700E-06  6.565E-06  4.123E-06  2.367E-06  1.156E-06  4.043E-07  6.530E-08  5.046E-09  1.345E-10  7.860E-13  7.947E-16  3.483E-22  0.000E+00  0.000E+00  0.000E+00  0.000E+00  0.000E+00
  372.5000  1.498E-02  1.408E-02  1.320E-02  1.234E-02  1.151E-02  1.070E-02  9.917E-03  9.165E-03  8.448E-03  7.768E-03  6.947E-03  6.237E-03  5.624E-03  5.098E-03  4.646E-03  4.039E-03  3.621E-03  3.147E-03  2.802E-03  2.399E-03  2.065E-03  1.786E-03  1.539E-03  1.297E-03  1.090E-03  9.028E-04  7.395E-04  6.092E-04  5.032E-04  4.057E-04  3.299E-04  2.645E-04  2.140E-04  1.690E-04  1.337E-04  1.056E-04  8.302E-05  6.440E-05  4.902E-05  3.697E-05  2.763E-05  2.046E-05  1.461E-05  1.040E-05  7.150E-06  4.842E-06  3.044E-06  1.752E-06  8.586E-07  3.025E-07  4.953E-08  3.909E-09  1.077E-10  6.616E-13  7.162E-16  3.503E-22  0.000E+00  0.000E+00  0.000E+00  0.000E+00  0.000E+00
  373.5000  1.355E-02  1.273E-02  1.193E-02  1.116E-02  1.040E-02  9.672E-03  8.964E-03  8.285E-03  7.636E-03  7.021E-03  6.279E-03  5.636E-03  5.082E-03  4.606E-03  4.197E-03  3.649E-03  3.270E-03  2.842E-03  2.530E-03  2.166E-03  1.864E-03  1.612E-03  1.389E-03  1.171E-03  9.835E-04  8.143E-04  6.668E-04  5.492E-04  4.536E-04  3.656E-04  2.972E-04  2.383E-04  1.927E-04  1.522E-04  1.203E-04  9.504E-05  7.474E-05  5.798E-05  4.413E-05  3.329E-05  2.488E-05  1.843E-05  1.316E-05  9.367E-06  6.444E-06  4.365E-06  2.747E-06  1.584E-06  7.793E-07  2.765E-07  4.586E-08  3.696E-09  1.052E-10  6.792E-13  7.864E-16  4.287E-22  0.000E+00  0.000E+00  0.000E+00  0.000E+00  0.000E+00
  374.5000  1.487E-02  1.398E-02  1.310E-02  1.225E-02  1.142E-02  1.062E-02  9.841E-03  9.094E-03  8.381E-03  7.706E-03  6.891E-03  6.185E-03  5.577E-03  5.054E-03  4.605E-03  4.002E-03  3.587E-03  3.117E-03  2.774E-03  2.375E-03  2.044E-03  1.767E-03  1.522E-03  1.283E-03  1.077E-03  8.919E-04  7.302E-04  6.013E-04  4.965E-04  4.001E-04  3.252E-04  2.606E-04  2.108E-04  1.665E-04  1.316E-04  1.039E-04  8.171E-05  6.339E-05  4.825E-05  3.639E-05  2.720E-05  2.015E-05  1.440E-05  1.025E-05  7.052E-06  4.780E-06  3.011E-06  1.740E-06  8.589E-07  3.068E-07  5.155E-08  4.242E-09  1.247E-10  8.453E-13  1.046E-15  6.346E-22  0.000E+00  0.000E+00  0.000E+00  0.000E+00  0.000E+00
  375.5000  1.679E-02  1.578E-02  1.479E-02  1.383E-02  1.290E-02  1.199E-02  1.111E-02  1.027E-02  9.462E-03  8.699E-03  7.779E-03  6.982E-03  6.295E-03  5.704E-03  5.197E-03  4.516E-03  4.047E-03  3.516E-03  3.129E-03  2.678E-03  2.305E-03  1.992E-03  1.716E-03  1.446E-03  1.214E-03  1.005E-03  8.226E-04  6.772E-04  5.591E-04  4.505E-04  3.660E-04  2.933E-04  2.372E-04  1.872E-04  1.480E-04  1.169E-04  9.189E-05  7.128E-05  5.426E-05  4.093E-05  3.060E-05  2.267E-05  1.620E-05  1.153E-05  7.940E-06  5.384E-06  3.396E-06  1.966E-06  9.743E-07  3.504E-07  5.965E-08  5.009E-09  1.520E-10  1.081E-12  1.428E-15  9.630E-22  0.000E+00  0.000E+00  0.000E+00  0.000E+00  0.000E+00
  376.5000  1.678E-02  1.577E-02  1.478E-02  1.382E-02  1.289E-02  1.198E-02  1.110E-02  1.026E-02  9.454E-03  8.691E-03  7.771E-03  6.975E-03  6.288E-03  5.697E-03  5.190E-03  4.510E-03  4.041E-03  3.511E-03  3.124E-03  2.673E-03  2.300E-03  1.988E-03  1.712E-03  1.442E-03  1.211E-03  1.002E-03  8.200E-04  6.749E-04  5.571E-04  4.488E-04  3.645E-04  2.921E-04  2.361E-04  1.864E-04  1.473E-04  1.163E-04  9.144E-05  7.094E-05  5.400E-05  4.074E-05  3.046E-05  2.257E-05  1.613E-05  1.149E-05  7.910E-06  5.367E-06  3.389E-06  1.966E-06  9.778E-07  3.540E-07  6.105E-08  5.231E-09  1.637E-10  1.221E-12  1.721E-15  1.288E-21  0.000E+00  0.000E+00  0.000E+00  0.000E+00  0.000E+00
  377.5000  1.999E-02  1.879E-02  1.761E-02  1.647E-02  1.535E-02  1.427E-02  1.323E-02  1.222E-02  1.126E-02  1.035E-02  9.257E-03  8.308E-03  7.489E-03  6.785E-03  6.180E-03  5.370E-03  4.811E-03  4.179E-03  3.718E-03  3.181E-03  2.737E-03  2.365E-03  2.037E-03  1.715E-03  1.440E-03  1.191E-03  9.747E-04  8.020E-04  6.619E-04  5.331E-04  4.329E-04  3.468E-04  2.803E-04  2.212E-04  1.748E-04  1.380E-04  1.085E-04  8.417E-05  6.407E-05  4.834E-05  3.615E-05  2.679E-05  1.915E-05  1.364E-05  9.396E-06  6.378E-06  4.031E-06  2.343E-06  1.170E-06  4.263E-07  7.445E-08  6.507E-09  2.101E-10  1.642E-12  2.466E-15  2.046E-21  0.000E+00  0.000E+00  0.000E+00  0.000E+00  0.000E+00
  378.5000  2.180E-02  2.049E-02  1.920E-02  1.796E-02  1.674E-02  1.556E-02  1.442E-02  1.332E-02  1.228E-02  1.129E-02  1.009E-02  9.056E-03  8.162E-03  7.394E-03  6.735E-03  5.851E-03  5.241E-03  4.552E-03  4.050E-03  3.464E-03  2.980E-03  2.575E-03  2.218E-03  1.866E-03  1.567E-03  1.296E-03  1.060E-03  8.722E-04  7.196E-04  5.794E-04  4.705E-04  3.768E-04  3.045E-04  2.403E-04  1.898E-04  1.499E-04  1.178E-04  9.140E-05  6.957E-05  5.250E-05  3.926E-05  2.910E-05  2.081E-05  1.482E-05  1.021E-05  6.936E-06  4.388E-06  2.555E-06  1.280E-06  4.695E-07  8.302E-08  7.399E-09  2.463E-10  2.016E-12  3.225E-15  2.961E-21  0.000E+00  0.000E+00  0.000E+00  0.000E+00  0.000E+00
  379.5000  1.613E-02  1.516E-02  1.421E-02  1.329E-02  1.239E-02  1.152E-02  1.067E-02  9.860E-03  9.085E-03  8.351E-03  7.467E-03  6.700E-03  6.038E-03  5.470E-03  4.981E-03  4.327E-03  3.876E-03  3.366E-03  2.994E-03  2.561E-03  2.202E-03  1.903E-03  1.638E-03  1.379E-03  1.157E-03  9.570E-04  7.827E-04  6.438E-04  5.310E-04  4.275E-04  3.470E-04  2.779E-04  2.245E-04  1.771E-04  1.399E-04  1.105E-04  8.684E-05  6.736E-05  5.127E-05  3.869E-05  2.894E-05  2.145E-05  1.534E-05  1.093E-05  7.534E-06  5.119E-06  3.242E-06  1.891E-06  9.506E-07  3.509E-07  6.280E-08  5.707E-09  1.958E-10  1.677E-12  2.855E-15  2.899E-21  0.000E+00  0.000E+00  0.000E+00  0.000E+00  0.000E+00
  380.5000  1.942E-02  1.825E-02  1.710E-02  1.599E-02  1.491E-02  1.386E-02  1.284E-02  1.186E-02  1.093E-02  1.005E-02  8.982E-03  8.060E-03  7.263E-03  6.579E-03  5.990E-03  5.203E-03  4.660E-03  4.046E-03  3.598E-03  3.078E-03  2.646E-03  2.286E-03  1.968E-03  1.656E-03  1.390E-03  1.149E-03  9.395E-04  7.726E-04  6.372E-04  5.128E-04  4.162E-04  3.332E-04  2.692E-04  2.123E-04  1.677E-04  1.324E-04  1.041E-04  8.072E-05  6.144E-05  4.637E-05  3.468E-05  2.571E-05  1.839E-05  1.311E-05  9.037E-06  6.143E-06  3.894E-06  2.276E-06  1.148E-06  4.264E-07  7.725E-08  7.155E-09  2.529E-10  2.266E-12  4.100E-15  4.597E-21  0.000E+00  0.000E+00  0.000E+00  0.000E+00  0.000E+00
  381.5000  1.825E-02  1.715E-02  1.608E-02  1.503E-02  1.402E-02  1.303E-02  1.207E-02  1.115E-02  1.028E-02  9.444E-03  8.443E-03  7.575E-03  6.826E-03  6.182E-03  5.629E-03  4.889E-03  4.378E-03  3.801E-03  3.380E-03  2.890E-03  2.485E-03  2.146E-03  1.847E-03  1.554E-03  1.304E-03  1.078E-03  8.812E-04  7.245E-04  5.974E-04  4.807E-04  3.900E-04  3.122E-04  2.521E-04  1.989E-04  1.571E-04  1.239E-04  9.743E-05  7.557E-05  5.753E-05  4.342E-05  3.248E-05  2.408E-05  1.723E-05  1.228E-05  8.470E-06  5.760E-06  3.655E-06  2.140E-06  1.083E-06  4.048E-07  7.422E-08  7.005E-09  2.549E-10  2.388E-12  4.590E-15  5.676E-21  0.000E+00  0.000E+00  0.000E+00  0.000E+00  0.000E+00
  382.5000  1.217E-02  1.144E-02  1.072E-02  1.002E-02  9.343E-03  8.684E-03  8.046E-03  7.434E-03  6.849E-03  6.295E-03  5.628E-03  5.049E-03  4.549E-03  4.120E-03  3.751E-03  3.257E-03  2.916E-03  2.531E-03  2.251E-03  1.924E-03  1.654E-03  1.429E-03  1.230E-03  1.034E-03  8.674E-04  7.170E-04  5.860E-04  4.817E-04  3.971E-04  3.195E-04  2.592E-04  2.074E-04  1.675E-04  1.321E-04  1.043E-04  8.228E-05  6.468E-05  5.017E-05  3.819E-05  2.883E-05  2.157E-05  1.599E-05  1.144E-05  8.157E-06  5.628E-06  3.829E-06  2.432E-06  1.427E-06  7.244E-07  2.724E-07  5.054E-08  4.860E-09  1.821E-10  1.782E-12  3.635E-15  4.951E-21  0.000E+00  0.000E+00  0.000E+00  0.000E+00  0.000E+00
  383.5000  1.069E-02  1.005E-02  9.417E-03  8.805E-03  8.208E-03  7.628E-03  7.068E-03  6.530E-03  6.016E-03  5.529E-03  4.943E-03  4.434E-03  3.995E-03  3.617E-03  3.293E-03  2.859E-03  2.560E-03  2.222E-03  1.975E-03  1.688E-03  1.451E-03  1.253E-03  1.078E-03  9.068E-04  7.605E-04  6.285E-04  5.135E-04  4.220E-04  3.478E-04  2.798E-04  2.269E-04  1.816E-04  1.466E-04  1.156E-04  9.124E-05  7.199E-05  5.658E-05  4.389E-05  3.341E-05  2.522E-05  1.887E-05  1.399E-05  1.002E-05  7.141E-06  4.928E-06  3.355E-06  2.132E-06  1.253E-06  6.383E-07  2.415E-07  4.532E-08  4.439E-09  1.711E-10  1.748E-12  3.784E-15  5.670E-21  0.000E+00  0.000E+00  0.000E+00  0.000E+00  0.000E+00
  384.5000  1.605E-02  1.509E-02  1.414E-02  1.322E-02  1.232E-02  1.145E-02  1.061E-02  9.803E-03  9.031E-03  8.300E-03  7.419E-03  6.656E-03  5.996E-03  5.429E-03  4.941E-03  4.290E-03  3.840E-03  3.333E-03  2.962E-03  2.532E-03  2.176E-03  1.879E-03  1.616E-03  1.359E-03  1.140E-03  9.416E-04  7.692E-04  6.320E-04  5.208E-04  4.188E-04  3.396E-04  2.716E-04  2.193E-04  1.728E-04  1.364E-04  1.076E-04  8.461E-05  6.562E-05  4.995E-05  3.771E-05  2.822E-05  2.093E-05  1.498E-05  1.068E-05  7.376E-06  5.023E-06  3.196E-06  1.881E-06  9.613E-07  3.658E-07  6.946E-08  6.928E-09  2.747E-10  2.929E-12  6.717E-15  1.106E-20  0.000E+00  0.000E+00  0.000E+00  0.000E+00  0.000E+00
  385.5000  1.589E-02  1.493E-02  1.400E-02  1.309E-02  1.220E-02  1.134E-02  1.050E-02  9.703E-03  8.939E-03  8.214E-03  7.343E-03  6.587E-03  5.934E-03  5.372E-03  4.889E-03  4.244E-03  3.799E-03  3.296E-03  2.929E-03  2.503E-03  2.151E-03  1.857E-03  1.597E-03  1.343E-03  1.126E-03  9.301E-04  7.596E-04  6.240E-04  5.141E-04  4.133E-04  3.350E-04  2.680E-04  2.163E-04  1.704E-04  1.345E-04  1.061E-04  8.340E-05  6.469E-05  4.924E-05  3.718E-05  2.782E-05  2.064E-05  1.478E-05  1.054E-05  7.277E-06  4.958E-06  3.157E-06  1.862E-06  9.544E-07  3.653E-07  7.016E-08  7.124E-09  2.905E-10  3.230E-12  7.843E-15  1.418E-20  0.000E+00  0.000E+00  0.000E+00  0.000E+00  0.000E+00
  386.5000  1.621E-02  1.523E-02  1.427E-02  1.335E-02  1.244E-02  1.156E-02  1.071E-02  9.895E-03  9.115E-03  8.375E-03  7.487E-03  6.715E-03  6.049E-03  5.476E-03  4.983E-03  4.325E-03  3.871E-03  3.358E-03  2.984E-03  2.550E-03  2.191E-03  1.891E-03  1.626E-03  1.367E-03  1.146E-03  9.464E-04  7.728E-04  6.346E-04  5.228E-04  4.202E-04  3.406E-04  2.723E-04  2.197E-04  1.731E-04  1.366E-04  1.078E-04  8.470E-05  6.569E-05  5.001E-05  3.776E-05  2.826E-05  2.096E-05  1.501E-05  1.071E-05  7.397E-06  5.042E-06  3.213E-06  1.898E-06  9.760E-07  3.758E-07  7.298E-08  7.543E-09  3.161E-10  3.664E-12  9.415E-15  1.866E-20  0.000E+00  0.000E+00  0.000E+00  0.000E+00  0.000E+00
  387.5000  1.507E-02  1.416E-02  1.327E-02  1.241E-02  1.157E-02  1.075E-02  9.958E-03  9.199E-03  8.473E-03  7.786E-03  6.960E-03  6.242E-03  5.622E-03  5.089E-03  4.630E-03  4.019E-03  3.596E-03  3.120E-03  2.772E-03  2.368E-03  2.034E-03  1.756E-03  1.510E-03  1.269E-03  1.063E-03  8.780E-04  7.167E-04  5.885E-04  4.846E-04  3.894E-04  3.156E-04  2.523E-04  2.035E-04  1.604E-04  1.265E-04  9.979E-05  7.842E-05  6.082E-05  4.630E-05  3.496E-05  2.617E-05  1.941E-05  1.391E-05  9.920E-06  6.855E-06  4.674E-06  2.981E-06  1.764E-06  9.098E-07  3.523E-07  6.918E-08  7.276E-09  3.133E-10  3.784E-12  1.028E-14  2.231E-20  0.000E+00  0.000E+00  0.000E+00  0.000E+00  0.000E+00
  388.5000  1.511E-02  1.420E-02  1.331E-02  1.244E-02  1.160E-02  1.078E-02  9.985E-03  9.223E-03  8.495E-03  7.805E-03  6.977E-03  6.258E-03  5.636E-03  5.100E-03  4.641E-03  4.027E-03  3.603E-03  3.125E-03  2.776E-03  2.372E-03  2.037E-03  1.758E-03  1.511E-03  1.270E-03  1.064E-03  8.785E-04  7.170E-04  5.886E-04  4.846E-04  3.893E-04  3.154E-04  2.521E-04  2.033E-04  1.602E-04  1.264E-04  9.964E-05  7.830E-05  6.073E-05  4.623E-05  3.491E-05  2.613E-05  1.939E-05  1.389E-05  9.911E-06  6.850E-06  4.673E-06  2.983E-06  1.768E-06  9.145E-07  3.561E-07  7.069E-08  7.565E-09  3.346E-10  4.208E-12  1.208E-14  2.869E-20  0.000E+00  0.000E+00  0.000E+00  0.000E+00  0.000E+00
  389.5000  1.906E-02  1.791E-02  1.679E-02  1.570E-02  1.463E-02  1.360E-02  1.260E-02  1.164E-02  1.072E-02  9.846E-03  8.801E-03  7.893E-03  7.108E-03  6.432E-03  5.852E-03  5.078E-03  4.542E-03  3.939E-03  3.499E-03  2.989E-03  2.566E-03  2.214E-03  1.903E-03  1.599E-03  1.340E-03  1.106E-03  9.024E-04  7.406E-04  6.096E-04  4.897E-04  3.966E-04  3.170E-04  2.556E-04  2.013E-04  1.588E-04  1.252E-04  9.838E-05  7.630E-05  5.808E-05  4.386E-05  3.283E-05  2.437E-05  1.746E-05  1.246E-05  8.614E-06  5.878E-06  3.756E-06  2.229E-06  1.157E-06  4.528E-07  9.088E-08  9.893E-09  4.493E-10  5.880E-12  1.782E-14  4.625E-20  0.000E+00  0.000E+00  0.000E+00  0.000E+00  0.000E+00
  390.5000  1.873E-02  1.760E-02  1.650E-02  1.543E-02  1.438E-02  1.336E-02  1.238E-02  1.143E-02  1.053E-02  9.675E-03  8.647E-03  7.755E-03  6.983E-03  6.319E-03  5.748E-03  4.987E-03  4.461E-03  3.868E-03  3.435E-03  2.934E-03  2.519E-03  2.173E-03  1.867E-03  1.569E-03  1.314E-03  1.084E-03  8.847E-04  7.259E-04  5.974E-04  4.797E-04  3.885E-04  3.104E-04  2.503E-04  1.971E-04  1.554E-04  1.225E-04  9.628E-05  7.466E-05  5.683E-05  4.292E-05  3.214E-05  2.385E-05  1.709E-05  1.220E-05  8.437E-06  5.759E-06  3.683E-06  2.189E-06  1.139E-06  4.485E-07  9.099E-08  1.007E-08  4.695E-10  6.392E-12  2.044E-14  5.791E-20  0.000E+00  0.000E+00  0.000E+00  0.000E+00  0.000E+00
  391.5000  2.224E-02  2.090E-02  1.959E-02  1.831E-02  1.707E-02  1.586E-02  1.469E-02  1.357E-02  1.250E-02  1.148E-02  1.026E-02  9.203E-03  8.286E-03  7.497E-03  6.819E-03  5.916E-03  5.291E-03  4.587E-03  4.074E-03  3.478E-03  2.986E-03  2.575E-03  2.213E-03  1.859E-03  1.556E-03  1.284E-03  1.048E-03  8.594E-04  7.071E-04  5.677E-04  4.597E-04  3.672E-04  2.960E-04  2.330E-04  1.837E-04  1.448E-04  1.138E-04  8.825E-05  6.718E-05  5.073E-05  3.799E-05  2.820E-05  2.021E-05  1.443E-05  9.981E-06  6.816E-06  4.362E-06  2.597E-06  1.355E-06  5.365E-07  1.100E-07  1.238E-08  5.922E-10  8.382E-12  2.826E-14  8.730E-20  0.000E+00  0.000E+00  0.000E+00  0.000E+00  0.000E+00
  392.5000  1.669E-02  1.568E-02  1.470E-02  1.374E-02  1.281E-02  1.190E-02  1.102E-02  1.018E-02  9.376E-03  8.613E-03  7.698E-03  6.903E-03  6.215E-03  5.623E-03  5.114E-03  4.436E-03  3.967E-03  3.439E-03  3.053E-03  2.607E-03  2.237E-03  1.929E-03  1.657E-03  1.392E-03  1.165E-03  9.616E-04  7.841E-04  6.431E-04  5.290E-04  4.246E-04  3.437E-04  2.745E-04  2.212E-04  1.741E-04  1.373E-04  1.082E-04  8.502E-05  6.593E-05  5.019E-05  3.790E-05  2.838E-05  2.107E-05  1.511E-05  1.079E-05  7.463E-06  5.098E-06  3.265E-06  1.947E-06  1.019E-06  4.055E-07  8.401E-08  9.612E-09  4.717E-10  6.937E-12  2.464E-14  8.294E-20  0.000E+00  0.000E+00  0.000E+00  0.000E+00  0.000E+00
  393.5000  7.258E-03  6.820E-03  6.392E-03  5.976E-03  5.570E-03  5.175E-03  4.794E-03  4.428E-03  4.078E-03  3.746E-03  3.348E-03  3.002E-03  2.702E-03  2.445E-03  2.223E-03  1.928E-03  1.724E-03  1.494E-03  1.327E-03  1.132E-03  9.717E-04  8.379E-04  7.196E-04  6.043E-04  5.059E-04  4.173E-04  3.402E-04  2.790E-04  2.294E-04  1.841E-04  1.490E-04  1.190E-04  9.587E-05  7.544E-05  5.948E-05  4.687E-05  3.682E-05  2.855E-05  2.174E-05  1.642E-05  1.229E-05  9.129E-06  6.545E-06  4.674E-06  3.235E-06  2.211E-06  1.417E-06  8.461E-07  4.441E-07  1.776E-07  3.718E-08  4.324E-09  2.176E-10  3.324E-12  1.243E-14  4.553E-20  0.000E+00  0.000E+00  0.000E+00  0.000E+00  0.000E+00
  394.5000  1.709E-02  1.605E-02  1.505E-02  1.407E-02  1.311E-02  1.218E-02  1.129E-02  1.042E-02  9.598E-03  8.816E-03  7.880E-03  7.065E-03  6.360E-03  5.752E-03  5.230E-03  4.537E-03  4.056E-03  3.515E-03  3.120E-03  2.663E-03  2.284E-03  1.970E-03  1.691E-03  1.420E-03  1.188E-03  9.802E-04  7.989E-04  6.550E-04  5.386E-04  4.321E-04  3.496E-04  2.791E-04  2.248E-04  1.769E-04  1.394E-04  1.099E-04  8.632E-05  6.693E-05  5.095E-05  3.848E-05  2.882E-05  2.140E-05  1.535E-05  1.096E-05  7.589E-06  5.188E-06  3.328E-06  1.990E-06  1.047E-06  4.210E-07  8.903E-08  1.052E-08  5.427E-10  8.607E-12  3.387E-14  1.349E-19  0.000E+00  0.000E+00  0.000E+00  0.000E+00  0.000E+00
  395.5000  2.199E-02  2.067E-02  1.937E-02  1.811E-02  1.688E-02  1.568E-02  1.453E-02  1.342E-02  1.235E-02  1.135E-02  1.014E-02  9.092E-03  8.184E-03  7.402E-03  6.729E-03  5.836E-03  5.217E-03  4.520E-03  4.012E-03  3.423E-03  2.937E-03  2.531E-03  2.173E-03  1.825E-03  1.527E-03  1.259E-03  1.026E-03  8.409E-04  6.913E-04  5.545E-04  4.486E-04  3.580E-04  2.883E-04  2.268E-04  1.788E-04  1.409E-04  1.106E-04  8.579E-05  6.530E-05  4.932E-05  3.695E-05  2.744E-05  1.968E-05  1.406E-05  9.734E-06  6.657E-06  4.273E-06  2.559E-06  1.350E-06  5.457E-07  1.166E-07  1.399E-08  7.397E-10  1.217E-11  5.038E-14  2.179E-19  0.000E+00  0.000E+00  0.000E+00  0.000E+00  0.000E+00
  396.5000  1.292E-02  1.214E-02  1.138E-02  1.064E-02  9.915E-03  9.213E-03  8.534E-03  7.881E-03  7.257E-03  6.665E-03  5.957E-03  5.340E-03  4.807E-03  4.347E-03  3.952E-03  3.427E-03  3.063E-03  2.654E-03  2.355E-03  2.009E-03  1.723E-03  1.485E-03  1.275E-03  1.070E-03  8.952E-04  7.381E-04  6.013E-04  4.927E-04  4.050E-04  3.248E-04  2.627E-04  2.096E-04  1.688E-04  1.327E-04  1.046E-04  8.241E-05  6.473E-05  5.019E-05  3.820E-05  2.886E-05  2.162E-05  1.606E-05  1.152E-05  8.228E-06  5.699E-06  3.899E-06  2.505E-06  1.502E-06  7.948E-07  3.228E-07  6.964E-08  8.492E-09  4.599E-10  7.850E-12  3.414E-14  1.602E-19  0.000E+00  0.000E+00  0.000E+00  0.000E+00  0.000E+00
  397.5000  1.492E-02  1.402E-02  1.314E-02  1.228E-02  1.145E-02  1.064E-02  9.852E-03  9.098E-03  8.378E-03  7.694E-03  6.876E-03  6.165E-03  5.548E-03  5.017E-03  4.560E-03  3.954E-03  3.534E-03  3.061E-03  2.716E-03  2.317E-03  1.987E-03  1.712E-03  1.469E-03  1.233E-03  1.032E-03  8.504E-04  6.926E-04  5.674E-04  4.663E-04  3.739E-04  3.023E-04  2.412E-04  1.941E-04  1.527E-04  1.203E-04  9.475E-05  7.442E-05  5.770E-05  4.392E-05  3.318E-05  2.485E-05  1.846E-05  1.325E-05  9.464E-06  6.557E-06  4.488E-06  2.885E-06  1.733E-06  9.192E-07  3.752E-07  8.175E-08  1.012E-08  5.616E-10  9.936E-12  4.538E-14  2.309E-19  0.000E+00  0.000E+00  0.000E+00  0.000E+00  0.000E+00
  398.5000  2.565E-02  2.410E-02  2.259E-02  2.112E-02  1.968E-02  1.829E-02  1.694E-02  1.564E-02  1.440E-02  1.323E-02  1.182E-02  1.060E-02  9.536E-03  8.622E-03  7.837E-03  6.794E-03  6.071E-03  5.259E-03  4.665E-03  3.979E-03  3.412E-03  2.940E-03  2.522E-03  2.116E-03  1.770E-03  1.459E-03  1.188E-03  9.730E-04  7.994E-04  6.408E-04  5.180E-04  4.132E-04  3.326E-04  2.615E-04  2.060E-04  1.622E-04  1.274E-04  9.877E-05  7.518E-05  5.679E-05  4.255E-05  3.161E-05  2.268E-05  1.621E-05  1.123E-05  7.691E-06  4.948E-06  2.976E-06  1.583E-06  6.493E-07  1.429E-07  1.796E-08  1.020E-09  1.870E-11  8.965E-14  4.940E-19  0.000E+00  0.000E+00  0.000E+00  0.000E+00  0.000E+00
  399.5000  2.669E-02  2.508E-02  2.351E-02  2.197E-02  2.048E-02  1.903E-02  1.762E-02  1.627E-02  1.498E-02  1.376E-02  1.230E-02  1.102E-02  9.920E-03  8.969E-03  8.151E-03  7.066E-03  6.313E-03  5.468E-03  4.850E-03  4.136E-03  3.546E-03  3.054E-03  2.620E-03  2.198E-03  1.838E-03  1.515E-03  1.233E-03  1.010E-03  8.295E-04  6.648E-04  5.373E-04  4.284E-04  3.448E-04  2.710E-04  2.135E-04  1.681E-04  1.320E-04  1.023E-04  7.789E-05  5.885E-05  4.410E-05  3.276E-05  2.351E-05  1.681E-05  1.165E-05  7.978E-06  5.136E-06  3.093E-06  1.649E-06  6.799E-07  1.510E-07  1.928E-08  1.121E-09  2.128E-11  1.070E-13  6.380E-19  0.000E+00  0.000E+00  0.000E+00  0.000E+00  0.000E+00
------------------------------------------------------------
Dose rates,W m-2
   1 = UV index (WMO, 1994; Webb et al., 2011)           
   2 = Previtamin-D3 (CIE 2006)                          
values at z =      0.025 km
Columns: time,sza,weighting spectra
time,hrs.  sza,deg.          1          2
   18.0000     88.318  3.850E-02  6.326E-04
   18.0167     88.505  3.607E-02  5.948E-04
   18.0333     88.691  3.373E-02  5.585E-04
   18.0500     88.878  3.147E-02  5.238E-04
   18.0667     89.065  2.930E-02  4.905E-04
   18.0833     89.252  2.721E-02  4.585E-04
   18.1000     89.439  2.521E-02  4.280E-04
   18.1167     89.627  2.330E-02  3.990E-04
   18.1333     89.815  2.149E-02  3.714E-04
   18.1500     90.003  1.979E-02  3.455E-04
   18.1667     90.191  1.778E-02  3.143E-04
   18.1833     90.380  1.603E-02  2.872E-04
   18.2000     90.569  1.453E-02  2.638E-04
   18.2167     90.758  1.323E-02  2.435E-04
   18.2333     90.947  1.212E-02  2.260E-04
   18.2500     91.136  1.064E-02  2.019E-04
   18.2667     91.326  9.605E-03  1.852E-04
   18.2833     91.515  8.439E-03  1.657E-04
   18.3000     91.706  7.580E-03  1.513E-04
   18.3167     91.896  6.578E-03  1.339E-04
   18.3333     92.086  5.737E-03  1.190E-04
   18.3500     92.277  5.025E-03  1.061E-04
   18.3667     92.468  4.393E-03  9.447E-05
   18.3833     92.659  3.766E-03  8.256E-05
   18.4000     92.850  3.219E-03  7.183E-05
   18.4167     93.041  2.709E-03  6.135E-05
   18.4333     93.233  2.265E-03  5.216E-05
   18.4500     93.425  1.898E-03  4.430E-05
   18.4667     93.617  1.592E-03  3.756E-05
   18.4833     93.809  1.301E-03  3.090E-05
   18.5000     94.001  1.071E-03  2.558E-05
   18.5167     94.194  8.652E-04  2.067E-05
   18.5333     94.387  7.041E-04  1.681E-05
   18.5500     94.580  5.566E-04  1.320E-05
   18.5667     94.773  4.382E-04  1.028E-05
   18.5833     94.966  3.428E-04  7.918E-06
   18.6000     95.160  2.652E-04  5.998E-06
   18.6167     95.353  2.014E-04  4.425E-06
   18.6333     95.547  1.490E-04  3.132E-06
   18.6500     95.741  1.077E-04  2.099E-06
   18.6667     95.936  7.554E-05  1.290E-06
   18.6833     96.130  5.161E-05  7.153E-07
   18.7000     96.325  3.320E-05  3.248E-07
   18.7167     96.519  2.127E-05  1.330E-07
   18.7333     96.714  1.311E-05  4.674E-08
   18.7500     96.909  8.039E-06  1.633E-08
   18.7667     97.105  4.532E-06  4.903E-09
   18.7833     97.300  2.304E-06  1.230E-09
   18.8000     97.495  9.841E-07  2.509E-10
   18.8167     97.691  2.975E-07  3.493E-11
   18.8333     97.887  4.141E-08  1.890E-12
   18.8500     98.083  3.015E-09  3.944E-14
   18.8667     98.280  9.622E-11  1.432E-16
   18.8833     98.476  1.052E-12  4.184E-20
   18.9000     98.673  3.406E-15  6.842E-25
   18.9167     98.869  1.342E-20  4.241E-34
   18.9333     99.066  0.000E+00  0.000E+00
   18.9500     99.263  0.000E+00  0.000E+00
   18.9667     99.461  0.000E+00  0.000E+00
   18.9833     99.658  0.000E+00  0.000E+00
   19.0000     99.855  0.000E+00  0.000E+00
------------------------------------------------------------
