Spectral Irradiance,W m-2 nm-1
values at z =      0.025 km
Columns: wavelength (nm),times (hrs.) or sza (deg.)
    wc,nm     18.000     18.017     18.033     18.050     18.067     18.083     18.100     18.117     18.133     18.150     18.167     18.183     18.200     18.217     18.233     18.250     18.267     18.283     18.300     18.317     18.333     18.350     18.367     18.383     18.400     18.417     18.433     18.450     18.467     18.483     18.500     18.517     18.533     18.550     18.567     18.583     18.600     18.617     18.633     18.650     18.667     18.683     18.700     18.717     18.733     18.750     18.767     18.783     18.800     18.817     18.833     18.850     18.867     18.883     18.900     18.917     18.933     18.950     18.967     18.983     19.000
    sza =      86.863     87.052     87.242     87.431     87.620     87.810     88.001     88.191     88.382     88.572     88.763     88.954     89.146     89.337     89.529     89.721     89.913     90.105     90.298     90.491     90.683     90.876     91.070     91.263     91.457     91.651     91.845     92.039     92.234     92.429     92.623     92.818     93.013     93.209     93.404     93.600     93.796     93.992     94.188     94.385     94.581     94.778     94.975     95.172     95.369     95.566     95.764     95.962     96.159     96.357     96.556     96.754     96.952     97.151     97.350     97.549     97.748     97.947     98.146     98.346     98.545
  280.5000  2.287E-29  2.223E-29  2.158E-29  2.092E-29  2.026E-29  1.960E-29  1.893E-29  1.826E-29  1.758E-29  1.690E-29  1.621E-29  1.552E-29  1.482E-29  1.413E-29  1.343E-29  1.275E-29  1.207E-29  1.125E-29  1.040E-29  9.662E-30  9.014E-30  8.441E-30  7.688E-30  7.046E-30  6.412E-30  5.806E-30  5.164E-30  4.621E-30  4.127E-30  3.593E-30  3.110E-30  2.675E-30  2.282E-30  1.885E-30  1.552E-30  1.269E-30  9.859E-31  7.471E-31  5.294E-31  3.608E-31  2.064E-31  9.863E-32  3.459E-32  6.901E-33  4.885E-34  4.932E-36  2.911E-39  9.809E-45  0.000E+00  0.000E+00  0.000E+00  0.000E+00  0.000E+00  0.000E+00  0.000E+00  0.000E+00  0.000E+00  0.000E+00  0.000E+00  0.000E+00  0.000E+00
  281.5000  8.937E-27  8.686E-27  8.432E-27  8.178E-27  7.921E-27  7.662E-27  7.401E-27  7.139E-27  6.874E-27  6.609E-27  6.341E-27  6.071E-27  5.801E-27  5.530E-27  5.260E-27  4.992E-27  4.728E-27  4.409E-27  4.077E-27  3.788E-27  3.535E-27  3.311E-27  3.016E-27  2.765E-27  2.517E-27  2.280E-27  2.027E-27  1.815E-27  1.622E-27  1.412E-27  1.223E-27  1.052E-27  8.980E-28  7.427E-28  6.124E-28  5.021E-28  3.923E-28  3.000E-28  2.157E-28  1.500E-28  8.896E-29  4.487E-29  1.711E-29  3.913E-30  3.482E-31  5.273E-33  5.979E-36  5.880E-41  0.000E+00  0.000E+00  0.000E+00  0.000E+00  0.000E+00  0.000E+00  0.000E+00  0.000E+00  0.000E+00  0.000E+00  0.000E+00  0.000E+00  0.000E+00
  282.5000  1.031E-24  1.002E-24  9.730E-25  9.437E-25  9.141E-25  8.843E-25  8.543E-25  8.241E-25  7.936E-25  7.631E-25  7.322E-25  7.012E-25  6.701E-25  6.389E-25  6.078E-25  5.770E-25  5.466E-25  5.098E-25  4.716E-25  4.382E-25  4.091E-25  3.833E-25  3.493E-25  3.203E-25  2.916E-25  2.642E-25  2.350E-25  2.105E-25  1.881E-25  1.638E-25  1.419E-25  1.221E-25  1.043E-25  8.635E-26  7.128E-26  5.857E-26  4.598E-26  3.543E-26  2.579E-26  1.825E-26  1.116E-26  5.896E-27  2.419E-27  6.238E-28  6.799E-29  1.475E-30  2.982E-33  7.888E-38  1.401E-45  0.000E+00  0.000E+00  0.000E+00  0.000E+00  0.000E+00  0.000E+00  0.000E+00  0.000E+00  0.000E+00  0.000E+00  0.000E+00  0.000E+00
  283.5000  2.032E-23  1.975E-23  1.918E-23  1.860E-23  1.802E-23  1.743E-23  1.684E-23  1.624E-23  1.564E-23  1.504E-23  1.444E-23  1.383E-23  1.321E-23  1.260E-23  1.199E-23  1.138E-23  1.078E-23  1.006E-23  9.308E-24  8.652E-24  8.077E-24  7.570E-24  6.900E-24  6.328E-24  5.762E-24  5.222E-24  4.646E-24  4.162E-24  3.719E-24  3.240E-24  2.807E-24  2.417E-24  2.065E-24  1.711E-24  1.413E-24  1.163E-24  9.157E-25  7.090E-25  5.202E-25  3.721E-25  2.320E-25  1.263E-25  5.435E-26  1.516E-26  1.889E-27  5.192E-29  1.536E-31  7.771E-36  1.906E-43  0.000E+00  0.000E+00  0.000E+00  0.000E+00  0.000E+00  0.000E+00  0.000E+00  0.000E+00  0.000E+00  0.000E+00  0.000E+00  0.000E+00
  284.5000  2.856E-21  2.776E-21  2.695E-21  2.614E-21  2.533E-21  2.450E-21  2.368E-21  2.284E-21  2.200E-21  2.116E-21  2.031E-21  1.945E-21  1.860E-21  1.774E-21  1.688E-21  1.604E-21  1.520E-21  1.418E-21  1.313E-21  1.221E-21  1.140E-21  1.069E-21  9.750E-22  8.946E-22  8.151E-22  7.389E-22  6.585E-22  5.895E-22  5.270E-22  4.594E-22  3.982E-22  3.430E-22  2.933E-22  2.432E-22  2.012E-22  1.659E-22  1.314E-22  1.026E-22  7.624E-23  5.554E-23  3.580E-23  2.050E-23  9.546E-24  3.036E-24  4.722E-25  1.927E-26  1.081E-28  1.644E-32  3.010E-39  0.000E+00  0.000E+00  0.000E+00  0.000E+00  0.000E+00  0.000E+00  0.000E+00  0.000E+00  0.000E+00  0.000E+00  0.000E+00  0.000E+00
  285.5000  6.947E-20  6.752E-20  6.555E-20  6.359E-20  6.160E-20  5.960E-20  5.759E-20  5.556E-20  5.353E-20  5.148E-20  4.942E-20  4.735E-20  4.527E-20  4.319E-20  4.111E-20  3.906E-20  3.703E-20  3.456E-20  3.200E-20  2.977E-20  2.782E-20  2.609E-20  2.380E-20  2.185E-20  1.991E-20  1.806E-20  1.608E-20  1.442E-20  1.290E-20  1.125E-20  9.753E-21  8.405E-21  7.190E-21  5.969E-21  4.942E-21  4.083E-21  3.245E-21  2.548E-21  1.912E-21  1.412E-21  9.328E-22  5.550E-22  2.747E-22  9.671E-23  1.791E-23  9.980E-25  9.259E-27  3.318E-30  2.840E-36  2.803E-45  0.000E+00  0.000E+00  0.000E+00  0.000E+00  0.000E+00  0.000E+00  0.000E+00  0.000E+00  0.000E+00  0.000E+00  0.000E+00
  286.5000  3.643E-18  3.540E-18  3.437E-18  3.334E-18  3.230E-18  3.125E-18  3.019E-18  2.913E-18  2.807E-18  2.700E-18  2.592E-18  2.483E-18  2.375E-18  2.266E-18  2.157E-18  2.050E-18  1.943E-18  1.814E-18  1.680E-18  1.564E-18  1.462E-18  1.371E-18  1.251E-18  1.149E-18  1.048E-18  9.505E-19  8.469E-19  7.596E-19  6.795E-19  5.927E-19  5.143E-19  4.434E-19  3.795E-19  3.152E-19  2.612E-19  2.161E-19  1.723E-19  1.358E-19  1.027E-19  7.659E-20  5.154E-20  3.156E-20  1.636E-20  6.231E-21  1.321E-21  9.371E-23  1.286E-24  8.956E-28  2.523E-33  1.233E-41  0.000E+00  0.000E+00  0.000E+00  0.000E+00  0.000E+00  0.000E+00  0.000E+00  0.000E+00  0.000E+00  0.000E+00  0.000E+00
  287.5000  1.098E-16  1.067E-16  1.036E-16  1.004E-16  9.730E-17  9.414E-17  9.097E-17  8.778E-17  8.456E-17  8.134E-17  7.810E-17  7.484E-17  7.157E-17  6.830E-17  6.504E-17  6.181E-17  5.863E-17  5.475E-17  5.072E-17  4.721E-17  4.415E-17  4.144E-17  3.783E-17  3.475E-17  3.170E-17  2.878E-17  2.565E-17  2.302E-17  2.060E-17  1.798E-17  1.561E-17  1.346E-17  1.153E-17  9.586E-18  7.951E-18  6.588E-18  5.266E-18  4.172E-18  3.177E-18  2.395E-18  1.643E-18  1.038E-18  5.651E-19  2.338E-19  5.724E-20  5.253E-21  1.097E-22  1.566E-25  1.606E-30  5.531E-38  0.000E+00  0.000E+00  0.000E+00  0.000E+00  0.000E+00  0.000E+00  0.000E+00  0.000E+00  0.000E+00  0.000E+00  0.000E+00
  288.5000  3.370E-15  3.275E-15  3.179E-15  3.083E-15  2.986E-15  2.889E-15  2.791E-15  2.693E-15  2.595E-15  2.496E-15  2.396E-15  2.297E-15  2.197E-15  2.097E-15  1.997E-15  1.898E-15  1.801E-15  1.682E-15  1.559E-15  1.452E-15  1.355E-15  1.275E-15  1.165E-15  1.071E-15  9.773E-16  8.876E-16  7.918E-16  7.110E-16  6.367E-16  5.560E-16  4.830E-16  4.169E-16  3.573E-16  2.973E-16  2.469E-16  2.049E-16  1.643E-16  1.308E-16  1.004E-16  7.652E-17  5.358E-17  3.495E-17  2.007E-17  9.079E-18  2.601E-18  3.166E-19  1.049E-20  3.299E-23  1.393E-27  4.054E-34  7.006E-45  0.000E+00  0.000E+00  0.000E+00  0.000E+00  0.000E+00  0.000E+00  0.000E+00  0.000E+00  0.000E+00  0.000E+00
  289.5000  6.788E-14  6.594E-14  6.400E-14  6.206E-14  6.010E-14  5.814E-14  5.617E-14  5.420E-14  5.221E-14  5.022E-14  4.822E-14  4.621E-14  4.420E-14  4.219E-14  4.018E-14  3.820E-14  3.625E-14  3.387E-14  3.140E-14  2.924E-14  2.736E-14  2.571E-14  2.349E-14  2.160E-14  1.973E-14  1.792E-14  1.600E-14  1.437E-14  1.288E-14  1.125E-14  9.778E-15  8.444E-15  7.242E-15  6.032E-15  5.011E-15  4.164E-15  3.347E-15  2.673E-15  2.062E-15  1.585E-15  1.126E-15  7.513E-16  4.482E-16  2.166E-16  6.973E-17  1.047E-17  4.900E-19  2.766E-21  3.292E-25  4.503E-31  1.139E-40  0.000E+00  0.000E+00  0.000E+00  0.000E+00  0.000E+00  0.000E+00  0.000E+00  0.000E+00  0.000E+00  0.000E+00
  290.5000  8.126E-13  7.893E-13  7.659E-13  7.425E-13  7.190E-13  6.955E-13  6.718E-13  6.481E-13  6.243E-13  6.005E-13  5.765E-13  5.525E-13  5.285E-13  5.044E-13  4.805E-13  4.568E-13  4.335E-13  4.051E-13  3.756E-13  3.499E-13  3.275E-13  3.078E-13  2.814E-13  2.588E-13  2.364E-13  2.149E-13  1.919E-13  1.725E-13  1.546E-13  1.352E-13  1.176E-13  1.016E-13  8.716E-14  7.265E-14  6.040E-14  5.023E-14  4.045E-14  3.239E-14  2.511E-14  1.941E-14  1.395E-14  9.484E-15  5.836E-15  2.976E-15  1.054E-15  1.882E-16  1.171E-17  1.076E-19  3.042E-23  1.519E-28  3.312E-37  0.000E+00  0.000E+00  0.000E+00  0.000E+00  0.000E+00  0.000E+00  0.000E+00  0.000E+00  0.000E+00  0.000E+00
  291.5000  8.914E-12  8.656E-12  8.397E-12  8.139E-12  7.879E-12  7.620E-12  7.359E-12  7.098E-12  6.836E-12  6.574E-12  6.311E-12  6.048E-12  5.784E-12  5.521E-12  5.259E-12  5.001E-12  4.746E-12  4.436E-12  4.114E-12  3.833E-12  3.589E-12  3.374E-12  3.086E-12  2.840E-12  2.596E-12  2.361E-12  2.110E-12  1.897E-12  1.702E-12  1.489E-12  1.296E-12  1.120E-12  9.619E-13  8.025E-13  6.677E-13  5.560E-13  4.487E-13  3.603E-13  2.806E-13  2.183E-13  1.588E-13  1.102E-13  7.007E-14  3.784E-14  1.485E-14  3.200E-15  2.720E-16  4.280E-18  3.163E-21  6.714E-26  1.653E-33  3.643E-44  0.000E+00  0.000E+00  0.000E+00  0.000E+00  0.000E+00  0.000E+00  0.000E+00  0.000E+00  0.000E+00
  292.5000  5.960E-11  5.785E-11  5.611E-11  5.437E-11  5.262E-11  5.087E-11  4.912E-11  4.736E-11  4.560E-11  4.385E-11  4.209E-11  4.032E-11  3.856E-11  3.681E-11  3.506E-11  3.333E-11  3.164E-11  2.957E-11  2.743E-11  2.556E-11  2.394E-11  2.251E-11  2.059E-11  1.896E-11  1.734E-11  1.578E-11  1.410E-11  1.270E-11  1.139E-11  9.973E-12  8.683E-12  7.513E-12  6.455E-12  5.390E-12  4.488E-12  3.741E-12  3.024E-12  2.434E-12  1.902E-12  1.488E-12  1.093E-12  7.707E-13  5.037E-13  2.854E-13  1.223E-13  3.090E-14  3.427E-15  8.508E-17  1.405E-19  9.890E-24  1.766E-30  6.542E-40  0.000E+00  0.000E+00  0.000E+00  0.000E+00  0.000E+00  0.000E+00  0.000E+00  0.000E+00  0.000E+00
  293.5000  4.525E-10  4.391E-10  4.257E-10  4.123E-10  3.989E-10  3.855E-10  3.721E-10  3.587E-10  3.453E-10  3.319E-10  3.185E-10  3.051E-10  2.917E-10  2.783E-10  2.651E-10  2.520E-10  2.392E-10  2.236E-10  2.074E-10  1.933E-10  1.811E-10  1.703E-10  1.558E-10  1.435E-10  1.313E-10  1.195E-10  1.069E-10  9.627E-11  8.646E-11  7.575E-11  6.600E-11  5.714E-11  4.914E-11  4.106E-11  3.422E-11  2.855E-11  2.312E-11  1.865E-11  1.462E-11  1.149E-11  8.519E-12  6.090E-12  4.079E-12  2.414E-12  1.119E-12  3.272E-13  4.634E-14  1.758E-15  6.154E-18  1.334E-21  1.540E-27  8.135E-36  0.000E+00  0.000E+00  0.000E+00  0.000E+00  0.000E+00  0.000E+00  0.000E+00  0.000E+00  0.000E+00
  294.5000  1.846E-09  1.790E-09  1.735E-09  1.680E-09  1.625E-09  1.570E-09  1.514E-09  1.459E-09  1.404E-09  1.349E-09  1.295E-09  1.240E-09  1.185E-09  1.131E-09  1.077E-09  1.023E-09  9.711E-10  9.076E-10  8.418E-10  7.847E-10  7.350E-10  6.914E-10  6.328E-10  5.829E-10  5.335E-10  4.859E-10  4.348E-10  3.917E-10  3.520E-10  3.085E-10  2.690E-10  2.330E-10  2.005E-10  1.677E-10  1.399E-10  1.168E-10  9.469E-11  7.651E-11  6.016E-11  4.746E-11  3.542E-11  2.561E-11  1.749E-11  1.072E-11  5.303E-12  1.749E-12  3.036E-13  1.633E-14  1.055E-16  5.669E-20  2.893E-25  1.247E-32  7.189E-43  0.000E+00  0.000E+00  0.000E+00  0.000E+00  0.000E+00  0.000E+00  0.000E+00  0.000E+00
  295.5000  1.053E-08  1.021E-08  9.885E-09  9.566E-09  9.247E-09  8.928E-09  8.610E-09  8.293E-09  7.977E-09  7.662E-09  7.347E-09  7.032E-09  6.719E-09  6.408E-09  6.100E-09  5.797E-09  5.500E-09  5.140E-09  4.766E-09  4.443E-09  4.162E-09  3.915E-09  3.584E-09  3.302E-09  3.023E-09  2.754E-09  2.466E-09  2.224E-09  1.998E-09  1.753E-09  1.529E-09  1.326E-09  1.142E-09  9.560E-10  7.979E-10  6.669E-10  5.415E-10  4.383E-10  3.456E-10  2.736E-10  2.056E-10  1.503E-10  1.046E-10  6.635E-11  3.501E-11  1.302E-11  2.772E-12  2.130E-13  2.581E-15  3.561E-18  8.567E-23  3.320E-29  4.179E-38  0.000E+00  0.000E+00  0.000E+00  0.000E+00  0.000E+00  0.000E+00  0.000E+00  0.000E+00
  296.5000  3.669E-08  3.554E-08  3.441E-08  3.328E-08  3.215E-08  3.102E-08  2.990E-08  2.878E-08  2.767E-08  2.656E-08  2.546E-08  2.436E-08  2.326E-08  2.218E-08  2.110E-08  2.004E-08  1.901E-08  1.776E-08  1.647E-08  1.535E-08  1.437E-08  1.352E-08  1.238E-08  1.141E-08  1.045E-08  9.519E-09  8.528E-09  7.692E-09  6.917E-09  6.072E-09  5.301E-09  4.599E-09  3.964E-09  3.321E-09  2.774E-09  2.321E-09  1.887E-09  1.530E-09  1.209E-09  9.600E-10  7.253E-10  5.351E-10  3.784E-10  2.471E-10  1.377E-10  5.680E-11  1.443E-11  1.508E-12  3.139E-14  9.691E-17  8.676E-21  2.126E-26  3.479E-34  1.822E-44  0.000E+00  0.000E+00  0.000E+00  0.000E+00  0.000E+00  0.000E+00  0.000E+00
  297.5000  1.301E-07  1.259E-07  1.218E-07  1.178E-07  1.137E-07  1.096E-07  1.056E-07  1.016E-07  9.760E-08  9.364E-08  8.970E-08  8.577E-08  8.187E-08  7.800E-08  7.418E-08  7.044E-08  6.678E-08  6.237E-08  5.781E-08  5.386E-08  5.043E-08  4.743E-08  4.343E-08  4.002E-08  3.665E-08  3.340E-08  2.994E-08  2.701E-08  2.430E-08  2.135E-08  1.865E-08  1.619E-08  1.396E-08  1.171E-08  9.791E-09  8.197E-09  6.674E-09  5.417E-09  4.290E-09  3.415E-09  2.592E-09  1.927E-09  1.381E-09  9.234E-10  5.390E-10  2.426E-10  7.170E-11  9.776E-12  3.253E-13  2.028E-15  5.717E-19  7.014E-24  1.084E-30  1.171E-39  0.000E+00  0.000E+00  0.000E+00  0.000E+00  0.000E+00  0.000E+00  0.000E+00
  298.5000  2.633E-07  2.548E-07  2.462E-07  2.378E-07  2.294E-07  2.211E-07  2.128E-07  2.046E-07  1.964E-07  1.883E-07  1.803E-07  1.723E-07  1.643E-07  1.565E-07  1.487E-07  1.412E-07  1.338E-07  1.249E-07  1.157E-07  1.078E-07  1.009E-07  9.484E-08  8.682E-08  7.999E-08  7.327E-08  6.679E-08  5.987E-08  5.405E-08  4.863E-08  4.274E-08  3.736E-08  3.246E-08  2.802E-08  2.352E-08  1.968E-08  1.649E-08  1.344E-08  1.092E-08  8.666E-09  6.913E-09  5.267E-09  3.940E-09  2.854E-09  1.948E-09  1.182E-09  5.733E-10  1.930E-10  3.309E-11  1.648E-12  1.880E-14  1.414E-17  6.821E-22  7.034E-28  9.176E-36  0.000E+00  0.000E+00  0.000E+00  0.000E+00  0.000E+00  0.000E+00  0.000E+00
  299.5000  9.770E-07  9.443E-07  9.119E-07  8.800E-07  8.482E-07  8.167E-07  7.854E-07  7.545E-07  7.237E-07  6.934E-07  6.632E-07  6.332E-07  6.036E-07  5.744E-07  5.456E-07  5.174E-07  4.899E-07  4.571E-07  4.233E-07  3.941E-07  3.687E-07  3.465E-07  3.172E-07  2.922E-07  2.676E-07  2.439E-07  2.187E-07  1.975E-07  1.777E-07  1.563E-07  1.367E-07  1.189E-07  1.026E-07  8.627E-08  7.222E-08  6.057E-08  4.943E-08  4.022E-08  3.196E-08  2.554E-08  1.953E-08  1.469E-08  1.074E-08  7.459E-09  4.682E-09  2.426E-09  9.165E-10  1.932E-10  1.390E-11  2.762E-13  5.146E-16  8.889E-20  5.466E-25  7.509E-32  2.771E-41  0.000E+00  0.000E+00  0.000E+00  0.000E+00  0.000E+00  0.000E+00
  300.5000  1.370E-06  1.323E-06  1.276E-06  1.231E-06  1.185E-06  1.140E-06  1.095E-06  1.051E-06  1.008E-06  9.646E-07  9.218E-07  8.796E-07  8.378E-07  7.966E-07  7.561E-07  7.165E-07  6.780E-07  6.323E-07  5.852E-07  5.444E-07  5.091E-07  4.783E-07  4.376E-07  4.030E-07  3.690E-07  3.363E-07  3.016E-07  2.723E-07  2.452E-07  2.157E-07  1.887E-07  1.642E-07  1.419E-07  1.194E-07  1.000E-07  8.393E-08  6.858E-08  5.584E-08  4.445E-08  3.558E-08  2.728E-08  2.061E-08  1.518E-08  1.069E-08  6.891E-09  3.764E-09  1.562E-09  3.894E-10  3.769E-11  1.173E-12  4.525E-15  2.140E-18  5.251E-23  4.379E-29  1.897E-37  0.000E+00  0.000E+00  0.000E+00  0.000E+00  0.000E+00  0.000E+00
  301.5000  4.272E-06  4.120E-06  3.970E-06  3.822E-06  3.676E-06  3.532E-06  3.390E-06  3.250E-06  3.111E-06  2.975E-06  2.840E-06  2.706E-06  2.575E-06  2.446E-06  2.319E-06  2.194E-06  2.076E-06  1.934E-06  1.788E-06  1.662E-06  1.553E-06  1.458E-06  1.334E-06  1.227E-06  1.124E-06  1.024E-06  9.179E-07  8.290E-07  7.460E-07  6.567E-07  5.750E-07  5.006E-07  4.329E-07  3.646E-07  3.057E-07  2.568E-07  2.101E-07  1.713E-07  1.366E-07  1.095E-07  8.419E-08  6.387E-08  4.739E-08  3.383E-08  2.241E-08  1.291E-08  5.895E-09  1.748E-09  2.308E-10  1.154E-11  9.655E-14  1.338E-16  1.446E-20  8.442E-26  5.358E-33  7.042E-42  0.000E+00  0.000E+00  0.000E+00  0.000E+00  0.000E+00
  302.5000  7.240E-06  6.975E-06  6.714E-06  6.458E-06  6.205E-06  5.955E-06  5.710E-06  5.468E-06  5.229E-06  4.995E-06  4.763E-06  4.536E-06  4.311E-06  4.091E-06  3.876E-06  3.666E-06  3.461E-06  3.224E-06  2.979E-06  2.767E-06  2.584E-06  2.424E-06  2.216E-06  2.038E-06  1.865E-06  1.699E-06  1.523E-06  1.375E-06  1.239E-06  1.090E-06  9.546E-07  8.313E-07  7.193E-07  6.063E-07  5.088E-07  4.276E-07  3.502E-07  2.858E-07  2.281E-07  1.831E-07  1.411E-07  1.074E-07  8.004E-08  5.765E-08  3.888E-08  2.321E-08  1.131E-08  3.773E-09  6.152E-10  4.242E-11  5.995E-13  1.699E-15  4.834E-19  9.992E-24  3.623E-30  4.082E-38  1.401E-45  0.000E+00  0.000E+00  0.000E+00  0.000E+00
  303.5000  1.810E-05  1.741E-05  1.673E-05  1.607E-05  1.541E-05  1.477E-05  1.414E-05  1.352E-05  1.291E-05  1.231E-05  1.172E-05  1.115E-05  1.058E-05  1.003E-05  9.489E-06  8.961E-06  8.454E-06  7.861E-06  7.256E-06  6.733E-06  6.280E-06  5.885E-06  5.375E-06  4.940E-06  4.518E-06  4.112E-06  3.685E-06  3.327E-06  2.995E-06  2.636E-06  2.310E-06  2.013E-06  1.743E-06  1.470E-06  1.235E-06  1.039E-06  8.520E-07  6.959E-07  5.564E-07  4.472E-07  3.454E-07  2.637E-07  1.977E-07  1.438E-07  9.892E-08  6.144E-08  3.219E-08  1.228E-08  2.546E-09  2.543E-10  6.587E-12  4.310E-14  3.868E-17  3.604E-21  1.038E-26  1.511E-33  3.396E-40  1.541E-44  1.401E-45  1.401E-45  0.000E+00
  304.5000  2.494E-05  2.396E-05  2.300E-05  2.206E-05  2.114E-05  2.024E-05  1.935E-05  1.848E-05  1.763E-05  1.679E-05  1.598E-05  1.518E-05  1.439E-05  1.362E-05  1.287E-05  1.215E-05  1.145E-05  1.064E-05  9.813E-06  9.097E-06  8.479E-06  7.940E-06  7.246E-06  6.656E-06  6.084E-06  5.535E-06  4.959E-06  4.476E-06  4.025E-06  3.546E-06  3.107E-06  2.708E-06  2.346E-06  1.981E-06  1.664E-06  1.401E-06  1.150E-06  9.401E-07  7.525E-07  6.052E-07  4.683E-07  3.583E-07  2.695E-07  1.972E-07  1.372E-07  8.726E-08  4.777E-08  1.974E-08  4.728E-09  5.886E-10  2.179E-11  2.329E-13  4.099E-16  9.157E-20  8.637E-25  5.327E-31  4.457E-37  3.703E-41  2.647E-42  2.102E-44  1.401E-45
  305.5000  4.750E-05  4.555E-05  4.363E-05  4.177E-05  3.994E-05  3.816E-05  3.641E-05  3.470E-05  3.304E-05  3.141E-05  2.982E-05  2.827E-05  2.675E-05  2.528E-05  2.384E-05  2.246E-05  2.113E-05  1.960E-05  1.805E-05  1.671E-05  1.555E-05  1.454E-05  1.325E-05  1.215E-05  1.110E-05  1.009E-05  9.030E-06  8.147E-06  7.326E-06  6.449E-06  5.652E-06  4.928E-06  4.270E-06  3.609E-06  3.036E-06  2.558E-06  2.103E-06  1.721E-06  1.380E-06  1.111E-06  8.616E-07  6.612E-07  4.995E-07  3.683E-07  2.602E-07  1.707E-07  9.906E-08  4.563E-08  1.333E-08  2.258E-09  1.386E-10  3.019E-12  1.448E-14  1.203E-17  6.808E-22  3.788E-27  2.410E-32  5.461E-36  2.499E-37  1.240E-39  2.386E-42
  306.5000  5.854E-05  5.607E-05  5.366E-05  5.132E-05  4.902E-05  4.678E-05  4.459E-05  4.246E-05  4.038E-05  3.835E-05  3.637E-05  3.444E-05  3.256E-05  3.073E-05  2.896E-05  2.726E-05  2.562E-05  2.374E-05  2.184E-05  2.020E-05  1.878E-05  1.755E-05  1.598E-05  1.465E-05  1.337E-05  1.215E-05  1.087E-05  9.803E-06  8.813E-06  7.755E-06  6.797E-06  5.926E-06  5.136E-06  4.344E-06  3.656E-06  3.081E-06  2.535E-06  2.076E-06  1.666E-06  1.342E-06  1.042E-06  8.009E-07  6.063E-07  4.487E-07  3.193E-07  2.126E-07  1.267E-07  6.139E-08  1.963E-08  3.822E-09  2.937E-10  8.712E-12  6.382E-14  9.228E-17  1.114E-20  1.568E-25  2.342E-30  8.229E-34  3.237E-35  1.350E-37  1.869E-40
  307.5000  1.193E-04  1.139E-04  1.087E-04  1.037E-04  9.883E-05  9.407E-05  8.943E-05  8.493E-05  8.056E-05  7.633E-05  7.219E-05  6.818E-05  6.429E-05  6.053E-05  5.690E-05  5.342E-05  5.009E-05  4.632E-05  4.253E-05  3.925E-05  3.641E-05  3.396E-05  3.088E-05  2.825E-05  2.575E-05  2.335E-05  2.087E-05  1.880E-05  1.689E-05  1.485E-05  1.302E-05  1.135E-05  9.838E-06  8.328E-06  7.014E-06  5.918E-06  4.876E-06  3.997E-06  3.213E-06  2.593E-06  2.017E-06  1.554E-06  1.181E-06  8.790E-07  6.326E-07  4.309E-07  2.684E-07  1.413E-07  5.281E-08  1.314E-08  1.519E-09  8.032E-11  1.337E-12  5.706E-15  3.040E-18  2.659E-22  2.167E-26  1.758E-29  4.851E-31  1.300E-33  7.813E-37
  308.5000  1.540E-04  1.470E-04  1.401E-04  1.335E-04  1.271E-04  1.208E-04  1.147E-04  1.088E-04  1.031E-04  9.749E-05  9.218E-05  8.697E-05  8.191E-05  7.705E-05  7.233E-05  6.783E-05  6.353E-05  5.870E-05  5.383E-05  4.962E-05  4.599E-05  4.284E-05  3.893E-05  3.559E-05  3.241E-05  2.937E-05  2.624E-05  2.362E-05  2.120E-05  1.865E-05  1.633E-05  1.424E-05  1.235E-05  1.045E-05  8.809E-06  7.435E-06  6.131E-06  5.029E-06  4.046E-06  3.267E-06  2.544E-06  1.963E-06  1.494E-06  1.115E-06  8.064E-07  5.548E-07  3.523E-07  1.924E-07  7.681E-08  2.119E-08  2.892E-09  1.921E-10  4.361E-12  2.795E-14  2.595E-17  4.455E-21  6.734E-25  7.531E-28  1.891E-29  4.586E-32  2.258E-35
  309.5000  1.775E-04  1.689E-04  1.606E-04  1.526E-04  1.449E-04  1.374E-04  1.302E-04  1.232E-04  1.164E-04  1.099E-04  1.036E-04  9.745E-05  9.156E-05  8.590E-05  8.045E-05  7.526E-05  7.032E-05  6.483E-05  5.932E-05  5.456E-05  5.046E-05  4.691E-05  4.254E-05  3.882E-05  3.529E-05  3.193E-05  2.848E-05  2.562E-05  2.297E-05  2.018E-05  1.767E-05  1.540E-05  1.335E-05  1.131E-05  9.535E-06  8.053E-06  6.648E-06  5.459E-06  4.398E-06  3.555E-06  2.774E-06  2.144E-06  1.636E-06  1.226E-06  8.928E-07  6.232E-07  4.067E-07  2.342E-07  1.034E-07  3.347E-08  5.966E-09  5.789E-10  2.254E-11  2.946E-13  7.278E-16  4.145E-19  1.904E-22  3.697E-25  7.513E-27  1.413E-29  4.221E-33
  310.5000  2.996E-04  2.845E-04  2.699E-04  2.559E-04  2.424E-04  2.294E-04  2.168E-04  2.047E-04  1.930E-04  1.818E-04  1.710E-04  1.606E-04  1.506E-04  1.409E-04  1.317E-04  1.230E-04  1.146E-04  1.055E-04  9.632E-05  8.841E-05  8.160E-05  7.570E-05  6.853E-05  6.243E-05  5.666E-05  5.119E-05  4.561E-05  4.097E-05  3.669E-05  3.222E-05  2.818E-05  2.455E-05  2.128E-05  1.804E-05  1.521E-05  1.285E-05  1.062E-05  8.727E-06  7.041E-06  5.696E-06  4.451E-06  3.447E-06  2.635E-06  1.980E-06  1.450E-06  1.023E-06  6.811E-07  4.079E-07  1.938E-07  7.060E-08  1.530E-08  1.952E-09  1.114E-10  2.409E-12  1.188E-14  1.568E-17  1.558E-20  4.462E-23  7.940E-25  1.286E-27  2.840E-31
  311.5000  4.487E-04  4.252E-04  4.026E-04  3.811E-04  3.603E-04  3.403E-04  3.211E-04  3.027E-04  2.850E-04  2.680E-04  2.516E-04  2.359E-04  2.208E-04  2.062E-04  1.925E-04  1.794E-04  1.670E-04  1.534E-04  1.399E-04  1.282E-04  1.181E-04  1.094E-04  9.894E-05  9.000E-05  8.159E-05  7.361E-05  6.552E-05  5.880E-05  5.260E-05  4.615E-05  4.035E-05  3.514E-05  3.045E-05  2.581E-05  2.177E-05  1.840E-05  1.522E-05  1.251E-05  1.010E-05  8.179E-06  6.399E-06  4.961E-06  3.798E-06  2.860E-06  2.102E-06  1.492E-06  1.007E-06  6.179E-07  3.079E-07  1.210E-07  2.975E-08  4.530E-09  3.311E-10  9.960E-12  7.752E-14  1.787E-16  2.985E-19  1.121E-21  1.868E-23  2.834E-26  5.367E-30
  312.5000  6.002E-04  5.664E-04  5.342E-04  5.035E-04  4.741E-04  4.461E-04  4.193E-04  3.937E-04  3.692E-04  3.459E-04  3.236E-04  3.022E-04  2.818E-04  2.624E-04  2.440E-04  2.265E-04  2.101E-04  1.923E-04  1.747E-04  1.595E-04  1.465E-04  1.352E-04  1.218E-04  1.105E-04  9.983E-05  8.980E-05  7.972E-05  7.137E-05  6.369E-05  5.596E-05  4.870E-05  4.235E-05  3.666E-05  3.108E-05  2.622E-05  2.216E-05  1.835E-05  1.511E-05  1.222E-05  9.904E-06  7.767E-06  6.035E-06  4.633E-06  3.501E-06  2.587E-06  1.857E-06  1.278E-06  8.170E-07  4.407E-07  1.972E-07  6.051E-08  1.262E-08  1.441E-09  7.833E-11  1.378E-12  8.540E-15  3.535E-17  2.075E-19  2.926E-21  3.648E-24  4.661E-28
  313.5000  7.384E-04  6.962E-04  6.560E-04  6.177E-04  5.811E-04  5.462E-04  5.130E-04  4.812E-04  4.509E-04  4.220E-04  3.944E-04  3.681E-04  3.429E-04  3.190E-04  2.963E-04  2.749E-04  2.547E-04  2.329E-04  2.115E-04  1.929E-04  1.770E-04  1.632E-04  1.470E-04  1.331E-04  1.202E-04  1.080E-04  9.584E-05  8.574E-05  7.647E-05  6.695E-05  5.840E-05  5.077E-05  4.394E-05  3.725E-05  3.142E-05  2.656E-05  2.200E-05  1.812E-05  1.467E-05  1.189E-05  9.332E-06  7.258E-06  5.577E-06  4.219E-06  3.124E-06  2.250E-06  1.559E-06  1.009E-06  5.568E-07  2.584E-07  8.413E-08  1.897E-08  2.397E-09  1.490E-10  3.154E-12  2.440E-14  1.238E-16  8.197E-19  1.164E-20  1.495E-23  1.969E-27
  314.5000  1.034E-03  9.705E-04  9.105E-04  8.537E-04  7.996E-04  7.482E-04  6.994E-04  6.532E-04  6.092E-04  5.676E-04  5.281E-04  4.906E-04  4.551E-04  4.215E-04  3.898E-04  3.600E-04  3.321E-04  3.024E-04  2.734E-04  2.484E-04  2.268E-04  2.083E-04  1.867E-04  1.684E-04  1.515E-04  1.356E-04  1.199E-04  1.069E-04  9.502E-05  8.290E-05  7.220E-05  6.264E-05  5.412E-05  4.585E-05  3.865E-05  3.267E-05  2.708E-05  2.232E-05  1.810E-05  1.469E-05  1.156E-05  9.013E-06  6.945E-06  5.272E-06  3.922E-06  2.849E-06  2.004E-06  1.337E-06  7.856E-07  4.043E-07  1.576E-07  4.605E-08  8.438E-09  8.645E-10  3.668E-11  6.619E-13  7.338E-15  7.144E-17  8.879E-19  9.767E-22  9.283E-26
  315.5000  1.135E-03  1.065E-03  9.991E-04  9.363E-04  8.765E-04  8.198E-04  7.659E-04  7.148E-04  6.663E-04  6.205E-04  5.770E-04  5.357E-04  4.967E-04  4.597E-04  4.249E-04  3.922E-04  3.616E-04  3.291E-04  2.974E-04  2.699E-04  2.464E-04  2.261E-04  2.026E-04  1.826E-04  1.642E-04  1.469E-04  1.297E-04  1.156E-04  1.027E-04  8.959E-05  7.794E-05  6.760E-05  5.838E-05  4.944E-05  4.168E-05  3.523E-05  2.921E-05  2.408E-05  1.954E-05  1.587E-05  1.249E-05  9.746E-06  7.516E-06  5.711E-06  4.255E-06  3.098E-06  2.189E-06  1.473E-06  8.784E-07  4.631E-07  1.876E-07  5.750E-08  1.117E-08  1.236E-09  5.832E-11  1.191E-12  1.478E-14  1.554E-16  1.983E-18  2.305E-21  2.373E-25
  316.5000  1.558E-03  1.459E-03  1.365E-03  1.275E-03  1.190E-03  1.110E-03  1.033E-03  9.604E-04  8.918E-04  8.272E-04  7.659E-04  7.081E-04  6.537E-04  6.024E-04  5.543E-04  5.095E-04  4.676E-04  4.237E-04  3.812E-04  3.445E-04  3.130E-04  2.860E-04  2.551E-04  2.289E-04  2.049E-04  1.825E-04  1.606E-04  1.425E-04  1.261E-04  1.097E-04  9.509E-05  8.223E-05  7.085E-05  5.992E-05  5.045E-05  4.260E-05  3.533E-05  2.914E-05  2.367E-05  1.925E-05  1.519E-05  1.188E-05  9.188E-06  7.004E-06  5.240E-06  3.840E-06  2.745E-06  1.887E-06  1.177E-06  6.694E-07  3.099E-07  1.155E-07  2.979E-08  4.838E-09  3.892E-10  1.513E-11  3.384E-13  4.778E-15  5.571E-17  5.863E-20  4.852E-24
  317.5000  2.203E-03  2.063E-03  1.930E-03  1.804E-03  1.683E-03  1.569E-03  1.461E-03  1.359E-03  1.262E-03  1.171E-03  1.084E-03  1.002E-03  9.255E-04  8.531E-04  7.852E-04  7.218E-04  6.627E-04  6.006E-04  5.404E-04  4.884E-04  4.439E-04  4.056E-04  3.619E-04  3.248E-04  2.908E-04  2.590E-04  2.279E-04  2.023E-04  1.790E-04  1.556E-04  1.350E-04  1.168E-04  1.006E-04  8.508E-05  7.163E-05  6.049E-05  5.018E-05  4.138E-05  3.363E-05  2.735E-05  2.159E-05  1.689E-05  1.306E-05  9.962E-06  7.456E-06  5.468E-06  3.914E-06  2.698E-06  1.690E-06  9.663E-07  4.505E-07  1.688E-07  4.361E-08  7.086E-09  5.701E-10  2.211E-11  4.945E-13  7.159E-15  8.819E-17  1.016E-19  9.712E-24
  318.5000  2.441E-03  2.285E-03  2.136E-03  1.994E-03  1.859E-03  1.730E-03  1.607E-03  1.491E-03  1.380E-03  1.277E-03  1.178E-03  1.085E-03  9.981E-04  9.162E-04  8.396E-04  7.684E-04  7.022E-04  6.334E-04  5.672E-04  5.102E-04  4.614E-04  4.194E-04  3.723E-04  3.325E-04  2.961E-04  2.624E-04  2.298E-04  2.030E-04  1.787E-04  1.547E-04  1.336E-04  1.151E-04  9.884E-05  8.339E-05  7.005E-05  5.905E-05  4.896E-05  4.037E-05  3.284E-05  2.673E-05  2.115E-05  1.660E-05  1.288E-05  9.856E-06  7.409E-06  5.467E-06  3.952E-06  2.775E-06  1.805E-06  1.100E-06  5.754E-07  2.557E-07  8.501E-08  1.951E-08  2.545E-09  1.769E-10  6.758E-12  1.280E-13  1.458E-15  1.544E-18  1.216E-22
  319.5000  3.195E-03  2.992E-03  2.797E-03  2.612E-03  2.435E-03  2.266E-03  2.105E-03  1.952E-03  1.808E-03  1.671E-03  1.542E-03  1.420E-03  1.306E-03  1.198E-03  1.097E-03  1.003E-03  9.165E-04  8.262E-04  7.393E-04  6.645E-04  6.005E-04  5.455E-04  4.838E-04  4.317E-04  3.842E-04  3.401E-04  2.975E-04  2.626E-04  2.310E-04  1.997E-04  1.723E-04  1.484E-04  1.273E-04  1.073E-04  9.009E-05  7.592E-05  6.294E-05  5.189E-05  4.222E-05  3.438E-05  2.722E-05  2.138E-05  1.660E-05  1.272E-05  9.573E-06  7.077E-06  5.130E-06  3.620E-06  2.377E-06  1.471E-06  7.899E-07  3.636E-07  1.267E-07  3.096E-08  4.413E-09  3.401E-10  1.430E-11  2.900E-13  3.399E-15  3.805E-18  3.242E-22
  320.5000  4.237E-03  3.969E-03  3.712E-03  3.466E-03  3.231E-03  3.007E-03  2.793E-03  2.590E-03  2.397E-03  2.216E-03  2.043E-03  1.880E-03  1.727E-03  1.583E-03  1.449E-03  1.324E-03  1.208E-03  1.088E-03  9.721E-04  8.726E-04  7.876E-04  7.146E-04  6.329E-04  5.639E-04  5.011E-04  4.431E-04  3.870E-04  3.411E-04  2.996E-04  2.586E-04  2.229E-04  1.917E-04  1.643E-04  1.384E-04  1.160E-04  9.773E-05  8.099E-05  6.675E-05  5.433E-05  4.425E-05  3.506E-05  2.755E-05  2.142E-05  1.643E-05  1.238E-05  9.166E-06  6.661E-06  4.721E-06  3.127E-06  1.963E-06  1.081E-06  5.174E-07  1.913E-07  5.073E-08  8.101E-09  7.156E-10  3.425E-11  7.547E-13  9.049E-15  1.061E-17  9.543E-22
  321.5000  5.252E-03  4.937E-03  4.633E-03  4.339E-03  4.056E-03  3.784E-03  3.522E-03  3.272E-03  3.032E-03  2.805E-03  2.588E-03  2.381E-03  2.183E-03  2.003E-03  1.830E-03  1.669E-03  1.519E-03  1.364E-03  1.214E-03  1.086E-03  9.764E-04  8.822E-04  7.776E-04  6.893E-04  6.094E-04  5.357E-04  4.651E-04  4.076E-04  3.558E-04  3.053E-04  2.614E-04  2.234E-04  1.904E-04  1.596E-04  1.332E-04  1.118E-04  9.239E-05  7.599E-05  6.183E-05  5.036E-05  3.999E-05  3.153E-05  2.461E-05  1.896E-05  1.437E-05  1.071E-05  7.856E-06  5.656E-06  3.862E-06  2.552E-06  1.543E-06  8.496E-07  3.876E-07  1.383E-07  3.363E-08  4.924E-09  3.747E-10  1.044E-11  1.171E-13  1.279E-16  9.793E-21
  322.5000  3.922E-03  3.676E-03  3.439E-03  3.212E-03  2.995E-03  2.788E-03  2.590E-03  2.401E-03  2.223E-03  2.054E-03  1.893E-03  1.742E-03  1.599E-03  1.465E-03  1.340E-03  1.224E-03  1.116E-03  1.004E-03  8.964E-04  8.040E-04  7.250E-04  6.572E-04  5.815E-04  5.175E-04  4.595E-04  4.058E-04  3.540E-04  3.117E-04  2.734E-04  2.358E-04  2.030E-04  1.743E-04  1.492E-04  1.256E-04  1.052E-04  8.857E-05  7.338E-05  6.047E-05  4.922E-05  4.010E-05  3.179E-05  2.501E-05  1.947E-05  1.495E-05  1.128E-05  8.372E-06  6.103E-06  4.349E-06  2.909E-06  1.856E-06  1.050E-06  5.219E-07  2.031E-07  5.790E-08  1.024E-08  1.024E-09  5.544E-11  1.355E-12  1.754E-14  2.347E-17  2.549E-21
  323.5000  6.519E-03  6.142E-03  5.777E-03  5.424E-03  5.081E-03  4.750E-03  4.431E-03  4.124E-03  3.829E-03  3.547E-03  3.277E-03  3.020E-03  2.776E-03  2.544E-03  2.326E-03  2.122E-03  1.932E-03  1.733E-03  1.542E-03  1.378E-03  1.238E-03  1.117E-03  9.829E-04  8.696E-04  7.672E-04  6.728E-04  5.825E-04  5.091E-04  4.430E-04  3.788E-04  3.234E-04  2.754E-04  2.339E-04  1.955E-04  1.627E-04  1.361E-04  1.123E-04  9.217E-05  7.493E-05  6.100E-05  4.847E-05  3.826E-05  2.993E-05  2.312E-05  1.757E-05  1.315E-05  9.691E-06  7.027E-06  4.862E-06  3.280E-06  2.062E-06  1.203E-06  6.015E-07  2.447E-07  7.193E-08  1.328E-08  1.267E-09  4.104E-11  4.833E-13  5.812E-16  4.997E-20
  324.5000  7.503E-03  7.068E-03  6.645E-03  6.237E-03  5.842E-03  5.460E-03  5.092E-03  4.738E-03  4.398E-03  4.074E-03  3.763E-03  3.467E-03  3.186E-03  2.921E-03  2.670E-03  2.436E-03  2.218E-03  1.990E-03  1.772E-03  1.583E-03  1.422E-03  1.284E-03  1.130E-03  1.001E-03  8.831E-04  7.748E-04  6.711E-04  5.869E-04  5.110E-04  4.372E-04  3.735E-04  3.183E-04  2.704E-04  2.261E-04  1.882E-04  1.575E-04  1.300E-04  1.068E-04  8.683E-05  7.070E-05  5.618E-05  4.436E-05  3.469E-05  2.680E-05  2.037E-05  1.524E-05  1.124E-05  8.149E-06  5.640E-06  3.806E-06  2.390E-06  1.390E-06  6.891E-07  2.768E-07  7.990E-08  1.442E-08  1.353E-09  4.446E-11  5.535E-13  7.269E-16  7.182E-20
  325.5000  7.866E-03  7.402E-03  6.952E-03  6.518E-03  6.098E-03  5.694E-03  5.305E-03  4.931E-03  4.573E-03  4.232E-03  3.906E-03  3.597E-03  3.300E-03  3.026E-03  2.765E-03  2.521E-03  2.295E-03  2.059E-03  1.832E-03  1.638E-03  1.471E-03  1.329E-03  1.170E-03  1.036E-03  9.147E-04  8.030E-04  6.961E-04  6.092E-04  5.309E-04  4.547E-04  3.888E-04  3.316E-04  2.821E-04  2.361E-04  1.967E-04  1.648E-04  1.361E-04  1.118E-04  9.098E-05  7.410E-05  5.887E-05  4.646E-05  3.632E-05  2.804E-05  2.129E-05  1.591E-05  1.172E-05  8.481E-06  5.848E-06  3.924E-06  2.437E-06  1.393E-06  6.718E-07  2.594E-07  7.068E-08  1.192E-08  1.058E-09  3.469E-11  4.622E-13  6.728E-16  7.814E-20
  326.5000  1.353E-02  1.281E-02  1.210E-02  1.142E-02  1.075E-02  1.009E-02  9.457E-03  8.842E-03  8.247E-03  7.673E-03  7.120E-03  6.588E-03  6.079E-03  5.593E-03  5.131E-03  4.696E-03  4.287E-03  3.853E-03  3.431E-03  3.072E-03  2.762E-03  2.496E-03  2.196E-03  1.942E-03  1.712E-03  1.499E-03  1.294E-03  1.129E-03  9.790E-04  8.337E-04  7.085E-04  6.006E-04  5.076E-04  4.222E-04  3.492E-04  2.908E-04  2.390E-04  1.954E-04  1.585E-04  1.289E-04  1.024E-04  8.094E-05  6.348E-05  4.924E-05  3.761E-05  2.830E-05  2.102E-05  1.539E-05  1.083E-05  7.506E-06  4.952E-06  3.111E-06  1.744E-06  8.404E-07  3.165E-07  7.922E-08  1.019E-08  4.048E-10  5.139E-12  7.131E-15  7.350E-19
  327.5000  1.122E-02  1.059E-02  9.988E-03  9.400E-03  8.827E-03  8.271E-03  7.734E-03  7.214E-03  6.714E-03  6.233E-03  5.771E-03  5.329E-03  4.907E-03  4.506E-03  4.126E-03  3.770E-03  3.436E-03  3.085E-03  2.746E-03  2.455E-03  2.206E-03  1.992E-03  1.752E-03  1.550E-03  1.366E-03  1.197E-03  1.035E-03  9.031E-04  7.845E-04  6.693E-04  5.699E-04  4.841E-04  4.101E-04  3.418E-04  2.835E-04  2.366E-04  1.948E-04  1.596E-04  1.296E-04  1.055E-04  8.383E-05  6.626E-05  5.193E-05  4.022E-05  3.067E-05  2.303E-05  1.706E-05  1.246E-05  8.723E-06  5.995E-06  3.892E-06  2.382E-06  1.278E-06  5.763E-07  1.967E-07  4.362E-08  5.033E-09  1.944E-10  2.669E-12  4.165E-15  5.210E-19
  328.5000  1.039E-02  9.811E-03  9.248E-03  8.703E-03  8.172E-03  7.657E-03  7.158E-03  6.676E-03  6.212E-03  5.767E-03  5.338E-03  4.928E-03  4.537E-03  4.165E-03  3.813E-03  3.483E-03  3.173E-03  2.848E-03  2.535E-03  2.265E-03  2.035E-03  1.836E-03  1.614E-03  1.427E-03  1.258E-03  1.102E-03  9.518E-04  8.305E-04  7.211E-04  6.149E-04  5.234E-04  4.445E-04  3.764E-04  3.136E-04  2.600E-04  2.169E-04  1.786E-04  1.463E-04  1.188E-04  9.664E-05  7.679E-05  6.070E-05  4.757E-05  3.685E-05  2.810E-05  2.111E-05  1.563E-05  1.142E-05  7.996E-06  5.497E-06  3.572E-06  2.189E-06  1.178E-06  5.346E-07  1.846E-07  4.174E-08  4.957E-09  1.983E-10  2.853E-12  4.787E-15  6.627E-19
  329.5000  1.769E-02  1.680E-02  1.593E-02  1.507E-02  1.423E-02  1.341E-02  1.261E-02  1.184E-02  1.108E-02  1.034E-02  9.633E-03  8.945E-03  8.286E-03  7.647E-03  7.040E-03  6.465E-03  5.922E-03  5.336E-03  4.760E-03  4.272E-03  3.852E-03  3.490E-03  3.073E-03  2.722E-03  2.402E-03  2.104E-03  1.817E-03  1.584E-03  1.373E-03  1.167E-03  9.901E-04  8.373E-04  7.058E-04  5.851E-04  4.822E-04  4.003E-04  3.280E-04  2.674E-04  2.164E-04  1.756E-04  1.394E-04  1.102E-04  8.656E-05  6.729E-05  5.156E-05  3.895E-05  2.906E-05  2.141E-05  1.521E-05  1.068E-05  7.214E-06  4.701E-06  2.797E-06  1.477E-06  6.395E-07  1.910E-07  2.957E-08  1.365E-09  1.915E-11  3.156E-14  4.119E-18
  330.5000  1.434E-02  1.358E-02  1.285E-02  1.213E-02  1.142E-02  1.073E-02  1.007E-02  9.420E-03  8.793E-03  8.188E-03  7.603E-03  7.040E-03  6.502E-03  5.985E-03  5.495E-03  5.032E-03  4.597E-03  4.134E-03  3.686E-03  3.297E-03  2.966E-03  2.682E-03  2.359E-03  2.087E-03  1.840E-03  1.611E-03  1.390E-03  1.212E-03  1.051E-03  8.945E-04  7.596E-04  6.434E-04  5.433E-04  4.513E-04  3.729E-04  3.102E-04  2.547E-04  2.081E-04  1.687E-04  1.370E-04  1.089E-04  8.609E-05  6.757E-05  5.246E-05  4.012E-05  3.024E-05  2.250E-05  1.653E-05  1.168E-05  8.144E-06  5.427E-06  3.460E-06  1.983E-06  9.886E-07  3.923E-07  1.053E-07  1.484E-08  6.694E-10  1.012E-11  1.864E-14  2.912E-18
  331.5000  1.385E-02  1.311E-02  1.239E-02  1.169E-02  1.100E-02  1.033E-02  9.686E-03  9.058E-03  8.449E-03  7.863E-03  7.297E-03  6.753E-03  6.232E-03  5.733E-03  5.260E-03  4.814E-03  4.395E-03  3.950E-03  3.521E-03  3.147E-03  2.830E-03  2.557E-03  2.248E-03  1.988E-03  1.752E-03  1.533E-03  1.324E-03  1.154E-03  1.000E-03  8.513E-04  7.230E-04  6.125E-04  5.173E-04  4.298E-04  3.552E-04  2.956E-04  2.428E-04  1.984E-04  1.608E-04  1.307E-04  1.038E-04  8.209E-05  6.442E-05  5.000E-05  3.823E-05  2.881E-05  2.142E-05  1.573E-05  1.111E-05  7.731E-06  5.139E-06  3.263E-06  1.858E-06  9.181E-07  3.597E-07  9.536E-08  1.337E-08  6.150E-10  9.782E-12  1.950E-14  3.425E-18
  332.5000  1.668E-02  1.586E-02  1.506E-02  1.427E-02  1.349E-02  1.274E-02  1.200E-02  1.127E-02  1.057E-02  9.883E-03  9.217E-03  8.573E-03  7.952E-03  7.352E-03  6.779E-03  6.235E-03  5.720E-03  5.161E-03  4.614E-03  4.141E-03  3.739E-03  3.392E-03  2.989E-03  2.650E-03  2.341E-03  2.052E-03  1.771E-03  1.545E-03  1.340E-03  1.138E-03  9.646E-04  8.150E-04  6.864E-04  5.682E-04  4.674E-04  3.875E-04  3.171E-04  2.581E-04  2.086E-04  1.691E-04  1.341E-04  1.060E-04  8.332E-05  6.484E-05  4.975E-05  3.765E-05  2.815E-05  2.080E-05  1.483E-05  1.047E-05  7.138E-06  4.717E-06  2.872E-06  1.575E-06  7.230E-07  2.337E-07  3.978E-08  2.042E-09  3.224E-11  6.455E-14  1.114E-17
  333.5000  1.437E-02  1.364E-02  1.292E-02  1.222E-02  1.153E-02  1.086E-02  1.020E-02  9.567E-03  8.948E-03  8.349E-03  7.768E-03  7.207E-03  6.683E-03  6.151E-03  5.658E-03  5.191E-03  4.750E-03  4.277E-03  3.816E-03  3.419E-03  3.080E-03  2.789E-03  2.454E-03  2.172E-03  1.916E-03  1.678E-03  1.448E-03  1.262E-03  1.094E-03  9.295E-04  7.882E-04  6.665E-04  5.619E-04  4.658E-04  3.839E-04  3.187E-04  2.612E-04  2.129E-04  1.723E-04  1.398E-04  1.110E-04  8.777E-05  6.894E-05  5.360E-05  4.107E-05  3.103E-05  2.315E-05  1.707E-05  1.212E-05  8.516E-06  5.754E-06  3.747E-06  2.225E-06  1.172E-06  5.065E-07  1.521E-07  2.427E-08  1.234E-09  2.080E-11  4.591E-14  9.245E-18
  334.5000  1.680E-02  1.596E-02  1.513E-02  1.433E-02  1.353E-02  1.276E-02  1.200E-02  1.127E-02  1.055E-02  9.853E-03  9.177E-03  8.525E-03  7.896E-03  7.291E-03  6.714E-03  6.167E-03  5.649E-03  5.091E-03  4.550E-03  4.076E-03  3.675E-03  3.330E-03  2.932E-03  2.596E-03  2.291E-03  2.006E-03  1.731E-03  1.509E-03  1.308E-03  1.111E-03  9.415E-04  7.955E-04  6.700E-04  5.549E-04  4.567E-04  3.788E-04  3.101E-04  2.525E-04  2.042E-04  1.656E-04  1.313E-04  1.039E-04  8.159E-05  6.347E-05  4.867E-05  3.681E-05  2.750E-05  2.030E-05  1.446E-05  1.018E-05  6.921E-06  4.548E-06  2.744E-06  1.483E-06  6.665E-07  2.107E-07  3.555E-08  1.891E-09  3.290E-11  7.660E-14  1.656E-17
  335.5000  1.880E-02  1.790E-02  1.701E-02  1.614E-02  1.529E-02  1.445E-02  1.363E-02  1.282E-02  1.204E-02  1.128E-02  1.053E-02  9.813E-03  9.115E-03  8.442E-03  7.796E-03  7.182E-03  6.599E-03  5.961E-03  5.332E-03  4.795E-03  4.335E-03  3.939E-03  3.474E-03  3.083E-03  2.726E-03  2.391E-03  2.065E-03  1.802E-03  1.563E-03  1.327E-03  1.124E-03  9.491E-04  7.985E-04  6.602E-04  5.422E-04  4.489E-04  3.668E-04  2.980E-04  2.406E-04  1.948E-04  1.544E-04  1.220E-04  9.590E-05  7.469E-05  5.737E-05  4.349E-05  3.258E-05  2.414E-05  1.726E-05  1.224E-05  8.407E-06  5.620E-06  3.491E-06  1.978E-06  9.563E-07  3.321E-07  6.169E-08  3.498E-09  6.194E-11  1.495E-13  3.371E-17
  336.5000  1.429E-02  1.359E-02  1.291E-02  1.224E-02  1.158E-02  1.094E-02  1.031E-02  9.693E-03  9.093E-03  8.509E-03  7.941E-03  7.391E-03  6.858E-03  6.346E-03  5.855E-03  5.388E-03  4.946E-03  4.464E-03  3.989E-03  3.585E-03  3.237E-03  2.939E-03  2.590E-03  2.297E-03  2.029E-03  1.779E-03  1.535E-03  1.339E-03  1.161E-03  9.859E-04  8.349E-04  7.049E-04  5.931E-04  4.905E-04  4.030E-04  3.338E-04  2.728E-04  2.218E-04  1.791E-04  1.451E-04  1.150E-04  9.089E-05  7.143E-05  5.561E-05  4.270E-05  3.235E-05  2.422E-05  1.793E-05  1.281E-05  9.071E-06  6.218E-06  4.141E-06  2.556E-06  1.433E-06  6.821E-07  2.327E-07  4.278E-08  2.461E-09  4.575E-11  1.190E-13  3.006E-17
  337.5000  1.464E-02  1.391E-02  1.319E-02  1.249E-02  1.179E-02  1.112E-02  1.046E-02  9.814E-03  9.188E-03  8.582E-03  7.993E-03  7.424E-03  6.873E-03  6.348E-03  5.844E-03  5.367E-03  4.916E-03  4.429E-03  3.950E-03  3.544E-03  3.194E-03  2.894E-03  2.547E-03  2.255E-03  1.989E-03  1.742E-03  1.503E-03  1.310E-03  1.135E-03  9.634E-04  8.162E-04  6.894E-04  5.804E-04  4.805E-04  3.953E-04  3.277E-04  2.682E-04  2.183E-04  1.765E-04  1.431E-04  1.135E-04  8.972E-05  7.049E-05  5.484E-05  4.207E-05  3.183E-05  2.379E-05  1.758E-05  1.253E-05  8.838E-06  6.018E-06  3.965E-06  2.403E-06  1.309E-06  5.956E-07  1.924E-07  3.377E-08  1.937E-09  3.816E-11  1.083E-13  3.133E-17
  338.5000  1.716E-02  1.634E-02  1.553E-02  1.474E-02  1.396E-02  1.319E-02  1.244E-02  1.171E-02  1.099E-02  1.030E-02  9.622E-03  8.963E-03  8.326E-03  7.712E-03  7.122E-03  6.561E-03  6.029E-03  5.445E-03  4.871E-03  4.379E-03  3.958E-03  3.597E-03  3.172E-03  2.815E-03  2.487E-03  2.182E-03  1.884E-03  1.644E-03  1.425E-03  1.210E-03  1.024E-03  8.640E-04  7.266E-04  6.003E-04  4.926E-04  4.077E-04  3.329E-04  2.703E-04  2.181E-04  1.765E-04  1.398E-04  1.105E-04  8.684E-05  6.764E-05  5.197E-05  3.942E-05  2.954E-05  2.191E-05  1.568E-05  1.113E-05  7.663E-06  5.138E-06  3.209E-06  1.836E-06  9.025E-07  3.222E-07  6.269E-08  3.844E-09  7.685E-11  2.250E-13  6.719E-17
  339.5000  1.893E-02  1.803E-02  1.714E-02  1.627E-02  1.542E-02  1.458E-02  1.376E-02  1.295E-02  1.216E-02  1.140E-02  1.065E-02  9.929E-03  9.227E-03  8.550E-03  7.899E-03  7.279E-03  6.691E-03  6.046E-03  5.411E-03  4.865E-03  4.399E-03  3.999E-03  3.527E-03  3.130E-03  2.767E-03  2.427E-03  2.096E-03  1.829E-03  1.585E-03  1.346E-03  1.139E-03  9.609E-04  8.078E-04  6.672E-04  5.472E-04  4.526E-04  3.694E-04  2.998E-04  2.418E-04  1.956E-04  1.549E-04  1.224E-04  9.618E-05  7.493E-05  5.759E-05  4.369E-05  3.277E-05  2.431E-05  1.742E-05  1.237E-05  8.534E-06  5.738E-06  3.601E-06  2.078E-06  1.036E-06  3.773E-07  7.538E-08  4.767E-09  9.881E-11  3.067E-13  9.952E-17
  340.5000  1.949E-02  1.855E-02  1.762E-02  1.671E-02  1.582E-02  1.494E-02  1.408E-02  1.324E-02  1.242E-02  1.163E-02  1.085E-02  1.010E-02  9.377E-03  8.678E-03  8.007E-03  7.370E-03  6.765E-03  6.106E-03  5.456E-03  4.902E-03  4.427E-03  4.019E-03  3.541E-03  3.140E-03  2.773E-03  2.430E-03  2.097E-03  1.829E-03  1.584E-03  1.344E-03  1.138E-03  9.601E-04  8.072E-04  6.670E-04  5.474E-04  4.530E-04  3.700E-04  3.004E-04  2.424E-04  1.963E-04  1.555E-04  1.229E-04  9.655E-05  7.519E-05  5.776E-05  4.379E-05  3.282E-05  2.432E-05  1.740E-05  1.234E-05  8.487E-06  5.678E-06  3.533E-06  2.010E-06  9.803E-07  3.478E-07  6.808E-08  4.342E-09  9.446E-11  3.158E-13  1.148E-16
  341.5000  1.828E-02  1.742E-02  1.657E-02  1.573E-02  1.491E-02  1.410E-02  1.331E-02  1.254E-02  1.178E-02  1.105E-02  1.033E-02  9.631E-03  8.955E-03  8.301E-03  7.673E-03  7.074E-03  6.506E-03  5.881E-03  5.264E-03  4.735E-03  4.283E-03  3.895E-03  3.437E-03  3.051E-03  2.698E-03  2.367E-03  2.044E-03  1.784E-03  1.546E-03  1.312E-03  1.111E-03  9.366E-04  7.871E-04  6.498E-04  5.325E-04  4.402E-04  3.591E-04  2.912E-04  2.348E-04  1.899E-04  1.503E-04  1.187E-04  9.329E-05  7.269E-05  5.589E-05  4.243E-05  3.184E-05  2.364E-05  1.696E-05  1.207E-05  8.341E-06  5.628E-06  3.554E-06  2.073E-06  1.051E-06  3.932E-07  8.152E-08  5.437E-09  1.213E-10  4.240E-13  1.634E-16
  342.5000  2.047E-02  1.950E-02  1.856E-02  1.763E-02  1.671E-02  1.581E-02  1.493E-02  1.407E-02  1.322E-02  1.240E-02  1.160E-02  1.081E-02  1.006E-02  9.327E-03  8.623E-03  7.953E-03  7.316E-03  6.615E-03  5.922E-03  5.328E-03  4.821E-03  4.386E-03  3.870E-03  3.436E-03  3.039E-03  2.666E-03  2.302E-03  2.010E-03  1.742E-03  1.478E-03  1.251E-03  1.055E-03  8.862E-04  7.313E-04  5.991E-04  4.951E-04  4.037E-04  3.273E-04  2.637E-04  2.132E-04  1.687E-04  1.332E-04  1.047E-04  8.159E-05  6.274E-05  4.765E-05  3.577E-05  2.658E-05  1.907E-05  1.358E-05  9.401E-06  6.355E-06  4.028E-06  2.363E-06  1.211E-06  4.602E-07  9.749E-08  6.684E-09  1.546E-10  5.719E-13  2.391E-16
  343.5000  2.088E-02  1.989E-02  1.892E-02  1.796E-02  1.702E-02  1.609E-02  1.519E-02  1.430E-02  1.344E-02  1.259E-02  1.177E-02  1.097E-02  1.019E-02  9.447E-03  8.729E-03  8.044E-03  7.395E-03  6.681E-03  5.978E-03  5.375E-03  4.860E-03  4.417E-03  3.895E-03  3.457E-03  3.055E-03  2.679E-03  2.312E-03  2.017E-03  1.748E-03  1.483E-03  1.255E-03  1.058E-03  8.887E-04  7.334E-04  6.009E-04  4.966E-04  4.051E-04  3.284E-04  2.647E-04  2.140E-04  1.694E-04  1.338E-04  1.051E-04  8.190E-05  6.297E-05  4.781E-05  3.588E-05  2.665E-05  1.912E-05  1.360E-05  9.403E-06  6.345E-06  4.008E-06  2.339E-06  1.190E-06  4.482E-07  9.474E-08  6.603E-09  1.592E-10  6.287E-13  2.895E-16
  344.5000  1.435E-02  1.366E-02  1.299E-02  1.232E-02  1.167E-02  1.103E-02  1.040E-02  9.789E-03  9.190E-03  8.607E-03  8.039E-03  7.488E-03  6.955E-03  6.440E-03  5.945E-03  5.475E-03  5.029E-03  4.541E-03  4.060E-03  3.648E-03  3.296E-03  2.993E-03  2.638E-03  2.339E-03  2.066E-03  1.811E-03  1.562E-03  1.362E-03  1.180E-03  1.001E-03  8.467E-04  7.138E-04  5.997E-04  4.950E-04  4.057E-04  3.353E-04  2.736E-04  2.218E-04  1.788E-04  1.447E-04  1.145E-04  9.043E-05  7.106E-05  5.536E-05  4.255E-05  3.230E-05  2.423E-05  1.799E-05  1.290E-05  9.169E-06  6.330E-06  4.262E-06  2.682E-06  1.556E-06  7.834E-07  2.919E-07  6.139E-08  4.342E-09  1.091E-10  4.598E-13  2.334E-16
  345.5000  2.074E-02  1.977E-02  1.882E-02  1.788E-02  1.696E-02  1.605E-02  1.516E-02  1.429E-02  1.343E-02  1.260E-02  1.179E-02  1.100E-02  1.024E-02  9.497E-03  8.784E-03  8.104E-03  7.458E-03  6.745E-03  6.041E-03  5.436E-03  4.920E-03  4.477E-03  3.951E-03  3.509E-03  3.103E-03  2.723E-03  2.351E-03  2.053E-03  1.779E-03  1.510E-03  1.277E-03  1.076E-03  9.035E-04  7.451E-04  6.099E-04  5.036E-04  4.104E-04  3.323E-04  2.676E-04  2.162E-04  1.710E-04  1.350E-04  1.061E-04  8.266E-05  6.359E-05  4.832E-05  3.630E-05  2.700E-05  1.940E-05  1.383E-05  9.601E-06  6.516E-06  4.156E-06  2.467E-06  1.289E-06  5.052E-07  1.122E-07  8.283E-09  2.132E-10  9.361E-13  5.016E-16
  346.5000  1.880E-02  1.791E-02  1.703E-02  1.617E-02  1.532E-02  1.449E-02  1.367E-02  1.287E-02  1.209E-02  1.133E-02  1.059E-02  9.871E-03  9.174E-03  8.500E-03  7.853E-03  7.236E-03  6.650E-03  6.008E-03  5.374E-03  4.831E-03  4.367E-03  3.968E-03  3.498E-03  3.104E-03  2.742E-03  2.404E-03  2.074E-03  1.809E-03  1.567E-03  1.329E-03  1.124E-03  9.471E-04  7.953E-04  6.561E-04  5.373E-04  4.438E-04  3.618E-04  2.932E-04  2.362E-04  1.909E-04  1.510E-04  1.193E-04  9.371E-05  7.302E-05  5.615E-05  4.264E-05  3.202E-05  2.379E-05  1.708E-05  1.216E-05  8.420E-06  5.692E-06  3.607E-06  2.118E-06  1.089E-06  4.182E-07  9.169E-08  6.837E-09  1.838E-10  8.626E-13  5.110E-16
  347.5000  1.845E-02  1.758E-02  1.672E-02  1.587E-02  1.504E-02  1.423E-02  1.343E-02  1.264E-02  1.188E-02  1.113E-02  1.041E-02  9.698E-03  9.014E-03  8.352E-03  7.717E-03  7.112E-03  6.537E-03  5.905E-03  5.283E-03  4.749E-03  4.293E-03  3.901E-03  3.439E-03  3.051E-03  2.696E-03  2.363E-03  2.039E-03  1.778E-03  1.540E-03  1.306E-03  1.104E-03  9.304E-04  7.811E-04  6.442E-04  5.274E-04  4.355E-04  3.550E-04  2.875E-04  2.316E-04  1.872E-04  1.480E-04  1.169E-04  9.183E-05  7.156E-05  5.503E-05  4.180E-05  3.139E-05  2.333E-05  1.676E-05  1.194E-05  8.271E-06  5.597E-06  3.554E-06  2.094E-06  1.083E-06  4.203E-07  9.357E-08  7.144E-09  1.987E-10  9.852E-13  6.315E-16
  348.5000  2.053E-02  1.956E-02  1.861E-02  1.768E-02  1.676E-02  1.585E-02  1.496E-02  1.410E-02  1.325E-02  1.242E-02  1.161E-02  1.083E-02  1.007E-02  9.333E-03  8.626E-03  7.952E-03  7.312E-03  6.608E-03  5.914E-03  5.317E-03  4.808E-03  4.371E-03  3.854E-03  3.420E-03  3.023E-03  2.650E-03  2.287E-03  1.995E-03  1.728E-03  1.465E-03  1.238E-03  1.043E-03  8.757E-04  7.219E-04  5.907E-04  4.877E-04  3.973E-04  3.217E-04  2.590E-04  2.092E-04  1.654E-04  1.306E-04  1.026E-04  7.995E-05  6.150E-05  4.673E-05  3.511E-05  2.611E-05  1.876E-05  1.338E-05  9.282E-06  6.294E-06  4.012E-06  2.379E-06  1.244E-06  4.905E-07  1.115E-07  8.741E-09  2.511E-10  1.310E-12  9.039E-16
  349.5000  1.719E-02  1.638E-02  1.558E-02  1.480E-02  1.403E-02  1.327E-02  1.253E-02  1.180E-02  1.109E-02  1.039E-02  9.718E-03  9.061E-03  8.424E-03  7.808E-03  7.216E-03  6.651E-03  6.115E-03  5.526E-03  4.944E-03  4.445E-03  4.019E-03  3.653E-03  3.221E-03  2.857E-03  2.525E-03  2.213E-03  1.909E-03  1.665E-03  1.442E-03  1.223E-03  1.033E-03  8.704E-04  7.305E-04  6.021E-04  4.926E-04  4.066E-04  3.312E-04  2.681E-04  2.158E-04  1.743E-04  1.378E-04  1.088E-04  8.546E-05  6.659E-05  5.123E-05  3.893E-05  2.925E-05  2.175E-05  1.564E-05  1.115E-05  7.737E-06  5.248E-06  3.348E-06  1.988E-06  1.042E-06  4.132E-07  9.497E-08  7.601E-09  2.260E-10  1.246E-12  9.304E-16
  350.5000  2.415E-02  2.301E-02  2.189E-02  2.079E-02  1.971E-02  1.865E-02  1.760E-02  1.658E-02  1.558E-02  1.461E-02  1.366E-02  1.274E-02  1.184E-02  1.098E-02  1.015E-02  9.353E-03  8.599E-03  7.771E-03  6.953E-03  6.251E-03  5.651E-03  5.137E-03  4.529E-03  4.018E-03  3.550E-03  3.112E-03  2.685E-03  2.341E-03  2.028E-03  1.719E-03  1.452E-03  1.223E-03  1.026E-03  8.456E-04  6.916E-04  5.707E-04  4.648E-04  3.761E-04  3.027E-04  2.445E-04  1.932E-04  1.525E-04  1.198E-04  9.335E-05  7.182E-05  5.458E-05  4.102E-05  3.052E-05  2.194E-05  1.565E-05  1.087E-05  7.378E-06  4.714E-06  2.808E-06  1.480E-06  5.916E-07  1.379E-07  1.128E-08  3.468E-10  2.015E-12  1.624E-15
  351.5000  2.073E-02  1.976E-02  1.879E-02  1.785E-02  1.692E-02  1.600E-02  1.510E-02  1.423E-02  1.337E-02  1.253E-02  1.171E-02  1.092E-02  1.015E-02  9.407E-03  8.692E-03  8.011E-03  7.364E-03  6.653E-03  5.951E-03  5.349E-03  4.835E-03  4.394E-03  3.873E-03  3.435E-03  3.034E-03  2.659E-03  2.294E-03  2.000E-03  1.731E-03  1.467E-03  1.240E-03  1.044E-03  8.756E-04  7.215E-04  5.900E-04  4.868E-04  3.963E-04  3.207E-04  2.581E-04  2.084E-04  1.647E-04  1.300E-04  1.021E-04  7.957E-05  6.121E-05  4.652E-05  3.496E-05  2.601E-05  1.870E-05  1.334E-05  9.263E-06  6.289E-06  4.018E-06  2.395E-06  1.263E-06  5.064E-07  1.190E-07  9.929E-09  3.158E-10  1.937E-12  1.688E-15
  352.5000  1.878E-02  1.790E-02  1.703E-02  1.617E-02  1.533E-02  1.450E-02  1.369E-02  1.289E-02  1.212E-02  1.136E-02  1.062E-02  9.903E-03  9.206E-03  8.533E-03  7.885E-03  7.268E-03  6.682E-03  6.037E-03  5.401E-03  4.854E-03  4.388E-03  3.988E-03  3.515E-03  3.117E-03  2.754E-03  2.413E-03  2.081E-03  1.815E-03  1.571E-03  1.331E-03  1.125E-03  9.467E-04  7.940E-04  6.541E-04  5.347E-04  4.410E-04  3.590E-04  2.904E-04  2.336E-04  1.886E-04  1.490E-04  1.176E-04  9.238E-05  7.199E-05  5.539E-05  4.210E-05  3.165E-05  2.355E-05  1.694E-05  1.209E-05  8.399E-06  5.708E-06  3.654E-06  2.185E-06  1.159E-06  4.689E-07  1.118E-07  9.536E-09  3.131E-10  2.020E-12  1.895E-15
  353.5000  2.276E-02  2.169E-02  2.064E-02  1.960E-02  1.858E-02  1.758E-02  1.660E-02  1.564E-02  1.470E-02  1.379E-02  1.289E-02  1.202E-02  1.118E-02  1.036E-02  9.577E-03  8.829E-03  8.118E-03  7.336E-03  6.563E-03  5.901E-03  5.334E-03  4.849E-03  4.274E-03  3.791E-03  3.349E-03  2.935E-03  2.531E-03  2.207E-03  1.911E-03  1.619E-03  1.367E-03  1.151E-03  9.651E-04  7.948E-04  6.495E-04  5.356E-04  4.358E-04  3.524E-04  2.834E-04  2.288E-04  1.807E-04  1.426E-04  1.120E-04  8.727E-05  6.715E-05  5.105E-05  3.839E-05  2.858E-05  2.056E-05  1.468E-05  1.021E-05  6.946E-06  4.457E-06  2.676E-06  1.429E-06  5.845E-07  1.416E-07  1.235E-08  4.183E-10  2.835E-12  2.854E-15
  354.5000  2.477E-02  2.361E-02  2.246E-02  2.134E-02  2.024E-02  1.915E-02  1.808E-02  1.704E-02  1.602E-02  1.502E-02  1.405E-02  1.310E-02  1.219E-02  1.130E-02  1.044E-02  9.629E-03  8.855E-03  8.003E-03  7.161E-03  6.438E-03  5.821E-03  5.291E-03  4.664E-03  4.138E-03  3.655E-03  3.204E-03  2.763E-03  2.409E-03  2.086E-03  1.767E-03  1.492E-03  1.256E-03  1.053E-03  8.667E-04  7.080E-04  5.837E-04  4.749E-04  3.839E-04  3.086E-04  2.490E-04  1.967E-04  1.551E-04  1.218E-04  9.495E-05  7.307E-05  5.556E-05  4.179E-05  3.112E-05  2.240E-05  1.600E-05  1.114E-05  7.585E-06  4.876E-06  2.938E-06  1.579E-06  6.522E-07  1.603E-07  1.430E-08  4.992E-10  3.554E-12  3.838E-15
  355.5000  2.317E-02  2.209E-02  2.102E-02  1.997E-02  1.893E-02  1.792E-02  1.692E-02  1.594E-02  1.499E-02  1.405E-02  1.314E-02  1.226E-02  1.140E-02  1.057E-02  9.770E-03  9.008E-03  8.284E-03  7.486E-03  6.698E-03  6.022E-03  5.444E-03  4.948E-03  4.362E-03  3.869E-03  3.418E-03  2.995E-03  2.582E-03  2.251E-03  1.949E-03  1.651E-03  1.394E-03  1.173E-03  9.830E-04  8.092E-04  6.609E-04  5.447E-04  4.431E-04  3.581E-04  2.878E-04  2.322E-04  1.834E-04  1.446E-04  1.136E-04  8.851E-05  6.811E-05  5.180E-05  3.897E-05  2.902E-05  2.090E-05  1.493E-05  1.039E-05  7.082E-06  4.558E-06  2.752E-06  1.484E-06  6.168E-07  1.533E-07  1.395E-08  5.026E-10  3.760E-12  4.362E-15
  356.5000  2.151E-02  2.050E-02  1.951E-02  1.853E-02  1.757E-02  1.663E-02  1.570E-02  1.480E-02  1.391E-02  1.304E-02  1.220E-02  1.138E-02  1.058E-02  9.808E-03  9.066E-03  8.358E-03  7.685E-03  6.945E-03  6.214E-03  5.585E-03  5.049E-03  4.589E-03  4.044E-03  3.587E-03  3.168E-03  2.776E-03  2.393E-03  2.086E-03  1.805E-03  1.529E-03  1.291E-03  1.086E-03  9.101E-04  7.490E-04  6.116E-04  5.040E-04  4.099E-04  3.312E-04  2.662E-04  2.147E-04  1.695E-04  1.337E-04  1.050E-04  8.180E-05  6.295E-05  4.788E-05  3.602E-05  2.683E-05  1.932E-05  1.381E-05  9.615E-06  6.555E-06  4.222E-06  2.553E-06  1.381E-06  5.771E-07  1.450E-07  1.345E-08  4.998E-10  3.927E-12  4.893E-15
  357.5000  1.828E-02  1.743E-02  1.658E-02  1.575E-02  1.494E-02  1.413E-02  1.335E-02  1.257E-02  1.182E-02  1.108E-02  1.036E-02  9.665E-03  8.987E-03  8.331E-03  7.700E-03  7.099E-03  6.527E-03  5.897E-03  5.275E-03  4.742E-03  4.286E-03  3.895E-03  3.432E-03  3.043E-03  2.688E-03  2.354E-03  2.030E-03  1.769E-03  1.531E-03  1.296E-03  1.094E-03  9.201E-04  7.710E-04  6.344E-04  5.179E-04  4.267E-04  3.469E-04  2.803E-04  2.252E-04  1.817E-04  1.434E-04  1.131E-04  8.879E-05  6.919E-05  5.325E-05  4.050E-05  3.047E-05  2.270E-05  1.635E-05  1.168E-05  8.139E-06  5.551E-06  3.578E-06  2.166E-06  1.175E-06  4.933E-07  1.251E-07  1.183E-08  4.535E-10  3.741E-12  5.000E-15
  358.5000  1.415E-02  1.349E-02  1.284E-02  1.220E-02  1.156E-02  1.094E-02  1.033E-02  9.737E-03  9.153E-03  8.584E-03  8.028E-03  7.487E-03  6.962E-03  6.454E-03  5.966E-03  5.500E-03  5.057E-03  4.570E-03  4.088E-03  3.674E-03  3.321E-03  3.018E-03  2.659E-03  2.358E-03  2.082E-03  1.824E-03  1.572E-03  1.370E-03  1.186E-03  1.004E-03  8.472E-04  7.125E-04  5.969E-04  4.910E-04  4.008E-04  3.301E-04  2.683E-04  2.167E-04  1.741E-04  1.404E-04  1.108E-04  8.735E-05  6.859E-05  5.344E-05  4.113E-05  3.129E-05  2.355E-05  1.754E-05  1.264E-05  9.036E-06  6.298E-06  4.298E-06  2.774E-06  1.684E-06  9.173E-07  3.881E-07  9.967E-08  9.615E-09  3.795E-10  3.281E-12  4.692E-15
  359.5000  2.383E-02  2.272E-02  2.162E-02  2.054E-02  1.947E-02  1.843E-02  1.740E-02  1.640E-02  1.541E-02  1.445E-02  1.352E-02  1.261E-02  1.172E-02  1.087E-02  1.004E-02  9.259E-03  8.513E-03  7.692E-03  6.881E-03  6.184E-03  5.589E-03  5.078E-03  4.474E-03  3.967E-03  3.503E-03  3.068E-03  2.644E-03  2.304E-03  1.994E-03  1.688E-03  1.424E-03  1.197E-03  1.003E-03  8.248E-04  6.730E-04  5.542E-04  4.504E-04  3.637E-04  2.921E-04  2.355E-04  1.858E-04  1.465E-04  1.150E-04  8.963E-05  6.898E-05  5.247E-05  3.950E-05  2.943E-05  2.121E-05  1.517E-05  1.057E-05  7.219E-06  4.664E-06  2.836E-06  1.549E-06  6.590E-07  1.710E-07  1.681E-08  6.834E-10  6.192E-12  9.478E-15
  360.5000  2.211E-02  2.107E-02  2.005E-02  1.905E-02  1.807E-02  1.710E-02  1.614E-02  1.521E-02  1.430E-02  1.341E-02  1.254E-02  1.169E-02  1.088E-02  1.008E-02  9.318E-03  8.589E-03  7.897E-03  7.135E-03  6.382E-03  5.735E-03  5.183E-03  4.709E-03  4.149E-03  3.678E-03  3.247E-03  2.844E-03  2.451E-03  2.135E-03  1.847E-03  1.564E-03  1.319E-03  1.109E-03  9.285E-04  7.635E-04  6.229E-04  5.128E-04  4.167E-04  3.364E-04  2.701E-04  2.177E-04  1.718E-04  1.354E-04  1.063E-04  8.283E-05  6.375E-05  4.850E-05  3.651E-05  2.721E-05  1.961E-05  1.403E-05  9.782E-06  6.682E-06  4.321E-06  2.632E-06  1.442E-06  6.170E-07  1.618E-07  1.620E-08  6.782E-10  6.436E-12  1.053E-14
  361.5000  1.998E-02  1.904E-02  1.812E-02  1.722E-02  1.633E-02  1.545E-02  1.459E-02  1.375E-02  1.293E-02  1.212E-02  1.134E-02  1.057E-02  9.832E-03  9.115E-03  8.425E-03  7.766E-03  7.140E-03  6.452E-03  5.771E-03  5.186E-03  4.686E-03  4.258E-03  3.751E-03  3.325E-03  2.935E-03  2.571E-03  2.215E-03  1.930E-03  1.669E-03  1.413E-03  1.191E-03  1.001E-03  8.385E-04  6.894E-04  5.622E-04  4.628E-04  3.760E-04  3.034E-04  2.436E-04  1.963E-04  1.548E-04  1.220E-04  9.580E-05  7.465E-05  5.746E-05  4.372E-05  3.291E-05  2.453E-05  1.769E-05  1.265E-05  8.829E-06  6.034E-06  3.907E-06  2.385E-06  1.312E-06  5.650E-07  1.498E-07  1.529E-08  6.585E-10  6.537E-12  1.142E-14
  362.5000  2.350E-02  2.240E-02  2.132E-02  2.025E-02  1.920E-02  1.817E-02  1.716E-02  1.617E-02  1.520E-02  1.426E-02  1.334E-02  1.244E-02  1.157E-02  1.072E-02  9.911E-03  9.136E-03  8.400E-03  7.589E-03  6.790E-03  6.100E-03  5.512E-03  5.008E-03  4.411E-03  3.910E-03  3.452E-03  3.022E-03  2.604E-03  2.269E-03  1.962E-03  1.660E-03  1.400E-03  1.177E-03  9.850E-04  8.096E-04  6.601E-04  5.432E-04  4.412E-04  3.560E-04  2.858E-04  2.302E-04  1.816E-04  1.431E-04  1.123E-04  8.751E-05  6.736E-05  5.125E-05  3.859E-05  2.877E-05  2.075E-05  1.485E-05  1.036E-05  7.086E-06  4.592E-06  2.808E-06  1.550E-06  6.716E-07  1.800E-07  1.871E-08  8.288E-10  8.604E-12  1.603E-14
  363.5000  2.092E-02  1.994E-02  1.898E-02  1.803E-02  1.710E-02  1.618E-02  1.528E-02  1.440E-02  1.354E-02  1.270E-02  1.187E-02  1.107E-02  1.030E-02  9.547E-03  8.824E-03  8.134E-03  7.478E-03  6.757E-03  6.042E-03  5.430E-03  4.906E-03  4.457E-03  3.926E-03  3.479E-03  3.071E-03  2.689E-03  2.316E-03  2.018E-03  1.745E-03  1.476E-03  1.245E-03  1.046E-03  8.753E-04  7.194E-04  5.864E-04  4.825E-04  3.918E-04  3.160E-04  2.536E-04  2.043E-04  1.611E-04  1.269E-04  9.962E-05  7.762E-05  5.975E-05  4.547E-05  3.424E-05  2.553E-05  1.842E-05  1.318E-05  9.202E-06  6.295E-06  4.083E-06  2.501E-06  1.385E-06  6.032E-07  1.632E-07  1.728E-08  7.872E-10  8.542E-12  1.696E-14
  364.5000  2.282E-02  2.176E-02  2.071E-02  1.967E-02  1.866E-02  1.765E-02  1.667E-02  1.571E-02  1.477E-02  1.385E-02  1.295E-02  1.208E-02  1.123E-02  1.041E-02  9.624E-03  8.871E-03  8.155E-03  7.367E-03  6.590E-03  5.920E-03  5.348E-03  4.858E-03  4.278E-03  3.791E-03  3.346E-03  2.929E-03  2.523E-03  2.197E-03  1.900E-03  1.607E-03  1.355E-03  1.138E-03  9.524E-04  7.826E-04  6.378E-04  5.246E-04  4.259E-04  3.435E-04  2.756E-04  2.220E-04  1.750E-04  1.379E-04  1.082E-04  8.431E-05  6.489E-05  4.938E-05  3.719E-05  2.774E-05  2.001E-05  1.432E-05  1.000E-05  6.846E-06  4.444E-06  2.726E-06  1.513E-06  6.621E-07  1.808E-07  1.948E-08  9.124E-10  1.035E-11  2.189E-14
  365.5000  2.781E-02  2.651E-02  2.522E-02  2.397E-02  2.272E-02  2.150E-02  2.031E-02  1.914E-02  1.799E-02  1.687E-02  1.577E-02  1.471E-02  1.368E-02  1.268E-02  1.172E-02  1.080E-02  9.927E-03  8.968E-03  8.021E-03  7.204E-03  6.508E-03  5.910E-03  5.204E-03  4.611E-03  4.069E-03  3.562E-03  3.067E-03  2.671E-03  2.309E-03  1.953E-03  1.646E-03  1.382E-03  1.157E-03  9.502E-04  7.742E-04  6.367E-04  5.168E-04  4.167E-04  3.343E-04  2.692E-04  2.122E-04  1.672E-04  1.312E-04  1.022E-04  7.867E-05  5.987E-05  4.510E-05  3.364E-05  2.427E-05  1.737E-05  1.214E-05  8.308E-06  5.396E-06  3.314E-06  1.843E-06  8.103E-07  2.233E-07  2.447E-08  1.178E-09  1.395E-11  3.143E-14
  366.5000  2.947E-02  2.809E-02  2.673E-02  2.540E-02  2.409E-02  2.279E-02  2.153E-02  2.028E-02  1.907E-02  1.788E-02  1.672E-02  1.559E-02  1.450E-02  1.344E-02  1.242E-02  1.145E-02  1.052E-02  9.506E-03  8.498E-03  7.636E-03  6.897E-03  6.264E-03  5.515E-03  4.886E-03  4.311E-03  3.773E-03  3.249E-03  2.829E-03  2.445E-03  2.068E-03  1.743E-03  1.463E-03  1.224E-03  1.005E-03  8.190E-04  6.734E-04  5.465E-04  4.405E-04  3.534E-04  2.845E-04  2.242E-04  1.766E-04  1.386E-04  1.080E-04  8.310E-05  6.325E-05  4.764E-05  3.554E-05  2.565E-05  1.837E-05  1.283E-05  8.790E-06  5.714E-06  3.515E-06  1.961E-06  8.670E-07  2.413E-07  2.690E-08  1.331E-09  1.644E-11  3.936E-14
  367.5000  2.802E-02  2.671E-02  2.542E-02  2.415E-02  2.290E-02  2.168E-02  2.047E-02  1.929E-02  1.813E-02  1.701E-02  1.590E-02  1.483E-02  1.379E-02  1.278E-02  1.181E-02  1.089E-02  1.001E-02  9.040E-03  8.082E-03  7.262E-03  6.559E-03  5.956E-03  5.244E-03  4.645E-03  4.099E-03  3.587E-03  3.088E-03  2.689E-03  2.324E-03  1.965E-03  1.655E-03  1.390E-03  1.162E-03  9.545E-04  7.773E-04  6.390E-04  5.185E-04  4.178E-04  3.351E-04  2.697E-04  2.125E-04  1.674E-04  1.313E-04  1.023E-04  7.875E-05  5.994E-05  4.516E-05  3.369E-05  2.432E-05  1.742E-05  1.218E-05  8.343E-06  5.429E-06  3.345E-06  1.872E-06  8.322E-07  2.339E-07  2.653E-08  1.347E-09  1.735E-11  4.413E-14
  368.5000  2.463E-02  2.348E-02  2.234E-02  2.123E-02  2.013E-02  1.905E-02  1.799E-02  1.695E-02  1.594E-02  1.495E-02  1.398E-02  1.303E-02  1.212E-02  1.123E-02  1.038E-02  9.567E-03  8.793E-03  7.943E-03  7.101E-03  6.379E-03  5.761E-03  5.231E-03  4.605E-03  4.079E-03  3.599E-03  3.149E-03  2.711E-03  2.360E-03  2.039E-03  1.724E-03  1.452E-03  1.219E-03  1.019E-03  8.369E-04  6.814E-04  5.600E-04  4.543E-04  3.660E-04  2.935E-04  2.362E-04  1.861E-04  1.465E-04  1.149E-04  8.954E-05  6.893E-05  5.247E-05  3.953E-05  2.950E-05  2.130E-05  1.526E-05  1.067E-05  7.312E-06  4.761E-06  2.938E-06  1.649E-06  7.362E-07  2.088E-07  2.408E-08  1.255E-09  1.685E-11  4.550E-14
  369.5000  2.956E-02  2.818E-02  2.682E-02  2.548E-02  2.416E-02  2.287E-02  2.159E-02  2.035E-02  1.913E-02  1.794E-02  1.677E-02  1.564E-02  1.454E-02  1.348E-02  1.246E-02  1.148E-02  1.055E-02  9.531E-03  8.519E-03  7.654E-03  6.912E-03  6.275E-03  5.523E-03  4.892E-03  4.315E-03  3.775E-03  3.249E-03  2.828E-03  2.443E-03  2.065E-03  1.740E-03  1.460E-03  1.221E-03  1.002E-03  8.158E-04  6.703E-04  5.436E-04  4.379E-04  3.510E-04  2.825E-04  2.225E-04  1.752E-04  1.374E-04  1.070E-04  8.240E-05  6.272E-05  4.726E-05  3.527E-05  2.547E-05  1.825E-05  1.276E-05  8.752E-06  5.703E-06  3.524E-06  1.982E-06  8.895E-07  2.545E-07  2.984E-08  1.596E-09  2.232E-11  6.393E-14
  370.5000  2.683E-02  2.558E-02  2.434E-02  2.313E-02  2.193E-02  2.076E-02  1.960E-02  1.847E-02  1.736E-02  1.628E-02  1.523E-02  1.420E-02  1.320E-02  1.224E-02  1.131E-02  1.042E-02  9.575E-03  8.649E-03  7.731E-03  6.944E-03  6.270E-03  5.692E-03  5.010E-03  4.436E-03  3.913E-03  3.423E-03  2.946E-03  2.564E-03  2.214E-03  1.871E-03  1.577E-03  1.323E-03  1.106E-03  9.074E-04  7.385E-04  6.067E-04  4.919E-04  3.962E-04  3.175E-04  2.554E-04  2.012E-04  1.584E-04  1.242E-04  9.676E-05  7.448E-05  5.670E-05  4.273E-05  3.189E-05  2.303E-05  1.651E-05  1.155E-05  7.921E-06  5.165E-06  3.196E-06  1.802E-06  8.123E-07  2.345E-07  2.795E-08  1.533E-09  2.233E-11  6.777E-14
  371.5000  3.072E-02  2.929E-02  2.787E-02  2.648E-02  2.511E-02  2.377E-02  2.244E-02  2.115E-02  1.988E-02  1.864E-02  1.743E-02  1.626E-02  1.511E-02  1.401E-02  1.294E-02  1.193E-02  1.096E-02  9.901E-03  8.850E-03  7.949E-03  7.177E-03  6.514E-03  5.733E-03  5.076E-03  4.477E-03  3.915E-03  3.369E-03  2.932E-03  2.532E-03  2.139E-03  1.802E-03  1.512E-03  1.263E-03  1.037E-03  8.434E-04  6.928E-04  5.616E-04  4.522E-04  3.623E-04  2.914E-04  2.295E-04  1.806E-04  1.417E-04  1.103E-04  8.494E-05  6.467E-05  4.874E-05  3.638E-05  2.628E-05  1.884E-05  1.318E-05  9.045E-06  5.903E-06  3.657E-06  2.067E-06  9.362E-07  2.726E-07  3.302E-08  1.858E-09  2.815E-11  9.048E-14
  372.5000  2.271E-02  2.165E-02  2.060E-02  1.958E-02  1.856E-02  1.757E-02  1.659E-02  1.563E-02  1.470E-02  1.378E-02  1.289E-02  1.202E-02  1.117E-02  1.036E-02  9.568E-03  8.817E-03  8.102E-03  7.318E-03  6.540E-03  5.874E-03  5.303E-03  4.813E-03  4.236E-03  3.750E-03  3.307E-03  2.892E-03  2.488E-03  2.165E-03  1.869E-03  1.579E-03  1.330E-03  1.116E-03  9.321E-04  7.646E-04  6.219E-04  5.107E-04  4.139E-04  3.332E-04  2.670E-04  2.147E-04  1.690E-04  1.330E-04  1.043E-04  8.124E-05  6.254E-05  4.761E-05  3.589E-05  2.680E-05  1.936E-05  1.388E-05  9.714E-06  6.668E-06  4.355E-06  2.702E-06  1.531E-06  6.966E-07  2.046E-07  2.518E-08  1.453E-09  2.289E-11  7.783E-14
  373.5000  2.053E-02  1.957E-02  1.863E-02  1.770E-02  1.678E-02  1.588E-02  1.500E-02  1.413E-02  1.329E-02  1.246E-02  1.165E-02  1.086E-02  1.010E-02  9.360E-03  8.649E-03  7.969E-03  7.323E-03  6.614E-03  5.911E-03  5.308E-03  4.791E-03  4.348E-03  3.826E-03  3.387E-03  2.986E-03  2.611E-03  2.246E-03  1.954E-03  1.687E-03  1.425E-03  1.200E-03  1.006E-03  8.406E-04  6.895E-04  5.607E-04  4.603E-04  3.730E-04  3.002E-04  2.405E-04  1.933E-04  1.522E-04  1.198E-04  9.391E-05  7.313E-05  5.630E-05  4.286E-05  3.231E-05  2.413E-05  1.743E-05  1.250E-05  8.751E-06  6.009E-06  3.927E-06  2.439E-06  1.385E-06  6.330E-07  1.875E-07  2.343E-08  1.385E-09  2.269E-11  8.159E-14
  374.5000  2.254E-02  2.149E-02  2.045E-02  1.943E-02  1.843E-02  1.744E-02  1.647E-02  1.552E-02  1.459E-02  1.368E-02  1.279E-02  1.193E-02  1.109E-02  1.028E-02  9.493E-03  8.747E-03  8.037E-03  7.258E-03  6.486E-03  5.825E-03  5.257E-03  4.771E-03  4.197E-03  3.715E-03  3.275E-03  2.863E-03  2.462E-03  2.142E-03  1.849E-03  1.561E-03  1.315E-03  1.102E-03  9.207E-04  7.550E-04  6.138E-04  5.039E-04  4.082E-04  3.284E-04  2.630E-04  2.114E-04  1.664E-04  1.309E-04  1.027E-04  7.995E-05  6.154E-05  4.686E-05  3.533E-05  2.638E-05  1.907E-05  1.367E-05  9.574E-06  6.576E-06  4.300E-06  2.674E-06  1.522E-06  6.985E-07  2.086E-07  2.648E-08  1.603E-09  2.728E-11  1.037E-13
  375.5000  2.545E-02  2.427E-02  2.309E-02  2.194E-02  2.081E-02  1.969E-02  1.860E-02  1.752E-02  1.647E-02  1.545E-02  1.444E-02  1.347E-02  1.252E-02  1.160E-02  1.072E-02  9.876E-03  9.074E-03  8.195E-03  7.323E-03  6.575E-03  5.934E-03  5.384E-03  4.737E-03  4.192E-03  3.695E-03  3.230E-03  2.778E-03  2.416E-03  2.085E-03  1.761E-03  1.482E-03  1.242E-03  1.038E-03  8.506E-04  6.914E-04  5.674E-04  4.596E-04  3.697E-04  2.960E-04  2.379E-04  1.872E-04  1.473E-04  1.155E-04  8.991E-05  6.921E-05  5.270E-05  3.973E-05  2.968E-05  2.145E-05  1.538E-05  1.078E-05  7.405E-06  4.846E-06  3.017E-06  1.722E-06  7.934E-07  2.389E-07  3.080E-08  1.910E-09  3.375E-11  1.354E-13
  376.5000  2.544E-02  2.425E-02  2.308E-02  2.193E-02  2.079E-02  1.968E-02  1.858E-02  1.751E-02  1.646E-02  1.543E-02  1.443E-02  1.346E-02  1.251E-02  1.159E-02  1.071E-02  9.868E-03  9.066E-03  8.187E-03  7.315E-03  6.568E-03  5.928E-03  5.378E-03  4.730E-03  4.186E-03  3.689E-03  3.224E-03  2.773E-03  2.411E-03  2.081E-03  1.757E-03  1.478E-03  1.239E-03  1.035E-03  8.480E-04  6.892E-04  5.654E-04  4.579E-04  3.683E-04  2.948E-04  2.369E-04  1.864E-04  1.466E-04  1.149E-04  8.948E-05  6.888E-05  5.245E-05  3.955E-05  2.954E-05  2.136E-05  1.532E-05  1.073E-05  7.378E-06  4.831E-06  3.012E-06  1.723E-06  7.974E-07  2.421E-07  3.168E-08  2.012E-09  3.689E-11  1.561E-13
  377.5000  3.031E-02  2.889E-02  2.750E-02  2.613E-02  2.478E-02  2.345E-02  2.214E-02  2.086E-02  1.961E-02  1.839E-02  1.720E-02  1.603E-02  1.490E-02  1.381E-02  1.276E-02  1.176E-02  1.080E-02  9.753E-03  8.715E-03  7.824E-03  7.060E-03  6.404E-03  5.633E-03  4.984E-03  4.392E-03  3.838E-03  3.300E-03  2.869E-03  2.476E-03  2.090E-03  1.758E-03  1.473E-03  1.230E-03  1.008E-03  8.190E-04  6.718E-04  5.439E-04  4.374E-04  3.500E-04  2.812E-04  2.212E-04  1.740E-04  1.364E-04  1.062E-04  8.173E-05  6.224E-05  4.693E-05  3.506E-05  2.535E-05  1.819E-05  1.275E-05  8.765E-06  5.743E-06  3.585E-06  2.055E-06  9.551E-07  2.923E-07  3.883E-08  2.523E-09  4.800E-11  2.141E-13
  378.5000  3.305E-02  3.150E-02  2.998E-02  2.849E-02  2.702E-02  2.557E-02  2.414E-02  2.275E-02  2.138E-02  2.005E-02  1.875E-02  1.748E-02  1.625E-02  1.506E-02  1.391E-02  1.282E-02  1.177E-02  1.063E-02  9.499E-03  8.527E-03  7.694E-03  6.979E-03  6.137E-03  5.429E-03  4.784E-03  4.180E-03  3.594E-03  3.124E-03  2.696E-03  2.275E-03  1.913E-03  1.603E-03  1.338E-03  1.096E-03  8.906E-04  7.304E-04  5.913E-04  4.753E-04  3.803E-04  3.055E-04  2.403E-04  1.889E-04  1.481E-04  1.153E-04  8.874E-05  6.758E-05  5.097E-05  3.808E-05  2.754E-05  1.976E-05  1.385E-05  9.527E-06  6.246E-06  3.904E-06  2.242E-06  1.046E-06  3.227E-07  4.350E-08  2.893E-09  5.706E-11  2.682E-13
  379.5000  2.446E-02  2.332E-02  2.219E-02  2.109E-02  1.999E-02  1.892E-02  1.787E-02  1.684E-02  1.583E-02  1.484E-02  1.388E-02  1.294E-02  1.202E-02  1.114E-02  1.029E-02  9.484E-03  8.712E-03  7.866E-03  7.028E-03  6.309E-03  5.692E-03  5.162E-03  4.539E-03  4.015E-03  3.537E-03  3.090E-03  2.656E-03  2.309E-03  1.992E-03  1.681E-03  1.413E-03  1.184E-03  9.881E-04  8.095E-04  6.574E-04  5.390E-04  4.362E-04  3.506E-04  2.805E-04  2.252E-04  1.771E-04  1.393E-04  1.091E-04  8.496E-05  6.540E-05  4.980E-05  3.756E-05  2.807E-05  2.030E-05  1.457E-05  1.022E-05  7.028E-06  4.611E-06  2.885E-06  1.660E-06  7.778E-07  2.418E-07  3.306E-08  2.249E-09  4.597E-11  2.275E-13
  380.5000  2.943E-02  2.806E-02  2.670E-02  2.537E-02  2.406E-02  2.277E-02  2.150E-02  2.026E-02  1.904E-02  1.786E-02  1.670E-02  1.557E-02  1.447E-02  1.341E-02  1.239E-02  1.141E-02  1.048E-02  9.464E-03  8.455E-03  7.589E-03  6.846E-03  6.208E-03  5.458E-03  4.827E-03  4.253E-03  3.715E-03  3.192E-03  2.775E-03  2.393E-03  2.019E-03  1.698E-03  1.422E-03  1.186E-03  9.717E-04  7.890E-04  6.468E-04  5.233E-04  4.205E-04  3.363E-04  2.700E-04  2.123E-04  1.669E-04  1.308E-04  1.018E-04  7.837E-05  5.968E-05  4.502E-05  3.364E-05  2.434E-05  1.747E-05  1.225E-05  8.431E-06  5.534E-06  3.467E-06  1.999E-06  9.404E-07  2.945E-07  4.087E-08  2.843E-09  6.019E-11  3.133E-13
  381.5000  2.767E-02  2.638E-02  2.511E-02  2.386E-02  2.262E-02  2.141E-02  2.022E-02  1.905E-02  1.791E-02  1.679E-02  1.570E-02  1.464E-02  1.360E-02  1.261E-02  1.165E-02  1.073E-02  9.853E-03  8.896E-03  7.947E-03  7.133E-03  6.434E-03  5.834E-03  5.129E-03  4.535E-03  3.995E-03  3.489E-03  2.998E-03  2.606E-03  2.247E-03  1.896E-03  1.593E-03  1.334E-03  1.113E-03  9.115E-04  7.399E-04  6.064E-04  4.905E-04  3.940E-04  3.151E-04  2.530E-04  1.988E-04  1.563E-04  1.225E-04  9.533E-05  7.337E-05  5.588E-05  4.215E-05  3.151E-05  2.280E-05  1.636E-05  1.148E-05  7.903E-06  5.190E-06  3.255E-06  1.881E-06  8.883E-07  2.803E-07  3.945E-08  2.805E-09  6.150E-11  3.365E-13
  382.5000  1.845E-02  1.759E-02  1.674E-02  1.590E-02  1.508E-02  1.427E-02  1.348E-02  1.270E-02  1.194E-02  1.119E-02  1.047E-02  9.757E-03  9.068E-03  8.404E-03  7.763E-03  7.150E-03  6.568E-03  5.929E-03  5.297E-03  4.753E-03  4.287E-03  3.887E-03  3.417E-03  3.021E-03  2.661E-03  2.324E-03  1.996E-03  1.735E-03  1.496E-03  1.262E-03  1.060E-03  8.878E-04  7.404E-04  6.062E-04  4.919E-04  4.031E-04  3.260E-04  2.618E-04  2.093E-04  1.680E-04  1.320E-04  1.038E-04  8.130E-05  6.328E-05  4.871E-05  3.710E-05  2.799E-05  2.092E-05  1.514E-05  1.087E-05  7.627E-06  5.252E-06  3.451E-06  2.167E-06  1.255E-06  5.948E-07  1.891E-07  2.699E-08  1.961E-09  4.449E-11  2.558E-13
  383.5000  1.621E-02  1.545E-02  1.471E-02  1.397E-02  1.325E-02  1.254E-02  1.184E-02  1.116E-02  1.049E-02  9.833E-03  9.194E-03  8.572E-03  7.967E-03  7.382E-03  6.819E-03  6.281E-03  5.768E-03  5.208E-03  4.652E-03  4.174E-03  3.765E-03  3.413E-03  3.000E-03  2.652E-03  2.335E-03  2.039E-03  1.752E-03  1.522E-03  1.312E-03  1.106E-03  9.297E-04  7.784E-04  6.490E-04  5.313E-04  4.310E-04  3.531E-04  2.855E-04  2.293E-04  1.833E-04  1.471E-04  1.155E-04  9.080E-05  7.113E-05  5.536E-05  4.261E-05  3.245E-05  2.448E-05  1.830E-05  1.325E-05  9.513E-06  6.677E-06  4.599E-06  3.024E-06  1.900E-06  1.103E-06  5.246E-07  1.680E-07  2.431E-08  1.805E-09  4.237E-11  2.558E-13
  384.5000  2.433E-02  2.320E-02  2.208E-02  2.098E-02  1.989E-02  1.883E-02  1.778E-02  1.675E-02  1.575E-02  1.476E-02  1.380E-02  1.287E-02  1.196E-02  1.108E-02  1.024E-02  9.429E-03  8.660E-03  7.818E-03  6.983E-03  6.266E-03  5.650E-03  5.122E-03  4.501E-03  3.979E-03  3.504E-03  3.059E-03  2.627E-03  2.282E-03  1.967E-03  1.659E-03  1.393E-03  1.166E-03  9.723E-04  7.957E-04  6.455E-04  5.287E-04  4.274E-04  3.431E-04  2.742E-04  2.200E-04  1.728E-04  1.358E-04  1.064E-04  8.277E-05  6.371E-05  4.852E-05  3.661E-05  2.737E-05  1.982E-05  1.423E-05  9.991E-06  6.883E-06  4.528E-06  2.849E-06  1.656E-06  7.910E-07  2.552E-07  3.743E-08  2.839E-09  6.889E-11  4.364E-13
  385.5000  2.409E-02  2.296E-02  2.186E-02  2.077E-02  1.969E-02  1.864E-02  1.760E-02  1.658E-02  1.559E-02  1.462E-02  1.366E-02  1.274E-02  1.184E-02  1.097E-02  1.013E-02  9.332E-03  8.571E-03  7.737E-03  6.911E-03  6.200E-03  5.591E-03  5.068E-03  4.453E-03  3.936E-03  3.465E-03  3.025E-03  2.597E-03  2.256E-03  1.944E-03  1.639E-03  1.377E-03  1.152E-03  9.604E-04  7.858E-04  6.373E-04  5.218E-04  4.218E-04  3.385E-04  2.705E-04  2.170E-04  1.704E-04  1.339E-04  1.048E-04  8.159E-05  6.280E-05  4.783E-05  3.609E-05  2.699E-05  1.954E-05  1.403E-05  9.855E-06  6.791E-06  4.471E-06  2.815E-06  1.640E-06  7.861E-07  2.554E-07  3.797E-08  2.941E-09  7.377E-11  4.900E-13
  386.5000  2.457E-02  2.342E-02  2.229E-02  2.118E-02  2.008E-02  1.901E-02  1.795E-02  1.691E-02  1.590E-02  1.491E-02  1.394E-02  1.299E-02  1.207E-02  1.119E-02  1.033E-02  9.516E-03  8.739E-03  7.889E-03  7.046E-03  6.321E-03  5.699E-03  5.165E-03  4.539E-03  4.011E-03  3.531E-03  3.082E-03  2.646E-03  2.298E-03  1.980E-03  1.669E-03  1.401E-03  1.173E-03  9.773E-04  7.995E-04  6.482E-04  5.307E-04  4.288E-04  3.441E-04  2.749E-04  2.204E-04  1.731E-04  1.360E-04  1.065E-04  8.286E-05  6.377E-05  4.857E-05  3.665E-05  2.741E-05  1.985E-05  1.426E-05  1.002E-05  6.904E-06  4.547E-06  2.866E-06  1.673E-06  8.047E-07  2.633E-07  3.967E-08  3.137E-09  8.129E-11  5.658E-13
  387.5000  2.284E-02  2.177E-02  2.072E-02  1.969E-02  1.867E-02  1.767E-02  1.669E-02  1.572E-02  1.478E-02  1.386E-02  1.296E-02  1.208E-02  1.123E-02  1.040E-02  9.606E-03  8.847E-03  8.124E-03  7.333E-03  6.549E-03  5.876E-03  5.297E-03  4.800E-03  4.217E-03  3.727E-03  3.280E-03  2.862E-03  2.457E-03  2.134E-03  1.838E-03  1.549E-03  1.301E-03  1.088E-03  9.066E-04  7.416E-04  6.011E-04  4.920E-04  3.975E-04  3.189E-04  2.547E-04  2.042E-04  1.603E-04  1.259E-04  9.859E-05  7.671E-05  5.904E-05  4.497E-05  3.394E-05  2.538E-05  1.838E-05  1.321E-05  9.279E-06  6.398E-06  4.216E-06  2.660E-06  1.555E-06  7.509E-07  2.474E-07  3.777E-08  3.048E-09  8.157E-11  5.946E-13
  388.5000  2.290E-02  2.183E-02  2.078E-02  1.975E-02  1.873E-02  1.772E-02  1.673E-02  1.577E-02  1.482E-02  1.390E-02  1.299E-02  1.211E-02  1.126E-02  1.043E-02  9.632E-03  8.870E-03  8.145E-03  7.352E-03  6.566E-03  5.890E-03  5.309E-03  4.811E-03  4.226E-03  3.734E-03  3.286E-03  2.867E-03  2.461E-03  2.137E-03  1.840E-03  1.551E-03  1.302E-03  1.089E-03  9.071E-04  7.418E-04  6.011E-04  4.919E-04  3.973E-04  3.187E-04  2.545E-04  2.040E-04  1.601E-04  1.257E-04  9.845E-05  7.660E-05  5.895E-05  4.490E-05  3.389E-05  2.535E-05  1.836E-05  1.319E-05  9.271E-06  6.394E-06  4.216E-06  2.663E-06  1.560E-06  7.555E-07  2.506E-07  3.876E-08  3.192E-09  8.817E-11  6.728E-13
  389.5000  2.890E-02  2.755E-02  2.622E-02  2.491E-02  2.363E-02  2.236E-02  2.111E-02  1.989E-02  1.870E-02  1.753E-02  1.639E-02  1.528E-02  1.420E-02  1.316E-02  1.215E-02  1.119E-02  1.027E-02  9.274E-03  8.282E-03  7.428E-03  6.696E-03  6.066E-03  5.329E-03  4.707E-03  4.142E-03  3.614E-03  3.101E-03  2.692E-03  2.319E-03  1.953E-03  1.640E-03  1.371E-03  1.142E-03  9.337E-04  7.564E-04  6.189E-04  4.998E-04  4.007E-04  3.199E-04  2.564E-04  2.013E-04  1.580E-04  1.237E-04  9.623E-05  7.405E-05  5.641E-05  4.258E-05  3.185E-05  2.307E-05  1.658E-05  1.165E-05  8.040E-06  5.304E-06  3.353E-06  1.967E-06  9.564E-07  3.194E-07  5.004E-08  4.204E-09  1.198E-10  9.564E-13
  390.5000  2.840E-02  2.707E-02  2.577E-02  2.448E-02  2.322E-02  2.197E-02  2.075E-02  1.955E-02  1.838E-02  1.723E-02  1.611E-02  1.502E-02  1.395E-02  1.293E-02  1.194E-02  1.100E-02  1.010E-02  9.112E-03  8.138E-03  7.298E-03  6.578E-03  5.959E-03  5.234E-03  4.623E-03  4.067E-03  3.548E-03  3.044E-03  2.642E-03  2.275E-03  1.917E-03  1.608E-03  1.345E-03  1.120E-03  9.154E-04  7.414E-04  6.065E-04  4.897E-04  3.925E-04  3.133E-04  2.510E-04  1.970E-04  1.546E-04  1.211E-04  9.417E-05  7.246E-05  5.520E-05  4.167E-05  3.117E-05  2.259E-05  1.623E-05  1.141E-05  7.875E-06  5.198E-06  3.289E-06  1.933E-06  9.431E-07  3.171E-07  5.031E-08  4.310E-09  1.267E-10  1.057E-12
  391.5000  3.371E-02  3.213E-02  3.059E-02  2.906E-02  2.756E-02  2.608E-02  2.463E-02  2.321E-02  2.181E-02  2.045E-02  1.912E-02  1.783E-02  1.656E-02  1.535E-02  1.417E-02  1.305E-02  1.198E-02  1.081E-02  9.658E-03  8.661E-03  7.805E-03  7.070E-03  6.209E-03  5.484E-03  4.824E-03  4.207E-03  3.610E-03  3.132E-03  2.697E-03  2.271E-03  1.906E-03  1.593E-03  1.326E-03  1.084E-03  8.778E-04  7.178E-04  5.795E-04  4.644E-04  3.706E-04  2.969E-04  2.330E-04  1.828E-04  1.431E-04  1.113E-04  8.565E-05  6.525E-05  4.925E-05  3.685E-05  2.671E-05  1.920E-05  1.350E-05  9.317E-06  6.152E-06  3.897E-06  2.295E-06  1.123E-06  3.801E-07  6.107E-08  5.334E-09  1.617E-10  1.410E-12
  392.5000  2.529E-02  2.411E-02  2.295E-02  2.181E-02  2.068E-02  1.957E-02  1.848E-02  1.741E-02  1.637E-02  1.535E-02  1.435E-02  1.337E-02  1.243E-02  1.151E-02  1.063E-02  9.790E-03  8.988E-03  8.112E-03  7.244E-03  6.496E-03  5.854E-03  5.302E-03  4.656E-03  4.111E-03  3.616E-03  3.153E-03  2.705E-03  2.347E-03  2.021E-03  1.701E-03  1.427E-03  1.193E-03  9.930E-04  8.114E-04  6.569E-04  5.371E-04  4.334E-04  3.473E-04  2.771E-04  2.219E-04  1.741E-04  1.366E-04  1.069E-04  8.316E-05  6.399E-05  4.874E-05  3.680E-05  2.753E-05  1.996E-05  1.435E-05  1.009E-05  6.966E-06  4.602E-06  2.918E-06  1.721E-06  8.452E-07  2.879E-07  4.683E-08  4.170E-09  1.303E-10  1.186E-12
  393.5000  1.100E-02  1.049E-02  9.981E-03  9.484E-03  8.994E-03  8.512E-03  8.038E-03  7.574E-03  7.119E-03  6.674E-03  6.240E-03  5.817E-03  5.405E-03  5.008E-03  4.624E-03  4.258E-03  3.909E-03  3.528E-03  3.150E-03  2.825E-03  2.545E-03  2.305E-03  2.024E-03  1.787E-03  1.572E-03  1.370E-03  1.175E-03  1.020E-03  8.775E-04  7.387E-04  6.197E-04  5.178E-04  4.309E-04  3.521E-04  2.850E-04  2.329E-04  1.879E-04  1.505E-04  1.201E-04  9.617E-05  7.543E-05  5.918E-05  4.631E-05  3.601E-05  2.771E-05  2.111E-05  1.594E-05  1.193E-05  8.645E-06  6.216E-06  4.373E-06  3.020E-06  1.996E-06  1.267E-06  7.483E-07  3.686E-07  1.264E-07  2.081E-08  1.888E-09  6.078E-11  5.775E-13
  394.5000  2.589E-02  2.469E-02  2.350E-02  2.233E-02  2.117E-02  2.004E-02  1.892E-02  1.783E-02  1.676E-02  1.571E-02  1.469E-02  1.369E-02  1.272E-02  1.179E-02  1.088E-02  1.002E-02  9.200E-03  8.303E-03  7.414E-03  6.647E-03  5.989E-03  5.423E-03  4.761E-03  4.203E-03  3.696E-03  3.222E-03  2.763E-03  2.397E-03  2.063E-03  1.736E-03  1.456E-03  1.217E-03  1.012E-03  8.267E-04  6.690E-04  5.467E-04  4.411E-04  3.532E-04  2.817E-04  2.255E-04  1.769E-04  1.387E-04  1.085E-04  8.442E-05  6.495E-05  4.948E-05  3.736E-05  2.796E-05  2.027E-05  1.458E-05  1.026E-05  7.084E-06  4.684E-06  2.975E-06  1.761E-06  8.700E-07  3.002E-07  5.003E-08  4.626E-09  1.533E-10  1.520E-12
  395.5000  3.333E-02  3.178E-02  3.024E-02  2.874E-02  2.725E-02  2.579E-02  2.436E-02  2.295E-02  2.157E-02  2.023E-02  1.891E-02  1.763E-02  1.638E-02  1.517E-02  1.401E-02  1.290E-02  1.184E-02  1.069E-02  9.541E-03  8.554E-03  7.706E-03  6.977E-03  6.125E-03  5.407E-03  4.754E-03  4.144E-03  3.553E-03  3.081E-03  2.651E-03  2.231E-03  1.871E-03  1.563E-03  1.300E-03  1.062E-03  8.589E-04  7.018E-04  5.660E-04  4.532E-04  3.614E-04  2.892E-04  2.268E-04  1.779E-04  1.391E-04  1.082E-04  8.324E-05  6.341E-05  4.788E-05  3.584E-05  2.599E-05  1.869E-05  1.315E-05  9.087E-06  6.012E-06  3.821E-06  2.265E-06  1.123E-06  3.898E-07  6.575E-08  6.192E-09  2.113E-10  2.184E-12
  396.5000  1.958E-02  1.867E-02  1.777E-02  1.688E-02  1.601E-02  1.515E-02  1.431E-02  1.348E-02  1.267E-02  1.188E-02  1.111E-02  1.035E-02  9.622E-03  8.914E-03  8.230E-03  7.577E-03  6.955E-03  6.277E-03  5.604E-03  5.024E-03  4.526E-03  4.097E-03  3.597E-03  3.174E-03  2.791E-03  2.432E-03  2.085E-03  1.808E-03  1.555E-03  1.309E-03  1.097E-03  9.164E-04  7.621E-04  6.223E-04  5.033E-04  4.111E-04  3.315E-04  2.654E-04  2.116E-04  1.693E-04  1.327E-04  1.041E-04  8.140E-05  6.330E-05  4.869E-05  3.710E-05  2.801E-05  2.097E-05  1.521E-05  1.094E-05  7.699E-06  5.320E-06  3.521E-06  2.240E-06  1.330E-06  6.614E-07  2.311E-07  3.944E-08  3.782E-09  1.328E-10  1.430E-12
  397.5000  2.261E-02  2.155E-02  2.051E-02  1.949E-02  1.849E-02  1.750E-02  1.652E-02  1.557E-02  1.463E-02  1.372E-02  1.283E-02  1.196E-02  1.111E-02  1.029E-02  9.502E-03  8.748E-03  8.030E-03  7.246E-03  6.469E-03  5.800E-03  5.224E-03  4.729E-03  4.150E-03  3.663E-03  3.220E-03  2.806E-03  2.405E-03  2.085E-03  1.793E-03  1.509E-03  1.265E-03  1.056E-03  8.781E-04  7.168E-04  5.796E-04  4.734E-04  3.816E-04  3.054E-04  2.434E-04  1.948E-04  1.526E-04  1.197E-04  9.360E-05  7.277E-05  5.598E-05  4.265E-05  3.221E-05  2.411E-05  1.749E-05  1.258E-05  8.857E-06  6.122E-06  4.054E-06  2.581E-06  1.535E-06  7.657E-07  2.691E-07  4.648E-08  4.539E-09  1.639E-10  1.838E-12
  398.5000  3.886E-02  3.705E-02  3.527E-02  3.351E-02  3.178E-02  3.008E-02  2.840E-02  2.676E-02  2.516E-02  2.359E-02  2.205E-02  2.055E-02  1.910E-02  1.769E-02  1.634E-02  1.504E-02  1.380E-02  1.246E-02  1.112E-02  9.968E-03  8.978E-03  8.127E-03  7.132E-03  6.293E-03  5.531E-03  4.819E-03  4.130E-03  3.580E-03  3.079E-03  2.590E-03  2.171E-03  1.812E-03  1.506E-03  1.229E-03  9.940E-04  8.116E-04  6.541E-04  5.233E-04  4.170E-04  3.336E-04  2.614E-04  2.049E-04  1.602E-04  1.246E-04  9.583E-05  7.301E-05  5.514E-05  4.128E-05  2.994E-05  2.155E-05  1.517E-05  1.049E-05  6.949E-06  4.429E-06  2.638E-06  1.320E-06  4.667E-07  8.153E-08  8.104E-09  3.010E-10  3.514E-12
  399.5000  4.044E-02  3.855E-02  3.670E-02  3.487E-02  3.307E-02  3.130E-02  2.956E-02  2.785E-02  2.618E-02  2.454E-02  2.295E-02  2.139E-02  1.987E-02  1.841E-02  1.700E-02  1.565E-02  1.436E-02  1.296E-02  1.157E-02  1.037E-02  9.339E-03  8.453E-03  7.417E-03  6.544E-03  5.751E-03  5.010E-03  4.293E-03  3.721E-03  3.199E-03  2.690E-03  2.255E-03  1.882E-03  1.564E-03  1.276E-03  1.032E-03  8.421E-04  6.786E-04  5.428E-04  4.325E-04  3.459E-04  2.710E-04  2.124E-04  1.661E-04  1.291E-04  9.929E-05  7.564E-05  5.713E-05  4.277E-05  3.103E-05  2.233E-05  1.573E-05  1.088E-05  7.209E-06  4.598E-06  2.743E-06  1.376E-06  4.896E-07  8.651E-08  8.752E-09  3.342E-10  4.059E-12
------------------------------------------------------------
Dose rates,W m-2
   1 = UV index (WMO, 1994; Webb et al., 2011)           
   2 = Previtamin-D3 (CIE 2006)                          
values at z =      0.025 km
Columns: time,sza,weighting spectra
time,hrs.  sza,deg.          1          2
   18.0000     86.863  5.399E-02  7.072E-04
   18.0167     87.052  5.120E-02  6.699E-04
   18.0333     87.242  4.848E-02  6.341E-04
   18.0500     87.431  4.585E-02  5.997E-04
   18.0667     87.620  4.328E-02  5.665E-04
   18.0833     87.810  4.078E-02  5.346E-04
   18.1000     88.001  3.836E-02  5.040E-04
   18.1167     88.191  3.602E-02  4.746E-04
   18.1333     88.382  3.374E-02  4.464E-04
   18.1500     88.572  3.155E-02  4.193E-04
   18.1667     88.763  2.943E-02  3.933E-04
   18.1833     88.954  2.739E-02  3.684E-04
   18.2000     89.146  2.543E-02  3.444E-04
   18.2167     89.337  2.354E-02  3.216E-04
   18.2333     89.529  2.175E-02  2.998E-04
   18.2500     89.721  2.004E-02  2.791E-04
   18.2667     89.913  1.843E-02  2.596E-04
   18.2833     90.105  1.669E-02  2.382E-04
   18.3000     90.298  1.498E-02  2.170E-04
   18.3167     90.491  1.351E-02  1.986E-04
   18.3333     90.683  1.225E-02  1.829E-04
   18.3500     90.876  1.116E-02  1.692E-04
   18.3667     91.070  9.894E-03  1.528E-04
   18.3833     91.263  8.825E-03  1.388E-04
   18.4000     91.457  7.843E-03  1.257E-04
   18.4167     91.651  6.926E-03  1.133E-04
   18.4333     91.845  6.027E-03  1.007E-04
   18.4500     92.039  5.298E-03  9.022E-05
   18.4667     92.234  4.633E-03  8.060E-05
   18.4833     92.429  3.971E-03  7.063E-05
   18.5000     92.623  3.395E-03  6.164E-05
   18.5167     92.818  2.893E-03  5.359E-05
   18.5333     93.013  2.456E-03  4.635E-05
   18.5500     93.209  2.047E-03  3.921E-05
   18.5667     93.404  1.695E-03  3.302E-05
   18.5833     93.600  1.413E-03  2.786E-05
   18.6000     93.796  1.159E-03  2.300E-05
   18.6167     93.992  9.449E-04  1.889E-05
   18.6333     94.188  7.624E-04  1.524E-05
   18.6500     94.385  6.169E-04  1.233E-05
   18.6667     94.581  4.862E-04  9.637E-06
   18.6833     94.778  3.812E-04  7.462E-06
   18.7000     94.975  2.964E-04  5.702E-06
   18.7167     95.172  2.278E-04  4.278E-06
   18.7333     95.369  1.719E-04  3.119E-06
   18.7500     95.566  1.272E-04  2.180E-06
   18.7667     95.764  9.196E-05  1.436E-06
   18.7833     95.962  6.470E-05  8.586E-07
   18.8000     96.159  4.305E-05  4.317E-07
   18.8167     96.357  2.824E-05  1.923E-07
   18.8333     96.556  1.790E-05  7.166E-08
   18.8500     96.754  1.121E-05  2.540E-08
   18.8667     96.952  6.664E-06  8.187E-09
   18.8833     97.151  3.735E-06  2.415E-09
   18.9000     97.350  1.883E-06  5.961E-10
   18.9167     97.549  7.487E-07  1.110E-10
   18.9333     97.748  1.885E-07  1.218E-11
   18.9500     97.947  2.007E-08  4.636E-13
   18.9667     98.146  1.130E-09  6.074E-15
   18.9833     98.346  2.351E-11  8.923E-18
   19.0000     98.545  1.702E-13  1.031E-21
------------------------------------------------------------
