Spectral Irradiance,W m-2 nm-1
values at z =      0.025 km
Columns: wavelength (nm),times (hrs.) or sza (deg.)
    wc,nm     18.000     18.017     18.033     18.050     18.067     18.083     18.100     18.117     18.133     18.150     18.167     18.183     18.200     18.217     18.233     18.250     18.267     18.283     18.300     18.317     18.333     18.350     18.367     18.383     18.400     18.417     18.433     18.450     18.467     18.483     18.500     18.517     18.533     18.550     18.567     18.583     18.600     18.617     18.633     18.650     18.667     18.683     18.700     18.717     18.733     18.750     18.767     18.783     18.800     18.817     18.833     18.850     18.867     18.883     18.900     18.917     18.933     18.950     18.967     18.983     19.000
    sza =      88.095     88.281     88.468     88.655     88.842     89.030     89.218     89.406     89.594     89.782     89.971     90.160     90.349     90.539     90.728     90.917     91.107     91.298     91.488     91.679     91.869     92.060     92.251     92.443     92.635     92.826     93.018     93.210     93.403     93.595     93.788     93.981     94.174     94.367     94.561     94.754     94.948     95.142     95.336     95.531     95.725     95.920     96.115     96.310     96.505     96.701     96.896     97.092     97.288     97.484     97.680     97.877     98.073     98.270     98.467     98.664     98.861     99.058     99.256     99.454     99.651
  280.5000  1.690E-26  1.630E-26  1.570E-26  1.509E-26  1.448E-26  1.386E-26  1.325E-26  1.263E-26  1.202E-26  1.141E-26  1.081E-26  1.002E-26  9.294E-27  8.656E-27  8.095E-27  7.600E-27  6.880E-27  6.349E-27  5.738E-27  5.245E-27  4.658E-27  4.152E-27  3.745E-27  3.263E-27  2.829E-27  2.438E-27  2.085E-27  1.727E-27  1.429E-27  1.176E-27  9.295E-28  7.121E-28  5.232E-28  3.648E-28  2.236E-28  1.194E-28  5.154E-29  1.488E-29  2.002E-30  4.713E-32  1.041E-34  3.318E-39  0.000E+00  0.000E+00  0.000E+00  0.000E+00  0.000E+00  0.000E+00  0.000E+00  0.000E+00  0.000E+00  0.000E+00  0.000E+00  0.000E+00  0.000E+00  0.000E+00  0.000E+00  0.000E+00  0.000E+00  0.000E+00  0.000E+00
  281.5000  3.539E-24  3.414E-24  3.288E-24  3.161E-24  3.034E-24  2.905E-24  2.777E-24  2.648E-24  2.520E-24  2.393E-24  2.268E-24  2.103E-24  1.951E-24  1.818E-24  1.700E-24  1.597E-24  1.446E-24  1.335E-24  1.207E-24  1.103E-24  9.802E-25  8.740E-25  7.884E-25  6.873E-25  5.961E-25  5.138E-25  4.398E-25  3.645E-25  3.021E-25  2.490E-25  1.978E-25  1.527E-25  1.135E-25  8.047E-26  5.077E-26  2.831E-26  1.303E-26  4.169E-27  6.657E-28  2.178E-29  8.235E-32  6.562E-36  1.749E-42  0.000E+00  0.000E+00  0.000E+00  0.000E+00  0.000E+00  0.000E+00  0.000E+00  0.000E+00  0.000E+00  0.000E+00  0.000E+00  0.000E+00  0.000E+00  0.000E+00  0.000E+00  0.000E+00  0.000E+00  0.000E+00
  282.5000  2.390E-22  2.306E-22  2.221E-22  2.136E-22  2.050E-22  1.963E-22  1.876E-22  1.790E-22  1.703E-22  1.618E-22  1.534E-22  1.423E-22  1.320E-22  1.230E-22  1.151E-22  1.082E-22  9.797E-23  9.046E-23  8.180E-23  7.482E-23  6.648E-23  5.930E-23  5.350E-23  4.666E-23  4.048E-23  3.491E-23  2.989E-23  2.480E-23  2.057E-23  1.699E-23  1.355E-23  1.052E-23  7.895E-24  5.680E-24  3.673E-24  2.126E-24  1.035E-24  3.622E-25  6.730E-26  2.948E-27  1.795E-29  3.203E-33  3.194E-39  0.000E+00  0.000E+00  0.000E+00  0.000E+00  0.000E+00  0.000E+00  0.000E+00  0.000E+00  0.000E+00  0.000E+00  0.000E+00  0.000E+00  0.000E+00  0.000E+00  0.000E+00  0.000E+00  0.000E+00  0.000E+00
  283.5000  3.327E-21  3.210E-21  3.092E-21  2.973E-21  2.854E-21  2.734E-21  2.613E-21  2.493E-21  2.373E-21  2.254E-21  2.137E-21  1.983E-21  1.840E-21  1.715E-21  1.605E-21  1.508E-21  1.367E-21  1.262E-21  1.142E-21  1.044E-21  9.282E-22  8.281E-22  7.473E-22  6.518E-22  5.657E-22  4.879E-22  4.180E-22  3.469E-22  2.880E-22  2.381E-22  1.903E-22  1.484E-22  1.121E-22  8.136E-23  5.345E-23  3.168E-23  1.600E-23  5.938E-24  1.218E-24  6.468E-26  5.388E-28  1.632E-31  3.852E-37  0.000E+00  0.000E+00  0.000E+00  0.000E+00  0.000E+00  0.000E+00  0.000E+00  0.000E+00  0.000E+00  0.000E+00  0.000E+00  0.000E+00  0.000E+00  0.000E+00  0.000E+00  0.000E+00  0.000E+00  0.000E+00
  284.5000  2.480E-19  2.393E-19  2.305E-19  2.217E-19  2.128E-19  2.039E-19  1.950E-19  1.860E-19  1.771E-19  1.683E-19  1.597E-19  1.482E-19  1.376E-19  1.283E-19  1.201E-19  1.129E-19  1.024E-19  9.459E-20  8.560E-20  7.835E-20  6.967E-20  6.219E-20  5.615E-20  4.900E-20  4.255E-20  3.672E-20  3.148E-20  2.615E-20  2.174E-20  1.801E-20  1.445E-20  1.135E-20  8.655E-21  6.381E-21  4.304E-21  2.655E-21  1.424E-21  5.831E-22  1.411E-22  1.032E-23  1.455E-25  1.082E-28  1.119E-33  1.138E-41  0.000E+00  0.000E+00  0.000E+00  0.000E+00  0.000E+00  0.000E+00  0.000E+00  0.000E+00  0.000E+00  0.000E+00  0.000E+00  0.000E+00  0.000E+00  0.000E+00  0.000E+00  0.000E+00  0.000E+00
  285.5000  3.774E-18  3.641E-18  3.508E-18  3.374E-18  3.240E-18  3.104E-18  2.969E-18  2.833E-18  2.698E-18  2.564E-18  2.433E-18  2.258E-18  2.097E-18  1.957E-18  1.833E-18  1.724E-18  1.563E-18  1.445E-18  1.308E-18  1.198E-18  1.066E-18  9.516E-19  8.595E-19  7.504E-19  6.519E-19  5.628E-19  4.828E-19  4.015E-19  3.339E-19  2.771E-19  2.231E-19  1.759E-19  1.352E-19  1.008E-19  6.935E-20  4.410E-20  2.478E-20  1.094E-20  3.013E-21  2.836E-22  6.049E-24  9.063E-27  2.923E-31  1.847E-38  0.000E+00  0.000E+00  0.000E+00  0.000E+00  0.000E+00  0.000E+00  0.000E+00  0.000E+00  0.000E+00  0.000E+00  0.000E+00  0.000E+00  0.000E+00  0.000E+00  0.000E+00  0.000E+00  0.000E+00
  286.5000  1.380E-16  1.332E-16  1.283E-16  1.234E-16  1.183E-16  1.135E-16  1.086E-16  1.036E-16  9.871E-17  9.384E-17  8.905E-17  8.267E-17  7.680E-17  7.166E-17  6.715E-17  6.317E-17  5.731E-17  5.299E-17  4.799E-17  4.396E-17  3.912E-17  3.495E-17  3.158E-17  2.758E-17  2.397E-17  2.071E-17  1.777E-17  1.479E-17  1.231E-17  1.022E-17  8.251E-18  6.530E-18  5.048E-18  3.795E-18  2.649E-18  1.723E-18  1.003E-18  4.694E-19  1.429E-19  1.635E-20  4.809E-22  1.241E-24  9.647E-29  2.494E-35  0.000E+00  0.000E+00  0.000E+00  0.000E+00  0.000E+00  0.000E+00  0.000E+00  0.000E+00  0.000E+00  0.000E+00  0.000E+00  0.000E+00  0.000E+00  0.000E+00  0.000E+00  0.000E+00  0.000E+00
  287.5000  2.788E-15  2.690E-15  2.592E-15  2.493E-15  2.394E-15  2.294E-15  2.194E-15  2.094E-15  1.995E-15  1.897E-15  1.801E-15  1.672E-15  1.554E-15  1.450E-15  1.359E-15  1.279E-15  1.161E-15  1.074E-15  9.733E-16  8.919E-16  7.943E-16  7.100E-16  6.418E-16  5.608E-16  4.876E-16  4.214E-16  3.619E-16  3.014E-16  2.511E-16  2.088E-16  1.689E-16  1.342E-16  1.043E-16  7.913E-17  5.609E-17  3.739E-17  2.259E-17  1.124E-17  3.802E-18  5.359E-19  2.225E-20  1.033E-22  2.083E-26  2.501E-32  9.347E-42  0.000E+00  0.000E+00  0.000E+00  0.000E+00  0.000E+00  0.000E+00  0.000E+00  0.000E+00  0.000E+00  0.000E+00  0.000E+00  0.000E+00  0.000E+00  0.000E+00  0.000E+00  0.000E+00
  288.5000  5.542E-14  5.347E-14  5.151E-14  4.955E-14  4.757E-14  4.559E-14  4.361E-14  4.163E-14  3.967E-14  3.772E-14  3.581E-14  3.326E-14  3.092E-14  2.887E-14  2.707E-14  2.549E-14  2.315E-14  2.142E-14  1.942E-14  1.781E-14  1.587E-14  1.420E-14  1.284E-14  1.123E-14  9.769E-15  8.448E-15  7.260E-15  6.052E-15  5.046E-15  4.202E-15  3.409E-15  2.719E-15  2.127E-15  1.628E-15  1.173E-15  8.018E-16  5.042E-16  2.680E-16  1.017E-16  1.801E-17  1.091E-18  9.673E-21  5.545E-24  3.573E-29  2.046E-37  0.000E+00  0.000E+00  0.000E+00  0.000E+00  0.000E+00  0.000E+00  0.000E+00  0.000E+00  0.000E+00  0.000E+00  0.000E+00  0.000E+00  0.000E+00  0.000E+00  0.000E+00  0.000E+00
  289.5000  8.177E-13  7.888E-13  7.598E-13  7.308E-13  7.017E-13  6.725E-13  6.433E-13  6.141E-13  5.851E-13  5.565E-13  5.283E-13  4.908E-13  4.563E-13  4.262E-13  3.998E-13  3.765E-13  3.420E-13  3.167E-13  2.873E-13  2.635E-13  2.349E-13  2.103E-13  1.903E-13  1.665E-13  1.449E-13  1.254E-13  1.078E-13  8.995E-14  7.505E-14  6.257E-14  5.086E-14  4.066E-14  3.195E-14  2.461E-14  1.793E-14  1.248E-14  8.080E-15  4.507E-15  1.863E-15  3.907E-16  3.139E-17  4.494E-19  5.550E-22  1.214E-26  4.961E-34  5.605E-45  0.000E+00  0.000E+00  0.000E+00  0.000E+00  0.000E+00  0.000E+00  0.000E+00  0.000E+00  0.000E+00  0.000E+00  0.000E+00  0.000E+00  0.000E+00  0.000E+00  0.000E+00
  290.5000  7.534E-12  7.267E-12  6.999E-12  6.731E-12  6.462E-12  6.193E-12  5.924E-12  5.655E-12  5.388E-12  5.124E-12  4.866E-12  4.521E-12  4.204E-12  3.927E-12  3.684E-12  3.471E-12  3.154E-12  2.921E-12  2.651E-12  2.433E-12  2.170E-12  1.943E-12  1.759E-12  1.540E-12  1.341E-12  1.161E-12  9.991E-13  8.341E-13  6.964E-13  5.811E-13  4.731E-13  3.791E-13  2.989E-13  2.314E-13  1.701E-13  1.202E-13  7.962E-14  4.618E-14  2.047E-14  4.933E-15  5.003E-16  1.067E-17  2.501E-20  1.521E-24  3.231E-31  4.835E-41  0.000E+00  0.000E+00  0.000E+00  0.000E+00  0.000E+00  0.000E+00  0.000E+00  0.000E+00  0.000E+00  0.000E+00  0.000E+00  0.000E+00  0.000E+00  0.000E+00  0.000E+00
  291.5000  6.142E-11  5.923E-11  5.703E-11  5.484E-11  5.263E-11  5.044E-11  4.824E-11  4.605E-11  4.387E-11  4.173E-11  3.963E-11  3.682E-11  3.424E-11  3.200E-11  3.003E-11  2.829E-11  2.572E-11  2.383E-11  2.164E-11  1.987E-11  1.773E-11  1.589E-11  1.439E-11  1.261E-11  1.099E-11  9.521E-12  8.197E-12  6.849E-12  5.723E-12  4.780E-12  3.899E-12  3.132E-12  2.479E-12  1.929E-12  1.432E-12  1.028E-12  6.978E-13  4.220E-13  2.016E-13  5.647E-14  7.381E-15  2.444E-16  1.165E-18  2.222E-22  3.007E-28  7.274E-37  0.000E+00  0.000E+00  0.000E+00  0.000E+00  0.000E+00  0.000E+00  0.000E+00  0.000E+00  0.000E+00  0.000E+00  0.000E+00  0.000E+00  0.000E+00  0.000E+00  0.000E+00
  292.5000  3.219E-10  3.104E-10  2.988E-10  2.872E-10  2.756E-10  2.640E-10  2.525E-10  2.410E-10  2.296E-10  2.183E-10  2.073E-10  1.927E-10  1.792E-10  1.674E-10  1.572E-10  1.481E-10  1.347E-10  1.248E-10  1.134E-10  1.042E-10  9.301E-11  8.339E-11  7.558E-11  6.625E-11  5.778E-11  5.009E-11  4.316E-11  3.609E-11  3.018E-11  2.523E-11  2.061E-11  1.659E-11  1.317E-11  1.029E-11  7.701E-12  5.595E-12  3.877E-12  2.428E-12  1.235E-12  3.932E-13  6.380E-14  3.067E-15  2.652E-17  1.308E-20  8.088E-26  1.888E-33  1.065E-43  0.000E+00  0.000E+00  0.000E+00  0.000E+00  0.000E+00  0.000E+00  0.000E+00  0.000E+00  0.000E+00  0.000E+00  0.000E+00  0.000E+00  0.000E+00  0.000E+00
  293.5000  1.943E-09  1.873E-09  1.802E-09  1.732E-09  1.661E-09  1.591E-09  1.521E-09  1.452E-09  1.383E-09  1.315E-09  1.248E-09  1.160E-09  1.079E-09  1.008E-09  9.463E-10  8.920E-10  8.113E-10  7.522E-10  6.835E-10  6.281E-10  5.612E-10  5.031E-10  4.565E-10  4.004E-10  3.495E-10  3.032E-10  2.614E-10  2.188E-10  1.831E-10  1.532E-10  1.253E-10  1.010E-10  8.045E-11  6.311E-11  4.756E-11  3.494E-11  2.466E-11  1.592E-11  8.575E-12  3.068E-12  6.070E-13  4.123E-14  6.213E-16  7.476E-19  1.932E-23  3.814E-30  3.917E-39  0.000E+00  0.000E+00  0.000E+00  0.000E+00  0.000E+00  0.000E+00  0.000E+00  0.000E+00  0.000E+00  0.000E+00  0.000E+00  0.000E+00  0.000E+00  0.000E+00
  294.5000  6.623E-09  6.380E-09  6.137E-09  5.895E-09  5.654E-09  5.413E-09  5.173E-09  4.935E-09  4.699E-09  4.467E-09  4.241E-09  3.940E-09  3.664E-09  3.424E-09  3.214E-09  3.030E-09  2.756E-09  2.556E-09  2.323E-09  2.135E-09  1.909E-09  1.713E-09  1.554E-09  1.364E-09  1.191E-09  1.034E-09  8.921E-10  7.473E-10  6.257E-10  5.241E-10  4.293E-10  3.466E-10  2.766E-10  2.176E-10  1.649E-10  1.222E-10  8.749E-11  5.794E-11  3.269E-11  1.288E-11  3.002E-12  2.711E-13  6.432E-15  1.593E-17  1.291E-21  1.381E-27  1.394E-35  0.000E+00  0.000E+00  0.000E+00  0.000E+00  0.000E+00  0.000E+00  0.000E+00  0.000E+00  0.000E+00  0.000E+00  0.000E+00  0.000E+00  0.000E+00  0.000E+00
  295.5000  3.119E-08  3.002E-08  2.887E-08  2.772E-08  2.657E-08  2.542E-08  2.428E-08  2.316E-08  2.204E-08  2.095E-08  1.988E-08  1.847E-08  1.717E-08  1.604E-08  1.506E-08  1.419E-08  1.291E-08  1.198E-08  1.089E-08  1.001E-08  8.954E-09  8.041E-09  7.297E-09  6.409E-09  5.601E-09  4.866E-09  4.201E-09  3.522E-09  2.952E-09  2.474E-09  2.030E-09  1.641E-09  1.313E-09  1.036E-09  7.890E-10  5.898E-10  4.284E-10  2.906E-10  1.717E-10  7.440E-11  2.045E-11  2.468E-12  9.323E-14  4.878E-16  1.302E-19  8.160E-25  9.027E-32  3.361E-41  0.000E+00  0.000E+00  0.000E+00  0.000E+00  0.000E+00  0.000E+00  0.000E+00  0.000E+00  0.000E+00  0.000E+00  0.000E+00  0.000E+00  0.000E+00
  296.5000  9.264E-08  8.913E-08  8.565E-08  8.219E-08  7.874E-08  7.530E-08  7.190E-08  6.852E-08  6.519E-08  6.193E-08  5.875E-08  5.455E-08  5.071E-08  4.737E-08  4.445E-08  4.189E-08  3.812E-08  3.535E-08  3.215E-08  2.956E-08  2.645E-08  2.375E-08  2.157E-08  1.896E-08  1.658E-08  1.441E-08  1.245E-08  1.045E-08  8.766E-09  7.354E-09  6.040E-09  4.890E-09  3.919E-09  3.100E-09  2.372E-09  1.786E-09  1.313E-09  9.088E-10  5.581E-10  2.625E-10  8.315E-11  1.289E-11  7.260E-13  7.209E-15  5.298E-18  1.471E-22  1.199E-28  6.708E-37  0.000E+00  0.000E+00  0.000E+00  0.000E+00  0.000E+00  0.000E+00  0.000E+00  0.000E+00  0.000E+00  0.000E+00  0.000E+00  0.000E+00  0.000E+00
  297.5000  2.854E-07  2.744E-07  2.635E-07  2.526E-07  2.419E-07  2.312E-07  2.206E-07  2.101E-07  1.998E-07  1.897E-07  1.799E-07  1.670E-07  1.551E-07  1.449E-07  1.359E-07  1.281E-07  1.165E-07  1.080E-07  9.826E-08  9.037E-08  8.087E-08  7.267E-08  6.601E-08  5.805E-08  5.080E-08  4.419E-08  3.821E-08  3.210E-08  2.694E-08  2.262E-08  1.860E-08  1.508E-08  1.211E-08  9.596E-09  7.370E-09  5.581E-09  4.142E-09  2.916E-09  1.850E-09  9.325E-10  3.335E-10  6.410E-11  5.103E-12  8.856E-14  1.576E-16  1.606E-20  7.521E-26  4.521E-33  6.264E-43  0.000E+00  0.000E+00  0.000E+00  0.000E+00  0.000E+00  0.000E+00  0.000E+00  0.000E+00  0.000E+00  0.000E+00  0.000E+00  0.000E+00
  298.5000  5.128E-07  4.927E-07  4.728E-07  4.530E-07  4.334E-07  4.140E-07  3.947E-07  3.757E-07  3.571E-07  3.388E-07  3.210E-07  2.979E-07  2.766E-07  2.582E-07  2.421E-07  2.281E-07  2.074E-07  1.923E-07  1.749E-07  1.609E-07  1.440E-07  1.294E-07  1.176E-07  1.035E-07  9.059E-08  7.885E-08  6.822E-08  5.737E-08  4.819E-08  4.049E-08  3.333E-08  2.705E-08  2.176E-08  1.727E-08  1.331E-08  1.013E-08  7.580E-09  5.411E-09  3.528E-09  1.886E-09  7.481E-10  1.731E-10  1.855E-11  5.202E-13  1.974E-15  6.090E-19  1.254E-23  5.583E-30  1.180E-38  0.000E+00  0.000E+00  0.000E+00  0.000E+00  0.000E+00  0.000E+00  0.000E+00  0.000E+00  0.000E+00  0.000E+00  0.000E+00  0.000E+00
  299.5000  1.699E-06  1.631E-06  1.563E-06  1.497E-06  1.431E-06  1.365E-06  1.301E-06  1.237E-06  1.175E-06  1.114E-06  1.055E-06  9.780E-07  9.078E-07  8.467E-07  7.935E-07  7.472E-07  6.794E-07  6.297E-07  5.727E-07  5.265E-07  4.714E-07  4.238E-07  3.851E-07  3.390E-07  2.969E-07  2.586E-07  2.239E-07  1.885E-07  1.584E-07  1.332E-07  1.098E-07  8.921E-08  7.187E-08  5.716E-08  4.416E-08  3.376E-08  2.544E-08  1.838E-08  1.227E-08  6.906E-09  3.003E-09  8.208E-10  1.152E-10  5.016E-12  3.830E-14  3.311E-17  2.736E-21  8.074E-27  2.256E-34  5.045E-44  0.000E+00  0.000E+00  0.000E+00  0.000E+00  0.000E+00  0.000E+00  0.000E+00  0.000E+00  0.000E+00  0.000E+00  0.000E+00
  300.5000  2.182E-06  2.093E-06  2.005E-06  1.918E-06  1.831E-06  1.746E-06  1.662E-06  1.580E-06  1.499E-06  1.420E-06  1.344E-06  1.245E-06  1.155E-06  1.077E-06  1.008E-06  9.488E-07  8.625E-07  7.990E-07  7.265E-07  6.678E-07  5.978E-07  5.376E-07  4.884E-07  4.301E-07  3.770E-07  3.285E-07  2.846E-07  2.398E-07  2.017E-07  1.697E-07  1.401E-07  1.139E-07  9.186E-08  7.316E-08  5.666E-08  4.346E-08  3.294E-08  2.401E-08  1.634E-08  9.585E-09  4.489E-09  1.404E-09  2.450E-10  1.522E-11  2.039E-13  3.992E-16  9.739E-20  1.230E-24  2.441E-31  6.704E-40  0.000E+00  0.000E+00  0.000E+00  0.000E+00  0.000E+00  0.000E+00  0.000E+00  0.000E+00  0.000E+00  0.000E+00  0.000E+00
  301.5000  6.181E-06  5.920E-06  5.663E-06  5.413E-06  5.161E-06  4.915E-06  4.673E-06  4.436E-06  4.203E-06  3.979E-06  3.761E-06  3.482E-06  3.226E-06  3.005E-06  2.812E-06  2.644E-06  2.402E-06  2.224E-06  2.021E-06  1.857E-06  1.662E-06  1.495E-06  1.353E-06  1.196E-06  1.049E-06  9.144E-07  7.927E-07  6.686E-07  5.629E-07  4.741E-07  3.917E-07  3.188E-07  2.576E-07  2.054E-07  1.595E-07  1.228E-07  9.362E-08  6.886E-08  4.772E-08  2.919E-08  1.474E-08  5.298E-09  1.160E-09  1.048E-10  2.549E-12  1.194E-14  9.282E-18  5.605E-22  9.388E-28  4.013E-35  7.006E-43  0.000E+00  0.000E+00  0.000E+00  0.000E+00  0.000E+00  0.000E+00  0.000E+00  0.000E+00  0.000E+00  0.000E+00
  302.5000  9.827E-06  9.402E-06  8.984E-06  8.574E-06  8.169E-06  7.772E-06  7.382E-06  7.001E-06  6.628E-06  6.266E-06  5.918E-06  5.475E-06  5.069E-06  4.717E-06  4.411E-06  4.144E-06  3.763E-06  3.481E-06  3.163E-06  2.905E-06  2.599E-06  2.337E-06  2.123E-06  1.870E-06  1.640E-06  1.431E-06  1.241E-06  1.048E-06  8.826E-07  7.439E-07  6.152E-07  5.011E-07  4.053E-07  3.236E-07  2.517E-07  1.942E-07  1.487E-07  1.100E-07  7.718E-08  4.855E-08  2.579E-08  1.018E-08  2.600E-09  3.030E-10  1.104E-11  9.266E-14  1.541E-16  2.571E-20  1.723E-25  4.356E-32  4.681E-39  1.401E-44  1.401E-45  1.401E-45  0.000E+00  0.000E+00  0.000E+00  0.000E+00  0.000E+00  0.000E+00  0.000E+00
  303.5000  2.274E-05  2.173E-05  2.073E-05  1.975E-05  1.879E-05  1.785E-05  1.693E-05  1.603E-05  1.515E-05  1.431E-05  1.349E-05  1.246E-05  1.153E-05  1.071E-05  1.001E-05  9.390E-06  8.517E-06  7.873E-06  7.147E-06  6.560E-06  5.867E-06  5.274E-06  4.795E-06  4.219E-06  3.701E-06  3.230E-06  2.803E-06  2.368E-06  1.997E-06  1.685E-06  1.395E-06  1.138E-06  9.215E-07  7.366E-07  5.742E-07  4.444E-07  3.417E-07  2.543E-07  1.809E-07  1.174E-07  6.598E-08  2.897E-08  8.814E-09  1.375E-09  7.986E-11  1.323E-12  5.408E-15  3.029E-18  1.056E-22  2.211E-28  2.076E-34  2.598E-39  3.858E-41  8.198E-43  7.006E-45  0.000E+00  0.000E+00  0.000E+00  0.000E+00  0.000E+00  0.000E+00
  304.5000  2.995E-05  2.858E-05  2.723E-05  2.592E-05  2.463E-05  2.337E-05  2.214E-05  2.094E-05  1.977E-05  1.865E-05  1.743E-05  1.622E-05  1.499E-05  1.392E-05  1.299E-05  1.218E-05  1.104E-05  1.020E-05  9.250E-06  8.484E-06  7.586E-06  6.816E-06  6.186E-06  5.451E-06  4.782E-06  4.174E-06  3.623E-06  3.064E-06  2.585E-06  2.182E-06  1.808E-06  1.476E-06  1.197E-06  9.574E-07  7.474E-07  5.794E-07  4.467E-07  3.337E-07  2.393E-07  1.582E-07  9.198E-08  4.305E-08  1.454E-08  2.699E-09  2.064E-10  5.093E-12  3.529E-14  4.006E-17  3.608E-21  2.507E-26  7.886E-32  2.294E-36  3.346E-38  5.447E-40  2.200E-42  1.401E-45  0.000E+00  0.000E+00  0.000E+00  0.000E+00  0.000E+00
  305.5000  5.326E-05  5.071E-05  4.821E-05  4.579E-05  4.342E-05  4.111E-05  3.886E-05  3.668E-05  3.457E-05  3.254E-05  3.060E-05  2.820E-05  2.601E-05  2.411E-05  2.246E-05  2.103E-05  1.903E-05  1.756E-05  1.591E-05  1.458E-05  1.302E-05  1.169E-05  1.061E-05  9.342E-06  8.196E-06  7.154E-06  6.213E-06  5.259E-06  4.441E-06  3.752E-06  3.114E-06  2.544E-06  2.066E-06  1.655E-06  1.295E-06  1.006E-06  7.789E-07  5.846E-07  4.236E-07  2.871E-07  1.745E-07  8.899E-08  3.468E-08  8.197E-09  9.239E-10  4.050E-11  6.121E-13  2.004E-15  7.547E-19  3.236E-23  6.528E-28  6.884E-32  9.617E-34  1.003E-35  1.886E-38  7.455E-43  0.000E+00  0.000E+00  0.000E+00  0.000E+00  0.000E+00
  306.5000  6.368E-05  6.056E-05  5.752E-05  5.457E-05  5.168E-05  4.888E-05  4.616E-05  4.353E-05  4.098E-05  3.854E-05  3.620E-05  3.333E-05  3.071E-05  2.844E-05  2.647E-05  2.476E-05  2.240E-05  2.064E-05  1.870E-05  1.712E-05  1.529E-05  1.372E-05  1.244E-05  1.095E-05  9.608E-06  8.387E-06  7.284E-06  6.169E-06  5.212E-06  4.405E-06  3.659E-06  2.991E-06  2.431E-06  1.949E-06  1.526E-06  1.188E-06  9.210E-07  6.928E-07  5.046E-07  3.458E-07  2.146E-07  1.139E-07  4.739E-08  1.250E-08  1.674E-09  9.429E-11  1.985E-12  1.015E-14  7.009E-18  6.487E-22  2.864E-26  5.238E-30  7.410E-32  6.724E-34  9.976E-37  3.314E-41  0.000E+00  0.000E+00  0.000E+00  0.000E+00  0.000E+00
  307.5000  1.221E-04  1.158E-04  1.097E-04  1.038E-04  9.803E-05  9.247E-05  8.709E-05  8.183E-05  7.691E-05  7.214E-05  6.759E-05  6.209E-05  5.708E-05  5.274E-05  4.897E-05  4.571E-05  4.127E-05  3.797E-05  3.433E-05  3.138E-05  2.799E-05  2.509E-05  2.272E-05  1.999E-05  1.753E-05  1.530E-05  1.329E-05  1.126E-05  9.523E-06  8.055E-06  6.700E-06  5.484E-06  4.465E-06  3.584E-06  2.812E-06  2.194E-06  1.707E-06  1.288E-06  9.455E-07  6.601E-07  4.235E-07  2.399E-07  1.116E-07  3.564E-08  6.520E-09  5.848E-10  2.327E-11  2.841E-13  6.415E-16  2.688E-19  5.599E-23  2.989E-26  4.148E-28  2.637E-30  2.115E-33  3.983E-38  0.000E+00  0.000E+00  0.000E+00  0.000E+00  0.000E+00
  308.5000  1.540E-04  1.459E-04  1.380E-04  1.304E-04  1.230E-04  1.159E-04  1.091E-04  1.024E-04  9.607E-05  9.001E-05  8.423E-05  7.731E-05  7.098E-05  6.551E-05  6.077E-05  5.666E-05  5.111E-05  4.697E-05  4.244E-05  3.876E-05  3.454E-05  3.095E-05  2.801E-05  2.464E-05  2.160E-05  1.885E-05  1.637E-05  1.388E-05  1.174E-05  9.933E-06  8.268E-06  6.771E-06  5.518E-06  4.432E-06  3.481E-06  2.718E-06  2.118E-06  1.601E-06  1.180E-06  8.302E-07  5.404E-07  3.149E-07  1.536E-07  5.318E-08  1.105E-08  1.193E-09  6.056E-11  1.025E-12  3.611E-15  2.651E-18  9.745E-22  7.757E-25  1.100E-26  6.450E-29  4.511E-32  7.843E-37  1.401E-45  0.000E+00  0.000E+00  0.000E+00  0.000E+00
  309.5000  1.698E-04  1.604E-04  1.514E-04  1.427E-04  1.343E-04  1.262E-04  1.184E-04  1.109E-04  1.038E-04  9.699E-05  9.054E-05  8.289E-05  7.594E-05  6.992E-05  6.471E-05  6.020E-05  5.420E-05  4.971E-05  4.483E-05  4.087E-05  3.637E-05  3.255E-05  2.942E-05  2.585E-05  2.265E-05  1.975E-05  1.715E-05  1.455E-05  1.231E-05  1.042E-05  8.684E-06  7.118E-06  5.809E-06  4.671E-06  3.675E-06  2.875E-06  2.246E-06  1.702E-06  1.260E-06  8.971E-07  5.962E-07  3.621E-07  1.896E-07  7.435E-08  1.893E-08  2.771E-09  2.136E-10  6.401E-12  4.930E-14  9.767E-17  9.933E-20  1.595E-22  2.273E-24  1.084E-26  5.296E-30  6.718E-35  1.541E-44  0.000E+00  0.000E+00  0.000E+00  0.000E+00
  310.5000  2.771E-04  2.612E-04  2.460E-04  2.314E-04  2.173E-04  2.038E-04  1.908E-04  1.784E-04  1.665E-04  1.552E-04  1.446E-04  1.321E-04  1.208E-04  1.110E-04  1.025E-04  9.516E-05  8.550E-05  7.828E-05  7.048E-05  6.414E-05  5.700E-05  5.094E-05  4.598E-05  4.038E-05  3.534E-05  3.081E-05  2.674E-05  2.268E-05  1.920E-05  1.626E-05  1.356E-05  1.113E-05  9.089E-06  7.316E-06  5.765E-06  4.517E-06  3.535E-06  2.683E-06  1.994E-06  1.432E-06  9.666E-07  6.050E-07  3.339E-07  1.434E-07  4.237E-08  7.731E-09  8.019E-10  3.599E-11  4.819E-13  1.918E-15  3.964E-18  1.039E-20  1.503E-22  6.337E-25  2.508E-28  2.704E-33  7.553E-43  0.000E+00  0.000E+00  0.000E+00  0.000E+00
  311.5000  4.051E-04  3.813E-04  3.584E-04  3.366E-04  3.155E-04  2.954E-04  2.761E-04  2.577E-04  2.402E-04  2.236E-04  2.079E-04  1.896E-04  1.731E-04  1.588E-04  1.464E-04  1.356E-04  1.218E-04  1.113E-04  1.001E-04  9.097E-05  8.076E-05  7.209E-05  6.500E-05  5.699E-05  4.988E-05  4.346E-05  3.771E-05  3.199E-05  2.708E-05  2.294E-05  1.914E-05  1.571E-05  1.285E-05  1.035E-05  8.165E-06  6.404E-06  5.018E-06  3.814E-06  2.842E-06  2.053E-06  1.399E-06  8.924E-07  5.092E-07  2.320E-07  7.543E-08  1.587E-08  1.996E-09  1.165E-10  2.246E-12  1.420E-14  4.722E-17  1.731E-19  2.576E-21  1.030E-23  3.695E-27  3.785E-32  1.221E-41  0.000E+00  0.000E+00  0.000E+00  0.000E+00
  312.5000  5.169E-04  4.846E-04  4.538E-04  4.245E-04  3.965E-04  3.698E-04  3.442E-04  3.203E-04  2.974E-04  2.758E-04  2.555E-04  2.323E-04  2.113E-04  1.931E-04  1.774E-04  1.640E-04  1.465E-04  1.335E-04  1.196E-04  1.084E-04  9.595E-05  8.543E-05  7.682E-05  6.827E-05  5.873E-05  5.110E-05  4.429E-05  3.757E-05  3.179E-05  2.693E-05  2.250E-05  1.848E-05  1.514E-05  1.221E-05  9.654E-06  7.589E-06  5.960E-06  4.541E-06  3.398E-06  2.477E-06  1.714E-06  1.128E-06  6.803E-07  3.424E-07  1.315E-07  3.561E-08  6.319E-09  5.918E-10  2.187E-11  3.143E-13  2.408E-15  1.558E-17  2.341E-19  7.957E-22  2.163E-25  1.747E-30  5.852E-40  0.000E+00  0.000E+00  0.000E+00  0.000E+00
  313.5000  6.286E-04  5.888E-04  5.510E-04  5.149E-04  4.805E-04  4.478E-04  4.163E-04  3.871E-04  3.591E-04  3.328E-04  3.081E-04  2.798E-04  2.543E-04  2.322E-04  2.131E-04  1.966E-04  1.757E-04  1.599E-04  1.432E-04  1.296E-04  1.147E-04  1.020E-04  9.168E-05  8.013E-05  7.001E-05  6.088E-05  5.275E-05  4.474E-05  3.786E-05  3.207E-05  2.680E-05  2.203E-05  1.805E-05  1.457E-05  1.152E-05  9.067E-06  7.126E-06  5.434E-06  4.073E-06  2.977E-06  2.071E-06  1.376E-06  8.430E-07  4.365E-07  1.754E-07  5.061E-08  9.729E-09  1.013E-09  4.347E-11  7.524E-13  6.953E-15  5.178E-17  8.071E-19  2.810E-21  7.930E-25  7.008E-30  2.919E-39  0.000E+00  0.000E+00  0.000E+00  0.000E+00
  314.5000  8.391E-04  7.827E-04  7.293E-04  6.786E-04  6.306E-04  5.851E-04  5.421E-04  5.014E-04  4.632E-04  4.274E-04  3.940E-04  3.563E-04  3.225E-04  2.932E-04  2.679E-04  2.462E-04  2.191E-04  1.985E-04  1.771E-04  1.597E-04  1.407E-04  1.248E-04  1.117E-04  9.756E-05  8.485E-05  7.362E-05  6.367E-05  5.395E-05  4.561E-05  3.862E-05  3.229E-05  2.656E-05  2.180E-05  1.761E-05  1.397E-05  1.101E-05  8.676E-06  6.633E-06  4.990E-06  3.675E-06  2.588E-06  1.760E-06  1.125E-06  6.307E-07  2.898E-07  1.028E-07  2.628E-08  4.069E-09  3.037E-10  1.060E-11  2.007E-13  2.438E-15  3.862E-17  1.183E-19  2.665E-23  1.950E-28  8.577E-38  0.000E+00  0.000E+00  0.000E+00  0.000E+00
  315.5000  9.147E-04  8.528E-04  7.943E-04  7.386E-04  6.860E-04  6.362E-04  5.891E-04  5.446E-04  5.028E-04  4.637E-04  4.272E-04  3.862E-04  3.493E-04  3.174E-04  2.899E-04  2.662E-04  2.367E-04  2.144E-04  1.912E-04  1.722E-04  1.517E-04  1.344E-04  1.203E-04  1.050E-04  9.124E-05  7.913E-05  6.840E-05  5.795E-05  4.898E-05  4.147E-05  3.468E-05  2.853E-05  2.343E-05  1.893E-05  1.503E-05  1.186E-05  9.347E-06  7.151E-06  5.386E-06  3.975E-06  2.808E-06  1.922E-06  1.242E-06  7.092E-07  3.354E-07  1.238E-07  3.317E-08  5.458E-09  4.438E-10  1.722E-11  3.618E-13  4.782E-15  7.869E-17  2.521E-19  6.111E-23  5.074E-28  2.816E-37  0.000E+00  0.000E+00  0.000E+00  0.000E+00
  316.5000  1.207E-03  1.122E-03  1.041E-03  9.655E-04  8.935E-04  8.255E-04  7.615E-04  7.013E-04  6.449E-04  5.923E-04  5.434E-04  4.893E-04  4.407E-04  3.987E-04  3.626E-04  3.316E-04  2.936E-04  2.648E-04  2.351E-04  2.109E-04  1.850E-04  1.633E-04  1.456E-04  1.265E-04  1.096E-04  9.482E-05  8.176E-05  6.914E-05  5.835E-05  4.935E-05  4.127E-05  3.395E-05  2.791E-05  2.258E-05  1.796E-05  1.421E-05  1.122E-05  8.608E-06  6.507E-06  4.830E-06  3.445E-06  2.398E-06  1.598E-06  9.660E-07  5.040E-07  2.170E-07  7.219E-08  1.609E-08  2.001E-09  1.324E-10  4.786E-12  9.168E-14  1.540E-15  4.545E-18  9.522E-22  7.082E-27  4.309E-36  0.000E+00  0.000E+00  0.000E+00  0.000E+00
  317.5000  1.707E-03  1.587E-03  1.473E-03  1.366E-03  1.264E-03  1.168E-03  1.078E-03  9.925E-04  9.128E-04  8.386E-04  7.695E-04  6.930E-04  6.242E-04  5.649E-04  5.138E-04  4.700E-04  4.162E-04  3.754E-04  3.333E-04  2.991E-04  2.624E-04  2.316E-04  2.065E-04  1.793E-04  1.556E-04  1.345E-04  1.160E-04  9.809E-05  8.278E-05  7.002E-05  5.856E-05  4.818E-05  3.961E-05  3.206E-05  2.550E-05  2.018E-05  1.594E-05  1.223E-05  9.249E-06  6.870E-06  4.905E-06  3.421E-06  2.286E-06  1.388E-06  7.283E-07  3.153E-07  1.052E-07  2.346E-08  2.920E-09  1.933E-10  6.984E-12  1.360E-13  2.384E-15  7.579E-18  1.794E-21  1.584E-26  1.237E-35  0.000E+00  0.000E+00  0.000E+00  0.000E+00
  318.5000  1.827E-03  1.696E-03  1.572E-03  1.454E-03  1.342E-03  1.236E-03  1.137E-03  1.044E-03  9.565E-04  8.754E-04  8.001E-04  7.176E-04  6.436E-04  5.799E-04  5.251E-04  4.781E-04  4.214E-04  3.783E-04  3.343E-04  2.985E-04  2.606E-04  2.290E-04  2.032E-04  1.757E-04  1.518E-04  1.307E-04  1.123E-04  9.473E-05  7.975E-05  6.731E-05  5.626E-05  4.626E-05  3.806E-05  3.082E-05  2.457E-05  1.949E-05  1.544E-05  1.188E-05  9.017E-06  6.736E-06  4.850E-06  3.432E-06  2.352E-06  1.499E-06  8.550E-07  4.231E-07  1.707E-07  4.996E-08  9.126E-09  9.800E-10  5.793E-11  1.581E-12  2.832E-14  8.394E-17  1.750E-20  1.408E-25  1.210E-34  0.000E+00  0.000E+00  0.000E+00  0.000E+00
  319.5000  2.378E-03  2.207E-03  2.045E-03  1.892E-03  1.746E-03  1.608E-03  1.479E-03  1.357E-03  1.243E-03  1.137E-03  1.039E-03  9.313E-04  8.348E-04  7.517E-04  6.802E-04  6.190E-04  5.452E-04  4.891E-04  4.318E-04  3.853E-04  3.361E-04  2.951E-04  2.616E-04  2.260E-04  1.950E-04  1.678E-04  1.441E-04  1.215E-04  1.022E-04  8.621E-05  7.204E-05  5.922E-05  4.874E-05  3.947E-05  3.149E-05  2.499E-05  1.981E-05  1.526E-05  1.159E-05  8.675E-06  6.262E-06  4.447E-06  3.067E-06  1.979E-06  1.150E-06  5.856E-07  2.450E-07  7.535E-08  1.477E-08  1.732E-09  1.118E-10  3.283E-12  6.106E-14  1.894E-16  4.246E-20  3.851E-25  4.097E-34  0.000E+00  0.000E+00  0.000E+00  0.000E+00
  320.5000  3.130E-03  2.905E-03  2.691E-03  2.489E-03  2.297E-03  2.115E-03  1.944E-03  1.783E-03  1.632E-03  1.492E-03  1.362E-03  1.219E-03  1.092E-03  9.821E-04  8.878E-04  8.070E-04  7.098E-04  6.360E-04  5.608E-04  4.998E-04  4.353E-04  3.817E-04  3.379E-04  2.916E-04  2.513E-04  2.160E-04  1.852E-04  1.560E-04  1.311E-04  1.105E-04  9.234E-05  7.587E-05  6.245E-05  5.058E-05  4.036E-05  3.207E-05  2.543E-05  1.961E-05  1.492E-05  1.118E-05  8.087E-06  5.764E-06  3.998E-06  2.608E-06  1.544E-06  8.101E-07  3.543E-07  1.162E-07  2.495E-08  3.277E-09  2.381E-10  7.677E-12  1.482E-13  4.776E-16  1.133E-19  1.130E-24  1.461E-33  0.000E+00  0.000E+00  0.000E+00  0.000E+00
  321.5000  3.793E-03  3.528E-03  3.275E-03  3.033E-03  2.802E-03  2.582E-03  2.374E-03  2.177E-03  1.992E-03  1.819E-03  1.658E-03  1.482E-03  1.323E-03  1.187E-03  1.070E-03  9.696E-04  8.494E-04  7.580E-04  6.653E-04  5.901E-04  5.113E-04  4.460E-04  3.928E-04  3.370E-04  2.887E-04  2.468E-04  2.105E-04  1.764E-04  1.476E-04  1.239E-04  1.033E-04  8.464E-05  6.964E-05  5.637E-05  4.506E-05  3.589E-05  2.855E-05  2.209E-05  1.689E-05  1.274E-05  9.296E-06  6.708E-06  4.749E-06  3.223E-06  2.038E-06  1.193E-06  6.099E-07  2.517E-07  7.527E-08  1.503E-08  1.672E-09  7.234E-11  1.425E-12  4.332E-15  9.255E-19  8.622E-24  1.237E-32  0.000E+00  0.000E+00  0.000E+00  0.000E+00
  322.5000  2.879E-03  2.673E-03  2.476E-03  2.290E-03  2.113E-03  1.945E-03  1.787E-03  1.639E-03  1.499E-03  1.370E-03  1.250E-03  1.118E-03  1.001E-03  8.996E-04  8.126E-04  7.381E-04  6.486E-04  5.807E-04  5.115E-04  4.554E-04  3.962E-04  3.470E-04  3.069E-04  2.645E-04  2.277E-04  1.955E-04  1.675E-04  1.409E-04  1.183E-04  9.969E-05  8.326E-05  6.838E-05  5.629E-05  4.560E-05  3.641E-05  2.895E-05  2.299E-05  1.774E-05  1.351E-05  1.015E-05  7.360E-06  5.267E-06  3.679E-06  2.430E-06  1.467E-06  7.933E-07  3.611E-07  1.253E-07  2.920E-08  4.256E-09  3.458E-10  1.238E-11  2.584E-13  9.288E-16  2.613E-19  3.362E-24  6.620E-33  0.000E+00  0.000E+00  0.000E+00  0.000E+00
  323.5000  4.670E-03  4.352E-03  4.047E-03  3.755E-03  3.474E-03  3.206E-03  2.951E-03  2.709E-03  2.481E-03  2.267E-03  2.068E-03  1.847E-03  1.649E-03  1.479E-03  1.332E-03  1.206E-03  1.055E-03  9.406E-04  8.241E-04  7.297E-04  6.307E-04  5.488E-04  4.821E-04  4.124E-04  3.523E-04  3.002E-04  2.553E-04  2.134E-04  1.779E-04  1.490E-04  1.240E-04  1.014E-04  8.337E-05  6.742E-05  5.391E-05  4.299E-05  3.424E-05  2.655E-05  2.035E-05  1.540E-05  1.129E-05  8.195E-06  5.855E-06  4.040E-06  2.624E-06  1.608E-06  8.791E-07  4.016E-07  1.394E-07  3.373E-08  4.604E-09  2.354E-10  4.990E-12  1.642E-14  3.944E-18  4.462E-23  9.338E-32  0.000E+00  0.000E+00  0.000E+00  0.000E+00
  324.5000  5.379E-03  5.012E-03  4.659E-03  4.322E-03  3.998E-03  3.689E-03  3.395E-03  3.117E-03  2.854E-03  2.608E-03  2.379E-03  2.125E-03  1.897E-03  1.702E-03  1.533E-03  1.389E-03  1.215E-03  1.083E-03  9.497E-04  8.412E-04  7.274E-04  6.332E-04  5.566E-04  4.763E-04  4.071E-04  3.471E-04  2.953E-04  2.469E-04  2.060E-04  1.726E-04  1.437E-04  1.175E-04  9.663E-05  7.816E-05  6.251E-05  4.985E-05  3.971E-05  3.079E-05  2.360E-05  1.786E-05  1.310E-05  9.505E-06  6.793E-06  4.688E-06  3.043E-06  1.861E-06  1.012E-06  4.581E-07  1.569E-07  3.730E-08  5.009E-09  2.572E-10  5.675E-12  2.008E-14  5.424E-18  7.205E-23  1.890E-31  0.000E+00  0.000E+00  0.000E+00  0.000E+00
  325.5000  5.650E-03  5.260E-03  4.885E-03  4.527E-03  4.184E-03  3.858E-03  3.548E-03  3.255E-03  2.979E-03  2.720E-03  2.480E-03  2.215E-03  1.977E-03  1.773E-03  1.597E-03  1.447E-03  1.266E-03  1.129E-03  9.901E-04  8.774E-04  7.591E-04  6.612E-04  5.816E-04  4.981E-04  4.261E-04  3.636E-04  3.096E-04  2.591E-04  2.164E-04  1.814E-04  1.511E-04  1.237E-04  1.017E-04  8.232E-05  6.583E-05  5.249E-05  4.179E-05  3.239E-05  2.481E-05  1.875E-05  1.373E-05  9.952E-06  7.096E-06  4.874E-06  3.141E-06  1.895E-06  1.011E-06  4.439E-07  1.455E-07  3.272E-08  4.172E-09  2.103E-10  4.842E-12  1.867E-14  5.771E-18  9.122E-23  2.989E-31  0.000E+00  0.000E+00  0.000E+00  0.000E+00
  326.5000  9.629E-03  9.012E-03  8.415E-03  7.839E-03  7.283E-03  6.747E-03  6.234E-03  5.744E-03  5.278E-03  4.838E-03  4.426E-03  3.959E-03  3.540E-03  3.180E-03  2.870E-03  2.603E-03  2.276E-03  2.030E-03  1.777E-03  1.573E-03  1.356E-03  1.178E-03  1.033E-03  8.804E-04  7.491E-04  6.358E-04  5.384E-04  4.479E-04  3.716E-04  3.100E-04  2.573E-04  2.093E-04  1.719E-04  1.386E-04  1.108E-04  8.849E-05  7.060E-05  5.492E-05  4.227E-05  3.216E-05  2.375E-05  1.737E-05  1.256E-05  8.861E-06  5.946E-06  3.862E-06  2.295E-06  1.194E-06  5.035E-07  1.568E-07  2.803E-08  1.795E-09  4.223E-11  1.565E-13  4.492E-17  6.809E-22  2.477E-30  0.000E+00  0.000E+00  0.000E+00  0.000E+00
  327.5000  7.998E-03  7.470E-03  6.961E-03  6.471E-03  5.999E-03  5.547E-03  5.115E-03  4.704E-03  4.315E-03  3.949E-03  3.607E-03  3.223E-03  2.880E-03  2.584E-03  2.330E-03  2.111E-03  1.846E-03  1.645E-03  1.441E-03  1.275E-03  1.101E-03  9.566E-04  8.395E-04  7.167E-04  6.108E-04  5.194E-04  4.407E-04  3.673E-04  3.054E-04  2.553E-04  2.121E-04  1.730E-04  1.422E-04  1.148E-04  9.182E-05  7.330E-05  5.845E-05  4.543E-05  3.491E-05  2.651E-05  1.953E-05  1.425E-05  1.027E-05  7.195E-06  4.778E-06  3.041E-06  1.753E-06  8.673E-07  3.391E-07  9.569E-08  1.549E-08  9.411E-10  2.312E-11  9.439E-14  3.172E-17  5.865E-22  2.709E-30  0.000E+00  0.000E+00  0.000E+00  0.000E+00
  328.5000  7.400E-03  6.911E-03  6.439E-03  5.985E-03  5.548E-03  5.129E-03  4.729E-03  4.348E-03  3.987E-03  3.648E-03  3.331E-03  2.976E-03  2.658E-03  2.384E-03  2.149E-03  1.947E-03  1.701E-03  1.516E-03  1.327E-03  1.174E-03  1.013E-03  8.801E-04  7.720E-04  6.588E-04  5.613E-04  4.771E-04  4.046E-04  3.372E-04  2.803E-04  2.342E-04  1.946E-04  1.586E-04  1.303E-04  1.052E-04  8.416E-05  6.718E-05  5.357E-05  4.163E-05  3.200E-05  2.430E-05  1.791E-05  1.307E-05  9.417E-06  6.600E-06  4.386E-06  2.795E-06  1.614E-06  8.027E-07  3.167E-07  9.072E-08  1.504E-08  9.436E-10  2.410E-11  1.046E-13  3.848E-17  8.066E-22  4.494E-30  0.000E+00  0.000E+00  0.000E+00  0.000E+00
  329.5000  1.256E-02  1.180E-02  1.105E-02  1.033E-02  9.624E-03  8.945E-03  8.291E-03  7.663E-03  7.063E-03  6.495E-03  5.959E-03  5.341E-03  4.785E-03  4.308E-03  3.897E-03  3.544E-03  3.102E-03  2.771E-03  2.427E-03  2.150E-03  1.854E-03  1.610E-03  1.412E-03  1.202E-03  1.021E-03  8.644E-04  7.304E-04  6.058E-04  5.010E-04  4.167E-04  3.453E-04  2.799E-04  2.295E-04  1.846E-04  1.474E-04  1.178E-04  9.403E-05  7.327E-05  5.655E-05  4.317E-05  3.201E-05  2.353E-05  1.713E-05  1.223E-05  8.335E-06  5.578E-06  3.459E-06  1.930E-06  9.076E-07  3.270E-07  6.900E-08  5.157E-09  1.349E-10  5.766E-13  2.057E-16  4.323E-21  2.730E-29  0.000E+00  0.000E+00  0.000E+00  0.000E+00
  330.5000  1.019E-02  9.544E-03  8.918E-03  8.313E-03  7.728E-03  7.165E-03  6.624E-03  6.107E-03  5.614E-03  5.150E-03  4.714E-03  4.218E-03  3.773E-03  3.390E-03  3.060E-03  2.777E-03  2.428E-03  2.166E-03  1.896E-03  1.678E-03  1.447E-03  1.256E-03  1.101E-03  9.380E-04  7.977E-04  6.765E-04  5.724E-04  4.757E-04  3.942E-04  3.285E-04  2.725E-04  2.214E-04  1.818E-04  1.465E-04  1.171E-04  9.349E-05  7.462E-05  5.809E-05  4.476E-05  3.411E-05  2.523E-05  1.850E-05  1.342E-05  9.518E-06  6.432E-06  4.230E-06  2.556E-06  1.366E-06  6.010E-07  1.985E-07  3.837E-08  2.744E-09  7.480E-11  3.507E-13  1.450E-16  3.667E-21  2.893E-29  0.000E+00  0.000E+00  0.000E+00  0.000E+00
  331.5000  9.836E-03  9.208E-03  8.599E-03  8.011E-03  7.443E-03  6.896E-03  6.372E-03  5.871E-03  5.395E-03  4.945E-03  4.524E-03  4.046E-03  3.617E-03  3.248E-03  2.931E-03  2.659E-03  2.324E-03  2.072E-03  1.813E-03  1.604E-03  1.383E-03  1.200E-03  1.052E-03  8.962E-04  7.621E-04  6.464E-04  5.470E-04  4.546E-04  3.768E-04  3.141E-04  2.606E-04  2.118E-04  1.739E-04  1.401E-04  1.120E-04  8.944E-05  7.138E-05  5.556E-05  4.280E-05  3.260E-05  2.411E-05  1.767E-05  1.281E-05  9.075E-06  6.123E-06  4.014E-06  2.415E-06  1.282E-06  5.587E-07  1.826E-07  3.510E-08  2.537E-09  7.185E-11  3.598E-13  1.646E-16  4.766E-21  4.544E-29  0.000E+00  0.000E+00  0.000E+00  0.000E+00
  332.5000  1.184E-02  1.113E-02  1.044E-02  9.772E-03  9.119E-03  8.488E-03  7.878E-03  7.291E-03  6.730E-03  6.197E-03  5.693E-03  5.108E-03  4.581E-03  4.128E-03  3.739E-03  3.405E-03  2.982E-03  2.666E-03  2.337E-03  2.071E-03  1.786E-03  1.551E-03  1.360E-03  1.157E-03  9.823E-04  8.314E-04  7.018E-04  5.813E-04  4.800E-04  3.988E-04  3.301E-04  2.671E-04  2.189E-04  1.758E-04  1.403E-04  1.121E-04  8.951E-05  6.979E-05  5.392E-05  4.123E-05  3.064E-05  2.256E-05  1.648E-05  1.182E-05  8.108E-06  5.491E-06  3.463E-06  1.988E-06  9.795E-07  3.767E-07  8.632E-08  7.116E-09  2.067E-10  1.039E-12  4.752E-16  1.420E-20  1.550E-28  0.000E+00  0.000E+00  0.000E+00  0.000E+00
  333.5000  1.020E-02  9.570E-03  8.958E-03  8.365E-03  7.790E-03  7.235E-03  6.701E-03  6.188E-03  5.699E-03  5.236E-03  4.800E-03  4.299E-03  3.850E-03  3.463E-03  3.130E-03  2.845E-03  2.488E-03  2.221E-03  1.945E-03  1.722E-03  1.484E-03  1.288E-03  1.129E-03  9.607E-04  8.158E-04  6.909E-04  5.837E-04  4.841E-04  4.003E-04  3.330E-04  2.759E-04  2.236E-04  1.834E-04  1.475E-04  1.178E-04  9.409E-05  7.514E-05  5.855E-05  4.519E-05  3.450E-05  2.559E-05  1.881E-05  1.370E-05  9.786E-06  6.673E-06  4.466E-06  2.768E-06  1.543E-06  7.259E-07  2.628E-07  5.672E-08  4.553E-09  1.376E-10  7.499E-13  3.899E-16  1.372E-20  1.832E-28  0.000E+00  0.000E+00  0.000E+00  0.000E+00
  334.5000  1.192E-02  1.120E-02  1.049E-02  9.806E-03  9.141E-03  8.498E-03  7.878E-03  7.282E-03  6.713E-03  6.174E-03  5.665E-03  5.078E-03  4.550E-03  4.095E-03  3.705E-03  3.370E-03  2.948E-03  2.633E-03  2.306E-03  2.043E-03  1.761E-03  1.528E-03  1.339E-03  1.139E-03  9.668E-04  8.182E-04  6.907E-04  5.724E-04  4.728E-04  3.929E-04  3.253E-04  2.633E-04  2.159E-04  1.735E-04  1.385E-04  1.106E-04  8.830E-05  6.883E-05  5.316E-05  4.063E-05  3.017E-05  2.220E-05  1.620E-05  1.160E-05  7.942E-06  5.354E-06  3.356E-06  1.907E-06  9.252E-07  3.493E-07  7.921E-08  6.665E-09  2.081E-10  1.186E-12  6.589E-16  2.555E-20  4.021E-28  0.000E+00  0.000E+00  0.000E+00  0.000E+00
  335.5000  1.334E-02  1.256E-02  1.180E-02  1.105E-02  1.033E-02  9.627E-03  8.948E-03  8.293E-03  7.664E-03  7.067E-03  6.502E-03  5.838E-03  5.242E-03  4.729E-03  4.289E-03  3.910E-03  3.426E-03  3.066E-03  2.689E-03  2.386E-03  2.058E-03  1.787E-03  1.568E-03  1.333E-03  1.131E-03  9.566E-04  8.069E-04  6.676E-04  5.503E-04  4.567E-04  3.778E-04  3.050E-04  2.498E-04  2.004E-04  1.597E-04  1.276E-04  1.019E-04  7.948E-05  6.147E-05  4.708E-05  3.504E-05  2.585E-05  1.893E-05  1.364E-05  9.400E-06  6.430E-06  4.113E-06  2.422E-06  1.243E-06  5.070E-07  1.253E-07  1.133E-08  3.640E-10  2.137E-12  1.240E-15  5.189E-20  9.523E-28  0.000E+00  0.000E+00  0.000E+00  0.000E+00
  336.5000  1.014E-02  9.535E-03  8.949E-03  8.379E-03  7.824E-03  7.286E-03  6.766E-03  6.265E-03  5.785E-03  5.330E-03  4.899E-03  4.396E-03  3.944E-03  3.555E-03  3.221E-03  2.935E-03  2.570E-03  2.298E-03  2.014E-03  1.786E-03  1.540E-03  1.336E-03  1.172E-03  9.966E-04  8.454E-04  7.150E-04  6.031E-04  4.991E-04  4.116E-04  3.416E-04  2.826E-04  2.283E-04  1.870E-04  1.500E-04  1.197E-04  9.555E-05  7.632E-05  5.952E-05  4.602E-05  3.523E-05  2.621E-05  1.933E-05  1.414E-05  1.018E-05  7.005E-06  4.776E-06  3.042E-06  1.778E-06  9.020E-07  3.626E-07  8.865E-08  8.060E-09  2.683E-10  1.677E-12  1.072E-15  5.104E-20  1.119E-27  0.000E+00  0.000E+00  0.000E+00  0.000E+00
  337.5000  1.039E-02  9.753E-03  9.137E-03  8.540E-03  7.960E-03  7.399E-03  6.859E-03  6.339E-03  5.843E-03  5.373E-03  4.929E-03  4.417E-03  3.956E-03  3.561E-03  3.220E-03  2.928E-03  2.561E-03  2.287E-03  2.002E-03  1.773E-03  1.528E-03  1.325E-03  1.162E-03  9.876E-04  8.380E-04  7.089E-04  5.982E-04  4.955E-04  4.091E-04  3.398E-04  2.813E-04  2.276E-04  1.865E-04  1.498E-04  1.196E-04  9.548E-05  7.625E-05  5.945E-05  4.592E-05  3.511E-05  2.609E-05  1.921E-05  1.403E-05  1.006E-05  6.896E-06  4.661E-06  2.932E-06  1.677E-06  8.224E-07  3.161E-07  7.400E-08  6.619E-09  2.285E-10  1.536E-12  1.100E-15  6.059E-20  1.600E-27  0.000E+00  0.000E+00  0.000E+00  0.000E+00
  338.5000  1.217E-02  1.146E-02  1.076E-02  1.009E-02  9.426E-03  8.785E-03  8.166E-03  7.568E-03  6.994E-03  6.449E-03  5.933E-03  5.327E-03  4.782E-03  4.314E-03  3.912E-03  3.566E-03  3.124E-03  2.795E-03  2.451E-03  2.174E-03  1.874E-03  1.627E-03  1.428E-03  1.213E-03  1.029E-03  8.698E-04  7.332E-04  6.063E-04  4.995E-04  4.142E-04  3.425E-04  2.763E-04  2.262E-04  1.813E-04  1.445E-04  1.154E-04  9.215E-05  7.189E-05  5.561E-05  4.261E-05  3.174E-05  2.343E-05  1.717E-05  1.239E-05  8.549E-06  5.864E-06  3.767E-06  2.235E-06  1.163E-06  4.853E-07  1.246E-07  1.202E-08  4.265E-10  2.942E-12  2.185E-15  1.285E-19  3.909E-27  0.000E+00  0.000E+00  0.000E+00  0.000E+00
  339.5000  1.343E-02  1.265E-02  1.188E-02  1.114E-02  1.041E-02  9.709E-03  9.027E-03  8.369E-03  7.738E-03  7.137E-03  6.568E-03  5.899E-03  5.297E-03  4.779E-03  4.335E-03  3.953E-03  3.463E-03  3.100E-03  2.718E-03  2.412E-03  2.079E-03  1.805E-03  1.584E-03  1.346E-03  1.141E-03  9.643E-04  8.127E-04  6.717E-04  5.531E-04  4.585E-04  3.790E-04  3.055E-04  2.501E-04  2.004E-04  1.596E-04  1.274E-04  1.018E-04  7.941E-05  6.144E-05  4.709E-05  3.510E-05  2.592E-05  1.900E-05  1.373E-05  9.484E-06  6.521E-06  4.203E-06  2.510E-06  1.321E-06  5.601E-07  1.471E-07  1.459E-08  5.346E-10  3.873E-12  3.097E-15  2.019E-19  7.205E-27  0.000E+00  0.000E+00  0.000E+00  0.000E+00
  340.5000  1.382E-02  1.300E-02  1.221E-02  1.143E-02  1.067E-02  9.942E-03  9.233E-03  8.551E-03  7.897E-03  7.275E-03  6.687E-03  6.000E-03  5.383E-03  4.852E-03  4.395E-03  4.004E-03  3.505E-03  3.134E-03  2.746E-03  2.434E-03  2.098E-03  1.820E-03  1.596E-03  1.356E-03  1.150E-03  9.716E-04  8.189E-04  6.771E-04  5.578E-04  4.626E-04  3.825E-04  3.086E-04  2.527E-04  2.025E-04  1.614E-04  1.289E-04  1.029E-04  8.029E-05  6.210E-05  4.757E-05  3.543E-05  2.615E-05  1.915E-05  1.381E-05  9.526E-06  6.522E-06  4.180E-06  2.471E-06  1.279E-06  5.308E-07  1.367E-07  1.355E-08  5.132E-10  3.954E-12  3.483E-15  2.578E-19  1.092E-26  0.000E+00  0.000E+00  0.000E+00  0.000E+00
  341.5000  1.297E-02  1.222E-02  1.148E-02  1.077E-02  1.007E-02  9.393E-03  8.737E-03  8.103E-03  7.495E-03  6.916E-03  6.367E-03  5.720E-03  5.137E-03  4.636E-03  4.207E-03  3.838E-03  3.363E-03  3.010E-03  2.640E-03  2.343E-03  2.020E-03  1.754E-03  1.539E-03  1.308E-03  1.108E-03  9.364E-04  7.888E-04  6.517E-04  5.362E-04  4.443E-04  3.672E-04  2.957E-04  2.421E-04  1.937E-04  1.543E-04  1.232E-04  9.837E-05  7.675E-05  5.940E-05  4.555E-05  3.397E-05  2.511E-05  1.842E-05  1.333E-05  9.224E-06  6.362E-06  4.119E-06  2.480E-06  1.324E-06  5.735E-07  1.554E-07  1.614E-08  6.293E-10  5.031E-12  4.682E-15  3.769E-19  1.849E-26  0.000E+00  0.000E+00  0.000E+00  0.000E+00
  342.5000  1.452E-02  1.368E-02  1.286E-02  1.207E-02  1.129E-02  1.053E-02  9.796E-03  9.088E-03  8.408E-03  7.760E-03  7.146E-03  6.421E-03  5.768E-03  5.207E-03  4.725E-03  4.312E-03  3.778E-03  3.383E-03  2.967E-03  2.634E-03  2.271E-03  1.972E-03  1.730E-03  1.470E-03  1.245E-03  1.052E-03  8.861E-04  7.317E-04  6.019E-04  4.985E-04  4.119E-04  3.316E-04  2.713E-04  2.171E-04  1.729E-04  1.379E-04  1.102E-04  8.596E-05  6.654E-05  5.104E-05  3.808E-05  2.816E-05  2.067E-05  1.497E-05  1.036E-05  7.162E-06  4.649E-06  2.813E-06  1.514E-06  6.641E-07  1.832E-07  1.951E-08  7.841E-10  6.575E-12  6.578E-15  5.858E-19  3.351E-26  0.000E+00  0.000E+00  0.000E+00  0.000E+00
  343.5000  1.481E-02  1.395E-02  1.311E-02  1.229E-02  1.149E-02  1.071E-02  9.961E-03  9.235E-03  8.539E-03  7.876E-03  7.248E-03  6.509E-03  5.844E-03  5.272E-03  4.781E-03  4.360E-03  3.819E-03  3.417E-03  2.996E-03  2.657E-03  2.290E-03  1.988E-03  1.743E-03  1.481E-03  1.255E-03  1.060E-03  8.924E-04  7.370E-04  6.063E-04  5.022E-04  4.150E-04  3.341E-04  2.734E-04  2.188E-04  1.742E-04  1.391E-04  1.110E-04  8.664E-05  6.706E-05  5.142E-05  3.836E-05  2.835E-05  2.081E-05  1.506E-05  1.042E-05  7.188E-06  4.656E-06  2.807E-06  1.502E-06  6.543E-07  1.799E-07  1.935E-08  8.025E-10  7.104E-12  7.726E-15  7.694E-19  5.156E-26  0.000E+00  0.000E+00  0.000E+00  0.000E+00
  344.5000  1.017E-02  9.578E-03  8.994E-03  8.427E-03  7.874E-03  7.337E-03  6.818E-03  6.317E-03  5.837E-03  5.380E-03  4.948E-03  4.441E-03  3.985E-03  3.593E-03  3.256E-03  2.967E-03  2.597E-03  2.323E-03  2.035E-03  1.804E-03  1.554E-03  1.349E-03  1.182E-03  1.004E-03  8.507E-04  7.184E-04  6.050E-04  4.997E-04  4.112E-04  3.406E-04  2.814E-04  2.267E-04  1.855E-04  1.485E-04  1.183E-04  9.440E-05  7.538E-05  5.881E-05  4.551E-05  3.489E-05  2.602E-05  1.923E-05  1.410E-05  1.020E-05  7.052E-06  4.856E-06  3.137E-06  1.883E-06  1.000E-06  4.320E-07  1.181E-07  1.280E-08  5.474E-10  5.115E-12  6.049E-15  6.737E-19  5.286E-26  0.000E+00  0.000E+00  0.000E+00  0.000E+00
  345.5000  1.471E-02  1.387E-02  1.304E-02  1.224E-02  1.145E-02  1.069E-02  9.947E-03  9.231E-03  8.542E-03  7.887E-03  7.265E-03  6.529E-03  5.865E-03  5.296E-03  4.807E-03  4.388E-03  3.845E-03  3.443E-03  3.020E-03  2.681E-03  2.311E-03  2.007E-03  1.761E-03  1.496E-03  1.266E-03  1.069E-03  9.002E-04  7.429E-04  6.106E-04  5.054E-04  4.174E-04  3.355E-04  2.745E-04  2.194E-04  1.746E-04  1.393E-04  1.112E-04  8.679E-05  6.721E-05  5.158E-05  3.851E-05  2.849E-05  2.094E-05  1.519E-05  1.054E-05  7.307E-06  4.765E-06  2.909E-06  1.591E-06  7.156E-07  2.054E-07  2.328E-08  1.023E-09  9.892E-12  1.231E-14  1.483E-18  1.332E-25  0.000E+00  0.000E+00  0.000E+00  0.000E+00
  346.5000  1.333E-02  1.256E-02  1.180E-02  1.106E-02  1.034E-02  9.639E-03  8.962E-03  8.308E-03  7.680E-03  7.083E-03  6.517E-03  5.852E-03  5.253E-03  4.738E-03  4.296E-03  3.916E-03  3.429E-03  3.067E-03  2.688E-03  2.384E-03  2.054E-03  1.782E-03  1.562E-03  1.327E-03  1.124E-03  9.486E-04  7.985E-04  6.591E-04  5.419E-04  4.487E-04  3.706E-04  2.982E-04  2.440E-04  1.951E-04  1.553E-04  1.239E-04  9.895E-05  7.720E-05  5.977E-05  4.585E-05  3.421E-05  2.530E-05  1.858E-05  1.346E-05  9.322E-06  6.443E-06  4.183E-06  2.534E-06  1.369E-06  6.057E-07  1.715E-07  1.949E-08  8.831E-10  9.029E-12  1.224E-14  1.652E-18  1.738E-25  0.000E+00  0.000E+00  0.000E+00  0.000E+00
  347.5000  1.308E-02  1.232E-02  1.158E-02  1.086E-02  1.015E-02  9.464E-03  8.799E-03  8.158E-03  7.542E-03  6.956E-03  6.401E-03  5.748E-03  5.159E-03  4.653E-03  4.219E-03  3.847E-03  3.368E-03  3.013E-03  2.640E-03  2.341E-03  2.017E-03  1.750E-03  1.534E-03  1.302E-03  1.103E-03  9.310E-04  7.836E-04  6.466E-04  5.315E-04  4.399E-04  3.633E-04  2.922E-04  2.390E-04  1.911E-04  1.521E-04  1.214E-04  9.689E-05  7.560E-05  5.853E-05  4.490E-05  3.352E-05  2.479E-05  1.821E-05  1.320E-05  9.146E-06  6.327E-06  4.114E-06  2.499E-06  1.357E-06  6.052E-07  1.736E-07  2.012E-08  9.382E-10  1.004E-11  1.460E-14  2.167E-18  2.634E-25  0.000E+00  0.000E+00  0.000E+00  0.000E+00
  348.5000  1.456E-02  1.372E-02  1.289E-02  1.209E-02  1.131E-02  1.055E-02  9.809E-03  9.097E-03  8.413E-03  7.762E-03  7.144E-03  6.417E-03  5.761E-03  5.198E-03  4.714E-03  4.299E-03  3.764E-03  3.368E-03  2.953E-03  2.619E-03  2.256E-03  1.958E-03  1.716E-03  1.457E-03  1.234E-03  1.041E-03  8.760E-04  7.226E-04  5.937E-04  4.913E-04  4.056E-04  3.260E-04  2.667E-04  2.131E-04  1.696E-04  1.353E-04  1.080E-04  8.425E-05  6.523E-05  5.006E-05  3.739E-05  2.766E-05  2.033E-05  1.475E-05  1.023E-05  7.090E-06  4.622E-06  2.822E-06  1.545E-06  6.982E-07  2.039E-07  2.420E-08  1.160E-09  1.296E-11  2.011E-14  3.271E-18  4.575E-25  0.000E+00  0.000E+00  0.000E+00  0.000E+00
  349.5000  1.219E-02  1.148E-02  1.079E-02  1.012E-02  9.464E-03  8.826E-03  8.209E-03  7.612E-03  7.039E-03  6.494E-03  5.976E-03  5.367E-03  4.818E-03  4.346E-03  3.941E-03  3.594E-03  3.146E-03  2.815E-03  2.467E-03  2.188E-03  1.885E-03  1.635E-03  1.433E-03  1.216E-03  1.030E-03  8.688E-04  7.310E-04  6.029E-04  4.952E-04  4.097E-04  3.382E-04  2.718E-04  2.223E-04  1.776E-04  1.413E-04  1.127E-04  8.997E-05  7.019E-05  5.435E-05  4.171E-05  3.115E-05  2.306E-05  1.695E-05  1.230E-05  8.529E-06  5.914E-06  3.858E-06  2.358E-06  1.294E-06  5.872E-07  1.730E-07  2.088E-08  1.029E-09  1.204E-11  2.003E-14  3.583E-18  5.770E-25  0.000E+00  0.000E+00  0.000E+00  0.000E+00
  350.5000  1.712E-02  1.613E-02  1.516E-02  1.422E-02  1.330E-02  1.240E-02  1.153E-02  1.070E-02  9.892E-03  9.126E-03  8.399E-03  7.543E-03  6.771E-03  6.108E-03  5.539E-03  5.051E-03  4.422E-03  3.956E-03  3.467E-03  3.074E-03  2.648E-03  2.297E-03  2.013E-03  1.709E-03  1.446E-03  1.220E-03  1.026E-03  8.462E-04  6.949E-04  5.747E-04  4.744E-04  3.811E-04  3.116E-04  2.489E-04  1.980E-04  1.579E-04  1.260E-04  9.834E-05  7.615E-05  5.845E-05  4.366E-05  3.232E-05  2.376E-05  1.725E-05  1.197E-05  8.306E-06  5.425E-06  3.324E-06  1.832E-06  8.370E-07  2.493E-07  3.067E-08  1.554E-09  1.899E-11  3.377E-14  6.627E-18  1.225E-24  0.000E+00  0.000E+00  0.000E+00  0.000E+00
  351.5000  1.470E-02  1.385E-02  1.301E-02  1.220E-02  1.141E-02  1.064E-02  9.894E-03  9.174E-03  8.482E-03  7.823E-03  7.199E-03  6.464E-03  5.801E-03  5.232E-03  4.743E-03  4.325E-03  3.785E-03  3.385E-03  2.966E-03  2.629E-03  2.264E-03  1.964E-03  1.721E-03  1.460E-03  1.236E-03  1.042E-03  8.765E-04  7.227E-04  5.934E-04  4.907E-04  4.050E-04  3.253E-04  2.659E-04  2.124E-04  1.689E-04  1.347E-04  1.075E-04  8.390E-05  6.497E-05  4.987E-05  3.725E-05  2.758E-05  2.028E-05  1.472E-05  1.021E-05  7.088E-06  4.630E-06  2.838E-06  1.565E-06  7.169E-07  2.149E-07  2.684E-08  1.397E-09  1.786E-11  3.404E-14  7.334E-18  1.556E-24  0.000E+00  0.000E+00  0.000E+00  0.000E+00
  352.5000  1.332E-02  1.254E-02  1.179E-02  1.106E-02  1.034E-02  9.643E-03  8.967E-03  8.315E-03  7.689E-03  7.092E-03  6.527E-03  5.861E-03  5.260E-03  4.744E-03  4.301E-03  3.921E-03  3.432E-03  3.070E-03  2.689E-03  2.384E-03  2.053E-03  1.780E-03  1.560E-03  1.324E-03  1.120E-03  9.444E-04  7.941E-04  6.546E-04  5.373E-04  4.442E-04  3.665E-04  2.943E-04  2.406E-04  1.921E-04  1.527E-04  1.218E-04  9.721E-05  7.584E-05  5.873E-05  4.509E-05  3.369E-05  2.494E-05  1.835E-05  1.332E-05  9.249E-06  6.425E-06  4.202E-06  2.583E-06  1.431E-06  6.603E-07  2.003E-07  2.549E-08  1.363E-09  1.817E-11  3.694E-14  8.700E-18  2.111E-24  0.000E+00  0.000E+00  0.000E+00  0.000E+00
  353.5000  1.614E-02  1.520E-02  1.429E-02  1.340E-02  1.254E-02  1.169E-02  1.088E-02  1.009E-02  9.328E-03  8.606E-03  7.921E-03  7.113E-03  6.385E-03  5.759E-03  5.222E-03  4.762E-03  4.167E-03  3.728E-03  3.266E-03  2.895E-03  2.493E-03  2.162E-03  1.895E-03  1.607E-03  1.360E-03  1.146E-03  9.637E-04  7.942E-04  6.517E-04  5.386E-04  4.443E-04  3.566E-04  2.915E-04  2.326E-04  1.849E-04  1.475E-04  1.177E-04  9.180E-05  7.110E-05  5.460E-05  4.081E-05  3.022E-05  2.223E-05  1.615E-05  1.122E-05  7.804E-06  5.113E-06  3.152E-06  1.756E-06  8.174E-07  2.512E-07  3.260E-08  1.789E-09  2.486E-11  5.381E-14  1.382E-17  3.826E-24  0.000E+00  0.000E+00  0.000E+00  0.000E+00
  354.5000  1.756E-02  1.655E-02  1.556E-02  1.459E-02  1.365E-02  1.273E-02  1.185E-02  1.099E-02  1.016E-02  9.376E-03  8.631E-03  7.751E-03  6.959E-03  6.277E-03  5.692E-03  5.191E-03  4.543E-03  4.064E-03  3.560E-03  3.157E-03  2.718E-03  2.357E-03  2.065E-03  1.752E-03  1.482E-03  1.249E-03  1.050E-03  8.650E-04  7.096E-04  5.863E-04  4.836E-04  3.880E-04  3.170E-04  2.530E-04  2.011E-04  1.603E-04  1.279E-04  9.978E-05  7.728E-05  5.935E-05  4.437E-05  3.287E-05  2.419E-05  1.758E-05  1.222E-05  8.507E-06  5.582E-06  3.451E-06  1.932E-06  9.064E-07  2.820E-07  3.729E-08  2.100E-09  3.040E-11  7.001E-14  1.960E-17  6.177E-24  0.000E+00  0.000E+00  0.000E+00  0.000E+00
  355.5000  1.643E-02  1.548E-02  1.455E-02  1.365E-02  1.277E-02  1.191E-02  1.108E-02  1.028E-02  9.506E-03  8.771E-03  8.073E-03  7.250E-03  6.508E-03  5.870E-03  5.323E-03  4.854E-03  4.247E-03  3.799E-03  3.328E-03  2.950E-03  2.540E-03  2.202E-03  1.930E-03  1.637E-03  1.384E-03  1.167E-03  9.803E-04  8.075E-04  6.622E-04  5.471E-04  4.512E-04  3.619E-04  2.957E-04  2.358E-04  1.874E-04  1.494E-04  1.192E-04  9.299E-05  7.203E-05  5.532E-05  4.136E-05  3.064E-05  2.256E-05  1.640E-05  1.140E-05  7.942E-06  5.214E-06  3.229E-06  1.813E-06  8.548E-07  2.684E-07  3.609E-08  2.085E-09  3.145E-11  7.715E-14  2.354E-17  8.445E-24  0.000E+00  0.000E+00  0.000E+00  0.000E+00
  356.5000  1.525E-02  1.437E-02  1.351E-02  1.267E-02  1.185E-02  1.106E-02  1.028E-02  9.538E-03  8.821E-03  8.138E-03  7.490E-03  6.726E-03  6.037E-03  5.445E-03  4.936E-03  4.501E-03  3.938E-03  3.522E-03  3.085E-03  2.735E-03  2.354E-03  2.041E-03  1.788E-03  1.516E-03  1.282E-03  1.080E-03  9.076E-04  7.475E-04  6.129E-04  5.062E-04  4.174E-04  3.347E-04  2.734E-04  2.181E-04  1.733E-04  1.381E-04  1.102E-04  8.595E-05  6.657E-05  5.113E-05  3.824E-05  2.833E-05  2.086E-05  1.517E-05  1.055E-05  7.350E-06  4.829E-06  2.994E-06  1.686E-06  7.982E-07  2.527E-07  3.452E-08  2.046E-09  3.215E-11  8.395E-14  2.791E-17  1.137E-23  0.000E+00  0.000E+00  0.000E+00  0.000E+00
  357.5000  1.296E-02  1.221E-02  1.148E-02  1.077E-02  1.007E-02  9.394E-03  8.738E-03  8.103E-03  7.494E-03  6.913E-03  6.362E-03  5.713E-03  5.127E-03  4.623E-03  4.191E-03  3.821E-03  3.343E-03  2.989E-03  2.618E-03  2.320E-03  1.997E-03  1.731E-03  1.516E-03  1.285E-03  1.087E-03  9.156E-04  7.691E-04  6.333E-04  5.192E-04  4.287E-04  3.535E-04  2.834E-04  2.315E-04  1.845E-04  1.466E-04  1.168E-04  9.321E-05  7.271E-05  5.632E-05  4.326E-05  3.236E-05  2.398E-05  1.765E-05  1.284E-05  8.931E-06  6.225E-06  4.092E-06  2.540E-06  1.433E-06  6.812E-07  2.174E-07  3.015E-08  1.832E-09  2.999E-11  8.330E-14  3.013E-17  1.393E-23  0.000E+00  0.000E+00  0.000E+00  0.000E+00
  358.5000  1.003E-02  9.454E-03  8.888E-03  8.336E-03  7.798E-03  7.274E-03  6.766E-03  6.275E-03  5.803E-03  5.353E-03  4.927E-03  4.424E-03  3.971E-03  3.581E-03  3.246E-03  2.959E-03  2.589E-03  2.315E-03  2.027E-03  1.796E-03  1.546E-03  1.340E-03  1.174E-03  9.951E-04  8.409E-04  7.084E-04  5.950E-04  4.898E-04  4.014E-04  3.314E-04  2.732E-04  2.189E-04  1.788E-04  1.425E-04  1.132E-04  9.021E-05  7.196E-05  5.613E-05  4.348E-05  3.340E-05  2.499E-05  1.852E-05  1.364E-05  9.925E-06  6.904E-06  4.816E-06  3.169E-06  1.971E-06  1.116E-06  5.338E-07  1.721E-07  2.427E-08  1.511E-09  2.572E-11  7.583E-14  2.977E-17  1.557E-23  0.000E+00  0.000E+00  0.000E+00  0.000E+00
  359.5000  1.689E-02  1.592E-02  1.497E-02  1.404E-02  1.313E-02  1.225E-02  1.139E-02  1.056E-02  9.769E-03  9.012E-03  8.294E-03  7.447E-03  6.683E-03  6.026E-03  5.462E-03  4.979E-03  4.355E-03  3.894E-03  3.410E-03  3.021E-03  2.600E-03  2.253E-03  1.973E-03  1.673E-03  1.413E-03  1.190E-03  9.996E-04  8.227E-04  6.741E-04  5.564E-04  4.586E-04  3.674E-04  3.000E-04  2.391E-04  1.899E-04  1.513E-04  1.207E-04  9.413E-05  7.291E-05  5.602E-05  4.191E-05  3.107E-05  2.288E-05  1.666E-05  1.159E-05  8.088E-06  5.325E-06  3.317E-06  1.883E-06  9.044E-07  2.939E-07  4.210E-08  2.686E-09  4.755E-11  1.488E-13  6.339E-17  3.746E-23  0.000E+00  0.000E+00  0.000E+00  0.000E+00
  360.5000  1.567E-02  1.477E-02  1.388E-02  1.302E-02  1.218E-02  1.136E-02  1.057E-02  9.800E-03  9.062E-03  8.359E-03  7.693E-03  6.907E-03  6.198E-03  5.588E-03  5.065E-03  4.617E-03  4.038E-03  3.610E-03  3.160E-03  2.800E-03  2.409E-03  2.088E-03  1.828E-03  1.549E-03  1.309E-03  1.102E-03  9.255E-04  7.616E-04  6.239E-04  5.148E-04  4.243E-04  3.398E-04  2.775E-04  2.211E-04  1.755E-04  1.398E-04  1.115E-04  8.699E-05  6.738E-05  5.177E-05  3.874E-05  2.872E-05  2.116E-05  1.540E-05  1.072E-05  7.485E-06  4.932E-06  3.076E-06  1.751E-06  8.447E-07  2.768E-07  4.026E-08  2.631E-09  4.841E-11  1.606E-13  7.417E-17  4.944E-23  0.000E+00  0.000E+00  0.000E+00  0.000E+00
  361.5000  1.416E-02  1.334E-02  1.255E-02  1.177E-02  1.101E-02  1.027E-02  9.551E-03  8.857E-03  8.191E-03  7.556E-03  6.953E-03  6.243E-03  5.602E-03  5.051E-03  4.578E-03  4.172E-03  3.649E-03  3.262E-03  2.856E-03  2.530E-03  2.177E-03  1.886E-03  1.651E-03  1.399E-03  1.182E-03  9.952E-04  8.354E-04  6.873E-04  5.629E-04  4.644E-04  3.826E-04  3.064E-04  2.501E-04  1.992E-04  1.582E-04  1.260E-04  1.005E-04  7.836E-05  6.070E-05  4.664E-05  3.491E-05  2.588E-05  1.907E-05  1.389E-05  9.670E-06  6.755E-06  4.455E-06  2.783E-06  1.589E-06  7.708E-07  2.549E-07  3.767E-08  2.520E-09  4.814E-11  1.692E-13  8.452E-17  6.343E-23  0.000E+00  0.000E+00  0.000E+00  0.000E+00
  362.5000  1.665E-02  1.570E-02  1.476E-02  1.384E-02  1.295E-02  1.208E-02  1.123E-02  1.042E-02  9.633E-03  8.886E-03  8.177E-03  7.342E-03  6.589E-03  5.940E-03  5.383E-03  4.906E-03  4.290E-03  3.835E-03  3.357E-03  2.974E-03  2.558E-03  2.216E-03  1.940E-03  1.644E-03  1.389E-03  1.169E-03  9.810E-04  8.069E-04  6.607E-04  5.450E-04  4.490E-04  3.594E-04  2.933E-04  2.336E-04  1.854E-04  1.477E-04  1.178E-04  9.183E-05  7.114E-05  5.466E-05  4.092E-05  3.034E-05  2.236E-05  1.629E-05  1.134E-05  7.930E-06  5.233E-06  3.274E-06  1.875E-06  9.136E-07  3.048E-07  4.572E-08  3.131E-09  6.209E-11  2.310E-13  1.247E-16  1.052E-22  0.000E+00  0.000E+00  0.000E+00  0.000E+00
  363.5000  1.483E-02  1.397E-02  1.314E-02  1.232E-02  1.153E-02  1.075E-02  1.000E-02  9.275E-03  8.576E-03  7.911E-03  7.280E-03  6.536E-03  5.865E-03  5.287E-03  4.791E-03  4.366E-03  3.818E-03  3.412E-03  2.987E-03  2.645E-03  2.275E-03  1.971E-03  1.725E-03  1.461E-03  1.234E-03  1.039E-03  8.717E-04  7.169E-04  5.868E-04  4.839E-04  3.986E-04  3.190E-04  2.603E-04  2.072E-04  1.645E-04  1.310E-04  1.044E-04  8.144E-05  6.309E-05  4.849E-05  3.630E-05  2.692E-05  1.984E-05  1.446E-05  1.007E-05  7.043E-06  4.651E-06  2.914E-06  1.673E-06  8.186E-07  2.753E-07  4.191E-08  2.936E-09  6.043E-11  2.378E-13  1.387E-16  1.314E-22  0.000E+00  0.000E+00  0.000E+00  0.000E+00
  364.5000  1.618E-02  1.525E-02  1.433E-02  1.344E-02  1.257E-02  1.173E-02  1.091E-02  1.012E-02  9.354E-03  8.628E-03  7.938E-03  7.127E-03  6.395E-03  5.764E-03  5.222E-03  4.759E-03  4.161E-03  3.718E-03  3.254E-03  2.882E-03  2.478E-03  2.147E-03  1.879E-03  1.591E-03  1.344E-03  1.131E-03  9.486E-04  7.799E-04  6.383E-04  5.263E-04  4.334E-04  3.468E-04  2.830E-04  2.252E-04  1.787E-04  1.423E-04  1.134E-04  8.847E-05  6.853E-05  5.267E-05  3.944E-05  2.925E-05  2.156E-05  1.572E-05  1.095E-05  7.659E-06  5.061E-06  3.174E-06  1.826E-06  8.970E-07  3.038E-07  4.692E-08  3.363E-09  7.180E-11  2.987E-13  1.880E-16  1.996E-22  0.000E+00  0.000E+00  0.000E+00  0.000E+00
  365.5000  1.971E-02  1.857E-02  1.746E-02  1.637E-02  1.531E-02  1.428E-02  1.328E-02  1.232E-02  1.139E-02  1.050E-02  9.665E-03  8.677E-03  7.784E-03  7.015E-03  6.356E-03  5.790E-03  5.062E-03  4.523E-03  3.958E-03  3.505E-03  3.013E-03  2.610E-03  2.284E-03  1.933E-03  1.633E-03  1.374E-03  1.152E-03  9.472E-04  7.751E-04  6.389E-04  5.261E-04  4.208E-04  3.433E-04  2.732E-04  2.168E-04  1.726E-04  1.376E-04  1.073E-04  8.310E-05  6.387E-05  4.783E-05  3.548E-05  2.616E-05  1.907E-05  1.329E-05  9.297E-06  6.146E-06  3.859E-06  2.224E-06  1.096E-06  3.740E-07  5.856E-08  4.292E-09  9.501E-11  4.177E-13  2.835E-16  3.369E-22  0.000E+00  0.000E+00  0.000E+00  0.000E+00
  366.5000  2.089E-02  1.968E-02  1.850E-02  1.735E-02  1.623E-02  1.514E-02  1.408E-02  1.306E-02  1.207E-02  1.113E-02  1.024E-02  9.195E-03  8.249E-03  7.434E-03  6.735E-03  6.135E-03  5.363E-03  4.792E-03  4.193E-03  3.712E-03  3.191E-03  2.763E-03  2.418E-03  2.047E-03  1.728E-03  1.454E-03  1.219E-03  1.002E-03  8.197E-04  6.756E-04  5.562E-04  4.447E-04  3.628E-04  2.886E-04  2.290E-04  1.823E-04  1.453E-04  1.133E-04  8.776E-05  6.745E-05  5.051E-05  3.748E-05  2.764E-05  2.015E-05  1.404E-05  9.832E-06  6.504E-06  4.089E-06  2.363E-06  1.170E-06  4.023E-07  6.391E-08  4.788E-09  1.098E-10  5.094E-13  3.722E-16  4.942E-22  0.000E+00  0.000E+00  0.000E+00  0.000E+00
  367.5000  1.986E-02  1.871E-02  1.759E-02  1.650E-02  1.543E-02  1.440E-02  1.339E-02  1.242E-02  1.148E-02  1.059E-02  9.740E-03  8.743E-03  7.844E-03  7.068E-03  6.403E-03  5.833E-03  5.098E-03  4.554E-03  3.985E-03  3.528E-03  3.032E-03  2.626E-03  2.297E-03  1.945E-03  1.641E-03  1.380E-03  1.157E-03  9.510E-04  7.778E-04  6.409E-04  5.275E-04  4.217E-04  3.440E-04  2.736E-04  2.170E-04  1.727E-04  1.376E-04  1.073E-04  8.314E-05  6.390E-05  4.787E-05  3.552E-05  2.620E-05  1.911E-05  1.332E-05  9.329E-06  6.175E-06  3.888E-06  2.252E-06  1.120E-06  3.882E-07  6.255E-08  4.789E-09  1.137E-10  5.563E-13  4.370E-16  6.475E-22  0.000E+00  0.000E+00  0.000E+00  0.000E+00
  368.5000  1.745E-02  1.645E-02  1.546E-02  1.450E-02  1.356E-02  1.265E-02  1.177E-02  1.091E-02  1.009E-02  9.303E-03  8.558E-03  7.682E-03  6.891E-03  6.209E-03  5.624E-03  5.123E-03  4.477E-03  3.999E-03  3.498E-03  3.097E-03  2.662E-03  2.304E-03  2.016E-03  1.705E-03  1.440E-03  1.211E-03  1.015E-03  8.339E-04  6.818E-04  5.617E-04  4.623E-04  3.694E-04  3.013E-04  2.396E-04  1.900E-04  1.512E-04  1.205E-04  9.394E-05  7.277E-05  5.594E-05  4.191E-05  3.110E-05  2.294E-05  1.673E-05  1.167E-05  8.176E-06  5.414E-06  3.413E-06  1.981E-06  9.890E-07  3.452E-07  5.639E-08  4.411E-09  1.085E-10  5.592E-13  4.720E-16  7.791E-22  0.000E+00  0.000E+00  0.000E+00  0.000E+00
  369.5000  2.095E-02  1.974E-02  1.856E-02  1.741E-02  1.628E-02  1.518E-02  1.412E-02  1.309E-02  1.210E-02  1.116E-02  1.027E-02  9.218E-03  8.268E-03  7.449E-03  6.747E-03  6.145E-03  5.370E-03  4.796E-03  4.195E-03  3.713E-03  3.190E-03  2.762E-03  2.416E-03  2.044E-03  1.725E-03  1.450E-03  1.216E-03  9.985E-04  8.162E-04  6.722E-04  5.532E-04  4.420E-04  3.604E-04  2.865E-04  2.271E-04  1.808E-04  1.440E-04  1.123E-04  8.699E-05  6.687E-05  5.010E-05  3.718E-05  2.743E-05  2.002E-05  1.396E-05  9.784E-06  6.483E-06  4.091E-06  2.380E-06  1.193E-06  4.192E-07  6.941E-08  5.546E-09  1.411E-10  7.661E-13  6.942E-16  1.275E-21  0.000E+00  0.000E+00  0.000E+00  0.000E+00
  370.5000  1.902E-02  1.792E-02  1.684E-02  1.580E-02  1.478E-02  1.378E-02  1.282E-02  1.188E-02  1.099E-02  1.013E-02  9.319E-03  8.364E-03  7.502E-03  6.759E-03  6.120E-03  5.574E-03  4.870E-03  4.349E-03  3.804E-03  3.366E-03  2.892E-03  2.503E-03  2.189E-03  1.852E-03  1.563E-03  1.314E-03  1.101E-03  9.041E-04  7.389E-04  6.084E-04  5.006E-04  3.998E-04  3.260E-04  2.591E-04  2.054E-04  1.634E-04  1.302E-04  1.015E-04  7.863E-05  6.044E-05  4.529E-05  3.362E-05  2.481E-05  1.810E-05  1.263E-05  8.854E-06  5.870E-06  3.708E-06  2.162E-06  1.087E-06  3.848E-07  6.457E-08  5.269E-09  1.386E-10  7.922E-13  7.698E-16  1.571E-21  0.000E+00  0.000E+00  0.000E+00  0.000E+00
  371.5000  2.177E-02  2.052E-02  1.929E-02  1.809E-02  1.692E-02  1.578E-02  1.467E-02  1.360E-02  1.258E-02  1.160E-02  1.067E-02  9.575E-03  8.587E-03  7.736E-03  7.005E-03  6.379E-03  5.573E-03  4.976E-03  4.351E-03  3.850E-03  3.308E-03  2.862E-03  2.503E-03  2.117E-03  1.786E-03  1.501E-03  1.258E-03  1.033E-03  8.439E-04  6.947E-04  5.715E-04  4.563E-04  3.720E-04  2.956E-04  2.343E-04  1.864E-04  1.485E-04  1.157E-04  8.966E-05  6.893E-05  5.166E-05  3.835E-05  2.830E-05  2.066E-05  1.441E-05  1.011E-05  6.706E-06  4.241E-06  2.478E-06  1.251E-06  4.458E-07  7.579E-08  6.313E-09  1.717E-10  1.032E-12  1.074E-15  2.433E-21  0.000E+00  0.000E+00  0.000E+00  0.000E+00
  372.5000  1.609E-02  1.517E-02  1.426E-02  1.337E-02  1.251E-02  1.166E-02  1.085E-02  1.006E-02  9.296E-03  8.572E-03  7.884E-03  7.076E-03  6.346E-03  5.716E-03  5.176E-03  4.713E-03  4.117E-03  3.676E-03  3.214E-03  2.844E-03  2.443E-03  2.113E-03  1.848E-03  1.563E-03  1.318E-03  1.108E-03  9.279E-04  7.617E-04  6.222E-04  5.121E-04  4.212E-04  3.363E-04  2.741E-04  2.177E-04  1.725E-04  1.373E-04  1.093E-04  8.521E-05  6.601E-05  5.075E-05  3.804E-05  2.824E-05  2.084E-05  1.522E-05  1.062E-05  7.452E-06  4.946E-06  3.131E-06  1.833E-06  9.286E-07  3.334E-07  5.742E-08  4.881E-09  1.372E-10  8.664E-13  9.654E-16  2.422E-21  0.000E+00  0.000E+00  0.000E+00  0.000E+00
  373.5000  1.455E-02  1.371E-02  1.289E-02  1.209E-02  1.131E-02  1.054E-02  9.805E-03  9.090E-03  8.403E-03  7.748E-03  7.126E-03  6.395E-03  5.735E-03  5.165E-03  4.676E-03  4.257E-03  3.719E-03  3.320E-03  2.902E-03  2.568E-03  2.205E-03  1.908E-03  1.668E-03  1.410E-03  1.189E-03  9.993E-04  8.369E-04  6.868E-04  5.610E-04  4.616E-04  3.796E-04  3.030E-04  2.469E-04  1.961E-04  1.554E-04  1.236E-04  9.842E-05  7.671E-05  5.942E-05  4.569E-05  3.425E-05  2.543E-05  1.877E-05  1.371E-05  9.567E-06  6.715E-06  4.459E-06  2.826E-06  1.658E-06  8.424E-07  3.044E-07  5.310E-08  4.606E-09  1.337E-10  8.870E-13  1.057E-15  2.935E-21  0.000E+00  0.000E+00  0.000E+00  0.000E+00
  374.5000  1.598E-02  1.505E-02  1.415E-02  1.327E-02  1.241E-02  1.158E-02  1.076E-02  9.979E-03  9.224E-03  8.504E-03  7.821E-03  7.019E-03  6.294E-03  5.668E-03  5.131E-03  4.671E-03  4.079E-03  3.641E-03  3.183E-03  2.815E-03  2.418E-03  2.091E-03  1.828E-03  1.545E-03  1.303E-03  1.095E-03  9.167E-04  7.522E-04  6.142E-04  5.053E-04  4.155E-04  3.315E-04  2.701E-04  2.145E-04  1.699E-04  1.351E-04  1.076E-04  8.386E-05  6.496E-05  4.995E-05  3.744E-05  2.781E-05  2.053E-05  1.499E-05  1.047E-05  7.349E-06  4.882E-06  3.097E-06  1.820E-06  9.281E-07  3.375E-07  5.962E-08  5.275E-09  1.581E-10  1.101E-12  1.402E-15  4.302E-21  0.000E+00  0.000E+00  0.000E+00  0.000E+00
  375.5000  1.804E-02  1.700E-02  1.598E-02  1.499E-02  1.401E-02  1.307E-02  1.215E-02  1.127E-02  1.041E-02  9.601E-03  8.829E-03  7.924E-03  7.105E-03  6.398E-03  5.791E-03  5.271E-03  4.603E-03  4.109E-03  3.591E-03  3.176E-03  2.727E-03  2.358E-03  2.061E-03  1.743E-03  1.469E-03  1.234E-03  1.033E-03  8.474E-04  6.917E-04  5.690E-04  4.678E-04  3.731E-04  3.040E-04  2.413E-04  1.911E-04  1.520E-04  1.210E-04  9.431E-05  7.305E-05  5.617E-05  4.211E-05  3.128E-05  2.309E-05  1.687E-05  1.178E-05  8.274E-06  5.499E-06  3.493E-06  2.056E-06  1.052E-06  3.853E-07  6.892E-08  6.218E-09  1.923E-10  1.405E-12  1.909E-15  6.464E-21  0.000E+00  0.000E+00  0.000E+00  0.000E+00
  376.5000  1.803E-02  1.699E-02  1.597E-02  1.497E-02  1.400E-02  1.306E-02  1.214E-02  1.126E-02  1.041E-02  9.593E-03  8.821E-03  7.916E-03  7.098E-03  6.391E-03  5.785E-03  5.265E-03  4.597E-03  4.102E-03  3.585E-03  3.170E-03  2.722E-03  2.354E-03  2.057E-03  1.739E-03  1.465E-03  1.230E-03  1.030E-03  8.447E-04  6.895E-04  5.670E-04  4.660E-04  3.716E-04  3.027E-04  2.402E-04  1.903E-04  1.513E-04  1.204E-04  9.385E-05  7.270E-05  5.590E-05  4.191E-05  3.113E-05  2.299E-05  1.680E-05  1.173E-05  8.243E-06  5.482E-06  3.485E-06  2.056E-06  1.056E-06  3.890E-07  7.045E-08  6.480E-09  2.067E-10  1.583E-12  2.294E-15  8.562E-21  0.000E+00  0.000E+00  0.000E+00  0.000E+00
  377.5000  2.148E-02  2.024E-02  1.902E-02  1.784E-02  1.669E-02  1.556E-02  1.447E-02  1.341E-02  1.240E-02  1.143E-02  1.051E-02  9.430E-03  8.454E-03  7.613E-03  6.889E-03  6.270E-03  5.474E-03  4.884E-03  4.268E-03  3.774E-03  3.239E-03  2.801E-03  2.447E-03  2.069E-03  1.742E-03  1.463E-03  1.224E-03  1.004E-03  8.193E-04  6.737E-04  5.536E-04  4.414E-04  3.595E-04  2.852E-04  2.258E-04  1.795E-04  1.429E-04  1.114E-04  8.626E-05  6.633E-05  4.974E-05  3.695E-05  2.729E-05  1.994E-05  1.393E-05  9.792E-06  6.514E-06  4.146E-06  2.450E-06  1.262E-06  4.681E-07  8.582E-08  8.046E-09  2.647E-10  2.123E-12  3.278E-15  1.347E-20  0.000E+00  0.000E+00  0.000E+00  0.000E+00
  378.5000  2.342E-02  2.207E-02  2.074E-02  1.945E-02  1.819E-02  1.697E-02  1.577E-02  1.462E-02  1.351E-02  1.246E-02  1.146E-02  1.028E-02  9.215E-03  8.297E-03  7.508E-03  6.832E-03  5.964E-03  5.321E-03  4.649E-03  4.110E-03  3.527E-03  3.050E-03  2.664E-03  2.252E-03  1.896E-03  1.592E-03  1.332E-03  1.092E-03  8.910E-04  7.324E-04  6.018E-04  4.797E-04  3.906E-04  3.098E-04  2.453E-04  1.950E-04  1.552E-04  1.209E-04  9.366E-05  7.202E-05  5.401E-05  4.013E-05  2.964E-05  2.167E-05  1.514E-05  1.064E-05  7.084E-06  4.512E-06  2.672E-06  1.381E-06  5.152E-07  9.559E-08  9.132E-09  3.096E-10  2.600E-12  4.275E-15  1.932E-20  0.000E+00  0.000E+00  0.000E+00  0.000E+00
  379.5000  1.733E-02  1.633E-02  1.535E-02  1.440E-02  1.346E-02  1.256E-02  1.167E-02  1.082E-02  1.000E-02  9.219E-03  8.476E-03  7.606E-03  6.818E-03  6.138E-03  5.554E-03  5.053E-03  4.411E-03  3.935E-03  3.437E-03  3.038E-03  2.607E-03  2.254E-03  1.969E-03  1.663E-03  1.401E-03  1.176E-03  9.836E-04  8.063E-04  6.577E-04  5.405E-04  4.440E-04  3.538E-04  2.881E-04  2.285E-04  1.808E-04  1.437E-04  1.144E-04  8.911E-05  6.902E-05  5.308E-05  3.981E-05  2.958E-05  2.185E-05  1.598E-05  1.116E-05  7.851E-06  5.228E-06  3.333E-06  1.977E-06  1.025E-06  3.847E-07  7.223E-08  7.030E-09  2.456E-10  2.158E-12  3.774E-15  1.873E-20  0.000E+00  0.000E+00  0.000E+00  0.000E+00
  380.5000  2.086E-02  1.965E-02  1.847E-02  1.733E-02  1.620E-02  1.511E-02  1.405E-02  1.302E-02  1.203E-02  1.109E-02  1.020E-02  9.150E-03  8.202E-03  7.383E-03  6.680E-03  6.077E-03  5.304E-03  4.731E-03  4.132E-03  3.652E-03  3.134E-03  2.708E-03  2.366E-03  1.998E-03  1.683E-03  1.412E-03  1.181E-03  9.680E-04  7.893E-04  6.486E-04  5.327E-04  4.244E-04  3.454E-04  2.739E-04  2.168E-04  1.723E-04  1.371E-04  1.068E-04  8.271E-05  6.360E-05  4.771E-05  3.545E-05  2.619E-05  1.915E-05  1.338E-05  9.417E-06  6.274E-06  4.004E-06  2.379E-06  1.237E-06  4.672E-07  8.875E-08  8.799E-09  3.166E-10  2.908E-12  5.406E-15  2.943E-20  0.000E+00  0.000E+00  0.000E+00  0.000E+00
  381.5000  1.961E-02  1.848E-02  1.737E-02  1.629E-02  1.523E-02  1.420E-02  1.321E-02  1.224E-02  1.131E-02  1.043E-02  9.586E-03  8.601E-03  7.709E-03  6.939E-03  6.278E-03  5.711E-03  4.984E-03  4.445E-03  3.882E-03  3.430E-03  2.943E-03  2.543E-03  2.221E-03  1.876E-03  1.579E-03  1.325E-03  1.108E-03  9.079E-04  7.402E-04  6.081E-04  4.993E-04  3.977E-04  3.237E-04  2.566E-04  2.030E-04  1.613E-04  1.283E-04  9.998E-05  7.743E-05  5.955E-05  4.467E-05  3.320E-05  2.453E-05  1.794E-05  1.254E-05  8.826E-06  5.883E-06  3.757E-06  2.236E-06  1.167E-06  4.433E-07  8.518E-08  8.599E-09  3.185E-10  3.057E-12  6.036E-15  3.601E-20  0.000E+00  0.000E+00  0.000E+00  0.000E+00
  382.5000  1.307E-02  1.232E-02  1.158E-02  1.086E-02  1.015E-02  9.469E-03  8.803E-03  8.160E-03  7.541E-03  6.950E-03  6.389E-03  5.733E-03  5.138E-03  4.625E-03  4.183E-03  3.805E-03  3.320E-03  2.961E-03  2.585E-03  2.285E-03  1.960E-03  1.693E-03  1.478E-03  1.249E-03  1.051E-03  8.815E-04  7.370E-04  6.038E-04  4.921E-04  4.042E-04  3.319E-04  2.642E-04  2.150E-04  1.704E-04  1.348E-04  1.071E-04  8.521E-05  6.637E-05  5.140E-05  3.953E-05  2.966E-05  2.204E-05  1.629E-05  1.192E-05  8.331E-06  5.865E-06  3.911E-06  2.500E-06  1.491E-06  7.799E-07  2.981E-07  5.794E-08  5.955E-09  2.270E-10  2.276E-12  4.768E-15  3.112E-20  0.000E+00  0.000E+00  0.000E+00  0.000E+00
  383.5000  1.149E-02  1.082E-02  1.017E-02  9.540E-03  8.921E-03  8.319E-03  7.733E-03  7.168E-03  6.624E-03  6.105E-03  5.612E-03  5.035E-03  4.513E-03  4.061E-03  3.673E-03  3.341E-03  2.915E-03  2.599E-03  2.269E-03  2.005E-03  1.719E-03  1.485E-03  1.297E-03  1.095E-03  9.214E-04  7.728E-04  6.460E-04  5.292E-04  4.312E-04  3.541E-04  2.907E-04  2.314E-04  1.883E-04  1.492E-04  1.180E-04  9.372E-05  7.455E-05  5.806E-05  4.497E-05  3.458E-05  2.595E-05  1.929E-05  1.426E-05  1.043E-05  7.293E-06  5.136E-06  3.426E-06  2.192E-06  1.309E-06  6.869E-07  2.641E-07  5.190E-08  5.430E-09  2.129E-10  2.228E-12  4.950E-15  3.533E-20  0.000E+00  0.000E+00  0.000E+00  0.000E+00
  384.5000  1.725E-02  1.625E-02  1.527E-02  1.432E-02  1.339E-02  1.249E-02  1.161E-02  1.076E-02  9.944E-03  9.165E-03  8.425E-03  7.558E-03  6.774E-03  6.096E-03  5.513E-03  5.013E-03  4.374E-03  3.899E-03  3.404E-03  3.007E-03  2.578E-03  2.227E-03  1.944E-03  1.641E-03  1.381E-03  1.158E-03  9.679E-04  7.926E-04  6.458E-04  5.301E-04  4.351E-04  3.463E-04  2.817E-04  2.231E-04  1.765E-04  1.402E-04  1.115E-04  8.681E-05  6.723E-05  5.171E-05  3.880E-05  2.884E-05  2.132E-05  1.560E-05  1.091E-05  7.686E-06  5.129E-06  3.285E-06  1.965E-06  1.034E-06  3.998E-07  7.946E-08  8.459E-09  3.411E-10  3.724E-12  8.766E-15  6.831E-20  0.000E+00  0.000E+00  0.000E+00  0.000E+00
  385.5000  1.707E-02  1.609E-02  1.512E-02  1.418E-02  1.326E-02  1.236E-02  1.149E-02  1.065E-02  9.843E-03  9.071E-03  8.338E-03  7.480E-03  6.703E-03  6.032E-03  5.455E-03  4.960E-03  4.327E-03  3.857E-03  3.367E-03  2.974E-03  2.549E-03  2.202E-03  1.922E-03  1.622E-03  1.364E-03  1.144E-03  9.560E-04  7.827E-04  6.375E-04  5.233E-04  4.294E-04  3.416E-04  2.779E-04  2.201E-04  1.740E-04  1.382E-04  1.099E-04  8.557E-05  6.627E-05  5.097E-05  3.825E-05  2.843E-05  2.102E-05  1.539E-05  1.076E-05  7.583E-06  5.063E-06  3.245E-06  1.944E-06  1.026E-06  3.990E-07  8.018E-08  8.684E-09  3.600E-10  4.098E-12  1.021E-14  8.680E-20  0.000E+00  0.000E+00  0.000E+00  0.000E+00
  386.5000  1.741E-02  1.641E-02  1.542E-02  1.446E-02  1.352E-02  1.261E-02  1.172E-02  1.086E-02  1.004E-02  9.249E-03  8.501E-03  7.627E-03  6.835E-03  6.150E-03  5.560E-03  5.056E-03  4.410E-03  3.930E-03  3.430E-03  3.029E-03  2.597E-03  2.242E-03  1.957E-03  1.652E-03  1.389E-03  1.164E-03  9.728E-04  7.964E-04  6.485E-04  5.322E-04  4.366E-04  3.473E-04  2.824E-04  2.236E-04  1.768E-04  1.404E-04  1.116E-04  8.690E-05  6.729E-05  5.176E-05  3.885E-05  2.888E-05  2.136E-05  1.563E-05  1.094E-05  7.708E-06  5.148E-06  3.302E-06  1.982E-06  1.049E-06  4.101E-07  8.332E-08  9.179E-09  3.910E-10  4.639E-12  1.223E-14  1.133E-19  0.000E+00  0.000E+00  0.000E+00  0.000E+00
  387.5000  1.619E-02  1.525E-02  1.434E-02  1.345E-02  1.257E-02  1.172E-02  1.090E-02  1.010E-02  9.331E-03  8.599E-03  7.903E-03  7.090E-03  6.353E-03  5.716E-03  5.168E-03  4.698E-03  4.097E-03  3.651E-03  3.187E-03  2.814E-03  2.412E-03  2.082E-03  1.817E-03  1.533E-03  1.289E-03  1.080E-03  9.025E-04  7.386E-04  6.014E-04  4.934E-04  4.047E-04  3.218E-04  2.617E-04  2.071E-04  1.637E-04  1.300E-04  1.033E-04  8.045E-05  6.230E-05  4.792E-05  3.597E-05  2.674E-05  1.978E-05  1.448E-05  1.013E-05  7.143E-06  4.772E-06  3.064E-06  1.842E-06  9.774E-07  3.843E-07  7.890E-08  8.840E-09  3.868E-10  4.780E-12  1.332E-14  1.343E-19  0.000E+00  0.000E+00  0.000E+00  0.000E+00
  388.5000  1.623E-02  1.530E-02  1.438E-02  1.348E-02  1.261E-02  1.175E-02  1.093E-02  1.013E-02  9.356E-03  8.621E-03  7.923E-03  7.108E-03  6.369E-03  5.729E-03  5.180E-03  4.708E-03  4.106E-03  3.659E-03  3.192E-03  2.818E-03  2.415E-03  2.085E-03  1.819E-03  1.535E-03  1.290E-03  1.081E-03  9.030E-04  7.389E-04  6.014E-04  4.933E-04  4.046E-04  3.216E-04  2.615E-04  2.069E-04  1.635E-04  1.298E-04  1.032E-04  8.033E-05  6.220E-05  4.784E-05  3.592E-05  2.671E-05  1.975E-05  1.446E-05  1.012E-05  7.138E-06  4.771E-06  3.065E-06  1.845E-06  9.821E-07  3.882E-07  8.055E-08  9.175E-09  4.123E-10  5.304E-12  1.561E-14  1.711E-19  0.000E+00  0.000E+00  0.000E+00  0.000E+00
  389.5000  2.048E-02  1.930E-02  1.814E-02  1.701E-02  1.590E-02  1.483E-02  1.378E-02  1.277E-02  1.180E-02  1.088E-02  9.995E-03  8.966E-03  8.033E-03  7.226E-03  6.532E-03  5.937E-03  5.177E-03  4.612E-03  4.024E-03  3.552E-03  3.044E-03  2.627E-03  2.291E-03  1.933E-03  1.625E-03  1.361E-03  1.137E-03  9.300E-04  7.568E-04  6.206E-04  5.090E-04  4.045E-04  3.288E-04  2.601E-04  2.055E-04  1.631E-04  1.296E-04  1.009E-04  7.815E-05  6.010E-05  4.512E-05  3.356E-05  2.482E-05  1.818E-05  1.272E-05  8.975E-06  6.001E-06  3.859E-06  2.327E-06  1.242E-06  4.934E-07  1.035E-07  1.198E-08  5.526E-10  7.396E-12  2.298E-14  2.736E-19  0.000E+00  0.000E+00  0.000E+00  0.000E+00
  390.5000  2.013E-02  1.897E-02  1.783E-02  1.672E-02  1.563E-02  1.457E-02  1.355E-02  1.255E-02  1.160E-02  1.069E-02  9.821E-03  8.809E-03  7.893E-03  7.099E-03  6.417E-03  5.832E-03  5.085E-03  4.530E-03  3.951E-03  3.487E-03  2.988E-03  2.578E-03  2.249E-03  1.896E-03  1.594E-03  1.335E-03  1.115E-03  9.118E-04  7.418E-04  6.082E-04  4.987E-04  3.962E-04  3.220E-04  2.547E-04  2.012E-04  1.597E-04  1.269E-04  9.876E-05  7.647E-05  5.882E-05  4.416E-05  3.284E-05  2.430E-05  1.780E-05  1.246E-05  8.791E-06  5.880E-06  3.784E-06  2.285E-06  1.223E-06  4.884E-07  1.035E-07  1.218E-08  5.765E-10  8.023E-12  2.630E-14  3.398E-19  0.000E+00  0.000E+00  0.000E+00  0.000E+00
  391.5000  2.389E-02  2.251E-02  2.116E-02  1.984E-02  1.855E-02  1.730E-02  1.608E-02  1.490E-02  1.377E-02  1.268E-02  1.166E-02  1.045E-02  9.366E-03  8.425E-03  7.614E-03  6.919E-03  6.032E-03  5.373E-03  4.686E-03  4.136E-03  3.542E-03  3.057E-03  2.665E-03  2.247E-03  1.889E-03  1.582E-03  1.320E-03  1.080E-03  8.783E-04  7.199E-04  5.902E-04  4.688E-04  3.809E-04  3.012E-04  2.379E-04  1.888E-04  1.500E-04  1.167E-04  9.038E-05  6.952E-05  5.220E-05  3.883E-05  2.873E-05  2.104E-05  1.473E-05  1.040E-05  6.959E-06  4.482E-06  2.710E-06  1.454E-06  5.838E-07  1.250E-07  1.494E-08  7.258E-10  1.050E-11  3.627E-14  5.081E-19  0.000E+00  0.000E+00  0.000E+00  0.000E+00
  392.5000  1.793E-02  1.689E-02  1.588E-02  1.489E-02  1.392E-02  1.298E-02  1.206E-02  1.118E-02  1.033E-02  9.515E-03  8.743E-03  7.843E-03  7.026E-03  6.319E-03  5.710E-03  5.189E-03  4.523E-03  4.028E-03  3.513E-03  3.100E-03  2.655E-03  2.290E-03  1.997E-03  1.683E-03  1.415E-03  1.184E-03  9.884E-04  8.082E-04  6.572E-04  5.386E-04  4.415E-04  3.506E-04  2.848E-04  2.251E-04  1.778E-04  1.411E-04  1.121E-04  8.721E-05  6.752E-05  5.193E-05  3.900E-05  2.901E-05  2.147E-05  1.573E-05  1.101E-05  7.776E-06  5.205E-06  3.355E-06  2.031E-06  1.093E-06  4.410E-07  9.536E-08  1.158E-08  5.770E-10  8.671E-12  3.156E-14  4.787E-19  0.000E+00  0.000E+00  0.000E+00  0.000E+00
  393.5000  7.797E-03  7.347E-03  6.905E-03  6.475E-03  6.055E-03  5.645E-03  5.247E-03  4.862E-03  4.492E-03  4.138E-03  3.802E-03  3.411E-03  3.055E-03  2.748E-03  2.483E-03  2.256E-03  1.966E-03  1.751E-03  1.527E-03  1.347E-03  1.153E-03  9.949E-04  8.672E-04  7.310E-04  6.142E-04  5.142E-04  4.290E-04  3.507E-04  2.851E-04  2.336E-04  1.914E-04  1.520E-04  1.234E-04  9.756E-05  7.703E-05  6.111E-05  4.854E-05  3.777E-05  2.924E-05  2.249E-05  1.689E-05  1.257E-05  9.299E-06  6.815E-06  4.773E-06  3.370E-06  2.257E-06  1.456E-06  8.827E-07  4.760E-07  1.931E-07  4.216E-08  5.203E-09  2.657E-10  4.146E-12  1.588E-14  2.607E-19  0.000E+00  0.000E+00  0.000E+00  0.000E+00
  394.5000  1.836E-02  1.730E-02  1.626E-02  1.524E-02  1.425E-02  1.329E-02  1.235E-02  1.145E-02  1.057E-02  9.740E-03  8.950E-03  8.027E-03  7.191E-03  6.466E-03  5.842E-03  5.307E-03  4.626E-03  4.118E-03  3.591E-03  3.167E-03  2.712E-03  2.339E-03  2.038E-03  1.718E-03  1.443E-03  1.208E-03  1.008E-03  8.236E-04  6.694E-04  5.484E-04  4.493E-04  3.566E-04  2.896E-04  2.288E-04  1.806E-04  1.433E-04  1.138E-04  8.854E-05  6.854E-05  5.272E-05  3.959E-05  2.946E-05  2.180E-05  1.598E-05  1.119E-05  7.906E-06  5.296E-06  3.418E-06  2.076E-06  1.122E-06  4.574E-07  1.009E-07  1.264E-08  6.616E-10  1.072E-11  4.319E-14  7.663E-19  0.000E+00  0.000E+00  0.000E+00  0.000E+00
  395.5000  2.363E-02  2.226E-02  2.093E-02  1.962E-02  1.835E-02  1.711E-02  1.590E-02  1.473E-02  1.361E-02  1.254E-02  1.152E-02  1.033E-02  9.254E-03  8.321E-03  7.517E-03  6.828E-03  5.951E-03  5.298E-03  4.618E-03  4.073E-03  3.487E-03  3.007E-03  2.620E-03  2.207E-03  1.854E-03  1.552E-03  1.294E-03  1.058E-03  8.594E-04  7.038E-04  5.766E-04  4.575E-04  3.715E-04  2.935E-04  2.316E-04  1.837E-04  1.459E-04  1.135E-04  8.785E-05  6.757E-05  5.075E-05  3.776E-05  2.795E-05  2.049E-05  1.435E-05  1.014E-05  6.796E-06  4.390E-06  2.669E-06  1.446E-06  5.925E-07  1.319E-07  1.679E-08  9.003E-10  1.513E-11  6.409E-14  1.228E-18  0.000E+00  0.000E+00  0.000E+00  0.000E+00
  396.5000  1.388E-02  1.308E-02  1.229E-02  1.153E-02  1.078E-02  1.005E-02  9.340E-03  8.655E-03  7.994E-03  7.364E-03  6.766E-03  6.068E-03  5.435E-03  4.887E-03  4.415E-03  4.010E-03  3.494E-03  3.110E-03  2.711E-03  2.391E-03  2.046E-03  1.764E-03  1.537E-03  1.295E-03  1.088E-03  9.099E-04  7.587E-04  6.199E-04  5.036E-04  4.124E-04  3.377E-04  2.679E-04  2.175E-04  1.718E-04  1.356E-04  1.075E-04  8.534E-05  6.639E-05  5.139E-05  3.952E-05  2.969E-05  2.209E-05  1.635E-05  1.199E-05  8.402E-06  5.938E-06  3.980E-06  2.573E-06  1.566E-06  8.509E-07  3.503E-07  7.875E-08  1.017E-08  5.588E-10  9.734E-12  4.334E-14  8.960E-19  0.000E+00  0.000E+00  0.000E+00  0.000E+00
  397.5000  1.603E-02  1.510E-02  1.419E-02  1.331E-02  1.244E-02  1.160E-02  1.078E-02  9.992E-03  9.230E-03  8.502E-03  7.811E-03  7.005E-03  6.274E-03  5.641E-03  5.095E-03  4.627E-03  4.032E-03  3.589E-03  3.128E-03  2.758E-03  2.360E-03  2.034E-03  1.772E-03  1.493E-03  1.253E-03  1.049E-03  8.741E-04  7.140E-04  5.800E-04  4.748E-04  3.888E-04  3.083E-04  2.503E-04  1.976E-04  1.559E-04  1.236E-04  9.812E-05  7.633E-05  5.908E-05  4.544E-05  3.414E-05  2.540E-05  1.881E-05  1.379E-05  9.665E-06  6.832E-06  4.581E-06  2.963E-06  1.807E-06  9.838E-07  4.070E-07  9.237E-08  1.211E-08  6.811E-10  1.230E-11  5.748E-14  1.281E-18  0.000E+00  0.000E+00  0.000E+00  0.000E+00
  398.5000  2.755E-02  2.596E-02  2.440E-02  2.288E-02  2.139E-02  1.995E-02  1.854E-02  1.718E-02  1.587E-02  1.462E-02  1.343E-02  1.204E-02  1.079E-02  9.696E-03  8.757E-03  7.952E-03  6.928E-03  6.165E-03  5.373E-03  4.737E-03  4.053E-03  3.493E-03  3.043E-03  2.562E-03  2.151E-03  1.799E-03  1.500E-03  1.225E-03  9.945E-04  8.140E-04  6.664E-04  5.283E-04  4.288E-04  3.385E-04  2.670E-04  2.116E-04  1.680E-04  1.307E-04  1.011E-04  7.778E-05  5.844E-05  4.349E-05  3.220E-05  2.362E-05  1.655E-05  1.170E-05  7.851E-06  5.082E-06  3.103E-06  1.693E-06  7.039E-07  1.613E-07  2.145E-08  1.235E-09  2.311E-11  1.133E-13  2.721E-18  0.000E+00  0.000E+00  0.000E+00  0.000E+00
  399.5000  2.867E-02  2.702E-02  2.539E-02  2.381E-02  2.226E-02  2.076E-02  1.929E-02  1.787E-02  1.651E-02  1.521E-02  1.397E-02  1.253E-02  1.122E-02  1.009E-02  9.110E-03  8.271E-03  7.205E-03  6.411E-03  5.587E-03  4.924E-03  4.213E-03  3.631E-03  3.162E-03  2.662E-03  2.235E-03  1.869E-03  1.557E-03  1.271E-03  1.032E-03  8.446E-04  6.914E-04  5.480E-04  4.447E-04  3.509E-04  2.768E-04  2.194E-04  1.741E-04  1.354E-04  1.048E-04  8.059E-05  6.055E-05  4.507E-05  3.337E-05  2.448E-05  1.716E-05  1.214E-05  8.144E-06  5.275E-06  3.225E-06  1.764E-06  7.366E-07  1.704E-07  2.299E-08  1.355E-09  2.624E-11  1.350E-13  3.487E-18  0.000E+00  0.000E+00  0.000E+00  0.000E+00
------------------------------------------------------------
Dose rates,W m-2
   1 = UV index (WMO, 1994; Webb et al., 2011)           
   2 = Previtamin-D3 (CIE 2006)                          
values at z =      0.025 km
Columns: time,sza,weighting spectra
time,hrs.  sza,deg.          1          2
   18.0000     88.095  4.079E-02  6.471E-04
   18.0167     88.281  3.830E-02  6.093E-04
   18.0333     88.468  3.590E-02  5.730E-04
   18.0500     88.655  3.358E-02  5.382E-04
   18.0667     88.842  3.133E-02  5.047E-04
   18.0833     89.030  2.917E-02  4.727E-04
   18.1000     89.218  2.709E-02  4.419E-04
   18.1167     89.406  2.511E-02  4.126E-04
   18.1333     89.594  2.321E-02  3.847E-04
   18.1500     89.782  2.141E-02  3.583E-04
   18.1667     89.971  1.972E-02  3.332E-04
   18.1833     90.160  1.777E-02  3.041E-04
   18.2000     90.349  1.600E-02  2.777E-04
   18.2167     90.539  1.448E-02  2.548E-04
   18.2333     90.728  1.318E-02  2.350E-04
   18.2500     90.917  1.205E-02  2.179E-04
   18.2667     91.107  1.063E-02  1.955E-04
   18.2833     91.298  9.559E-03  1.787E-04
   18.3000     91.488  8.441E-03  1.606E-04
   18.3167     91.679  7.538E-03  1.460E-04
   18.3333     91.869  6.559E-03  1.295E-04
   18.3500     92.060  5.745E-03  1.156E-04
   18.3667     92.251  5.084E-03  1.041E-04
   18.3833     92.443  4.370E-03  9.137E-05
   18.4000     92.635  3.745E-03  7.975E-05
   18.4167     92.826  3.200E-03  6.941E-05
   18.4333     93.018  2.726E-03  6.014E-05
   18.4500     93.210  2.276E-03  5.093E-05
   18.4667     93.403  1.894E-03  4.302E-05
   18.4833     93.595  1.584E-03  3.638E-05
   18.5000     93.788  1.314E-03  3.031E-05
   18.5167     93.981  1.067E-03  2.484E-05
   18.5333     94.174  8.730E-04  2.027E-05
   18.5500     94.367  7.008E-04  1.631E-05
   18.5667     94.561  5.558E-04  1.285E-05
   18.5833     94.754  4.401E-04  1.006E-05
   18.6000     94.948  3.482E-04  7.857E-06
   18.6167     95.142  2.684E-04  5.955E-06
   18.6333     95.336  2.039E-04  4.403E-06
   18.6500     95.531  1.520E-04  3.125E-06
   18.6667     95.725  1.089E-04  2.072E-06
   18.6833     95.920  7.611E-05  1.270E-06
   18.7000     96.115  5.193E-05  7.025E-07
   18.7167     96.310  3.423E-05  3.303E-07
   18.7333     96.505  2.156E-05  1.322E-07
   18.7500     96.701  1.358E-05  4.780E-08
   18.7667     96.896  8.179E-06  1.624E-08
   18.7833     97.092  4.656E-06  4.951E-09
   18.8000     97.288  2.417E-06  1.285E-09
   18.8167     97.484  1.073E-06  2.754E-10
   18.8333     97.680  3.306E-07  3.890E-11
   18.8500     97.877  4.838E-08  2.235E-12
   18.8667     98.073  3.764E-09  5.245E-14
   18.8833     98.270  1.203E-10  2.004E-16
   18.9000     98.467  1.327E-12  6.181E-20
   18.9167     98.664  4.361E-15  1.069E-24
   18.9333     98.861  7.560E-20  5.153E-33
   18.9500     99.058  0.000E+00  0.000E+00
   18.9667     99.256  0.000E+00  0.000E+00
   18.9833     99.454  0.000E+00  0.000E+00
   19.0000     99.651  0.000E+00  0.000E+00
------------------------------------------------------------
