Spectral Irradiance,W m-2 nm-1
values at z =      0.025 km
Columns: wavelength (nm),times (hrs.) or sza (deg.)
    wc,nm     18.000     18.017     18.033     18.050     18.067     18.083     18.100     18.117     18.133     18.150     18.167     18.183     18.200     18.217     18.233     18.250     18.267     18.283     18.300     18.317     18.333     18.350     18.367     18.383     18.400     18.417     18.433     18.450     18.467     18.483     18.500     18.517     18.533     18.550     18.567     18.583     18.600     18.617     18.633     18.650     18.667     18.683     18.700     18.717     18.733     18.750     18.767     18.783     18.800     18.817     18.833     18.850     18.867     18.883     18.900     18.917     18.933     18.950     18.967     18.983     19.000
    sza =      88.738     88.924     89.110     89.296     89.482     89.669     89.856     90.043     90.230     90.417     90.605     90.793     90.981     91.170     91.358     91.547     91.736     91.925     92.115     92.305     92.494     92.684     92.875     93.065     93.256     93.447     93.637     93.829     94.020     94.212     94.404     94.596     94.788     94.980     95.173     95.366     95.559     95.752     95.945     96.139     96.333     96.527     96.721     96.915     97.109     97.304     97.498     97.693     97.888     98.084     98.279     98.475     98.671     98.866     99.062     99.259     99.455     99.652     99.848    100.045    100.242
  280.5000  1.756E-24  1.684E-24  1.612E-24  1.540E-24  1.468E-24  1.396E-24  1.326E-24  1.249E-24  1.156E-24  1.075E-24  1.004E-24  9.408E-25  8.850E-25  7.948E-25  7.383E-25  6.613E-25  6.103E-25  5.394E-25  4.772E-25  4.214E-25  3.706E-25  3.225E-25  2.765E-25  2.342E-25  1.970E-25  1.647E-25  1.364E-25  1.057E-25  8.281E-26  6.001E-26  4.221E-26  2.675E-26  1.441E-26  6.116E-27  1.689E-27  2.124E-28  6.051E-30  1.968E-32  1.187E-36  2.018E-43  0.000E+00  0.000E+00  0.000E+00  0.000E+00  0.000E+00  0.000E+00  0.000E+00  0.000E+00  0.000E+00  0.000E+00  0.000E+00  0.000E+00  0.000E+00  0.000E+00  0.000E+00  0.000E+00  0.000E+00  0.000E+00  0.000E+00  0.000E+00  0.000E+00
  281.5000  2.377E-22  2.280E-22  2.183E-22  2.086E-22  1.989E-22  1.892E-22  1.796E-22  1.693E-22  1.568E-22  1.458E-22  1.362E-22  1.277E-22  1.201E-22  1.079E-22  1.003E-22  8.987E-23  8.297E-23  7.336E-23  6.491E-23  5.735E-23  5.045E-23  4.392E-23  3.766E-23  3.193E-23  2.688E-23  2.249E-23  1.867E-23  1.454E-23  1.146E-23  8.402E-24  6.008E-24  3.908E-24  2.194E-24  9.938E-25  3.051E-25  4.581E-26  1.785E-27  9.596E-30  1.367E-33  9.584E-40  0.000E+00  0.000E+00  0.000E+00  0.000E+00  0.000E+00  0.000E+00  0.000E+00  0.000E+00  0.000E+00  0.000E+00  0.000E+00  0.000E+00  0.000E+00  0.000E+00  0.000E+00  0.000E+00  0.000E+00  0.000E+00  0.000E+00  0.000E+00  0.000E+00
  282.5000  1.103E-20  1.059E-20  1.014E-20  9.687E-21  9.237E-21  8.789E-21  8.347E-21  7.868E-21  7.287E-21  6.780E-21  6.334E-21  5.941E-21  5.592E-21  5.025E-21  4.671E-21  4.187E-21  3.866E-21  3.419E-21  3.027E-21  2.675E-21  2.354E-21  2.050E-21  1.759E-21  1.492E-21  1.257E-21  1.053E-21  8.752E-22  6.843E-22  5.427E-22  4.015E-22  2.911E-22  1.936E-22  1.126E-22  5.399E-23  1.819E-23  3.195E-24  1.643E-25  1.379E-27  4.186E-31  1.011E-36  0.000E+00  0.000E+00  0.000E+00  0.000E+00  0.000E+00  0.000E+00  0.000E+00  0.000E+00  0.000E+00  0.000E+00  0.000E+00  0.000E+00  0.000E+00  0.000E+00  0.000E+00  0.000E+00  0.000E+00  0.000E+00  0.000E+00  0.000E+00  0.000E+00
  283.5000  1.204E-19  1.155E-19  1.106E-19  1.057E-19  1.008E-19  9.597E-20  9.116E-20  8.594E-20  7.961E-20  7.409E-20  6.923E-20  6.494E-20  6.114E-20  5.496E-20  5.110E-20  4.581E-20  4.231E-20  3.744E-20  3.314E-20  2.930E-20  2.579E-20  2.247E-20  1.928E-20  1.636E-20  1.379E-20  1.156E-20  9.618E-21  7.539E-21  6.000E-21  4.466E-21  3.267E-21  2.203E-21  1.312E-21  6.523E-22  2.335E-22  4.548E-23  2.807E-24  3.158E-26  1.575E-29  8.528E-35  9.949E-44  0.000E+00  0.000E+00  0.000E+00  0.000E+00  0.000E+00  0.000E+00  0.000E+00  0.000E+00  0.000E+00  0.000E+00  0.000E+00  0.000E+00  0.000E+00  0.000E+00  0.000E+00  0.000E+00  0.000E+00  0.000E+00  0.000E+00  0.000E+00
  284.5000  5.760E-18  5.526E-18  5.294E-18  5.061E-18  4.827E-18  4.595E-18  4.366E-18  4.118E-18  3.816E-18  3.552E-18  3.321E-18  3.117E-18  2.936E-18  2.640E-18  2.456E-18  2.203E-18  2.036E-18  1.802E-18  1.596E-18  1.412E-18  1.244E-18  1.084E-18  9.308E-19  7.905E-19  6.668E-19  5.595E-19  4.665E-19  3.673E-19  2.940E-19  2.211E-19  1.641E-19  1.133E-19  7.012E-20  3.706E-20  1.468E-20  3.391E-21  2.837E-22  5.226E-24  6.056E-27  1.312E-31  1.642E-39  0.000E+00  0.000E+00  0.000E+00  0.000E+00  0.000E+00  0.000E+00  0.000E+00  0.000E+00  0.000E+00  0.000E+00  0.000E+00  0.000E+00  0.000E+00  0.000E+00  0.000E+00  0.000E+00  0.000E+00  0.000E+00  0.000E+00  0.000E+00
  285.5000  6.314E-17  6.059E-17  5.804E-17  5.549E-17  5.294E-17  5.040E-17  4.790E-17  4.518E-17  4.188E-17  3.900E-17  3.647E-17  3.424E-17  3.226E-17  2.903E-17  2.701E-17  2.424E-17  2.241E-17  1.985E-17  1.759E-17  1.557E-17  1.372E-17  1.196E-17  1.028E-17  8.734E-18  7.372E-18  6.191E-18  5.169E-18  4.083E-18  3.282E-18  2.486E-18  1.866E-18  1.311E-18  8.351E-19  4.626E-19  1.981E-19  5.235E-20  5.564E-21  1.510E-22  3.377E-25  2.126E-29  1.610E-36  0.000E+00  0.000E+00  0.000E+00  0.000E+00  0.000E+00  0.000E+00  0.000E+00  0.000E+00  0.000E+00  0.000E+00  0.000E+00  0.000E+00  0.000E+00  0.000E+00  0.000E+00  0.000E+00  0.000E+00  0.000E+00  0.000E+00  0.000E+00
  286.5000  1.794E-15  1.722E-15  1.650E-15  1.577E-15  1.505E-15  1.433E-15  1.362E-15  1.285E-15  1.191E-15  1.106E-15  1.038E-15  9.748E-16  9.188E-16  8.270E-16  7.698E-16  6.912E-16  6.392E-16  5.661E-16  5.021E-16  4.445E-16  3.918E-16  3.419E-16  2.939E-16  2.498E-16  2.110E-16  1.773E-16  1.482E-16  1.173E-16  9.463E-17  7.207E-17  5.454E-17  3.883E-17  2.528E-17  1.451E-17  6.597E-18  1.934E-18  2.474E-19  9.071E-21  3.380E-23  4.854E-27  1.475E-33  4.652E-43  0.000E+00  0.000E+00  0.000E+00  0.000E+00  0.000E+00  0.000E+00  0.000E+00  0.000E+00  0.000E+00  0.000E+00  0.000E+00  0.000E+00  0.000E+00  0.000E+00  0.000E+00  0.000E+00  0.000E+00  0.000E+00  0.000E+00
  287.5000  2.740E-14  2.630E-14  2.520E-14  2.409E-14  2.299E-14  2.189E-14  2.081E-14  1.964E-14  1.821E-14  1.697E-14  1.588E-14  1.492E-14  1.406E-14  1.266E-14  1.179E-14  1.059E-14  9.802E-15  8.688E-15  7.708E-15  6.827E-15  6.022E-15  5.257E-15  4.521E-15  3.846E-15  3.250E-15  2.734E-15  2.288E-15  1.816E-15  1.469E-15  1.125E-15  8.590E-16  6.200E-16  4.130E-16  2.461E-16  1.192E-16  3.903E-17  6.083E-18  3.079E-19  1.992E-21  6.996E-25  9.681E-31  2.916E-39  0.000E+00  0.000E+00  0.000E+00  0.000E+00  0.000E+00  0.000E+00  0.000E+00  0.000E+00  0.000E+00  0.000E+00  0.000E+00  0.000E+00  0.000E+00  0.000E+00  0.000E+00  0.000E+00  0.000E+00  0.000E+00  0.000E+00
  288.5000  4.019E-13  3.857E-13  3.695E-13  3.534E-13  3.372E-13  3.212E-13  3.054E-13  2.882E-13  2.673E-13  2.491E-13  2.332E-13  2.191E-13  2.067E-13  1.862E-13  1.735E-13  1.560E-13  1.444E-13  1.281E-13  1.137E-13  1.008E-13  8.894E-14  7.769E-14  6.686E-14  5.692E-14  4.815E-14  4.053E-14  3.397E-14  2.703E-14  2.195E-14  1.691E-14  1.303E-14  9.538E-15  6.511E-15  4.039E-15  2.095E-15  7.731E-16  1.495E-16  1.078E-17  1.280E-19  1.198E-22  8.716E-28  3.088E-35  0.000E+00  0.000E+00  0.000E+00  0.000E+00  0.000E+00  0.000E+00  0.000E+00  0.000E+00  0.000E+00  0.000E+00  0.000E+00  0.000E+00  0.000E+00  0.000E+00  0.000E+00  0.000E+00  0.000E+00  0.000E+00  0.000E+00
  289.5000  4.771E-12  4.578E-12  4.386E-12  4.194E-12  4.002E-12  3.812E-12  3.624E-12  3.421E-12  3.173E-12  2.958E-12  2.769E-12  2.603E-12  2.456E-12  2.214E-12  2.063E-12  1.855E-12  1.718E-12  1.525E-12  1.355E-12  1.201E-12  1.061E-12  9.272E-13  7.984E-13  6.801E-13  5.757E-13  4.850E-13  4.068E-13  3.243E-13  2.640E-13  2.043E-13  1.584E-13  1.171E-13  8.134E-14  5.194E-14  2.833E-14  1.142E-14  2.593E-15  2.435E-16  4.532E-18  8.708E-21  2.116E-25  4.419E-32  1.459E-42  0.000E+00  0.000E+00  0.000E+00  0.000E+00  0.000E+00  0.000E+00  0.000E+00  0.000E+00  0.000E+00  0.000E+00  0.000E+00  0.000E+00  0.000E+00  0.000E+00  0.000E+00  0.000E+00  0.000E+00  0.000E+00
  290.5000  3.661E-11  3.512E-11  3.364E-11  3.217E-11  3.070E-11  2.924E-11  2.780E-11  2.624E-11  2.434E-11  2.269E-11  2.125E-11  1.998E-11  1.886E-11  1.700E-11  1.585E-11  1.426E-11  1.321E-11  1.173E-11  1.042E-11  9.249E-12  8.173E-12  7.147E-12  6.158E-12  5.249E-12  4.445E-12  3.747E-12  3.146E-12  2.512E-12  2.049E-12  1.591E-12  1.240E-12  9.242E-13  6.509E-13  4.254E-13  2.416E-13  1.047E-13  2.713E-14  3.169E-15  8.573E-17  3.001E-19  2.004E-23  1.854E-29  6.533E-39  0.000E+00  0.000E+00  0.000E+00  0.000E+00  0.000E+00  0.000E+00  0.000E+00  0.000E+00  0.000E+00  0.000E+00  0.000E+00  0.000E+00  0.000E+00  0.000E+00  0.000E+00  0.000E+00  0.000E+00  0.000E+00
  291.5000  2.425E-10  2.326E-10  2.228E-10  2.130E-10  2.032E-10  1.935E-10  1.840E-10  1.737E-10  1.612E-10  1.503E-10  1.407E-10  1.323E-10  1.249E-10  1.127E-10  1.051E-10  9.459E-11  8.768E-11  7.790E-11  6.927E-11  6.151E-11  5.438E-11  4.759E-11  4.103E-11  3.500E-11  2.966E-11  2.503E-11  2.103E-11  1.683E-11  1.376E-11  1.072E-11  8.398E-12  6.313E-12  4.512E-12  3.024E-12  1.793E-12  8.403E-13  2.509E-13  3.718E-14  1.520E-15  1.035E-17  2.142E-21  1.056E-26  5.423E-35  2.803E-45  0.000E+00  0.000E+00  0.000E+00  0.000E+00  0.000E+00  0.000E+00  0.000E+00  0.000E+00  0.000E+00  0.000E+00  0.000E+00  0.000E+00  0.000E+00  0.000E+00  0.000E+00  0.000E+00  0.000E+00
  292.5000  1.073E-09  1.029E-09  9.847E-10  9.412E-10  8.979E-10  8.550E-10  8.128E-10  7.672E-10  7.118E-10  6.637E-10  6.216E-10  5.846E-10  5.520E-10  4.980E-10  4.645E-10  4.183E-10  3.879E-10  3.448E-10  3.068E-10  2.726E-10  2.411E-10  2.112E-10  1.822E-10  1.555E-10  1.319E-10  1.114E-10  9.368E-11  7.504E-11  6.146E-11  4.803E-11  3.780E-11  2.861E-11  2.069E-11  1.415E-11  8.703E-12  4.355E-12  1.468E-12  2.662E-13  1.544E-14  1.836E-16  9.718E-20  1.890E-24  8.604E-32  6.636E-41  0.000E+00  0.000E+00  0.000E+00  0.000E+00  0.000E+00  0.000E+00  0.000E+00  0.000E+00  0.000E+00  0.000E+00  0.000E+00  0.000E+00  0.000E+00  0.000E+00  0.000E+00  0.000E+00  0.000E+00
  293.5000  5.516E-09  5.288E-09  5.061E-09  4.836E-09  4.612E-09  4.390E-09  4.173E-09  3.939E-09  3.654E-09  3.407E-09  3.190E-09  3.001E-09  2.834E-09  2.557E-09  2.386E-09  2.149E-09  1.994E-09  1.773E-09  1.579E-09  1.403E-09  1.242E-09  1.089E-09  9.400E-10  8.028E-10  6.814E-10  5.758E-10  4.848E-10  3.889E-10  3.191E-10  2.500E-10  1.976E-10  1.504E-10  1.100E-10  7.659E-11  4.865E-11  2.583E-11  9.717E-12  2.122E-12  1.702E-13  3.403E-15  4.356E-18  3.086E-22  1.096E-28  1.114E-36  0.000E+00  0.000E+00  0.000E+00  0.000E+00  0.000E+00  0.000E+00  0.000E+00  0.000E+00  0.000E+00  0.000E+00  0.000E+00  0.000E+00  0.000E+00  0.000E+00  0.000E+00  0.000E+00  0.000E+00
  294.5000  1.658E-08  1.589E-08  1.520E-08  1.452E-08  1.384E-08  1.317E-08  1.252E-08  1.181E-08  1.096E-08  1.021E-08  9.565E-09  8.996E-09  8.495E-09  7.666E-09  7.155E-09  6.446E-09  5.981E-09  5.322E-09  4.740E-09  4.216E-09  3.735E-09  3.275E-09  2.829E-09  2.418E-09  2.054E-09  1.737E-09  1.463E-09  1.175E-09  9.657E-10  7.584E-10  6.013E-10  4.598E-10  3.390E-10  2.395E-10  1.562E-10  8.706E-11  3.586E-11  9.134E-12  9.566E-13  2.921E-14  7.633E-17  1.519E-20  2.741E-26  2.114E-33  1.850E-43  0.000E+00  0.000E+00  0.000E+00  0.000E+00  0.000E+00  0.000E+00  0.000E+00  0.000E+00  0.000E+00  0.000E+00  0.000E+00  0.000E+00  0.000E+00  0.000E+00  0.000E+00  0.000E+00
  295.5000  6.831E-08  6.543E-08  6.257E-08  5.973E-08  5.692E-08  5.414E-08  5.143E-08  4.851E-08  4.498E-08  4.195E-08  3.925E-08  3.691E-08  3.485E-08  3.146E-08  2.936E-08  2.646E-08  2.455E-08  2.186E-08  1.944E-08  1.734E-08  1.537E-08  1.348E-08  1.166E-08  9.971E-09  8.476E-09  7.172E-09  6.049E-09  4.866E-09  4.003E-09  3.151E-09  2.506E-09  1.925E-09  1.431E-09  1.026E-09  6.860E-10  4.011E-10  1.808E-10  5.373E-11  7.383E-12  3.481E-13  1.908E-15  1.115E-18  1.103E-23  7.121E-30  1.282E-38  0.000E+00  0.000E+00  0.000E+00  0.000E+00  0.000E+00  0.000E+00  0.000E+00  0.000E+00  0.000E+00  0.000E+00  0.000E+00  0.000E+00  0.000E+00  0.000E+00  0.000E+00  0.000E+00
  296.5000  1.816E-07  1.738E-07  1.661E-07  1.585E-07  1.509E-07  1.435E-07  1.362E-07  1.285E-07  1.191E-07  1.109E-07  1.038E-07  9.763E-08  9.216E-08  8.317E-08  7.762E-08  6.997E-08  6.494E-08  5.783E-08  5.156E-08  4.591E-08  4.072E-08  3.575E-08  3.093E-08  2.648E-08  2.252E-08  1.907E-08  1.610E-08  1.297E-08  1.068E-08  8.423E-09  6.721E-09  5.181E-09  3.877E-09  2.811E-09  1.921E-09  1.170E-09  5.695E-10  1.933E-10  3.357E-11  2.297E-12  2.373E-14  3.464E-17  1.433E-21  5.446E-27  1.200E-34  2.803E-45  0.000E+00  0.000E+00  0.000E+00  0.000E+00  0.000E+00  0.000E+00  0.000E+00  0.000E+00  0.000E+00  0.000E+00  0.000E+00  0.000E+00  0.000E+00  0.000E+00  0.000E+00
  297.5000  5.073E-07  4.853E-07  4.634E-07  4.419E-07  4.206E-07  3.997E-07  3.792E-07  3.573E-07  3.311E-07  3.083E-07  2.884E-07  2.711E-07  2.558E-07  2.309E-07  2.154E-07  1.942E-07  1.802E-07  1.605E-07  1.430E-07  1.275E-07  1.132E-07  9.945E-08  8.610E-08  7.375E-08  6.278E-08  5.321E-08  4.495E-08  3.625E-08  2.989E-08  2.361E-08  1.889E-08  1.460E-08  1.099E-08  8.048E-09  5.598E-09  3.526E-09  1.832E-09  6.967E-10  1.480E-10  1.398E-11  2.508E-13  8.145E-16  1.177E-19  2.111E-24  4.181E-31  2.214E-40  0.000E+00  0.000E+00  0.000E+00  0.000E+00  0.000E+00  0.000E+00  0.000E+00  0.000E+00  0.000E+00  0.000E+00  0.000E+00  0.000E+00  0.000E+00  0.000E+00  0.000E+00
  298.5000  8.392E-07  8.022E-07  7.655E-07  7.294E-07  6.937E-07  6.587E-07  6.246E-07  5.883E-07  5.447E-07  5.070E-07  4.741E-07  4.454E-07  4.201E-07  3.790E-07  3.536E-07  3.187E-07  2.958E-07  2.635E-07  2.351E-07  2.095E-07  1.860E-07  1.635E-07  1.416E-07  1.214E-07  1.034E-07  8.773E-08  7.416E-08  5.988E-08  4.943E-08  3.912E-08  3.136E-08  2.430E-08  1.838E-08  1.356E-08  9.577E-09  6.207E-09  3.408E-09  1.428E-09  3.608E-10  4.493E-11  1.296E-12  8.346E-15  3.497E-18  2.336E-22  2.946E-28  1.999E-36  0.000E+00  0.000E+00  0.000E+00  0.000E+00  0.000E+00  0.000E+00  0.000E+00  0.000E+00  0.000E+00  0.000E+00  0.000E+00  0.000E+00  0.000E+00  0.000E+00  0.000E+00
  299.5000  2.571E-06  2.455E-06  2.341E-06  2.228E-06  2.117E-06  2.009E-06  1.903E-06  1.791E-06  1.658E-06  1.542E-06  1.441E-06  1.353E-06  1.275E-06  1.150E-06  1.072E-06  9.666E-07  8.968E-07  7.990E-07  7.130E-07  6.355E-07  5.644E-07  4.965E-07  4.304E-07  3.692E-07  3.147E-07  2.671E-07  2.260E-07  1.827E-07  1.510E-07  1.196E-07  9.614E-08  7.466E-08  5.669E-08  4.214E-08  3.013E-08  2.002E-08  1.154E-08  5.270E-09  1.556E-09  2.489E-10  1.110E-11  1.345E-13  1.519E-16  3.488E-20  2.532E-25  1.935E-32  2.366E-41  0.000E+00  0.000E+00  0.000E+00  0.000E+00  0.000E+00  0.000E+00  0.000E+00  0.000E+00  0.000E+00  0.000E+00  0.000E+00  0.000E+00  0.000E+00  0.000E+00
  300.5000  3.109E-06  2.966E-06  2.825E-06  2.687E-06  2.552E-06  2.419E-06  2.290E-06  2.153E-06  1.991E-06  1.851E-06  1.728E-06  1.621E-06  1.528E-06  1.377E-06  1.284E-06  1.157E-06  1.073E-06  9.558E-07  8.529E-07  7.603E-07  6.755E-07  5.944E-07  5.156E-07  4.426E-07  3.776E-07  3.207E-07  2.715E-07  2.197E-07  1.817E-07  1.442E-07  1.161E-07  9.030E-08  6.880E-08  5.142E-08  3.714E-08  2.516E-08  1.508E-08  7.382E-09  2.472E-09  4.841E-10  3.069E-11  6.177E-13  1.530E-15  9.185E-19  2.557E-23  1.227E-29  1.486E-37  1.401E-45  0.000E+00  0.000E+00  0.000E+00  0.000E+00  0.000E+00  0.000E+00  0.000E+00  0.000E+00  0.000E+00  0.000E+00  0.000E+00  0.000E+00  0.000E+00
  301.5000  8.243E-06  7.854E-06  7.472E-06  7.098E-06  6.730E-06  6.374E-06  6.026E-06  5.660E-06  5.229E-06  4.855E-06  4.529E-06  4.245E-06  3.997E-06  3.601E-06  3.354E-06  3.020E-06  2.800E-06  2.494E-06  2.226E-06  1.984E-06  1.763E-06  1.552E-06  1.347E-06  1.157E-06  9.879E-07  8.398E-07  7.115E-07  5.766E-07  4.773E-07  3.795E-07  3.061E-07  2.385E-07  1.823E-07  1.370E-07  9.999E-08  6.907E-08  4.302E-08  2.261E-08  8.617E-09  2.084E-09  1.913E-10  6.602E-12  3.778E-14  6.352E-17  7.525E-21  2.672E-26  4.030E-33  5.480E-40  2.803E-45  1.401E-45  0.000E+00  0.000E+00  0.000E+00  0.000E+00  0.000E+00  0.000E+00  0.000E+00  0.000E+00  0.000E+00  0.000E+00  0.000E+00
  302.5000  1.255E-05  1.194E-05  1.135E-05  1.077E-05  1.019E-05  9.650E-06  9.114E-06  8.552E-06  7.893E-06  7.322E-06  6.825E-06  6.391E-06  6.013E-06  5.413E-06  5.038E-06  4.536E-06  4.202E-06  3.742E-06  3.339E-06  2.978E-06  2.646E-06  2.330E-06  2.022E-06  1.738E-06  1.485E-06  1.263E-06  1.071E-06  8.687E-07  7.196E-07  5.728E-07  4.628E-07  3.610E-07  2.766E-07  2.087E-07  1.533E-07  1.073E-07  6.857E-08  3.779E-08  1.572E-08  4.384E-09  5.176E-10  2.573E-11  2.575E-13  8.504E-16  2.581E-19  3.366E-24  2.596E-30  1.718E-36  2.418E-41  5.059E-43  1.121E-44  1.401E-45  0.000E+00  0.000E+00  0.000E+00  0.000E+00  0.000E+00  0.000E+00  0.000E+00  0.000E+00  0.000E+00
  303.5000  2.756E-05  2.619E-05  2.484E-05  2.354E-05  2.226E-05  2.102E-05  1.983E-05  1.858E-05  1.713E-05  1.587E-05  1.477E-05  1.381E-05  1.298E-05  1.167E-05  1.086E-05  9.765E-06  9.040E-06  8.046E-06  7.176E-06  6.399E-06  5.685E-06  5.007E-06  4.348E-06  3.739E-06  3.197E-06  2.721E-06  2.309E-06  1.876E-06  1.555E-06  1.240E-06  1.004E-06  7.840E-07  6.025E-07  4.564E-07  3.377E-07  2.397E-07  1.577E-07  9.162E-08  4.209E-08  1.380E-08  2.175E-09  1.647E-10  3.162E-12  2.322E-14  2.162E-17  1.327E-21  7.130E-27  3.114E-32  1.530E-36  2.829E-38  3.290E-40  1.200E-42  1.401E-45  0.000E+00  0.000E+00  0.000E+00  0.000E+00  0.000E+00  0.000E+00  0.000E+00  0.000E+00
  304.5000  3.521E-05  3.341E-05  3.166E-05  2.996E-05  2.830E-05  2.670E-05  2.516E-05  2.355E-05  2.169E-05  2.007E-05  1.866E-05  1.744E-05  1.637E-05  1.471E-05  1.367E-05  1.229E-05  1.137E-05  1.012E-05  9.020E-06  8.037E-06  7.142E-06  6.291E-06  5.465E-06  4.701E-06  4.021E-06  3.424E-06  2.907E-06  2.364E-06  1.961E-06  1.565E-06  1.269E-06  9.919E-07  7.636E-07  5.800E-07  4.310E-07  3.085E-07  2.064E-07  1.238E-07  6.037E-08  2.180E-08  4.077E-09  3.957E-10  1.114E-11  1.307E-13  2.340E-16  3.494E-20  5.642E-25  7.059E-30  6.976E-34  1.228E-35  1.159E-37  2.861E-40  1.261E-44  0.000E+00  0.000E+00  0.000E+00  0.000E+00  0.000E+00  0.000E+00  0.000E+00  0.000E+00
  305.5000  5.978E-05  5.661E-05  5.352E-05  5.053E-05  4.764E-05  4.484E-05  4.216E-05  3.939E-05  3.621E-05  3.345E-05  3.105E-05  2.896E-05  2.714E-05  2.436E-05  2.260E-05  2.029E-05  1.875E-05  1.666E-05  1.485E-05  1.322E-05  1.175E-05  1.034E-05  8.988E-06  7.735E-06  6.620E-06  5.641E-06  4.793E-06  3.904E-06  3.243E-06  2.592E-06  2.105E-06  1.648E-06  1.272E-06  9.694E-07  7.246E-07  5.244E-07  3.589E-07  2.245E-07  1.185E-07  4.886E-08  1.160E-08  1.598E-09  7.812E-11  1.833E-12  8.753E-15  5.004E-18  4.295E-22  2.707E-26  7.733E-30  1.238E-31  8.146E-34  1.018E-36  2.360E-41  0.000E+00  0.000E+00  0.000E+00  0.000E+00  0.000E+00  0.000E+00  0.000E+00  0.000E+00
  306.5000  7.005E-05  6.625E-05  6.258E-05  5.902E-05  5.557E-05  5.225E-05  4.907E-05  4.580E-05  4.206E-05  3.882E-05  3.599E-05  3.354E-05  3.141E-05  2.816E-05  2.611E-05  2.342E-05  2.163E-05  1.922E-05  1.711E-05  1.523E-05  1.353E-05  1.192E-05  1.035E-05  8.911E-06  7.628E-06  6.503E-06  5.527E-06  4.506E-06  3.745E-06  2.996E-06  2.436E-06  1.908E-06  1.475E-06  1.126E-06  8.438E-07  6.139E-07  4.244E-07  2.707E-07  1.483E-07  6.495E-08  1.717E-08  2.764E-09  1.718E-10  5.412E-12  3.905E-14  3.945E-17  6.861E-21  8.559E-25  3.866E-28  6.138E-30  3.648E-32  3.723E-35  7.555E-40  0.000E+00  0.000E+00  0.000E+00  0.000E+00  0.000E+00  0.000E+00  0.000E+00  0.000E+00
  307.5000  1.291E-04  1.218E-04  1.147E-04  1.076E-04  1.013E-04  9.496E-05  8.894E-05  8.280E-05  7.586E-05  6.984E-05  6.460E-05  6.005E-05  5.611E-05  5.021E-05  4.645E-05  4.161E-05  3.835E-05  3.402E-05  3.027E-05  2.692E-05  2.389E-05  2.103E-05  1.826E-05  1.572E-05  1.346E-05  1.149E-05  9.768E-06  7.977E-06  6.635E-06  5.319E-06  4.332E-06  3.398E-06  2.632E-06  2.016E-06  1.518E-06  1.113E-06  7.825E-07  5.150E-07  2.997E-07  1.455E-07  4.649E-08  9.904E-09  9.628E-10  5.342E-11  8.627E-13  2.651E-15  1.846E-18  8.888E-22  9.708E-25  1.446E-26  6.469E-29  3.816E-32  4.794E-37  0.000E+00  0.000E+00  0.000E+00  0.000E+00  0.000E+00  0.000E+00  0.000E+00  0.000E+00
  308.5000  1.603E-04  1.510E-04  1.420E-04  1.334E-04  1.251E-04  1.172E-04  1.096E-04  1.019E-04  9.328E-05  8.578E-05  7.925E-05  7.359E-05  6.868E-05  6.141E-05  5.675E-05  5.079E-05  4.677E-05  4.147E-05  3.686E-05  3.277E-05  2.907E-05  2.558E-05  2.221E-05  1.912E-05  1.638E-05  1.397E-05  1.189E-05  9.716E-06  8.086E-06  6.488E-06  5.289E-06  4.151E-06  3.219E-06  2.469E-06  1.863E-06  1.371E-06  9.710E-07  6.479E-07  3.871E-07  1.962E-07  6.787E-08  1.622E-08  1.882E-09  1.296E-10  2.832E-12  1.322E-14  1.540E-17  1.217E-20  1.856E-23  2.783E-25  1.180E-27  6.226E-31  7.446E-36  1.401E-45  0.000E+00  0.000E+00  0.000E+00  0.000E+00  0.000E+00  0.000E+00  0.000E+00
  309.5000  1.718E-04  1.615E-04  1.515E-04  1.419E-04  1.328E-04  1.240E-04  1.157E-04  1.073E-04  9.799E-05  8.989E-05  8.285E-05  7.674E-05  7.145E-05  6.375E-05  5.879E-05  5.252E-05  4.827E-05  4.273E-05  3.793E-05  3.368E-05  2.985E-05  2.624E-05  2.278E-05  1.961E-05  1.679E-05  1.433E-05  1.220E-05  9.982E-06  8.314E-06  6.681E-06  5.455E-06  4.286E-06  3.330E-06  2.560E-06  1.938E-06  1.434E-06  1.026E-06  6.980E-07  4.332E-07  2.345E-07  9.169E-08  2.631E-08  4.088E-09  4.080E-10  1.514E-11  1.472E-13  4.268E-16  8.183E-19  2.230E-21  3.263E-23  1.181E-25  4.545E-29  4.203E-34  1.682E-44  0.000E+00  0.000E+00  0.000E+00  0.000E+00  0.000E+00  0.000E+00  0.000E+00
  310.5000  2.747E-04  2.575E-04  2.411E-04  2.254E-04  2.104E-04  1.961E-04  1.826E-04  1.690E-04  1.539E-04  1.409E-04  1.296E-04  1.198E-04  1.113E-04  9.910E-05  9.120E-05  8.133E-05  7.462E-05  6.596E-05  5.848E-05  5.187E-05  4.590E-05  4.033E-05  3.499E-05  3.010E-05  2.578E-05  2.200E-05  1.873E-05  1.535E-05  1.279E-05  1.029E-05  8.412E-06  6.618E-06  5.150E-06  3.966E-06  3.010E-06  2.236E-06  1.612E-06  1.113E-06  7.101E-07  4.033E-07  1.725E-07  5.656E-08  1.085E-08  1.410E-09  7.599E-11  1.242E-12  6.831E-15  2.429E-17  9.944E-20  1.449E-21  4.799E-24  1.542E-27  1.261E-32  5.942E-43  0.000E+00  0.000E+00  0.000E+00  0.000E+00  0.000E+00  0.000E+00  0.000E+00
  311.5000  3.958E-04  3.705E-04  3.463E-04  3.242E-04  3.012E-04  2.802E-04  2.605E-04  2.407E-04  2.189E-04  2.000E-04  1.836E-04  1.695E-04  1.572E-04  1.398E-04  1.285E-04  1.144E-04  1.048E-04  9.253E-05  8.194E-05  7.261E-05  6.422E-05  5.636E-05  4.887E-05  4.203E-05  3.599E-05  3.072E-05  2.615E-05  2.144E-05  1.788E-05  1.440E-05  1.178E-05  9.275E-06  7.228E-06  5.573E-06  4.236E-06  3.156E-06  2.286E-06  1.592E-06  1.034E-06  6.057E-07  2.745E-07  9.811E-08  2.157E-08  3.324E-09  2.286E-10  5.263E-12  4.428E-14  2.386E-16  1.293E-18  1.915E-20  6.151E-23  1.828E-26  1.459E-31  8.129E-42  0.000E+00  0.000E+00  0.000E+00  0.000E+00  0.000E+00  0.000E+00  0.000E+00
  312.5000  4.911E-04  4.579E-04  4.264E-04  3.965E-04  3.681E-04  3.413E-04  3.160E-04  2.909E-04  2.637E-04  2.401E-04  2.196E-04  2.019E-04  1.866E-04  1.654E-04  1.514E-04  1.344E-04  1.228E-04  1.081E-04  9.546E-05  8.438E-05  7.446E-05  6.524E-05  5.648E-05  4.852E-05  4.152E-05  3.542E-05  3.016E-05  2.475E-05  2.065E-05  1.666E-05  1.365E-05  1.077E-05  8.412E-06  6.503E-06  4.958E-06  3.711E-06  2.709E-06  1.915E-06  1.280E-06  7.885E-07  3.941E-07  1.636E-07  4.576E-08  9.569E-09  1.019E-09  4.320E-11  7.716E-13  8.591E-15  7.459E-17  1.089E-18  3.096E-21  7.219E-25  4.769E-30  2.867E-40  0.000E+00  0.000E+00  0.000E+00  0.000E+00  0.000E+00  0.000E+00  0.000E+00
  313.5000  5.930E-04  5.525E-04  5.140E-04  4.776E-04  4.430E-04  4.104E-04  3.797E-04  3.493E-04  3.155E-04  2.877E-04  2.630E-04  2.416E-04  2.231E-04  1.975E-04  1.807E-04  1.603E-04  1.462E-04  1.286E-04  1.135E-04  1.003E-04  8.843E-05  7.744E-05  6.701E-05  5.755E-05  4.923E-05  4.200E-05  3.575E-05  2.935E-05  2.450E-05  1.978E-05  1.621E-05  1.280E-05  1.000E-05  7.740E-06  5.908E-06  4.429E-06  3.241E-06  2.301E-06  1.552E-06  9.702E-07  4.985E-07  2.154E-07  6.398E-08  1.436E-08  1.687E-09  8.232E-11  1.744E-12  2.291E-14  2.246E-16  3.389E-18  9.968E-21  2.432E-24  1.775E-29  1.347E-39  0.000E+00  0.000E+00  0.000E+00  0.000E+00  0.000E+00  0.000E+00  0.000E+00
  314.5000  7.694E-04  7.139E-04  6.615E-04  6.121E-04  5.654E-04  5.215E-04  4.805E-04  4.402E-04  3.971E-04  3.597E-04  3.273E-04  2.994E-04  2.753E-04  2.428E-04  2.212E-04  1.954E-04  1.776E-04  1.556E-04  1.369E-04  1.205E-04  1.059E-04  9.254E-05  7.989E-05  6.848E-05  5.850E-05  4.985E-05  4.241E-05  3.484E-05  2.908E-05  2.352E-05  1.931E-05  1.527E-05  1.197E-05  9.286E-06  7.110E-06  5.351E-06  3.942E-06  2.830E-06  1.951E-06  1.268E-06  7.040E-07  3.430E-07  1.240E-07  3.584E-08  6.074E-09  4.983E-10  2.009E-11  4.924E-13  7.246E-15  1.089E-16  2.917E-19  5.853E-23  3.688E-28  3.060E-38  0.000E+00  0.000E+00  0.000E+00  0.000E+00  0.000E+00  0.000E+00  0.000E+00
  315.5000  8.346E-04  7.741E-04  7.169E-04  6.630E-04  6.122E-04  5.644E-04  5.198E-04  4.759E-04  4.291E-04  3.884E-04  3.533E-04  3.230E-04  2.969E-04  2.616E-04  2.382E-04  2.103E-04  1.910E-04  1.673E-04  1.470E-04  1.294E-04  1.137E-04  9.923E-05  8.563E-05  7.337E-05  6.265E-05  5.338E-05  4.540E-05  3.731E-05  3.115E-05  2.521E-05  2.070E-05  1.638E-05  1.285E-05  9.974E-06  7.643E-06  5.759E-06  4.250E-06  3.061E-06  2.122E-06  1.393E-06  7.871E-07  3.935E-07  1.476E-07  4.448E-08  7.975E-09  7.093E-10  3.150E-11  8.474E-13  1.344E-14  2.097E-16  5.907E-19  1.282E-22  9.206E-28  9.755E-38  0.000E+00  0.000E+00  0.000E+00  0.000E+00  0.000E+00  0.000E+00  0.000E+00
  316.5000  1.074E-03  9.930E-04  9.166E-04  8.448E-04  7.772E-04  7.140E-04  6.551E-04  5.975E-04  5.365E-04  4.839E-04  4.383E-04  3.991E-04  3.653E-04  3.206E-04  2.907E-04  2.556E-04  2.312E-04  2.017E-04  1.766E-04  1.548E-04  1.355E-04  1.179E-04  1.015E-04  8.672E-05  7.389E-05  6.285E-05  5.339E-05  4.387E-05  3.663E-05  2.967E-05  2.439E-05  1.934E-05  1.520E-05  1.184E-05  9.098E-06  6.880E-06  5.105E-06  3.708E-06  2.611E-06  1.761E-06  1.053E-06  5.747E-07  2.496E-07  9.106E-08  2.161E-08  2.861E-09  2.072E-10  8.932E-12  1.931E-13  3.029E-15  8.071E-18  1.549E-21  1.029E-26  1.230E-36  0.000E+00  0.000E+00  0.000E+00  0.000E+00  0.000E+00  0.000E+00  0.000E+00
  317.5000  1.519E-03  1.404E-03  1.296E-03  1.195E-03  1.100E-03  1.010E-03  9.270E-04  8.456E-04  7.594E-04  6.850E-04  6.207E-04  5.652E-04  5.175E-04  4.541E-04  4.119E-04  3.622E-04  3.277E-04  2.858E-04  2.503E-04  2.194E-04  1.921E-04  1.672E-04  1.439E-04  1.229E-04  1.048E-04  8.911E-05  7.571E-05  6.222E-05  5.194E-05  4.209E-05  3.461E-05  2.744E-05  2.158E-05  1.680E-05  1.292E-05  9.773E-06  7.255E-06  5.275E-06  3.721E-06  2.517E-06  1.511E-06  8.287E-07  3.616E-07  1.322E-07  3.141E-08  4.165E-09  3.019E-10  1.305E-11  2.876E-13  4.720E-15  1.355E-17  2.936E-21  2.313E-26  3.578E-36  0.000E+00  0.000E+00  0.000E+00  0.000E+00  0.000E+00  0.000E+00  0.000E+00
  318.5000  1.585E-03  1.463E-03  1.347E-03  1.239E-03  1.137E-03  1.041E-03  9.523E-04  8.657E-04  7.746E-04  6.960E-04  6.281E-04  5.697E-04  5.194E-04  4.538E-04  4.098E-04  3.587E-04  3.231E-04  2.805E-04  2.445E-04  2.134E-04  1.861E-04  1.613E-04  1.382E-04  1.177E-04  1.000E-04  8.484E-05  7.193E-05  5.906E-05  4.927E-05  3.995E-05  3.288E-05  2.612E-05  2.059E-05  1.608E-05  1.241E-05  9.422E-06  7.030E-06  5.150E-06  3.681E-06  2.548E-06  1.603E-06  9.474E-07  4.692E-07  2.030E-07  6.195E-08  1.176E-08  1.327E-09  8.797E-11  2.571E-12  4.255E-14  1.167E-16  2.273E-20  1.681E-25  2.938E-35  0.000E+00  0.000E+00  0.000E+00  0.000E+00  0.000E+00  0.000E+00  0.000E+00
  319.5000  2.053E-03  1.895E-03  1.745E-03  1.604E-03  1.472E-03  1.348E-03  1.232E-03  1.120E-03  1.001E-03  8.993E-04  8.111E-04  7.353E-04  6.701E-04  5.850E-04  5.279E-04  4.618E-04  4.156E-04  3.605E-04  3.140E-04  2.738E-04  2.385E-04  2.066E-04  1.769E-04  1.506E-04  1.278E-04  1.084E-04  9.184E-05  7.539E-05  6.288E-05  5.100E-05  4.197E-05  3.336E-05  2.632E-05  2.057E-05  1.588E-05  1.208E-05  9.024E-06  6.624E-06  4.752E-06  3.309E-06  2.105E-06  1.266E-06  6.436E-07  2.876E-07  9.187E-08  1.864E-08  2.279E-09  1.635E-10  5.105E-12  8.764E-14  2.526E-16  5.316E-20  4.447E-25  9.732E-35  0.000E+00  0.000E+00  0.000E+00  0.000E+00  0.000E+00  0.000E+00  0.000E+00
  320.5000  2.686E-03  2.478E-03  2.282E-03  2.097E-03  1.923E-03  1.760E-03  1.608E-03  1.460E-03  1.305E-03  1.171E-03  1.055E-03  9.557E-04  8.701E-04  7.587E-04  6.840E-04  5.975E-04  5.372E-04  4.654E-04  4.047E-04  3.525E-04  3.063E-04  2.654E-04  2.270E-04  1.929E-04  1.636E-04  1.386E-04  1.174E-04  9.631E-05  8.030E-05  6.512E-05  5.361E-05  4.263E-05  3.365E-05  2.633E-05  2.035E-05  1.549E-05  1.159E-05  8.525E-06  6.135E-06  4.295E-06  2.761E-06  1.688E-06  8.830E-07  4.104E-07  1.392E-07  3.075E-08  4.174E-09  3.326E-10  1.127E-11  2.006E-13  6.041E-16  1.352E-19  1.252E-24  3.371E-34  0.000E+00  0.000E+00  0.000E+00  0.000E+00  0.000E+00  0.000E+00  0.000E+00
  321.5000  3.180E-03  2.939E-03  2.709E-03  2.492E-03  2.286E-03  2.092E-03  1.911E-03  1.734E-03  1.547E-03  1.385E-03  1.246E-03  1.126E-03  1.023E-03  8.884E-04  7.983E-04  6.944E-04  6.219E-04  5.361E-04  4.640E-04  4.021E-04  3.485E-04  2.997E-04  2.549E-04  2.156E-04  1.819E-04  1.535E-04  1.295E-04  1.059E-04  8.814E-05  7.142E-05  5.878E-05  4.681E-05  3.704E-05  2.908E-05  2.257E-05  1.726E-05  1.299E-05  9.625E-06  7.007E-06  4.999E-06  3.335E-06  2.163E-06  1.254E-06  6.693E-07  2.803E-07  8.438E-08  1.678E-08  1.937E-09  8.401E-11  1.508E-12  4.377E-15  8.984E-19  7.973E-24  2.441E-33  0.000E+00  0.000E+00  0.000E+00  0.000E+00  0.000E+00  0.000E+00  0.000E+00
  322.5000  2.457E-03  2.267E-03  2.087E-03  1.918E-03  1.758E-03  1.609E-03  1.470E-03  1.334E-03  1.191E-03  1.068E-03  9.621E-04  8.708E-04  7.923E-04  6.902E-04  6.218E-04  5.426E-04  4.875E-04  4.218E-04  3.665E-04  3.189E-04  2.765E-04  2.396E-04  2.047E-04  1.738E-04  1.472E-04  1.246E-04  1.055E-04  8.650E-05  7.211E-05  5.848E-05  4.815E-05  3.831E-05  3.027E-05  2.370E-05  1.834E-05  1.398E-05  1.048E-05  7.725E-06  5.581E-06  3.932E-06  2.558E-06  1.591E-06  8.563E-07  4.124E-07  1.474E-07  3.520E-08  5.265E-09  4.642E-10  1.734E-11  3.337E-13  1.127E-15  3.003E-19  3.605E-24  1.508E-33  0.000E+00  0.000E+00  0.000E+00  0.000E+00  0.000E+00  0.000E+00  0.000E+00
  323.5000  3.876E-03  3.587E-03  3.312E-03  3.050E-03  2.801E-03  2.567E-03  2.347E-03  2.130E-03  1.900E-03  1.701E-03  1.530E-03  1.382E-03  1.255E-03  1.089E-03  9.777E-04  8.490E-04  7.594E-04  6.532E-04  5.640E-04  4.877E-04  4.210E-04  3.616E-04  3.067E-04  2.586E-04  2.176E-04  1.831E-04  1.541E-04  1.258E-04  1.045E-04  8.461E-05  6.961E-05  5.544E-05  4.392E-05  3.453E-05  2.686E-05  2.060E-05  1.555E-05  1.157E-05  8.465E-06  6.089E-06  4.127E-06  2.742E-06  1.659E-06  9.402E-07  4.326E-07  1.498E-07  3.555E-08  4.925E-09  2.476E-10  4.771E-12  1.514E-14  3.523E-18  3.840E-23  1.756E-32  0.000E+00  0.000E+00  0.000E+00  0.000E+00  0.000E+00  0.000E+00  0.000E+00
  324.5000  4.468E-03  4.135E-03  3.817E-03  3.515E-03  3.228E-03  2.957E-03  2.704E-03  2.454E-03  2.189E-03  1.960E-03  1.763E-03  1.593E-03  1.447E-03  1.255E-03  1.128E-03  9.794E-04  8.763E-04  7.540E-04  6.514E-04  5.634E-04  4.866E-04  4.182E-04  3.548E-04  2.992E-04  2.519E-04  2.120E-04  1.785E-04  1.458E-04  1.212E-04  9.810E-05  8.073E-05  6.430E-05  5.094E-05  4.005E-05  3.115E-05  2.389E-05  1.803E-05  1.341E-05  9.821E-06  7.067E-06  4.789E-06  3.182E-06  1.920E-06  1.083E-06  4.945E-07  1.692E-07  3.955E-08  5.415E-09  2.748E-10  5.523E-12  1.884E-14  4.924E-18  6.287E-23  3.629E-32  0.000E+00  0.000E+00  0.000E+00  0.000E+00  0.000E+00  0.000E+00  0.000E+00
  325.5000  4.709E-03  4.354E-03  4.016E-03  3.695E-03  3.391E-03  3.105E-03  2.836E-03  2.573E-03  2.295E-03  2.055E-03  1.847E-03  1.669E-03  1.515E-03  1.315E-03  1.181E-03  1.026E-03  9.186E-04  7.908E-04  6.835E-04  5.916E-04  5.111E-04  4.396E-04  3.733E-04  3.151E-04  2.655E-04  2.237E-04  1.885E-04  1.540E-04  1.280E-04  1.037E-04  8.535E-05  6.798E-05  5.385E-05  4.232E-05  3.289E-05  2.520E-05  1.901E-05  1.413E-05  1.033E-05  7.415E-06  5.004E-06  3.302E-06  1.969E-06  1.092E-06  4.850E-07  1.593E-07  3.546E-08  4.653E-09  2.337E-10  4.923E-12  1.823E-14  5.440E-18  8.232E-23  5.970E-32  0.000E+00  0.000E+00  0.000E+00  0.000E+00  0.000E+00  0.000E+00  0.000E+00
  326.5000  7.890E-03  7.331E-03  6.793E-03  6.279E-03  5.786E-03  5.319E-03  4.878E-03  4.439E-03  3.966E-03  3.558E-03  3.205E-03  2.902E-03  2.640E-03  2.289E-03  2.057E-03  1.785E-03  1.597E-03  1.371E-03  1.181E-03  1.019E-03  8.773E-04  7.513E-04  6.347E-04  5.327E-04  4.464E-04  3.741E-04  3.138E-04  2.551E-04  2.113E-04  1.706E-04  1.402E-04  1.116E-04  8.851E-05  6.974E-05  5.442E-05  4.190E-05  3.178E-05  2.378E-05  1.754E-05  1.276E-05  8.818E-06  6.044E-06  3.857E-06  2.358E-06  1.223E-06  5.083E-07  1.523E-07  2.686E-08  1.650E-09  3.519E-11  1.275E-13  3.585E-17  5.314E-22  4.369E-31  0.000E+00  0.000E+00  0.000E+00  0.000E+00  0.000E+00  0.000E+00  0.000E+00
  327.5000  6.587E-03  6.109E-03  5.650E-03  5.213E-03  4.796E-03  4.401E-03  4.029E-03  3.662E-03  3.268E-03  2.929E-03  2.636E-03  2.384E-03  2.166E-03  1.878E-03  1.687E-03  1.464E-03  1.309E-03  1.125E-03  9.701E-04  8.376E-04  7.190E-04  6.192E-04  5.239E-04  4.406E-04  3.699E-04  3.105E-04  2.609E-04  2.125E-04  1.763E-04  1.425E-04  1.172E-04  9.332E-05  7.399E-05  5.826E-05  4.541E-05  3.492E-05  2.644E-05  1.975E-05  1.453E-05  1.054E-05  7.238E-06  4.913E-06  3.078E-06  1.830E-06  9.071E-07  3.515E-07  9.636E-08  1.562E-08  9.241E-10  2.068E-11  8.210E-14  2.690E-17  4.827E-22  5.056E-31  0.000E+00  0.000E+00  0.000E+00  0.000E+00  0.000E+00  0.000E+00  0.000E+00
  328.5000  6.092E-03  5.649E-03  5.224E-03  4.818E-03  4.432E-03  4.066E-03  3.722E-03  3.382E-03  3.017E-03  2.703E-03  2.432E-03  2.199E-03  1.998E-03  1.731E-03  1.555E-03  1.348E-03  1.206E-03  1.035E-03  8.926E-04  7.704E-04  6.715E-04  5.691E-04  4.814E-04  4.047E-04  3.397E-04  2.850E-04  2.394E-04  1.950E-04  1.617E-04  1.307E-04  1.075E-04  8.556E-05  6.783E-05  5.342E-05  4.164E-05  3.202E-05  2.425E-05  1.811E-05  1.333E-05  9.666E-06  6.643E-06  4.511E-06  2.830E-06  1.686E-06  8.399E-07  3.285E-07  9.144E-08  1.517E-08  9.260E-10  2.157E-11  9.107E-14  3.269E-17  6.654E-22  8.479E-31  0.000E+00  0.000E+00  0.000E+00  0.000E+00  0.000E+00  0.000E+00  0.000E+00
  329.5000  1.022E-02  9.528E-03  8.855E-03  8.209E-03  7.587E-03  6.994E-03  6.432E-03  5.868E-03  5.251E-03  4.721E-03  4.262E-03  3.868E-03  3.527E-03  3.060E-03  2.755E-03  2.391E-03  2.142E-03  1.838E-03  1.583E-03  1.365E-03  1.175E-03  1.004E-03  8.465E-04  7.088E-04  5.924E-04  4.952E-04  4.144E-04  3.359E-04  2.777E-04  2.237E-04  1.837E-04  1.460E-04  1.158E-04  9.132E-05  7.139E-05  5.510E-05  4.192E-05  3.148E-05  2.333E-05  1.708E-05  1.192E-05  8.302E-06  5.443E-06  3.462E-06  1.918E-06  8.835E-07  3.034E-07  6.222E-08  4.408E-09  1.045E-10  4.401E-13  1.549E-16  3.209E-21  4.713E-30  0.000E+00  0.000E+00  0.000E+00  0.000E+00  0.000E+00  0.000E+00  0.000E+00
  330.5000  8.330E-03  7.744E-03  7.181E-03  6.641E-03  6.124E-03  5.632E-03  5.168E-03  4.705E-03  4.204E-03  3.772E-03  3.400E-03  3.079E-03  2.802E-03  2.429E-03  2.184E-03  1.894E-03  1.695E-03  1.455E-03  1.253E-03  1.080E-03  9.299E-04  7.958E-04  6.717E-04  5.632E-04  4.716E-04  3.948E-04  3.309E-04  2.687E-04  2.224E-04  1.795E-04  1.474E-04  1.173E-04  9.303E-05  7.334E-05  5.728E-05  4.415E-05  3.353E-05  2.513E-05  1.858E-05  1.356E-05  9.414E-06  6.498E-06  4.195E-06  2.605E-06  1.387E-06  6.008E-07  1.908E-07  3.633E-08  2.494E-09  6.193E-11  2.846E-13  1.156E-16  2.862E-21  5.271E-30  0.000E+00  0.000E+00  0.000E+00  0.000E+00  0.000E+00  0.000E+00  0.000E+00
  331.5000  8.047E-03  7.477E-03  6.929E-03  6.405E-03  5.902E-03  5.425E-03  4.975E-03  4.527E-03  4.044E-03  3.627E-03  3.267E-03  2.957E-03  2.690E-03  2.331E-03  2.095E-03  1.817E-03  1.625E-03  1.394E-03  1.201E-03  1.035E-03  8.922E-04  7.625E-04  6.436E-04  5.397E-04  4.519E-04  3.784E-04  3.172E-04  2.577E-04  2.133E-04  1.721E-04  1.414E-04  1.125E-04  8.923E-05  7.034E-05  5.492E-05  4.232E-05  3.214E-05  2.408E-05  1.779E-05  1.298E-05  9.002E-06  6.205E-06  3.994E-06  2.471E-06  1.308E-06  5.620E-07  1.769E-07  3.361E-08  2.339E-09  6.044E-11  2.964E-13  1.331E-16  3.770E-21  8.450E-30  0.000E+00  0.000E+00  0.000E+00  0.000E+00  0.000E+00  0.000E+00  0.000E+00
  332.5000  9.611E-03  8.968E-03  8.345E-03  7.745E-03  7.168E-03  6.616E-03  6.092E-03  5.564E-03  4.983E-03  4.483E-03  4.052E-03  3.681E-03  3.361E-03  2.917E-03  2.629E-03  2.282E-03  2.046E-03  1.755E-03  1.511E-03  1.303E-03  1.121E-03  9.582E-04  8.069E-04  6.748E-04  5.634E-04  4.704E-04  3.933E-04  3.182E-04  2.628E-04  2.114E-04  1.735E-04  1.378E-04  1.093E-04  8.621E-05  6.744E-05  5.212E-05  3.971E-05  2.987E-05  2.219E-05  1.629E-05  1.142E-05  8.002E-06  5.303E-06  3.428E-06  1.952E-06  9.403E-07  3.440E-07  7.628E-08  5.941E-09  1.569E-10  7.795E-13  3.527E-16  1.043E-20  2.712E-29  0.000E+00  0.000E+00  0.000E+00  0.000E+00  0.000E+00  0.000E+00  0.000E+00
  333.5000  8.304E-03  7.733E-03  7.182E-03  6.653E-03  6.144E-03  5.660E-03  5.201E-03  4.741E-03  4.240E-03  3.809E-03  3.437E-03  3.116E-03  2.840E-03  2.462E-03  2.215E-03  1.921E-03  1.720E-03  1.476E-03  1.270E-03  1.095E-03  9.420E-04  8.053E-04  6.786E-04  5.681E-04  4.748E-04  3.968E-04  3.320E-04  2.691E-04  2.224E-04  1.792E-04  1.471E-04  1.170E-04  9.273E-05  7.314E-05  5.718E-05  4.414E-05  3.359E-05  2.523E-05  1.871E-05  1.370E-05  9.568E-06  6.666E-06  4.372E-06  2.780E-06  1.541E-06  7.113E-07  2.465E-07  5.198E-08  3.980E-09  1.097E-10  5.891E-13  3.020E-16  1.046E-20  3.345E-29  0.000E+00  0.000E+00  0.000E+00  0.000E+00  0.000E+00  0.000E+00  0.000E+00
  334.5000  9.688E-03  9.030E-03  8.394E-03  7.783E-03  7.194E-03  6.633E-03  6.101E-03  5.566E-03  4.980E-03  4.477E-03  4.042E-03  3.668E-03  3.345E-03  2.901E-03  2.611E-03  2.265E-03  2.029E-03  1.740E-03  1.498E-03  1.291E-03  1.111E-03  9.487E-04  7.990E-04  6.683E-04  5.580E-04  4.660E-04  3.896E-04  3.154E-04  2.605E-04  2.097E-04  1.721E-04  1.367E-04  1.084E-04  8.552E-05  6.688E-05  5.167E-05  3.935E-05  2.959E-05  2.196E-05  1.611E-05  1.128E-05  7.886E-06  5.207E-06  3.347E-06  1.889E-06  8.978E-07  3.236E-07  7.140E-08  5.709E-09  1.626E-10  9.148E-13  5.022E-16  1.922E-20  7.309E-29  0.000E+00  0.000E+00  0.000E+00  0.000E+00  0.000E+00  0.000E+00  0.000E+00
  335.5000  1.081E-02  1.010E-02  9.405E-03  8.740E-03  8.098E-03  7.484E-03  6.900E-03  6.309E-03  5.655E-03  5.092E-03  4.607E-03  4.190E-03  3.830E-03  3.325E-03  3.000E-03  2.604E-03  2.337E-03  2.005E-03  1.727E-03  1.488E-03  1.281E-03  1.094E-03  9.205E-04  7.689E-04  6.412E-04  5.348E-04  4.467E-04  3.609E-04  2.977E-04  2.392E-04  1.962E-04  1.557E-04  1.234E-04  9.736E-05  7.621E-05  5.895E-05  4.498E-05  3.389E-05  2.522E-05  1.856E-05  1.306E-05  9.197E-06  6.150E-06  4.032E-06  2.351E-06  1.179E-06  4.565E-07  1.088E-07  9.267E-09  2.715E-10  1.580E-12  9.097E-16  3.774E-20  1.692E-28  0.000E+00  0.000E+00  0.000E+00  0.000E+00  0.000E+00  0.000E+00  0.000E+00
  336.5000  8.217E-03  7.671E-03  7.141E-03  6.631E-03  6.139E-03  5.669E-03  5.222E-03  4.771E-03  4.274E-03  3.846E-03  3.477E-03  3.160E-03  2.886E-03  2.504E-03  2.257E-03  1.959E-03  1.757E-03  1.507E-03  1.297E-03  1.118E-03  9.616E-04  8.213E-04  6.910E-04  5.773E-04  4.815E-04  4.017E-04  3.355E-04  2.712E-04  2.237E-04  1.798E-04  1.475E-04  1.171E-04  9.280E-05  7.322E-05  5.731E-05  4.432E-05  3.380E-05  2.546E-05  1.894E-05  1.393E-05  9.787E-06  6.884E-06  4.592E-06  2.997E-06  1.736E-06  8.615E-07  3.296E-07  7.796E-08  6.703E-09  2.038E-10  1.262E-12  7.994E-16  3.767E-20  2.030E-28  0.000E+00  0.000E+00  0.000E+00  0.000E+00  0.000E+00  0.000E+00  0.000E+00
  337.5000  8.438E-03  7.864E-03  7.309E-03  6.775E-03  6.262E-03  5.772E-03  5.308E-03  4.842E-03  4.332E-03  3.893E-03  3.514E-03  3.187E-03  2.906E-03  2.519E-03  2.268E-03  1.967E-03  1.761E-03  1.510E-03  1.299E-03  1.119E-03  9.625E-04  8.222E-04  6.921E-04  5.786E-04  4.829E-04  4.031E-04  3.369E-04  2.726E-04  2.251E-04  1.811E-04  1.486E-04  1.180E-04  9.357E-05  7.382E-05  5.775E-05  4.462E-05  3.400E-05  2.558E-05  1.900E-05  1.395E-05  9.774E-06  6.845E-06  4.532E-06  2.923E-06  1.660E-06  7.985E-07  2.935E-07  6.697E-08  5.706E-09  1.805E-10  1.198E-12  8.485E-16  4.608E-20  3.007E-28  0.000E+00  0.000E+00  0.000E+00  0.000E+00  0.000E+00  0.000E+00  0.000E+00
  338.5000  9.855E-03  9.206E-03  8.577E-03  7.971E-03  7.385E-03  6.825E-03  6.292E-03  5.752E-03  5.155E-03  4.642E-03  4.199E-03  3.819E-03  3.491E-03  3.029E-03  2.732E-03  2.372E-03  2.128E-03  1.825E-03  1.571E-03  1.354E-03  1.165E-03  9.942E-04  8.361E-04  6.980E-04  5.817E-04  4.849E-04  4.047E-04  3.268E-04  2.694E-04  2.163E-04  1.773E-04  1.407E-04  1.115E-04  8.797E-05  6.887E-05  5.329E-05  4.067E-05  3.066E-05  2.284E-05  1.682E-05  1.184E-05  8.357E-06  5.604E-06  3.689E-06  2.168E-06  1.103E-06  4.374E-07  1.084E-07  9.868E-09  3.205E-10  2.193E-12  1.617E-15  9.429E-20  7.161E-28  0.000E+00  0.000E+00  0.000E+00  0.000E+00  0.000E+00  0.000E+00  0.000E+00
  339.5000  1.087E-02  1.015E-02  9.465E-03  8.797E-03  8.153E-03  7.536E-03  6.950E-03  6.356E-03  5.698E-03  5.131E-03  4.643E-03  4.223E-03  3.862E-03  3.351E-03  3.024E-03  2.625E-03  2.355E-03  2.020E-03  1.739E-03  1.498E-03  1.288E-03  1.100E-03  9.248E-04  7.718E-04  6.430E-04  5.357E-04  4.470E-04  3.607E-04  2.973E-04  2.386E-04  1.956E-04  1.551E-04  1.229E-04  9.696E-05  7.592E-05  5.876E-05  4.486E-05  3.384E-05  2.521E-05  1.858E-05  1.310E-05  9.250E-06  6.216E-06  4.106E-06  2.429E-06  1.249E-06  5.033E-07  1.274E-07  1.192E-08  4.001E-10  2.877E-12  2.286E-15  1.480E-19  1.328E-27  0.000E+00  0.000E+00  0.000E+00  0.000E+00  0.000E+00  0.000E+00  0.000E+00
  340.5000  1.120E-02  1.045E-02  9.733E-03  9.038E-03  8.368E-03  7.727E-03  7.118E-03  6.503E-03  5.825E-03  5.241E-03  4.738E-03  4.305E-03  3.932E-03  3.410E-03  3.074E-03  2.667E-03  2.391E-03  2.050E-03  1.764E-03  1.519E-03  1.307E-03  1.115E-03  9.373E-04  7.824E-04  6.521E-04  5.435E-04  4.536E-04  3.662E-04  3.020E-04  2.425E-04  1.988E-04  1.577E-04  1.250E-04  9.860E-05  7.718E-05  5.972E-05  4.557E-05  3.435E-05  2.558E-05  1.883E-05  1.326E-05  9.346E-06  6.259E-06  4.111E-06  2.410E-06  1.221E-06  4.827E-07  1.204E-07  1.130E-08  3.929E-10  3.001E-12  2.622E-15  1.923E-19  2.060E-27  0.000E+00  0.000E+00  0.000E+00  0.000E+00  0.000E+00  0.000E+00  0.000E+00
  341.5000  1.049E-02  9.803E-03  9.139E-03  8.498E-03  7.879E-03  7.286E-03  6.721E-03  6.148E-03  5.513E-03  4.966E-03  4.495E-03  4.090E-03  3.740E-03  3.246E-03  2.930E-03  2.543E-03  2.283E-03  1.958E-03  1.685E-03  1.452E-03  1.249E-03  1.066E-03  8.955E-04  7.469E-04  6.220E-04  5.180E-04  4.321E-04  3.484E-04  2.870E-04  2.303E-04  1.886E-04  1.496E-04  1.184E-04  9.346E-05  7.319E-05  5.667E-05  4.329E-05  3.267E-05  2.436E-05  1.797E-05  1.268E-05  8.972E-06  6.047E-06  4.012E-06  2.393E-06  1.248E-06  5.138E-07  1.342E-07  1.315E-08  4.704E-10  3.738E-12  3.458E-15  2.766E-19  3.462E-27  0.000E+00  0.000E+00  0.000E+00  0.000E+00  0.000E+00  0.000E+00  0.000E+00
  342.5000  1.174E-02  1.097E-02  1.023E-02  9.517E-03  8.826E-03  8.163E-03  7.532E-03  6.892E-03  6.180E-03  5.568E-03  5.040E-03  4.587E-03  4.196E-03  3.642E-03  3.287E-03  2.854E-03  2.562E-03  2.197E-03  1.891E-03  1.629E-03  1.401E-03  1.196E-03  1.004E-03  8.375E-04  6.972E-04  5.805E-04  4.840E-04  3.901E-04  3.213E-04  2.577E-04  2.111E-04  1.673E-04  1.325E-04  1.045E-04  8.185E-05  6.338E-05  4.843E-05  3.656E-05  2.727E-05  2.013E-05  1.421E-05  1.007E-05  6.795E-06  4.520E-06  2.708E-06  1.424E-06  5.939E-07  1.578E-07  1.585E-08  5.851E-10  4.879E-12  4.855E-15  4.298E-19  6.317E-27  0.000E+00  0.000E+00  0.000E+00  0.000E+00  0.000E+00  0.000E+00  0.000E+00
  343.5000  1.198E-02  1.119E-02  1.043E-02  9.698E-03  8.989E-03  8.309E-03  7.662E-03  7.007E-03  6.280E-03  5.655E-03  5.116E-03  4.653E-03  4.254E-03  3.691E-03  3.329E-03  2.889E-03  2.592E-03  2.222E-03  1.912E-03  1.646E-03  1.415E-03  1.208E-03  1.015E-03  8.462E-04  7.044E-04  5.865E-04  4.890E-04  3.942E-04  3.247E-04  2.604E-04  2.133E-04  1.691E-04  1.339E-04  1.056E-04  8.273E-05  6.405E-05  4.893E-05  3.693E-05  2.754E-05  2.032E-05  1.434E-05  1.015E-05  6.843E-06  4.543E-06  2.713E-06  1.419E-06  5.887E-07  1.563E-07  1.589E-08  6.061E-10  5.333E-12  5.766E-15  5.704E-19  9.880E-27  0.000E+00  0.000E+00  0.000E+00  0.000E+00  0.000E+00  0.000E+00  0.000E+00
  344.5000  8.232E-03  7.689E-03  7.162E-03  6.654E-03  6.164E-03  5.694E-03  5.248E-03  4.796E-03  4.297E-03  3.867E-03  3.496E-03  3.178E-03  2.903E-03  2.518E-03  2.270E-03  1.969E-03  1.766E-03  1.513E-03  1.302E-03  1.120E-03  9.634E-04  8.217E-04  6.902E-04  5.756E-04  4.792E-04  3.990E-04  3.327E-04  2.683E-04  2.210E-04  1.773E-04  1.452E-04  1.151E-04  9.118E-05  7.193E-05  5.633E-05  4.360E-05  3.330E-05  2.513E-05  1.873E-05  1.382E-05  9.746E-06  6.892E-06  4.639E-06  3.072E-06  1.828E-06  9.501E-07  3.913E-07  1.035E-07  1.063E-08  4.191E-10  3.889E-12  4.569E-15  5.049E-19  1.030E-26  0.000E+00  0.000E+00  0.000E+00  0.000E+00  0.000E+00  0.000E+00  0.000E+00
  345.5000  1.189E-02  1.112E-02  1.037E-02  9.647E-03  8.948E-03  8.278E-03  7.640E-03  6.993E-03  6.271E-03  5.651E-03  5.116E-03  4.657E-03  4.261E-03  3.698E-03  3.338E-03  2.898E-03  2.602E-03  2.231E-03  1.920E-03  1.653E-03  1.420E-03  1.213E-03  1.018E-03  8.486E-04  7.060E-04  5.874E-04  4.894E-04  3.941E-04  3.244E-04  2.599E-04  2.128E-04  1.686E-04  1.334E-04  1.053E-04  8.245E-05  6.387E-05  4.882E-05  3.688E-05  2.754E-05  2.035E-05  1.438E-05  1.021E-05  6.913E-06  4.621E-06  2.794E-06  1.493E-06  6.388E-07  1.767E-07  1.890E-08  7.650E-10  7.367E-12  9.127E-15  1.094E-18  2.576E-26  0.000E+00  0.000E+00  0.000E+00  0.000E+00  0.000E+00  0.000E+00  0.000E+00
  346.5000  1.078E-02  1.007E-02  9.386E-03  8.724E-03  8.085E-03  7.473E-03  6.890E-03  6.300E-03  5.645E-03  5.082E-03  4.597E-03  4.180E-03  3.820E-03  3.313E-03  2.988E-03  2.592E-03  2.325E-03  1.993E-03  1.714E-03  1.475E-03  1.268E-03  1.082E-03  9.082E-04  7.569E-04  6.298E-04  5.241E-04  4.368E-04  3.519E-04  2.897E-04  2.322E-04  1.902E-04  1.507E-04  1.193E-04  9.412E-05  7.371E-05  5.708E-05  4.362E-05  3.293E-05  2.457E-05  1.814E-05  1.281E-05  9.079E-06  6.132E-06  4.081E-06  2.450E-06  1.294E-06  5.463E-07  1.496E-07  1.610E-08  6.731E-10  6.843E-12  9.229E-15  1.237E-18  3.430E-26  0.000E+00  0.000E+00  0.000E+00  0.000E+00  0.000E+00  0.000E+00  0.000E+00
  347.5000  1.058E-02  9.884E-03  9.211E-03  8.562E-03  7.935E-03  7.335E-03  6.763E-03  6.184E-03  5.542E-03  4.989E-03  4.513E-03  4.103E-03  3.750E-03  3.252E-03  2.933E-03  2.544E-03  2.282E-03  1.956E-03  1.682E-03  1.448E-03  1.244E-03  1.061E-03  8.907E-04  7.422E-04  6.174E-04  5.136E-04  4.280E-04  3.447E-04  2.837E-04  2.274E-04  1.862E-04  1.475E-04  1.168E-04  9.210E-05  7.213E-05  5.586E-05  4.269E-05  3.224E-05  2.406E-05  1.777E-05  1.256E-05  8.902E-06  6.018E-06  4.011E-06  2.415E-06  1.282E-06  5.457E-07  1.513E-07  1.662E-08  7.158E-10  7.619E-12  1.102E-14  1.625E-18  5.242E-26  0.000E+00  0.000E+00  0.000E+00  0.000E+00  0.000E+00  0.000E+00  0.000E+00
  348.5000  1.176E-02  1.100E-02  1.025E-02  9.531E-03  8.836E-03  8.169E-03  7.535E-03  6.891E-03  6.177E-03  5.562E-03  5.032E-03  4.577E-03  4.184E-03  3.629E-03  3.274E-03  2.840E-03  2.548E-03  2.183E-03  1.878E-03  1.616E-03  1.390E-03  1.184E-03  9.939E-04  8.279E-04  6.885E-04  5.726E-04  4.770E-04  3.840E-04  3.159E-04  2.531E-04  2.072E-04  1.641E-04  1.299E-04  1.024E-04  8.024E-05  6.215E-05  4.751E-05  3.590E-05  2.680E-05  1.981E-05  1.400E-05  9.936E-06  6.728E-06  4.497E-06  2.720E-06  1.457E-06  6.279E-07  1.772E-07  1.991E-08  8.825E-10  9.812E-12  1.516E-14  2.451E-18  9.157E-26  0.000E+00  0.000E+00  0.000E+00  0.000E+00  0.000E+00  0.000E+00  0.000E+00
  349.5000  9.848E-03  9.205E-03  8.580E-03  7.977E-03  7.395E-03  6.836E-03  6.305E-03  5.766E-03  5.167E-03  4.652E-03  4.209E-03  3.827E-03  3.499E-03  3.034E-03  2.736E-03  2.373E-03  2.129E-03  1.824E-03  1.568E-03  1.350E-03  1.160E-03  9.887E-04  8.297E-04  6.910E-04  5.745E-04  4.777E-04  3.979E-04  3.203E-04  2.635E-04  2.110E-04  1.727E-04  1.368E-04  1.082E-04  8.537E-05  6.687E-05  5.180E-05  3.960E-05  2.992E-05  2.234E-05  1.651E-05  1.168E-05  8.288E-06  5.614E-06  3.755E-06  2.274E-06  1.221E-06  5.288E-07  1.506E-07  1.722E-08  7.858E-10  9.146E-12  1.515E-14  2.695E-18  1.167E-25  0.000E+00  0.000E+00  0.000E+00  0.000E+00  0.000E+00  0.000E+00  0.000E+00
  350.5000  1.383E-02  1.293E-02  1.205E-02  1.121E-02  1.039E-02  9.603E-03  8.857E-03  8.100E-03  7.259E-03  6.536E-03  5.912E-03  5.376E-03  4.915E-03  4.261E-03  3.844E-03  3.333E-03  2.990E-03  2.562E-03  2.202E-03  1.895E-03  1.628E-03  1.388E-03  1.164E-03  9.696E-04  8.059E-04  6.700E-04  5.579E-04  4.489E-04  3.692E-04  2.957E-04  2.419E-04  1.916E-04  1.516E-04  1.196E-04  9.364E-05  7.254E-05  5.547E-05  4.192E-05  3.131E-05  2.314E-05  1.637E-05  1.162E-05  7.881E-06  5.277E-06  3.204E-06  1.727E-06  7.536E-07  2.171E-07  2.531E-08  1.188E-09  1.445E-11  2.560E-14  4.994E-18  2.498E-25  0.000E+00  0.000E+00  0.000E+00  0.000E+00  0.000E+00  0.000E+00  0.000E+00
  351.5000  1.188E-02  1.110E-02  1.034E-02  9.617E-03  8.913E-03  8.239E-03  7.597E-03  6.946E-03  6.224E-03  5.603E-03  5.067E-03  4.607E-03  4.210E-03  3.650E-03  3.291E-03  2.854E-03  2.559E-03  2.192E-03  1.884E-03  1.621E-03  1.393E-03  1.187E-03  9.955E-04  8.288E-04  6.888E-04  5.725E-04  4.766E-04  3.835E-04  3.154E-04  2.525E-04  2.066E-04  1.636E-04  1.294E-04  1.021E-04  7.995E-05  6.193E-05  4.736E-05  3.579E-05  2.673E-05  1.976E-05  1.398E-05  9.927E-06  6.731E-06  4.508E-06  2.739E-06  1.478E-06  6.468E-07  1.876E-07  2.223E-08  1.074E-09  1.366E-11  2.592E-14  5.553E-18  3.207E-25  0.000E+00  0.000E+00  0.000E+00  0.000E+00  0.000E+00  0.000E+00  0.000E+00
  352.5000  1.076E-02  1.005E-02  9.371E-03  8.712E-03  8.075E-03  7.464E-03  6.883E-03  6.294E-03  5.640E-03  5.077E-03  4.592E-03  4.175E-03  3.816E-03  3.307E-03  2.982E-03  2.586E-03  2.319E-03  1.986E-03  1.707E-03  1.469E-03  1.261E-03  1.075E-03  9.014E-04  7.503E-04  6.234E-04  5.181E-04  4.312E-04  3.468E-04  2.851E-04  2.283E-04  1.867E-04  1.478E-04  1.169E-04  9.221E-05  7.223E-05  5.595E-05  4.279E-05  3.235E-05  2.417E-05  1.787E-05  1.265E-05  8.985E-06  6.097E-06  4.089E-06  2.491E-06  1.351E-06  5.956E-07  1.748E-07  2.111E-08  1.048E-09  1.392E-11  2.817E-14  6.597E-18  4.384E-25  0.000E+00  0.000E+00  0.000E+00  0.000E+00  0.000E+00  0.000E+00  0.000E+00
  353.5000  1.303E-02  1.218E-02  1.136E-02  1.056E-02  9.788E-03  9.049E-03  8.345E-03  7.632E-03  6.840E-03  6.157E-03  5.569E-03  5.064E-03  4.629E-03  4.012E-03  3.618E-03  3.137E-03  2.814E-03  2.410E-03  2.071E-03  1.781E-03  1.530E-03  1.304E-03  1.093E-03  9.095E-04  7.555E-04  6.277E-04  5.223E-04  4.200E-04  3.452E-04  2.762E-04  2.259E-04  1.788E-04  1.414E-04  1.115E-04  8.735E-05  6.768E-05  5.177E-05  3.914E-05  2.925E-05  2.164E-05  1.532E-05  1.089E-05  7.398E-06  4.970E-06  3.036E-06  1.656E-06  7.365E-07  2.190E-07  2.697E-08  1.375E-09  1.904E-11  4.105E-14  1.049E-17  8.001E-25  0.000E+00  0.000E+00  0.000E+00  0.000E+00  0.000E+00  0.000E+00  0.000E+00
  354.5000  1.418E-02  1.326E-02  1.236E-02  1.149E-02  1.066E-02  9.852E-03  9.087E-03  8.311E-03  7.448E-03  6.706E-03  6.065E-03  5.515E-03  5.042E-03  4.370E-03  3.941E-03  3.417E-03  3.065E-03  2.625E-03  2.256E-03  1.940E-03  1.666E-03  1.419E-03  1.190E-03  9.898E-04  8.220E-04  6.828E-04  5.680E-04  4.566E-04  3.752E-04  3.002E-04  2.454E-04  1.942E-04  1.536E-04  1.211E-04  9.485E-05  7.350E-05  5.622E-05  4.252E-05  3.178E-05  2.352E-05  1.666E-05  1.185E-05  8.056E-06  5.420E-06  3.321E-06  1.820E-06  8.161E-07  2.457E-07  3.084E-08  1.615E-09  2.329E-11  5.346E-14  1.489E-17  1.301E-24  0.000E+00  0.000E+00  0.000E+00  0.000E+00  0.000E+00  0.000E+00  0.000E+00
  355.5000  1.326E-02  1.240E-02  1.156E-02  1.075E-02  9.967E-03  9.215E-03  8.499E-03  7.773E-03  6.966E-03  6.271E-03  5.672E-03  5.157E-03  4.714E-03  4.085E-03  3.684E-03  3.193E-03  2.864E-03  2.453E-03  2.107E-03  1.812E-03  1.557E-03  1.325E-03  1.111E-03  9.240E-04  7.672E-04  6.371E-04  5.299E-04  4.259E-04  3.499E-04  2.799E-04  2.288E-04  1.810E-04  1.431E-04  1.129E-04  8.839E-05  6.849E-05  5.240E-05  3.963E-05  2.963E-05  2.193E-05  1.554E-05  1.105E-05  7.520E-06  5.064E-06  3.107E-06  1.708E-06  7.702E-07  2.341E-07  2.988E-08  1.607E-09  2.416E-11  5.907E-14  1.794E-17  1.794E-24  0.000E+00  0.000E+00  0.000E+00  0.000E+00  0.000E+00  0.000E+00  0.000E+00
  356.5000  1.231E-02  1.151E-02  1.073E-02  9.977E-03  9.249E-03  8.551E-03  7.886E-03  7.212E-03  6.463E-03  5.817E-03  5.261E-03  4.783E-03  4.371E-03  3.788E-03  3.416E-03  2.960E-03  2.655E-03  2.273E-03  1.953E-03  1.679E-03  1.442E-03  1.228E-03  1.029E-03  8.555E-04  7.102E-04  5.897E-04  4.904E-04  3.940E-04  3.236E-04  2.588E-04  2.115E-04  1.673E-04  1.323E-04  1.043E-04  8.170E-05  6.331E-05  4.844E-05  3.664E-05  2.740E-05  2.028E-05  1.437E-05  1.023E-05  6.961E-06  4.690E-06  2.882E-06  1.589E-06  7.197E-07  2.207E-07  2.863E-08  1.581E-09  2.477E-11  6.446E-14  2.132E-17  2.437E-24  0.000E+00  0.000E+00  0.000E+00  0.000E+00  0.000E+00  0.000E+00  0.000E+00
  357.5000  1.046E-02  9.780E-03  9.118E-03  8.478E-03  7.859E-03  7.265E-03  6.699E-03  6.126E-03  5.489E-03  4.941E-03  4.468E-03  4.061E-03  3.711E-03  3.216E-03  2.899E-03  2.512E-03  2.253E-03  1.928E-03  1.656E-03  1.424E-03  1.223E-03  1.041E-03  8.721E-04  7.251E-04  6.018E-04  4.996E-04  4.154E-04  3.336E-04  2.740E-04  2.191E-04  1.791E-04  1.416E-04  1.120E-04  8.827E-05  6.913E-05  5.357E-05  4.099E-05  3.101E-05  2.319E-05  1.717E-05  1.217E-05  8.661E-06  5.897E-06  3.975E-06  2.446E-06  1.351E-06  6.149E-07  1.901E-07  2.506E-08  1.420E-09  2.317E-11  6.417E-14  2.309E-17  3.012E-24  0.000E+00  0.000E+00  0.000E+00  0.000E+00  0.000E+00  0.000E+00  0.000E+00
  358.5000  8.097E-03  7.570E-03  7.057E-03  6.562E-03  6.083E-03  5.624E-03  5.186E-03  4.743E-03  4.250E-03  3.825E-03  3.459E-03  3.144E-03  2.873E-03  2.489E-03  2.244E-03  1.944E-03  1.744E-03  1.492E-03  1.282E-03  1.102E-03  9.452E-04  8.053E-04  6.745E-04  5.607E-04  4.652E-04  3.861E-04  3.209E-04  2.577E-04  2.116E-04  1.692E-04  1.382E-04  1.093E-04  8.640E-05  6.811E-05  5.335E-05  4.134E-05  3.164E-05  2.394E-05  1.790E-05  1.326E-05  9.400E-06  6.693E-06  4.560E-06  3.077E-06  1.897E-06  1.052E-06  4.818E-07  1.505E-07  2.018E-08  1.173E-09  1.990E-11  5.851E-14  2.286E-17  3.392E-24  0.000E+00  0.000E+00  0.000E+00  0.000E+00  0.000E+00  0.000E+00  0.000E+00
  359.5000  1.363E-02  1.275E-02  1.188E-02  1.105E-02  1.024E-02  9.468E-03  8.731E-03  7.983E-03  7.153E-03  6.438E-03  5.821E-03  5.290E-03  4.834E-03  4.188E-03  3.775E-03  3.271E-03  2.932E-03  2.509E-03  2.155E-03  1.852E-03  1.589E-03  1.353E-03  1.133E-03  9.419E-04  7.814E-04  6.484E-04  5.388E-04  4.326E-04  3.551E-04  2.838E-04  2.319E-04  1.833E-04  1.449E-04  1.142E-04  8.946E-05  6.933E-05  5.306E-05  4.015E-05  3.004E-05  2.224E-05  1.577E-05  1.124E-05  7.658E-06  5.171E-06  3.193E-06  1.775E-06  8.169E-07  2.573E-07  3.506E-08  2.089E-09  3.689E-11  1.151E-13  4.881E-17  8.231E-24  0.000E+00  0.000E+00  0.000E+00  0.000E+00  0.000E+00  0.000E+00  0.000E+00
  360.5000  1.265E-02  1.182E-02  1.102E-02  1.025E-02  9.500E-03  8.782E-03  8.098E-03  7.404E-03  6.634E-03  5.970E-03  5.397E-03  4.905E-03  4.482E-03  3.882E-03  3.499E-03  3.031E-03  2.718E-03  2.325E-03  1.997E-03  1.716E-03  1.472E-03  1.253E-03  1.049E-03  8.719E-04  7.232E-04  5.999E-04  4.985E-04  4.001E-04  3.284E-04  2.624E-04  2.144E-04  1.695E-04  1.339E-04  1.056E-04  8.267E-05  6.407E-05  4.903E-05  3.711E-05  2.776E-05  2.057E-05  1.459E-05  1.039E-05  7.086E-06  4.789E-06  2.961E-06  1.651E-06  7.634E-07  2.425E-07  3.358E-08  2.051E-09  3.764E-11  1.246E-13  5.726E-17  1.095E-23  0.000E+00  0.000E+00  0.000E+00  0.000E+00  0.000E+00  0.000E+00  0.000E+00
  361.5000  1.143E-02  1.068E-02  9.958E-03  9.260E-03  8.584E-03  7.935E-03  7.317E-03  6.691E-03  5.995E-03  5.394E-03  4.877E-03  4.432E-03  4.050E-03  3.507E-03  3.161E-03  2.738E-03  2.455E-03  2.100E-03  1.803E-03  1.549E-03  1.331E-03  1.131E-03  9.470E-04  7.867E-04  6.523E-04  5.411E-04  4.495E-04  3.607E-04  2.960E-04  2.365E-04  1.931E-04  1.526E-04  1.206E-04  9.505E-05  7.444E-05  5.770E-05  4.416E-05  3.342E-05  2.501E-05  1.853E-05  1.315E-05  9.370E-06  6.393E-06  4.325E-06  2.679E-06  1.498E-06  6.967E-07  2.234E-07  3.144E-08  1.967E-09  3.750E-11  1.315E-13  6.538E-17  1.416E-23  0.000E+00  0.000E+00  0.000E+00  0.000E+00  0.000E+00  0.000E+00  0.000E+00
  362.5000  1.344E-02  1.256E-02  1.171E-02  1.089E-02  1.009E-02  9.331E-03  8.604E-03  7.868E-03  7.049E-03  6.343E-03  5.734E-03  5.211E-03  4.761E-03  4.123E-03  3.716E-03  3.218E-03  2.885E-03  2.468E-03  2.118E-03  1.820E-03  1.561E-03  1.329E-03  1.112E-03  9.236E-04  7.657E-04  6.349E-04  5.274E-04  4.231E-04  3.471E-04  2.772E-04  2.264E-04  1.789E-04  1.413E-04  1.114E-04  8.723E-05  6.761E-05  5.175E-05  3.918E-05  2.932E-05  2.173E-05  1.542E-05  1.099E-05  7.503E-06  5.079E-06  3.151E-06  1.768E-06  8.262E-07  2.673E-07  3.820E-08  2.449E-09  4.847E-11  1.799E-13  9.669E-17  2.367E-23  0.000E+00  0.000E+00  0.000E+00  0.000E+00  0.000E+00  0.000E+00  0.000E+00
  363.5000  1.196E-02  1.119E-02  1.043E-02  9.695E-03  8.987E-03  8.307E-03  7.660E-03  7.003E-03  6.274E-03  5.646E-03  5.103E-03  4.637E-03  4.236E-03  3.668E-03  3.306E-03  2.863E-03  2.566E-03  2.194E-03  1.884E-03  1.618E-03  1.388E-03  1.181E-03  9.882E-04  8.205E-04  6.801E-04  5.639E-04  4.683E-04  3.756E-04  3.081E-04  2.460E-04  2.009E-04  1.587E-04  1.254E-04  9.878E-05  7.736E-05  5.996E-05  4.590E-05  3.475E-05  2.601E-05  1.928E-05  1.368E-05  9.758E-06  6.664E-06  4.514E-06  2.804E-06  1.577E-06  7.407E-07  2.416E-07  3.506E-08  2.302E-09  4.728E-11  1.856E-13  1.078E-16  2.978E-23  0.000E+00  0.000E+00  0.000E+00  0.000E+00  0.000E+00  0.000E+00  0.000E+00
  364.5000  1.305E-02  1.220E-02  1.138E-02  1.058E-02  9.802E-03  9.060E-03  8.354E-03  7.637E-03  6.842E-03  6.156E-03  5.564E-03  5.055E-03  4.618E-03  3.998E-03  3.602E-03  3.119E-03  2.795E-03  2.390E-03  2.051E-03  1.762E-03  1.511E-03  1.286E-03  1.076E-03  8.929E-04  7.400E-04  6.134E-04  5.093E-04  4.084E-04  3.349E-04  2.674E-04  2.183E-04  1.724E-04  1.362E-04  1.073E-04  8.404E-05  6.514E-05  4.987E-05  3.775E-05  2.827E-05  2.095E-05  1.487E-05  1.061E-05  7.247E-06  4.912E-06  3.055E-06  1.723E-06  8.122E-07  2.670E-07  3.932E-08  2.643E-09  5.631E-11  2.338E-13  1.465E-16  4.563E-23  0.000E+00  0.000E+00  0.000E+00  0.000E+00  0.000E+00  0.000E+00  0.000E+00
  365.5000  1.590E-02  1.486E-02  1.385E-02  1.288E-02  1.194E-02  1.103E-02  1.017E-02  9.299E-03  8.330E-03  7.494E-03  6.772E-03  6.152E-03  5.619E-03  4.864E-03  4.382E-03  3.794E-03  3.400E-03  2.907E-03  2.494E-03  2.142E-03  1.836E-03  1.562E-03  1.307E-03  1.085E-03  8.988E-04  7.449E-04  6.183E-04  4.957E-04  4.065E-04  3.245E-04  2.648E-04  2.091E-04  1.652E-04  1.301E-04  1.019E-04  7.899E-05  6.048E-05  4.579E-05  3.429E-05  2.542E-05  1.805E-05  1.288E-05  8.799E-06  5.967E-06  3.715E-06  2.099E-06  9.936E-07  3.290E-07  4.915E-08  3.382E-09  7.472E-11  3.279E-13  2.215E-16  7.764E-23  0.000E+00  0.000E+00  0.000E+00  0.000E+00  0.000E+00  0.000E+00  0.000E+00
  366.5000  1.685E-02  1.575E-02  1.469E-02  1.365E-02  1.265E-02  1.169E-02  1.078E-02  9.854E-03  8.827E-03  7.941E-03  7.176E-03  6.518E-03  5.953E-03  5.153E-03  4.642E-03  4.018E-03  3.600E-03  3.078E-03  2.641E-03  2.268E-03  1.945E-03  1.653E-03  1.383E-03  1.147E-03  9.506E-04  7.876E-04  6.536E-04  5.239E-04  4.295E-04  3.428E-04  2.797E-04  2.209E-04  1.744E-04  1.374E-04  1.076E-04  8.340E-05  6.386E-05  4.836E-05  3.621E-05  2.685E-05  1.907E-05  1.361E-05  9.304E-06  6.314E-06  3.937E-06  2.230E-06  1.061E-06  3.542E-07  5.370E-08  3.779E-09  8.653E-11  4.007E-13  2.914E-16  1.147E-22  0.000E+00  0.000E+00  0.000E+00  0.000E+00  0.000E+00  0.000E+00  0.000E+00
  367.5000  1.602E-02  1.497E-02  1.396E-02  1.298E-02  1.203E-02  1.112E-02  1.025E-02  9.368E-03  8.391E-03  7.549E-03  6.821E-03  6.196E-03  5.658E-03  4.897E-03  4.411E-03  3.818E-03  3.420E-03  2.924E-03  2.508E-03  2.153E-03  1.844E-03  1.570E-03  1.313E-03  1.089E-03  9.020E-04  7.472E-04  6.200E-04  4.968E-04  4.072E-04  3.249E-04  2.651E-04  2.093E-04  1.653E-04  1.302E-04  1.019E-04  7.901E-05  6.050E-05  4.582E-05  3.432E-05  2.545E-05  1.808E-05  1.290E-05  8.826E-06  5.994E-06  3.743E-06  2.126E-06  1.016E-06  3.420E-07  5.261E-08  3.787E-09  8.980E-11  4.385E-13  3.430E-16  1.514E-22  0.000E+00  0.000E+00  0.000E+00  0.000E+00  0.000E+00  0.000E+00  0.000E+00
  368.5000  1.408E-02  1.316E-02  1.227E-02  1.140E-02  1.057E-02  9.769E-03  9.005E-03  8.232E-03  7.373E-03  6.632E-03  5.992E-03  5.442E-03  4.970E-03  4.300E-03  3.873E-03  3.352E-03  3.003E-03  2.566E-03  2.201E-03  1.890E-03  1.618E-03  1.377E-03  1.151E-03  9.550E-04  7.908E-04  6.549E-04  5.433E-04  4.353E-04  3.567E-04  2.846E-04  2.321E-04  1.832E-04  1.447E-04  1.139E-04  8.922E-05  6.916E-05  5.296E-05  4.011E-05  3.005E-05  2.229E-05  1.583E-05  1.130E-05  7.735E-06  5.256E-06  3.286E-06  1.871E-06  8.975E-07  3.044E-07  4.750E-08  3.496E-09  8.582E-11  4.417E-13  3.713E-16  1.836E-22  0.000E+00  0.000E+00  0.000E+00  0.000E+00  0.000E+00  0.000E+00  0.000E+00
  369.5000  1.690E-02  1.579E-02  1.473E-02  1.369E-02  1.268E-02  1.172E-02  1.081E-02  9.877E-03  8.846E-03  7.956E-03  7.188E-03  6.528E-03  5.960E-03  5.157E-03  4.644E-03  4.019E-03  3.600E-03  3.076E-03  2.638E-03  2.264E-03  1.939E-03  1.650E-03  1.379E-03  1.144E-03  9.468E-04  7.840E-04  6.502E-04  5.208E-04  4.267E-04  3.403E-04  2.776E-04  2.191E-04  1.729E-04  1.362E-04  1.066E-04  8.266E-05  6.330E-05  4.795E-05  3.592E-05  2.665E-05  1.894E-05  1.352E-05  9.257E-06  6.294E-06  3.939E-06  2.248E-06  1.083E-06  3.700E-07  5.854E-08  4.405E-09  1.119E-10  6.066E-13  5.474E-16  3.027E-22  0.000E+00  0.000E+00  0.000E+00  0.000E+00  0.000E+00  0.000E+00  0.000E+00
  370.5000  1.534E-02  1.434E-02  1.336E-02  1.242E-02  1.151E-02  1.064E-02  9.806E-03  8.963E-03  8.027E-03  7.219E-03  6.522E-03  5.922E-03  5.406E-03  4.677E-03  4.212E-03  3.644E-03  3.264E-03  2.789E-03  2.391E-03  2.052E-03  1.757E-03  1.495E-03  1.249E-03  1.036E-03  8.572E-04  7.097E-04  5.885E-04  4.712E-04  3.860E-04  3.078E-04  2.510E-04  1.981E-04  1.563E-04  1.231E-04  9.640E-05  7.472E-05  5.722E-05  4.335E-05  3.248E-05  2.410E-05  1.713E-05  1.223E-05  8.377E-06  5.699E-06  3.571E-06  2.042E-06  9.877E-07  3.400E-07  5.453E-08  4.193E-09  1.102E-10  6.287E-13  6.084E-16  3.757E-22  0.000E+00  0.000E+00  0.000E+00  0.000E+00  0.000E+00  0.000E+00  0.000E+00
  371.5000  1.756E-02  1.641E-02  1.530E-02  1.422E-02  1.318E-02  1.218E-02  1.123E-02  1.026E-02  9.188E-03  8.263E-03  7.464E-03  6.777E-03  6.187E-03  5.352E-03  4.818E-03  4.168E-03  3.733E-03  3.189E-03  2.734E-03  2.346E-03  2.009E-03  1.708E-03  1.427E-03  1.183E-03  9.791E-04  8.104E-04  6.719E-04  5.379E-04  4.405E-04  3.512E-04  2.864E-04  2.259E-04  1.783E-04  1.404E-04  1.099E-04  8.521E-05  6.526E-05  4.944E-05  3.705E-05  2.749E-05  1.955E-05  1.396E-05  9.565E-06  6.510E-06  4.084E-06  2.341E-06  1.137E-06  3.942E-07  6.409E-08  5.034E-09  1.368E-10  8.208E-13  8.510E-16  5.859E-22  0.000E+00  0.000E+00  0.000E+00  0.000E+00  0.000E+00  0.000E+00  0.000E+00
  372.5000  1.298E-02  1.213E-02  1.131E-02  1.051E-02  9.741E-03  9.001E-03  8.296E-03  7.582E-03  6.790E-03  6.106E-03  5.515E-03  5.007E-03  4.571E-03  3.953E-03  3.559E-03  3.078E-03  2.756E-03  2.355E-03  2.019E-03  1.732E-03  1.484E-03  1.260E-03  1.053E-03  8.727E-04  7.220E-04  5.975E-04  4.953E-04  3.964E-04  3.246E-04  2.587E-04  2.109E-04  1.664E-04  1.313E-04  1.034E-04  8.092E-05  6.273E-05  4.804E-05  3.640E-05  2.728E-05  2.025E-05  1.440E-05  1.029E-05  7.050E-06  4.801E-06  3.016E-06  1.732E-06  8.446E-07  2.950E-07  4.861E-08  3.900E-09  1.095E-10  6.906E-13  7.663E-16  5.875E-22  0.000E+00  0.000E+00  0.000E+00  0.000E+00  0.000E+00  0.000E+00  0.000E+00
  373.5000  1.173E-02  1.097E-02  1.023E-02  9.503E-03  8.806E-03  8.136E-03  7.499E-03  6.853E-03  6.137E-03  5.518E-03  4.984E-03  4.524E-03  4.129E-03  3.571E-03  3.214E-03  2.780E-03  2.489E-03  2.126E-03  1.822E-03  1.563E-03  1.338E-03  1.137E-03  9.499E-04  7.871E-04  6.511E-04  5.387E-04  4.464E-04  3.572E-04  2.924E-04  2.331E-04  1.900E-04  1.498E-04  1.182E-04  9.307E-05  7.285E-05  5.647E-05  4.325E-05  3.278E-05  2.457E-05  1.823E-05  1.297E-05  9.268E-06  6.354E-06  4.329E-06  2.722E-06  1.566E-06  7.667E-07  2.696E-07  4.502E-08  3.688E-09  1.069E-10  7.086E-13  8.410E-16  7.170E-22  0.000E+00  0.000E+00  0.000E+00  0.000E+00  0.000E+00  0.000E+00  0.000E+00
  374.5000  1.288E-02  1.204E-02  1.123E-02  1.043E-02  9.666E-03  8.931E-03  8.231E-03  7.522E-03  6.735E-03  6.056E-03  5.469E-03  4.964E-03  4.530E-03  3.917E-03  3.526E-03  3.049E-03  2.729E-03  2.331E-03  1.997E-03  1.713E-03  1.466E-03  1.246E-03  1.041E-03  8.621E-04  7.130E-04  5.898E-04  4.887E-04  3.910E-04  3.200E-04  2.550E-04  2.078E-04  1.638E-04  1.292E-04  1.018E-04  7.965E-05  6.174E-05  4.729E-05  3.584E-05  2.686E-05  1.994E-05  1.419E-05  1.014E-05  6.954E-06  4.740E-06  2.984E-06  1.720E-06  8.452E-07  2.992E-07  5.062E-08  4.232E-09  1.267E-10  8.816E-13  1.118E-15  1.058E-21  0.000E+00  0.000E+00  0.000E+00  0.000E+00  0.000E+00  0.000E+00  0.000E+00
  375.5000  1.455E-02  1.360E-02  1.267E-02  1.178E-02  1.091E-02  1.008E-02  9.292E-03  8.491E-03  7.603E-03  6.836E-03  6.172E-03  5.602E-03  5.112E-03  4.420E-03  3.978E-03  3.439E-03  3.078E-03  2.628E-03  2.252E-03  1.932E-03  1.654E-03  1.404E-03  1.173E-03  9.713E-04  8.031E-04  6.642E-04  5.502E-04  4.401E-04  3.601E-04  2.869E-04  2.337E-04  1.843E-04  1.454E-04  1.144E-04  8.956E-05  6.942E-05  5.318E-05  4.031E-05  3.022E-05  2.243E-05  1.596E-05  1.141E-05  7.828E-06  5.340E-06  3.365E-06  1.944E-06  9.588E-07  3.418E-07  5.858E-08  4.998E-09  1.545E-10  1.127E-12  1.525E-15  1.602E-21  0.000E+00  0.000E+00  0.000E+00  0.000E+00  0.000E+00  0.000E+00  0.000E+00
  376.5000  1.453E-02  1.359E-02  1.266E-02  1.177E-02  1.090E-02  1.007E-02  9.284E-03  8.483E-03  7.595E-03  6.829E-03  6.165E-03  5.595E-03  5.105E-03  4.414E-03  3.972E-03  3.434E-03  3.073E-03  2.623E-03  2.248E-03  1.927E-03  1.651E-03  1.401E-03  1.169E-03  9.684E-04  8.006E-04  6.619E-04  5.482E-04  4.384E-04  3.587E-04  2.857E-04  2.327E-04  1.834E-04  1.447E-04  1.139E-04  8.913E-05  6.908E-05  5.292E-05  4.011E-05  3.008E-05  2.233E-05  1.589E-05  1.137E-05  7.799E-06  5.322E-06  3.357E-06  1.944E-06  9.623E-07  3.454E-07  5.995E-08  5.218E-09  1.664E-10  1.272E-12  1.837E-15  2.136E-21  0.000E+00  0.000E+00  0.000E+00  0.000E+00  0.000E+00  0.000E+00  0.000E+00
  377.5000  1.732E-02  1.619E-02  1.509E-02  1.402E-02  1.299E-02  1.200E-02  1.106E-02  1.011E-02  9.048E-03  8.134E-03  7.343E-03  6.663E-03  6.079E-03  5.255E-03  4.728E-03  4.087E-03  3.657E-03  3.122E-03  2.674E-03  2.293E-03  1.966E-03  1.666E-03  1.390E-03  1.151E-03  9.515E-04  7.866E-04  6.513E-04  5.207E-04  4.259E-04  3.392E-04  2.762E-04  2.177E-04  1.717E-04  1.351E-04  1.058E-04  8.197E-05  6.280E-05  4.760E-05  3.570E-05  2.651E-05  1.887E-05  1.350E-05  9.264E-06  6.325E-06  3.994E-06  2.317E-06  1.151E-06  4.160E-07  7.312E-08  6.491E-09  2.134E-10  1.710E-12  2.630E-15  3.383E-21  0.000E+00  0.000E+00  0.000E+00  0.000E+00  0.000E+00  0.000E+00  0.000E+00
  378.5000  1.888E-02  1.765E-02  1.645E-02  1.529E-02  1.416E-02  1.308E-02  1.206E-02  1.102E-02  9.863E-03  8.866E-03  8.003E-03  7.262E-03  6.624E-03  5.726E-03  5.151E-03  4.452E-03  3.983E-03  3.400E-03  2.912E-03  2.496E-03  2.139E-03  1.813E-03  1.513E-03  1.252E-03  1.035E-03  8.553E-04  7.081E-04  5.660E-04  4.629E-04  3.685E-04  3.001E-04  2.365E-04  1.864E-04  1.467E-04  1.148E-04  8.900E-05  6.819E-05  5.169E-05  3.877E-05  2.879E-05  2.050E-05  1.466E-05  1.007E-05  6.879E-06  4.348E-06  2.527E-06  1.260E-06  4.582E-07  8.155E-08  7.382E-09  2.502E-10  2.099E-12  3.437E-15  4.884E-21  0.000E+00  0.000E+00  0.000E+00  0.000E+00  0.000E+00  0.000E+00  0.000E+00
  379.5000  1.398E-02  1.306E-02  1.217E-02  1.131E-02  1.048E-02  9.683E-03  8.922E-03  8.151E-03  7.297E-03  6.559E-03  5.921E-03  5.371E-03  4.900E-03  4.234E-03  3.809E-03  3.292E-03  2.945E-03  2.513E-03  2.152E-03  1.844E-03  1.579E-03  1.339E-03  1.117E-03  9.248E-04  7.640E-04  6.313E-04  5.226E-04  4.176E-04  3.414E-04  2.718E-04  2.213E-04  1.743E-04  1.374E-04  1.081E-04  8.463E-05  6.560E-05  5.025E-05  3.810E-05  2.858E-05  2.123E-05  1.512E-05  1.081E-05  7.429E-06  5.077E-06  3.212E-06  1.871E-06  9.358E-07  3.425E-07  6.170E-08  5.694E-09  1.988E-10  1.746E-12  3.041E-15  4.768E-21  0.000E+00  0.000E+00  0.000E+00  0.000E+00  0.000E+00  0.000E+00  0.000E+00
  380.5000  1.682E-02  1.572E-02  1.465E-02  1.361E-02  1.261E-02  1.165E-02  1.073E-02  9.806E-03  8.779E-03  7.890E-03  7.121E-03  6.460E-03  5.892E-03  5.092E-03  4.579E-03  3.957E-03  3.539E-03  3.020E-03  2.586E-03  2.216E-03  1.898E-03  1.608E-03  1.342E-03  1.110E-03  9.171E-04  7.576E-04  6.270E-04  5.009E-04  4.095E-04  3.259E-04  2.653E-04  2.090E-04  1.647E-04  1.296E-04  1.014E-04  7.860E-05  6.022E-05  4.566E-05  3.425E-05  2.545E-05  1.812E-05  1.297E-05  8.911E-06  6.093E-06  3.858E-06  2.251E-06  1.130E-06  4.163E-07  7.590E-08  7.139E-09  2.568E-10  2.357E-12  4.365E-15  7.541E-21  0.000E+00  0.000E+00  0.000E+00  0.000E+00  0.000E+00  0.000E+00  0.000E+00
  381.5000  1.581E-02  1.478E-02  1.377E-02  1.280E-02  1.186E-02  1.095E-02  1.009E-02  9.218E-03  8.252E-03  7.416E-03  6.693E-03  6.071E-03  5.536E-03  4.784E-03  4.302E-03  3.717E-03  3.324E-03  2.836E-03  2.428E-03  2.080E-03  1.782E-03  1.509E-03  1.259E-03  1.042E-03  8.601E-04  7.104E-04  5.878E-04  4.695E-04  3.837E-04  3.053E-04  2.485E-04  1.957E-04  1.542E-04  1.213E-04  9.494E-05  7.359E-05  5.638E-05  4.275E-05  3.207E-05  2.383E-05  1.698E-05  1.215E-05  8.351E-06  5.713E-06  3.621E-06  2.117E-06  1.066E-06  3.952E-07  7.293E-08  6.989E-09  2.589E-10  2.483E-12  4.884E-15  9.287E-21  0.000E+00  0.000E+00  0.000E+00  0.000E+00  0.000E+00  0.000E+00  0.000E+00
  382.5000  1.054E-02  9.851E-03  9.181E-03  8.531E-03  7.903E-03  7.300E-03  6.725E-03  6.144E-03  5.500E-03  4.943E-03  4.460E-03  4.045E-03  3.689E-03  3.187E-03  2.866E-03  2.475E-03  2.214E-03  1.888E-03  1.616E-03  1.385E-03  1.186E-03  1.004E-03  8.375E-04  6.928E-04  5.720E-04  4.724E-04  3.907E-04  3.120E-04  2.550E-04  2.028E-04  1.650E-04  1.300E-04  1.024E-04  8.056E-05  6.303E-05  4.885E-05  3.743E-05  2.839E-05  2.130E-05  1.583E-05  1.128E-05  8.072E-06  5.550E-06  3.798E-06  2.410E-06  1.411E-06  7.132E-07  2.660E-07  4.967E-08  4.849E-09  1.848E-10  1.852E-12  3.865E-15  8.079E-21  0.000E+00  0.000E+00  0.000E+00  0.000E+00  0.000E+00  0.000E+00  0.000E+00
  383.5000  9.260E-03  8.654E-03  8.065E-03  7.494E-03  6.942E-03  6.412E-03  5.907E-03  5.396E-03  4.830E-03  4.341E-03  3.917E-03  3.552E-03  3.239E-03  2.798E-03  2.515E-03  2.173E-03  1.943E-03  1.657E-03  1.418E-03  1.215E-03  1.040E-03  8.807E-04  7.343E-04  6.072E-04  5.013E-04  4.138E-04  3.423E-04  2.733E-04  2.232E-04  1.775E-04  1.444E-04  1.137E-04  8.960E-05  7.048E-05  5.514E-05  4.274E-05  3.274E-05  2.483E-05  1.863E-05  1.385E-05  9.868E-06  7.066E-06  4.860E-06  3.327E-06  2.113E-06  1.240E-06  6.285E-07  2.358E-07  4.455E-08  4.429E-09  1.737E-10  1.817E-12  4.021E-15  9.229E-21  0.000E+00  0.000E+00  0.000E+00  0.000E+00  0.000E+00  0.000E+00  0.000E+00
  384.5000  1.390E-02  1.299E-02  1.211E-02  1.125E-02  1.042E-02  9.627E-03  8.868E-03  8.101E-03  7.251E-03  6.516E-03  5.879E-03  5.331E-03  4.860E-03  4.198E-03  3.774E-03  3.259E-03  2.914E-03  2.484E-03  2.126E-03  1.821E-03  1.559E-03  1.320E-03  1.100E-03  9.097E-04  7.508E-04  6.197E-04  5.124E-04  4.090E-04  3.341E-04  2.656E-04  2.161E-04  1.701E-04  1.340E-04  1.054E-04  8.244E-05  6.390E-05  4.896E-05  3.713E-05  2.787E-05  2.071E-05  1.476E-05  1.057E-05  7.273E-06  4.982E-06  3.167E-06  1.861E-06  9.466E-07  3.573E-07  6.828E-08  6.913E-09  2.788E-10  3.043E-12  7.134E-15  1.796E-20  0.000E+00  0.000E+00  0.000E+00  0.000E+00  0.000E+00  0.000E+00  0.000E+00
  385.5000  1.376E-02  1.286E-02  1.199E-02  1.114E-02  1.032E-02  9.528E-03  8.777E-03  8.017E-03  7.176E-03  6.448E-03  5.817E-03  5.274E-03  4.808E-03  4.153E-03  3.733E-03  3.223E-03  2.881E-03  2.456E-03  2.102E-03  1.800E-03  1.541E-03  1.304E-03  1.087E-03  8.985E-04  7.414E-04  6.118E-04  5.058E-04  4.036E-04  3.296E-04  2.620E-04  2.131E-04  1.677E-04  1.321E-04  1.039E-04  8.126E-05  6.298E-05  4.826E-05  3.661E-05  2.747E-05  2.042E-05  1.456E-05  1.043E-05  7.176E-06  4.917E-06  3.128E-06  1.842E-06  9.398E-07  3.569E-07  6.897E-08  7.109E-09  2.947E-10  3.354E-12  8.326E-15  2.296E-20  0.000E+00  0.000E+00  0.000E+00  0.000E+00  0.000E+00  0.000E+00  0.000E+00
  386.5000  1.404E-02  1.312E-02  1.222E-02  1.136E-02  1.052E-02  9.716E-03  8.950E-03  8.174E-03  7.317E-03  6.574E-03  5.930E-03  5.376E-03  4.900E-03  4.232E-03  3.803E-03  3.284E-03  2.935E-03  2.502E-03  2.140E-03  1.833E-03  1.569E-03  1.327E-03  1.106E-03  9.142E-04  7.542E-04  6.223E-04  5.143E-04  4.104E-04  3.350E-04  2.663E-04  2.165E-04  1.704E-04  1.342E-04  1.055E-04  8.253E-05  6.396E-05  4.901E-05  3.718E-05  2.790E-05  2.075E-05  1.479E-05  1.060E-05  7.294E-06  5.000E-06  3.184E-06  1.878E-06  9.612E-07  3.671E-07  7.175E-08  7.527E-09  3.207E-10  3.804E-12  9.989E-15  3.015E-20  0.000E+00  0.000E+00  0.000E+00  0.000E+00  0.000E+00  0.000E+00  0.000E+00
  387.5000  1.305E-02  1.219E-02  1.136E-02  1.056E-02  9.781E-03  9.033E-03  8.320E-03  7.599E-03  6.801E-03  6.110E-03  5.512E-03  4.997E-03  4.554E-03  3.932E-03  3.533E-03  3.050E-03  2.726E-03  2.323E-03  1.987E-03  1.701E-03  1.456E-03  1.232E-03  1.026E-03  8.481E-04  6.995E-04  5.770E-04  4.768E-04  3.804E-04  3.105E-04  2.467E-04  2.006E-04  1.578E-04  1.243E-04  9.769E-05  7.641E-05  5.921E-05  4.537E-05  3.442E-05  2.584E-05  1.921E-05  1.370E-05  9.816E-06  6.759E-06  4.636E-06  2.954E-06  1.745E-06  8.961E-07  3.442E-07  6.803E-08  7.261E-09  3.179E-10  3.927E-12  1.090E-14  3.596E-20  0.000E+00  0.000E+00  0.000E+00  0.000E+00  0.000E+00  0.000E+00  0.000E+00
  388.5000  1.309E-02  1.223E-02  1.140E-02  1.059E-02  9.807E-03  9.057E-03  8.342E-03  7.618E-03  6.818E-03  6.125E-03  5.525E-03  5.008E-03  4.564E-03  3.940E-03  3.540E-03  3.056E-03  2.730E-03  2.327E-03  1.990E-03  1.703E-03  1.457E-03  1.233E-03  1.027E-03  8.485E-04  6.997E-04  5.771E-04  4.768E-04  3.802E-04  3.103E-04  2.465E-04  2.004E-04  1.576E-04  1.241E-04  9.755E-05  7.629E-05  5.912E-05  4.531E-05  3.437E-05  2.580E-05  1.919E-05  1.369E-05  9.808E-06  6.755E-06  4.635E-06  2.956E-06  1.749E-06  9.008E-07  3.480E-07  6.953E-08  7.549E-09  3.394E-10  4.365E-12  1.280E-14  4.612E-20  0.000E+00  0.000E+00  0.000E+00  0.000E+00  0.000E+00  0.000E+00  0.000E+00
  389.5000  1.651E-02  1.543E-02  1.438E-02  1.336E-02  1.237E-02  1.143E-02  1.052E-02  9.610E-03  8.601E-03  7.726E-03  6.968E-03  6.315E-03  5.754E-03  4.968E-03  4.463E-03  3.852E-03  3.441E-03  2.932E-03  2.507E-03  2.146E-03  1.835E-03  1.553E-03  1.293E-03  1.068E-03  8.806E-04  7.261E-04  5.998E-04  4.782E-04  3.902E-04  3.099E-04  2.518E-04  1.981E-04  1.559E-04  1.226E-04  9.585E-05  7.428E-05  5.692E-05  4.318E-05  3.242E-05  2.412E-05  1.720E-05  1.233E-05  8.494E-06  5.830E-06  3.722E-06  2.205E-06  1.139E-06  4.426E-07  8.939E-08  9.872E-09  4.557E-10  6.098E-12  1.888E-14  7.418E-20  0.000E+00  0.000E+00  0.000E+00  0.000E+00  0.000E+00  0.000E+00  0.000E+00
  390.5000  1.622E-02  1.516E-02  1.413E-02  1.313E-02  1.216E-02  1.123E-02  1.034E-02  9.443E-03  8.451E-03  7.591E-03  6.845E-03  6.204E-03  5.652E-03  4.879E-03  4.383E-03  3.782E-03  3.378E-03  2.878E-03  2.461E-03  2.105E-03  1.800E-03  1.523E-03  1.268E-03  1.047E-03  8.633E-04  7.117E-04  5.877E-04  4.685E-04  3.822E-04  3.035E-04  2.466E-04  1.939E-04  1.526E-04  1.199E-04  9.380E-05  7.268E-05  5.570E-05  4.226E-05  3.173E-05  2.361E-05  1.684E-05  1.207E-05  8.320E-06  5.713E-06  3.650E-06  2.166E-06  1.122E-06  4.384E-07  8.950E-08  1.005E-08  4.762E-10  6.627E-12  2.164E-14  9.265E-20  0.000E+00  0.000E+00  0.000E+00  0.000E+00  0.000E+00  0.000E+00  0.000E+00
  391.5000  1.926E-02  1.800E-02  1.677E-02  1.558E-02  1.443E-02  1.333E-02  1.227E-02  1.121E-02  1.003E-02  9.008E-03  8.123E-03  7.361E-03  6.706E-03  5.788E-03  5.198E-03  4.485E-03  4.006E-03  3.412E-03  2.917E-03  2.495E-03  2.133E-03  1.805E-03  1.502E-03  1.241E-03  1.022E-03  8.426E-04  6.957E-04  5.544E-04  4.521E-04  3.590E-04  2.916E-04  2.293E-04  1.804E-04  1.418E-04  1.109E-04  8.591E-05  6.584E-05  4.996E-05  3.751E-05  2.791E-05  1.991E-05  1.428E-05  9.842E-06  6.761E-06  4.323E-06  2.570E-06  1.335E-06  5.245E-07  1.082E-07  1.235E-08  6.005E-10  8.687E-12  2.990E-14  1.394E-19  0.000E+00  0.000E+00  0.000E+00  0.000E+00  0.000E+00  0.000E+00  0.000E+00
  392.5000  1.445E-02  1.350E-02  1.258E-02  1.169E-02  1.083E-02  9.997E-03  9.206E-03  8.407E-03  7.523E-03  6.757E-03  6.092E-03  5.520E-03  5.028E-03  4.340E-03  3.897E-03  3.362E-03  3.003E-03  2.557E-03  2.185E-03  1.869E-03  1.597E-03  1.352E-03  1.125E-03  9.287E-04  7.651E-04  6.305E-04  5.205E-04  4.147E-04  3.381E-04  2.684E-04  2.180E-04  1.714E-04  1.348E-04  1.059E-04  8.283E-05  6.418E-05  4.918E-05  3.732E-05  2.803E-05  2.086E-05  1.488E-05  1.067E-05  7.359E-06  5.057E-06  3.236E-06  1.927E-06  1.004E-06  3.965E-07  8.266E-08  9.593E-09  4.782E-10  7.187E-12  2.606E-14  1.321E-19  0.000E+00  0.000E+00  0.000E+00  0.000E+00  0.000E+00  0.000E+00  0.000E+00
  393.5000  6.285E-03  5.873E-03  5.473E-03  5.084E-03  4.709E-03  4.348E-03  4.004E-03  3.656E-03  3.272E-03  2.938E-03  2.649E-03  2.400E-03  2.186E-03  1.886E-03  1.694E-03  1.461E-03  1.305E-03  1.111E-03  9.493E-04  8.119E-04  6.936E-04  5.868E-04  4.883E-04  4.030E-04  3.320E-04  2.735E-04  2.257E-04  1.798E-04  1.466E-04  1.163E-04  9.446E-05  7.424E-05  5.840E-05  4.589E-05  3.587E-05  2.780E-05  2.130E-05  1.617E-05  1.214E-05  9.035E-06  6.449E-06  4.625E-06  3.190E-06  2.193E-06  1.404E-06  8.373E-07  4.376E-07  1.737E-07  3.659E-08  4.315E-09  2.206E-10  3.442E-12  1.314E-14  7.235E-20  0.000E+00  0.000E+00  0.000E+00  0.000E+00  0.000E+00  0.000E+00  0.000E+00
  394.5000  1.480E-02  1.383E-02  1.289E-02  1.197E-02  1.108E-02  1.023E-02  9.424E-03  8.605E-03  7.700E-03  6.915E-03  6.234E-03  5.648E-03  5.143E-03  4.438E-03  3.984E-03  3.436E-03  3.068E-03  2.612E-03  2.232E-03  1.908E-03  1.629E-03  1.379E-03  1.147E-03  9.467E-04  7.796E-04  6.421E-04  5.298E-04  4.220E-04  3.439E-04  2.729E-04  2.215E-04  1.741E-04  1.369E-04  1.076E-04  8.409E-05  6.515E-05  4.993E-05  3.789E-05  2.846E-05  2.118E-05  1.512E-05  1.085E-05  7.484E-06  5.146E-06  3.298E-06  1.969E-06  1.032E-06  4.118E-07  8.763E-08  1.050E-08  5.502E-10  8.912E-12  3.579E-14  2.139E-19  0.000E+00  0.000E+00  0.000E+00  0.000E+00  0.000E+00  0.000E+00  0.000E+00
  395.5000  1.905E-02  1.780E-02  1.658E-02  1.541E-02  1.427E-02  1.317E-02  1.213E-02  1.107E-02  9.910E-03  8.899E-03  8.022E-03  7.267E-03  6.617E-03  5.709E-03  5.125E-03  4.419E-03  3.945E-03  3.358E-03  2.869E-03  2.453E-03  2.093E-03  1.772E-03  1.474E-03  1.216E-03  1.001E-03  8.244E-04  6.801E-04  5.415E-04  4.412E-04  3.500E-04  2.841E-04  2.232E-04  1.755E-04  1.379E-04  1.078E-04  8.351E-05  6.400E-05  4.857E-05  3.649E-05  2.716E-05  1.939E-05  1.391E-05  9.600E-06  6.604E-06  4.236E-06  2.533E-06  1.331E-06  5.338E-07  1.147E-07  1.397E-08  7.498E-10  1.260E-11  5.321E-14  3.447E-19  0.000E+00  0.000E+00  0.000E+00  0.000E+00  0.000E+00  0.000E+00  0.000E+00
  396.5000  1.119E-02  1.046E-02  9.742E-03  9.050E-03  8.381E-03  7.738E-03  7.125E-03  6.505E-03  5.821E-03  5.227E-03  4.712E-03  4.268E-03  3.886E-03  3.352E-03  3.009E-03  2.594E-03  2.315E-03  1.971E-03  1.683E-03  1.439E-03  1.228E-03  1.039E-03  8.641E-04  7.127E-04  5.867E-04  4.831E-04  3.984E-04  3.171E-04  2.584E-04  2.049E-04  1.663E-04  1.306E-04  1.027E-04  8.067E-05  6.305E-05  4.885E-05  3.744E-05  2.841E-05  2.135E-05  1.589E-05  1.135E-05  8.142E-06  5.620E-06  3.868E-06  2.483E-06  1.487E-06  7.833E-07  3.158E-07  6.855E-08  8.476E-09  4.661E-10  8.123E-12  3.604E-14  2.529E-19  0.000E+00  0.000E+00  0.000E+00  0.000E+00  0.000E+00  0.000E+00  0.000E+00
  397.5000  1.292E-02  1.207E-02  1.125E-02  1.045E-02  9.676E-03  8.934E-03  8.226E-03  7.510E-03  6.720E-03  6.034E-03  5.438E-03  4.925E-03  4.484E-03  3.868E-03  3.471E-03  2.993E-03  2.671E-03  2.273E-03  1.941E-03  1.659E-03  1.416E-03  1.198E-03  9.957E-04  8.211E-04  6.758E-04  5.563E-04  4.587E-04  3.650E-04  2.973E-04  2.357E-04  1.913E-04  1.502E-04  1.181E-04  9.275E-05  7.249E-05  5.616E-05  4.304E-05  3.267E-05  2.455E-05  1.827E-05  1.305E-05  9.366E-06  6.467E-06  4.452E-06  2.860E-06  1.715E-06  9.060E-07  3.671E-07  8.048E-08  1.010E-08  5.691E-10  1.028E-11  4.788E-14  3.636E-19  0.000E+00  0.000E+00  0.000E+00  0.000E+00  0.000E+00  0.000E+00  0.000E+00
  398.5000  2.221E-02  2.075E-02  1.934E-02  1.796E-02  1.663E-02  1.536E-02  1.414E-02  1.291E-02  1.155E-02  1.037E-02  9.347E-03  8.465E-03  7.705E-03  6.646E-03  5.964E-03  5.141E-03  4.587E-03  3.903E-03  3.333E-03  2.848E-03  2.430E-03  2.055E-03  1.708E-03  1.409E-03  1.159E-03  9.539E-04  7.864E-04  6.257E-04  5.095E-04  4.039E-04  3.277E-04  2.573E-04  2.022E-04  1.588E-04  1.241E-04  9.614E-05  7.368E-05  5.593E-05  4.203E-05  3.129E-05  2.235E-05  1.604E-05  1.108E-05  7.630E-06  4.905E-06  2.945E-06  1.560E-06  6.354E-07  1.407E-07  1.793E-08  1.034E-09  1.934E-11  9.454E-14  7.762E-19  0.000E+00  0.000E+00  0.000E+00  0.000E+00  0.000E+00  0.000E+00  0.000E+00
  399.5000  2.311E-02  2.160E-02  2.012E-02  1.869E-02  1.731E-02  1.598E-02  1.471E-02  1.343E-02  1.202E-02  1.079E-02  9.724E-03  8.805E-03  8.014E-03  6.912E-03  6.202E-03  5.345E-03  4.769E-03  4.057E-03  3.463E-03  2.959E-03  2.524E-03  2.135E-03  1.774E-03  1.463E-03  1.203E-03  9.900E-04  8.160E-04  6.491E-04  5.284E-04  4.188E-04  3.397E-04  2.667E-04  2.096E-04  1.646E-04  1.286E-04  9.961E-05  7.634E-05  5.795E-05  4.355E-05  3.243E-05  2.317E-05  1.663E-05  1.149E-05  7.914E-06  5.091E-06  3.062E-06  1.626E-06  6.654E-07  1.487E-07  1.924E-08  1.136E-09  2.200E-11  1.128E-13  1.000E-18  0.000E+00  0.000E+00  0.000E+00  0.000E+00  0.000E+00  0.000E+00  0.000E+00
------------------------------------------------------------
Dose rates,W m-2
   1 = UV index (WMO, 1994; Webb et al., 2011)           
   2 = Previtamin-D3 (CIE 2006)                          
values at z =      0.025 km
Columns: time,sza,weighting spectra
time,hrs.  sza,deg.          1          2
   18.0000     88.738  3.524E-02  6.466E-04
   18.0167     88.924  3.288E-02  6.061E-04
   18.0333     89.110  3.060E-02  5.672E-04
   18.0500     89.296  2.842E-02  5.301E-04
   18.0667     89.482  2.633E-02  4.947E-04
   18.0833     89.669  2.434E-02  4.609E-04
   18.1000     89.856  2.246E-02  4.290E-04
   18.1167     90.043  2.058E-02  3.969E-04
   18.1333     90.230  1.851E-02  3.614E-04
   18.1500     90.417  1.673E-02  3.307E-04
   18.1667     90.605  1.519E-02  3.040E-04
   18.1833     90.793  1.386E-02  2.809E-04
   18.2000     90.981  1.271E-02  2.609E-04
   18.2167     91.170  1.112E-02  2.321E-04
   18.2333     91.358  1.008E-02  2.135E-04
   18.2500     91.547  8.827E-03  1.903E-04
   18.2667     91.736  7.974E-03  1.745E-04
   18.2833     91.925  6.910E-03  1.540E-04
   18.3000     92.115  6.010E-03  1.364E-04
   18.3167     92.305  5.232E-03  1.209E-04
   18.3333     92.494  4.549E-03  1.068E-04
   18.3500     92.684  3.926E-03  9.373E-05
   18.3667     92.875  3.342E-03  8.120E-05
   18.3833     93.065  2.824E-03  6.975E-05
   18.4000     93.256  2.381E-03  5.963E-05
   18.4167     93.447  2.004E-03  5.082E-05
   18.4333     93.637  1.686E-03  4.320E-05
   18.4500     93.829  1.370E-03  3.532E-05
   18.4667     94.020  1.135E-03  2.940E-05
   18.4833     94.212  9.120E-04  2.363E-05
   18.5000     94.404  7.461E-04  1.928E-05
   18.5167     94.596  5.896E-04  1.516E-05
   18.5333     94.788  4.631E-04  1.179E-05
   18.5500     94.980  3.610E-04  9.060E-06
   18.5667     95.173  2.783E-04  6.851E-06
   18.5833     95.366  2.109E-04  5.054E-06
   18.6000     95.559  1.564E-04  3.592E-06
   18.6167     95.752  1.132E-04  2.423E-06
   18.6333     95.945  7.934E-05  1.501E-06
   18.6500     96.139  5.406E-05  8.401E-07
   18.6667     96.333  3.438E-05  3.826E-07
   18.6833     96.527  2.197E-05  1.592E-07
   18.7000     96.721  1.339E-05  5.588E-08
   18.7167     96.915  8.218E-06  1.975E-08
   18.7333     97.109  4.599E-06  5.884E-09
   18.7500     97.304  2.320E-06  1.462E-09
   18.7667     97.498  9.814E-07  2.953E-10
   18.7833     97.693  2.927E-07  4.066E-11
   18.8000     97.888  4.089E-08  2.218E-12
   18.8167     98.084  3.017E-09  4.682E-14
   18.8333     98.279  9.777E-11  1.721E-16
   18.8500     98.475  1.092E-12  5.122E-20
   18.8667     98.671  3.602E-15  8.506E-25
   18.8833     98.866  2.122E-20  9.216E-34
   18.9000     99.062  0.000E+00  0.000E+00
   18.9167     99.259  0.000E+00  0.000E+00
   18.9333     99.455  0.000E+00  0.000E+00
   18.9500     99.652  0.000E+00  0.000E+00
   18.9667     99.848  0.000E+00  0.000E+00
   18.9833    100.045  0.000E+00  0.000E+00
   19.0000    100.242  0.000E+00  0.000E+00
------------------------------------------------------------
