Spectral Irradiance,W m-2 nm-1
values at z =      0.025 km
Columns: wavelength (nm),times (hrs.) or sza (deg.)
    wc,nm     18.000     18.017     18.033     18.050     18.067     18.083     18.100     18.117     18.133     18.150     18.167     18.183     18.200     18.217     18.233     18.250     18.267     18.283     18.300     18.317     18.333     18.350     18.367     18.383     18.400     18.417     18.433     18.450     18.467     18.483     18.500     18.517     18.533     18.550     18.567     18.583     18.600     18.617     18.633     18.650     18.667     18.683     18.700     18.717     18.733     18.750     18.767     18.783     18.800     18.817     18.833     18.850     18.867     18.883     18.900     18.917     18.933     18.950     18.967     18.983     19.000
    sza =      87.623     87.810     87.998     88.186     88.374     88.562     88.751     88.940     89.129     89.318     89.507     89.697     89.887     90.077     90.268     90.458     90.649     90.840     91.031     91.222     91.414     91.605     91.797     91.990     92.182     92.375     92.567     92.760     92.953     93.147     93.340     93.533     93.727     93.921     94.116     94.310     94.505     94.699     94.894     95.089     95.285     95.480     95.676     95.871     96.067     96.264     96.460     96.656     96.853     97.050     97.247     97.444     97.641     97.839     98.036     98.234     98.432     98.630     98.828     99.026     99.224
  280.5000  1.723E-27  1.667E-27  1.611E-27  1.555E-27  1.498E-27  1.441E-27  1.383E-27  1.325E-27  1.267E-27  1.209E-27  1.151E-27  1.093E-27  1.036E-27  9.700E-28  8.972E-28  8.337E-28  7.778E-28  7.286E-28  6.722E-28  6.110E-28  5.690E-28  5.054E-28  4.536E-28  4.115E-28  3.611E-28  3.158E-28  2.747E-28  2.370E-28  2.026E-28  1.718E-28  1.447E-28  1.161E-28  9.342E-29  7.189E-29  5.335E-29  3.688E-29  2.430E-29  1.309E-29  5.722E-30  1.645E-30  2.410E-31  8.485E-33  3.791E-35  4.622E-39  0.000E+00  0.000E+00  0.000E+00  0.000E+00  0.000E+00  0.000E+00  0.000E+00  0.000E+00  0.000E+00  0.000E+00  0.000E+00  0.000E+00  0.000E+00  0.000E+00  0.000E+00  0.000E+00  0.000E+00
  281.5000  4.480E-25  4.336E-25  4.191E-25  4.045E-25  3.897E-25  3.749E-25  3.599E-25  3.449E-25  3.299E-25  3.148E-25  2.997E-25  2.847E-25  2.699E-25  2.529E-25  2.339E-25  2.175E-25  2.030E-25  1.902E-25  1.755E-25  1.596E-25  1.486E-25  1.321E-25  1.186E-25  1.076E-25  9.444E-26  8.262E-26  7.188E-26  6.203E-26  5.307E-26  4.503E-26  3.796E-26  3.053E-26  2.466E-26  1.911E-26  1.433E-26  1.008E-26  6.801E-27  3.821E-27  1.777E-27  5.660E-28  9.768E-29  4.607E-30  3.315E-32  8.937E-36  2.363E-42  0.000E+00  0.000E+00  0.000E+00  0.000E+00  0.000E+00  0.000E+00  0.000E+00  0.000E+00  0.000E+00  0.000E+00  0.000E+00  0.000E+00  0.000E+00  0.000E+00  0.000E+00  0.000E+00
  282.5000  3.645E-23  3.527E-23  3.409E-23  3.291E-23  3.171E-23  3.051E-23  2.930E-23  2.808E-23  2.685E-23  2.563E-23  2.441E-23  2.319E-23  2.199E-23  2.061E-23  1.907E-23  1.773E-23  1.657E-23  1.552E-23  1.432E-23  1.303E-23  1.214E-23  1.079E-23  9.686E-24  8.792E-24  7.720E-24  6.756E-24  5.880E-24  5.076E-24  4.345E-24  3.689E-24  3.112E-24  2.508E-24  2.032E-24  1.584E-24  1.199E-24  8.551E-25  5.888E-25  3.429E-25  1.683E-25  5.864E-26  1.170E-26  7.151E-28  7.848E-30  4.264E-33  4.201E-39  0.000E+00  0.000E+00  0.000E+00  0.000E+00  0.000E+00  0.000E+00  0.000E+00  0.000E+00  0.000E+00  0.000E+00  0.000E+00  0.000E+00  0.000E+00  0.000E+00  0.000E+00  0.000E+00
  283.5000  5.725E-22  5.541E-22  5.356E-22  5.170E-22  4.982E-22  4.793E-22  4.603E-22  4.412E-22  4.220E-22  4.029E-22  3.837E-22  3.646E-22  3.458E-22  3.241E-22  3.000E-22  2.790E-22  2.605E-22  2.442E-22  2.255E-22  2.051E-22  1.911E-22  1.699E-22  1.526E-22  1.385E-22  1.217E-22  1.065E-22  9.272E-23  8.007E-23  6.856E-23  5.823E-23  4.915E-23  3.966E-23  3.219E-23  2.520E-23  1.917E-23  1.380E-23  9.628E-24  5.737E-24  2.917E-24  1.077E-24  2.363E-25  1.714E-26  2.484E-28  2.139E-31  4.977E-37  1.401E-45  0.000E+00  0.000E+00  0.000E+00  0.000E+00  0.000E+00  0.000E+00  0.000E+00  0.000E+00  0.000E+00  0.000E+00  0.000E+00  0.000E+00  0.000E+00  0.000E+00  0.000E+00
  284.5000  5.319E-20  5.149E-20  4.977E-20  4.805E-20  4.631E-20  4.456E-20  4.280E-20  4.103E-20  3.926E-20  3.748E-20  3.571E-20  3.394E-20  3.221E-20  3.019E-20  2.796E-20  2.601E-20  2.430E-20  2.279E-20  2.105E-20  1.916E-20  1.786E-20  1.589E-20  1.428E-20  1.297E-20  1.140E-20  9.981E-21  8.692E-21  7.510E-21  6.435E-21  5.471E-21  4.623E-21  3.737E-21  3.044E-21  2.398E-21  1.842E-21  1.346E-21  9.598E-22  5.944E-22  3.204E-22  1.305E-22  3.351E-23  3.230E-24  7.458E-26  1.398E-28  1.416E-33  5.231E-41  0.000E+00  0.000E+00  0.000E+00  0.000E+00  0.000E+00  0.000E+00  0.000E+00  0.000E+00  0.000E+00  0.000E+00  0.000E+00  0.000E+00  0.000E+00  0.000E+00  0.000E+00
  285.5000  9.527E-19  9.222E-19  8.915E-19  8.606E-19  8.295E-19  7.983E-19  7.668E-19  7.352E-19  7.035E-19  6.718E-19  6.401E-19  6.086E-19  5.776E-19  5.416E-19  5.017E-19  4.669E-19  4.365E-19  4.094E-19  3.784E-19  3.445E-19  3.212E-19  2.859E-19  2.570E-19  2.335E-19  2.053E-19  1.799E-19  1.567E-19  1.355E-19  1.162E-19  9.882E-20  8.356E-20  6.766E-20  5.524E-20  4.372E-20  3.382E-20  2.499E-20  1.811E-20  1.154E-20  6.506E-21  2.857E-21  8.301E-22  1.001E-22  3.335E-24  1.150E-26  3.625E-31  7.314E-38  0.000E+00  0.000E+00  0.000E+00  0.000E+00  0.000E+00  0.000E+00  0.000E+00  0.000E+00  0.000E+00  0.000E+00  0.000E+00  0.000E+00  0.000E+00  0.000E+00  0.000E+00
  286.5000  3.949E-17  3.822E-17  3.695E-17  3.567E-17  3.438E-17  3.309E-17  3.179E-17  3.048E-17  2.917E-17  2.786E-17  2.655E-17  2.524E-17  2.396E-17  2.247E-17  2.082E-17  1.938E-17  1.812E-17  1.701E-17  1.572E-17  1.432E-17  1.336E-17  1.189E-17  1.070E-17  9.723E-18  8.550E-18  7.494E-18  6.532E-18  5.649E-18  4.845E-18  4.125E-18  3.490E-18  2.829E-18  2.314E-18  1.838E-18  1.429E-18  1.065E-18  7.808E-19  5.088E-19  2.966E-19  1.380E-19  4.410E-20  6.329E-21  2.802E-22  1.552E-24  1.177E-28  8.801E-35  3.083E-44  0.000E+00  0.000E+00  0.000E+00  0.000E+00  0.000E+00  0.000E+00  0.000E+00  0.000E+00  0.000E+00  0.000E+00  0.000E+00  0.000E+00  0.000E+00  0.000E+00
  287.5000  9.166E-16  8.872E-16  8.576E-16  8.280E-16  7.981E-16  7.681E-16  7.379E-16  7.076E-16  6.772E-16  6.469E-16  6.165E-16  5.864E-16  5.567E-16  5.223E-16  4.840E-16  4.507E-16  4.215E-16  3.958E-16  3.660E-16  3.335E-16  3.113E-16  2.773E-16  2.495E-16  2.269E-16  1.997E-16  1.751E-16  1.527E-16  1.321E-16  1.134E-16  9.658E-17  8.178E-17  6.637E-17  5.440E-17  4.336E-17  3.389E-17  2.548E-17  1.892E-17  1.262E-17  7.623E-18  3.769E-18  1.333E-18  2.301E-19  1.382E-20  1.274E-22  2.503E-26  7.786E-32  2.564E-40  0.000E+00  0.000E+00  0.000E+00  0.000E+00  0.000E+00  0.000E+00  0.000E+00  0.000E+00  0.000E+00  0.000E+00  0.000E+00  0.000E+00  0.000E+00  0.000E+00
  288.5000  2.119E-14  2.051E-14  1.982E-14  1.914E-14  1.845E-14  1.775E-14  1.705E-14  1.636E-14  1.565E-14  1.495E-14  1.425E-14  1.356E-14  1.288E-14  1.208E-14  1.120E-14  1.044E-14  9.763E-15  9.171E-15  8.485E-15  7.736E-15  7.223E-15  6.439E-15  5.797E-15  5.276E-15  4.645E-15  4.076E-15  3.557E-15  3.080E-15  2.645E-15  2.255E-15  1.911E-15  1.553E-15  1.276E-15  1.021E-15  8.024E-16  6.088E-16  4.581E-16  3.130E-16  1.964E-16  1.037E-16  4.093E-17  8.654E-18  7.257E-19  1.173E-20  6.545E-24  9.693E-29  3.689E-36  0.000E+00  0.000E+00  0.000E+00  0.000E+00  0.000E+00  0.000E+00  0.000E+00  0.000E+00  0.000E+00  0.000E+00  0.000E+00  0.000E+00  0.000E+00  0.000E+00
  289.5000  3.484E-13  3.371E-13  3.258E-13  3.145E-13  3.031E-13  2.917E-13  2.802E-13  2.687E-13  2.572E-13  2.457E-13  2.342E-13  2.229E-13  2.116E-13  1.986E-13  1.842E-13  1.716E-13  1.606E-13  1.509E-13  1.397E-13  1.274E-13  1.190E-13  1.061E-13  9.560E-14  8.696E-14  7.668E-14  6.732E-14  5.878E-14  5.092E-14  4.376E-14  3.733E-14  3.166E-14  2.576E-14  2.119E-14  1.700E-14  1.341E-14  1.024E-14  7.780E-15  5.408E-15  3.488E-15  1.933E-15  8.269E-16  2.032E-16  2.186E-17  5.368E-19  6.455E-22  2.981E-26  6.643E-33  6.586E-44  0.000E+00  0.000E+00  0.000E+00  0.000E+00  0.000E+00  0.000E+00  0.000E+00  0.000E+00  0.000E+00  0.000E+00  0.000E+00  0.000E+00  0.000E+00
  290.5000  3.516E-12  3.402E-12  3.287E-12  3.173E-12  3.057E-12  2.942E-12  2.826E-12  2.710E-12  2.593E-12  2.478E-12  2.362E-12  2.247E-12  2.134E-12  2.003E-12  1.858E-12  1.731E-12  1.621E-12  1.523E-12  1.410E-12  1.287E-12  1.202E-12  1.073E-12  9.670E-13  8.805E-13  7.764E-13  6.820E-13  5.957E-13  5.164E-13  4.440E-13  3.790E-13  3.216E-13  2.619E-13  2.158E-13  1.735E-13  1.373E-13  1.054E-13  8.064E-14  5.683E-14  3.748E-14  2.159E-14  9.869E-15  2.744E-15  3.625E-16  1.259E-17  2.874E-20  3.436E-24  3.365E-30  3.965E-40  0.000E+00  0.000E+00  0.000E+00  0.000E+00  0.000E+00  0.000E+00  0.000E+00  0.000E+00  0.000E+00  0.000E+00  0.000E+00  0.000E+00  0.000E+00
  291.5000  3.178E-11  3.074E-11  2.970E-11  2.865E-11  2.761E-11  2.656E-11  2.551E-11  2.446E-11  2.341E-11  2.236E-11  2.132E-11  2.028E-11  1.926E-11  1.808E-11  1.677E-11  1.563E-11  1.464E-11  1.376E-11  1.275E-11  1.164E-11  1.088E-11  9.710E-12  8.757E-12  7.982E-12  7.041E-12  6.189E-12  5.410E-12  4.692E-12  4.037E-12  3.449E-12  2.929E-12  2.388E-12  1.970E-12  1.588E-12  1.261E-12  9.731E-13  7.506E-13  5.367E-13  3.624E-13  2.176E-13  1.068E-13  3.394E-14  5.604E-15  2.850E-16  1.323E-18  4.571E-22  2.352E-27  4.566E-36  0.000E+00  0.000E+00  0.000E+00  0.000E+00  0.000E+00  0.000E+00  0.000E+00  0.000E+00  0.000E+00  0.000E+00  0.000E+00  0.000E+00  0.000E+00
  292.5000  1.813E-10  1.753E-10  1.693E-10  1.633E-10  1.573E-10  1.513E-10  1.453E-10  1.393E-10  1.333E-10  1.273E-10  1.213E-10  1.154E-10  1.096E-10  1.029E-10  9.547E-11  8.900E-11  8.334E-11  7.837E-11  7.262E-11  6.630E-11  6.200E-11  5.538E-11  4.997E-11  4.555E-11  4.022E-11  3.537E-11  3.094E-11  2.685E-11  2.312E-11  1.977E-11  1.680E-11  1.371E-11  1.132E-11  9.147E-12  7.282E-12  5.644E-12  4.381E-12  3.170E-12  2.182E-12  1.356E-12  7.066E-13  2.515E-13  5.024E-14  3.534E-15  2.980E-17  2.492E-20  5.027E-25  9.569E-33  7.006E-43  0.000E+00  0.000E+00  0.000E+00  0.000E+00  0.000E+00  0.000E+00  0.000E+00  0.000E+00  0.000E+00  0.000E+00  0.000E+00  0.000E+00
  293.5000  1.185E-09  1.146E-09  1.106E-09  1.067E-09  1.027E-09  9.875E-10  9.480E-10  9.084E-10  8.690E-10  8.299E-10  7.909E-10  7.523E-10  7.145E-10  6.707E-10  6.221E-10  5.800E-10  5.432E-10  5.109E-10  4.735E-10  4.324E-10  4.045E-10  3.615E-10  3.264E-10  2.977E-10  2.629E-10  2.314E-10  2.026E-10  1.759E-10  1.516E-10  1.297E-10  1.103E-10  9.011E-11  7.451E-11  6.031E-11  4.813E-11  3.745E-11  2.923E-11  2.138E-11  1.497E-11  9.594E-12  5.276E-12  2.082E-12  4.951E-13  4.699E-14  6.913E-16  1.324E-18  9.647E-23  1.579E-29  2.037E-38  0.000E+00  0.000E+00  0.000E+00  0.000E+00  0.000E+00  0.000E+00  0.000E+00  0.000E+00  0.000E+00  0.000E+00  0.000E+00  0.000E+00
  294.5000  4.301E-09  4.155E-09  4.010E-09  3.865E-09  3.720E-09  3.576E-09  3.431E-09  3.287E-09  3.144E-09  3.001E-09  2.860E-09  2.720E-09  2.583E-09  2.424E-09  2.248E-09  2.096E-09  1.963E-09  1.846E-09  1.711E-09  1.563E-09  1.463E-09  1.308E-09  1.181E-09  1.078E-09  9.525E-10  8.388E-10  7.347E-10  6.384E-10  5.505E-10  4.712E-10  4.011E-10  3.279E-10  2.714E-10  2.201E-10  1.759E-10  1.373E-10  1.077E-10  7.938E-11  5.634E-11  3.703E-11  2.128E-11  9.144E-12  2.512E-12  3.055E-13  7.087E-15  2.659E-17  5.428E-21  4.890E-27  6.053E-35  1.401E-45  0.000E+00  0.000E+00  0.000E+00  0.000E+00  0.000E+00  0.000E+00  0.000E+00  0.000E+00  0.000E+00  0.000E+00  0.000E+00
  295.5000  2.165E-08  2.090E-08  2.016E-08  1.943E-08  1.869E-08  1.795E-08  1.722E-08  1.649E-08  1.576E-08  1.504E-08  1.433E-08  1.362E-08  1.293E-08  1.213E-08  1.125E-08  1.049E-08  9.822E-09  9.238E-09  8.564E-09  7.824E-09  7.322E-09  6.548E-09  5.917E-09  5.402E-09  4.776E-09  4.210E-09  3.690E-09  3.209E-09  2.769E-09  2.372E-09  2.020E-09  1.654E-09  1.370E-09  1.113E-09  8.914E-10  6.980E-10  5.495E-10  4.085E-10  2.938E-10  1.978E-10  1.187E-10  5.551E-11  1.762E-11  2.754E-12  1.019E-13  7.664E-16  4.568E-19  2.449E-24  3.235E-31  2.717E-40  0.000E+00  0.000E+00  0.000E+00  0.000E+00  0.000E+00  0.000E+00  0.000E+00  0.000E+00  0.000E+00  0.000E+00  0.000E+00
  296.5000  6.799E-08  6.561E-08  6.325E-08  6.090E-08  5.855E-08  5.622E-08  5.390E-08  5.158E-08  4.928E-08  4.701E-08  4.475E-08  4.252E-08  4.035E-08  3.785E-08  3.509E-08  3.271E-08  3.062E-08  2.880E-08  2.670E-08  2.439E-08  2.283E-08  2.042E-08  1.846E-08  1.686E-08  1.492E-08  1.315E-08  1.154E-08  1.004E-08  8.669E-09  7.432E-09  6.336E-09  5.191E-09  4.305E-09  3.502E-09  2.810E-09  2.206E-09  1.743E-09  1.304E-09  9.484E-10  6.518E-10  4.058E-10  2.039E-10  7.329E-11  1.424E-11  7.865E-13  1.074E-14  1.595E-17  3.850E-22  3.680E-28  4.218E-36  0.000E+00  0.000E+00  0.000E+00  0.000E+00  0.000E+00  0.000E+00  0.000E+00  0.000E+00  0.000E+00  0.000E+00  0.000E+00
  297.5000  2.200E-07  2.122E-07  2.044E-07  1.966E-07  1.889E-07  1.813E-07  1.737E-07  1.661E-07  1.586E-07  1.512E-07  1.439E-07  1.367E-07  1.296E-07  1.215E-07  1.126E-07  1.049E-07  9.822E-08  9.235E-08  8.561E-08  7.821E-08  7.320E-08  6.549E-08  5.921E-08  5.409E-08  4.788E-08  4.225E-08  3.707E-08  3.229E-08  2.790E-08  2.394E-08  2.042E-08  1.675E-08  1.390E-08  1.133E-08  9.100E-09  7.162E-09  5.675E-09  4.270E-09  3.133E-09  2.190E-09  1.406E-09  7.507E-10  3.000E-10  7.023E-11  5.491E-12  1.260E-13  4.150E-16  3.728E-20  2.011E-25  2.275E-32  3.781E-42  0.000E+00  0.000E+00  0.000E+00  0.000E+00  0.000E+00  0.000E+00  0.000E+00  0.000E+00  0.000E+00  0.000E+00
  298.5000  4.121E-07  3.971E-07  3.823E-07  3.675E-07  3.529E-07  3.384E-07  3.239E-07  3.096E-07  2.955E-07  2.815E-07  2.676E-07  2.541E-07  2.408E-07  2.257E-07  2.091E-07  1.947E-07  1.822E-07  1.712E-07  1.587E-07  1.450E-07  1.356E-07  1.214E-07  1.098E-07  1.003E-07  8.880E-08  7.839E-08  6.884E-08  5.999E-08  5.187E-08  4.454E-08  3.802E-08  3.122E-08  2.594E-08  2.115E-08  1.702E-08  1.342E-08  1.066E-08  8.059E-09  5.959E-09  4.223E-09  2.782E-09  1.564E-09  6.845E-10  1.881E-10  1.983E-11  7.111E-13  4.637E-15  1.278E-18  2.990E-23  2.337E-29  5.789E-38  0.000E+00  0.000E+00  0.000E+00  0.000E+00  0.000E+00  0.000E+00  0.000E+00  0.000E+00  0.000E+00  0.000E+00
  299.5000  1.420E-06  1.367E-06  1.315E-06  1.263E-06  1.212E-06  1.161E-06  1.111E-06  1.061E-06  1.011E-06  9.627E-07  9.147E-07  8.677E-07  8.219E-07  7.699E-07  7.128E-07  6.633E-07  6.203E-07  5.828E-07  5.399E-07  4.930E-07  4.612E-07  4.127E-07  3.733E-07  3.410E-07  3.019E-07  2.668E-07  2.344E-07  2.044E-07  1.769E-07  1.520E-07  1.298E-07  1.067E-07  8.874E-08  7.247E-08  5.838E-08  4.612E-08  3.672E-08  2.787E-08  2.074E-08  1.488E-08  1.002E-08  5.896E-09  2.795E-09  8.871E-10  1.225E-10  6.612E-12  8.092E-14  6.316E-17  5.838E-21  2.823E-26  9.056E-34  7.707E-44  0.000E+00  0.000E+00  0.000E+00  0.000E+00  0.000E+00  0.000E+00  0.000E+00  0.000E+00  0.000E+00
  300.5000  1.881E-06  1.810E-06  1.739E-06  1.669E-06  1.600E-06  1.531E-06  1.463E-06  1.396E-06  1.330E-06  1.265E-06  1.201E-06  1.139E-06  1.078E-06  1.009E-06  9.335E-07  8.682E-07  8.114E-07  7.619E-07  7.056E-07  6.441E-07  6.023E-07  5.389E-07  4.874E-07  4.452E-07  3.945E-07  3.486E-07  3.064E-07  2.673E-07  2.314E-07  1.990E-07  1.701E-07  1.400E-07  1.165E-07  9.524E-08  7.680E-08  6.077E-08  4.846E-08  3.691E-08  2.761E-08  2.000E-08  1.371E-08  8.361E-09  4.229E-09  1.508E-09  2.592E-10  1.946E-11  3.954E-13  7.072E-16  1.913E-19  3.773E-24  8.503E-31  9.743E-40  0.000E+00  0.000E+00  0.000E+00  0.000E+00  0.000E+00  0.000E+00  0.000E+00  0.000E+00  0.000E+00
  301.5000  5.512E-06  5.295E-06  5.081E-06  4.870E-06  4.662E-06  4.457E-06  4.255E-06  4.055E-06  3.859E-06  3.666E-06  3.477E-06  3.293E-06  3.141E-06  2.911E-06  2.691E-06  2.501E-06  2.335E-06  2.191E-06  2.028E-06  1.850E-06  1.729E-06  1.547E-06  1.398E-06  1.277E-06  1.134E-06  1.000E-06  8.796E-07  7.679E-07  6.653E-07  5.725E-07  4.898E-07  4.035E-07  3.361E-07  2.752E-07  2.221E-07  1.761E-07  1.407E-07  1.075E-07  8.084E-08  5.911E-08  4.123E-08  2.608E-08  1.408E-08  5.660E-09  1.222E-09  1.298E-10  4.511E-12  1.954E-14  1.667E-17  1.486E-21  2.781E-27  5.626E-35  4.442E-43  0.000E+00  0.000E+00  0.000E+00  0.000E+00  0.000E+00  0.000E+00  0.000E+00  0.000E+00
  302.5000  8.963E-06  8.600E-06  8.244E-06  7.894E-06  7.549E-06  7.209E-06  6.875E-06  6.546E-06  6.222E-06  5.906E-06  5.596E-06  5.293E-06  5.001E-06  4.673E-06  4.316E-06  4.008E-06  3.740E-06  3.505E-06  3.243E-06  2.957E-06  2.762E-06  2.470E-06  2.233E-06  2.039E-06  1.807E-06  1.597E-06  1.405E-06  1.227E-06  1.063E-06  9.154E-07  7.836E-07  6.461E-07  5.386E-07  4.414E-07  3.567E-07  2.832E-07  2.265E-07  1.735E-07  1.309E-07  9.632E-08  6.798E-08  4.404E-08  2.485E-08  1.083E-08  2.729E-09  3.669E-10  1.836E-11  1.441E-13  2.620E-16  6.221E-20  4.613E-25  5.992E-32  3.220E-39  2.803E-45  1.401E-45  0.000E+00  0.000E+00  0.000E+00  0.000E+00  0.000E+00  0.000E+00
  303.5000  2.132E-05  2.042E-05  1.954E-05  1.868E-05  1.784E-05  1.701E-05  1.619E-05  1.540E-05  1.461E-05  1.385E-05  1.310E-05  1.238E-05  1.169E-05  1.090E-05  1.006E-05  9.326E-06  8.691E-06  8.140E-06  7.521E-06  6.851E-06  6.395E-06  5.714E-06  5.164E-06  4.713E-06  4.176E-06  3.691E-06  3.247E-06  2.837E-06  2.460E-06  2.120E-06  1.816E-06  1.499E-06  1.251E-06  1.027E-06  8.304E-07  6.604E-07  5.289E-07  4.063E-07  3.078E-07  2.280E-07  1.630E-07  1.084E-07  6.428E-08  3.070E-08  9.216E-09  1.624E-09  1.236E-10  1.935E-12  8.582E-15  6.551E-18  2.498E-22  2.964E-28  1.569E-34  6.234E-40  2.749E-42  9.249E-44  1.401E-45  0.000E+00  0.000E+00  0.000E+00  0.000E+00
  304.5000  2.853E-05  2.730E-05  2.609E-05  2.492E-05  2.376E-05  2.262E-05  2.153E-05  2.044E-05  1.938E-05  1.835E-05  1.734E-05  1.637E-05  1.543E-05  1.438E-05  1.326E-05  1.229E-05  1.144E-05  1.070E-05  9.884E-06  8.997E-06  8.392E-06  7.496E-06  6.770E-06  6.176E-06  5.472E-06  4.836E-06  4.255E-06  3.718E-06  3.226E-06  2.780E-06  2.383E-06  1.969E-06  1.644E-06  1.350E-06  1.093E-06  8.703E-07  6.977E-07  5.369E-07  4.077E-07  3.033E-07  2.185E-07  1.477E-07  9.015E-08  4.549E-08  1.517E-08  3.139E-09  3.065E-10  7.195E-12  5.383E-14  8.133E-17  7.978E-21  3.329E-26  6.337E-32  6.704E-37  3.352E-39  8.909E-41  4.722E-43  1.401E-45  0.000E+00  0.000E+00  0.000E+00
  305.5000  5.198E-05  4.964E-05  4.735E-05  4.512E-05  4.294E-05  4.081E-05  3.873E-05  3.670E-05  3.473E-05  3.282E-05  3.097E-05  2.915E-05  2.743E-05  2.552E-05  2.349E-05  2.173E-05  2.020E-05  1.887E-05  1.740E-05  1.582E-05  1.474E-05  1.315E-05  1.187E-05  1.082E-05  9.578E-06  8.462E-06  7.445E-06  6.507E-06  5.647E-06  4.870E-06  4.177E-06  3.456E-06  2.888E-06  2.376E-06  1.926E-06  1.536E-06  1.233E-06  9.511E-07  7.248E-07  5.422E-07  3.944E-07  2.721E-07  1.727E-07  9.381E-08  3.610E-08  9.344E-09  1.293E-09  5.427E-11  8.761E-13  3.679E-15  1.497E-18  4.202E-23  5.695E-28  2.704E-32  1.615E-34  2.825E-36  7.515E-39  1.152E-42  0.000E+00  0.000E+00  0.000E+00
  306.5000  6.283E-05  5.993E-05  5.711E-05  5.436E-05  5.167E-05  4.906E-05  4.651E-05  4.403E-05  4.162E-05  3.928E-05  3.701E-05  3.482E-05  3.273E-05  3.044E-05  2.798E-05  2.586E-05  2.402E-05  2.242E-05  2.066E-05  1.877E-05  1.747E-05  1.558E-05  1.405E-05  1.280E-05  1.133E-05  1.001E-05  8.806E-06  7.697E-06  6.681E-06  5.762E-06  4.944E-06  4.094E-06  3.423E-06  2.819E-06  2.286E-06  1.825E-06  1.466E-06  1.132E-06  8.641E-07  6.481E-07  4.736E-07  3.300E-07  2.133E-07  1.199E-07  4.927E-08  1.411E-08  2.285E-09  1.236E-10  2.773E-12  1.790E-14  1.331E-17  8.359E-22  2.590E-26  2.327E-30  1.539E-32  2.357E-34  5.062E-37  6.096E-41  0.000E+00  0.000E+00  0.000E+00
  307.5000  1.231E-04  1.171E-04  1.113E-04  1.057E-04  1.002E-04  9.486E-05  8.969E-05  8.469E-05  7.984E-05  7.514E-05  7.064E-05  6.629E-05  6.215E-05  5.767E-05  5.289E-05  4.877E-05  4.520E-05  4.210E-05  3.872E-05  3.511E-05  3.262E-05  2.905E-05  2.617E-05  2.381E-05  2.105E-05  1.860E-05  1.635E-05  1.428E-05  1.240E-05  1.070E-05  9.182E-06  7.614E-06  6.373E-06  5.255E-06  4.267E-06  3.412E-06  2.745E-06  2.125E-06  1.626E-06  1.225E-06  9.020E-07  6.381E-07  4.245E-07  2.522E-07  1.159E-07  3.962E-08  8.483E-09  7.345E-10  3.084E-11  4.600E-13  1.110E-15  3.389E-19  5.397E-23  1.693E-26  1.315E-28  1.443E-30  1.785E-33  1.074E-37  1.401E-45  0.000E+00  0.000E+00
  308.5000  1.566E-04  1.488E-04  1.413E-04  1.339E-04  1.268E-04  1.200E-04  1.133E-04  1.068E-04  1.006E-04  9.459E-05  8.881E-05  8.325E-05  7.795E-05  7.224E-05  6.620E-05  6.098E-05  5.645E-05  5.252E-05  4.826E-05  4.372E-05  4.059E-05  3.612E-05  3.251E-05  2.956E-05  2.613E-05  2.309E-05  2.027E-05  1.771E-05  1.537E-05  1.326E-05  1.139E-05  9.450E-06  7.913E-06  6.530E-06  5.306E-06  4.246E-06  3.418E-06  2.649E-06  2.031E-06  1.533E-06  1.132E-06  8.063E-07  5.432E-07  3.308E-07  1.594E-07  5.871E-08  1.411E-08  1.475E-09  7.886E-11  1.611E-12  6.053E-15  3.328E-18  9.656E-22  4.806E-25  4.063E-27  4.120E-29  4.509E-32  2.378E-36  7.006E-45  0.000E+00  0.000E+00
  309.5000  1.754E-04  1.663E-04  1.574E-04  1.489E-04  1.407E-04  1.327E-04  1.250E-04  1.176E-04  1.104E-04  1.036E-04  9.700E-05  9.070E-05  8.471E-05  7.832E-05  7.161E-05  6.581E-05  6.078E-05  5.643E-05  5.174E-05  4.678E-05  4.335E-05  3.851E-05  3.462E-05  3.142E-05  2.774E-05  2.447E-05  2.149E-05  1.877E-05  1.629E-05  1.405E-05  1.207E-05  1.002E-05  8.399E-06  6.940E-06  5.645E-06  4.525E-06  3.646E-06  2.831E-06  2.175E-06  1.647E-06  1.222E-06  8.786E-07  6.028E-07  3.801E-07  1.967E-07  8.123E-08  2.343E-08  3.331E-09  2.687E-10  9.517E-12  7.775E-14  1.209E-16  1.027E-19  1.158E-22  1.104E-24  9.210E-27  7.330E-30  2.586E-34  6.446E-43  0.000E+00  0.000E+00
  310.5000  2.899E-04  2.741E-04  2.590E-04  2.444E-04  2.304E-04  2.168E-04  2.038E-04  1.913E-04  1.793E-04  1.678E-04  1.568E-04  1.463E-04  1.364E-04  1.258E-04  1.148E-04  1.053E-04  9.702E-05  8.989E-05  8.228E-05  7.425E-05  6.868E-05  6.092E-05  5.468E-05  4.956E-05  4.371E-05  3.848E-05  3.380E-05  2.950E-05  2.559E-05  2.208E-05  1.896E-05  1.576E-05  1.321E-05  1.093E-05  8.898E-06  7.142E-06  5.760E-06  4.480E-06  3.448E-06  2.617E-06  1.949E-06  1.411E-06  9.810E-07  6.348E-07  3.462E-07  1.555E-07  5.127E-08  9.114E-09  9.860E-10  5.150E-11  7.292E-13  2.358E-15  4.233E-18  8.443E-21  8.839E-23  6.554E-25  4.325E-28  1.218E-32  3.168E-41  0.000E+00  0.000E+00
  311.5000  4.275E-04  4.035E-04  3.805E-04  3.585E-04  3.374E-04  3.170E-04  2.975E-04  2.788E-04  2.609E-04  2.438E-04  2.274E-04  2.118E-04  1.971E-04  1.815E-04  1.654E-04  1.514E-04  1.393E-04  1.289E-04  1.178E-04  1.061E-04  9.803E-05  8.685E-05  7.787E-05  7.049E-05  6.212E-05  5.472E-05  4.795E-05  4.183E-05  3.628E-05  3.129E-05  2.687E-05  2.235E-05  1.874E-05  1.552E-05  1.264E-05  1.016E-05  8.195E-06  6.382E-06  4.918E-06  3.738E-06  2.791E-06  2.030E-06  1.423E-06  9.362E-07  5.279E-07  2.502E-07  8.996E-08  1.848E-08  2.418E-09  1.625E-10  3.303E-12  1.734E-14  5.140E-17  1.510E-19  1.711E-21  1.204E-23  7.301E-27  1.868E-31  5.414E-40  0.000E+00  0.000E+00
  312.5000  5.549E-04  5.218E-04  4.901E-04  4.600E-04  4.311E-04  4.036E-04  3.774E-04  3.523E-04  3.284E-04  3.057E-04  2.841E-04  2.637E-04  2.444E-04  2.244E-04  2.037E-04  1.858E-04  1.704E-04  1.570E-04  1.430E-04  1.284E-04  1.182E-04  1.044E-04  9.337E-05  8.429E-05  7.410E-05  6.508E-05  5.699E-05  4.964E-05  4.300E-05  3.706E-05  3.181E-05  2.648E-05  2.222E-05  1.841E-05  1.502E-05  1.209E-05  9.768E-06  7.624E-06  5.890E-06  4.491E-06  3.367E-06  2.467E-06  1.753E-06  1.184E-06  7.053E-07  3.662E-07  1.528E-07  4.051E-08  7.445E-09  7.884E-10  3.061E-11  3.804E-13  2.723E-15  1.554E-17  1.949E-19  1.176E-21  5.577E-25  1.046E-29  2.982E-38  0.000E+00  0.000E+00
  313.5000  6.777E-04  6.366E-04  5.975E-04  5.602E-04  5.246E-04  4.907E-04  4.584E-04  4.276E-04  3.982E-04  3.704E-04  3.439E-04  3.189E-04  2.954E-04  2.709E-04  2.457E-04  2.240E-04  2.051E-04  1.889E-04  1.719E-04  1.542E-04  1.419E-04  1.252E-04  1.118E-04  1.009E-04  8.864E-05  7.779E-05  6.809E-05  5.928E-05  5.133E-05  4.424E-05  3.797E-05  3.160E-05  2.652E-05  2.199E-05  1.794E-05  1.445E-05  1.168E-05  9.127E-06  7.056E-06  5.385E-06  4.044E-06  2.970E-06  2.119E-06  1.443E-06  8.739E-07  4.657E-07  2.025E-07  5.731E-08  1.142E-08  1.339E-09  6.023E-11  9.099E-13  7.937E-15  5.305E-17  7.025E-19  4.321E-21  2.122E-24  4.261E-29  1.478E-37  0.000E+00  0.000E+00
  314.5000  9.206E-04  8.612E-04  8.047E-04  7.513E-04  7.005E-04  6.523E-04  6.067E-04  5.634E-04  5.224E-04  4.838E-04  4.473E-04  4.130E-04  3.808E-04  3.478E-04  3.141E-04  2.851E-04  2.600E-04  2.384E-04  2.161E-04  1.930E-04  1.768E-04  1.554E-04  1.384E-04  1.243E-04  1.089E-04  9.529E-05  8.317E-05  7.224E-05  6.244E-05  5.373E-05  4.606E-05  3.834E-05  3.218E-05  2.671E-05  2.181E-05  1.760E-05  1.425E-05  1.116E-05  8.651E-06  6.622E-06  4.991E-06  3.688E-06  2.659E-06  1.847E-06  1.167E-06  6.683E-07  3.275E-07  1.142E-07  3.013E-08  5.166E-09  4.027E-10  1.270E-11  2.363E-13  2.794E-15  4.066E-17  2.216E-19  8.933E-23  1.392E-27  4.866E-36  0.000E+00  0.000E+00
  315.5000  1.006E-03  9.409E-04  8.788E-04  8.201E-04  7.642E-04  7.113E-04  6.611E-04  6.136E-04  5.687E-04  5.264E-04  4.864E-04  4.488E-04  4.137E-04  3.775E-04  3.408E-04  3.092E-04  2.818E-04  2.582E-04  2.339E-04  2.088E-04  1.911E-04  1.679E-04  1.494E-04  1.341E-04  1.174E-04  1.027E-04  8.957E-05  7.777E-05  6.719E-05  5.779E-05  4.954E-05  4.124E-05  3.461E-05  2.873E-05  2.347E-05  1.895E-05  1.535E-05  1.203E-05  9.332E-06  7.150E-06  5.395E-06  3.993E-06  2.887E-06  2.016E-06  1.289E-06  7.503E-07  3.777E-07  1.372E-07  3.798E-08  6.902E-09  5.858E-10  2.064E-11  4.287E-13  5.559E-15  8.470E-17  4.796E-19  2.067E-22  3.603E-27  1.561E-35  0.000E+00  0.000E+00
  316.5000  1.348E-03  1.257E-03  1.170E-03  1.089E-03  1.011E-03  9.375E-04  8.682E-04  8.027E-04  7.410E-04  6.830E-04  6.285E-04  5.775E-04  5.300E-04  4.817E-04  4.331E-04  3.911E-04  3.549E-04  3.238E-04  2.920E-04  2.596E-04  2.366E-04  2.070E-04  1.833E-04  1.640E-04  1.430E-04  1.246E-04  1.083E-04  9.378E-05  8.081E-05  6.936E-05  5.934E-05  4.937E-05  4.141E-05  3.439E-05  2.811E-05  2.274E-05  1.844E-05  1.448E-05  1.127E-05  8.658E-06  6.556E-06  4.876E-06  3.553E-06  2.517E-06  1.659E-06  1.017E-06  5.590E-07  2.372E-07  8.125E-08  1.975E-08  2.555E-09  1.579E-10  5.815E-12  1.161E-13  1.914E-15  1.002E-17  3.802E-21  5.649E-26  2.582E-34  0.000E+00  0.000E+00
  317.5000  1.906E-03  1.777E-03  1.655E-03  1.539E-03  1.430E-03  1.326E-03  1.228E-03  1.136E-03  1.049E-03  9.668E-04  8.898E-04  8.178E-04  7.507E-04  6.824E-04  6.135E-04  5.542E-04  5.030E-04  4.590E-04  4.141E-04  3.681E-04  3.356E-04  2.936E-04  2.601E-04  2.327E-04  2.028E-04  1.768E-04  1.537E-04  1.331E-04  1.147E-04  9.843E-05  8.422E-05  7.006E-05  5.877E-05  4.882E-05  3.991E-05  3.228E-05  2.618E-05  2.058E-05  1.601E-05  1.231E-05  9.320E-06  6.937E-06  5.060E-06  3.591E-06  2.373E-06  1.462E-06  8.078E-07  3.450E-07  1.185E-07  2.882E-08  3.733E-09  2.306E-10  8.485E-12  1.714E-13  2.937E-15  1.642E-17  6.959E-21  1.221E-25  7.078E-34  0.000E+00  0.000E+00
  318.5000  2.066E-03  1.925E-03  1.790E-03  1.662E-03  1.541E-03  1.425E-03  1.316E-03  1.214E-03  1.117E-03  1.026E-03  9.406E-04  8.610E-04  7.870E-04  7.124E-04  6.390E-04  5.734E-04  5.180E-04  4.705E-04  4.224E-04  3.736E-04  3.390E-04  2.951E-04  2.602E-04  2.316E-04  2.010E-04  1.744E-04  1.510E-04  1.302E-04  1.118E-04  9.562E-05  8.159E-05  6.777E-05  5.677E-05  4.715E-05  3.855E-05  3.122E-05  2.535E-05  1.997E-05  1.559E-05  1.202E-05  9.139E-06  6.835E-06  5.021E-06  3.607E-06  2.447E-06  1.573E-06  9.368E-07  4.576E-07  1.897E-07  5.976E-08  1.133E-08  1.164E-09  7.202E-11  2.154E-12  3.974E-14  2.077E-16  7.889E-20  1.205E-24  7.410E-33  0.000E+00  0.000E+00
  319.5000  2.695E-03  2.511E-03  2.335E-03  2.168E-03  2.010E-03  1.859E-03  1.717E-03  1.582E-03  1.455E-03  1.337E-03  1.225E-03  1.121E-03  1.024E-03  9.264E-04  8.286E-04  7.447E-04  6.724E-04  6.102E-04  5.475E-04  4.839E-04  4.387E-04  3.815E-04  3.361E-04  2.989E-04  2.591E-04  2.246E-04  1.943E-04  1.674E-04  1.436E-04  1.228E-04  1.047E-04  8.693E-05  7.279E-05  6.046E-05  4.942E-05  4.004E-05  3.252E-05  2.564E-05  2.003E-05  1.546E-05  1.177E-05  8.814E-06  6.488E-06  4.677E-06  3.194E-06  2.075E-06  1.258E-06  6.324E-07  2.719E-07  8.980E-08  1.826E-08  2.057E-09  1.396E-10  4.523E-12  8.715E-14  4.738E-16  1.924E-19  3.268E-24  2.450E-32  0.000E+00  0.000E+00
  320.5000  3.557E-03  3.314E-03  3.083E-03  2.862E-03  2.652E-03  2.453E-03  2.264E-03  2.086E-03  1.918E-03  1.760E-03  1.612E-03  1.474E-03  1.345E-03  1.216E-03  1.086E-03  9.752E-04  8.794E-04  7.972E-04  7.144E-04  6.306E-04  5.710E-04  4.959E-04  4.362E-04  3.874E-04  3.354E-04  2.903E-04  2.508E-04  2.158E-04  1.849E-04  1.579E-04  1.345E-04  1.116E-04  9.343E-05  7.759E-05  6.341E-05  5.139E-05  4.175E-05  3.294E-05  2.575E-05  1.990E-05  1.516E-05  1.137E-05  8.387E-06  6.064E-06  4.166E-06  2.734E-06  1.684E-06  8.726E-07  3.918E-07  1.376E-07  3.062E-08  3.887E-09  2.986E-10  1.072E-11  2.165E-13  1.217E-15  5.210E-19  9.593E-24  8.588E-32  0.000E+00  0.000E+00
  321.5000  4.345E-03  4.060E-03  3.786E-03  3.523E-03  3.270E-03  3.029E-03  2.799E-03  2.580E-03  2.373E-03  2.177E-03  1.993E-03  1.820E-03  1.659E-03  1.496E-03  1.333E-03  1.193E-03  1.072E-03  9.686E-04  8.645E-04  7.595E-04  6.848E-04  5.915E-04  5.176E-04  4.573E-04  3.935E-04  3.386E-04  2.908E-04  2.488E-04  2.120E-04  1.801E-04  1.527E-04  1.262E-04  1.053E-04  8.729E-05  7.120E-05  5.772E-05  4.692E-05  3.712E-05  2.911E-05  2.259E-05  1.730E-05  1.305E-05  9.695E-06  7.087E-06  4.976E-06  3.379E-06  2.209E-06  1.276E-06  6.692E-07  2.922E-07  9.030E-08  1.781E-08  2.146E-09  1.084E-10  2.338E-12  1.241E-14  4.855E-18  8.009E-23  7.701E-31  0.000E+00  0.000E+00
  322.5000  3.280E-03  3.056E-03  2.843E-03  2.640E-03  2.447E-03  2.263E-03  2.089E-03  1.924E-03  1.768E-03  1.622E-03  1.485E-03  1.357E-03  1.238E-03  1.118E-03  9.986E-04  8.954E-04  8.068E-04  7.308E-04  6.543E-04  5.769E-04  5.220E-04  4.528E-04  3.979E-04  3.530E-04  3.052E-04  2.639E-04  2.277E-04  1.957E-04  1.675E-04  1.429E-04  1.217E-04  1.009E-04  8.438E-05  7.007E-05  5.725E-05  4.642E-05  3.772E-05  2.979E-05  2.331E-05  1.803E-05  1.376E-05  1.034E-05  7.642E-06  5.546E-06  3.838E-06  2.547E-06  1.598E-06  8.532E-07  3.987E-07  1.477E-07  3.563E-08  5.041E-09  4.346E-10  1.742E-11  3.821E-13  2.365E-15  1.184E-18  2.758E-23  3.659E-31  0.000E+00  0.000E+00
  323.5000  5.365E-03  5.023E-03  4.693E-03  4.376E-03  4.070E-03  3.776E-03  3.495E-03  3.227E-03  2.971E-03  2.729E-03  2.500E-03  2.284E-03  2.083E-03  1.878E-03  1.672E-03  1.496E-03  1.344E-03  1.213E-03  1.082E-03  9.486E-04  8.541E-04  7.360E-04  6.426E-04  5.664E-04  4.860E-04  4.169E-04  3.570E-04  3.044E-04  2.586E-04  2.190E-04  1.852E-04  1.526E-04  1.270E-04  1.051E-04  8.561E-05  6.937E-05  5.638E-05  4.464E-05  3.507E-05  2.728E-05  2.094E-05  1.585E-05  1.182E-05  8.688E-06  6.159E-06  4.242E-06  2.842E-06  1.718E-06  9.623E-07  4.623E-07  1.655E-07  3.991E-08  5.949E-09  3.609E-10  8.513E-12  4.844E-14  2.115E-17  4.122E-22  5.601E-30  0.000E+00  0.000E+00
  324.5000  6.178E-03  5.783E-03  5.402E-03  5.035E-03  4.682E-03  4.344E-03  4.019E-03  3.710E-03  3.415E-03  3.137E-03  2.873E-03  2.625E-03  2.394E-03  2.159E-03  1.923E-03  1.720E-03  1.546E-03  1.396E-03  1.245E-03  1.092E-03  9.837E-04  8.480E-04  7.407E-04  6.532E-04  5.608E-04  4.813E-04  4.123E-04  3.518E-04  2.990E-04  2.534E-04  2.143E-04  1.767E-04  1.471E-04  1.218E-04  9.921E-05  8.041E-05  6.536E-05  5.176E-05  4.067E-05  3.163E-05  2.428E-05  1.837E-05  1.371E-05  1.007E-05  7.144E-06  4.921E-06  3.298E-06  1.989E-06  1.109E-06  5.280E-07  1.865E-07  4.413E-08  6.459E-09  3.912E-10  9.548E-12  5.798E-14  2.815E-17  6.421E-22  1.083E-29  0.000E+00  0.000E+00
  325.5000  6.485E-03  6.065E-03  5.659E-03  5.271E-03  4.896E-03  4.538E-03  4.196E-03  3.870E-03  3.560E-03  3.267E-03  2.991E-03  2.731E-03  2.489E-03  2.244E-03  1.999E-03  1.788E-03  1.606E-03  1.450E-03  1.294E-03  1.135E-03  1.023E-03  8.823E-04  7.712E-04  6.804E-04  5.846E-04  5.022E-04  4.306E-04  3.677E-04  3.129E-04  2.654E-04  2.247E-04  1.854E-04  1.544E-04  1.279E-04  1.043E-04  8.453E-05  6.872E-05  5.440E-05  4.273E-05  3.321E-05  2.547E-05  1.926E-05  1.435E-05  1.053E-05  7.450E-06  5.113E-06  3.402E-06  2.026E-06  1.107E-06  5.125E-07  1.733E-07  3.864E-08  5.344E-09  3.145E-10  7.932E-12  5.202E-14  2.857E-17  7.757E-22  1.622E-29  0.000E+00  0.000E+00
  326.5000  1.108E-02  1.042E-02  9.781E-03  9.160E-03  8.556E-03  7.973E-03  7.410E-03  6.868E-03  6.348E-03  5.853E-03  5.380E-03  4.932E-03  4.511E-03  4.076E-03  3.635E-03  3.256E-03  2.930E-03  2.649E-03  2.363E-03  2.072E-03  1.866E-03  1.605E-03  1.399E-03  1.231E-03  1.053E-03  9.005E-04  7.681E-04  6.522E-04  5.516E-04  4.651E-04  3.915E-04  3.211E-04  2.660E-04  2.197E-04  1.781E-04  1.441E-04  1.170E-04  9.271E-05  7.298E-05  5.694E-05  4.390E-05  3.339E-05  2.506E-05  1.856E-05  1.334E-05  9.350E-06  6.463E-06  4.132E-06  2.517E-06  1.365E-06  5.915E-07  1.855E-07  3.662E-08  2.840E-09  7.591E-11  4.789E-13  2.469E-16  6.212E-21  1.403E-28  0.000E+00  0.000E+00
  327.5000  9.201E-03  8.635E-03  8.086E-03  7.556E-03  7.043E-03  6.549E-03  6.074E-03  5.618E-03  5.182E-03  4.769E-03  4.375E-03  4.004E-03  3.656E-03  3.300E-03  2.940E-03  2.631E-03  2.365E-03  2.137E-03  1.905E-03  1.670E-03  1.504E-03  1.295E-03  1.129E-03  9.943E-04  8.516E-04  7.292E-04  6.230E-04  5.300E-04  4.491E-04  3.794E-04  3.200E-04  2.631E-04  2.184E-04  1.806E-04  1.467E-04  1.188E-04  9.654E-05  7.649E-05  6.018E-05  4.691E-05  3.611E-05  2.742E-05  2.053E-05  1.517E-05  1.086E-05  7.571E-06  5.183E-06  3.250E-06  1.920E-06  9.935E-07  3.998E-07  1.130E-07  2.006E-08  1.454E-09  3.992E-11  2.750E-13  1.634E-16  5.039E-21  1.437E-28  0.000E+00  0.000E+00
  328.5000  8.517E-03  7.992E-03  7.483E-03  6.992E-03  6.516E-03  6.058E-03  5.618E-03  5.195E-03  4.791E-03  4.408E-03  4.043E-03  3.699E-03  3.377E-03  3.047E-03  2.714E-03  2.428E-03  2.182E-03  1.970E-03  1.756E-03  1.539E-03  1.385E-03  1.192E-03  1.039E-03  9.147E-04  7.831E-04  6.703E-04  5.724E-04  4.868E-04  4.123E-04  3.483E-04  2.936E-04  2.413E-04  2.002E-04  1.656E-04  1.345E-04  1.089E-04  8.847E-05  7.009E-05  5.515E-05  4.298E-05  3.310E-05  2.513E-05  1.882E-05  1.391E-05  9.954E-06  6.943E-06  4.755E-06  2.985E-06  1.767E-06  9.181E-07  3.725E-07  1.069E-07  1.941E-08  1.451E-09  4.140E-11  3.012E-13  1.947E-16  6.762E-21  2.303E-28  0.000E+00  0.000E+00
  329.5000  1.446E-02  1.365E-02  1.285E-02  1.207E-02  1.131E-02  1.058E-02  9.862E-03  9.172E-03  8.510E-03  7.867E-03  7.255E-03  6.672E-03  6.122E-03  5.545E-03  4.955E-03  4.449E-03  4.013E-03  3.638E-03  3.251E-03  2.853E-03  2.575E-03  2.215E-03  1.931E-03  1.700E-03  1.453E-03  1.240E-03  1.056E-03  8.949E-04  7.550E-04  6.350E-04  5.331E-04  4.356E-04  3.598E-04  2.966E-04  2.397E-04  1.936E-04  1.570E-04  1.243E-04  9.795E-05  7.655E-05  5.917E-05  4.516E-05  3.402E-05  2.533E-05  1.834E-05  1.297E-05  9.108E-06  5.985E-06  3.808E-06  2.201E-06  1.061E-06  3.867E-07  9.045E-08  8.261E-09  2.476E-10  1.772E-12  1.118E-15  3.791E-20  1.430E-27  0.000E+00  0.000E+00
  330.5000  1.173E-02  1.104E-02  1.037E-02  9.718E-03  9.085E-03  8.471E-03  7.879E-03  7.308E-03  6.759E-03  6.236E-03  5.735E-03  5.261E-03  4.815E-03  4.352E-03  3.882E-03  3.479E-03  3.132E-03  2.833E-03  2.528E-03  2.216E-03  1.997E-03  1.717E-03  1.497E-03  1.317E-03  1.126E-03  9.619E-04  8.199E-04  6.957E-04  5.878E-04  4.952E-04  4.164E-04  3.411E-04  2.823E-04  2.330E-04  1.888E-04  1.526E-04  1.239E-04  9.816E-05  7.731E-05  6.036E-05  4.659E-05  3.549E-05  2.668E-05  1.981E-05  1.428E-05  1.005E-05  7.000E-06  4.526E-06  2.804E-06  1.557E-06  7.032E-07  2.340E-07  4.984E-08  4.294E-09  1.323E-10  1.029E-12  7.419E-16  3.040E-20  1.425E-27  0.000E+00  0.000E+00
  331.5000  1.133E-02  1.066E-02  1.000E-02  9.367E-03  8.751E-03  8.155E-03  7.580E-03  7.027E-03  6.496E-03  5.988E-03  5.504E-03  5.046E-03  4.615E-03  4.170E-03  3.718E-03  3.330E-03  2.996E-03  2.709E-03  2.416E-03  2.117E-03  1.907E-03  1.639E-03  1.428E-03  1.257E-03  1.074E-03  9.178E-04  7.823E-04  6.638E-04  5.610E-04  4.726E-04  3.975E-04  3.257E-04  2.696E-04  2.226E-04  1.804E-04  1.458E-04  1.184E-04  9.381E-05  7.387E-05  5.767E-05  4.450E-05  3.389E-05  2.546E-05  1.890E-05  1.361E-05  9.577E-06  6.656E-06  4.292E-06  2.647E-06  1.461E-06  6.531E-07  2.148E-07  4.540E-08  3.938E-09  1.254E-10  1.035E-12  8.192E-16  3.830E-20  2.151E-27  0.000E+00  0.000E+00
  332.5000  1.363E-02  1.288E-02  1.214E-02  1.142E-02  1.072E-02  1.004E-02  9.373E-03  8.729E-03  8.110E-03  7.510E-03  6.935E-03  6.387E-03  5.869E-03  5.323E-03  4.761E-03  4.279E-03  3.864E-03  3.507E-03  3.138E-03  2.755E-03  2.490E-03  2.142E-03  1.868E-03  1.645E-03  1.406E-03  1.200E-03  1.021E-03  8.643E-04  7.286E-04  6.121E-04  5.133E-04  4.187E-04  3.454E-04  2.845E-04  2.295E-04  1.851E-04  1.501E-04  1.188E-04  9.358E-05  7.318E-05  5.663E-05  4.329E-05  3.267E-05  2.438E-05  1.771E-05  1.257E-05  8.885E-06  5.901E-06  3.820E-06  2.265E-06  1.141E-06  4.445E-07  1.128E-07  1.136E-08  3.779E-10  3.125E-12  2.477E-15  1.172E-19  7.391E-27  0.000E+00  0.000E+00
  333.5000  1.175E-02  1.107E-02  1.042E-02  9.782E-03  9.161E-03  8.558E-03  7.975E-03  7.410E-03  6.873E-03  6.346E-03  5.847E-03  5.373E-03  4.926E-03  4.458E-03  3.981E-03  3.572E-03  3.219E-03  2.916E-03  2.604E-03  2.284E-03  2.060E-03  1.771E-03  1.543E-03  1.358E-03  1.160E-03  9.903E-04  8.430E-04  7.143E-04  6.026E-04  5.067E-04  4.254E-04  3.476E-04  2.871E-04  2.367E-04  1.913E-04  1.545E-04  1.253E-04  9.924E-05  7.818E-05  6.110E-05  4.723E-05  3.605E-05  2.716E-05  2.023E-05  1.465E-05  1.037E-05  7.282E-06  4.786E-06  3.042E-06  1.756E-06  8.455E-07  3.091E-07  7.357E-08  7.137E-09  2.443E-10  2.174E-12  1.936E-15  1.080E-19  8.291E-27  0.000E+00  0.000E+00
  334.5000  1.373E-02  1.296E-02  1.220E-02  1.147E-02  1.075E-02  1.005E-02  9.376E-03  8.722E-03  8.093E-03  7.485E-03  6.904E-03  6.350E-03  5.827E-03  5.279E-03  4.717E-03  4.234E-03  3.819E-03  3.462E-03  3.094E-03  2.715E-03  2.451E-03  2.107E-03  1.836E-03  1.616E-03  1.380E-03  1.178E-03  1.002E-03  8.483E-04  7.151E-04  6.008E-04  5.040E-04  4.113E-04  3.394E-04  2.796E-04  2.257E-04  1.821E-04  1.477E-04  1.169E-04  9.209E-05  7.200E-05  5.569E-05  4.255E-05  3.210E-05  2.393E-05  1.736E-05  1.231E-05  8.681E-06  5.743E-06  3.693E-06  2.169E-06  1.076E-06  4.106E-07  1.028E-07  1.048E-08  3.715E-10  3.438E-12  3.258E-15  1.987E-19  1.776E-26  0.000E+00  0.000E+00
  335.5000  1.536E-02  1.453E-02  1.371E-02  1.292E-02  1.214E-02  1.138E-02  1.064E-02  9.928E-03  9.217E-03  8.565E-03  7.921E-03  7.306E-03  6.722E-03  6.104E-03  5.465E-03  4.918E-03  4.446E-03  4.042E-03  3.620E-03  3.181E-03  2.878E-03  2.476E-03  2.160E-03  1.904E-03  1.626E-03  1.388E-03  1.180E-03  9.988E-04  8.411E-04  7.059E-04  5.914E-04  4.816E-04  3.967E-04  3.265E-04  2.629E-04  2.118E-04  1.716E-04  1.357E-04  1.069E-04  8.365E-05  6.479E-05  4.959E-05  3.750E-05  2.804E-05  2.043E-05  1.454E-05  1.033E-05  6.922E-06  4.547E-06  2.757E-06  1.444E-06  5.969E-07  1.633E-07  1.800E-08  6.621E-10  6.289E-12  6.208E-15  4.037E-19  4.151E-26  0.000E+00  0.000E+00
  336.5000  1.167E-02  1.103E-02  1.041E-02  9.795E-03  9.198E-03  8.617E-03  8.051E-03  7.503E-03  6.970E-03  6.462E-03  5.971E-03  5.502E-03  5.058E-03  4.589E-03  4.105E-03  3.691E-03  3.334E-03  3.028E-03  2.710E-03  2.379E-03  2.151E-03  1.850E-03  1.613E-03  1.421E-03  1.213E-03  1.035E-03  8.804E-04  7.449E-04  6.274E-04  5.266E-04  4.412E-04  3.595E-04  2.962E-04  2.438E-04  1.964E-04  1.583E-04  1.283E-04  1.015E-04  7.993E-05  6.253E-05  4.842E-05  3.704E-05  2.799E-05  2.092E-05  1.523E-05  1.083E-05  7.684E-06  5.135E-06  3.357E-06  2.022E-06  1.047E-06  4.260E-07  1.150E-07  1.270E-08  4.815E-10  4.838E-12  5.220E-15  3.851E-19  4.693E-26  0.000E+00  0.000E+00
  337.5000  1.196E-02  1.129E-02  1.063E-02  9.989E-03  9.364E-03  8.756E-03  8.166E-03  7.595E-03  7.048E-03  6.516E-03  6.009E-03  5.526E-03  5.070E-03  4.592E-03  4.102E-03  3.682E-03  3.320E-03  3.009E-03  2.689E-03  2.358E-03  2.128E-03  1.829E-03  1.594E-03  1.402E-03  1.197E-03  1.021E-03  8.685E-04  7.351E-04  6.194E-04  5.202E-04  4.362E-04  3.559E-04  2.935E-04  2.417E-04  1.950E-04  1.574E-04  1.275E-04  1.010E-04  7.953E-05  6.219E-05  4.812E-05  3.677E-05  2.775E-05  2.070E-05  1.504E-05  1.067E-05  7.536E-06  4.998E-06  3.225E-06  1.904E-06  9.538E-07  3.703E-07  9.539E-08  1.028E-08  4.005E-10  4.296E-12  5.142E-15  4.392E-19  6.407E-26  0.000E+00  0.000E+00
  338.5000  1.401E-02  1.326E-02  1.251E-02  1.179E-02  1.108E-02  1.039E-02  9.716E-03  9.063E-03  8.431E-03  7.819E-03  7.231E-03  6.670E-03  6.137E-03  5.572E-03  4.989E-03  4.488E-03  4.057E-03  3.688E-03  3.302E-03  2.901E-03  2.625E-03  2.257E-03  1.969E-03  1.735E-03  1.482E-03  1.264E-03  1.074E-03  9.086E-04  7.648E-04  6.415E-04  5.371E-04  4.371E-04  3.598E-04  2.960E-04  2.381E-04  1.918E-04  1.553E-04  1.228E-04  9.673E-05  7.568E-05  5.864E-05  4.490E-05  3.397E-05  2.542E-05  1.853E-05  1.321E-05  9.396E-06  6.311E-06  4.162E-06  2.541E-06  1.348E-06  5.692E-07  1.613E-07  1.888E-08  7.629E-10  8.370E-12  1.037E-14  9.339E-19  1.548E-25  0.000E+00  0.000E+00
  339.5000  1.546E-02  1.463E-02  1.381E-02  1.302E-02  1.224E-02  1.148E-02  1.074E-02  1.002E-02  9.322E-03  8.653E-03  8.006E-03  7.387E-03  6.799E-03  6.176E-03  5.530E-03  4.976E-03  4.500E-03  4.092E-03  3.665E-03  3.220E-03  2.914E-03  2.506E-03  2.187E-03  1.927E-03  1.645E-03  1.403E-03  1.193E-03  1.008E-03  8.486E-04  7.115E-04  5.955E-04  4.844E-04  3.985E-04  3.277E-04  2.635E-04  2.122E-04  1.718E-04  1.358E-04  1.069E-04  8.367E-05  6.484E-05  4.966E-05  3.759E-05  2.814E-05  2.054E-05  1.465E-05  1.043E-05  7.021E-06  4.647E-06  2.853E-06  1.529E-06  6.564E-07  1.901E-07  2.288E-08  9.540E-10  1.093E-11  1.450E-14  1.441E-18  2.774E-25  0.000E+00  0.000E+00
  340.5000  1.592E-02  1.505E-02  1.420E-02  1.337E-02  1.255E-02  1.176E-02  1.099E-02  1.024E-02  9.526E-03  8.825E-03  8.155E-03  7.515E-03  6.908E-03  6.268E-03  5.607E-03  5.041E-03  4.553E-03  4.134E-03  3.699E-03  3.248E-03  2.936E-03  2.524E-03  2.200E-03  1.938E-03  1.654E-03  1.410E-03  1.198E-03  1.013E-03  8.527E-04  7.151E-04  5.987E-04  4.873E-04  4.011E-04  3.300E-04  2.655E-04  2.139E-04  1.732E-04  1.370E-04  1.079E-04  8.440E-05  6.538E-05  5.005E-05  3.785E-05  2.832E-05  2.064E-05  1.470E-05  1.045E-05  7.010E-06  4.611E-06  2.804E-06  1.479E-06  6.208E-07  1.759E-07  2.104E-08  9.017E-10  1.092E-11  1.583E-14  1.783E-18  4.045E-25  0.000E+00  0.000E+00
  341.5000  1.493E-02  1.413E-02  1.335E-02  1.259E-02  1.184E-02  1.111E-02  1.040E-02  9.704E-03  9.003E-03  8.386E-03  7.761E-03  7.164E-03  6.597E-03  5.994E-03  5.369E-03  4.833E-03  4.372E-03  3.976E-03  3.563E-03  3.131E-03  2.835E-03  2.438E-03  2.127E-03  1.875E-03  1.601E-03  1.365E-03  1.160E-03  9.805E-04  8.248E-04  6.913E-04  5.784E-04  4.701E-04  3.866E-04  3.178E-04  2.553E-04  2.055E-04  1.663E-04  1.314E-04  1.035E-04  8.097E-05  6.276E-05  4.810E-05  3.643E-05  2.729E-05  1.994E-05  1.423E-05  1.015E-05  6.853E-06  4.557E-06  2.817E-06  1.530E-06  6.709E-07  2.002E-07  2.518E-08  1.114E-09  1.395E-11  2.127E-14  2.584E-18  6.717E-25  0.000E+00  0.000E+00
  342.5000  1.671E-02  1.582E-02  1.495E-02  1.410E-02  1.327E-02  1.245E-02  1.166E-02  1.088E-02  1.016E-02  9.410E-03  8.712E-03  8.043E-03  7.408E-03  6.733E-03  6.032E-03  5.431E-03  4.914E-03  4.470E-03  4.006E-03  3.521E-03  3.188E-03  2.742E-03  2.393E-03  2.110E-03  1.801E-03  1.535E-03  1.304E-03  1.103E-03  9.272E-04  7.770E-04  6.498E-04  5.279E-04  4.340E-04  3.567E-04  2.864E-04  2.304E-04  1.864E-04  1.473E-04  1.160E-04  9.075E-05  7.035E-05  5.393E-05  4.086E-05  3.062E-05  2.239E-05  1.599E-05  1.142E-05  7.717E-06  5.146E-06  3.194E-06  1.748E-06  7.762E-07  2.357E-07  3.036E-08  1.384E-09  1.808E-11  2.948E-14  3.941E-18  1.184E-24  0.000E+00  0.000E+00
  343.5000  1.705E-02  1.614E-02  1.524E-02  1.437E-02  1.351E-02  1.267E-02  1.186E-02  1.106E-02  1.027E-02  9.554E-03  8.839E-03  8.155E-03  7.507E-03  6.818E-03  6.105E-03  5.493E-03  4.967E-03  4.515E-03  4.044E-03  3.552E-03  3.214E-03  2.764E-03  2.410E-03  2.124E-03  1.812E-03  1.545E-03  1.312E-03  1.109E-03  9.326E-04  7.814E-04  6.535E-04  5.310E-04  4.366E-04  3.588E-04  2.882E-04  2.319E-04  1.876E-04  1.483E-04  1.167E-04  9.134E-05  7.080E-05  5.426E-05  4.110E-05  3.079E-05  2.250E-05  1.606E-05  1.146E-05  7.737E-06  5.147E-06  3.184E-06  1.732E-06  7.634E-07  2.308E-07  2.991E-08  1.402E-09  1.923E-11  3.386E-14  5.048E-18  1.762E-24  0.000E+00  0.000E+00
  344.5000  1.172E-02  1.108E-02  1.046E-02  9.855E-03  9.261E-03  8.682E-03  8.118E-03  7.570E-03  7.043E-03  6.529E-03  6.036E-03  5.565E-03  5.119E-03  4.647E-03  4.158E-03  3.739E-03  3.378E-03  3.069E-03  2.746E-03  2.411E-03  2.180E-03  1.874E-03  1.634E-03  1.439E-03  1.227E-03  1.046E-03  8.884E-04  7.507E-04  6.312E-04  5.289E-04  4.424E-04  3.596E-04  2.957E-04  2.430E-04  1.953E-04  1.572E-04  1.272E-04  1.005E-04  7.914E-05  6.192E-05  4.799E-05  3.676E-05  2.784E-05  2.085E-05  1.523E-05  1.087E-05  7.746E-06  5.221E-06  3.463E-06  2.133E-06  1.153E-06  5.032E-07  1.510E-07  1.965E-08  9.463E-10  1.362E-11  2.590E-14  4.308E-18  1.747E-24  0.000E+00  0.000E+00
  345.5000  1.693E-02  1.604E-02  1.516E-02  1.430E-02  1.346E-02  1.264E-02  1.184E-02  1.105E-02  1.031E-02  9.565E-03  8.858E-03  8.181E-03  7.538E-03  6.853E-03  6.140E-03  5.529E-03  5.004E-03  4.554E-03  4.081E-03  3.587E-03  3.249E-03  2.795E-03  2.439E-03  2.150E-03  1.835E-03  1.564E-03  1.328E-03  1.122E-03  9.432E-04  7.899E-04  6.603E-04  5.359E-04  4.402E-04  3.616E-04  2.901E-04  2.332E-04  1.885E-04  1.489E-04  1.172E-04  9.172E-05  7.113E-05  5.455E-05  4.135E-05  3.102E-05  2.271E-05  1.623E-05  1.161E-05  7.875E-06  5.277E-06  3.300E-06  1.833E-06  8.339E-07  2.629E-07  3.589E-08  1.781E-09  2.644E-11  5.272E-14  9.411E-18  4.324E-24  0.000E+00  0.000E+00
  346.5000  1.535E-02  1.453E-02  1.372E-02  1.293E-02  1.216E-02  1.140E-02  1.067E-02  9.955E-03  9.268E-03  8.595E-03  7.951E-03  7.335E-03  6.751E-03  6.131E-03  5.488E-03  4.937E-03  4.463E-03  4.056E-03  3.632E-03  3.189E-03  2.885E-03  2.480E-03  2.162E-03  1.905E-03  1.625E-03  1.384E-03  1.176E-03  9.929E-04  8.346E-04  6.990E-04  5.843E-04  4.746E-04  3.899E-04  3.204E-04  2.572E-04  2.068E-04  1.673E-04  1.322E-04  1.040E-04  8.141E-05  6.311E-05  4.838E-05  3.666E-05  2.748E-05  2.010E-05  1.436E-05  1.025E-05  6.932E-06  4.622E-06  2.870E-06  1.575E-06  7.045E-07  2.187E-07  2.980E-08  1.518E-09  2.369E-11  5.110E-14  1.019E-17  5.448E-24  0.000E+00  0.000E+00
  347.5000  1.506E-02  1.426E-02  1.347E-02  1.269E-02  1.194E-02  1.120E-02  1.048E-02  9.776E-03  9.089E-03  8.442E-03  7.810E-03  7.206E-03  6.632E-03  6.023E-03  5.392E-03  4.850E-03  4.385E-03  3.985E-03  3.568E-03  3.133E-03  2.835E-03  2.436E-03  2.124E-03  1.871E-03  1.596E-03  1.359E-03  1.154E-03  9.749E-04  8.193E-04  6.860E-04  5.733E-04  4.655E-04  3.824E-04  3.141E-04  2.521E-04  2.027E-04  1.639E-04  1.294E-04  1.019E-04  7.974E-05  6.182E-05  4.739E-05  3.592E-05  2.693E-05  1.970E-05  1.408E-05  1.006E-05  6.807E-06  4.547E-06  2.830E-06  1.560E-06  7.032E-07  2.209E-07  3.067E-08  1.606E-09  2.610E-11  6.004E-14  1.313E-17  8.035E-24  0.000E+00  0.000E+00
  348.5000  1.676E-02  1.587E-02  1.499E-02  1.414E-02  1.330E-02  1.248E-02  1.168E-02  1.090E-02  1.016E-02  9.419E-03  8.717E-03  8.045E-03  7.407E-03  6.729E-03  6.025E-03  5.422E-03  4.903E-03  4.457E-03  3.992E-03  3.506E-03  3.173E-03  2.727E-03  2.378E-03  2.095E-03  1.787E-03  1.522E-03  1.292E-03  1.091E-03  9.167E-04  7.674E-04  6.412E-04  5.203E-04  4.273E-04  3.509E-04  2.814E-04  2.262E-04  1.829E-04  1.444E-04  1.137E-04  8.893E-05  6.896E-05  5.288E-05  4.009E-05  3.008E-05  2.202E-05  1.574E-05  1.126E-05  7.631E-06  5.111E-06  3.195E-06  1.775E-06  8.107E-07  2.591E-07  3.682E-08  1.981E-09  3.346E-11  8.174E-14  1.949E-17  1.361E-23  0.000E+00  0.000E+00
  349.5000  1.403E-02  1.328E-02  1.255E-02  1.183E-02  1.113E-02  1.044E-02  9.774E-03  9.122E-03  8.499E-03  7.881E-03  7.293E-03  6.730E-03  6.196E-03  5.628E-03  5.039E-03  4.533E-03  4.099E-03  3.726E-03  3.336E-03  2.930E-03  2.651E-03  2.278E-03  1.986E-03  1.750E-03  1.492E-03  1.271E-03  1.078E-03  9.106E-04  7.649E-04  6.402E-04  5.348E-04  4.339E-04  3.562E-04  2.925E-04  2.346E-04  1.885E-04  1.524E-04  1.203E-04  9.469E-05  7.409E-05  5.745E-05  4.406E-05  3.340E-05  2.506E-05  1.835E-05  1.312E-05  9.387E-06  6.364E-06  4.265E-06  2.668E-06  1.485E-06  6.811E-07  2.194E-07  3.165E-08  1.748E-09  3.076E-11  8.014E-14  2.094E-17  1.670E-23  0.000E+00  0.000E+00
  350.5000  1.971E-02  1.866E-02  1.763E-02  1.663E-02  1.564E-02  1.467E-02  1.373E-02  1.282E-02  1.187E-02  1.108E-02  1.025E-02  9.460E-03  8.709E-03  7.911E-03  7.083E-03  6.373E-03  5.762E-03  5.238E-03  4.690E-03  4.118E-03  3.726E-03  3.202E-03  2.791E-03  2.459E-03  2.096E-03  1.785E-03  1.515E-03  1.279E-03  1.074E-03  8.988E-04  7.507E-04  6.089E-04  4.998E-04  4.103E-04  3.289E-04  2.643E-04  2.136E-04  1.686E-04  1.327E-04  1.038E-04  8.050E-05  6.175E-05  4.682E-05  3.514E-05  2.574E-05  1.841E-05  1.317E-05  8.937E-06  5.997E-06  3.760E-06  2.101E-06  9.698E-07  3.157E-07  4.635E-08  2.628E-09  4.809E-11  1.333E-13  3.803E-17  3.455E-23  0.000E+00  0.000E+00
  351.5000  1.693E-02  1.602E-02  1.514E-02  1.427E-02  1.342E-02  1.259E-02  1.178E-02  1.100E-02  1.024E-02  9.498E-03  8.788E-03  8.108E-03  7.463E-03  6.778E-03  6.067E-03  5.457E-03  4.933E-03  4.483E-03  4.013E-03  3.523E-03  3.187E-03  2.738E-03  2.386E-03  2.102E-03  1.792E-03  1.525E-03  1.294E-03  1.092E-03  9.172E-04  7.674E-04  6.408E-04  5.197E-04  4.265E-04  3.501E-04  2.806E-04  2.255E-04  1.822E-04  1.438E-04  1.132E-04  8.854E-05  6.866E-05  5.266E-05  3.994E-05  2.997E-05  2.195E-05  1.570E-05  1.124E-05  7.624E-06  5.116E-06  3.208E-06  1.794E-06  8.296E-07  2.715E-07  4.039E-08  2.349E-09  4.476E-11  1.322E-13  4.128E-17  4.271E-23  0.000E+00  0.000E+00
  352.5000  1.533E-02  1.452E-02  1.371E-02  1.293E-02  1.216E-02  1.141E-02  1.068E-02  9.968E-03  9.279E-03  8.611E-03  7.968E-03  7.352E-03  6.768E-03  6.147E-03  5.503E-03  4.950E-03  4.474E-03  4.066E-03  3.640E-03  3.196E-03  2.891E-03  2.483E-03  2.164E-03  1.906E-03  1.625E-03  1.383E-03  1.173E-03  9.901E-04  8.313E-04  6.953E-04  5.805E-04  4.707E-04  3.861E-04  3.169E-04  2.539E-04  2.040E-04  1.648E-04  1.301E-04  1.023E-04  8.006E-05  6.209E-05  4.763E-05  3.612E-05  2.712E-05  1.987E-05  1.422E-05  1.018E-05  6.911E-06  4.644E-06  2.918E-06  1.639E-06  7.635E-07  2.527E-07  3.826E-08  2.282E-09  4.517E-11  1.415E-13  4.813E-17  5.649E-23  0.000E+00  0.000E+00
  353.5000  1.858E-02  1.759E-02  1.662E-02  1.567E-02  1.475E-02  1.384E-02  1.295E-02  1.209E-02  1.131E-02  1.045E-02  9.670E-03  8.924E-03  8.216E-03  7.463E-03  6.682E-03  6.011E-03  5.434E-03  4.940E-03  4.422E-03  3.882E-03  3.513E-03  3.017E-03  2.630E-03  2.316E-03  1.974E-03  1.680E-03  1.425E-03  1.202E-03  1.009E-03  8.441E-04  7.045E-04  5.710E-04  4.683E-04  3.843E-04  3.078E-04  2.472E-04  1.996E-04  1.575E-04  1.239E-04  9.696E-05  7.520E-05  5.769E-05  4.377E-05  3.287E-05  2.409E-05  1.724E-05  1.235E-05  8.396E-06  5.652E-06  3.561E-06  2.010E-06  9.443E-07  3.165E-07  4.881E-08  2.986E-09  6.132E-11  2.036E-13  7.520E-17  9.990E-23  0.000E+00  0.000E+00
  354.5000  2.022E-02  1.915E-02  1.809E-02  1.706E-02  1.606E-02  1.507E-02  1.411E-02  1.317E-02  1.223E-02  1.138E-02  1.054E-02  9.726E-03  8.956E-03  8.136E-03  7.284E-03  6.554E-03  5.925E-03  5.387E-03  4.823E-03  4.234E-03  3.831E-03  3.291E-03  2.868E-03  2.526E-03  2.153E-03  1.832E-03  1.554E-03  1.311E-03  1.100E-03  9.198E-04  7.676E-04  6.219E-04  5.099E-04  4.184E-04  3.349E-04  2.689E-04  2.171E-04  1.713E-04  1.348E-04  1.054E-04  8.176E-05  6.274E-05  4.761E-05  3.576E-05  2.622E-05  1.877E-05  1.346E-05  9.153E-06  6.171E-06  3.898E-06  2.210E-06  1.046E-06  3.547E-07  5.570E-08  3.493E-09  7.439E-11  2.616E-13  1.049E-16  1.574E-22  0.000E+00  0.000E+00
  355.5000  1.892E-02  1.791E-02  1.693E-02  1.597E-02  1.502E-02  1.410E-02  1.320E-02  1.232E-02  1.151E-02  1.065E-02  9.858E-03  9.099E-03  8.377E-03  7.610E-03  6.813E-03  6.130E-03  5.541E-03  5.037E-03  4.510E-03  3.958E-03  3.582E-03  3.076E-03  2.681E-03  2.361E-03  2.011E-03  1.712E-03  1.452E-03  1.224E-03  1.027E-03  8.587E-04  7.165E-04  5.804E-04  4.758E-04  3.903E-04  3.124E-04  2.507E-04  2.024E-04  1.597E-04  1.256E-04  9.826E-05  7.621E-05  5.848E-05  4.438E-05  3.334E-05  2.445E-05  1.751E-05  1.256E-05  8.544E-06  5.765E-06  3.646E-06  2.073E-06  9.859E-07  3.370E-07  5.372E-08  3.451E-09  7.629E-11  2.843E-13  1.238E-16  2.099E-22  0.000E+00  0.000E+00
  356.5000  1.756E-02  1.663E-02  1.571E-02  1.482E-02  1.394E-02  1.308E-02  1.225E-02  1.144E-02  1.065E-02  9.883E-03  9.147E-03  8.442E-03  7.773E-03  7.060E-03  6.321E-03  5.686E-03  5.140E-03  4.671E-03  4.182E-03  3.670E-03  3.320E-03  2.851E-03  2.484E-03  2.187E-03  1.864E-03  1.586E-03  1.345E-03  1.134E-03  9.512E-04  7.950E-04  6.631E-04  5.370E-04  4.401E-04  3.610E-04  2.889E-04  2.318E-04  1.871E-04  1.476E-04  1.161E-04  9.081E-05  7.043E-05  5.405E-05  4.103E-05  3.082E-05  2.261E-05  1.619E-05  1.161E-05  7.906E-06  5.338E-06  3.379E-06  1.925E-06  9.197E-07  3.168E-07  5.122E-08  3.371E-09  7.729E-11  3.051E-13  1.443E-16  2.758E-22  0.000E+00  0.000E+00
  357.5000  1.492E-02  1.413E-02  1.335E-02  1.259E-02  1.185E-02  1.112E-02  1.041E-02  9.716E-03  8.920E-03  8.397E-03  7.771E-03  7.171E-03  6.602E-03  5.996E-03  5.368E-03  4.828E-03  4.363E-03  3.965E-03  3.549E-03  3.115E-03  2.817E-03  2.419E-03  2.107E-03  1.855E-03  1.580E-03  1.344E-03  1.140E-03  9.610E-04  8.060E-04  6.735E-04  5.617E-04  4.548E-04  3.727E-04  3.056E-04  2.445E-04  1.962E-04  1.584E-04  1.249E-04  9.821E-05  7.682E-05  5.958E-05  4.573E-05  3.471E-05  2.608E-05  1.914E-05  1.371E-05  9.832E-06  6.695E-06  4.522E-06  2.865E-06  1.636E-06  7.842E-07  2.720E-07  4.460E-08  3.004E-09  7.144E-11  2.986E-13  1.531E-16  3.296E-22  0.000E+00  0.000E+00
  358.5000  1.155E-02  1.094E-02  1.034E-02  9.750E-03  9.173E-03  8.609E-03  8.059E-03  7.524E-03  6.987E-03  6.503E-03  6.018E-03  5.554E-03  5.113E-03  4.645E-03  4.158E-03  3.740E-03  3.380E-03  3.072E-03  2.749E-03  2.412E-03  2.182E-03  1.873E-03  1.632E-03  1.437E-03  1.224E-03  1.041E-03  8.822E-04  7.437E-04  6.237E-04  5.211E-04  4.345E-04  3.517E-04  2.881E-04  2.362E-04  1.889E-04  1.516E-04  1.223E-04  9.643E-05  7.583E-05  5.932E-05  4.601E-05  3.531E-05  2.681E-05  2.015E-05  1.479E-05  1.059E-05  7.602E-06  5.179E-06  3.502E-06  2.223E-06  1.273E-06  6.139E-07  2.149E-07  3.579E-08  2.468E-09  6.079E-11  2.684E-13  1.489E-16  3.599E-22  0.000E+00  0.000E+00
  359.5000  1.945E-02  1.842E-02  1.741E-02  1.642E-02  1.545E-02  1.450E-02  1.357E-02  1.267E-02  1.192E-02  1.095E-02  1.013E-02  9.351E-03  8.608E-03  7.819E-03  6.998E-03  6.294E-03  5.688E-03  5.169E-03  4.626E-03  4.059E-03  3.671E-03  3.151E-03  2.745E-03  2.416E-03  2.057E-03  1.750E-03  1.483E-03  1.250E-03  1.048E-03  8.753E-04  7.297E-04  5.905E-04  4.837E-04  3.965E-04  3.170E-04  2.543E-04  2.052E-04  1.617E-04  1.272E-04  9.947E-05  7.715E-05  5.922E-05  4.496E-05  3.380E-05  2.481E-05  1.778E-05  1.276E-05  8.697E-06  5.885E-06  3.739E-06  2.146E-06  1.039E-06  3.665E-07  6.190E-08  4.368E-09  1.114E-10  5.198E-13  3.118E-16  8.457E-22  0.000E+00  0.000E+00
  360.5000  1.805E-02  1.709E-02  1.615E-02  1.523E-02  1.433E-02  1.345E-02  1.259E-02  1.175E-02  1.098E-02  1.016E-02  9.399E-03  8.674E-03  7.984E-03  7.252E-03  6.491E-03  5.837E-03  5.275E-03  4.793E-03  4.289E-03  3.762E-03  3.403E-03  2.920E-03  2.544E-03  2.239E-03  1.906E-03  1.621E-03  1.374E-03  1.158E-03  9.703E-04  8.103E-04  6.754E-04  5.464E-04  4.475E-04  3.668E-04  2.932E-04  2.351E-04  1.897E-04  1.495E-04  1.175E-04  9.193E-05  7.130E-05  5.473E-05  4.156E-05  3.124E-05  2.294E-05  1.644E-05  1.180E-05  8.047E-06  5.449E-06  3.466E-06  1.994E-06  9.698E-07  3.447E-07  5.903E-08  4.260E-09  1.125E-10  5.540E-13  3.590E-16  1.091E-21  0.000E+00  0.000E+00
  361.5000  1.631E-02  1.544E-02  1.459E-02  1.376E-02  1.295E-02  1.215E-02  1.138E-02  1.062E-02  9.919E-03  9.181E-03  8.496E-03  7.841E-03  7.218E-03  6.556E-03  5.868E-03  5.276E-03  4.768E-03  4.332E-03  3.877E-03  3.401E-03  3.075E-03  2.639E-03  2.298E-03  2.023E-03  1.722E-03  1.464E-03  1.240E-03  1.045E-03  8.760E-04  7.314E-04  6.095E-04  4.930E-04  4.036E-04  3.308E-04  2.643E-04  2.119E-04  1.709E-04  1.347E-04  1.059E-04  8.282E-05  6.424E-05  4.931E-05  3.745E-05  2.816E-05  2.068E-05  1.482E-05  1.065E-05  7.262E-06  4.922E-06  3.135E-06  1.809E-06  8.842E-07  3.169E-07  5.507E-08  4.064E-09  1.110E-10  5.764E-13  4.028E-16  1.368E-21  0.000E+00  0.000E+00
  362.5000  1.918E-02  1.816E-02  1.716E-02  1.619E-02  1.523E-02  1.430E-02  1.338E-02  1.249E-02  1.163E-02  1.080E-02  9.994E-03  9.222E-03  8.490E-03  7.711E-03  6.901E-03  6.206E-03  5.607E-03  5.094E-03  4.559E-03  3.998E-03  3.616E-03  3.102E-03  2.702E-03  2.377E-03  2.024E-03  1.720E-03  1.458E-03  1.228E-03  1.029E-03  8.588E-04  7.155E-04  5.787E-04  4.736E-04  3.881E-04  3.100E-04  2.485E-04  2.004E-04  1.579E-04  1.241E-04  9.707E-05  7.529E-05  5.780E-05  4.390E-05  3.301E-05  2.425E-05  1.739E-05  1.249E-05  8.524E-06  5.782E-06  3.687E-06  2.133E-06  1.047E-06  3.783E-07  6.666E-08  5.030E-09  1.420E-10  7.772E-13  5.852E-16  2.219E-21  0.000E+00  0.000E+00
  363.5000  1.708E-02  1.617E-02  1.528E-02  1.442E-02  1.356E-02  1.273E-02  1.192E-02  1.113E-02  1.038E-02  9.614E-03  8.897E-03  8.211E-03  7.558E-03  6.864E-03  6.143E-03  5.524E-03  4.991E-03  4.534E-03  4.057E-03  3.558E-03  3.217E-03  2.760E-03  2.403E-03  2.114E-03  1.800E-03  1.530E-03  1.296E-03  1.091E-03  9.143E-04  7.631E-04  6.356E-04  5.139E-04  4.205E-04  3.445E-04  2.751E-04  2.205E-04  1.778E-04  1.401E-04  1.101E-04  8.610E-05  6.678E-05  5.127E-05  3.894E-05  2.929E-05  2.152E-05  1.543E-05  1.109E-05  7.570E-06  5.139E-06  3.280E-06  1.902E-06  9.376E-07  3.411E-07  6.093E-08  4.698E-09  1.372E-10  7.904E-13  6.408E-16  2.708E-21  0.000E+00  0.000E+00
  364.5000  1.863E-02  1.764E-02  1.667E-02  1.573E-02  1.480E-02  1.389E-02  1.300E-02  1.214E-02  1.127E-02  1.049E-02  9.704E-03  8.954E-03  8.242E-03  7.485E-03  6.698E-03  6.022E-03  5.441E-03  4.942E-03  4.421E-03  3.877E-03  3.505E-03  3.007E-03  2.618E-03  2.303E-03  1.960E-03  1.666E-03  1.411E-03  1.188E-03  9.950E-04  8.302E-04  6.914E-04  5.589E-04  4.573E-04  3.745E-04  2.990E-04  2.396E-04  1.932E-04  1.522E-04  1.196E-04  9.352E-05  7.254E-05  5.569E-05  4.231E-05  3.182E-05  2.339E-05  1.677E-05  1.205E-05  8.231E-06  5.590E-06  3.572E-06  2.075E-06  1.026E-06  3.759E-07  6.801E-08  5.358E-09  1.617E-10  9.807E-13  8.555E-16  4.026E-21  0.000E+00  0.000E+00
  365.5000  2.269E-02  2.149E-02  2.031E-02  1.916E-02  1.802E-02  1.691E-02  1.583E-02  1.478E-02  1.377E-02  1.277E-02  1.182E-02  1.090E-02  1.003E-02  9.112E-03  8.154E-03  7.330E-03  6.621E-03  6.014E-03  5.379E-03  4.716E-03  4.264E-03  3.657E-03  3.183E-03  2.800E-03  2.382E-03  2.024E-03  1.713E-03  1.443E-03  1.208E-03  1.008E-03  8.395E-04  6.785E-04  5.549E-04  4.545E-04  3.628E-04  2.907E-04  2.343E-04  1.845E-04  1.450E-04  1.134E-04  8.794E-05  6.752E-05  5.130E-05  3.859E-05  2.837E-05  2.034E-05  1.462E-05  9.989E-06  6.788E-06  4.340E-06  2.525E-06  1.253E-06  4.620E-07  8.463E-08  6.809E-09  2.122E-10  1.355E-12  1.270E-15  6.647E-21  0.000E+00  0.000E+00
  366.5000  2.405E-02  2.278E-02  2.153E-02  2.030E-02  1.910E-02  1.793E-02  1.678E-02  1.566E-02  1.458E-02  1.353E-02  1.252E-02  1.156E-02  1.064E-02  9.657E-03  8.641E-03  7.768E-03  7.017E-03  6.372E-03  5.700E-03  4.997E-03  4.517E-03  3.873E-03  3.371E-03  2.965E-03  2.523E-03  2.143E-03  1.815E-03  1.527E-03  1.279E-03  1.067E-03  8.881E-04  7.175E-04  5.868E-04  4.805E-04  3.834E-04  3.072E-04  2.475E-04  1.949E-04  1.532E-04  1.198E-04  9.288E-05  7.132E-05  5.419E-05  4.077E-05  2.997E-05  2.150E-05  1.546E-05  1.056E-05  7.183E-06  4.598E-06  2.681E-06  1.337E-06  4.962E-07  9.211E-08  7.568E-09  2.434E-10  1.633E-12  1.643E-15  9.543E-21  0.000E+00  0.000E+00
  367.5000  2.287E-02  2.166E-02  2.047E-02  1.931E-02  1.816E-02  1.705E-02  1.596E-02  1.490E-02  1.385E-02  1.287E-02  1.191E-02  1.099E-02  1.011E-02  9.183E-03  8.217E-03  7.387E-03  6.672E-03  6.059E-03  5.419E-03  4.750E-03  4.293E-03  3.681E-03  3.204E-03  2.818E-03  2.397E-03  2.036E-03  1.722E-03  1.450E-03  1.214E-03  1.013E-03  8.428E-04  6.808E-04  5.566E-04  4.557E-04  3.636E-04  2.912E-04  2.346E-04  1.847E-04  1.451E-04  1.135E-04  8.800E-05  6.757E-05  5.135E-05  3.864E-05  2.841E-05  2.038E-05  1.466E-05  1.002E-05  6.820E-06  4.371E-06  2.554E-06  1.279E-06  4.781E-07  8.991E-08  7.541E-09  2.503E-10  1.763E-12  1.902E-15  1.224E-20  0.000E+00  0.000E+00
  368.5000  2.010E-02  1.904E-02  1.799E-02  1.697E-02  1.596E-02  1.498E-02  1.402E-02  1.309E-02  1.222E-02  1.131E-02  1.047E-02  9.656E-03  8.887E-03  8.069E-03  7.219E-03  6.490E-03  5.861E-03  5.322E-03  4.759E-03  4.171E-03  3.770E-03  3.232E-03  2.812E-03  2.473E-03  2.103E-03  1.787E-03  1.511E-03  1.272E-03  1.065E-03  8.878E-04  7.388E-04  5.967E-04  4.877E-04  3.992E-04  3.184E-04  2.550E-04  2.054E-04  1.617E-04  1.270E-04  9.931E-05  7.702E-05  5.914E-05  4.495E-05  3.383E-05  2.488E-05  1.785E-05  1.284E-05  8.782E-06  5.979E-06  3.835E-06  2.246E-06  1.128E-06  4.246E-07  8.084E-08  6.919E-09  2.369E-10  1.752E-12  2.025E-15  1.442E-20  0.000E+00  0.000E+00
  369.5000  2.413E-02  2.285E-02  2.159E-02  2.037E-02  1.916E-02  1.798E-02  1.683E-02  1.571E-02  1.461E-02  1.357E-02  1.256E-02  1.159E-02  1.066E-02  9.682E-03  8.662E-03  7.786E-03  7.031E-03  6.383E-03  5.708E-03  5.002E-03  4.520E-03  3.875E-03  3.371E-03  2.964E-03  2.520E-03  2.140E-03  1.812E-03  1.524E-03  1.275E-03  1.063E-03  8.846E-04  7.142E-04  5.837E-04  4.777E-04  3.809E-04  3.050E-04  2.456E-04  1.933E-04  1.519E-04  1.187E-04  9.207E-05  7.071E-05  5.374E-05  4.044E-05  2.976E-05  2.135E-05  1.536E-05  1.051E-05  7.159E-06  4.596E-06  2.696E-06  1.359E-06  5.149E-07  9.924E-08  8.666E-09  3.059E-10  2.373E-12  2.936E-15  2.312E-20  0.000E+00  0.000E+00
  370.5000  2.190E-02  2.074E-02  1.960E-02  1.849E-02  1.739E-02  1.632E-02  1.528E-02  1.426E-02  1.328E-02  1.232E-02  1.140E-02  1.052E-02  9.677E-03  8.786E-03  7.860E-03  7.064E-03  6.378E-03  5.790E-03  5.177E-03  4.537E-03  4.099E-03  3.513E-03  3.056E-03  2.687E-03  2.284E-03  1.939E-03  1.642E-03  1.381E-03  1.155E-03  9.628E-04  8.009E-04  6.465E-04  5.282E-04  4.322E-04  3.446E-04  2.758E-04  2.221E-04  1.748E-04  1.373E-04  1.073E-04  8.323E-05  6.391E-05  4.858E-05  3.657E-05  2.691E-05  1.931E-05  1.390E-05  9.509E-06  6.481E-06  4.165E-06  2.448E-06  1.238E-06  4.720E-07  9.207E-08  8.201E-09  2.984E-10  2.426E-12  3.210E-15  2.791E-20  0.000E+00  0.000E+00
  371.5000  2.507E-02  2.375E-02  2.244E-02  2.117E-02  1.991E-02  1.869E-02  1.749E-02  1.633E-02  1.517E-02  1.411E-02  1.305E-02  1.204E-02  1.108E-02  1.006E-02  8.997E-03  8.086E-03  7.300E-03  6.627E-03  5.925E-03  5.191E-03  4.690E-03  4.019E-03  3.496E-03  3.073E-03  2.612E-03  2.217E-03  1.877E-03  1.578E-03  1.320E-03  1.100E-03  9.147E-04  7.382E-04  6.030E-04  4.934E-04  3.932E-04  3.147E-04  2.534E-04  1.994E-04  1.566E-04  1.224E-04  9.491E-05  7.289E-05  5.540E-05  4.171E-05  3.070E-05  2.203E-05  1.586E-05  1.086E-05  7.404E-06  4.761E-06  2.804E-06  1.423E-06  5.460E-07  1.078E-07  9.790E-09  3.669E-10  3.125E-12  4.418E-15  4.235E-20  0.000E+00  0.000E+00
  372.5000  1.854E-02  1.755E-02  1.659E-02  1.565E-02  1.472E-02  1.381E-02  1.293E-02  1.207E-02  1.124E-02  1.043E-02  9.647E-03  8.899E-03  8.188E-03  7.433E-03  6.649E-03  5.975E-03  5.394E-03  4.896E-03  4.377E-03  3.835E-03  3.464E-03  2.968E-03  2.581E-03  2.269E-03  1.928E-03  1.637E-03  1.385E-03  1.164E-03  9.737E-04  8.113E-04  6.745E-04  5.443E-04  4.445E-04  3.636E-04  2.897E-04  2.318E-04  1.866E-04  1.468E-04  1.153E-04  9.010E-05  6.988E-05  5.366E-05  4.080E-05  3.071E-05  2.261E-05  1.623E-05  1.168E-05  8.001E-06  5.460E-06  3.514E-06  2.073E-06  1.056E-06  4.077E-07  8.145E-08  7.542E-09  2.911E-10  2.596E-12  3.916E-15  4.134E-20  0.000E+00  0.000E+00
  373.5000  1.676E-02  1.587E-02  1.500E-02  1.415E-02  1.331E-02  1.249E-02  1.169E-02  1.091E-02  1.012E-02  9.425E-03  8.720E-03  8.043E-03  7.400E-03  6.718E-03  6.009E-03  5.400E-03  4.874E-03  4.424E-03  3.954E-03  3.463E-03  3.128E-03  2.680E-03  2.331E-03  2.048E-03  1.740E-03  1.477E-03  1.250E-03  1.050E-03  8.783E-04  7.316E-04  6.082E-04  4.906E-04  4.006E-04  3.276E-04  2.610E-04  2.088E-04  1.680E-04  1.322E-04  1.038E-04  8.111E-05  6.290E-05  4.831E-05  3.673E-05  2.765E-05  2.036E-05  1.462E-05  1.053E-05  7.210E-06  4.922E-06  3.171E-06  1.873E-06  9.574E-07  3.718E-07  7.513E-08  7.090E-09  2.817E-10  2.629E-12  4.230E-15  4.910E-20  0.000E+00  0.000E+00
  374.5000  1.840E-02  1.742E-02  1.647E-02  1.553E-02  1.461E-02  1.371E-02  1.283E-02  1.198E-02  1.115E-02  1.035E-02  9.572E-03  8.829E-03  8.123E-03  7.373E-03  6.595E-03  5.925E-03  5.348E-03  4.853E-03  4.338E-03  3.799E-03  3.431E-03  2.939E-03  2.555E-03  2.245E-03  1.908E-03  1.619E-03  1.369E-03  1.151E-03  9.621E-04  8.012E-04  6.659E-04  5.371E-04  4.384E-04  3.585E-04  2.855E-04  2.284E-04  1.838E-04  1.445E-04  1.135E-04  8.867E-05  6.876E-05  5.281E-05  4.015E-05  3.024E-05  2.227E-05  1.599E-05  1.151E-05  7.889E-06  5.389E-06  3.474E-06  2.056E-06  1.054E-06  4.117E-07  8.414E-08  8.091E-09  3.308E-10  3.228E-12  5.536E-15  7.059E-20  0.000E+00  0.000E+00
  375.5000  2.078E-02  1.967E-02  1.859E-02  1.754E-02  1.650E-02  1.548E-02  1.449E-02  1.353E-02  1.260E-02  1.168E-02  1.081E-02  9.968E-03  9.170E-03  8.324E-03  7.445E-03  6.689E-03  6.037E-03  5.478E-03  4.895E-03  4.287E-03  3.871E-03  3.316E-03  2.882E-03  2.532E-03  2.151E-03  1.825E-03  1.543E-03  1.297E-03  1.084E-03  9.027E-04  7.501E-04  6.048E-04  4.936E-04  4.036E-04  3.213E-04  2.570E-04  2.067E-04  1.626E-04  1.276E-04  9.972E-05  7.733E-05  5.939E-05  4.516E-05  3.401E-05  2.505E-05  1.799E-05  1.296E-05  8.881E-06  6.070E-06  3.916E-06  2.322E-06  1.194E-06  4.693E-07  9.702E-08  9.504E-09  3.997E-10  4.075E-12  7.440E-15  1.041E-19  0.000E+00  0.000E+00
  376.5000  2.076E-02  1.966E-02  1.858E-02  1.752E-02  1.649E-02  1.547E-02  1.448E-02  1.352E-02  1.260E-02  1.167E-02  1.080E-02  9.959E-03  9.162E-03  8.316E-03  7.438E-03  6.682E-03  6.030E-03  5.471E-03  4.889E-03  4.281E-03  3.865E-03  3.310E-03  2.877E-03  2.527E-03  2.147E-03  1.821E-03  1.539E-03  1.293E-03  1.081E-03  9.000E-04  7.477E-04  6.028E-04  4.918E-04  4.021E-04  3.200E-04  2.559E-04  2.058E-04  1.618E-04  1.270E-04  9.924E-05  7.696E-05  5.911E-05  4.495E-05  3.385E-05  2.494E-05  1.791E-05  1.290E-05  8.847E-06  6.050E-06  3.906E-06  2.320E-06  1.197E-06  4.732E-07  9.893E-08  9.871E-09  4.268E-10  4.545E-12  8.826E-15  1.352E-19  0.000E+00  0.000E+00
  377.5000  2.474E-02  2.343E-02  2.214E-02  2.088E-02  1.964E-02  1.843E-02  1.725E-02  1.610E-02  1.499E-02  1.391E-02  1.286E-02  1.187E-02  1.091E-02  9.907E-03  8.860E-03  7.959E-03  7.182E-03  6.515E-03  5.822E-03  5.097E-03  4.602E-03  3.940E-03  3.425E-03  3.008E-03  2.555E-03  2.167E-03  1.830E-03  1.538E-03  1.285E-03  1.070E-03  8.886E-04  7.162E-04  5.842E-04  4.776E-04  3.800E-04  3.038E-04  2.443E-04  1.921E-04  1.507E-04  1.178E-04  9.131E-05  7.014E-05  5.334E-05  4.018E-05  2.960E-05  2.127E-05  1.532E-05  1.051E-05  7.189E-06  4.645E-06  2.764E-06  1.431E-06  5.687E-07  1.202E-07  1.221E-08  5.428E-10  6.034E-12  1.245E-14  2.088E-19  0.000E+00  0.000E+00
  378.5000  2.697E-02  2.554E-02  2.414E-02  2.277E-02  2.142E-02  2.010E-02  1.881E-02  1.756E-02  1.636E-02  1.516E-02  1.403E-02  1.294E-02  1.190E-02  1.080E-02  9.658E-03  8.675E-03  7.827E-03  7.100E-03  6.343E-03  5.553E-03  5.013E-03  4.292E-03  3.729E-03  3.275E-03  2.781E-03  2.359E-03  1.992E-03  1.674E-03  1.398E-03  1.164E-03  9.664E-04  7.787E-04  6.351E-04  5.190E-04  4.129E-04  3.300E-04  2.654E-04  2.086E-04  1.637E-04  1.279E-04  9.915E-05  7.615E-05  5.792E-05  4.363E-05  3.215E-05  2.310E-05  1.665E-05  1.142E-05  7.816E-06  5.054E-06  3.012E-06  1.564E-06  6.251E-07  1.336E-07  1.381E-08  6.309E-10  7.316E-12  1.603E-14  2.939E-19  0.000E+00  0.000E+00
  379.5000  1.996E-02  1.891E-02  1.787E-02  1.685E-02  1.585E-02  1.488E-02  1.392E-02  1.299E-02  1.209E-02  1.122E-02  1.038E-02  9.572E-03  8.804E-03  7.991E-03  7.146E-03  6.418E-03  5.790E-03  5.252E-03  4.691E-03  4.106E-03  3.706E-03  3.173E-03  2.757E-03  2.420E-03  2.055E-03  1.743E-03  1.472E-03  1.236E-03  1.033E-03  8.592E-04  7.134E-04  5.747E-04  4.686E-04  3.829E-04  3.045E-04  2.433E-04  1.956E-04  1.538E-04  1.206E-04  9.423E-05  7.307E-05  5.612E-05  4.268E-05  3.216E-05  2.370E-05  1.703E-05  1.228E-05  8.424E-06  5.768E-06  3.733E-06  2.227E-06  1.160E-06  4.662E-07  1.007E-07  1.060E-08  4.972E-10  6.012E-12  1.398E-14  2.798E-19  0.000E+00  0.000E+00
  380.5000  2.402E-02  2.275E-02  2.150E-02  2.028E-02  1.908E-02  1.790E-02  1.675E-02  1.564E-02  1.452E-02  1.350E-02  1.249E-02  1.152E-02  1.059E-02  9.613E-03  8.596E-03  7.720E-03  6.964E-03  6.316E-03  5.642E-03  4.938E-03  4.456E-03  3.814E-03  3.313E-03  2.909E-03  2.469E-03  2.094E-03  1.768E-03  1.485E-03  1.240E-03  1.031E-03  8.563E-04  6.896E-04  5.622E-04  4.593E-04  3.652E-04  2.918E-04  2.345E-04  1.843E-04  1.446E-04  1.129E-04  8.755E-05  6.725E-05  5.115E-05  3.854E-05  2.841E-05  2.042E-05  1.472E-05  1.010E-05  6.922E-06  4.482E-06  2.679E-06  1.399E-06  5.655E-07  1.234E-07  1.322E-08  6.367E-10  8.023E-12  1.978E-14  4.318E-19  0.000E+00  0.000E+00
  381.5000  2.259E-02  2.139E-02  2.021E-02  1.906E-02  1.793E-02  1.683E-02  1.575E-02  1.470E-02  1.367E-02  1.269E-02  1.174E-02  1.083E-02  9.957E-03  9.036E-03  8.080E-03  7.256E-03  6.545E-03  5.936E-03  5.301E-03  4.639E-03  4.186E-03  3.582E-03  3.112E-03  2.731E-03  2.319E-03  1.965E-03  1.659E-03  1.393E-03  1.163E-03  9.675E-04  8.030E-04  6.466E-04  5.270E-04  4.305E-04  3.422E-04  2.733E-04  2.197E-04  1.726E-04  1.354E-04  1.057E-04  8.197E-05  6.296E-05  4.789E-05  3.609E-05  2.661E-05  1.913E-05  1.379E-05  9.468E-06  6.489E-06  4.205E-06  2.517E-06  1.319E-06  5.358E-07  1.182E-07  1.288E-08  6.366E-10  8.354E-12  2.182E-14  5.189E-19  0.000E+00  0.000E+00
  382.5000  1.506E-02  1.426E-02  1.348E-02  1.271E-02  1.196E-02  1.122E-02  1.050E-02  9.800E-03  9.096E-03  8.462E-03  7.826E-03  7.217E-03  6.637E-03  6.023E-03  5.385E-03  4.836E-03  4.362E-03  3.955E-03  3.532E-03  3.090E-03  2.788E-03  2.386E-03  2.072E-03  1.819E-03  1.543E-03  1.308E-03  1.104E-03  9.270E-04  7.739E-04  6.435E-04  5.340E-04  4.299E-04  3.503E-04  2.861E-04  2.273E-04  1.816E-04  1.459E-04  1.146E-04  8.988E-05  7.019E-05  5.442E-05  4.180E-05  3.180E-05  2.397E-05  1.767E-05  1.270E-05  9.160E-06  6.291E-06  4.314E-06  2.797E-06  1.677E-06  8.810E-07  3.599E-07  8.021E-08  8.889E-09  4.509E-10  6.159E-12  1.703E-14  4.407E-19  0.000E+00  0.000E+00
  383.5000  1.323E-02  1.253E-02  1.184E-02  1.117E-02  1.050E-02  9.857E-03  9.225E-03  8.609E-03  8.004E-03  7.433E-03  6.875E-03  6.339E-03  5.830E-03  5.290E-03  4.730E-03  4.247E-03  3.830E-03  3.473E-03  3.101E-03  2.713E-03  2.447E-03  2.094E-03  1.818E-03  1.596E-03  1.354E-03  1.147E-03  9.682E-04  8.128E-04  6.784E-04  5.640E-04  4.679E-04  3.766E-04  3.068E-04  2.505E-04  1.990E-04  1.589E-04  1.277E-04  1.003E-04  7.863E-05  6.140E-05  4.760E-05  3.657E-05  2.782E-05  2.097E-05  1.547E-05  1.112E-05  8.018E-06  5.508E-06  3.779E-06  2.452E-06  1.472E-06  7.755E-07  3.184E-07  7.170E-08  8.080E-09  4.204E-10  5.974E-12  1.748E-14  4.916E-19  0.000E+00  0.000E+00
  384.5000  1.986E-02  1.881E-02  1.778E-02  1.677E-02  1.577E-02  1.480E-02  1.385E-02  1.293E-02  1.203E-02  1.116E-02  1.032E-02  9.517E-03  8.752E-03  7.941E-03  7.100E-03  6.375E-03  5.749E-03  5.211E-03  4.653E-03  4.070E-03  3.672E-03  3.141E-03  2.727E-03  2.393E-03  2.030E-03  1.720E-03  1.451E-03  1.218E-03  1.016E-03  8.448E-04  7.007E-04  5.639E-04  4.593E-04  3.749E-04  2.978E-04  2.378E-04  1.910E-04  1.500E-04  1.176E-04  9.181E-05  7.117E-05  5.467E-05  4.159E-05  3.135E-05  2.313E-05  1.663E-05  1.200E-05  8.242E-06  5.657E-06  3.673E-06  2.209E-06  1.167E-06  4.815E-07  1.095E-07  1.255E-08  6.694E-10  9.893E-12  3.059E-14  9.344E-19  0.000E+00  0.000E+00
  385.5000  1.966E-02  1.862E-02  1.760E-02  1.660E-02  1.561E-02  1.465E-02  1.371E-02  1.280E-02  1.190E-02  1.105E-02  1.022E-02  9.419E-03  8.662E-03  7.859E-03  7.027E-03  6.308E-03  5.688E-03  5.156E-03  4.603E-03  4.026E-03  3.631E-03  3.106E-03  2.696E-03  2.365E-03  2.007E-03  1.700E-03  1.434E-03  1.203E-03  1.004E-03  8.343E-04  6.919E-04  5.566E-04  4.533E-04  3.700E-04  2.938E-04  2.345E-04  1.883E-04  1.479E-04  1.159E-04  9.050E-05  7.016E-05  5.389E-05  4.100E-05  3.091E-05  2.281E-05  1.640E-05  1.183E-05  8.132E-06  5.583E-06  3.628E-06  2.184E-06  1.157E-06  4.800E-07  1.103E-07  1.284E-08  7.022E-10  1.079E-11  3.523E-14  1.167E-18  0.000E+00  0.000E+00
  386.5000  2.005E-02  1.899E-02  1.795E-02  1.693E-02  1.592E-02  1.494E-02  1.398E-02  1.305E-02  1.214E-02  1.127E-02  1.042E-02  9.605E-03  8.832E-03  8.014E-03  7.164E-03  6.432E-03  5.799E-03  5.256E-03  4.692E-03  4.103E-03  3.700E-03  3.164E-03  2.747E-03  2.409E-03  2.043E-03  1.731E-03  1.460E-03  1.225E-03  1.022E-03  8.489E-04  7.038E-04  5.661E-04  4.609E-04  3.761E-04  2.986E-04  2.383E-04  1.913E-04  1.502E-04  1.177E-04  9.191E-05  7.124E-05  5.473E-05  4.164E-05  3.139E-05  2.317E-05  1.666E-05  1.202E-05  8.265E-06  5.677E-06  3.691E-06  2.226E-06  1.182E-06  4.928E-07  1.143E-07  1.353E-08  7.582E-10  1.210E-11  4.171E-14  1.497E-18  0.000E+00  0.000E+00
  387.5000  1.864E-02  1.766E-02  1.669E-02  1.574E-02  1.480E-02  1.389E-02  1.300E-02  1.213E-02  1.128E-02  1.047E-02  9.685E-03  8.929E-03  8.210E-03  7.449E-03  6.659E-03  5.978E-03  5.389E-03  4.884E-03  4.360E-03  3.812E-03  3.438E-03  2.939E-03  2.551E-03  2.237E-03  1.897E-03  1.607E-03  1.355E-03  1.137E-03  9.479E-04  7.874E-04  6.527E-04  5.249E-04  4.272E-04  3.486E-04  2.767E-04  2.207E-04  1.772E-04  1.391E-04  1.090E-04  8.509E-05  6.596E-05  5.067E-05  3.855E-05  2.907E-05  2.146E-05  1.543E-05  1.114E-05  7.658E-06  5.263E-06  3.424E-06  2.067E-06  1.101E-06  4.612E-07  1.080E-07  1.299E-08  7.458E-10  1.236E-11  4.492E-14  1.746E-18  0.000E+00  0.000E+00
  388.5000  1.870E-02  1.771E-02  1.673E-02  1.578E-02  1.484E-02  1.393E-02  1.304E-02  1.217E-02  1.130E-02  1.050E-02  9.711E-03  8.953E-03  8.231E-03  7.468E-03  6.676E-03  5.993E-03  5.402E-03  4.895E-03  4.369E-03  3.820E-03  3.444E-03  2.944E-03  2.555E-03  2.240E-03  1.900E-03  1.608E-03  1.356E-03  1.137E-03  9.485E-04  7.877E-04  6.528E-04  5.249E-04  4.271E-04  3.484E-04  2.765E-04  2.205E-04  1.770E-04  1.389E-04  1.089E-04  8.497E-05  6.586E-05  5.059E-05  3.849E-05  2.903E-05  2.143E-05  1.541E-05  1.112E-05  7.652E-06  5.261E-06  3.425E-06  2.070E-06  1.105E-06  4.654E-07  1.101E-07  1.344E-08  7.904E-10  1.359E-11  5.208E-14  2.189E-18  0.000E+00  0.000E+00
  389.5000  2.359E-02  2.234E-02  2.111E-02  1.991E-02  1.873E-02  1.757E-02  1.645E-02  1.535E-02  1.428E-02  1.325E-02  1.225E-02  1.129E-02  1.038E-02  9.421E-03  8.421E-03  7.558E-03  6.813E-03  6.173E-03  5.509E-03  4.816E-03  4.342E-03  3.711E-03  3.220E-03  2.823E-03  2.393E-03  2.026E-03  1.708E-03  1.432E-03  1.194E-03  9.915E-04  8.216E-04  6.604E-04  5.372E-04  4.382E-04  3.476E-04  2.772E-04  2.225E-04  1.746E-04  1.368E-04  1.067E-04  8.273E-05  6.355E-05  4.836E-05  3.647E-05  2.693E-05  1.937E-05  1.398E-05  9.621E-06  6.617E-06  4.310E-06  2.609E-06  1.397E-06  5.909E-07  1.410E-07  1.750E-08  1.053E-09  1.879E-11  7.583E-14  3.444E-18  0.000E+00  0.000E+00
  390.5000  2.318E-02  2.195E-02  2.075E-02  1.957E-02  1.841E-02  1.727E-02  1.616E-02  1.508E-02  1.405E-02  1.302E-02  1.204E-02  1.110E-02  1.020E-02  9.256E-03  8.274E-03  7.426E-03  6.693E-03  6.064E-03  5.411E-03  4.730E-03  4.263E-03  3.644E-03  3.161E-03  2.771E-03  2.349E-03  1.988E-03  1.676E-03  1.405E-03  1.171E-03  9.721E-04  8.054E-04  6.472E-04  5.264E-04  4.293E-04  3.405E-04  2.715E-04  2.178E-04  1.709E-04  1.339E-04  1.045E-04  8.096E-05  6.219E-05  4.733E-05  3.570E-05  2.636E-05  1.896E-05  1.369E-05  9.422E-06  6.483E-06  4.225E-06  2.561E-06  1.375E-06  5.842E-07  1.408E-07  1.774E-08  1.093E-09  2.020E-11  8.584E-14  4.209E-18  0.000E+00  0.000E+00
  391.5000  2.752E-02  2.606E-02  2.463E-02  2.323E-02  2.185E-02  2.050E-02  1.919E-02  1.790E-02  1.663E-02  1.545E-02  1.429E-02  1.317E-02  1.211E-02  1.099E-02  9.819E-03  8.812E-03  7.942E-03  7.195E-03  6.419E-03  5.610E-03  5.056E-03  4.321E-03  3.748E-03  3.285E-03  2.784E-03  2.356E-03  1.986E-03  1.664E-03  1.387E-03  1.151E-03  9.536E-04  7.661E-04  6.230E-04  5.080E-04  4.027E-04  3.211E-04  2.576E-04  2.020E-04  1.582E-04  1.235E-04  9.569E-05  7.350E-05  5.594E-05  4.220E-05  3.116E-05  2.242E-05  1.619E-05  1.115E-05  7.672E-06  5.003E-06  3.037E-06  1.634E-06  6.977E-07  1.697E-07  2.170E-08  1.368E-09  2.621E-11  1.171E-13  6.194E-18  0.000E+00  0.000E+00
  392.5000  2.065E-02  1.955E-02  1.848E-02  1.743E-02  1.639E-02  1.538E-02  1.439E-02  1.343E-02  1.250E-02  1.159E-02  1.072E-02  9.882E-03  9.084E-03  8.241E-03  7.366E-03  6.610E-03  5.957E-03  5.395E-03  4.814E-03  4.207E-03  3.791E-03  3.239E-03  2.809E-03  2.462E-03  2.086E-03  1.765E-03  1.487E-03  1.246E-03  1.038E-03  8.618E-04  7.136E-04  5.732E-04  4.660E-04  3.799E-04  3.011E-04  2.400E-04  1.925E-04  1.510E-04  1.182E-04  9.225E-05  7.149E-05  5.491E-05  4.179E-05  3.153E-05  2.329E-05  1.676E-05  1.210E-05  8.333E-06  5.738E-06  3.744E-06  2.275E-06  1.227E-06  5.265E-07  1.292E-07  1.678E-08  1.082E-09  2.147E-11  1.009E-13  5.746E-18  0.000E+00  0.000E+00
  393.5000  8.980E-03  8.504E-03  8.037E-03  7.580E-03  7.130E-03  6.690E-03  6.261E-03  5.843E-03  5.414E-03  5.043E-03  4.662E-03  4.298E-03  3.951E-03  3.584E-03  3.203E-03  2.874E-03  2.590E-03  2.346E-03  2.092E-03  1.828E-03  1.647E-03  1.407E-03  1.220E-03  1.069E-03  9.059E-04  7.663E-04  6.458E-04  5.410E-04  4.507E-04  3.739E-04  3.096E-04  2.486E-04  2.021E-04  1.647E-04  1.305E-04  1.040E-04  8.341E-05  6.540E-05  5.122E-05  3.996E-05  3.096E-05  2.378E-05  1.810E-05  1.365E-05  1.009E-05  7.260E-06  5.244E-06  3.612E-06  2.488E-06  1.624E-06  9.883E-07  5.343E-07  2.302E-07  5.702E-08  7.513E-09  4.954E-10  1.018E-11  5.025E-14  3.081E-18  0.000E+00  0.000E+00
  394.5000  2.114E-02  2.002E-02  1.892E-02  1.784E-02  1.679E-02  1.575E-02  1.474E-02  1.375E-02  1.277E-02  1.187E-02  1.098E-02  1.012E-02  9.299E-03  8.435E-03  7.539E-03  6.764E-03  6.095E-03  5.519E-03  4.923E-03  4.301E-03  3.875E-03  3.310E-03  2.870E-03  2.514E-03  2.129E-03  1.801E-03  1.518E-03  1.271E-03  1.059E-03  8.782E-04  7.270E-04  5.837E-04  4.743E-04  3.865E-04  3.062E-04  2.440E-04  1.956E-04  1.533E-04  1.201E-04  9.366E-05  7.257E-05  5.574E-05  4.243E-05  3.201E-05  2.365E-05  1.702E-05  1.230E-05  8.471E-06  5.838E-06  3.813E-06  2.323E-06  1.259E-06  5.449E-07  1.361E-07  1.820E-08  1.227E-09  2.610E-11  1.352E-13  8.918E-18  0.000E+00  0.000E+00
  395.5000  2.721E-02  2.577E-02  2.436E-02  2.297E-02  2.161E-02  2.027E-02  1.897E-02  1.770E-02  1.648E-02  1.528E-02  1.413E-02  1.302E-02  1.197E-02  1.086E-02  9.702E-03  8.705E-03  7.842E-03  7.101E-03  6.334E-03  5.533E-03  4.984E-03  4.257E-03  3.690E-03  3.232E-03  2.737E-03  2.315E-03  1.950E-03  1.633E-03  1.360E-03  1.128E-03  9.334E-04  7.492E-04  6.087E-04  4.960E-04  3.928E-04  3.129E-04  2.508E-04  1.966E-04  1.539E-04  1.200E-04  9.301E-05  7.144E-05  5.438E-05  4.103E-05  3.032E-05  2.182E-05  1.577E-05  1.087E-05  7.490E-06  4.896E-06  2.986E-06  1.622E-06  7.051E-07  1.777E-07  2.410E-08  1.661E-09  3.654E-11  1.987E-13  1.408E-17  0.000E+00  0.000E+00
  396.5000  1.599E-02  1.514E-02  1.431E-02  1.349E-02  1.269E-02  1.191E-02  1.115E-02  1.040E-02  9.670E-03  8.976E-03  8.299E-03  7.649E-03  7.030E-03  6.377E-03  5.699E-03  5.113E-03  4.606E-03  4.170E-03  3.719E-03  3.248E-03  2.926E-03  2.499E-03  2.166E-03  1.897E-03  1.606E-03  1.358E-03  1.144E-03  9.577E-04  7.973E-04  6.611E-04  5.470E-04  4.390E-04  3.566E-04  2.905E-04  2.300E-04  1.832E-04  1.468E-04  1.150E-04  9.005E-05  7.023E-05  5.441E-05  4.179E-05  3.181E-05  2.400E-05  1.774E-05  1.277E-05  9.230E-06  6.361E-06  4.387E-06  2.869E-06  1.752E-06  9.537E-07  4.164E-07  1.059E-07  1.457E-08  1.025E-09  2.333E-11  1.330E-13  1.012E-17  0.000E+00  0.000E+00
  397.5000  1.846E-02  1.748E-02  1.652E-02  1.558E-02  1.466E-02  1.375E-02  1.287E-02  1.201E-02  1.117E-02  1.036E-02  9.581E-03  8.830E-03  8.116E-03  7.361E-03  6.579E-03  5.902E-03  5.316E-03  4.813E-03  4.292E-03  3.748E-03  3.376E-03  2.882E-03  2.498E-03  2.187E-03  1.852E-03  1.565E-03  1.318E-03  1.104E-03  9.187E-04  7.616E-04  6.300E-04  5.055E-04  4.105E-04  3.343E-04  2.646E-04  2.107E-04  1.688E-04  1.323E-04  1.035E-04  8.075E-05  6.255E-05  4.805E-05  3.657E-05  2.760E-05  2.040E-05  1.469E-05  1.062E-05  7.318E-06  5.049E-06  3.303E-06  2.020E-06  1.102E-06  4.833E-07  1.239E-07  1.729E-08  1.244E-09  2.925E-11  1.747E-13  1.425E-17  0.000E+00  0.000E+00
  398.5000  3.173E-02  3.005E-02  2.840E-02  2.679E-02  2.520E-02  2.364E-02  2.212E-02  2.065E-02  1.916E-02  1.782E-02  1.647E-02  1.518E-02  1.395E-02  1.265E-02  1.131E-02  1.014E-02  9.137E-03  8.271E-03  7.375E-03  6.440E-03  5.799E-03  4.951E-03  4.290E-03  3.756E-03  3.179E-03  2.687E-03  2.263E-03  1.894E-03  1.576E-03  1.306E-03  1.080E-03  8.667E-04  7.036E-04  5.730E-04  4.534E-04  3.610E-04  2.892E-04  2.265E-04  1.773E-04  1.382E-04  1.071E-04  8.225E-05  6.261E-05  4.725E-05  3.493E-05  2.515E-05  1.818E-05  1.254E-05  8.652E-06  5.664E-06  3.467E-06  1.896E-06  8.351E-07  2.160E-07  3.056E-08  2.244E-09  5.452E-11  3.411E-13  2.983E-17  0.000E+00  0.000E+00
  399.5000  3.302E-02  3.127E-02  2.955E-02  2.787E-02  2.622E-02  2.460E-02  2.302E-02  2.148E-02  2.002E-02  1.854E-02  1.714E-02  1.580E-02  1.452E-02  1.317E-02  1.177E-02  1.055E-02  9.505E-03  8.604E-03  7.670E-03  6.698E-03  6.030E-03  5.147E-03  4.460E-03  3.904E-03  3.304E-03  2.792E-03  2.351E-03  1.967E-03  1.637E-03  1.356E-03  1.121E-03  8.994E-04  7.300E-04  5.943E-04  4.702E-04  3.743E-04  2.998E-04  2.348E-04  1.837E-04  1.432E-04  1.109E-04  8.521E-05  6.487E-05  4.896E-05  3.620E-05  2.607E-05  1.885E-05  1.300E-05  8.974E-06  5.878E-06  3.602E-06  1.974E-06  8.731E-07  2.277E-07  3.267E-08  2.449E-09  6.145E-11  4.024E-13  3.768E-17  0.000E+00  0.000E+00
------------------------------------------------------------
Dose rates,W m-2
   1 = UV index (WMO, 1994; Webb et al., 2011)           
   2 = Previtamin-D3 (CIE 2006)                          
values at z =      0.025 km
Columns: time,sza,weighting spectra
time,hrs.  sza,deg.          1          2
   18.0000     87.623  4.584E-02  6.779E-04
   18.0167     87.810  4.322E-02  6.399E-04
   18.0333     87.998  4.068E-02  6.035E-04
   18.0500     88.186  3.823E-02  5.686E-04
   18.0667     88.374  3.585E-02  5.349E-04
   18.0833     88.562  3.354E-02  5.026E-04
   18.1000     88.751  3.132E-02  4.716E-04
   18.1167     88.940  2.918E-02  4.419E-04
   18.1333     89.129  2.712E-02  4.134E-04
   18.1500     89.318  2.514E-02  3.862E-04
   18.1667     89.507  2.325E-02  3.603E-04
   18.1833     89.697  2.146E-02  3.355E-04
   18.2000     89.887  1.976E-02  3.122E-04
   18.2167     90.077  1.798E-02  2.875E-04
   18.2333     90.268  1.615E-02  2.619E-04
   18.2500     90.458  1.458E-02  2.397E-04
   18.2667     90.649  1.322E-02  2.205E-04
   18.2833     90.840  1.206E-02  2.040E-04
   18.3000     91.031  1.084E-02  1.864E-04
   18.3167     91.222  9.587E-03  1.678E-04
   18.3333     91.414  8.715E-03  1.550E-04
   18.3500     91.605  7.557E-03  1.372E-04
   18.3667     91.797  6.644E-03  1.229E-04
   18.3833     91.990  5.900E-03  1.112E-04
   18.4000     92.182  5.087E-03  9.789E-05
   18.4167     92.375  4.383E-03  8.607E-05
   18.4333     92.567  3.764E-03  7.539E-05
   18.4500     92.760  3.217E-03  6.567E-05
   18.4667     92.953  2.736E-03  5.687E-05
   18.4833     93.147  2.318E-03  4.898E-05
   18.5000     93.340  1.958E-03  4.199E-05
   18.5167     93.533  1.607E-03  3.485E-05
   18.5333     93.727  1.332E-03  2.918E-05
   18.5500     93.921  1.098E-03  2.411E-05
   18.5667     94.116  8.873E-04  1.962E-05
   18.5833     94.310  7.137E-04  1.574E-05
   18.6000     94.505  5.768E-04  1.269E-05
   18.6167     94.699  4.530E-04  9.867E-06
   18.6333     94.894  3.533E-04  7.588E-06
   18.6500     95.089  2.729E-04  5.749E-06
   18.6667     95.285  2.080E-04  4.266E-06
   18.6833     95.480  1.557E-04  3.062E-06
   18.7000     95.676  1.141E-04  2.098E-06
   18.7167     95.871  8.144E-05  1.335E-06
   18.7333     96.067  5.527E-05  7.298E-07
   18.7500     96.264  3.639E-05  3.544E-07
   18.7667     96.460  2.375E-05  1.515E-07
   18.7833     96.656  1.462E-05  5.278E-08
   18.8000     96.853  9.030E-06  1.821E-08
   18.8167     97.050  5.279E-06  5.861E-09
   18.8333     97.247  2.774E-06  1.548E-09
   18.8500     97.444  1.238E-06  3.259E-10
   18.8667     97.641  4.123E-07  5.034E-11
   18.8833     97.839  7.001E-08  3.469E-12
   18.9000     98.036  5.829E-09  9.170E-14
   18.9167     98.234  2.428E-10  5.963E-16
   18.9333     98.432  3.433E-12  3.285E-19
   18.9500     98.630  1.398E-14  9.409E-24
   18.9667     98.828  8.698E-19  2.751E-31
   18.9833     99.026  0.000E+00  0.000E+00
   19.0000     99.224  0.000E+00  0.000E+00
------------------------------------------------------------
