Spectral Irradiance,W m-2 nm-1
values at z =      0.025 km
Columns: wavelength (nm),times (hrs.) or sza (deg.)
    wc,nm     18.000     18.017     18.033     18.050     18.067     18.083     18.100     18.117     18.133     18.150     18.167     18.183     18.200     18.217     18.233     18.250     18.267     18.283     18.300     18.317     18.333     18.350     18.367     18.383     18.400     18.417     18.433     18.450     18.467     18.483     18.500     18.517     18.533     18.550     18.567     18.583     18.600     18.617     18.633     18.650     18.667     18.683     18.700     18.717     18.733     18.750     18.767     18.783     18.800     18.817     18.833     18.850     18.867     18.883     18.900     18.917     18.933     18.950     18.967     18.983     19.000
    sza =      88.933     89.119     89.304     89.490     89.676     89.863     90.049     90.236     90.423     90.610     90.798     90.985     91.173     91.362     91.550     91.738     91.927     92.116     92.305     92.495     92.684     92.874     93.064     93.255     93.445     93.636     93.826     94.017     94.209     94.400     94.592     94.783     94.975     95.168     95.360     95.553     95.746     95.938     96.131     96.325     96.518     96.712     96.906     97.100     97.294     97.488     97.683     97.878     98.072     98.267     98.463     98.658     98.854     99.049     99.245     99.441     99.637     99.834    100.030    100.227    100.424
  280.5000  1.900E-25  1.819E-25  1.737E-25  1.656E-25  1.575E-25  1.495E-25  1.407E-25  1.303E-25  1.212E-25  1.131E-25  1.061E-25  9.978E-26  8.957E-26  8.323E-26  7.451E-26  6.880E-26  6.080E-26  5.378E-26  4.750E-26  4.175E-26  3.636E-26  3.118E-26  2.642E-26  2.222E-26  1.856E-26  1.535E-26  1.189E-26  9.282E-27  6.700E-27  4.738E-27  2.927E-27  1.551E-27  6.437E-28  1.714E-28  2.046E-29  5.210E-31  1.386E-33  6.093E-38  7.006E-45  0.000E+00  0.000E+00  0.000E+00  0.000E+00  0.000E+00  0.000E+00  0.000E+00  0.000E+00  0.000E+00  0.000E+00  0.000E+00  0.000E+00  0.000E+00  0.000E+00  0.000E+00  0.000E+00  0.000E+00  0.000E+00  0.000E+00  0.000E+00  0.000E+00  0.000E+00
  281.5000  3.139E-23  3.006E-23  2.871E-23  2.738E-23  2.604E-23  2.473E-23  2.328E-23  2.156E-23  2.006E-23  1.874E-23  1.757E-23  1.653E-23  1.485E-23  1.380E-23  1.236E-23  1.142E-23  1.009E-23  8.929E-24  7.888E-24  6.936E-24  6.043E-24  5.184E-24  4.395E-24  3.700E-24  3.095E-24  2.565E-24  1.997E-24  1.570E-24  1.147E-24  8.248E-25  5.239E-25  2.900E-25  1.287E-25  3.825E-26  5.475E-27  1.926E-28  8.621E-31  9.214E-35  4.469E-41  0.000E+00  0.000E+00  0.000E+00  0.000E+00  0.000E+00  0.000E+00  0.000E+00  0.000E+00  0.000E+00  0.000E+00  0.000E+00  0.000E+00  0.000E+00  0.000E+00  0.000E+00  0.000E+00  0.000E+00  0.000E+00  0.000E+00  0.000E+00  0.000E+00  0.000E+00
  282.5000  1.730E-21  1.656E-21  1.582E-21  1.509E-21  1.436E-21  1.364E-21  1.284E-21  1.190E-21  1.107E-21  1.034E-21  9.702E-22  9.133E-22  8.204E-22  7.628E-22  6.833E-22  6.313E-22  5.582E-22  4.941E-22  4.366E-22  3.841E-22  3.347E-22  2.873E-22  2.437E-22  2.053E-22  1.719E-22  1.427E-22  1.116E-22  8.823E-23  6.511E-23  4.751E-23  3.090E-23  1.775E-23  8.356E-24  2.734E-24  4.598E-25  2.153E-26  1.529E-28  3.569E-32  6.149E-38  0.000E+00  0.000E+00  0.000E+00  0.000E+00  0.000E+00  0.000E+00  0.000E+00  0.000E+00  0.000E+00  0.000E+00  0.000E+00  0.000E+00  0.000E+00  0.000E+00  0.000E+00  0.000E+00  0.000E+00  0.000E+00  0.000E+00  0.000E+00  0.000E+00  0.000E+00
  283.5000  2.110E-20  2.020E-20  1.931E-20  1.841E-20  1.752E-20  1.664E-20  1.568E-20  1.452E-20  1.352E-20  1.263E-20  1.185E-20  1.116E-20  1.003E-20  9.324E-21  8.355E-21  7.720E-21  6.830E-21  6.045E-21  5.344E-21  4.702E-21  4.099E-21  3.518E-21  2.986E-21  2.517E-21  2.109E-21  1.753E-21  1.374E-21  1.091E-21  8.099E-22  5.965E-22  3.938E-22  2.318E-22  1.133E-22  3.949E-23  7.383E-24  4.174E-25  4.015E-27  1.565E-30  6.166E-36  4.204E-45  0.000E+00  0.000E+00  0.000E+00  0.000E+00  0.000E+00  0.000E+00  0.000E+00  0.000E+00  0.000E+00  0.000E+00  0.000E+00  0.000E+00  0.000E+00  0.000E+00  0.000E+00  0.000E+00  0.000E+00  0.000E+00  0.000E+00  0.000E+00  0.000E+00
  284.5000  1.236E-18  1.184E-18  1.132E-18  1.079E-18  1.027E-18  9.762E-19  9.199E-19  8.526E-19  7.938E-19  7.423E-19  6.967E-19  6.562E-19  5.899E-19  5.489E-19  4.921E-19  4.550E-19  4.027E-19  3.566E-19  3.154E-19  2.777E-19  2.422E-19  2.080E-19  1.767E-19  1.490E-19  1.250E-19  1.042E-19  8.200E-20  6.550E-20  4.916E-20  3.677E-20  2.489E-20  1.525E-20  7.947E-21  3.074E-21  6.852E-22  5.304E-23  8.496E-25  7.910E-28  1.289E-32  1.030E-40  0.000E+00  0.000E+00  0.000E+00  0.000E+00  0.000E+00  0.000E+00  0.000E+00  0.000E+00  0.000E+00  0.000E+00  0.000E+00  0.000E+00  0.000E+00  0.000E+00  0.000E+00  0.000E+00  0.000E+00  0.000E+00  0.000E+00  0.000E+00  0.000E+00
  285.5000  1.574E-17  1.508E-17  1.441E-17  1.375E-17  1.309E-17  1.244E-17  1.173E-17  1.087E-17  1.013E-17  9.470E-18  8.892E-18  8.379E-18  7.536E-18  7.014E-18  6.291E-18  5.819E-18  5.152E-18  4.565E-18  4.039E-18  3.558E-18  3.105E-18  2.668E-18  2.267E-18  1.914E-18  1.607E-18  1.341E-18  1.059E-18  8.498E-19  6.428E-19  4.863E-19  3.354E-19  2.119E-19  1.159E-19  4.860E-20  1.244E-20  1.233E-21  2.949E-23  5.414E-26  2.632E-30  1.337E-37  0.000E+00  0.000E+00  0.000E+00  0.000E+00  0.000E+00  0.000E+00  0.000E+00  0.000E+00  0.000E+00  0.000E+00  0.000E+00  0.000E+00  0.000E+00  0.000E+00  0.000E+00  0.000E+00  0.000E+00  0.000E+00  0.000E+00  0.000E+00  0.000E+00
  286.5000  5.019E-16  4.808E-16  4.597E-16  4.386E-16  4.176E-16  3.970E-16  3.742E-16  3.470E-16  3.232E-16  3.024E-16  2.840E-16  2.677E-16  2.409E-16  2.243E-16  2.012E-16  1.862E-16  1.649E-16  1.462E-16  1.294E-16  1.140E-16  9.955E-17  8.559E-17  7.278E-17  6.147E-17  5.165E-17  4.314E-17  3.416E-17  2.750E-17  2.092E-17  1.597E-17  1.117E-17  7.218E-18  4.097E-18  1.828E-18  5.207E-19  6.248E-20  2.042E-21  6.349E-24  7.184E-28  1.519E-34  1.962E-44  0.000E+00  0.000E+00  0.000E+00  0.000E+00  0.000E+00  0.000E+00  0.000E+00  0.000E+00  0.000E+00  0.000E+00  0.000E+00  0.000E+00  0.000E+00  0.000E+00  0.000E+00  0.000E+00  0.000E+00  0.000E+00  0.000E+00  0.000E+00
  287.5000  8.710E-15  8.344E-15  7.978E-15  7.613E-15  7.250E-15  6.892E-15  6.498E-15  6.027E-15  5.617E-15  5.257E-15  4.939E-15  4.657E-15  4.192E-15  3.904E-15  3.505E-15  3.245E-15  2.876E-15  2.551E-15  2.259E-15  1.991E-15  1.739E-15  1.496E-15  1.273E-15  1.076E-15  9.048E-16  7.568E-16  6.008E-16  4.854E-16  3.716E-16  2.861E-16  2.030E-16  1.344E-16  7.934E-17  3.782E-17  1.206E-17  1.775E-18  8.101E-20  4.452E-22  1.259E-25  1.261E-31  1.695E-40  0.000E+00  0.000E+00  0.000E+00  0.000E+00  0.000E+00  0.000E+00  0.000E+00  0.000E+00  0.000E+00  0.000E+00  0.000E+00  0.000E+00  0.000E+00  0.000E+00  0.000E+00  0.000E+00  0.000E+00  0.000E+00  0.000E+00  0.000E+00
  288.5000  1.467E-13  1.406E-13  1.344E-13  1.283E-13  1.222E-13  1.162E-13  1.096E-13  1.016E-13  9.475E-14  8.870E-14  8.337E-14  7.865E-14  7.083E-14  6.601E-14  5.929E-14  5.492E-14  4.854E-14  4.323E-14  3.831E-14  3.380E-14  2.954E-14  2.543E-14  2.165E-14  1.831E-14  1.542E-14  1.291E-14  1.028E-14  8.337E-15  6.421E-15  4.991E-15  3.597E-15  2.443E-15  1.503E-15  7.692E-16  2.775E-16  5.105E-17  3.363E-18  3.457E-20  2.670E-23  1.468E-28  2.571E-36  0.000E+00  0.000E+00  0.000E+00  0.000E+00  0.000E+00  0.000E+00  0.000E+00  0.000E+00  0.000E+00  0.000E+00  0.000E+00  0.000E+00  0.000E+00  0.000E+00  0.000E+00  0.000E+00  0.000E+00  0.000E+00  0.000E+00  0.000E+00
  289.5000  1.923E-12  1.842E-12  1.762E-12  1.681E-12  1.601E-12  1.523E-12  1.436E-12  1.333E-12  1.243E-12  1.163E-12  1.094E-12  1.032E-12  9.298E-13  8.669E-13  7.791E-13  7.219E-13  6.405E-13  5.688E-13  5.044E-13  4.452E-13  3.894E-13  3.354E-13  2.857E-13  2.418E-13  2.037E-13  1.708E-13  1.363E-13  1.108E-13  8.571E-14  6.706E-14  4.885E-14  3.379E-14  2.143E-14  1.155E-14  4.565E-15  9.913E-16  8.584E-17  1.404E-18  2.266E-21  4.295E-26  4.776E-33  9.249E-44  0.000E+00  0.000E+00  0.000E+00  0.000E+00  0.000E+00  0.000E+00  0.000E+00  0.000E+00  0.000E+00  0.000E+00  0.000E+00  0.000E+00  0.000E+00  0.000E+00  0.000E+00  0.000E+00  0.000E+00  0.000E+00  0.000E+00
  290.5000  1.604E-11  1.536E-11  1.469E-11  1.402E-11  1.335E-11  1.270E-11  1.198E-11  1.111E-11  1.036E-11  9.706E-12  9.127E-12  8.615E-12  7.763E-12  7.240E-12  6.509E-12  6.034E-12  5.357E-12  4.759E-12  4.223E-12  3.729E-12  3.263E-12  2.812E-12  2.397E-12  2.030E-12  1.711E-12  1.436E-12  1.148E-12  9.350E-13  7.260E-13  5.710E-13  4.195E-13  2.945E-13  1.914E-13  1.076E-13  4.582E-14  1.140E-14  1.238E-15  2.980E-17  8.895E-20  4.752E-24  2.491E-30  5.457E-40  0.000E+00  0.000E+00  0.000E+00  0.000E+00  0.000E+00  0.000E+00  0.000E+00  0.000E+00  0.000E+00  0.000E+00  0.000E+00  0.000E+00  0.000E+00  0.000E+00  0.000E+00  0.000E+00  0.000E+00  0.000E+00  0.000E+00
  291.5000  1.167E-10  1.118E-10  1.069E-10  1.020E-10  9.715E-11  9.238E-11  8.714E-11  8.087E-11  7.543E-11  7.065E-11  6.645E-11  6.274E-11  5.656E-11  5.277E-11  4.747E-11  4.403E-11  3.911E-11  3.477E-11  3.087E-11  2.728E-11  2.389E-11  2.060E-11  1.757E-11  1.489E-11  1.256E-11  1.056E-11  8.450E-12  6.901E-12  5.379E-12  4.255E-12  3.155E-12  2.249E-12  1.500E-12  8.819E-13  4.070E-13  1.173E-13  1.630E-14  6.009E-16  3.549E-18  6.046E-22  1.810E-27  6.125E-36  1.401E-45  0.000E+00  0.000E+00  0.000E+00  0.000E+00  0.000E+00  0.000E+00  0.000E+00  0.000E+00  0.000E+00  0.000E+00  0.000E+00  0.000E+00  0.000E+00  0.000E+00  0.000E+00  0.000E+00  0.000E+00  0.000E+00
  292.5000  5.574E-10  5.338E-10  5.102E-10  4.868E-10  4.636E-10  4.408E-10  4.158E-10  3.859E-10  3.599E-10  3.372E-10  3.172E-10  2.995E-10  2.701E-10  2.521E-10  2.269E-10  2.105E-10  1.871E-10  1.664E-10  1.478E-10  1.307E-10  1.145E-10  9.885E-11  8.437E-11  7.156E-11  6.041E-11  5.080E-11  4.073E-11  3.333E-11  2.606E-11  2.071E-11  1.546E-11  1.116E-11  7.606E-12  4.643E-12  2.293E-12  7.493E-13  1.284E-13  6.791E-15  7.108E-17  3.170E-20  3.963E-25  1.247E-32  3.436E-42  0.000E+00  0.000E+00  0.000E+00  0.000E+00  0.000E+00  0.000E+00  0.000E+00  0.000E+00  0.000E+00  0.000E+00  0.000E+00  0.000E+00  0.000E+00  0.000E+00  0.000E+00  0.000E+00  0.000E+00  0.000E+00
  293.5000  3.082E-09  2.950E-09  2.819E-09  2.689E-09  2.560E-09  2.434E-09  2.295E-09  2.130E-09  1.987E-09  1.861E-09  1.751E-09  1.654E-09  1.492E-09  1.393E-09  1.254E-09  1.164E-09  1.035E-09  9.211E-10  8.188E-10  7.245E-10  6.353E-10  5.486E-10  4.686E-10  3.977E-10  3.360E-10  2.828E-10  2.271E-10  1.862E-10  1.460E-10  1.164E-10  8.754E-11  6.391E-11  4.437E-11  2.802E-11  1.471E-11  5.386E-12  1.119E-12  8.275E-14  1.477E-15  1.626E-18  7.812E-23  2.007E-29  8.285E-38  0.000E+00  0.000E+00  0.000E+00  0.000E+00  0.000E+00  0.000E+00  0.000E+00  0.000E+00  0.000E+00  0.000E+00  0.000E+00  0.000E+00  0.000E+00  0.000E+00  0.000E+00  0.000E+00  0.000E+00  0.000E+00
  294.5000  9.799E-09  9.377E-09  8.957E-09  8.542E-09  8.131E-09  7.728E-09  7.287E-09  6.762E-09  6.305E-09  5.908E-09  5.558E-09  5.249E-09  4.736E-09  4.421E-09  3.982E-09  3.696E-09  3.288E-09  2.929E-09  2.605E-09  2.306E-09  2.023E-09  1.748E-09  1.494E-09  1.269E-09  1.073E-09  9.039E-10  7.267E-10  5.966E-10  4.688E-10  3.752E-10  2.835E-10  2.088E-10  1.472E-10  9.550E-11  5.271E-11  2.121E-11  5.167E-12  5.036E-13  1.389E-14  3.177E-17  4.474E-21  6.052E-27  2.100E-34  9.809E-45  0.000E+00  0.000E+00  0.000E+00  0.000E+00  0.000E+00  0.000E+00  0.000E+00  0.000E+00  0.000E+00  0.000E+00  0.000E+00  0.000E+00  0.000E+00  0.000E+00  0.000E+00  0.000E+00  0.000E+00
  295.5000  4.285E-08  4.098E-08  3.913E-08  3.730E-08  3.549E-08  3.372E-08  3.179E-08  2.949E-08  2.749E-08  2.575E-08  2.423E-08  2.288E-08  2.064E-08  1.928E-08  1.736E-08  1.612E-08  1.435E-08  1.279E-08  1.138E-08  1.008E-08  8.853E-09  7.655E-09  6.548E-09  5.566E-09  4.710E-09  3.970E-09  3.197E-09  2.628E-09  2.070E-09  1.662E-09  1.262E-09  9.376E-10  6.708E-10  4.470E-10  2.592E-10  1.145E-10  3.274E-11  4.225E-12  1.821E-13  8.891E-16  3.844E-19  2.957E-24  9.552E-31  9.613E-40  0.000E+00  0.000E+00  0.000E+00  0.000E+00  0.000E+00  0.000E+00  0.000E+00  0.000E+00  0.000E+00  0.000E+00  0.000E+00  0.000E+00  0.000E+00  0.000E+00  0.000E+00  0.000E+00  0.000E+00
  296.5000  1.196E-07  1.144E-07  1.091E-07  1.040E-07  9.889E-08  9.391E-08  8.849E-08  8.207E-08  7.649E-08  7.163E-08  6.736E-08  6.361E-08  5.740E-08  5.359E-08  4.829E-08  4.484E-08  3.993E-08  3.559E-08  3.169E-08  2.810E-08  2.469E-08  2.136E-08  1.829E-08  1.555E-08  1.317E-08  1.111E-08  8.960E-09  7.375E-09  5.821E-09  4.686E-09  3.574E-09  2.674E-09  1.937E-09  1.319E-09  7.979E-10  3.818E-10  1.253E-10  2.060E-11  1.303E-12  1.217E-14  1.365E-17  4.533E-22  9.417E-28  1.252E-35  0.000E+00  0.000E+00  0.000E+00  0.000E+00  0.000E+00  0.000E+00  0.000E+00  0.000E+00  0.000E+00  0.000E+00  0.000E+00  0.000E+00  0.000E+00  0.000E+00  0.000E+00  0.000E+00  0.000E+00
  297.5000  3.489E-07  3.333E-07  3.179E-07  3.027E-07  2.877E-07  2.730E-07  2.571E-07  2.384E-07  2.221E-07  2.079E-07  1.951E-07  1.845E-07  1.665E-07  1.554E-07  1.400E-07  1.301E-07  1.158E-07  1.033E-07  9.203E-08  8.164E-08  7.177E-08  6.215E-08  5.324E-08  4.532E-08  3.841E-08  3.243E-08  2.618E-08  2.157E-08  1.706E-08  1.376E-08  1.053E-08  7.928E-09  5.800E-09  4.026E-09  2.521E-09  1.291E-09  4.767E-10  9.655E-11  8.506E-12  1.399E-13  3.605E-16  4.299E-20  4.554E-25  5.816E-32  1.954E-41  0.000E+00  0.000E+00  0.000E+00  0.000E+00  0.000E+00  0.000E+00  0.000E+00  0.000E+00  0.000E+00  0.000E+00  0.000E+00  0.000E+00  0.000E+00  0.000E+00  0.000E+00  0.000E+00
  298.5000  5.982E-07  5.711E-07  5.442E-07  5.178E-07  4.919E-07  4.666E-07  4.392E-07  4.069E-07  3.789E-07  3.545E-07  3.331E-07  3.144E-07  2.836E-07  2.647E-07  2.385E-07  2.215E-07  1.974E-07  1.761E-07  1.569E-07  1.392E-07  1.225E-07  1.061E-07  9.098E-08  7.750E-08  6.573E-08  5.554E-08  4.489E-08  3.703E-08  2.933E-08  2.371E-08  1.820E-08  1.377E-08  1.016E-08  7.159E-09  4.618E-09  2.504E-09  1.023E-09  2.479E-10  2.904E-11  7.765E-13  4.080E-15  1.445E-18  6.085E-23  5.236E-29  2.391E-37  0.000E+00  0.000E+00  0.000E+00  0.000E+00  0.000E+00  0.000E+00  0.000E+00  0.000E+00  0.000E+00  0.000E+00  0.000E+00  0.000E+00  0.000E+00  0.000E+00  0.000E+00  0.000E+00
  299.5000  1.895E-06  1.807E-06  1.721E-06  1.636E-06  1.553E-06  1.472E-06  1.384E-06  1.282E-06  1.193E-06  1.115E-06  1.048E-06  9.881E-07  8.910E-07  8.314E-07  7.491E-07  6.955E-07  6.197E-07  5.530E-07  4.929E-07  4.376E-07  3.851E-07  3.340E-07  2.865E-07  2.443E-07  2.073E-07  1.753E-07  1.419E-07  1.171E-07  9.293E-08  7.524E-08  5.791E-08  4.400E-08  3.270E-08  2.336E-08  1.546E-08  8.814E-09  3.939E-09  1.121E-09  1.701E-10  7.105E-12  7.209E-14  7.034E-17  1.082E-20  5.646E-26  3.071E-33  2.074E-42  0.000E+00  0.000E+00  0.000E+00  0.000E+00  0.000E+00  0.000E+00  0.000E+00  0.000E+00  0.000E+00  0.000E+00  0.000E+00  0.000E+00  0.000E+00  0.000E+00  0.000E+00
  300.5000  2.350E-06  2.239E-06  2.130E-06  2.024E-06  1.916E-06  1.818E-06  1.708E-06  1.581E-06  1.470E-06  1.374E-06  1.289E-06  1.216E-06  1.096E-06  1.022E-06  9.205E-07  8.545E-07  7.613E-07  6.794E-07  6.058E-07  5.380E-07  4.737E-07  4.110E-07  3.528E-07  3.010E-07  2.556E-07  2.163E-07  1.752E-07  1.448E-07  1.151E-07  9.329E-08  7.197E-08  5.487E-08  4.101E-08  2.961E-08  1.999E-08  1.187E-08  5.702E-09  1.850E-09  3.456E-10  2.069E-11  3.562E-13  7.755E-16  3.272E-19  6.824E-24  2.433E-30  1.755E-38  0.000E+00  0.000E+00  0.000E+00  0.000E+00  0.000E+00  0.000E+00  0.000E+00  0.000E+00  0.000E+00  0.000E+00  0.000E+00  0.000E+00  0.000E+00  0.000E+00  0.000E+00
  301.5000  6.399E-06  6.090E-06  5.787E-06  5.491E-06  5.201E-06  4.920E-06  4.620E-06  4.271E-06  3.968E-06  3.704E-06  3.474E-06  3.272E-06  2.948E-06  2.748E-06  2.474E-06  2.295E-06  2.045E-06  1.825E-06  1.627E-06  1.446E-06  1.273E-06  1.105E-06  9.496E-07  8.108E-07  6.891E-07  5.837E-07  4.735E-07  3.917E-07  3.117E-07  2.531E-07  1.957E-07  1.497E-07  1.126E-07  8.212E-08  5.659E-08  3.498E-08  1.809E-08  6.712E-09  1.559E-09  1.363E-10  4.115E-12  2.110E-14  2.623E-17  2.430E-21  6.709E-27  6.535E-34  3.918E-41  1.401E-45  0.000E+00  0.000E+00  0.000E+00  0.000E+00  0.000E+00  0.000E+00  0.000E+00  0.000E+00  0.000E+00  0.000E+00  0.000E+00  0.000E+00  0.000E+00
  302.5000  9.906E-06  9.418E-06  8.940E-06  8.469E-06  8.020E-06  7.581E-06  7.110E-06  6.568E-06  6.096E-06  5.686E-06  5.328E-06  5.016E-06  4.516E-06  4.206E-06  3.786E-06  3.510E-06  3.127E-06  2.790E-06  2.487E-06  2.210E-06  1.948E-06  1.691E-06  1.454E-06  1.242E-06  1.056E-06  8.952E-07  7.270E-07  6.019E-07  4.795E-07  3.897E-07  3.019E-07  2.316E-07  1.748E-07  1.284E-07  8.967E-08  5.695E-08  3.094E-08  1.258E-08  3.383E-09  3.829E-10  1.690E-11  1.535E-13  3.877E-16  9.465E-20  9.885E-25  5.190E-31  1.674E-37  8.926E-43  1.401E-44  1.401E-45  0.000E+00  0.000E+00  0.000E+00  0.000E+00  0.000E+00  0.000E+00  0.000E+00  0.000E+00  0.000E+00  0.000E+00  0.000E+00
  303.5000  2.219E-05  2.107E-05  1.996E-05  1.890E-05  1.785E-05  1.685E-05  1.578E-05  1.456E-05  1.350E-05  1.258E-05  1.177E-05  1.107E-05  9.954E-06  9.263E-06  8.331E-06  7.719E-06  6.872E-06  6.131E-06  5.468E-06  4.857E-06  4.280E-06  3.719E-06  3.198E-06  2.734E-06  2.327E-06  1.974E-06  1.605E-06  1.330E-06  1.062E-06  8.639E-07  6.706E-07  5.159E-07  3.911E-07  2.894E-07  2.051E-07  1.342E-07  7.707E-08  3.472E-08  1.104E-08  1.679E-09  1.149E-10  2.034E-12  1.188E-14  9.201E-18  4.681E-22  1.823E-27  4.373E-33  9.596E-38  1.463E-39  2.768E-41  1.289E-43  1.401E-45  0.000E+00  0.000E+00  0.000E+00  0.000E+00  0.000E+00  0.000E+00  0.000E+00  0.000E+00  0.000E+00
  304.5000  2.866E-05  2.717E-05  2.573E-05  2.432E-05  2.296E-05  2.164E-05  2.025E-05  1.867E-05  1.729E-05  1.609E-05  1.505E-05  1.413E-05  1.270E-05  1.181E-05  1.062E-05  9.833E-06  8.751E-06  7.804E-06  6.950E-06  6.180E-06  5.447E-06  4.734E-06  4.073E-06  3.484E-06  2.967E-06  2.518E-06  2.050E-06  1.700E-06  1.358E-06  1.106E-06  8.596E-07  6.624E-07  5.035E-07  3.743E-07  2.677E-07  1.783E-07  1.058E-07  5.069E-08  1.782E-08  3.230E-09  2.863E-10  7.492E-12  7.156E-14  1.087E-16  1.374E-20  1.668E-25  1.226E-30  5.914E-35  8.873E-37  1.321E-38  4.081E-41  1.401E-45  0.000E+00  0.000E+00  0.000E+00  0.000E+00  0.000E+00  0.000E+00  0.000E+00  0.000E+00  0.000E+00
  305.5000  4.941E-05  4.675E-05  4.416E-05  4.167E-05  3.924E-05  3.692E-05  3.449E-05  3.174E-05  2.934E-05  2.726E-05  2.544E-05  2.387E-05  2.142E-05  1.989E-05  1.786E-05  1.652E-05  1.469E-05  1.309E-05  1.166E-05  1.036E-05  9.129E-06  7.935E-06  6.831E-06  5.846E-06  4.982E-06  4.231E-06  3.450E-06  2.864E-06  2.292E-06  1.869E-06  1.456E-06  1.125E-06  8.580E-07  6.418E-07  4.642E-07  3.164E-07  1.962E-07  1.021E-07  4.118E-08  9.531E-09  1.217E-09  5.599E-11  1.107E-12  4.615E-15  2.303E-18  1.569E-22  6.440E-27  1.033E-30  1.487E-32  1.475E-34  2.248E-37  8.538E-42  0.000E+00  0.000E+00  0.000E+00  0.000E+00  0.000E+00  0.000E+00  0.000E+00  0.000E+00  0.000E+00
  306.5000  5.826E-05  5.506E-05  5.196E-05  4.897E-05  4.607E-05  4.330E-05  4.041E-05  3.715E-05  3.431E-05  3.185E-05  2.970E-05  2.783E-05  2.496E-05  2.316E-05  2.078E-05  1.921E-05  1.707E-05  1.521E-05  1.351E-05  1.203E-05  1.060E-05  9.214E-06  7.933E-06  6.792E-06  5.790E-06  4.920E-06  4.015E-06  3.335E-06  2.671E-06  2.179E-06  1.699E-06  1.315E-06  1.005E-06  7.537E-07  5.480E-07  3.777E-07  2.390E-07  1.293E-07  5.547E-08  1.434E-08  2.153E-09  1.267E-10  3.412E-12  2.177E-14  1.944E-17  2.747E-21  2.329E-25  6.251E-29  9.119E-31  7.990E-33  9.835E-36  3.182E-40  0.000E+00  0.000E+00  0.000E+00  0.000E+00  0.000E+00  0.000E+00  0.000E+00  0.000E+00  0.000E+00
  307.5000  1.085E-04  1.023E-04  9.629E-05  9.050E-05  8.492E-05  7.961E-05  7.411E-05  6.796E-05  6.262E-05  5.798E-05  5.395E-05  5.045E-05  4.516E-05  4.182E-05  3.747E-05  3.457E-05  3.068E-05  2.731E-05  2.430E-05  2.156E-05  1.899E-05  1.651E-05  1.422E-05  1.218E-05  1.039E-05  8.832E-06  7.219E-06  6.002E-06  4.815E-06  3.933E-06  3.074E-06  2.384E-06  1.827E-06  1.377E-06  1.010E-06  7.081E-07  4.630E-07  2.667E-07  1.273E-07  3.997E-08  8.041E-09  7.475E-10  3.645E-11  5.331E-13  1.485E-15  8.783E-19  3.131E-22  2.283E-25  3.269E-27  2.072E-29  1.446E-32  2.745E-37  1.401E-45  0.000E+00  0.000E+00  0.000E+00  0.000E+00  0.000E+00  0.000E+00  0.000E+00  0.000E+00
  308.5000  1.353E-04  1.274E-04  1.197E-04  1.124E-04  1.054E-04  9.864E-05  9.172E-05  8.402E-05  7.733E-05  7.152E-05  6.648E-05  6.210E-05  5.554E-05  5.138E-05  4.599E-05  4.240E-05  3.761E-05  3.345E-05  2.975E-05  2.639E-05  2.324E-05  2.020E-05  1.739E-05  1.490E-05  1.271E-05  1.081E-05  8.845E-06  7.358E-06  5.909E-06  4.829E-06  3.778E-06  2.933E-06  2.252E-06  1.701E-06  1.252E-06  8.844E-07  5.867E-07  3.473E-07  1.735E-07  5.906E-08  1.340E-08  1.493E-09  9.133E-11  1.823E-12  7.787E-15  7.838E-18  4.730E-21  5.014E-24  7.337E-26  4.336E-28  2.683E-31  4.749E-36  4.204E-45  0.000E+00  0.000E+00  0.000E+00  0.000E+00  0.000E+00  0.000E+00  0.000E+00  0.000E+00
  309.5000  1.460E-04  1.371E-04  1.285E-04  1.203E-04  1.125E-04  1.051E-04  9.744E-05  8.906E-05  8.176E-05  7.545E-05  6.996E-05  6.520E-05  5.820E-05  5.373E-05  4.801E-05  4.418E-05  3.913E-05  3.475E-05  3.088E-05  2.736E-05  2.408E-05  2.092E-05  1.801E-05  1.543E-05  1.317E-05  1.121E-05  9.180E-06  7.642E-06  6.147E-06  5.029E-06  3.941E-06  3.065E-06  2.359E-06  1.787E-06  1.323E-06  9.445E-07  6.396E-07  3.940E-07  2.106E-07  8.132E-08  2.232E-08  3.354E-09  3.029E-10  1.043E-11  9.437E-14  2.434E-16  3.769E-19  7.695E-22  1.132E-23  5.550E-26  2.475E-29  3.266E-34  3.097E-43  0.000E+00  0.000E+00  0.000E+00  0.000E+00  0.000E+00  0.000E+00  0.000E+00  0.000E+00
  310.5000  2.342E-04  2.194E-04  2.053E-04  1.918E-04  1.789E-04  1.667E-04  1.543E-04  1.408E-04  1.290E-04  1.187E-04  1.099E-04  1.022E-04  9.105E-05  8.389E-05  7.484E-05  6.875E-05  6.080E-05  5.394E-05  4.787E-05  4.237E-05  3.726E-05  3.235E-05  2.785E-05  2.386E-05  2.037E-05  1.734E-05  1.421E-05  1.184E-05  9.537E-06  7.808E-06  6.129E-06  4.775E-06  3.681E-06  2.796E-06  2.078E-06  1.496E-06  1.028E-06  6.520E-07  3.664E-07  1.551E-07  4.895E-08  9.130E-09  1.087E-09  5.502E-11  8.465E-13  4.229E-15  1.263E-17  4.077E-20  6.089E-22  2.677E-24  9.874E-28  1.123E-32  1.160E-41  0.000E+00  0.000E+00  0.000E+00  0.000E+00  0.000E+00  0.000E+00  0.000E+00  0.000E+00
  311.5000  3.382E-04  3.164E-04  2.956E-04  2.756E-04  2.567E-04  2.388E-04  2.207E-04  2.010E-04  1.838E-04  1.690E-04  1.561E-04  1.450E-04  1.290E-04  1.186E-04  1.057E-04  9.697E-05  8.566E-05  7.591E-05  6.730E-05  5.953E-05  5.232E-05  4.540E-05  3.907E-05  3.346E-05  2.857E-05  2.432E-05  1.995E-05  1.663E-05  1.341E-05  1.098E-05  8.631E-06  6.733E-06  5.197E-06  3.955E-06  2.947E-06  2.132E-06  1.479E-06  9.558E-07  5.544E-07  2.491E-07  8.600E-08  1.844E-08  2.629E-09  1.709E-10  3.731E-12  2.891E-14  1.342E-16  5.931E-19  9.113E-21  3.830E-23  1.299E-26  1.416E-31  1.678E-40  0.000E+00  0.000E+00  0.000E+00  0.000E+00  0.000E+00  0.000E+00  0.000E+00  0.000E+00
  312.5000  4.208E-04  3.922E-04  3.650E-04  3.392E-04  3.148E-04  2.917E-04  2.686E-04  2.437E-04  2.222E-04  2.035E-04  1.873E-04  1.733E-04  1.537E-04  1.409E-04  1.251E-04  1.144E-04  1.008E-04  8.909E-05  7.880E-05  6.956E-05  6.102E-05  5.288E-05  4.546E-05  3.891E-05  3.321E-05  2.827E-05  2.323E-05  1.937E-05  1.565E-05  1.283E-05  1.011E-05  7.901E-06  6.115E-06  4.668E-06  3.495E-06  2.549E-06  1.796E-06  1.196E-06  7.309E-07  3.632E-07  1.466E-07  4.025E-08  7.905E-09  8.062E-10  3.288E-11  5.545E-13  5.574E-15  4.191E-17  6.498E-19  2.362E-21  6.220E-25  5.443E-30  6.679E-39  0.000E+00  0.000E+00  0.000E+00  0.000E+00  0.000E+00  0.000E+00  0.000E+00  0.000E+00
  313.5000  5.086E-04  4.736E-04  4.404E-04  4.089E-04  3.792E-04  3.512E-04  3.230E-04  2.929E-04  2.667E-04  2.441E-04  2.245E-04  2.075E-04  1.838E-04  1.684E-04  1.494E-04  1.365E-04  1.202E-04  1.061E-04  9.382E-05  8.278E-05  7.257E-05  6.286E-05  5.402E-05  4.623E-05  3.945E-05  3.358E-05  2.760E-05  2.303E-05  1.861E-05  1.527E-05  1.203E-05  9.417E-06  7.294E-06  5.574E-06  4.180E-06  3.056E-06  2.164E-06  1.454E-06  9.025E-07  4.614E-07  1.943E-07  5.673E-08  1.201E-08  1.355E-09  6.376E-11  1.283E-12  1.535E-14  1.318E-16  2.121E-18  7.914E-21  2.174E-24  2.085E-29  3.148E-38  0.000E+00  0.000E+00  0.000E+00  0.000E+00  0.000E+00  0.000E+00  0.000E+00  0.000E+00
  314.5000  6.612E-04  6.132E-04  5.677E-04  5.250E-04  4.847E-04  4.470E-04  4.095E-04  3.698E-04  3.353E-04  3.056E-04  2.798E-04  2.576E-04  2.273E-04  2.073E-04  1.832E-04  1.668E-04  1.463E-04  1.287E-04  1.134E-04  9.979E-05  8.727E-05  7.542E-05  6.469E-05  5.529E-05  4.714E-05  4.010E-05  3.299E-05  2.753E-05  2.229E-05  1.830E-05  1.446E-05  1.135E-05  8.812E-06  6.755E-06  5.086E-06  3.744E-06  2.682E-06  1.843E-06  1.192E-06  6.598E-07  3.150E-07  1.126E-07  3.107E-08  5.116E-09  4.096E-10  1.601E-11  3.724E-13  5.052E-15  8.257E-17  2.750E-19  6.160E-23  4.966E-28  7.896E-37  0.000E+00  0.000E+00  0.000E+00  0.000E+00  0.000E+00  0.000E+00  0.000E+00  0.000E+00
  315.5000  7.180E-04  6.655E-04  6.159E-04  5.692E-04  5.252E-04  4.841E-04  4.433E-04  4.001E-04  3.626E-04  3.302E-04  3.022E-04  2.781E-04  2.452E-04  2.235E-04  1.974E-04  1.796E-04  1.574E-04  1.385E-04  1.219E-04  1.072E-04  9.370E-05  8.093E-05  6.940E-05  5.930E-05  5.054E-05  4.300E-05  3.537E-05  2.953E-05  2.392E-05  1.965E-05  1.553E-05  1.220E-05  9.479E-06  7.272E-06  5.482E-06  4.043E-06  2.906E-06  2.009E-06  1.312E-06  7.399E-07  3.630E-07  1.348E-07  3.886E-08  6.780E-09  5.895E-10  2.548E-11  6.531E-13  9.602E-15  1.630E-16  5.681E-19  1.372E-22  1.255E-27  2.491E-36  0.000E+00  0.000E+00  0.000E+00  0.000E+00  0.000E+00  0.000E+00  0.000E+00  0.000E+00
  316.5000  9.269E-04  8.560E-04  7.893E-04  7.268E-04  6.681E-04  6.134E-04  5.595E-04  5.027E-04  4.540E-04  4.117E-04  3.753E-04  3.439E-04  3.019E-04  2.741E-04  2.411E-04  2.184E-04  1.907E-04  1.671E-04  1.466E-04  1.284E-04  1.119E-04  9.638E-05  8.244E-05  7.030E-05  5.982E-05  5.083E-05  4.182E-05  3.491E-05  2.831E-05  2.328E-05  1.845E-05  1.452E-05  1.131E-05  8.706E-06  6.588E-06  4.885E-06  3.541E-06  2.489E-06  1.673E-06  9.995E-07  5.376E-07  2.320E-07  8.182E-08  1.906E-08  2.490E-09  1.785E-10  7.557E-12  1.573E-13  2.725E-15  8.838E-18  1.875E-21  1.554E-26  3.366E-35  0.000E+00  0.000E+00  0.000E+00  0.000E+00  0.000E+00  0.000E+00  0.000E+00  0.000E+00
  317.5000  1.311E-03  1.211E-03  1.117E-03  1.028E-03  9.455E-04  8.683E-04  7.921E-04  7.127E-04  6.429E-04  5.832E-04  5.317E-04  4.873E-04  4.278E-04  3.885E-04  3.418E-04  3.097E-04  2.703E-04  2.369E-04  2.079E-04  1.821E-04  1.587E-04  1.367E-04  1.169E-04  9.970E-05  8.484E-05  7.210E-05  5.932E-05  4.952E-05  4.017E-05  3.304E-05  2.618E-05  2.061E-05  1.606E-05  1.237E-05  9.360E-06  6.945E-06  5.039E-06  3.549E-06  2.392E-06  1.435E-06  7.761E-07  3.366E-07  1.190E-07  2.774E-08  3.629E-09  2.602E-10  1.103E-11  2.335E-13  4.221E-15  1.472E-17  3.523E-21  3.457E-26  9.508E-35  0.000E+00  0.000E+00  0.000E+00  0.000E+00  0.000E+00  0.000E+00  0.000E+00  0.000E+00
  318.5000  1.377E-03  1.269E-03  1.167E-03  1.071E-03  9.814E-04  8.981E-04  8.162E-04  7.309E-04  6.572E-04  5.937E-04  5.389E-04  4.917E-04  4.298E-04  3.886E-04  3.402E-04  3.068E-04  2.666E-04  2.325E-04  2.031E-04  1.772E-04  1.538E-04  1.320E-04  1.125E-04  9.565E-05  8.119E-05  6.886E-05  5.662E-05  4.724E-05  3.834E-05  3.155E-05  2.506E-05  1.978E-05  1.547E-05  1.194E-05  9.077E-06  6.770E-06  4.951E-06  3.535E-06  2.441E-06  1.537E-06  8.990E-07  4.441E-07  1.874E-07  5.659E-08  1.069E-08  1.212E-09  8.097E-11  2.352E-12  4.345E-14  1.426E-16  3.050E-20  2.756E-25  8.301E-34  0.000E+00  0.000E+00  0.000E+00  0.000E+00  0.000E+00  0.000E+00  0.000E+00  0.000E+00
  319.5000  1.787E-03  1.646E-03  1.514E-03  1.389E-03  1.273E-03  1.164E-03  1.058E-03  9.466E-04  8.506E-04  7.679E-04  6.967E-04  6.354E-04  5.549E-04  5.014E-04  4.386E-04  3.953E-04  3.432E-04  2.991E-04  2.610E-04  2.277E-04  1.973E-04  1.692E-04  1.441E-04  1.224E-04  1.039E-04  8.804E-05  7.238E-05  6.037E-05  4.901E-05  4.034E-05  3.206E-05  2.532E-05  1.982E-05  1.532E-05  1.165E-05  8.704E-06  6.380E-06  4.571E-06  3.176E-06  2.024E-06  1.205E-06  6.119E-07  2.671E-07  8.454E-08  1.709E-08  2.106E-09  1.528E-10  4.761E-12  9.128E-14  3.137E-16  7.226E-20  7.355E-25  2.717E-33  0.000E+00  0.000E+00  0.000E+00  0.000E+00  0.000E+00  0.000E+00  0.000E+00  0.000E+00
  320.5000  2.344E-03  2.158E-03  1.983E-03  1.819E-03  1.666E-03  1.523E-03  1.382E-03  1.236E-03  1.110E-03  1.001E-03  9.071E-04  8.265E-04  7.209E-04  6.506E-04  5.684E-04  5.117E-04  4.436E-04  3.861E-04  3.366E-04  2.929E-04  2.538E-04  2.173E-04  1.849E-04  1.569E-04  1.330E-04  1.127E-04  9.259E-05  7.721E-05  6.269E-05  5.160E-05  4.103E-05  3.243E-05  2.540E-05  1.966E-05  1.497E-05  1.120E-05  8.224E-06  5.913E-06  4.131E-06  2.661E-06  1.612E-06  8.429E-07  3.835E-07  1.291E-07  2.847E-08  3.908E-09  3.165E-10  1.078E-11  2.145E-13  7.663E-16  1.873E-19  2.099E-24  9.340E-33  0.000E+00  0.000E+00  0.000E+00  0.000E+00  0.000E+00  0.000E+00  0.000E+00  0.000E+00
  321.5000  2.817E-03  2.596E-03  2.387E-03  2.190E-03  2.005E-03  1.831E-03  1.660E-03  1.482E-03  1.327E-03  1.194E-03  1.080E-03  9.810E-04  8.522E-04  7.663E-04  6.665E-04  5.975E-04  5.154E-04  4.462E-04  3.870E-04  3.346E-04  2.888E-04  2.459E-04  2.081E-04  1.758E-04  1.484E-04  1.252E-04  1.026E-04  8.537E-05  6.927E-05  5.701E-05  4.540E-05  3.598E-05  2.828E-05  2.198E-05  1.682E-05  1.266E-05  9.366E-06  6.815E-06  4.856E-06  3.251E-06  2.096E-06  1.218E-06  6.413E-07  2.684E-07  8.129E-08  1.658E-08  1.991E-09  8.935E-11  1.815E-12  6.165E-15  1.375E-18  1.451E-23  7.130E-32  0.000E+00  0.000E+00  0.000E+00  0.000E+00  0.000E+00  0.000E+00  0.000E+00  0.000E+00
  322.5000  2.149E-03  1.979E-03  1.818E-03  1.668E-03  1.526E-03  1.394E-03  1.265E-03  1.131E-03  1.014E-03  9.144E-04  8.282E-04  7.540E-04  6.571E-04  5.925E-04  5.172E-04  4.652E-04  4.028E-04  3.502E-04  3.050E-04  2.650E-04  2.295E-04  1.963E-04  1.668E-04  1.414E-04  1.198E-04  1.014E-04  8.331E-05  6.945E-05  5.639E-05  4.643E-05  3.694E-05  2.922E-05  2.291E-05  1.775E-05  1.354E-05  1.014E-05  7.468E-06  5.391E-06  3.792E-06  2.472E-06  1.526E-06  8.213E-07  3.879E-07  1.378E-07  3.290E-08  4.987E-09  4.486E-10  1.690E-11  3.633E-13  1.447E-15  4.197E-19  6.056E-24  4.029E-32  0.000E+00  0.000E+00  0.000E+00  0.000E+00  0.000E+00  0.000E+00  0.000E+00  0.000E+00
  323.5000  3.465E-03  3.198E-03  2.944E-03  2.704E-03  2.477E-03  2.264E-03  2.053E-03  1.832E-03  1.641E-03  1.476E-03  1.334E-03  1.212E-03  1.051E-03  9.441E-04  8.196E-04  7.338E-04  6.314E-04  5.454E-04  4.717E-04  4.075E-04  3.503E-04  2.974E-04  2.509E-04  2.113E-04  1.778E-04  1.497E-04  1.224E-04  1.017E-04  8.245E-05  6.782E-05  5.403E-05  4.286E-05  3.375E-05  2.629E-05  2.017E-05  1.522E-05  1.131E-05  8.278E-06  5.949E-06  4.047E-06  2.677E-06  1.626E-06  9.116E-07  4.204E-07  1.469E-07  3.597E-08  5.227E-09  2.749E-10  6.004E-12  2.211E-14  5.568E-18  7.145E-23  5.038E-31  0.000E+00  0.000E+00  0.000E+00  0.000E+00  0.000E+00  0.000E+00  0.000E+00  0.000E+00
  324.5000  3.991E-03  3.683E-03  3.390E-03  3.113E-03  2.852E-03  2.607E-03  2.364E-03  2.109E-03  1.889E-03  1.700E-03  1.537E-03  1.396E-03  1.211E-03  1.088E-03  9.451E-04  8.464E-04  7.286E-04  6.296E-04  5.448E-04  4.711E-04  4.049E-04  3.439E-04  2.902E-04  2.445E-04  2.059E-04  1.734E-04  1.419E-04  1.179E-04  9.558E-05  7.864E-05  6.265E-05  4.971E-05  3.913E-05  3.048E-05  2.339E-05  1.766E-05  1.312E-05  9.602E-06  6.902E-06  4.697E-06  3.105E-06  1.882E-06  1.050E-06  4.800E-07  1.657E-07  3.991E-08  5.719E-09  3.025E-10  6.874E-12  2.718E-14  7.678E-18  1.154E-22  1.010E-30  0.000E+00  0.000E+00  0.000E+00  0.000E+00  0.000E+00  0.000E+00  0.000E+00  0.000E+00
  325.5000  4.190E-03  3.863E-03  3.553E-03  3.261E-03  2.985E-03  2.727E-03  2.472E-03  2.206E-03  1.975E-03  1.777E-03  1.606E-03  1.458E-03  1.266E-03  1.137E-03  9.881E-04  8.852E-04  7.624E-04  6.592E-04  5.708E-04  4.933E-04  4.248E-04  3.611E-04  3.051E-04  2.572E-04  2.168E-04  1.827E-04  1.496E-04  1.244E-04  1.009E-04  8.299E-05  6.612E-05  5.244E-05  4.127E-05  3.213E-05  2.464E-05  1.858E-05  1.379E-05  1.008E-05  7.227E-06  4.896E-06  3.214E-06  1.924E-06  1.054E-06  4.683E-07  1.550E-07  3.545E-08  4.846E-09  2.524E-10  5.984E-12  2.569E-14  8.283E-18  1.476E-22  1.599E-30  0.000E+00  0.000E+00  0.000E+00  0.000E+00  0.000E+00  0.000E+00  0.000E+00  0.000E+00
  326.5000  7.171E-03  6.643E-03  6.138E-03  5.657E-03  5.199E-03  4.767E-03  4.334E-03  3.873E-03  3.474E-03  3.131E-03  2.835E-03  2.579E-03  2.236E-03  2.010E-03  1.743E-03  1.561E-03  1.340E-03  1.155E-03  9.962E-04  8.584E-04  7.354E-04  6.217E-04  5.221E-04  4.378E-04  3.670E-04  3.078E-04  2.507E-04  2.076E-04  1.679E-04  1.379E-04  1.098E-04  8.722E-05  6.883E-05  5.379E-05  4.146E-05  3.144E-05  2.350E-05  1.734E-05  1.260E-05  8.752E-06  5.979E-06  3.838E-06  2.329E-06  1.215E-06  5.118E-07  1.593E-07  2.979E-08  1.942E-09  4.704E-11  1.954E-13  5.911E-17  1.018E-21  1.218E-29  0.000E+00  0.000E+00  0.000E+00  0.000E+00  0.000E+00  0.000E+00  0.000E+00  0.000E+00
  327.5000  5.941E-03  5.494E-03  5.067E-03  4.661E-03  4.276E-03  3.915E-03  3.554E-03  3.173E-03  2.844E-03  2.560E-03  2.316E-03  2.105E-03  1.825E-03  1.640E-03  1.422E-03  1.273E-03  1.094E-03  9.436E-04  8.150E-04  7.042E-04  6.031E-04  5.108E-04  4.298E-04  3.611E-04  3.032E-04  2.548E-04  2.079E-04  1.724E-04  1.396E-04  1.148E-04  9.144E-05  7.261E-05  5.725E-05  4.470E-05  3.440E-05  2.605E-05  1.943E-05  1.430E-05  1.036E-05  7.149E-06  4.833E-06  3.044E-06  1.794E-06  8.928E-07  3.499E-07  9.930E-08  1.694E-08  1.054E-09  2.664E-11  1.215E-13  4.280E-17  8.945E-22  1.345E-29  0.000E+00  0.000E+00  0.000E+00  0.000E+00  0.000E+00  0.000E+00  0.000E+00  0.000E+00
  328.5000  5.494E-03  5.079E-03  4.683E-03  4.307E-03  3.951E-03  3.616E-03  3.282E-03  2.930E-03  2.625E-03  2.362E-03  2.136E-03  1.941E-03  1.682E-03  1.511E-03  1.310E-03  1.172E-03  1.007E-03  8.681E-04  7.496E-04  6.437E-04  5.543E-04  4.693E-04  3.947E-04  3.315E-04  2.783E-04  2.338E-04  1.907E-04  1.581E-04  1.280E-04  1.052E-04  8.383E-05  6.656E-05  5.249E-05  4.098E-05  3.154E-05  2.388E-05  1.782E-05  1.311E-05  9.501E-06  6.559E-06  4.437E-06  2.798E-06  1.653E-06  8.265E-07  3.269E-07  9.416E-08  1.644E-08  1.055E-09  2.773E-11  1.342E-13  5.175E-17  1.224E-21  2.203E-29  0.000E+00  0.000E+00  0.000E+00  0.000E+00  0.000E+00  0.000E+00  0.000E+00  0.000E+00
  329.5000  9.399E-03  8.734E-03  8.094E-03  7.482E-03  6.896E-03  6.342E-03  5.780E-03  5.174E-03  4.651E-03  4.202E-03  3.813E-03  3.478E-03  3.016E-03  2.717E-03  2.356E-03  2.113E-03  1.813E-03  1.561E-03  1.346E-03  1.159E-03  9.915E-04  8.363E-04  7.005E-04  5.857E-04  4.898E-04  4.099E-04  3.327E-04  2.750E-04  2.218E-04  1.820E-04  1.448E-04  1.150E-04  9.084E-05  7.114E-05  5.497E-05  4.182E-05  3.138E-05  2.326E-05  1.702E-05  1.194E-05  8.291E-06  5.473E-06  3.461E-06  1.931E-06  9.032E-07  3.236E-07  7.064E-08  5.345E-09  1.438E-10  6.885E-13  2.595E-16  6.182E-21  1.254E-28  0.000E+00  0.000E+00  0.000E+00  0.000E+00  0.000E+00  0.000E+00  0.000E+00  0.000E+00
  330.5000  7.592E-03  7.038E-03  6.507E-03  6.000E-03  5.517E-03  5.062E-03  4.604E-03  4.115E-03  3.693E-03  3.329E-03  3.015E-03  2.745E-03  2.379E-03  2.139E-03  1.855E-03  1.661E-03  1.425E-03  1.228E-03  1.059E-03  9.108E-04  7.808E-04  6.595E-04  5.533E-04  4.634E-04  3.881E-04  3.253E-04  2.646E-04  2.190E-04  1.770E-04  1.453E-04  1.157E-04  9.189E-05  7.255E-05  5.676E-05  4.379E-05  3.326E-05  2.490E-05  1.841E-05  1.343E-05  9.370E-06  6.447E-06  4.187E-06  2.582E-06  1.383E-06  6.073E-07  2.004E-07  4.039E-08  2.936E-09  8.233E-11  4.307E-13  1.873E-16  5.347E-21  1.342E-28  0.000E+00  0.000E+00  0.000E+00  0.000E+00  0.000E+00  0.000E+00  0.000E+00  0.000E+00
  331.5000  7.321E-03  6.783E-03  6.267E-03  5.776E-03  5.308E-03  4.867E-03  4.425E-03  3.953E-03  3.545E-03  3.195E-03  2.892E-03  2.631E-03  2.280E-03  2.049E-03  1.776E-03  1.590E-03  1.364E-03  1.175E-03  1.013E-03  8.715E-04  7.471E-04  6.311E-04  5.296E-04  4.436E-04  3.716E-04  3.115E-04  2.534E-04  2.098E-04  1.695E-04  1.392E-04  1.109E-04  8.804E-05  6.950E-05  5.436E-05  4.193E-05  3.184E-05  2.383E-05  1.761E-05  1.283E-05  8.948E-06  6.147E-06  3.981E-06  2.445E-06  1.301E-06  5.665E-07  1.851E-07  3.715E-08  2.733E-09  7.956E-11  4.437E-13  2.132E-16  6.955E-21  2.092E-28  0.000E+00  0.000E+00  0.000E+00  0.000E+00  0.000E+00  0.000E+00  0.000E+00  0.000E+00
  332.5000  8.877E-03  8.259E-03  7.664E-03  7.094E-03  6.547E-03  6.029E-03  5.501E-03  4.928E-03  4.434E-03  4.010E-03  3.644E-03  3.327E-03  2.886E-03  2.603E-03  2.258E-03  2.026E-03  1.738E-03  1.497E-03  1.290E-03  1.111E-03  9.497E-04  8.003E-04  6.696E-04  5.592E-04  4.670E-04  3.904E-04  3.164E-04  2.612E-04  2.105E-04  1.726E-04  1.372E-04  1.089E-04  8.608E-05  6.747E-05  5.220E-05  3.977E-05  2.989E-05  2.220E-05  1.630E-05  1.149E-05  8.025E-06  5.357E-06  3.444E-06  1.976E-06  9.668E-07  3.691E-07  8.715E-08  7.257E-09  2.167E-10  1.217E-12  5.874E-16  1.984E-20  6.790E-28  0.000E+00  0.000E+00  0.000E+00  0.000E+00  0.000E+00  0.000E+00  0.000E+00  0.000E+00
  333.5000  7.618E-03  7.074E-03  6.550E-03  6.050E-03  5.572E-03  5.120E-03  4.663E-03  4.172E-03  3.747E-03  3.382E-03  3.067E-03  2.796E-03  2.423E-03  2.181E-03  1.891E-03  1.694E-03  1.453E-03  1.251E-03  1.078E-03  9.279E-04  7.939E-04  6.695E-04  5.607E-04  4.688E-04  3.919E-04  3.280E-04  2.662E-04  2.200E-04  1.775E-04  1.456E-04  1.159E-04  9.200E-05  7.267E-05  5.692E-05  4.399E-05  3.347E-05  2.512E-05  1.862E-05  1.363E-05  9.572E-06  6.648E-06  4.389E-06  2.775E-06  1.548E-06  7.249E-07  2.614E-07  5.845E-08  4.755E-09  1.477E-10  8.962E-13  4.902E-16  1.943E-20  8.066E-28  0.000E+00  0.000E+00  0.000E+00  0.000E+00  0.000E+00  0.000E+00  0.000E+00  0.000E+00
  334.5000  8.917E-03  8.287E-03  7.682E-03  7.102E-03  6.547E-03  6.021E-03  5.489E-03  4.913E-03  4.416E-03  3.989E-03  3.620E-03  3.302E-03  2.862E-03  2.578E-03  2.235E-03  2.004E-03  1.719E-03  1.479E-03  1.275E-03  1.097E-03  9.378E-04  7.903E-04  6.613E-04  5.524E-04  4.614E-04  3.858E-04  3.128E-04  2.583E-04  2.082E-04  1.708E-04  1.358E-04  1.078E-04  8.517E-05  6.674E-05  5.161E-05  3.931E-05  2.953E-05  2.192E-05  1.607E-05  1.131E-05  7.887E-06  5.243E-06  3.351E-06  1.904E-06  9.187E-07  3.450E-07  8.079E-08  6.876E-09  2.206E-10  1.399E-12  8.184E-16  3.574E-20  1.736E-27  0.000E+00  0.000E+00  0.000E+00  0.000E+00  0.000E+00  0.000E+00  0.000E+00  0.000E+00
  335.5000  1.002E-02  9.339E-03  8.677E-03  8.041E-03  7.431E-03  6.851E-03  6.259E-03  5.612E-03  5.055E-03  4.576E-03  4.163E-03  3.806E-03  3.303E-03  2.981E-03  2.587E-03  2.324E-03  1.994E-03  1.717E-03  1.480E-03  1.273E-03  1.089E-03  9.165E-04  7.659E-04  6.389E-04  5.330E-04  4.451E-04  3.601E-04  2.970E-04  2.390E-04  1.958E-04  1.555E-04  1.234E-04  9.756E-05  7.652E-05  5.926E-05  4.521E-05  3.403E-05  2.533E-05  1.864E-05  1.318E-05  9.261E-06  6.239E-06  4.069E-06  2.392E-06  1.218E-06  4.926E-07  1.250E-07  1.139E-08  3.760E-10  2.459E-12  1.506E-15  7.096E-20  3.993E-27  0.000E+00  0.000E+00  0.000E+00  0.000E+00  0.000E+00  0.000E+00  0.000E+00  0.000E+00
  336.5000  7.604E-03  7.080E-03  6.572E-03  6.085E-03  5.619E-03  5.176E-03  4.725E-03  4.234E-03  3.811E-03  3.447E-03  3.133E-03  2.862E-03  2.482E-03  2.239E-03  1.942E-03  1.743E-03  1.495E-03  1.287E-03  1.109E-03  9.538E-04  8.156E-04  6.867E-04  5.739E-04  4.788E-04  3.995E-04  3.337E-04  2.701E-04  2.228E-04  1.793E-04  1.470E-04  1.168E-04  9.268E-05  7.324E-05  5.743E-05  4.446E-05  3.391E-05  2.551E-05  1.898E-05  1.396E-05  9.863E-06  6.918E-06  4.648E-06  3.018E-06  1.761E-06  8.875E-07  3.541E-07  8.901E-08  8.166E-09  2.792E-10  1.941E-12  1.307E-15  6.994E-20  4.666E-27  0.000E+00  0.000E+00  0.000E+00  0.000E+00  0.000E+00  0.000E+00  0.000E+00  0.000E+00
  337.5000  7.765E-03  7.217E-03  6.688E-03  6.182E-03  5.698E-03  5.239E-03  4.775E-03  4.273E-03  3.840E-03  3.467E-03  3.146E-03  2.869E-03  2.486E-03  2.239E-03  1.941E-03  1.739E-03  1.491E-03  1.283E-03  1.106E-03  9.507E-04  8.127E-04  6.846E-04  5.726E-04  4.781E-04  3.992E-04  3.336E-04  2.704E-04  2.232E-04  1.798E-04  1.475E-04  1.172E-04  9.307E-05  7.354E-05  5.763E-05  4.458E-05  3.396E-05  2.553E-05  1.896E-05  1.391E-05  9.806E-06  6.847E-06  4.564E-06  2.927E-06  1.674E-06  8.168E-07  3.124E-07  7.549E-08  6.830E-09  2.421E-10  1.805E-12  1.358E-15  8.385E-20  6.685E-27  0.000E+00  0.000E+00  0.000E+00  0.000E+00  0.000E+00  0.000E+00  0.000E+00  0.000E+00
  338.5000  9.144E-03  8.519E-03  7.916E-03  7.336E-03  6.779E-03  6.250E-03  5.709E-03  5.119E-03  4.609E-03  4.172E-03  3.795E-03  3.470E-03  3.010E-03  2.717E-03  2.357E-03  2.116E-03  1.815E-03  1.563E-03  1.347E-03  1.159E-03  9.897E-04  8.328E-04  6.955E-04  5.798E-04  4.834E-04  4.035E-04  3.262E-04  2.689E-04  2.162E-04  1.771E-04  1.406E-04  1.116E-04  8.819E-05  6.918E-05  5.359E-05  4.090E-05  3.081E-05  2.295E-05  1.690E-05  1.197E-05  8.419E-06  5.686E-06  3.724E-06  2.206E-06  1.140E-06  4.715E-07  1.241E-07  1.207E-08  4.397E-10  3.367E-12  2.633E-15  1.737E-19  1.585E-26  0.000E+00  0.000E+00  0.000E+00  0.000E+00  0.000E+00  0.000E+00  0.000E+00  0.000E+00
  339.5000  1.009E-02  9.409E-03  8.743E-03  8.105E-03  7.492E-03  6.910E-03  6.314E-03  5.662E-03  5.100E-03  4.617E-03  4.201E-03  3.842E-03  3.333E-03  3.009E-03  2.611E-03  2.345E-03  2.011E-03  1.731E-03  1.492E-03  1.283E-03  1.096E-03  9.221E-04  7.698E-04  6.415E-04  5.346E-04  4.461E-04  3.604E-04  2.970E-04  2.387E-04  1.955E-04  1.552E-04  1.231E-04  9.729E-05  7.633E-05  5.915E-05  4.516E-05  3.403E-05  2.536E-05  1.868E-05  1.324E-05  9.329E-06  6.315E-06  4.150E-06  2.474E-06  1.292E-06  5.432E-07  1.461E-07  1.460E-08  5.490E-10  4.410E-12  3.713E-15  2.714E-19  2.885E-26  0.000E+00  0.000E+00  0.000E+00  0.000E+00  0.000E+00  0.000E+00  0.000E+00  0.000E+00
  340.5000  1.037E-02  9.654E-03  8.963E-03  8.300E-03  7.664E-03  7.060E-03  6.445E-03  5.774E-03  5.196E-03  4.700E-03  4.271E-03  3.902E-03  3.383E-03  3.051E-03  2.645E-03  2.374E-03  2.035E-03  1.751E-03  1.508E-03  1.297E-03  1.108E-03  9.321E-04  7.784E-04  6.489E-04  5.409E-04  4.514E-04  3.650E-04  3.009E-04  2.420E-04  1.982E-04  1.574E-04  1.249E-04  9.869E-05  7.741E-05  5.996E-05  4.575E-05  3.445E-05  2.566E-05  1.889E-05  1.337E-05  9.399E-06  6.340E-06  4.143E-06  2.446E-06  1.258E-06  5.182E-07  1.370E-07  1.369E-08  5.322E-10  4.539E-12  4.201E-15  3.478E-19  4.356E-26  0.000E+00  0.000E+00  0.000E+00  0.000E+00  0.000E+00  0.000E+00  0.000E+00  0.000E+00
  341.5000  9.754E-03  9.094E-03  8.455E-03  7.840E-03  7.250E-03  6.689E-03  6.114E-03  5.484E-03  4.941E-03  4.474E-03  4.072E-03  3.726E-03  3.233E-03  2.919E-03  2.533E-03  2.275E-03  1.952E-03  1.680E-03  1.447E-03  1.244E-03  1.063E-03  8.940E-04  7.460E-04  6.214E-04  5.176E-04  4.317E-04  3.486E-04  2.871E-04  2.306E-04  1.888E-04  1.498E-04  1.188E-04  9.389E-05  7.368E-05  5.711E-05  4.362E-05  3.289E-05  2.453E-05  1.809E-05  1.284E-05  9.059E-06  6.151E-06  4.061E-06  2.441E-06  1.292E-06  5.551E-07  1.539E-07  1.609E-08  6.435E-10  5.695E-12  5.574E-15  5.018E-19  7.234E-26  0.000E+00  0.000E+00  0.000E+00  0.000E+00  0.000E+00  0.000E+00  0.000E+00  0.000E+00
  342.5000  1.093E-02  1.019E-02  9.474E-03  8.788E-03  8.128E-03  7.501E-03  6.858E-03  6.152E-03  5.543E-03  5.021E-03  4.571E-03  4.183E-03  3.629E-03  3.278E-03  2.844E-03  2.555E-03  2.192E-03  1.886E-03  1.625E-03  1.397E-03  1.194E-03  1.003E-03  8.371E-04  6.970E-04  5.805E-04  4.839E-04  3.906E-04  3.216E-04  2.582E-04  2.114E-04  1.677E-04  1.330E-04  1.051E-04  8.246E-05  6.393E-05  4.884E-05  3.684E-05  2.748E-05  2.028E-05  1.440E-05  1.017E-05  6.917E-06  4.579E-06  2.765E-06  1.476E-06  6.419E-07  1.811E-07  1.940E-08  7.997E-10  7.416E-12  7.801E-15  7.761E-19  1.296E-25  0.000E+00  0.000E+00  0.000E+00  0.000E+00  0.000E+00  0.000E+00  0.000E+00  0.000E+00
  343.5000  1.113E-02  1.038E-02  9.644E-03  8.940E-03  8.264E-03  7.621E-03  6.964E-03  6.244E-03  5.623E-03  5.090E-03  4.631E-03  4.235E-03  3.673E-03  3.315E-03  2.875E-03  2.582E-03  2.214E-03  1.905E-03  1.641E-03  1.410E-03  1.204E-03  1.012E-03  8.445E-04  7.032E-04  5.856E-04  4.882E-04  3.942E-04  3.245E-04  2.607E-04  2.134E-04  1.692E-04  1.342E-04  1.061E-04  8.323E-05  6.452E-05  4.928E-05  3.716E-05  2.772E-05  2.045E-05  1.451E-05  1.024E-05  6.956E-06  4.594E-06  2.765E-06  1.468E-06  6.346E-07  1.786E-07  1.933E-08  8.221E-10  8.037E-12  9.180E-15  1.020E-18  1.981E-25  0.000E+00  0.000E+00  0.000E+00  0.000E+00  0.000E+00  0.000E+00  0.000E+00  0.000E+00
  344.5000  7.638E-03  7.115E-03  6.609E-03  6.122E-03  5.656E-03  5.213E-03  4.760E-03  4.266E-03  3.840E-03  3.474E-03  3.158E-03  2.886E-03  2.502E-03  2.257E-03  1.957E-03  1.756E-03  1.505E-03  1.295E-03  1.115E-03  9.579E-04  8.180E-04  6.876E-04  5.736E-04  4.777E-04  3.978E-04  3.317E-04  2.679E-04  2.206E-04  1.772E-04  1.451E-04  1.151E-04  9.127E-05  7.213E-05  5.659E-05  4.386E-05  3.349E-05  2.525E-05  1.883E-05  1.388E-05  9.848E-06  6.944E-06  4.708E-06  3.102E-06  1.859E-06  9.807E-07  4.205E-07  1.177E-07  1.286E-08  5.637E-10  5.807E-12  7.204E-15  8.936E-19  2.018E-25  0.000E+00  0.000E+00  0.000E+00  0.000E+00  0.000E+00  0.000E+00  0.000E+00  0.000E+00
  345.5000  1.108E-02  1.033E-02  9.612E-03  8.918E-03  8.251E-03  7.616E-03  6.965E-03  6.249E-03  5.631E-03  5.102E-03  4.645E-03  4.252E-03  3.689E-03  3.332E-03  2.891E-03  2.598E-03  2.228E-03  1.917E-03  1.651E-03  1.421E-03  1.212E-03  1.018E-03  8.490E-04  7.065E-04  5.879E-04  4.899E-04  3.950E-04  3.250E-04  2.608E-04  2.134E-04  1.691E-04  1.341E-04  1.059E-04  8.314E-05  6.448E-05  4.929E-05  3.720E-05  2.778E-05  2.052E-05  1.459E-05  1.033E-05  7.046E-06  4.687E-06  2.855E-06  1.549E-06  6.907E-07  2.024E-07  2.307E-08  1.039E-09  1.108E-11  1.448E-14  1.942E-18  4.991E-25  0.000E+00  0.000E+00  0.000E+00  0.000E+00  0.000E+00  0.000E+00  0.000E+00  0.000E+00
  346.5000  1.002E-02  9.335E-03  8.676E-03  8.041E-03  7.432E-03  6.853E-03  6.261E-03  5.613E-03  5.054E-03  4.574E-03  4.160E-03  3.803E-03  3.297E-03  2.975E-03  2.580E-03  2.316E-03  1.985E-03  1.707E-03  1.470E-03  1.263E-03  1.079E-03  9.062E-04  7.555E-04  6.288E-04  5.234E-04  4.361E-04  3.519E-04  2.896E-04  2.325E-04  1.902E-04  1.508E-04  1.196E-04  9.451E-05  7.416E-05  5.750E-05  4.394E-05  3.314E-05  2.473E-05  1.826E-05  1.297E-05  9.162E-06  6.233E-06  4.128E-06  2.496E-06  1.338E-06  5.880E-07  1.703E-07  1.948E-08  9.043E-10  1.018E-11  1.447E-14  2.170E-18  6.485E-25  0.000E+00  0.000E+00  0.000E+00  0.000E+00  0.000E+00  0.000E+00  0.000E+00  0.000E+00
  347.5000  9.832E-03  9.162E-03  8.516E-03  7.894E-03  7.297E-03  6.729E-03  6.148E-03  5.511E-03  4.962E-03  4.491E-03  4.085E-03  3.735E-03  3.238E-03  2.922E-03  2.533E-03  2.274E-03  1.949E-03  1.676E-03  1.443E-03  1.240E-03  1.058E-03  8.890E-04  7.410E-04  6.166E-04  5.131E-04  4.275E-04  3.448E-04  2.837E-04  2.277E-04  1.863E-04  1.477E-04  1.171E-04  9.251E-05  7.260E-05  5.629E-05  4.302E-05  3.246E-05  2.423E-05  1.789E-05  1.271E-05  8.986E-06  6.119E-06  4.058E-06  2.461E-06  1.326E-06  5.873E-07  1.722E-07  2.009E-08  9.596E-10  1.129E-11  1.720E-14  2.836E-18  9.730E-25  0.000E+00  0.000E+00  0.000E+00  0.000E+00  0.000E+00  0.000E+00  0.000E+00  0.000E+00
  348.5000  1.095E-02  1.020E-02  9.487E-03  8.797E-03  8.133E-03  7.502E-03  6.856E-03  6.148E-03  5.537E-03  5.012E-03  4.560E-03  4.170E-03  3.616E-03  3.264E-03  2.830E-03  2.541E-03  2.178E-03  1.873E-03  1.612E-03  1.385E-03  1.182E-03  9.929E-04  8.274E-04  6.882E-04  5.725E-04  4.768E-04  3.844E-04  3.162E-04  2.537E-04  2.075E-04  1.644E-04  1.303E-04  1.030E-04  8.082E-05  6.268E-05  4.791E-05  3.616E-05  2.701E-05  1.995E-05  1.419E-05  1.004E-05  6.848E-06  4.554E-06  2.775E-06  1.508E-06  6.765E-07  2.017E-07  2.409E-08  1.183E-09  1.452E-11  2.360E-14  4.260E-18  1.671E-24  0.000E+00  0.000E+00  0.000E+00  0.000E+00  0.000E+00  0.000E+00  0.000E+00  0.000E+00
  349.5000  9.162E-03  8.540E-03  7.940E-03  7.361E-03  6.805E-03  6.277E-03  5.736E-03  5.143E-03  4.631E-03  4.191E-03  3.813E-03  3.487E-03  3.022E-03  2.728E-03  2.364E-03  2.123E-03  1.819E-03  1.564E-03  1.346E-03  1.157E-03  9.870E-04  8.288E-04  6.905E-04  5.742E-04  4.776E-04  3.977E-04  3.206E-04  2.636E-04  2.115E-04  1.730E-04  1.371E-04  1.086E-04  8.582E-05  6.735E-05  5.223E-05  3.993E-05  3.014E-05  2.251E-05  1.663E-05  1.183E-05  8.372E-06  5.713E-06  3.802E-06  2.320E-06  1.263E-06  5.693E-07  1.712E-07  2.080E-08  1.050E-09  1.347E-11  2.347E-14  4.654E-18  2.089E-24  0.000E+00  0.000E+00  0.000E+00  0.000E+00  0.000E+00  0.000E+00  0.000E+00  0.000E+00
  350.5000  1.287E-02  1.200E-02  1.115E-02  1.034E-02  9.562E-03  8.819E-03  8.059E-03  7.226E-03  6.507E-03  5.889E-03  5.357E-03  4.899E-03  4.246E-03  3.832E-03  3.322E-03  2.982E-03  2.555E-03  2.197E-03  1.891E-03  1.625E-03  1.386E-03  1.163E-03  9.690E-04  8.056E-04  6.699E-04  5.577E-04  4.495E-04  3.696E-04  2.963E-04  2.423E-04  1.920E-04  1.521E-04  1.202E-04  9.433E-05  7.316E-05  5.594E-05  4.223E-05  3.155E-05  2.331E-05  1.659E-05  1.175E-05  8.022E-06  5.344E-06  3.269E-06  1.788E-06  8.113E-07  2.467E-07  3.053E-08  1.583E-09  2.122E-11  3.950E-14  8.579E-18  4.395E-24  0.000E+00  0.000E+00  0.000E+00  0.000E+00  0.000E+00  0.000E+00  0.000E+00  0.000E+00
  351.5000  1.105E-02  1.029E-02  9.570E-03  8.872E-03  8.201E-03  7.563E-03  6.909E-03  6.194E-03  5.576E-03  5.046E-03  4.589E-03  4.195E-03  3.636E-03  3.280E-03  2.843E-03  2.552E-03  2.186E-03  1.879E-03  1.617E-03  1.388E-03  1.185E-03  9.943E-04  8.280E-04  6.883E-04  5.723E-04  4.764E-04  3.838E-04  3.156E-04  2.530E-04  2.069E-04  1.639E-04  1.299E-04  1.026E-04  8.051E-05  6.245E-05  4.774E-05  3.605E-05  2.693E-05  1.990E-05  1.416E-05  1.003E-05  6.849E-06  4.563E-06  2.792E-06  1.529E-06  6.956E-07  2.129E-07  2.674E-08  1.425E-09  1.996E-11  3.978E-14  9.477E-18  5.538E-24  0.000E+00  0.000E+00  0.000E+00  0.000E+00  0.000E+00  0.000E+00  0.000E+00  0.000E+00
  352.5000  1.001E-02  9.329E-03  8.672E-03  8.039E-03  7.432E-03  6.854E-03  6.262E-03  5.614E-03  5.054E-03  4.574E-03  4.160E-03  3.803E-03  3.295E-03  2.973E-03  2.577E-03  2.313E-03  1.981E-03  1.703E-03  1.465E-03  1.259E-03  1.073E-03  9.005E-04  7.498E-04  6.232E-04  5.180E-04  4.311E-04  3.472E-04  2.854E-04  2.288E-04  1.870E-04  1.481E-04  1.174E-04  9.271E-05  7.276E-05  5.643E-05  4.315E-05  3.259E-05  2.435E-05  1.800E-05  1.281E-05  9.078E-06  6.206E-06  4.140E-06  2.540E-06  1.397E-06  6.405E-07  1.982E-07  2.538E-08  1.389E-09  2.027E-11  4.307E-14  1.120E-17  7.441E-24  0.000E+00  0.000E+00  0.000E+00  0.000E+00  0.000E+00  0.000E+00  0.000E+00  0.000E+00
  353.5000  1.213E-02  1.131E-02  1.051E-02  9.748E-03  9.013E-03  8.313E-03  7.597E-03  6.811E-03  6.132E-03  5.550E-03  5.048E-03  4.616E-03  3.999E-03  3.609E-03  3.127E-03  2.808E-03  2.405E-03  2.067E-03  1.778E-03  1.526E-03  1.302E-03  1.092E-03  9.094E-04  7.556E-04  6.279E-04  5.224E-04  4.206E-04  3.456E-04  2.770E-04  2.264E-04  1.793E-04  1.420E-04  1.122E-04  8.803E-05  6.829E-05  5.223E-05  3.945E-05  2.949E-05  2.181E-05  1.553E-05  1.101E-05  7.533E-06  5.035E-06  3.098E-06  1.713E-06  7.923E-07  2.484E-07  3.241E-08  1.820E-09  2.766E-11  6.256E-14  1.773E-17  1.336E-23  0.000E+00  0.000E+00  0.000E+00  0.000E+00  0.000E+00  0.000E+00  0.000E+00  0.000E+00
  354.5000  1.320E-02  1.231E-02  1.145E-02  1.062E-02  9.816E-03  9.055E-03  8.275E-03  7.419E-03  6.681E-03  6.046E-03  5.500E-03  5.029E-03  4.358E-03  3.933E-03  3.408E-03  3.059E-03  2.620E-03  2.252E-03  1.937E-03  1.663E-03  1.418E-03  1.190E-03  9.901E-04  8.224E-04  6.833E-04  5.684E-04  4.575E-04  3.758E-04  3.011E-04  2.460E-04  1.948E-04  1.543E-04  1.218E-04  9.563E-05  7.419E-05  5.675E-05  4.287E-05  3.205E-05  2.371E-05  1.690E-05  1.198E-05  8.207E-06  5.493E-06  3.390E-06  1.884E-06  8.781E-07  2.785E-07  3.703E-08  2.133E-09  3.374E-11  8.118E-14  2.505E-17  2.136E-23  0.000E+00  0.000E+00  0.000E+00  0.000E+00  0.000E+00  0.000E+00  0.000E+00  0.000E+00
  355.5000  1.235E-02  1.152E-02  1.071E-02  9.930E-03  9.182E-03  8.469E-03  7.740E-03  6.939E-03  6.248E-03  5.654E-03  5.143E-03  4.702E-03  4.074E-03  3.676E-03  3.185E-03  2.859E-03  2.448E-03  2.104E-03  1.810E-03  1.554E-03  1.325E-03  1.111E-03  9.243E-04  7.677E-04  6.376E-04  5.303E-04  4.268E-04  3.505E-04  2.807E-04  2.294E-04  1.815E-04  1.438E-04  1.136E-04  8.912E-05  6.914E-05  5.289E-05  3.997E-05  2.988E-05  2.211E-05  1.576E-05  1.118E-05  7.661E-06  5.132E-06  3.172E-06  1.768E-06  8.283E-07  2.651E-07  3.583E-08  2.117E-09  3.487E-11  8.931E-14  3.002E-17  2.896E-23  0.000E+00  0.000E+00  0.000E+00  0.000E+00  0.000E+00  0.000E+00  0.000E+00  0.000E+00
  356.5000  1.146E-02  1.069E-02  9.938E-03  9.215E-03  8.520E-03  7.858E-03  7.181E-03  6.437E-03  5.796E-03  5.244E-03  4.770E-03  4.361E-03  3.778E-03  3.408E-03  2.953E-03  2.650E-03  2.269E-03  1.950E-03  1.677E-03  1.439E-03  1.227E-03  1.029E-03  8.558E-04  7.106E-04  5.901E-04  4.907E-04  3.948E-04  3.242E-04  2.596E-04  2.121E-04  1.678E-04  1.329E-04  1.050E-04  8.237E-05  6.391E-05  4.889E-05  3.695E-05  2.763E-05  2.045E-05  1.458E-05  1.034E-05  7.091E-06  4.753E-06  2.942E-06  1.644E-06  7.737E-07  2.496E-07  3.428E-08  2.077E-09  3.561E-11  9.704E-14  3.549E-17  3.868E-23  0.000E+00  0.000E+00  0.000E+00  0.000E+00  0.000E+00  0.000E+00  0.000E+00  0.000E+00
  357.5000  9.742E-03  9.083E-03  8.444E-03  7.829E-03  7.238E-03  6.675E-03  6.099E-03  5.468E-03  4.922E-03  4.453E-03  4.050E-03  3.702E-03  3.207E-03  2.893E-03  2.505E-03  2.249E-03  1.925E-03  1.654E-03  1.422E-03  1.220E-03  1.040E-03  8.720E-04  7.252E-04  6.021E-04  4.999E-04  4.156E-04  3.343E-04  2.745E-04  2.198E-04  1.795E-04  1.420E-04  1.125E-04  8.881E-05  6.970E-05  5.408E-05  4.137E-05  3.127E-05  2.338E-05  1.731E-05  1.234E-05  8.758E-06  6.006E-06  4.028E-06  2.496E-06  1.398E-06  6.607E-07  2.148E-07  2.995E-08  1.861E-09  3.319E-11  9.616E-14  3.824E-17  4.699E-23  0.000E+00  0.000E+00  0.000E+00  0.000E+00  0.000E+00  0.000E+00  0.000E+00  0.000E+00
  358.5000  7.541E-03  7.031E-03  6.537E-03  6.061E-03  5.604E-03  5.169E-03  4.723E-03  4.234E-03  3.811E-03  3.448E-03  3.135E-03  2.866E-03  2.483E-03  2.239E-03  1.940E-03  1.741E-03  1.490E-03  1.280E-03  1.100E-03  9.437E-04  8.048E-04  6.746E-04  5.609E-04  4.655E-04  3.864E-04  3.212E-04  2.583E-04  2.120E-04  1.697E-04  1.386E-04  1.096E-04  8.681E-05  6.854E-05  5.379E-05  4.174E-05  3.194E-05  2.414E-05  1.806E-05  1.337E-05  9.534E-06  6.769E-06  4.646E-06  3.119E-06  1.937E-06  1.089E-06  5.176E-07  1.699E-07  2.409E-08  1.533E-09  2.842E-11  8.736E-14  3.767E-17  5.208E-23  0.000E+00  0.000E+00  0.000E+00  0.000E+00  0.000E+00  0.000E+00  0.000E+00  0.000E+00
  359.5000  1.270E-02  1.184E-02  1.101E-02  1.020E-02  9.434E-03  8.701E-03  7.950E-03  7.126E-03  6.414E-03  5.803E-03  5.276E-03  4.823E-03  4.177E-03  3.767E-03  3.262E-03  2.928E-03  2.505E-03  2.152E-03  1.850E-03  1.586E-03  1.353E-03  1.133E-03  9.423E-04  7.819E-04  6.489E-04  5.393E-04  4.336E-04  3.558E-04  2.848E-04  2.325E-04  1.839E-04  1.456E-04  1.150E-04  9.021E-05  7.000E-05  5.356E-05  4.049E-05  3.029E-05  2.243E-05  1.600E-05  1.136E-05  7.802E-06  5.241E-06  3.259E-06  1.837E-06  8.772E-07  2.903E-07  4.180E-08  2.725E-09  5.248E-11  1.712E-13  8.001E-17  1.243E-22  0.000E+00  0.000E+00  0.000E+00  0.000E+00  0.000E+00  0.000E+00  0.000E+00  0.000E+00
  360.5000  1.178E-02  1.098E-02  1.021E-02  9.466E-03  8.751E-03  8.070E-03  7.373E-03  6.609E-03  5.948E-03  5.381E-03  4.892E-03  4.471E-03  3.872E-03  3.492E-03  3.024E-03  2.713E-03  2.322E-03  1.994E-03  1.714E-03  1.469E-03  1.253E-03  1.049E-03  8.723E-04  7.237E-04  6.005E-04  4.989E-04  4.010E-04  3.291E-04  2.633E-04  2.149E-04  1.700E-04  1.346E-04  1.062E-04  8.336E-05  6.468E-05  4.950E-05  3.742E-05  2.800E-05  2.074E-05  1.480E-05  1.051E-05  7.220E-06  4.854E-06  3.022E-06  1.708E-06  8.195E-07  2.734E-07  3.997E-08  2.669E-09  5.337E-11  1.845E-13  9.339E-17  1.628E-22  0.000E+00  0.000E+00  0.000E+00  0.000E+00  0.000E+00  0.000E+00  0.000E+00  0.000E+00
  361.5000  1.064E-02  9.921E-03  9.226E-03  8.554E-03  7.908E-03  7.293E-03  6.663E-03  5.973E-03  5.376E-03  4.863E-03  4.421E-03  4.041E-03  3.498E-03  3.155E-03  2.732E-03  2.451E-03  2.097E-03  1.801E-03  1.548E-03  1.328E-03  1.131E-03  9.472E-04  7.871E-04  6.529E-04  5.416E-04  4.499E-04  3.616E-04  2.966E-04  2.373E-04  1.937E-04  1.531E-04  1.212E-04  9.567E-05  7.508E-05  5.826E-05  4.459E-05  3.371E-05  2.523E-05  1.869E-05  1.334E-05  9.478E-06  6.514E-06  4.384E-06  2.734E-06  1.550E-06  7.477E-07  2.517E-07  3.738E-08  2.555E-09  5.301E-11  1.940E-13  1.061E-16  2.072E-22  0.000E+00  0.000E+00  0.000E+00  0.000E+00  0.000E+00  0.000E+00  0.000E+00  0.000E+00
  362.5000  1.252E-02  1.167E-02  1.085E-02  1.006E-02  9.300E-03  8.577E-03  7.836E-03  7.023E-03  6.321E-03  5.718E-03  5.198E-03  4.751E-03  4.113E-03  3.709E-03  3.211E-03  2.881E-03  2.464E-03  2.116E-03  1.818E-03  1.559E-03  1.328E-03  1.112E-03  9.242E-04  7.664E-04  6.357E-04  5.279E-04  4.241E-04  3.479E-04  2.782E-04  2.270E-04  1.795E-04  1.420E-04  1.121E-04  8.798E-05  6.828E-05  5.226E-05  3.952E-05  2.958E-05  2.191E-05  1.564E-05  1.112E-05  7.646E-06  5.149E-06  3.217E-06  1.829E-06  8.864E-07  3.009E-07  4.537E-08  3.173E-09  6.828E-11  2.644E-13  1.562E-16  3.410E-22  0.000E+00  0.000E+00  0.000E+00  0.000E+00  0.000E+00  0.000E+00  0.000E+00  0.000E+00
  363.5000  1.115E-02  1.039E-02  9.660E-03  8.956E-03  8.280E-03  7.635E-03  6.976E-03  6.252E-03  5.627E-03  5.089E-03  4.626E-03  4.228E-03  3.659E-03  3.300E-03  2.856E-03  2.562E-03  2.192E-03  1.881E-03  1.617E-03  1.386E-03  1.180E-03  9.886E-04  8.211E-04  6.808E-04  5.646E-04  4.688E-04  3.765E-04  3.088E-04  2.469E-04  2.014E-04  1.592E-04  1.260E-04  9.944E-05  7.803E-05  6.055E-05  4.635E-05  3.505E-05  2.624E-05  1.944E-05  1.388E-05  9.871E-06  6.791E-06  4.576E-06  2.863E-06  1.632E-06  7.944E-07  2.718E-07  4.158E-08  2.975E-09  6.639E-11  2.718E-13  1.733E-16  4.224E-22  0.000E+00  0.000E+00  0.000E+00  0.000E+00  0.000E+00  0.000E+00  0.000E+00  0.000E+00
  364.5000  1.216E-02  1.134E-02  1.054E-02  9.769E-03  9.030E-03  8.327E-03  7.607E-03  6.817E-03  6.135E-03  5.548E-03  5.043E-03  4.608E-03  3.988E-03  3.596E-03  3.112E-03  2.791E-03  2.387E-03  2.049E-03  1.760E-03  1.509E-03  1.285E-03  1.076E-03  8.936E-04  7.407E-04  6.141E-04  5.098E-04  4.094E-04  3.356E-04  2.683E-04  2.189E-04  1.730E-04  1.369E-04  1.080E-04  8.476E-05  6.578E-05  5.035E-05  3.808E-05  2.852E-05  2.113E-05  1.509E-05  1.073E-05  7.385E-06  4.980E-06  3.119E-06  1.781E-06  8.708E-07  3.000E-07  4.656E-08  3.407E-09  7.881E-11  3.410E-13  2.345E-16  6.372E-22  0.000E+00  0.000E+00  0.000E+00  0.000E+00  0.000E+00  0.000E+00  0.000E+00  0.000E+00
  365.5000  1.481E-02  1.380E-02  1.283E-02  1.190E-02  1.100E-02  1.014E-02  9.262E-03  8.300E-03  7.468E-03  6.753E-03  6.137E-03  5.607E-03  4.852E-03  4.374E-03  3.785E-03  3.395E-03  2.903E-03  2.491E-03  2.140E-03  1.833E-03  1.562E-03  1.307E-03  1.085E-03  8.996E-04  7.457E-04  6.189E-04  4.969E-04  4.073E-04  3.256E-04  2.655E-04  2.098E-04  1.660E-04  1.310E-04  1.028E-04  7.977E-05  6.106E-05  4.619E-05  3.459E-05  2.563E-05  1.831E-05  1.302E-05  8.966E-06  6.048E-06  3.791E-06  2.170E-06  1.065E-06  3.694E-07  5.812E-08  4.349E-09  1.042E-10  4.763E-13  3.528E-16  1.068E-21  0.000E+00  0.000E+00  0.000E+00  0.000E+00  0.000E+00  0.000E+00  0.000E+00  0.000E+00
  366.5000  1.569E-02  1.464E-02  1.360E-02  1.261E-02  1.165E-02  1.074E-02  9.815E-03  8.795E-03  7.914E-03  7.155E-03  6.502E-03  5.941E-03  5.140E-03  4.633E-03  4.009E-03  3.595E-03  3.074E-03  2.637E-03  2.265E-03  1.942E-03  1.653E-03  1.383E-03  1.148E-03  9.515E-04  7.885E-04  6.543E-04  5.252E-04  4.304E-04  3.440E-04  2.805E-04  2.216E-04  1.753E-04  1.383E-04  1.085E-04  8.423E-05  6.448E-05  4.878E-05  3.653E-05  2.708E-05  1.935E-05  1.377E-05  9.481E-06  6.400E-06  4.018E-06  2.305E-06  1.136E-06  3.973E-07  6.342E-08  4.850E-09  1.203E-10  5.800E-13  4.620E-16  1.554E-21  0.000E+00  0.000E+00  0.000E+00  0.000E+00  0.000E+00  0.000E+00  0.000E+00  0.000E+00
  367.5000  1.492E-02  1.392E-02  1.293E-02  1.199E-02  1.108E-02  1.022E-02  9.332E-03  8.362E-03  7.523E-03  6.802E-03  6.181E-03  5.647E-03  4.885E-03  4.403E-03  3.809E-03  3.416E-03  2.920E-03  2.505E-03  2.151E-03  1.841E-03  1.570E-03  1.313E-03  1.090E-03  9.030E-04  7.482E-04  6.207E-04  4.981E-04  4.081E-04  3.261E-04  2.659E-04  2.100E-04  1.661E-04  1.311E-04  1.028E-04  7.980E-05  6.109E-05  4.622E-05  3.462E-05  2.567E-05  1.835E-05  1.305E-05  8.995E-06  6.076E-06  3.820E-06  2.198E-06  1.088E-06  3.833E-07  6.206E-08  4.850E-09  1.245E-10  6.325E-13  5.413E-16  2.022E-21  0.000E+00  0.000E+00  0.000E+00  0.000E+00  0.000E+00  0.000E+00  0.000E+00  0.000E+00
  368.5000  1.311E-02  1.223E-02  1.136E-02  1.053E-02  9.737E-03  8.977E-03  8.199E-03  7.347E-03  6.610E-03  5.976E-03  5.429E-03  4.959E-03  4.290E-03  3.866E-03  3.345E-03  2.999E-03  2.563E-03  2.199E-03  1.888E-03  1.616E-03  1.377E-03  1.152E-03  9.558E-04  7.916E-04  6.558E-04  5.439E-04  4.364E-04  3.575E-04  2.856E-04  2.328E-04  1.839E-04  1.454E-04  1.147E-04  9.000E-05  6.985E-05  5.348E-05  4.046E-05  3.031E-05  2.248E-05  1.607E-05  1.144E-05  7.883E-06  5.328E-06  3.353E-06  1.933E-06  9.609E-07  3.409E-07  5.596E-08  4.466E-09  1.186E-10  6.349E-13  5.834E-16  2.415E-21  0.000E+00  0.000E+00  0.000E+00  0.000E+00  0.000E+00  0.000E+00  0.000E+00  0.000E+00
  369.5000  1.574E-02  1.468E-02  1.364E-02  1.264E-02  1.168E-02  1.077E-02  9.838E-03  8.815E-03  7.930E-03  7.169E-03  6.512E-03  5.948E-03  5.145E-03  4.636E-03  4.010E-03  3.595E-03  3.072E-03  2.635E-03  2.262E-03  1.936E-03  1.649E-03  1.380E-03  1.145E-03  9.478E-04  7.849E-04  6.510E-04  5.222E-04  4.277E-04  3.416E-04  2.784E-04  2.198E-04  1.738E-04  1.371E-04  1.076E-04  8.349E-05  6.392E-05  4.837E-05  3.624E-05  2.688E-05  1.922E-05  1.368E-05  9.433E-06  6.379E-06  4.020E-06  2.323E-06  1.159E-06  4.141E-07  6.888E-08  5.615E-09  1.541E-10  8.688E-13  8.562E-16  3.925E-21  0.000E+00  0.000E+00  0.000E+00  0.000E+00  0.000E+00  0.000E+00  0.000E+00  0.000E+00
  370.5000  1.429E-02  1.332E-02  1.238E-02  1.147E-02  1.060E-02  9.775E-03  8.928E-03  7.999E-03  7.195E-03  6.504E-03  5.908E-03  5.396E-03  4.666E-03  4.204E-03  3.636E-03  3.259E-03  2.785E-03  2.388E-03  2.050E-03  1.754E-03  1.494E-03  1.250E-03  1.037E-03  8.581E-04  7.106E-04  5.892E-04  4.725E-04  3.869E-04  3.089E-04  2.517E-04  1.988E-04  1.571E-04  1.240E-04  9.724E-05  7.547E-05  5.779E-05  4.373E-05  3.277E-05  2.431E-05  1.738E-05  1.238E-05  8.537E-06  5.776E-06  3.644E-06  2.110E-06  1.057E-06  3.801E-07  6.408E-08  5.333E-09  1.513E-10  8.972E-13  9.475E-16  4.802E-21  0.000E+00  0.000E+00  0.000E+00  0.000E+00  0.000E+00  0.000E+00  0.000E+00  0.000E+00
  371.5000  1.636E-02  1.525E-02  1.417E-02  1.314E-02  1.214E-02  1.119E-02  1.022E-02  9.156E-03  8.236E-03  7.444E-03  6.761E-03  6.174E-03  5.339E-03  4.810E-03  4.159E-03  3.728E-03  3.185E-03  2.731E-03  2.344E-03  2.007E-03  1.708E-03  1.428E-03  1.184E-03  9.802E-04  8.115E-04  6.727E-04  5.393E-04  4.415E-04  3.525E-04  2.872E-04  2.267E-04  1.792E-04  1.414E-04  1.109E-04  8.606E-05  6.590E-05  4.988E-05  3.738E-05  2.773E-05  1.983E-05  1.412E-05  9.747E-06  6.599E-06  4.167E-06  2.418E-06  1.216E-06  4.403E-07  7.522E-08  6.389E-09  1.873E-10  1.167E-12  1.320E-15  7.385E-21  0.000E+00  0.000E+00  0.000E+00  0.000E+00  0.000E+00  0.000E+00  0.000E+00  0.000E+00
  372.5000  1.209E-02  1.127E-02  1.047E-02  9.709E-03  8.972E-03  8.271E-03  7.553E-03  6.766E-03  6.086E-03  5.500E-03  4.995E-03  4.561E-03  3.944E-03  3.553E-03  3.072E-03  2.753E-03  2.352E-03  2.016E-03  1.730E-03  1.482E-03  1.260E-03  1.053E-03  8.734E-04  7.228E-04  5.983E-04  4.959E-04  3.975E-04  3.253E-04  2.597E-04  2.115E-04  1.670E-04  1.320E-04  1.041E-04  8.164E-05  6.336E-05  4.852E-05  3.673E-05  2.753E-05  2.042E-05  1.461E-05  1.041E-05  7.185E-06  4.867E-06  3.077E-06  1.789E-06  9.030E-07  3.293E-07  5.698E-08  4.939E-09  1.495E-10  9.787E-13  1.183E-15  7.302E-21  0.000E+00  0.000E+00  0.000E+00  0.000E+00  0.000E+00  0.000E+00  0.000E+00  0.000E+00
  373.5000  1.093E-02  1.019E-02  9.469E-03  8.776E-03  8.110E-03  7.475E-03  6.826E-03  6.115E-03  5.500E-03  4.970E-03  4.513E-03  4.121E-03  3.563E-03  3.209E-03  2.774E-03  2.486E-03  2.123E-03  1.820E-03  1.561E-03  1.336E-03  1.137E-03  9.503E-04  7.878E-04  6.518E-04  5.394E-04  4.470E-04  3.582E-04  2.931E-04  2.339E-04  1.905E-04  1.504E-04  1.188E-04  9.370E-05  7.350E-05  5.704E-05  4.368E-05  3.307E-05  2.479E-05  1.839E-05  1.316E-05  9.376E-06  6.475E-06  4.388E-06  2.777E-06  1.618E-06  8.194E-07  3.007E-07  5.270E-08  4.660E-09  1.456E-10  1.001E-12  1.293E-15  8.788E-21  0.000E+00  0.000E+00  0.000E+00  0.000E+00  0.000E+00  0.000E+00  0.000E+00  0.000E+00
  374.5000  1.200E-02  1.119E-02  1.039E-02  9.634E-03  8.902E-03  8.205E-03  7.492E-03  6.712E-03  6.036E-03  5.454E-03  4.952E-03  4.521E-03  3.908E-03  3.520E-03  3.042E-03  2.726E-03  2.328E-03  1.995E-03  1.711E-03  1.464E-03  1.246E-03  1.041E-03  8.629E-04  7.138E-04  5.905E-04  4.892E-04  3.920E-04  3.207E-04  2.559E-04  2.084E-04  1.644E-04  1.299E-04  1.024E-04  8.035E-05  6.236E-05  4.776E-05  3.615E-05  2.710E-05  2.011E-05  1.439E-05  1.026E-05  7.086E-06  4.805E-06  3.044E-06  1.777E-06  9.030E-07  3.335E-07  5.918E-08  5.338E-09  1.720E-10  1.241E-12  1.712E-15  1.280E-20  0.000E+00  0.000E+00  0.000E+00  0.000E+00  0.000E+00  0.000E+00  0.000E+00  0.000E+00
  375.5000  1.355E-02  1.263E-02  1.174E-02  1.088E-02  1.005E-02  9.263E-03  8.458E-03  7.576E-03  6.813E-03  6.156E-03  5.589E-03  5.102E-03  4.410E-03  3.971E-03  3.432E-03  3.074E-03  2.625E-03  2.250E-03  1.930E-03  1.652E-03  1.404E-03  1.173E-03  9.721E-04  8.040E-04  6.651E-04  5.509E-04  4.413E-04  3.610E-04  2.879E-04  2.344E-04  1.849E-04  1.461E-04  1.152E-04  9.036E-05  7.012E-05  5.370E-05  4.066E-05  3.049E-05  2.263E-05  1.620E-05  1.154E-05  7.978E-06  5.412E-06  3.432E-06  2.008E-06  1.024E-06  3.807E-07  6.840E-08  6.290E-09  2.090E-10  1.581E-12  2.326E-15  1.910E-20  0.000E+00  0.000E+00  0.000E+00  0.000E+00  0.000E+00  0.000E+00  0.000E+00  0.000E+00
  376.5000  1.354E-02  1.262E-02  1.173E-02  1.087E-02  1.004E-02  9.255E-03  8.450E-03  7.569E-03  6.806E-03  6.149E-03  5.582E-03  5.095E-03  4.404E-03  3.965E-03  3.426E-03  3.069E-03  2.620E-03  2.245E-03  1.926E-03  1.649E-03  1.400E-03  1.170E-03  9.693E-04  8.015E-04  6.628E-04  5.489E-04  4.396E-04  3.595E-04  2.867E-04  2.334E-04  1.841E-04  1.454E-04  1.147E-04  8.992E-05  6.978E-05  5.345E-05  4.047E-05  3.035E-05  2.253E-05  1.613E-05  1.150E-05  7.948E-06  5.395E-06  3.425E-06  2.007E-06  1.027E-06  3.844E-07  6.993E-08  6.555E-09  2.245E-10  1.779E-12  2.790E-15  2.514E-20  0.000E+00  0.000E+00  0.000E+00  0.000E+00  0.000E+00  0.000E+00  0.000E+00  0.000E+00
  377.5000  1.613E-02  1.504E-02  1.397E-02  1.295E-02  1.196E-02  1.103E-02  1.007E-02  9.016E-03  8.107E-03  7.323E-03  6.648E-03  6.067E-03  5.243E-03  4.720E-03  4.078E-03  3.653E-03  3.118E-03  2.671E-03  2.291E-03  1.963E-03  1.665E-03  1.391E-03  1.152E-03  9.526E-04  7.876E-04  6.521E-04  5.221E-04  4.269E-04  3.404E-04  2.771E-04  2.185E-04  1.726E-04  1.360E-04  1.067E-04  8.280E-05  6.342E-05  4.802E-05  3.602E-05  2.674E-05  1.915E-05  1.365E-05  9.441E-06  6.411E-06  4.074E-06  2.392E-06  1.229E-06  4.626E-07  8.518E-08  8.137E-09  2.872E-10  2.384E-12  3.979E-15  3.929E-20  0.000E+00  0.000E+00  0.000E+00  0.000E+00  0.000E+00  0.000E+00  0.000E+00  0.000E+00
  378.5000  1.759E-02  1.640E-02  1.523E-02  1.412E-02  1.304E-02  1.202E-02  1.097E-02  9.828E-03  8.836E-03  7.981E-03  7.245E-03  6.611E-03  5.713E-03  5.142E-03  4.442E-03  3.978E-03  3.395E-03  2.909E-03  2.494E-03  2.136E-03  1.813E-03  1.514E-03  1.254E-03  1.036E-03  8.565E-04  7.090E-04  5.676E-04  4.640E-04  3.699E-04  3.010E-04  2.373E-04  1.874E-04  1.477E-04  1.158E-04  8.990E-05  6.886E-05  5.215E-05  3.911E-05  2.904E-05  2.080E-05  1.483E-05  1.026E-05  6.971E-06  4.435E-06  2.609E-06  1.344E-06  5.091E-07  9.488E-08  9.236E-09  3.358E-10  2.916E-12  5.179E-15  5.599E-20  0.000E+00  0.000E+00  0.000E+00  0.000E+00  0.000E+00  0.000E+00  0.000E+00  0.000E+00
  379.5000  1.302E-02  1.214E-02  1.127E-02  1.045E-02  9.651E-03  8.894E-03  8.119E-03  7.272E-03  6.537E-03  5.904E-03  5.359E-03  4.890E-03  4.225E-03  3.802E-03  3.284E-03  2.941E-03  2.510E-03  2.149E-03  1.843E-03  1.577E-03  1.339E-03  1.118E-03  9.256E-04  7.649E-04  6.322E-04  5.232E-04  4.187E-04  3.422E-04  2.728E-04  2.219E-04  1.750E-04  1.381E-04  1.089E-04  8.538E-05  6.626E-05  5.075E-05  3.844E-05  2.883E-05  2.141E-05  1.534E-05  1.094E-05  7.570E-06  5.145E-06  3.276E-06  1.931E-06  9.981E-07  3.802E-07  7.170E-08  7.109E-09  2.661E-10  2.418E-12  4.565E-15  5.395E-20  0.000E+00  0.000E+00  0.000E+00  0.000E+00  0.000E+00  0.000E+00  0.000E+00  0.000E+00
  380.5000  1.566E-02  1.461E-02  1.356E-02  1.257E-02  1.161E-02  1.070E-02  9.768E-03  8.748E-03  7.864E-03  7.102E-03  6.445E-03  5.880E-03  5.080E-03  4.572E-03  3.948E-03  3.535E-03  3.016E-03  2.583E-03  2.214E-03  1.895E-03  1.608E-03  1.342E-03  1.111E-03  9.181E-04  7.587E-04  6.278E-04  5.023E-04  4.105E-04  3.271E-04  2.661E-04  2.097E-04  1.656E-04  1.305E-04  1.023E-04  7.939E-05  6.082E-05  4.606E-05  3.456E-05  2.567E-05  1.839E-05  1.312E-05  9.080E-06  6.175E-06  3.935E-06  2.323E-06  1.205E-06  4.618E-07  8.811E-08  8.896E-09  3.428E-10  3.255E-12  6.527E-15  8.425E-20  0.000E+00  0.000E+00  0.000E+00  0.000E+00  0.000E+00  0.000E+00  0.000E+00  0.000E+00
  381.5000  1.472E-02  1.373E-02  1.275E-02  1.182E-02  1.092E-02  1.006E-02  9.182E-03  8.223E-03  7.392E-03  6.675E-03  6.057E-03  5.525E-03  4.773E-03  4.295E-03  3.709E-03  3.320E-03  2.832E-03  2.425E-03  2.078E-03  1.779E-03  1.509E-03  1.260E-03  1.042E-03  8.611E-04  7.114E-04  5.885E-04  4.708E-04  3.846E-04  3.064E-04  2.492E-04  1.964E-04  1.550E-04  1.222E-04  9.579E-05  7.433E-05  5.694E-05  4.313E-05  3.236E-05  2.404E-05  1.723E-05  1.229E-05  8.510E-06  5.790E-06  3.693E-06  2.184E-06  1.137E-06  4.381E-07  8.456E-08  8.694E-09  3.446E-10  3.419E-12  7.275E-15  1.024E-19  0.000E+00  0.000E+00  0.000E+00  0.000E+00  0.000E+00  0.000E+00  0.000E+00  0.000E+00
  382.5000  9.816E-03  9.152E-03  8.501E-03  7.877E-03  7.277E-03  6.704E-03  6.120E-03  5.481E-03  4.926E-03  4.448E-03  4.036E-03  3.681E-03  3.180E-03  2.861E-03  2.470E-03  2.211E-03  1.886E-03  1.614E-03  1.383E-03  1.185E-03  1.004E-03  8.380E-04  6.934E-04  5.727E-04  4.730E-04  3.912E-04  3.129E-04  2.556E-04  2.036E-04  1.655E-04  1.304E-04  1.029E-04  8.111E-05  6.359E-05  4.935E-05  3.780E-05  2.864E-05  2.149E-05  1.596E-05  1.144E-05  8.166E-06  5.655E-06  3.849E-06  2.458E-06  1.456E-06  7.600E-07  2.947E-07  5.752E-08  6.020E-09  2.454E-10  2.542E-12  5.736E-15  8.802E-20  0.000E+00  0.000E+00  0.000E+00  0.000E+00  0.000E+00  0.000E+00  0.000E+00  0.000E+00
  383.5000  8.623E-03  8.038E-03  7.467E-03  6.919E-03  6.392E-03  5.889E-03  5.375E-03  4.813E-03  4.326E-03  3.906E-03  3.544E-03  3.232E-03  2.791E-03  2.511E-03  2.168E-03  1.940E-03  1.655E-03  1.416E-03  1.213E-03  1.038E-03  8.806E-04  7.347E-04  6.078E-04  5.018E-04  4.144E-04  3.427E-04  2.740E-04  2.238E-04  1.782E-04  1.449E-04  1.141E-04  9.007E-05  7.096E-05  5.563E-05  4.317E-05  3.307E-05  2.505E-05  1.880E-05  1.397E-05  1.001E-05  7.148E-06  4.952E-06  3.372E-06  2.155E-06  1.279E-06  6.695E-07  2.611E-07  5.154E-08  5.489E-09  2.300E-10  2.486E-12  5.945E-15  9.931E-20  0.000E+00  0.000E+00  0.000E+00  0.000E+00  0.000E+00  0.000E+00  0.000E+00  0.000E+00
  384.5000  1.295E-02  1.207E-02  1.121E-02  1.039E-02  9.596E-03  8.841E-03  8.069E-03  7.226E-03  6.494E-03  5.863E-03  5.318E-03  4.850E-03  4.188E-03  3.767E-03  3.252E-03  2.910E-03  2.481E-03  2.124E-03  1.819E-03  1.557E-03  1.320E-03  1.101E-03  9.105E-04  7.516E-04  6.206E-04  5.131E-04  4.101E-04  3.349E-04  2.666E-04  2.167E-04  1.707E-04  1.347E-04  1.061E-04  8.318E-05  6.454E-05  4.944E-05  3.746E-05  2.811E-05  2.089E-05  1.498E-05  1.069E-05  7.411E-06  5.048E-06  3.229E-06  1.919E-06  1.008E-06  3.953E-07  7.890E-08  8.550E-09  3.683E-10  4.151E-12  1.051E-14  1.909E-19  0.000E+00  0.000E+00  0.000E+00  0.000E+00  0.000E+00  0.000E+00  0.000E+00  0.000E+00
  385.5000  1.282E-02  1.195E-02  1.110E-02  1.028E-02  9.498E-03  8.750E-03  7.986E-03  7.151E-03  6.426E-03  5.801E-03  5.262E-03  4.798E-03  4.143E-03  3.726E-03  3.216E-03  2.877E-03  2.453E-03  2.099E-03  1.798E-03  1.539E-03  1.304E-03  1.087E-03  8.993E-04  7.422E-04  6.126E-04  5.064E-04  4.047E-04  3.304E-04  2.630E-04  2.137E-04  1.683E-04  1.328E-04  1.046E-04  8.199E-05  6.362E-05  4.874E-05  3.693E-05  2.772E-05  2.060E-05  1.477E-05  1.055E-05  7.312E-06  4.983E-06  3.190E-06  1.899E-06  1.001E-06  3.945E-07  7.962E-08  8.776E-09  3.884E-10  4.563E-12  1.222E-14  2.411E-19  0.000E+00  0.000E+00  0.000E+00  0.000E+00  0.000E+00  0.000E+00  0.000E+00  0.000E+00
  386.5000  1.307E-02  1.218E-02  1.132E-02  1.049E-02  9.685E-03  8.922E-03  8.143E-03  7.291E-03  6.552E-03  5.914E-03  5.364E-03  4.891E-03  4.222E-03  3.797E-03  3.277E-03  2.931E-03  2.499E-03  2.138E-03  1.831E-03  1.567E-03  1.327E-03  1.107E-03  9.150E-04  7.551E-04  6.231E-04  5.150E-04  4.115E-04  3.358E-04  2.673E-04  2.172E-04  1.710E-04  1.349E-04  1.062E-04  8.326E-05  6.461E-05  4.949E-05  3.750E-05  2.815E-05  2.093E-05  1.501E-05  1.072E-05  7.432E-06  5.067E-06  3.247E-06  1.936E-06  1.023E-06  4.056E-07  8.274E-08  9.276E-09  4.216E-10  5.160E-12  1.461E-14  3.128E-19  0.000E+00  0.000E+00  0.000E+00  0.000E+00  0.000E+00  0.000E+00  0.000E+00  0.000E+00
  387.5000  1.215E-02  1.133E-02  1.052E-02  9.748E-03  9.004E-03  8.294E-03  7.569E-03  6.777E-03  6.090E-03  5.497E-03  4.985E-03  4.545E-03  3.923E-03  3.527E-03  3.044E-03  2.722E-03  2.320E-03  1.985E-03  1.700E-03  1.454E-03  1.232E-03  1.027E-03  8.489E-04  7.003E-04  5.778E-04  4.774E-04  3.814E-04  3.112E-04  2.476E-04  2.012E-04  1.584E-04  1.249E-04  9.836E-05  7.709E-05  5.981E-05  4.582E-05  3.473E-05  2.607E-05  1.938E-05  1.390E-05  9.930E-06  6.887E-06  4.697E-06  3.012E-06  1.799E-06  9.535E-07  3.800E-07  7.836E-08  8.932E-09  4.168E-10  5.311E-12  1.589E-14  3.687E-19  0.000E+00  0.000E+00  0.000E+00  0.000E+00  0.000E+00  0.000E+00  0.000E+00  0.000E+00
  388.5000  1.219E-02  1.136E-02  1.055E-02  9.774E-03  9.027E-03  8.315E-03  7.589E-03  6.794E-03  6.105E-03  5.510E-03  4.996E-03  4.554E-03  3.931E-03  3.534E-03  3.049E-03  2.727E-03  2.324E-03  1.988E-03  1.702E-03  1.455E-03  1.233E-03  1.028E-03  8.493E-04  7.005E-04  5.778E-04  4.773E-04  3.812E-04  3.110E-04  2.474E-04  2.010E-04  1.582E-04  1.247E-04  9.822E-05  7.697E-05  5.972E-05  4.575E-05  3.468E-05  2.603E-05  1.936E-05  1.389E-05  9.921E-06  6.883E-06  4.696E-06  3.014E-06  1.803E-06  9.582E-07  3.839E-07  8.000E-08  9.271E-09  4.440E-10  5.888E-12  1.859E-14  4.673E-19  0.000E+00  0.000E+00  0.000E+00  0.000E+00  0.000E+00  0.000E+00  0.000E+00  0.000E+00
  389.5000  1.537E-02  1.433E-02  1.331E-02  1.233E-02  1.139E-02  1.049E-02  9.573E-03  8.570E-03  7.700E-03  6.949E-03  6.300E-03  5.743E-03  4.956E-03  4.455E-03  3.843E-03  3.437E-03  2.928E-03  2.504E-03  2.144E-03  1.832E-03  1.553E-03  1.294E-03  1.069E-03  8.816E-04  7.271E-04  6.005E-04  4.795E-04  3.911E-04  3.111E-04  2.526E-04  1.988E-04  1.567E-04  1.234E-04  9.671E-05  7.503E-05  5.748E-05  4.357E-05  3.271E-05  2.432E-05  1.745E-05  1.247E-05  8.655E-06  5.908E-06  3.794E-06  2.274E-06  1.212E-06  4.880E-07  1.028E-07  1.210E-08  5.946E-10  8.203E-12  2.733E-14  7.430E-19  0.000E+00  0.000E+00  0.000E+00  0.000E+00  0.000E+00  0.000E+00  0.000E+00  0.000E+00
  390.5000  1.511E-02  1.408E-02  1.308E-02  1.212E-02  1.119E-02  1.031E-02  9.406E-03  8.421E-03  7.565E-03  6.827E-03  6.189E-03  5.641E-03  4.868E-03  4.375E-03  3.774E-03  3.374E-03  2.874E-03  2.458E-03  2.103E-03  1.798E-03  1.523E-03  1.269E-03  1.048E-03  8.643E-04  7.127E-04  5.885E-04  4.698E-04  3.831E-04  3.046E-04  2.473E-04  1.946E-04  1.534E-04  1.208E-04  9.464E-05  7.342E-05  5.625E-05  4.264E-05  3.202E-05  2.381E-05  1.709E-05  1.221E-05  8.477E-06  5.788E-06  3.721E-06  2.233E-06  1.193E-06  4.831E-07  1.028E-07  1.230E-08  6.199E-10  8.890E-12  3.122E-14  9.175E-19  0.000E+00  0.000E+00  0.000E+00  0.000E+00  0.000E+00  0.000E+00  0.000E+00  0.000E+00
  391.5000  1.793E-02  1.672E-02  1.553E-02  1.438E-02  1.328E-02  1.223E-02  1.116E-02  9.994E-03  8.978E-03  8.101E-03  7.343E-03  6.692E-03  5.774E-03  5.189E-03  4.475E-03  4.001E-03  3.408E-03  2.913E-03  2.493E-03  2.130E-03  1.805E-03  1.503E-03  1.242E-03  1.023E-03  8.437E-04  6.965E-04  5.559E-04  4.532E-04  3.603E-04  2.925E-04  2.301E-04  1.814E-04  1.428E-04  1.119E-04  8.678E-05  6.649E-05  5.040E-05  3.785E-05  2.815E-05  2.021E-05  1.444E-05  1.003E-05  6.850E-06  4.407E-06  2.649E-06  1.419E-06  5.775E-07  1.241E-07  1.509E-08  7.799E-10  1.162E-11  4.299E-14  1.364E-18  0.000E+00  0.000E+00  0.000E+00  0.000E+00  0.000E+00  0.000E+00  0.000E+00  0.000E+00
  392.5000  1.346E-02  1.254E-02  1.165E-02  1.079E-02  9.964E-03  9.177E-03  8.374E-03  7.497E-03  6.734E-03  6.076E-03  5.507E-03  5.018E-03  4.330E-03  3.891E-03  3.355E-03  2.999E-03  2.554E-03  2.183E-03  1.868E-03  1.596E-03  1.351E-03  1.126E-03  9.295E-04  7.660E-04  6.313E-04  5.211E-04  4.158E-04  3.389E-04  2.694E-04  2.186E-04  1.720E-04  1.355E-04  1.067E-04  8.357E-05  6.483E-05  4.967E-05  3.765E-05  2.828E-05  2.104E-05  1.510E-05  1.080E-05  7.499E-06  5.124E-06  3.299E-06  1.986E-06  1.067E-06  4.363E-07  9.472E-08  1.170E-08  6.197E-10  9.590E-12  3.735E-14  1.279E-18  0.000E+00  0.000E+00  0.000E+00  0.000E+00  0.000E+00  0.000E+00  0.000E+00  0.000E+00
  393.5000  5.852E-03  5.454E-03  5.066E-03  4.693E-03  4.334E-03  3.991E-03  3.642E-03  3.260E-03  2.928E-03  2.642E-03  2.394E-03  2.181E-03  1.882E-03  1.691E-03  1.458E-03  1.303E-03  1.109E-03  9.482E-04  8.111E-04  6.926E-04  5.867E-04  4.886E-04  4.034E-04  3.324E-04  2.739E-04  2.260E-04  1.803E-04  1.469E-04  1.168E-04  9.475E-05  7.451E-05  5.871E-05  4.620E-05  3.620E-05  2.808E-05  2.151E-05  1.631E-05  1.225E-05  9.112E-06  6.543E-06  4.679E-06  3.250E-06  2.222E-06  1.432E-06  8.629E-07  4.648E-07  1.910E-07  4.189E-08  5.255E-09  2.852E-10  4.581E-12  1.877E-14  6.927E-19  0.000E+00  0.000E+00  0.000E+00  0.000E+00  0.000E+00  0.000E+00  0.000E+00  0.000E+00
  394.5000  1.378E-02  1.284E-02  1.193E-02  1.105E-02  1.020E-02  9.394E-03  8.571E-03  7.673E-03  6.892E-03  6.217E-03  5.634E-03  5.133E-03  4.427E-03  3.977E-03  3.429E-03  3.064E-03  2.609E-03  2.229E-03  1.906E-03  1.627E-03  1.379E-03  1.148E-03  9.475E-04  7.805E-04  6.430E-04  5.305E-04  4.231E-04  3.447E-04  2.739E-04  2.222E-04  1.747E-04  1.376E-04  1.083E-04  8.484E-05  6.581E-05  5.043E-05  3.823E-05  2.872E-05  2.136E-05  1.534E-05  1.097E-05  7.625E-06  5.214E-06  3.362E-06  2.029E-06  1.096E-06  4.526E-07  1.002E-07  1.277E-08  7.097E-10  1.183E-11  5.096E-14  2.025E-18  0.000E+00  0.000E+00  0.000E+00  0.000E+00  0.000E+00  0.000E+00  0.000E+00  0.000E+00
  395.5000  1.773E-02  1.653E-02  1.535E-02  1.422E-02  1.313E-02  1.209E-02  1.103E-02  9.875E-03  8.869E-03  8.000E-03  7.249E-03  6.603E-03  5.696E-03  5.116E-03  4.410E-03  3.940E-03  3.354E-03  2.865E-03  2.450E-03  2.091E-03  1.772E-03  1.475E-03  1.217E-03  1.002E-03  8.255E-04  6.809E-04  5.430E-04  4.423E-04  3.513E-04  2.850E-04  2.240E-04  1.765E-04  1.388E-04  1.087E-04  8.435E-05  6.463E-05  4.900E-05  3.681E-05  2.739E-05  1.967E-05  1.407E-05  9.781E-06  6.691E-06  4.317E-06  2.610E-06  1.413E-06  5.863E-07  1.311E-07  1.695E-08  9.651E-10  1.668E-11  7.552E-14  3.229E-18  0.000E+00  0.000E+00  0.000E+00  0.000E+00  0.000E+00  0.000E+00  0.000E+00  0.000E+00
  396.5000  1.042E-02  9.710E-03  9.018E-03  8.353E-03  7.713E-03  7.103E-03  6.480E-03  5.800E-03  5.209E-03  4.698E-03  4.257E-03  3.878E-03  3.344E-03  3.003E-03  2.588E-03  2.312E-03  1.968E-03  1.681E-03  1.437E-03  1.226E-03  1.039E-03  8.646E-04  7.133E-04  5.874E-04  4.837E-04  3.989E-04  3.180E-04  2.590E-04  2.057E-04  1.668E-04  1.311E-04  1.032E-04  8.122E-05  6.362E-05  4.935E-05  3.781E-05  2.866E-05  2.154E-05  1.603E-05  1.151E-05  8.236E-06  5.726E-06  3.919E-06  2.530E-06  1.532E-06  8.314E-07  3.466E-07  7.825E-08  1.027E-08  5.987E-10  1.073E-11  5.099E-14  2.343E-18  0.000E+00  0.000E+00  0.000E+00  0.000E+00  0.000E+00  0.000E+00  0.000E+00  0.000E+00
  397.5000  1.203E-02  1.121E-02  1.041E-02  9.644E-03  8.904E-03  8.200E-03  7.480E-03  6.696E-03  6.013E-03  5.423E-03  4.913E-03  4.475E-03  3.859E-03  3.465E-03  2.986E-03  2.667E-03  2.270E-03  1.939E-03  1.657E-03  1.414E-03  1.197E-03  9.962E-04  8.218E-04  6.766E-04  5.570E-04  4.592E-04  3.660E-04  2.980E-04  2.366E-04  1.919E-04  1.508E-04  1.187E-04  9.339E-05  7.314E-05  5.673E-05  4.346E-05  3.296E-05  2.476E-05  1.843E-05  1.324E-05  9.474E-06  6.589E-06  4.510E-06  2.914E-06  1.767E-06  9.614E-07  4.027E-07  9.178E-08  1.223E-08  7.293E-10  1.354E-11  6.754E-14  3.333E-18  0.000E+00  0.000E+00  0.000E+00  0.000E+00  0.000E+00  0.000E+00  0.000E+00  0.000E+00
  398.5000  2.068E-02  1.928E-02  1.790E-02  1.658E-02  1.531E-02  1.410E-02  1.286E-02  1.151E-02  1.034E-02  9.321E-03  8.444E-03  7.689E-03  6.630E-03  5.953E-03  5.129E-03  4.581E-03  3.898E-03  3.329E-03  2.845E-03  2.427E-03  2.055E-03  1.709E-03  1.410E-03  1.160E-03  9.551E-04  7.873E-04  6.274E-04  5.107E-04  4.054E-04  3.287E-04  2.582E-04  2.033E-04  1.599E-04  1.252E-04  9.711E-05  7.441E-05  5.642E-05  4.240E-05  3.156E-05  2.268E-05  1.623E-05  1.129E-05  7.730E-06  4.998E-06  3.034E-06  1.655E-06  6.966E-07  1.602E-07  2.166E-08  1.322E-09  2.542E-11  1.330E-13  7.042E-18  0.000E+00  0.000E+00  0.000E+00  0.000E+00  0.000E+00  0.000E+00  0.000E+00  0.000E+00
  399.5000  2.152E-02  2.005E-02  1.863E-02  1.725E-02  1.593E-02  1.467E-02  1.338E-02  1.198E-02  1.075E-02  9.697E-03  8.783E-03  7.998E-03  6.896E-03  6.191E-03  5.333E-03  4.762E-03  4.052E-03  3.459E-03  2.956E-03  2.521E-03  2.134E-03  1.775E-03  1.464E-03  1.205E-03  9.913E-04  8.169E-04  6.509E-04  5.297E-04  4.204E-04  3.407E-04  2.676E-04  2.107E-04  1.657E-04  1.297E-04  1.006E-04  7.709E-05  5.846E-05  4.394E-05  3.270E-05  2.351E-05  1.682E-05  1.170E-05  8.018E-06  5.188E-06  3.153E-06  1.725E-06  7.290E-07  1.693E-07  2.321E-08  1.449E-09  2.885E-11  1.581E-13  8.980E-18  0.000E+00  0.000E+00  0.000E+00  0.000E+00  0.000E+00  0.000E+00  0.000E+00  0.000E+00
------------------------------------------------------------
Dose rates,W m-2
   1 = UV index (WMO, 1994; Webb et al., 2011)           
   2 = Previtamin-D3 (CIE 2006)                          
values at z =      0.025 km
Columns: time,sza,weighting spectra
time,hrs.  sza,deg.          1          2
   18.0000     88.933  3.154E-02  5.474E-04
   18.0167     89.119  2.936E-02  5.125E-04
   18.0333     89.304  2.727E-02  4.791E-04
   18.0500     89.490  2.527E-02  4.473E-04
   18.0667     89.676  2.336E-02  4.170E-04
   18.0833     89.863  2.156E-02  3.883E-04
   18.1000     90.049  1.973E-02  3.591E-04
   18.1167     90.236  1.775E-02  3.272E-04
   18.1333     90.423  1.604E-02  2.995E-04
   18.1500     90.610  1.457E-02  2.756E-04
   18.1667     90.798  1.330E-02  2.548E-04
   18.1833     90.985  1.220E-02  2.368E-04
   18.2000     91.173  1.066E-02  2.107E-04
   18.2167     91.362  9.674E-03  1.940E-04
   18.2333     91.550  8.462E-03  1.728E-04
   18.2500     91.738  7.648E-03  1.586E-04
   18.2667     91.927  6.626E-03  1.401E-04
   18.2833     92.116  5.761E-03  1.241E-04
   18.3000     92.305  5.014E-03  1.100E-04
   18.3167     92.495  4.356E-03  9.723E-05
   18.3333     92.684  3.762E-03  8.537E-05
   18.3500     92.874  3.203E-03  7.400E-05
   18.3667     93.064  2.706E-03  6.358E-05
   18.3833     93.255  2.280E-03  5.438E-05
   18.4000     93.445  1.919E-03  4.635E-05
   18.4167     93.636  1.615E-03  3.939E-05
   18.4333     93.826  1.313E-03  3.225E-05
   18.4500     94.017  1.087E-03  2.684E-05
   18.4667     94.209  8.747E-04  2.159E-05
   18.4833     94.400  7.161E-04  1.766E-05
   18.5000     94.592  5.656E-04  1.385E-05
   18.5167     94.783  4.450E-04  1.078E-05
   18.5333     94.975  3.476E-04  8.299E-06
   18.5500     95.168  2.686E-04  6.285E-06
   18.5667     95.360  2.040E-04  4.641E-06
   18.5833     95.553  1.515E-04  3.297E-06
   18.6000     95.746  1.097E-04  2.219E-06
   18.6167     95.938  7.710E-05  1.372E-06
   18.6333     96.131  5.270E-05  7.662E-07
   18.6500     96.325  3.388E-05  3.508E-07
   18.6667     96.518  2.168E-05  1.448E-07
   18.6833     96.712  1.338E-05  5.144E-08
   18.7000     96.906  8.194E-06  1.801E-08
   18.7167     97.100  4.640E-06  5.464E-09
   18.7333     97.294  2.383E-06  1.397E-09
   18.7500     97.488  1.049E-06  2.961E-10
   18.7667     97.683  3.288E-07  4.343E-11
   18.7833     97.878  4.823E-08  2.516E-12
   18.8000     98.072  3.817E-09  6.042E-14
   18.8167     98.267  1.304E-10  2.567E-16
   18.8333     98.463  1.474E-12  8.259E-20
   18.8500     98.658  5.162E-15  1.602E-24
   18.8667     98.854  1.988E-19  2.471E-32
   18.8833     99.049  0.000E+00  0.000E+00
   18.9000     99.245  0.000E+00  0.000E+00
   18.9167     99.441  0.000E+00  0.000E+00
   18.9333     99.637  0.000E+00  0.000E+00
   18.9500     99.834  0.000E+00  0.000E+00
   18.9667    100.030  0.000E+00  0.000E+00
   18.9833    100.227  0.000E+00  0.000E+00
   19.0000    100.424  0.000E+00  0.000E+00
------------------------------------------------------------
