Spectral Irradiance,W m-2 nm-1
values at z =      0.025 km
Columns: wavelength (nm),times (hrs.) or sza (deg.)
    wc,nm     18.000     18.017     18.033     18.050     18.067     18.083     18.100     18.117     18.133     18.150     18.167     18.183     18.200     18.217     18.233     18.250     18.267     18.283     18.300     18.317     18.333     18.350     18.367     18.383     18.400     18.417     18.433     18.450     18.467     18.483     18.500     18.517     18.533     18.550     18.567     18.583     18.600     18.617     18.633     18.650     18.667     18.683     18.700     18.717     18.733     18.750     18.767     18.783     18.800     18.817     18.833     18.850     18.867     18.883     18.900     18.917     18.933     18.950     18.967     18.983     19.000
    sza =      86.056     86.247     86.438     86.629     86.820     87.012     87.204     87.396     87.588     87.780     87.973     88.166     88.359     88.552     88.746     88.939     89.133     89.327     89.521     89.716     89.910     90.105     90.300     90.495     90.690     90.886     91.081     91.277     91.473     91.670     91.866     92.062     92.259     92.456     92.653     92.850     93.048     93.245     93.443     93.641     93.839     94.037     94.236     94.434     94.632     94.831     95.030     95.230     95.428     95.628     95.828     96.027     96.227     96.427     96.627     96.827     97.028     97.229     97.429     97.630     97.831
  280.5000  1.473E-26  1.436E-26  1.399E-26  1.362E-26  1.325E-26  1.287E-26  1.250E-26  1.212E-26  1.173E-26  1.135E-26  1.096E-26  1.057E-26  1.017E-26  9.777E-27  9.377E-27  8.976E-27  8.573E-27  8.169E-27  7.766E-27  7.366E-27  6.973E-27  6.498E-27  6.004E-27  5.574E-27  5.197E-27  4.865E-27  4.419E-27  4.054E-27  3.669E-27  3.336E-27  2.956E-27  2.627E-27  2.357E-27  2.054E-27  1.775E-27  1.524E-27  1.266E-27  1.055E-27  8.748E-28  7.134E-28  5.482E-28  4.214E-28  2.967E-28  1.946E-28  1.148E-28  5.799E-29  2.024E-29  4.021E-30  2.744E-31  1.838E-33  4.824E-37  4.344E-43  0.000E+00  0.000E+00  0.000E+00  0.000E+00  0.000E+00  0.000E+00  0.000E+00  0.000E+00  0.000E+00
  281.5000  3.215E-24  3.135E-24  3.054E-24  2.974E-24  2.892E-24  2.811E-24  2.728E-24  2.645E-24  2.562E-24  2.478E-24  2.393E-24  2.308E-24  2.222E-24  2.136E-24  2.049E-24  1.962E-24  1.874E-24  1.786E-24  1.698E-24  1.611E-24  1.526E-24  1.422E-24  1.314E-24  1.220E-24  1.138E-24  1.066E-24  9.685E-25  8.890E-25  8.048E-25  7.318E-25  6.487E-25  5.766E-25  5.176E-25  4.512E-25  3.900E-25  3.350E-25  2.786E-25  2.323E-25  1.929E-25  1.578E-25  1.219E-25  9.449E-26  6.745E-26  4.520E-26  2.759E-26  1.463E-26  5.550E-27  1.264E-27  1.087E-28  1.133E-30  6.138E-34  1.930E-39  0.000E+00  0.000E+00  0.000E+00  0.000E+00  0.000E+00  0.000E+00  0.000E+00  0.000E+00  0.000E+00
  282.5000  2.250E-22  2.194E-22  2.138E-22  2.081E-22  2.024E-22  1.967E-22  1.910E-22  1.852E-22  1.793E-22  1.735E-22  1.675E-22  1.616E-22  1.556E-22  1.496E-22  1.435E-22  1.374E-22  1.313E-22  1.251E-22  1.190E-22  1.129E-22  1.070E-22  9.972E-23  9.219E-23  8.564E-23  7.990E-23  7.485E-23  6.802E-23  6.245E-23  5.655E-23  5.144E-23  4.560E-23  4.056E-23  3.642E-23  3.175E-23  2.746E-23  2.359E-23  1.964E-23  1.638E-23  1.362E-23  1.117E-23  8.665E-24  6.767E-24  4.886E-24  3.336E-24  2.095E-24  1.159E-24  4.729E-25  1.214E-25  1.283E-26  1.979E-28  2.033E-31  1.909E-36  1.682E-44  0.000E+00  0.000E+00  0.000E+00  0.000E+00  0.000E+00  0.000E+00  0.000E+00  0.000E+00
  283.5000  3.206E-21  3.126E-21  3.046E-21  2.965E-21  2.884E-21  2.803E-21  2.721E-21  2.638E-21  2.555E-21  2.472E-21  2.387E-21  2.303E-21  2.217E-21  2.131E-21  2.045E-21  1.958E-21  1.871E-21  1.784E-21  1.697E-21  1.610E-21  1.525E-21  1.422E-21  1.315E-21  1.222E-21  1.140E-21  1.069E-21  9.713E-22  8.920E-22  8.080E-22  7.350E-22  6.518E-22  5.798E-22  5.209E-22  4.542E-22  3.928E-22  3.376E-22  2.811E-22  2.347E-22  1.952E-22  1.604E-22  1.248E-22  9.787E-23  7.118E-23  4.917E-23  3.145E-23  1.789E-23  7.651E-24  2.125E-24  2.571E-25  5.132E-27  8.035E-30  1.543E-34  4.103E-42  0.000E+00  0.000E+00  0.000E+00  0.000E+00  0.000E+00  0.000E+00  0.000E+00  0.000E+00
  284.5000  2.494E-19  2.432E-19  2.369E-19  2.306E-19  2.243E-19  2.180E-19  2.116E-19  2.052E-19  1.987E-19  1.922E-19  1.857E-19  1.791E-19  1.725E-19  1.659E-19  1.592E-19  1.525E-19  1.457E-19  1.389E-19  1.322E-19  1.255E-19  1.189E-19  1.109E-19  1.026E-19  9.539E-20  8.905E-20  8.349E-20  7.593E-20  6.976E-20  6.322E-20  5.754E-20  5.107E-20  4.544E-20  4.086E-20  3.563E-20  3.083E-20  2.652E-20  2.210E-20  1.846E-20  1.538E-20  1.267E-20  9.903E-21  7.829E-21  5.763E-21  4.060E-21  2.679E-21  1.594E-21  7.380E-22  2.336E-22  3.539E-23  1.087E-24  3.464E-27  2.257E-31  4.444E-38  0.000E+00  0.000E+00  0.000E+00  0.000E+00  0.000E+00  0.000E+00  0.000E+00  0.000E+00
  285.5000  3.919E-18  3.820E-18  3.722E-18  3.623E-18  3.523E-18  3.424E-18  3.323E-18  3.222E-18  3.121E-18  3.019E-18  2.917E-18  2.813E-18  2.710E-18  2.605E-18  2.500E-18  2.395E-18  2.289E-18  2.183E-18  2.078E-18  1.973E-18  1.870E-18  1.745E-18  1.615E-18  1.501E-18  1.402E-18  1.315E-18  1.196E-18  1.100E-18  9.971E-19  9.079E-19  8.061E-19  7.176E-19  6.456E-19  5.631E-19  4.876E-19  4.195E-19  3.499E-19  2.925E-19  2.439E-19  2.014E-19  1.579E-19  1.255E-19  9.323E-20  6.665E-20  4.500E-20  2.772E-20  1.364E-20  4.778E-21  8.641E-22  3.725E-23  2.074E-25  3.480E-29  3.168E-35  4.204E-45  0.000E+00  0.000E+00  0.000E+00  0.000E+00  0.000E+00  0.000E+00  0.000E+00
  286.5000  1.469E-16  1.432E-16  1.395E-16  1.358E-16  1.320E-16  1.283E-16  1.245E-16  1.207E-16  1.169E-16  1.131E-16  1.093E-16  1.054E-16  1.015E-16  9.761E-17  9.368E-17  8.975E-17  8.579E-17  8.183E-17  7.788E-17  7.396E-17  7.011E-17  6.544E-17  6.057E-17  5.633E-17  5.263E-17  4.937E-17  4.494E-17  4.132E-17  3.748E-17  3.414E-17  3.033E-17  2.701E-17  2.431E-17  2.121E-17  1.837E-17  1.581E-17  1.320E-17  1.104E-17  9.212E-18  7.620E-18  5.989E-18  4.781E-18  3.574E-18  2.583E-18  1.774E-18  1.122E-18  5.782E-19  2.190E-19  4.544E-20  2.548E-21  2.188E-23  7.642E-27  2.269E-32  1.912E-41  0.000E+00  0.000E+00  0.000E+00  0.000E+00  0.000E+00  0.000E+00  0.000E+00
  287.5000  3.052E-15  2.975E-15  2.897E-15  2.820E-15  2.742E-15  2.663E-15  2.585E-15  2.506E-15  2.427E-15  2.348E-15  2.268E-15  2.187E-15  2.107E-15  2.026E-15  1.944E-15  1.863E-15  1.781E-15  1.699E-15  1.617E-15  1.536E-15  1.456E-15  1.360E-15  1.259E-15  1.171E-15  1.095E-15  1.027E-15  9.353E-16  8.604E-16  7.808E-16  7.116E-16  6.324E-16  5.635E-16  5.076E-16  4.430E-16  3.839E-16  3.307E-16  2.761E-16  2.312E-16  1.931E-16  1.600E-16  1.261E-16  1.011E-16  7.608E-17  5.562E-17  3.891E-17  2.529E-17  1.369E-17  5.632E-18  1.352E-18  1.004E-19  1.375E-21  1.061E-24  1.139E-29  8.171E-38  0.000E+00  0.000E+00  0.000E+00  0.000E+00  0.000E+00  0.000E+00  0.000E+00
  288.5000  6.259E-14  6.098E-14  5.938E-14  5.778E-14  5.617E-14  5.455E-14  5.294E-14  5.131E-14  4.968E-14  4.805E-14  4.641E-14  4.477E-14  4.311E-14  4.145E-14  3.979E-14  3.812E-14  3.644E-14  3.477E-14  3.310E-14  3.144E-14  2.982E-14  2.785E-14  2.579E-14  2.400E-14  2.244E-14  2.107E-14  1.920E-14  1.767E-14  1.604E-14  1.463E-14  1.301E-14  1.160E-14  1.046E-14  9.133E-15  7.920E-15  6.826E-15  5.705E-15  4.781E-15  3.997E-15  3.319E-15  2.622E-15  2.112E-15  1.601E-15  1.184E-15  8.448E-16  5.655E-16  3.225E-16  1.451E-16  4.086E-17  4.127E-18  9.437E-20  1.740E-22  7.635E-27  5.690E-34  5.605E-45  0.000E+00  0.000E+00  0.000E+00  0.000E+00  0.000E+00  0.000E+00
  289.5000  9.449E-13  9.205E-13  8.961E-13  8.717E-13  8.472E-13  8.227E-13  7.981E-13  7.735E-13  7.488E-13  7.242E-13  6.993E-13  6.744E-13  6.494E-13  6.244E-13  5.992E-13  5.741E-13  5.489E-13  5.237E-13  4.985E-13  4.736E-13  4.493E-13  4.196E-13  3.886E-13  3.618E-13  3.384E-13  3.178E-13  2.896E-13  2.667E-13  2.423E-13  2.210E-13  1.967E-13  1.755E-13  1.583E-13  1.383E-13  1.200E-13  1.035E-13  8.654E-14  7.256E-14  6.071E-14  5.049E-14  3.996E-14  3.229E-14  2.460E-14  1.835E-14  1.327E-14  9.069E-15  5.373E-15  2.582E-15  8.184E-16  1.039E-16  3.482E-18  1.222E-20  1.498E-24  6.063E-31  1.019E-40  0.000E+00  0.000E+00  0.000E+00  0.000E+00  0.000E+00  0.000E+00
  290.5000  8.881E-12  8.649E-12  8.417E-12  8.187E-12  7.955E-12  7.723E-12  7.491E-12  7.258E-12  7.025E-12  6.792E-12  6.558E-12  6.324E-12  6.088E-12  5.853E-12  5.617E-12  5.381E-12  5.144E-12  4.907E-12  4.672E-12  4.439E-12  4.211E-12  3.933E-12  3.644E-12  3.393E-12  3.174E-12  2.982E-12  2.718E-12  2.504E-12  2.275E-12  2.077E-12  1.849E-12  1.651E-12  1.490E-12  1.302E-12  1.130E-12  9.752E-13  8.163E-13  6.848E-13  5.734E-13  4.775E-13  3.785E-13  3.067E-13  2.346E-13  1.762E-13  1.288E-13  8.949E-14  5.468E-14  2.772E-14  9.681E-15  1.484E-15  6.828E-17  4.094E-19  1.185E-22  1.980E-28  2.998E-37  0.000E+00  0.000E+00  0.000E+00  0.000E+00  0.000E+00  0.000E+00
  291.5000  7.411E-11  7.215E-11  7.019E-11  6.824E-11  6.628E-11  6.433E-11  6.237E-11  6.042E-11  5.846E-11  5.651E-11  5.455E-11  5.258E-11  5.061E-11  4.864E-11  4.667E-11  4.470E-11  4.273E-11  4.077E-11  3.881E-11  3.687E-11  3.498E-11  3.267E-11  3.028E-11  2.820E-11  2.638E-11  2.479E-11  2.261E-11  2.084E-11  1.895E-11  1.730E-11  1.541E-11  1.377E-11  1.244E-11  1.087E-11  9.448E-12  8.157E-12  6.834E-12  5.737E-12  4.808E-12  4.010E-12  3.184E-12  2.587E-12  1.987E-12  1.503E-12  1.112E-12  7.864E-13  4.965E-13  2.666E-13  1.034E-13  1.944E-14  1.266E-15  1.373E-17  1.036E-20  8.469E-26  1.529E-33  2.943E-44  0.000E+00  0.000E+00  0.000E+00  0.000E+00  0.000E+00
  292.5000  3.963E-10  3.857E-10  3.751E-10  3.645E-10  3.539E-10  3.434E-10  3.328E-10  3.223E-10  3.117E-10  3.012E-10  2.906E-10  2.801E-10  2.695E-10  2.590E-10  2.484E-10  2.379E-10  2.274E-10  2.169E-10  2.064E-10  1.961E-10  1.860E-10  1.738E-10  1.610E-10  1.500E-10  1.404E-10  1.319E-10  1.204E-10  1.109E-10  1.009E-10  9.220E-11  8.217E-11  7.344E-11  6.640E-11  5.808E-11  5.049E-11  4.363E-11  3.658E-11  3.073E-11  2.577E-11  2.152E-11  1.711E-11  1.394E-11  1.074E-11  8.173E-12  6.101E-12  4.378E-12  2.840E-12  1.600E-12  6.779E-13  1.517E-13  1.327E-14  2.375E-16  3.983E-19  1.207E-23  1.646E-30  5.514E-40  0.000E+00  0.000E+00  0.000E+00  0.000E+00  0.000E+00
  293.5000  2.441E-09  2.374E-09  2.308E-09  2.242E-09  2.176E-09  2.110E-09  2.044E-09  1.978E-09  1.913E-09  1.847E-09  1.782E-09  1.717E-09  1.651E-09  1.586E-09  1.521E-09  1.456E-09  1.391E-09  1.326E-09  1.262E-09  1.199E-09  1.137E-09  1.062E-09  9.844E-10  9.169E-10  8.581E-10  8.068E-10  7.362E-10  6.788E-10  6.177E-10  5.646E-10  5.035E-10  4.506E-10  4.074E-10  3.565E-10  3.102E-10  2.682E-10  2.250E-10  1.892E-10  1.588E-10  1.328E-10  1.057E-10  8.628E-11  6.671E-11  5.101E-11  3.840E-11  2.791E-11  1.855E-11  1.091E-11  5.009E-12  1.315E-12  1.510E-13  4.305E-15  1.526E-17  1.584E-21  1.452E-27  7.073E-36  0.000E+00  0.000E+00  0.000E+00  0.000E+00  0.000E+00
  294.5000  8.458E-09  8.223E-09  7.989E-09  7.757E-09  7.525E-09  7.293E-09  7.063E-09  6.833E-09  6.603E-09  6.375E-09  6.147E-09  5.919E-09  5.691E-09  5.464E-09  5.238E-09  5.013E-09  4.788E-09  4.564E-09  4.342E-09  4.124E-09  3.911E-09  3.652E-09  3.384E-09  3.152E-09  2.950E-09  2.773E-09  2.531E-09  2.334E-09  2.125E-09  1.943E-09  1.733E-09  1.551E-09  1.404E-09  1.229E-09  1.070E-09  9.258E-10  7.775E-10  6.542E-10  5.494E-10  4.598E-10  3.666E-10  2.997E-10  2.323E-10  1.784E-10  1.351E-10  9.921E-11  6.723E-11  4.095E-11  2.009E-11  6.012E-12  8.655E-13  3.615E-14  2.353E-16  6.572E-20  2.735E-25  1.099E-32  6.726E-43  0.000E+00  0.000E+00  0.000E+00  0.000E+00
  295.5000  4.060E-08  3.945E-08  3.830E-08  3.716E-08  3.603E-08  3.490E-08  3.377E-08  3.265E-08  3.154E-08  3.043E-08  2.932E-08  2.822E-08  2.712E-08  2.603E-08  2.493E-08  2.385E-08  2.277E-08  2.170E-08  2.063E-08  1.959E-08  1.857E-08  1.734E-08  1.606E-08  1.496E-08  1.400E-08  1.316E-08  1.201E-08  1.108E-08  1.009E-08  9.225E-09  8.234E-09  7.373E-09  6.676E-09  5.850E-09  5.096E-09  4.413E-09  3.709E-09  3.123E-09  2.625E-09  2.200E-09  1.756E-09  1.438E-09  1.118E-09  8.615E-10  6.570E-10  4.870E-10  3.364E-10  2.120E-10  1.110E-10  3.789E-11  6.850E-12  4.227E-13  5.152E-15  4.029E-18  8.152E-23  2.985E-29  3.954E-38  0.000E+00  0.000E+00  0.000E+00  0.000E+00
  296.5000  1.228E-07  1.192E-07  1.156E-07  1.121E-07  1.086E-07  1.051E-07  1.017E-07  9.825E-08  9.483E-08  9.144E-08  8.806E-08  8.469E-08  8.134E-08  7.801E-08  7.471E-08  7.141E-08  6.813E-08  6.489E-08  6.168E-08  5.853E-08  5.546E-08  5.177E-08  4.794E-08  4.463E-08  4.176E-08  3.925E-08  3.583E-08  3.305E-08  3.010E-08  2.753E-08  2.458E-08  2.201E-08  1.995E-08  1.749E-08  1.525E-08  1.321E-08  1.112E-08  9.368E-09  7.881E-09  6.610E-09  5.283E-09  4.332E-09  3.374E-09  2.610E-09  2.001E-09  1.495E-09  1.049E-09  6.808E-10  3.769E-10  1.440E-10  3.169E-11  2.738E-12  5.713E-14  1.075E-16  8.275E-21  1.926E-26  3.279E-34  1.121E-44  0.000E+00  0.000E+00  0.000E+00
  297.5000  3.848E-07  3.733E-07  3.619E-07  3.506E-07  3.394E-07  3.283E-07  3.172E-07  3.063E-07  2.954E-07  2.846E-07  2.739E-07  2.633E-07  2.527E-07  2.421E-07  2.317E-07  2.214E-07  2.111E-07  2.009E-07  1.909E-07  1.810E-07  1.714E-07  1.599E-07  1.481E-07  1.378E-07  1.289E-07  1.211E-07  1.105E-07  1.019E-07  9.285E-08  8.494E-08  7.586E-08  6.798E-08  6.162E-08  5.405E-08  4.715E-08  4.088E-08  3.443E-08  2.904E-08  2.445E-08  2.052E-08  1.642E-08  1.349E-08  1.053E-08  8.164E-09  6.288E-09  4.730E-09  3.362E-09  2.234E-09  1.297E-09  5.449E-10  1.420E-10  1.641E-11  5.464E-13  2.210E-15  5.471E-19  6.414E-24  1.023E-30  6.369E-40  0.000E+00  0.000E+00  0.000E+00
  298.5000  7.030E-07  6.813E-07  6.599E-07  6.388E-07  6.179E-07  5.971E-07  5.766E-07  5.562E-07  5.360E-07  5.161E-07  4.962E-07  4.765E-07  4.570E-07  4.377E-07  4.185E-07  3.995E-07  3.807E-07  3.621E-07  3.438E-07  3.258E-07  3.084E-07  2.876E-07  2.661E-07  2.475E-07  2.314E-07  2.174E-07  1.984E-07  1.829E-07  1.666E-07  1.524E-07  1.361E-07  1.220E-07  1.106E-07  9.710E-08  8.475E-08  7.353E-08  6.199E-08  5.232E-08  4.408E-08  3.704E-08  2.967E-08  2.439E-08  1.907E-08  1.483E-08  1.147E-08  8.671E-09  6.230E-09  4.225E-09  2.550E-09  1.163E-09  3.504E-10  5.199E-11  2.588E-12  2.019E-14  1.355E-17  6.265E-22  6.606E-28  5.220E-36  0.000E+00  0.000E+00  0.000E+00
  299.5000  2.371E-06  2.296E-06  2.221E-06  2.148E-06  2.075E-06  2.004E-06  1.933E-06  1.862E-06  1.793E-06  1.725E-06  1.657E-06  1.590E-06  1.523E-06  1.457E-06  1.392E-06  1.328E-06  1.264E-06  1.201E-06  1.140E-06  1.079E-06  1.021E-06  9.513E-07  8.797E-07  8.178E-07  7.641E-07  7.175E-07  6.545E-07  6.033E-07  5.494E-07  5.025E-07  4.490E-07  4.025E-07  3.650E-07  3.205E-07  2.799E-07  2.430E-07  2.050E-07  1.732E-07  1.460E-07  1.228E-07  9.851E-08  8.107E-08  6.349E-08  4.949E-08  3.839E-08  2.916E-08  2.115E-08  1.459E-08  9.119E-09  4.469E-09  1.533E-09  2.850E-10  2.048E-11  2.926E-13  4.949E-16  8.257E-20  5.170E-25  4.535E-32  9.967E-42  0.000E+00  0.000E+00
  300.5000  3.096E-06  2.995E-06  2.894E-06  2.796E-06  2.698E-06  2.602E-06  2.508E-06  2.414E-06  2.322E-06  2.231E-06  2.141E-06  2.052E-06  1.965E-06  1.878E-06  1.793E-06  1.708E-06  1.625E-06  1.543E-06  1.462E-06  1.384E-06  1.308E-06  1.218E-06  1.126E-06  1.046E-06  9.764E-07  9.163E-07  8.355E-07  7.698E-07  7.009E-07  6.409E-07  5.726E-07  5.134E-07  4.656E-07  4.089E-07  3.573E-07  3.104E-07  2.622E-07  2.216E-07  1.870E-07  1.574E-07  1.264E-07  1.041E-07  8.164E-08  6.375E-08  4.959E-08  3.781E-08  2.762E-08  1.933E-08  1.241E-08  6.446E-09  2.455E-09  5.481E-10  5.295E-11  1.232E-12  4.361E-15  1.990E-18  4.926E-23  2.707E-29  7.295E-38  0.000E+00  0.000E+00
  301.5000  8.955E-06  8.648E-06  8.347E-06  8.051E-06  7.759E-06  7.473E-06  7.191E-06  6.913E-06  6.639E-06  6.371E-06  6.106E-06  5.845E-06  5.587E-06  5.334E-06  5.085E-06  4.840E-06  4.598E-06  4.361E-06  4.128E-06  3.902E-06  3.682E-06  3.427E-06  3.164E-06  2.937E-06  2.740E-06  2.569E-06  2.341E-06  2.156E-06  1.962E-06  1.793E-06  1.602E-06  1.436E-06  1.302E-06  1.144E-06  1.000E-06  8.693E-07  7.350E-07  6.218E-07  5.251E-07  4.424E-07  3.557E-07  2.933E-07  2.304E-07  1.803E-07  1.407E-07  1.076E-07  7.921E-08  5.617E-08  3.707E-08  2.042E-08  8.655E-09  2.336E-09  3.080E-10  1.201E-11  9.335E-14  1.248E-16  1.351E-20  5.434E-26  2.280E-33  2.426E-41  1.401E-45
  302.5000  1.447E-05  1.396E-05  1.345E-05  1.296E-05  1.248E-05  1.200E-05  1.154E-05  1.108E-05  1.063E-05  1.019E-05  9.751E-06  9.324E-06  8.903E-06  8.490E-06  8.084E-06  7.686E-06  7.295E-06  6.912E-06  6.542E-06  6.173E-06  5.821E-06  5.412E-06  4.992E-06  4.629E-06  4.316E-06  4.043E-06  3.682E-06  3.388E-06  3.082E-06  2.816E-06  2.515E-06  2.255E-06  2.045E-06  1.796E-06  1.571E-06  1.366E-06  1.156E-06  9.782E-07  8.266E-07  6.968E-07  5.609E-07  4.629E-07  3.641E-07  2.854E-07  2.231E-07  1.711E-07  1.265E-07  9.054E-08  6.085E-08  3.486E-08  1.589E-08  4.878E-09  7.938E-10  4.392E-11  5.802E-13  1.579E-15  4.458E-19  6.545E-24  1.627E-30  1.143E-37  7.567E-44
  303.5000  3.425E-05  3.298E-05  3.174E-05  3.053E-05  2.934E-05  2.818E-05  2.703E-05  2.592E-05  2.482E-05  2.375E-05  2.270E-05  2.166E-05  2.065E-05  1.966E-05  1.869E-05  1.774E-05  1.681E-05  1.590E-05  1.502E-05  1.416E-05  1.331E-05  1.238E-05  1.141E-05  1.057E-05  9.837E-06  9.205E-06  8.375E-06  7.699E-06  6.999E-06  6.389E-06  5.704E-06  5.112E-06  4.633E-06  4.071E-06  3.560E-06  3.097E-06  2.623E-06  2.222E-06  1.879E-06  1.586E-06  1.278E-06  1.056E-06  8.319E-07  6.532E-07  5.118E-07  3.936E-07  2.927E-07  2.115E-07  1.450E-07  8.679E-08  4.292E-08  1.524E-08  3.158E-09  2.614E-10  6.386E-12  4.006E-14  3.544E-17  2.429E-21  5.011E-27  3.339E-33  1.267E-38
  304.5000  4.580E-05  4.405E-05  4.235E-05  4.068E-05  3.905E-05  3.745E-05  3.589E-05  3.437E-05  3.287E-05  3.142E-05  2.999E-05  2.859E-05  2.722E-05  2.588E-05  2.458E-05  2.331E-05  2.206E-05  2.084E-05  1.966E-05  1.852E-05  1.742E-05  1.616E-05  1.487E-05  1.376E-05  1.280E-05  1.197E-05  1.088E-05  9.997E-06  9.082E-06  8.286E-06  7.394E-06  6.625E-06  5.939E-06  5.274E-06  4.613E-06  4.014E-06  3.401E-06  2.883E-06  2.440E-06  2.060E-06  1.662E-06  1.374E-06  1.083E-06  8.517E-07  6.685E-07  5.148E-07  3.841E-07  2.792E-07  1.937E-07  1.190E-07  6.181E-08  2.396E-08  5.731E-09  6.023E-10  2.111E-11  2.162E-13  3.731E-16  6.229E-20  4.287E-25  1.008E-30  1.024E-35
  305.5000  8.370E-05  8.033E-05  7.704E-05  7.385E-05  7.073E-05  6.769E-05  6.472E-05  6.183E-05  5.902E-05  5.628E-05  5.360E-05  5.098E-05  4.844E-05  4.596E-05  4.354E-05  4.119E-05  3.891E-05  3.668E-05  3.453E-05  3.246E-05  3.048E-05  2.822E-05  2.593E-05  2.395E-05  2.224E-05  2.076E-05  1.885E-05  1.729E-05  1.569E-05  1.429E-05  1.274E-05  1.141E-05  1.033E-05  9.074E-06  7.937E-06  6.907E-06  5.858E-06  4.969E-06  4.208E-06  3.556E-06  2.873E-06  2.378E-06  1.879E-06  1.480E-06  1.164E-06  8.984E-07  6.732E-07  4.932E-07  3.476E-07  2.210E-07  1.225E-07  5.347E-08  1.560E-08  2.292E-09  1.345E-10  2.823E-12  1.324E-14  8.438E-18  3.601E-22  5.840E-27  2.690E-31
  306.5000  1.014E-04  9.723E-05  9.315E-05  8.919E-05  8.532E-05  8.156E-05  7.791E-05  7.434E-05  7.088E-05  6.751E-05  6.423E-05  6.103E-05  5.791E-05  5.489E-05  5.194E-05  4.909E-05  4.631E-05  4.362E-05  4.102E-05  3.851E-05  3.612E-05  3.340E-05  3.067E-05  2.830E-05  2.626E-05  2.448E-05  2.221E-05  2.036E-05  1.846E-05  1.681E-05  1.498E-05  1.341E-05  1.214E-05  1.066E-05  9.320E-06  8.111E-06  6.881E-06  5.840E-06  4.947E-06  4.182E-06  3.383E-06  2.800E-06  2.215E-06  1.746E-06  1.375E-06  1.062E-06  7.979E-07  5.866E-07  4.164E-07  2.691E-07  1.538E-07  7.087E-08  2.264E-08  3.865E-09  2.846E-10  8.127E-12  5.804E-14  6.523E-17  6.023E-21  2.205E-25  1.930E-29
  307.5000  2.010E-04  1.921E-04  1.835E-04  1.752E-04  1.671E-04  1.593E-04  1.517E-04  1.444E-04  1.373E-04  1.304E-04  1.237E-04  1.172E-04  1.109E-04  1.048E-04  9.895E-05  9.326E-05  8.774E-05  8.244E-05  7.729E-05  7.237E-05  6.771E-05  6.248E-05  5.721E-05  5.267E-05  4.875E-05  4.536E-05  4.107E-05  3.757E-05  3.401E-05  3.092E-05  2.752E-05  2.460E-05  2.224E-05  1.952E-05  1.706E-05  1.484E-05  1.260E-05  1.070E-05  9.070E-06  7.673E-06  6.216E-06  5.151E-06  4.082E-06  3.224E-06  2.545E-06  1.970E-06  1.484E-06  1.098E-06  7.883E-07  5.227E-07  3.137E-07  1.585E-07  5.921E-08  1.321E-08  1.475E-09  7.550E-11  1.223E-12  4.163E-15  1.746E-18  3.196E-22  9.856E-26
  308.5000  2.572E-04  2.455E-04  2.342E-04  2.233E-04  2.127E-04  2.025E-04  1.926E-04  1.831E-04  1.739E-04  1.649E-04  1.563E-04  1.479E-04  1.398E-04  1.320E-04  1.244E-04  1.171E-04  1.100E-04  1.032E-04  9.670E-05  9.044E-05  8.451E-05  7.797E-05  7.125E-05  6.551E-05  6.057E-05  5.632E-05  5.093E-05  4.655E-05  4.210E-05  3.824E-05  3.401E-05  3.039E-05  2.745E-05  2.408E-05  2.104E-05  1.831E-05  1.554E-05  1.320E-05  1.119E-05  9.474E-06  7.682E-06  6.369E-06  5.052E-06  3.994E-06  3.156E-06  2.444E-06  1.845E-06  1.368E-06  9.875E-07  6.624E-07  4.062E-07  2.134E-07  8.519E-08  2.123E-08  2.804E-09  1.800E-10  3.968E-12  2.048E-14  1.510E-17  4.991E-21  2.450E-24
  309.5000  2.930E-04  2.787E-04  2.650E-04  2.519E-04  2.393E-04  2.272E-04  2.155E-04  2.042E-04  1.934E-04  1.830E-04  1.729E-04  1.632E-04  1.539E-04  1.449E-04  1.362E-04  1.279E-04  1.199E-04  1.121E-04  1.048E-04  9.773E-05  9.108E-05  8.374E-05  7.642E-05  7.010E-05  6.466E-05  5.996E-05  5.413E-05  4.936E-05  4.457E-05  4.041E-05  3.589E-05  3.202E-05  2.889E-05  2.531E-05  2.211E-05  1.922E-05  1.633E-05  1.387E-05  1.176E-05  9.960E-06  8.087E-06  6.710E-06  5.331E-06  4.222E-06  3.342E-06  2.592E-06  1.962E-06  1.460E-06  1.062E-06  7.237E-07  4.577E-07  2.548E-07  1.126E-07  3.339E-08  5.790E-09  5.450E-10  2.056E-11  2.205E-13  4.400E-16  4.182E-19  4.682E-22
  310.5000  4.917E-04  4.665E-04  4.425E-04  4.195E-04  3.974E-04  3.763E-04  3.561E-04  3.367E-04  3.180E-04  3.002E-04  2.831E-04  2.666E-04  2.507E-04  2.355E-04  2.209E-04  2.070E-04  1.935E-04  1.809E-04  1.684E-04  1.567E-04  1.458E-04  1.337E-04  1.218E-04  1.115E-04  1.026E-04  9.493E-05  8.554E-05  7.786E-05  7.017E-05  6.351E-05  5.632E-05  5.018E-05  4.521E-05  3.958E-05  3.454E-05  3.002E-05  2.549E-05  2.165E-05  1.837E-05  1.556E-05  1.265E-05  1.050E-05  8.356E-06  6.627E-06  5.254E-06  4.079E-06  3.094E-06  2.310E-06  1.688E-06  1.165E-06  7.535E-07  4.378E-07  2.083E-07  7.021E-08  1.484E-08  1.837E-09  1.013E-10  1.822E-12  7.333E-15  1.457E-17  2.897E-20
  311.5000  7.345E-04  6.955E-04  6.583E-04  6.229E-04  5.889E-04  5.565E-04  5.256E-04  4.960E-04  4.676E-04  4.406E-04  4.146E-04  3.898E-04  3.660E-04  3.432E-04  3.214E-04  3.005E-04  2.806E-04  2.615E-04  2.433E-04  2.261E-04  2.099E-04  1.922E-04  1.748E-04  1.597E-04  1.467E-04  1.356E-04  1.220E-04  1.108E-04  9.976E-05  9.017E-05  7.986E-05  7.108E-05  6.397E-05  5.598E-05  4.880E-05  4.239E-05  3.599E-05  3.057E-05  2.594E-05  2.198E-05  1.788E-05  1.485E-05  1.183E-05  9.389E-06  7.452E-06  5.790E-06  4.398E-06  3.291E-06  2.413E-06  1.678E-06  1.101E-06  6.573E-07  3.281E-07  1.201E-07  2.885E-08  4.264E-09  3.010E-10  7.600E-12  4.866E-14  1.584E-16  4.651E-19
  312.5000  9.791E-04  9.237E-04  8.709E-04  8.209E-04  7.731E-04  7.276E-04  6.843E-04  6.431E-04  6.039E-04  5.667E-04  5.312E-04  4.973E-04  4.651E-04  4.345E-04  4.052E-04  3.775E-04  3.511E-04  3.259E-04  3.021E-04  2.797E-04  2.586E-04  2.360E-04  2.138E-04  1.946E-04  1.781E-04  1.640E-04  1.470E-04  1.331E-04  1.194E-04  1.076E-04  9.504E-05  8.437E-05  7.573E-05  6.607E-05  5.754E-05  4.991E-05  4.235E-05  3.595E-05  3.050E-05  2.584E-05  2.105E-05  1.750E-05  1.396E-05  1.111E-05  8.837E-06  6.876E-06  5.237E-06  3.932E-06  2.900E-06  2.042E-06  1.371E-06  8.557E-07  4.628E-07  1.951E-07  5.873E-08  1.190E-08  1.309E-09  6.074E-11  8.883E-13  6.885E-15  3.949E-17
  313.5000  1.202E-03  1.133E-03  1.068E-03  1.006E-03  9.463E-04  8.898E-04  8.361E-04  7.851E-04  7.365E-04  6.905E-04  6.466E-04  6.048E-04  5.651E-04  5.274E-04  4.915E-04  4.574E-04  4.250E-04  3.942E-04  3.651E-04  3.377E-04  3.120E-04  2.845E-04  2.575E-04  2.342E-04  2.141E-04  1.969E-04  1.764E-04  1.596E-04  1.431E-04  1.288E-04  1.136E-04  1.008E-04  9.041E-05  7.887E-05  6.861E-05  5.949E-05  5.047E-05  4.284E-05  3.634E-05  3.079E-05  2.509E-05  2.086E-05  1.666E-05  1.326E-05  1.056E-05  8.219E-06  6.266E-06  4.711E-06  3.481E-06  2.461E-06  1.664E-06  1.052E-06  5.824E-07  2.553E-07  8.150E-08  1.782E-08  2.166E-09  1.154E-10  2.036E-12  1.918E-14  1.290E-16
  314.5000  1.667E-03  1.568E-03  1.473E-03  1.383E-03  1.298E-03  1.216E-03  1.139E-03  1.065E-03  9.954E-04  9.294E-04  8.666E-04  8.071E-04  7.508E-04  6.976E-04  6.472E-04  5.997E-04  5.547E-04  5.122E-04  4.723E-04  4.348E-04  4.000E-04  3.632E-04  3.273E-04  2.963E-04  2.698E-04  2.470E-04  2.203E-04  1.985E-04  1.772E-04  1.588E-04  1.396E-04  1.234E-04  1.103E-04  9.599E-05  8.325E-05  7.200E-05  6.101E-05  5.171E-05  4.383E-05  3.711E-05  3.027E-05  2.518E-05  2.015E-05  1.607E-05  1.283E-05  1.000E-05  7.647E-06  5.768E-06  4.283E-06  3.059E-06  2.105E-06  1.377E-06  8.118E-07  3.984E-07  1.528E-07  4.336E-08  7.630E-09  6.810E-10  2.432E-11  4.825E-13  5.772E-15
  315.5000  1.824E-03  1.715E-03  1.611E-03  1.513E-03  1.419E-03  1.329E-03  1.244E-03  1.163E-03  1.087E-03  1.014E-03  9.452E-04  8.799E-04  8.181E-04  7.597E-04  7.044E-04  6.524E-04  6.031E-04  5.566E-04  5.130E-04  4.720E-04  4.340E-04  3.938E-04  3.546E-04  3.209E-04  2.920E-04  2.672E-04  2.382E-04  2.144E-04  1.913E-04  1.714E-04  1.506E-04  1.330E-04  1.188E-04  1.032E-04  8.954E-05  7.741E-05  6.556E-05  5.556E-05  4.708E-05  3.987E-05  3.252E-05  2.706E-05  2.166E-05  1.729E-05  1.381E-05  1.077E-05  8.243E-06  6.224E-06  4.628E-06  3.315E-06  2.292E-06  1.513E-06  9.053E-07  4.556E-07  1.814E-07  5.386E-08  1.003E-08  9.701E-10  3.855E-11  8.528E-13  1.119E-14
  316.5000  2.450E-03  2.304E-03  2.164E-03  2.030E-03  1.902E-03  1.780E-03  1.663E-03  1.552E-03  1.447E-03  1.347E-03  1.252E-03  1.162E-03  1.077E-03  9.963E-04  9.204E-04  8.491E-04  7.819E-04  7.188E-04  6.596E-04  6.044E-04  5.534E-04  5.000E-04  4.484E-04  4.040E-04  3.659E-04  3.334E-04  2.959E-04  2.652E-04  2.355E-04  2.101E-04  1.838E-04  1.617E-04  1.438E-04  1.241E-04  1.077E-04  9.282E-05  7.844E-05  6.634E-05  5.613E-05  4.747E-05  3.874E-05  3.223E-05  2.584E-05  2.066E-05  1.655E-05  1.292E-05  9.919E-06  7.513E-06  5.611E-06  4.051E-06  2.836E-06  1.918E-06  1.201E-06  6.565E-07  2.995E-07  1.082E-07  2.676E-08  3.843E-09  2.616E-10  1.017E-11  2.063E-13
  317.5000  3.464E-03  3.257E-03  3.059E-03  2.870E-03  2.689E-03  2.516E-03  2.351E-03  2.194E-03  2.045E-03  1.904E-03  1.770E-03  1.643E-03  1.523E-03  1.409E-03  1.302E-03  1.201E-03  1.106E-03  1.017E-03  9.337E-04  8.557E-04  7.836E-04  7.082E-04  6.351E-04  5.724E-04  5.186E-04  4.725E-04  4.194E-04  3.760E-04  3.340E-04  2.979E-04  2.607E-04  2.294E-04  2.041E-04  1.766E-04  1.528E-04  1.317E-04  1.113E-04  9.412E-05  7.963E-05  6.736E-05  5.497E-05  4.575E-05  3.668E-05  2.934E-05  2.350E-05  1.836E-05  1.409E-05  1.068E-05  7.977E-06  5.766E-06  4.042E-06  2.740E-06  1.723E-06  9.467E-07  4.345E-07  1.577E-07  3.901E-08  5.608E-09  3.818E-10  1.484E-11  3.044E-13
  318.5000  3.705E-03  3.490E-03  3.282E-03  3.083E-03  2.891E-03  2.706E-03  2.530E-03  2.361E-03  2.200E-03  2.046E-03  1.900E-03  1.761E-03  1.629E-03  1.504E-03  1.386E-03  1.276E-03  1.171E-03  1.073E-03  9.812E-04  8.957E-04  8.169E-04  7.351E-04  6.564E-04  5.889E-04  5.310E-04  4.816E-04  4.254E-04  3.795E-04  3.355E-04  2.977E-04  2.592E-04  2.270E-04  2.010E-04  1.733E-04  1.491E-04  1.280E-04  1.079E-04  9.093E-05  7.675E-05  6.479E-05  5.285E-05  4.395E-05  3.528E-05  2.827E-05  2.270E-05  1.776E-05  1.368E-05  1.040E-05  7.804E-06  5.685E-06  4.028E-06  2.786E-06  1.822E-06  1.072E-06  5.536E-07  2.385E-07  7.593E-08  1.559E-08  1.728E-09  1.120E-10  3.413E-12
  319.5000  4.806E-03  4.529E-03  4.262E-03  4.005E-03  3.757E-03  3.519E-03  3.291E-03  3.072E-03  2.863E-03  2.664E-03  2.473E-03  2.293E-03  2.121E-03  1.958E-03  1.805E-03  1.660E-03  1.524E-03  1.396E-03  1.276E-03  1.164E-03  1.061E-03  9.546E-04  8.519E-04  7.637E-04  6.882E-04  6.238E-04  5.506E-04  4.907E-04  4.335E-04  3.844E-04  3.344E-04  2.926E-04  2.588E-04  2.230E-04  1.917E-04  1.644E-04  1.384E-04  1.166E-04  9.835E-05  8.299E-05  6.768E-05  5.628E-05  4.519E-05  3.622E-05  2.911E-05  2.279E-05  1.756E-05  1.337E-05  1.004E-05  7.334E-06  5.211E-06  3.624E-06  2.392E-06  1.431E-06  7.581E-07  3.380E-07  1.127E-07  2.471E-08  2.993E-09  2.126E-10  7.016E-12
  320.5000  6.304E-03  5.944E-03  5.597E-03  5.263E-03  4.940E-03  4.629E-03  4.330E-03  4.044E-03  3.769E-03  3.508E-03  3.258E-03  3.020E-03  2.793E-03  2.579E-03  2.376E-03  2.185E-03  2.004E-03  1.835E-03  1.676E-03  1.528E-03  1.392E-03  1.251E-03  1.115E-03  9.984E-04  8.987E-04  8.136E-04  7.173E-04  6.385E-04  5.632E-04  4.988E-04  4.333E-04  3.786E-04  3.344E-04  2.876E-04  2.470E-04  2.116E-04  1.779E-04  1.497E-04  1.262E-04  1.064E-04  8.675E-05  7.212E-05  5.791E-05  4.643E-05  3.735E-05  2.925E-05  2.256E-05  1.720E-05  1.293E-05  9.465E-06  6.743E-06  4.711E-06  3.138E-06  1.906E-06  1.036E-06  4.808E-07  1.701E-07  4.060E-08  5.514E-09  4.424E-10  1.620E-11
  321.5000  7.375E-03  6.983E-03  6.603E-03  6.234E-03  5.874E-03  5.525E-03  5.188E-03  4.862E-03  4.547E-03  4.244E-03  3.952E-03  3.672E-03  3.404E-03  3.148E-03  2.904E-03  2.673E-03  2.454E-03  2.246E-03  2.051E-03  1.869E-03  1.700E-03  1.524E-03  1.355E-03  1.210E-03  1.086E-03  9.800E-04  8.603E-04  7.626E-04  6.696E-04  5.901E-04  5.098E-04  4.430E-04  3.892E-04  3.327E-04  2.840E-04  2.420E-04  2.024E-04  1.694E-04  1.421E-04  1.194E-04  9.706E-05  8.052E-05  6.463E-05  5.187E-05  4.182E-05  3.280E-05  2.541E-05  1.945E-05  1.471E-05  1.086E-05  7.808E-06  5.548E-06  3.814E-06  2.446E-06  1.463E-06  7.813E-07  3.414E-07  1.107E-07  2.293E-08  2.864E-09  1.479E-10
  322.5000  5.772E-03  5.447E-03  5.132E-03  4.829E-03  4.535E-03  4.252E-03  3.979E-03  3.718E-03  3.467E-03  3.227E-03  2.998E-03  2.779E-03  2.571E-03  2.374E-03  2.187E-03  2.010E-03  1.844E-03  1.687E-03  1.541E-03  1.404E-03  1.278E-03  1.148E-03  1.023E-03  9.150E-04  8.231E-04  7.445E-04  6.557E-04  5.832E-04  5.139E-04  4.547E-04  3.945E-04  3.443E-04  3.038E-04  2.610E-04  2.239E-04  1.916E-04  1.609E-04  1.353E-04  1.139E-04  9.600E-05  7.823E-05  6.502E-05  5.222E-05  4.189E-05  3.372E-05  2.642E-05  2.041E-05  1.557E-05  1.173E-05  8.607E-06  6.151E-06  4.322E-06  2.908E-06  1.797E-06  1.004E-06  4.831E-07  1.800E-07  4.635E-08  6.987E-09  6.281E-10  2.568E-11
  323.5000  8.875E-03  8.424E-03  7.983E-03  7.555E-03  7.136E-03  6.728E-03  6.332E-03  5.948E-03  5.575E-03  5.215E-03  4.867E-03  4.532E-03  4.209E-03  3.900E-03  3.604E-03  3.322E-03  3.053E-03  2.798E-03  2.558E-03  2.332E-03  2.122E-03  1.903E-03  1.691E-03  1.509E-03  1.354E-03  1.221E-03  1.070E-03  9.475E-04  8.305E-04  7.305E-04  6.295E-04  5.457E-04  4.782E-04  4.076E-04  3.469E-04  2.946E-04  2.456E-04  2.049E-04  1.714E-04  1.436E-04  1.165E-04  9.650E-05  7.739E-05  6.210E-05  5.011E-05  3.934E-05  3.053E-05  2.343E-05  1.777E-05  1.319E-05  9.520E-06  6.815E-06  4.751E-06  3.115E-06  1.938E-06  1.098E-06  5.265E-07  1.959E-07  4.918E-08  7.574E-09  4.702E-10
  324.5000  1.025E-02  9.727E-03  9.216E-03  8.718E-03  8.233E-03  7.760E-03  7.301E-03  6.856E-03  6.424E-03  6.009E-03  5.606E-03  5.219E-03  4.846E-03  4.489E-03  4.147E-03  3.822E-03  3.513E-03  3.219E-03  2.942E-03  2.682E-03  2.441E-03  2.189E-03  1.946E-03  1.737E-03  1.558E-03  1.405E-03  1.233E-03  1.091E-03  9.569E-04  8.421E-04  7.260E-04  6.296E-04  5.520E-04  4.708E-04  4.008E-04  3.405E-04  2.841E-04  2.371E-04  1.984E-04  1.663E-04  1.350E-04  1.118E-04  8.970E-05  7.199E-05  5.810E-05  4.562E-05  3.540E-05  2.717E-05  2.061E-05  1.529E-05  1.104E-05  7.906E-06  5.512E-06  3.613E-06  2.245E-06  1.267E-06  6.024E-07  2.214E-07  5.460E-08  8.262E-09  5.118E-10
  325.5000  1.088E-02  1.031E-02  9.760E-03  9.225E-03  8.702E-03  8.194E-03  7.701E-03  7.224E-03  6.762E-03  6.318E-03  5.889E-03  5.476E-03  5.080E-03  4.702E-03  4.340E-03  3.996E-03  3.670E-03  3.360E-03  3.069E-03  2.797E-03  2.544E-03  2.280E-03  2.026E-03  1.809E-03  1.623E-03  1.463E-03  1.284E-03  1.137E-03  9.972E-04  8.779E-04  7.573E-04  6.572E-04  5.766E-04  4.921E-04  4.194E-04  3.567E-04  2.978E-04  2.488E-04  2.084E-04  1.748E-04  1.420E-04  1.177E-04  9.443E-05  7.579E-05  6.116E-05  4.801E-05  3.724E-05  2.856E-05  2.164E-05  1.603E-05  1.156E-05  8.265E-06  5.741E-06  3.741E-06  2.298E-06  1.275E-06  5.896E-07  2.081E-07  4.850E-08  6.941E-09  4.175E-10
  326.5000  1.753E-02  1.671E-02  1.590E-02  1.511E-02  1.433E-02  1.357E-02  1.282E-02  1.210E-02  1.139E-02  1.070E-02  1.003E-02  9.383E-03  8.754E-03  8.145E-03  7.559E-03  6.996E-03  6.458E-03  5.939E-03  5.448E-03  4.984E-03  4.550E-03  4.087E-03  3.653E-03  3.253E-03  2.923E-03  2.641E-03  2.315E-03  2.050E-03  1.795E-03  1.578E-03  1.357E-03  1.174E-03  1.027E-03  8.718E-04  7.390E-04  6.249E-04  5.186E-04  4.305E-04  3.585E-04  2.992E-04  2.416E-04  1.995E-04  1.596E-04  1.279E-04  1.033E-04  8.114E-05  6.314E-05  4.864E-05  3.707E-05  2.772E-05  2.013E-05  1.456E-05  1.034E-05  6.965E-06  4.557E-06  2.782E-06  1.499E-06  6.669E-07  2.153E-07  4.371E-08  3.472E-09
  327.5000  1.486E-02  1.414E-02  1.343E-02  1.273E-02  1.205E-02  1.139E-02  1.075E-02  1.012E-02  9.504E-03  8.911E-03  8.335E-03  7.779E-03  7.241E-03  6.723E-03  6.226E-03  5.751E-03  5.301E-03  4.862E-03  4.452E-03  4.065E-03  3.705E-03  3.325E-03  2.957E-03  2.641E-03  2.371E-03  2.139E-03  1.875E-03  1.660E-03  1.454E-03  1.278E-03  1.100E-03  9.523E-04  8.336E-04  7.091E-04  6.021E-04  5.101E-04  4.241E-04  3.529E-04  2.945E-04  2.462E-04  1.992E-04  1.648E-04  1.320E-04  1.059E-04  8.551E-05  6.716E-05  5.222E-05  4.018E-05  3.057E-05  2.279E-05  1.653E-05  1.192E-05  8.413E-06  5.621E-06  3.616E-06  2.149E-06  1.107E-06  4.596E-07  1.345E-07  2.459E-08  1.823E-09
  328.5000  1.376E-02  1.309E-02  1.243E-02  1.179E-02  1.116E-02  1.055E-02  9.947E-03  9.364E-03  8.796E-03  8.247E-03  7.714E-03  7.198E-03  6.699E-03  6.219E-03  5.758E-03  5.318E-03  4.896E-03  4.495E-03  4.114E-03  3.756E-03  3.422E-03  3.070E-03  2.729E-03  2.437E-03  2.187E-03  1.973E-03  1.728E-03  1.529E-03  1.339E-03  1.177E-03  1.012E-03  8.761E-04  7.666E-04  6.518E-04  5.532E-04  4.685E-04  3.894E-04  3.239E-04  2.702E-04  2.258E-04  1.827E-04  1.511E-04  1.210E-04  9.704E-05  7.836E-05  6.155E-05  4.786E-05  3.682E-05  2.802E-05  2.090E-05  1.515E-05  1.093E-05  7.716E-06  5.157E-06  3.321E-06  1.977E-06  1.023E-06  4.279E-07  1.270E-07  2.374E-08  1.815E-09
  329.5000  2.220E-02  2.121E-02  2.024E-02  1.929E-02  1.835E-02  1.742E-02  1.652E-02  1.563E-02  1.476E-02  1.391E-02  1.309E-02  1.228E-02  1.149E-02  1.073E-02  9.989E-03  9.276E-03  8.587E-03  7.927E-03  7.295E-03  6.695E-03  6.130E-03  5.521E-03  4.922E-03  4.413E-03  3.975E-03  3.600E-03  3.160E-03  2.802E-03  2.457E-03  2.162E-03  1.858E-03  1.607E-03  1.406E-03  1.192E-03  1.009E-03  8.510E-04  7.041E-04  5.826E-04  4.838E-04  4.027E-04  3.241E-04  2.671E-04  2.131E-04  1.706E-04  1.378E-04  1.082E-04  8.428E-05  6.507E-05  4.974E-05  3.739E-05  2.725E-05  1.983E-05  1.422E-05  9.706E-06  6.514E-06  4.129E-06  2.368E-06  1.163E-06  4.337E-07  1.040E-07  9.730E-09
  330.5000  1.842E-02  1.757E-02  1.673E-02  1.591E-02  1.510E-02  1.431E-02  1.353E-02  1.278E-02  1.204E-02  1.132E-02  1.062E-02  9.937E-03  9.277E-03  8.638E-03  8.022E-03  7.430E-03  6.859E-03  6.316E-03  5.797E-03  5.306E-03  4.847E-03  4.356E-03  3.881E-03  3.469E-03  3.118E-03  2.818E-03  2.471E-03  2.188E-03  1.917E-03  1.685E-03  1.448E-03  1.252E-03  1.095E-03  9.294E-04  7.873E-04  6.652E-04  5.514E-04  4.572E-04  3.803E-04  3.171E-04  2.558E-04  2.111E-04  1.687E-04  1.352E-04  1.092E-04  8.577E-05  6.678E-05  5.150E-05  3.930E-05  2.945E-05  2.143E-05  1.554E-05  1.109E-05  7.514E-06  4.969E-06  3.080E-06  1.699E-06  7.854E-07  2.686E-07  5.875E-08  5.180E-09
  331.5000  1.787E-02  1.704E-02  1.622E-02  1.541E-02  1.462E-02  1.385E-02  1.309E-02  1.235E-02  1.163E-02  1.093E-02  1.025E-02  9.588E-03  8.946E-03  8.325E-03  7.726E-03  7.152E-03  6.600E-03  6.072E-03  5.570E-03  5.095E-03  4.651E-03  4.178E-03  3.714E-03  3.324E-03  2.986E-03  2.697E-03  2.364E-03  2.092E-03  1.832E-03  1.610E-03  1.384E-03  1.196E-03  1.046E-03  8.877E-04  7.519E-04  6.354E-04  5.268E-04  4.369E-04  3.635E-04  3.031E-04  2.446E-04  2.019E-04  1.614E-04  1.293E-04  1.045E-04  8.204E-05  6.387E-05  4.924E-05  3.757E-05  2.814E-05  2.046E-05  1.484E-05  1.057E-05  7.157E-06  4.720E-06  2.914E-06  1.598E-06  7.320E-07  2.475E-07  5.374E-08  4.768E-09
  332.5000  2.067E-02  1.977E-02  1.889E-02  1.802E-02  1.716E-02  1.631E-02  1.548E-02  1.467E-02  1.387E-02  1.309E-02  1.233E-02  1.158E-02  1.086E-02  1.015E-02  9.465E-03  8.803E-03  8.163E-03  7.544E-03  6.952E-03  6.389E-03  5.859E-03  5.283E-03  4.725E-03  4.231E-03  3.816E-03  3.461E-03  3.039E-03  2.698E-03  2.367E-03  2.084E-03  1.792E-03  1.549E-03  1.356E-03  1.149E-03  9.715E-04  8.192E-04  6.769E-04  5.593E-04  4.638E-04  3.856E-04  3.098E-04  2.550E-04  2.032E-04  1.625E-04  1.312E-04  1.030E-04  8.029E-05  6.206E-05  4.751E-05  3.579E-05  2.612E-05  1.906E-05  1.373E-05  9.422E-06  6.387E-06  4.108E-06  2.416E-06  1.237E-06  4.915E-07  1.277E-07  1.317E-08
  333.5000  1.813E-02  1.732E-02  1.651E-02  1.573E-02  1.495E-02  1.419E-02  1.345E-02  1.272E-02  1.200E-02  1.131E-02  1.062E-02  9.962E-03  9.317E-03  8.692E-03  8.087E-03  7.504E-03  6.940E-03  6.402E-03  5.886E-03  5.397E-03  4.938E-03  4.444E-03  3.959E-03  3.547E-03  3.192E-03  2.889E-03  2.534E-03  2.246E-03  1.968E-03  1.730E-03  1.487E-03  1.285E-03  1.124E-03  9.528E-04  8.060E-04  6.800E-04  5.626E-04  4.655E-04  3.865E-04  3.217E-04  2.589E-04  2.133E-04  1.702E-04  1.362E-04  1.101E-04  8.641E-05  6.733E-05  5.199E-05  3.974E-05  2.988E-05  2.178E-05  1.585E-05  1.137E-05  7.769E-06  5.214E-06  3.304E-06  1.893E-06  9.290E-07  3.476E-07  8.479E-08  8.416E-09
  334.5000  2.100E-02  2.008E-02  1.916E-02  1.826E-02  1.738E-02  1.651E-02  1.565E-02  1.482E-02  1.400E-02  1.320E-02  1.242E-02  1.165E-02  1.091E-02  1.019E-02  9.488E-03  8.814E-03  8.161E-03  7.535E-03  6.935E-03  6.365E-03  5.830E-03  5.250E-03  4.684E-03  4.196E-03  3.780E-03  3.423E-03  3.004E-03  2.664E-03  2.335E-03  2.054E-03  1.765E-03  1.526E-03  1.334E-03  1.130E-03  9.556E-04  8.058E-04  6.660E-04  5.504E-04  4.566E-04  3.797E-04  3.052E-04  2.513E-04  2.003E-04  1.602E-04  1.294E-04  1.016E-04  7.917E-05  6.117E-05  4.680E-05  3.523E-05  2.571E-05  1.874E-05  1.348E-05  9.233E-06  6.236E-06  3.989E-06  2.325E-06  1.173E-06  4.574E-07  1.172E-07  1.222E-08
  335.5000  2.303E-02  2.205E-02  2.108E-02  2.013E-02  1.919E-02  1.827E-02  1.736E-02  1.647E-02  1.559E-02  1.473E-02  1.389E-02  1.307E-02  1.227E-02  1.148E-02  1.072E-02  9.984E-03  9.278E-03  8.581E-03  7.919E-03  7.288E-03  6.693E-03  6.041E-03  5.400E-03  4.849E-03  4.379E-03  3.977E-03  3.495E-03  3.105E-03  2.726E-03  2.402E-03  2.065E-03  1.787E-03  1.564E-03  1.325E-03  1.120E-03  9.434E-04  7.786E-04  6.424E-04  5.321E-04  4.420E-04  3.544E-04  2.915E-04  2.318E-04  1.852E-04  1.496E-04  1.173E-04  9.148E-05  7.076E-05  5.423E-05  4.095E-05  2.993E-05  2.189E-05  1.583E-05  1.090E-05  7.455E-06  4.855E-06  2.918E-06  1.549E-06  6.517E-07  1.822E-07  2.057E-08
  336.5000  1.761E-02  1.685E-02  1.610E-02  1.537E-02  1.464E-02  1.393E-02  1.323E-02  1.254E-02  1.186E-02  1.120E-02  1.056E-02  9.922E-03  9.305E-03  8.704E-03  8.121E-03  7.556E-03  7.006E-03  6.483E-03  5.978E-03  5.496E-03  5.043E-03  4.548E-03  4.063E-03  3.645E-03  3.288E-03  2.984E-03  2.620E-03  2.326E-03  2.041E-03  1.797E-03  1.545E-03  1.336E-03  1.169E-03  9.900E-04  8.365E-04  7.048E-04  5.818E-04  4.801E-04  3.978E-04  3.304E-04  2.651E-04  2.181E-04  1.735E-04  1.387E-04  1.120E-04  8.786E-05  6.849E-05  5.296E-05  4.058E-05  3.062E-05  2.237E-05  1.635E-05  1.181E-05  8.128E-06  5.543E-06  3.596E-06  2.147E-06  1.128E-06  4.675E-07  1.291E-07  1.458E-08
  337.5000  1.831E-02  1.750E-02  1.670E-02  1.592E-02  1.515E-02  1.439E-02  1.364E-02  1.291E-02  1.220E-02  1.150E-02  1.082E-02  1.015E-02  9.504E-03  8.874E-03  8.264E-03  7.675E-03  7.104E-03  6.559E-03  6.036E-03  5.540E-03  5.072E-03  4.567E-03  4.071E-03  3.648E-03  3.285E-03  2.975E-03  2.610E-03  2.313E-03  2.027E-03  1.783E-03  1.532E-03  1.324E-03  1.157E-03  9.801E-04  8.283E-04  6.981E-04  5.767E-04  4.764E-04  3.950E-04  3.284E-04  2.639E-04  2.172E-04  1.730E-04  1.384E-04  1.118E-04  8.772E-05  6.837E-05  5.283E-05  4.044E-05  3.046E-05  2.223E-05  1.622E-05  1.168E-05  8.012E-06  5.423E-06  3.480E-06  2.039E-06  1.039E-06  4.117E-07  1.085E-07  1.195E-08
  338.5000  2.099E-02  2.010E-02  1.922E-02  1.835E-02  1.750E-02  1.666E-02  1.583E-02  1.502E-02  1.422E-02  1.344E-02  1.267E-02  1.192E-02  1.119E-02  1.048E-02  9.784E-03  9.112E-03  8.507E-03  7.831E-03  7.228E-03  6.652E-03  6.108E-03  5.513E-03  4.926E-03  4.424E-03  3.994E-03  3.627E-03  3.187E-03  2.831E-03  2.485E-03  2.189E-03  1.882E-03  1.627E-03  1.424E-03  1.206E-03  1.019E-03  8.579E-04  7.076E-04  5.834E-04  4.829E-04  4.009E-04  3.212E-04  2.640E-04  2.099E-04  1.676E-04  1.353E-04  1.061E-04  8.274E-05  6.401E-05  4.908E-05  3.708E-05  2.712E-05  1.985E-05  1.437E-05  9.911E-06  6.792E-06  4.438E-06  2.685E-06  1.443E-06  6.198E-07  1.794E-07  2.148E-08
  339.5000  2.309E-02  2.211E-02  2.115E-02  2.021E-02  1.927E-02  1.835E-02  1.744E-02  1.655E-02  1.568E-02  1.482E-02  1.398E-02  1.316E-02  1.235E-02  1.157E-02  1.081E-02  1.007E-02  9.359E-03  8.660E-03  7.996E-03  7.361E-03  6.762E-03  6.105E-03  5.454E-03  4.901E-03  4.427E-03  4.021E-03  3.534E-03  3.140E-03  2.757E-03  2.429E-03  2.088E-03  1.806E-03  1.580E-03  1.338E-03  1.130E-03  9.513E-04  7.843E-04  6.463E-04  5.348E-04  4.438E-04  3.554E-04  2.920E-04  2.320E-04  1.852E-04  1.495E-04  1.172E-04  9.140E-05  7.072E-05  5.424E-05  4.101E-05  3.000E-05  2.197E-05  1.592E-05  1.099E-05  7.547E-06  4.946E-06  3.009E-06  1.632E-06  7.124E-07  2.106E-07  2.593E-08
  340.5000  2.397E-02  2.294E-02  2.193E-02  2.093E-02  1.995E-02  1.898E-02  1.802E-02  1.709E-02  1.617E-02  1.527E-02  1.439E-02  1.353E-02  1.269E-02  1.188E-02  1.108E-02  1.031E-02  9.567E-03  8.849E-03  8.160E-03  7.503E-03  6.885E-03  6.209E-03  5.551E-03  4.974E-03  4.488E-03  4.071E-03  3.575E-03  3.173E-03  2.783E-03  2.450E-03  2.105E-03  1.820E-03  1.591E-03  1.347E-03  1.138E-03  9.578E-04  7.900E-04  6.513E-04  5.391E-04  4.475E-04  3.586E-04  2.948E-04  2.344E-04  1.872E-04  1.511E-04  1.185E-04  9.239E-05  7.146E-05  5.478E-05  4.138E-05  3.026E-05  2.214E-05  1.602E-05  1.104E-05  7.557E-06  4.928E-06  2.972E-06  1.588E-06  6.784E-07  1.963E-07  2.400E-08
  341.5000  2.222E-02  2.129E-02  2.037E-02  1.946E-02  1.857E-02  1.769E-02  1.682E-02  1.597E-02  1.513E-02  1.431E-02  1.350E-02  1.271E-02  1.194E-02  1.119E-02  1.045E-02  9.742E-03  9.059E-03  8.386E-03  7.745E-03  7.134E-03  6.556E-03  5.921E-03  5.293E-03  4.756E-03  4.297E-03  3.905E-03  3.432E-03  3.050E-03  2.678E-03  2.360E-03  2.029E-03  1.755E-03  1.536E-03  1.300E-03  1.098E-03  9.239E-04  7.614E-04  6.271E-04  5.186E-04  4.302E-04  3.442E-04  2.827E-04  2.245E-04  1.791E-04  1.446E-04  1.133E-04  8.835E-05  6.838E-05  5.247E-05  3.970E-05  2.905E-05  2.130E-05  1.545E-05  1.068E-05  7.356E-06  4.839E-06  2.965E-06  1.629E-06  7.253E-07  2.208E-07  2.839E-08
  342.5000  2.483E-02  2.379E-02  2.277E-02  2.176E-02  2.076E-02  1.978E-02  1.881E-02  1.786E-02  1.693E-02  1.601E-02  1.511E-02  1.423E-02  1.337E-02  1.253E-02  1.171E-02  1.092E-02  1.015E-02  9.405E-03  8.689E-03  8.005E-03  7.359E-03  6.647E-03  5.941E-03  5.341E-03  4.827E-03  4.387E-03  3.857E-03  3.428E-03  3.011E-03  2.653E-03  2.281E-03  1.973E-03  1.727E-03  1.462E-03  1.234E-03  1.038E-03  8.553E-04  7.042E-04  5.822E-04  4.827E-04  3.861E-04  3.170E-04  2.516E-04  2.007E-04  1.620E-04  1.269E-04  9.897E-05  7.660E-05  5.879E-05  4.450E-05  3.258E-05  2.389E-05  1.734E-05  1.200E-05  8.276E-06  5.456E-06  3.357E-06  1.857E-06  8.371E-07  2.593E-07  3.413E-08
  343.5000  2.543E-02  2.436E-02  2.331E-02  2.227E-02  2.124E-02  2.023E-02  1.923E-02  1.825E-02  1.729E-02  1.635E-02  1.542E-02  1.451E-02  1.363E-02  1.277E-02  1.193E-02  1.111E-02  1.032E-02  9.558E-03  8.825E-03  8.124E-03  7.463E-03  6.738E-03  6.023E-03  5.407E-03  4.884E-03  4.436E-03  3.897E-03  3.462E-03  3.039E-03  2.676E-03  2.300E-03  1.988E-03  1.740E-03  1.472E-03  1.242E-03  1.045E-03  8.612E-04  7.091E-04  5.862E-04  4.861E-04  3.889E-04  3.193E-04  2.535E-04  2.023E-04  1.632E-04  1.279E-04  9.973E-05  7.718E-05  5.922E-05  4.481E-05  3.280E-05  2.404E-05  1.745E-05  1.207E-05  8.310E-06  5.468E-06  3.353E-06  1.845E-06  8.258E-07  2.545E-07  3.372E-08
  344.5000  1.755E-02  1.681E-02  1.607E-02  1.535E-02  1.463E-02  1.393E-02  1.324E-02  1.256E-02  1.189E-02  1.124E-02  1.059E-02  9.966E-03  9.353E-03  8.755E-03  8.174E-03  7.611E-03  7.059E-03  6.538E-03  6.032E-03  5.550E-03  5.095E-03  4.596E-03  4.105E-03  3.684E-03  3.325E-03  3.018E-03  2.650E-03  2.353E-03  2.064E-03  1.817E-03  1.561E-03  1.349E-03  1.179E-03  9.980E-04  8.421E-04  7.085E-04  5.837E-04  4.807E-04  3.974E-04  3.296E-04  2.638E-04  2.166E-04  1.720E-04  1.373E-04  1.107E-04  8.682E-05  6.768E-05  5.237E-05  4.017E-05  3.039E-05  2.224E-05  1.630E-05  1.182E-05  8.167E-06  5.616E-06  3.687E-06  2.252E-06  1.231E-06  5.462E-07  1.671E-07  2.222E-08
  345.5000  2.508E-02  2.404E-02  2.301E-02  2.200E-02  2.100E-02  2.001E-02  1.904E-02  1.808E-02  1.714E-02  1.622E-02  1.532E-02  1.443E-02  1.356E-02  1.271E-02  1.189E-02  1.108E-02  1.031E-02  9.553E-03  8.829E-03  8.136E-03  7.482E-03  6.760E-03  6.046E-03  5.434E-03  4.912E-03  4.465E-03  3.926E-03  3.490E-03  3.065E-03  2.701E-03  2.322E-03  2.008E-03  1.758E-03  1.488E-03  1.255E-03  1.056E-03  8.690E-04  7.149E-04  5.906E-04  4.894E-04  3.911E-04  3.209E-04  2.545E-04  2.029E-04  1.636E-04  1.282E-04  9.993E-05  7.736E-05  5.940E-05  4.501E-05  3.296E-05  2.419E-05  1.759E-05  1.219E-05  8.434E-06  5.583E-06  3.461E-06  1.941E-06  8.958E-07  2.877E-07  4.013E-08
  346.5000  2.290E-02  2.193E-02  2.098E-02  2.005E-02  1.912E-02  1.821E-02  1.731E-02  1.643E-02  1.556E-02  1.471E-02  1.388E-02  1.306E-02  1.227E-02  1.149E-02  1.073E-02  9.999E-03  9.295E-03  8.599E-03  7.938E-03  7.307E-03  6.712E-03  6.058E-03  5.413E-03  4.860E-03  4.388E-03  3.984E-03  3.499E-03  3.108E-03  2.727E-03  2.401E-03  2.063E-03  1.783E-03  1.559E-03  1.319E-03  1.113E-03  9.358E-04  7.706E-04  6.341E-04  5.240E-04  4.343E-04  3.472E-04  2.850E-04  2.261E-04  1.804E-04  1.455E-04  1.140E-04  8.887E-05  6.878E-05  5.279E-05  3.997E-05  2.926E-05  2.146E-05  1.559E-05  1.079E-05  7.443E-06  4.907E-06  3.021E-06  1.676E-06  7.609E-07  2.407E-07  3.349E-08
  347.5000  2.245E-02  2.151E-02  2.058E-02  1.966E-02  1.876E-02  1.786E-02  1.698E-02  1.612E-02  1.527E-02  1.444E-02  1.362E-02  1.282E-02  1.204E-02  1.128E-02  1.054E-02  9.817E-03  9.121E-03  8.444E-03  7.795E-03  7.176E-03  6.592E-03  5.950E-03  5.317E-03  4.773E-03  4.310E-03  3.914E-03  3.437E-03  3.053E-03  2.678E-03  2.358E-03  2.026E-03  1.751E-03  1.531E-03  1.295E-03  1.092E-03  9.185E-04  7.561E-04  6.221E-04  5.139E-04  4.258E-04  3.404E-04  2.793E-04  2.216E-04  1.767E-04  1.425E-04  1.116E-04  8.702E-05  6.735E-05  5.170E-05  3.915E-05  2.867E-05  2.104E-05  1.528E-05  1.058E-05  7.307E-06  4.824E-06  2.977E-06  1.658E-06  7.586E-07  2.428E-07  3.442E-08
  348.5000  2.492E-02  2.388E-02  2.285E-02  2.183E-02  2.083E-02  1.985E-02  1.887E-02  1.792E-02  1.698E-02  1.606E-02  1.516E-02  1.427E-02  1.340E-02  1.256E-02  1.174E-02  1.094E-02  1.015E-02  9.415E-03  8.696E-03  8.008E-03  7.358E-03  6.643E-03  5.937E-03  5.332E-03  4.816E-03  4.375E-03  3.843E-03  3.414E-03  2.996E-03  2.638E-03  2.266E-03  1.959E-03  1.713E-03  1.449E-03  1.222E-03  1.027E-03  8.454E-04  6.952E-04  5.741E-04  4.756E-04  3.799E-04  3.117E-04  2.471E-04  1.970E-04  1.588E-04  1.244E-04  9.699E-05  7.508E-05  5.764E-05  4.367E-05  3.199E-05  2.348E-05  1.707E-05  1.183E-05  8.183E-06  5.414E-06  3.356E-06  1.883E-06  8.722E-07  2.840E-07  4.119E-08
  349.5000  2.087E-02  2.000E-02  1.913E-02  1.829E-02  1.745E-02  1.662E-02  1.581E-02  1.500E-02  1.422E-02  1.345E-02  1.269E-02  1.195E-02  1.122E-02  1.051E-02  9.824E-03  9.155E-03  8.513E-03  7.879E-03  7.276E-03  6.699E-03  6.155E-03  5.557E-03  4.966E-03  4.459E-03  4.027E-03  3.657E-03  3.212E-03  2.853E-03  2.503E-03  2.204E-03  1.893E-03  1.636E-03  1.430E-03  1.210E-03  1.020E-03  8.573E-04  7.054E-04  5.800E-04  4.789E-04  3.966E-04  3.168E-04  2.598E-04  2.060E-04  1.642E-04  1.324E-04  1.037E-04  8.081E-05  6.255E-05  4.803E-05  3.639E-05  2.666E-05  1.957E-05  1.423E-05  9.867E-06  6.825E-06  4.517E-06  2.803E-06  1.576E-06  7.327E-07  2.403E-07  3.538E-08
  350.5000  2.930E-02  2.808E-02  2.687E-02  2.568E-02  2.450E-02  2.334E-02  2.220E-02  2.107E-02  1.997E-02  1.889E-02  1.782E-02  1.678E-02  1.576E-02  1.477E-02  1.380E-02  1.286E-02  1.195E-02  1.107E-02  1.022E-02  9.415E-03  8.651E-03  7.810E-03  6.980E-03  6.267E-03  5.659E-03  5.140E-03  4.514E-03  4.009E-03  3.517E-03  3.097E-03  2.660E-03  2.298E-03  2.010E-03  1.699E-03  1.432E-03  1.204E-03  9.903E-04  8.140E-04  6.719E-04  5.564E-04  4.443E-04  3.643E-04  2.887E-04  2.301E-04  1.855E-04  1.453E-04  1.132E-04  8.763E-05  6.729E-05  5.100E-05  3.737E-05  2.744E-05  1.996E-05  1.384E-05  9.582E-06  6.349E-06  3.947E-06  2.227E-06  1.042E-06  3.454E-07  5.174E-08
  351.5000  2.518E-02  2.413E-02  2.309E-02  2.206E-02  2.105E-02  2.005E-02  1.907E-02  1.810E-02  1.715E-02  1.622E-02  1.530E-02  1.441E-02  1.353E-02  1.268E-02  1.184E-02  1.104E-02  1.026E-02  9.495E-03  8.767E-03  8.072E-03  7.414E-03  6.693E-03  5.980E-03  5.368E-03  4.846E-03  4.400E-03  3.864E-03  3.431E-03  3.009E-03  2.649E-03  2.274E-03  1.965E-03  1.718E-03  1.452E-03  1.224E-03  1.028E-03  8.458E-04  6.951E-04  5.737E-04  4.750E-04  3.792E-04  3.109E-04  2.464E-04  1.963E-04  1.583E-04  1.239E-04  9.658E-05  7.476E-05  5.741E-05  4.351E-05  3.189E-05  2.341E-05  1.703E-05  1.181E-05  8.176E-06  5.418E-06  3.369E-06  1.903E-06  8.919E-07  2.971E-07  4.509E-08
  352.5000  2.279E-02  2.184E-02  2.090E-02  1.997E-02  1.906E-02  1.815E-02  1.727E-02  1.639E-02  1.553E-02  1.469E-02  1.386E-02  1.305E-02  1.226E-02  1.149E-02  1.073E-02  1.000E-02  9.288E-03  8.607E-03  7.948E-03  7.318E-03  6.722E-03  6.068E-03  5.422E-03  4.867E-03  4.394E-03  3.990E-03  3.504E-03  3.111E-03  2.729E-03  2.402E-03  2.062E-03  1.781E-03  1.557E-03  1.316E-03  1.109E-03  9.319E-04  7.663E-04  6.296E-04  5.195E-04  4.300E-04  3.432E-04  2.813E-04  2.229E-04  1.775E-04  1.431E-04  1.120E-04  8.731E-05  6.758E-05  5.190E-05  3.935E-05  2.884E-05  2.118E-05  1.542E-05  1.070E-05  7.409E-06  4.915E-06  3.063E-06  1.737E-06  8.198E-07  2.761E-07  4.264E-08
  353.5000  2.758E-02  2.643E-02  2.530E-02  2.418E-02  2.307E-02  2.198E-02  2.091E-02  1.985E-02  1.881E-02  1.780E-02  1.680E-02  1.582E-02  1.486E-02  1.392E-02  1.301E-02  1.213E-02  1.127E-02  1.044E-02  9.642E-03  8.879E-03  8.158E-03  7.365E-03  6.581E-03  5.909E-03  5.336E-03  4.845E-03  4.255E-03  3.778E-03  3.314E-03  2.917E-03  2.505E-03  2.164E-03  1.891E-03  1.599E-03  1.347E-03  1.131E-03  9.300E-04  7.639E-04  6.301E-04  5.214E-04  4.160E-04  3.409E-04  2.700E-04  2.150E-04  1.733E-04  1.357E-04  1.057E-04  8.182E-05  6.285E-05  4.766E-05  3.494E-05  2.567E-05  1.869E-05  1.297E-05  8.997E-06  5.976E-06  3.734E-06  2.128E-06  1.012E-06  3.451E-07  5.429E-08
  354.5000  2.999E-02  2.874E-02  2.751E-02  2.629E-02  2.509E-02  2.391E-02  2.274E-02  2.160E-02  2.047E-02  1.937E-02  1.828E-02  1.722E-02  1.618E-02  1.516E-02  1.417E-02  1.321E-02  1.228E-02  1.137E-02  1.050E-02  9.675E-03  8.890E-03  8.027E-03  7.172E-03  6.441E-03  5.816E-03  5.282E-03  4.639E-03  4.119E-03  3.613E-03  3.181E-03  2.731E-03  2.359E-03  2.062E-03  1.742E-03  1.468E-03  1.233E-03  1.013E-03  8.320E-04  6.861E-04  5.676E-04  4.527E-04  3.709E-04  2.936E-04  2.338E-04  1.884E-04  1.475E-04  1.149E-04  8.894E-05  6.832E-05  5.182E-05  3.800E-05  2.793E-05  2.034E-05  1.413E-05  9.805E-06  6.520E-06  4.084E-06  2.337E-06  1.120E-06  3.863E-07  6.184E-08
  355.5000  2.805E-02  2.688E-02  2.573E-02  2.460E-02  2.347E-02  2.237E-02  2.128E-02  2.021E-02  1.915E-02  1.812E-02  1.710E-02  1.611E-02  1.513E-02  1.418E-02  1.326E-02  1.236E-02  1.149E-02  1.064E-02  9.827E-03  9.050E-03  8.316E-03  7.508E-03  6.708E-03  6.024E-03  5.439E-03  4.939E-03  4.337E-03  3.851E-03  3.377E-03  2.973E-03  2.552E-03  2.204E-03  1.927E-03  1.628E-03  1.371E-03  1.151E-03  9.460E-04  7.766E-04  6.403E-04  5.296E-04  4.223E-04  3.459E-04  2.738E-04  2.180E-04  1.756E-04  1.374E-04  1.071E-04  8.289E-05  6.367E-05  4.831E-05  3.543E-05  2.604E-05  1.897E-05  1.318E-05  9.151E-06  6.089E-06  3.819E-06  2.191E-06  1.055E-06  3.667E-07  5.959E-08
  356.5000  2.604E-02  2.496E-02  2.389E-02  2.283E-02  2.179E-02  2.076E-02  1.975E-02  1.876E-02  1.778E-02  1.682E-02  1.587E-02  1.495E-02  1.405E-02  1.316E-02  1.230E-02  1.147E-02  1.066E-02  9.873E-03  9.118E-03  8.397E-03  7.715E-03  6.965E-03  6.224E-03  5.588E-03  5.044E-03  4.581E-03  4.022E-03  3.570E-03  3.131E-03  2.756E-03  2.365E-03  2.042E-03  1.785E-03  1.508E-03  1.270E-03  1.066E-03  8.758E-04  7.189E-04  5.926E-04  4.900E-04  3.906E-04  3.199E-04  2.532E-04  2.015E-04  1.623E-04  1.270E-04  9.897E-05  7.661E-05  5.885E-05  4.466E-05  3.275E-05  2.408E-05  1.755E-05  1.219E-05  8.468E-06  5.637E-06  3.540E-06  2.035E-06  9.839E-07  3.445E-07  5.678E-08
  357.5000  2.214E-02  2.122E-02  2.031E-02  1.941E-02  1.852E-02  1.765E-02  1.679E-02  1.594E-02  1.511E-02  1.429E-02  1.349E-02  1.271E-02  1.194E-02  1.119E-02  1.046E-02  9.745E-03  9.058E-03  8.388E-03  7.747E-03  7.133E-03  6.553E-03  5.916E-03  5.286E-03  4.745E-03  4.283E-03  3.889E-03  3.413E-03  3.030E-03  2.657E-03  2.338E-03  2.006E-03  1.732E-03  1.514E-03  1.278E-03  1.077E-03  9.036E-04  7.422E-04  6.090E-04  5.019E-04  4.150E-04  3.307E-04  2.708E-04  2.143E-04  1.705E-04  1.374E-04  1.075E-04  8.373E-05  6.481E-05  4.979E-05  3.778E-05  2.771E-05  2.038E-05  1.485E-05  1.032E-05  7.171E-06  4.776E-06  3.001E-06  1.728E-06  8.388E-07  2.957E-07  4.940E-08
  358.5000  1.713E-02  1.641E-02  1.571E-02  1.502E-02  1.433E-02  1.366E-02  1.299E-02  1.234E-02  1.169E-02  1.106E-02  1.044E-02  9.836E-03  9.241E-03  8.661E-03  8.095E-03  7.546E-03  7.013E-03  6.496E-03  5.999E-03  5.524E-03  5.075E-03  4.582E-03  4.094E-03  3.675E-03  3.317E-03  3.012E-03  2.643E-03  2.346E-03  2.057E-03  1.810E-03  1.553E-03  1.341E-03  1.172E-03  9.898E-04  8.331E-04  6.991E-04  5.741E-04  4.710E-04  3.881E-04  3.208E-04  2.556E-04  2.092E-04  1.655E-04  1.317E-04  1.061E-04  8.298E-05  6.464E-05  5.003E-05  3.844E-05  2.918E-05  2.140E-05  1.574E-05  1.148E-05  7.977E-06  5.547E-06  3.697E-06  2.327E-06  1.344E-06  6.561E-07  2.334E-07  3.960E-08
  359.5000  2.884E-02  2.764E-02  2.646E-02  2.529E-02  2.414E-02  2.300E-02  2.188E-02  2.078E-02  1.969E-02  1.863E-02  1.759E-02  1.656E-02  1.556E-02  1.458E-02  1.363E-02  1.270E-02  1.181E-02  1.094E-02  1.010E-02  9.300E-03  8.544E-03  7.712E-03  6.890E-03  6.184E-03  5.582E-03  5.068E-03  4.448E-03  3.947E-03  3.461E-03  3.045E-03  2.612E-03  2.255E-03  1.970E-03  1.664E-03  1.400E-03  1.175E-03  9.645E-04  7.911E-04  6.517E-04  5.386E-04  4.290E-04  3.512E-04  2.777E-04  2.209E-04  1.779E-04  1.392E-04  1.084E-04  8.391E-05  6.447E-05  4.894E-05  3.590E-05  2.641E-05  1.926E-05  1.339E-05  9.313E-06  6.211E-06  3.914E-06  2.266E-06  1.110E-06  3.978E-07  6.843E-08
  360.5000  2.675E-02  2.564E-02  2.454E-02  2.346E-02  2.239E-02  2.134E-02  2.030E-02  1.927E-02  1.827E-02  1.728E-02  1.631E-02  1.537E-02  1.444E-02  1.353E-02  1.264E-02  1.179E-02  1.095E-02  1.014E-02  9.369E-03  8.626E-03  7.925E-03  7.153E-03  6.391E-03  5.735E-03  5.176E-03  4.699E-03  4.123E-03  3.659E-03  3.208E-03  2.822E-03  2.421E-03  2.089E-03  1.825E-03  1.541E-03  1.297E-03  1.088E-03  8.930E-04  7.323E-04  6.031E-04  4.983E-04  3.969E-04  3.248E-04  2.568E-04  2.042E-04  1.644E-04  1.286E-04  1.002E-04  7.754E-05  5.958E-05  4.523E-05  3.319E-05  2.442E-05  1.781E-05  1.238E-05  8.618E-06  5.750E-06  3.628E-06  2.105E-06  1.035E-06  3.738E-07  6.519E-08
  361.5000  2.417E-02  2.316E-02  2.217E-02  2.119E-02  2.023E-02  1.928E-02  1.834E-02  1.742E-02  1.651E-02  1.562E-02  1.474E-02  1.388E-02  1.305E-02  1.223E-02  1.143E-02  1.065E-02  9.896E-03  9.169E-03  8.468E-03  7.797E-03  7.163E-03  6.466E-03  5.777E-03  5.184E-03  4.678E-03  4.247E-03  3.727E-03  3.307E-03  2.899E-03  2.550E-03  2.187E-03  1.887E-03  1.649E-03  1.392E-03  1.171E-03  9.822E-04  8.061E-04  6.608E-04  5.441E-04  4.495E-04  3.579E-04  2.928E-04  2.315E-04  1.841E-04  1.482E-04  1.159E-04  9.024E-05  6.985E-05  5.367E-05  4.075E-05  2.991E-05  2.201E-05  1.606E-05  1.117E-05  7.776E-06  5.192E-06  3.281E-06  1.908E-06  9.435E-07  3.434E-07  6.076E-08
  362.5000  2.841E-02  2.724E-02  2.607E-02  2.492E-02  2.379E-02  2.267E-02  2.157E-02  2.048E-02  1.941E-02  1.837E-02  1.734E-02  1.633E-02  1.534E-02  1.438E-02  1.344E-02  1.253E-02  1.164E-02  1.078E-02  9.960E-03  9.171E-03  8.425E-03  7.604E-03  6.794E-03  6.096E-03  5.501E-03  4.993E-03  4.382E-03  3.888E-03  3.407E-03  2.997E-03  2.570E-03  2.218E-03  1.937E-03  1.635E-03  1.376E-03  1.154E-03  9.466E-04  7.758E-04  6.387E-04  5.275E-04  4.199E-04  3.434E-04  2.714E-04  2.158E-04  1.737E-04  1.358E-04  1.058E-04  8.186E-05  6.291E-05  4.777E-05  3.506E-05  2.580E-05  1.883E-05  1.310E-05  9.126E-06  6.097E-06  3.857E-06  2.249E-06  1.117E-06  4.095E-07  7.347E-08
  363.5000  2.530E-02  2.425E-02  2.321E-02  2.219E-02  2.118E-02  2.018E-02  1.920E-02  1.823E-02  1.728E-02  1.635E-02  1.544E-02  1.454E-02  1.366E-02  1.280E-02  1.197E-02  1.115E-02  1.037E-02  9.602E-03  8.867E-03  8.164E-03  7.500E-03  6.769E-03  6.044E-03  5.426E-03  4.896E-03  4.444E-03  3.899E-03  3.459E-03  3.031E-03  2.666E-03  2.286E-03  1.973E-03  1.723E-03  1.454E-03  1.223E-03  1.025E-03  8.411E-04  6.892E-04  5.673E-04  4.684E-04  3.727E-04  3.048E-04  2.409E-04  1.915E-04  1.541E-04  1.205E-04  9.380E-05  7.260E-05  5.579E-05  4.238E-05  3.111E-05  2.290E-05  1.671E-05  1.163E-05  8.104E-06  5.417E-06  3.431E-06  2.005E-06  9.994E-07  3.691E-07  6.710E-08
  364.5000  2.760E-02  2.646E-02  2.532E-02  2.421E-02  2.311E-02  2.202E-02  2.095E-02  1.989E-02  1.886E-02  1.784E-02  1.684E-02  1.586E-02  1.490E-02  1.397E-02  1.305E-02  1.217E-02  1.130E-02  1.047E-02  9.671E-03  8.904E-03  8.179E-03  7.382E-03  6.591E-03  5.916E-03  5.338E-03  4.844E-03  4.249E-03  3.769E-03  3.303E-03  2.904E-03  2.490E-03  2.148E-03  1.876E-03  1.582E-03  1.331E-03  1.116E-03  9.152E-04  7.498E-04  6.170E-04  5.094E-04  4.053E-04  3.313E-04  2.618E-04  2.080E-04  1.674E-04  1.309E-04  1.019E-04  7.886E-05  6.061E-05  4.604E-05  3.379E-05  2.488E-05  1.816E-05  1.264E-05  8.812E-06  5.893E-06  3.736E-06  2.187E-06  1.094E-06  4.066E-07  7.486E-08
  365.5000  3.363E-02  3.223E-02  3.085E-02  2.950E-02  2.815E-02  2.683E-02  2.552E-02  2.424E-02  2.297E-02  2.173E-02  2.052E-02  1.932E-02  1.815E-02  1.701E-02  1.590E-02  1.482E-02  1.378E-02  1.275E-02  1.178E-02  1.084E-02  9.958E-03  8.987E-03  8.028E-03  7.201E-03  6.496E-03  5.894E-03  5.170E-03  4.585E-03  4.017E-03  3.532E-03  3.028E-03  2.612E-03  2.280E-03  1.923E-03  1.618E-03  1.356E-03  1.112E-03  9.106E-04  7.491E-04  6.184E-04  4.918E-04  4.021E-04  3.176E-04  2.524E-04  2.030E-04  1.587E-04  1.236E-04  9.563E-05  7.349E-05  5.583E-05  4.099E-05  3.018E-05  2.203E-05  1.534E-05  1.070E-05  7.155E-06  4.539E-06  2.661E-06  1.336E-06  4.994E-07  9.309E-08
  366.5000  3.563E-02  3.416E-02  3.270E-02  3.126E-02  2.983E-02  2.843E-02  2.705E-02  2.569E-02  2.435E-02  2.303E-02  2.174E-02  2.048E-02  1.924E-02  1.803E-02  1.685E-02  1.571E-02  1.458E-02  1.352E-02  1.248E-02  1.149E-02  1.055E-02  9.524E-03  8.503E-03  7.631E-03  6.884E-03  6.245E-03  5.478E-03  4.858E-03  4.256E-03  3.741E-03  3.207E-03  2.766E-03  2.414E-03  2.036E-03  1.712E-03  1.435E-03  1.176E-03  9.632E-04  7.923E-04  6.538E-04  5.199E-04  4.249E-04  3.355E-04  2.666E-04  2.144E-04  1.676E-04  1.305E-04  1.010E-04  7.761E-05  5.896E-05  4.329E-05  3.188E-05  2.328E-05  1.621E-05  1.131E-05  7.569E-06  4.808E-06  2.825E-06  1.423E-06  5.361E-07  1.012E-07
  367.5000  3.388E-02  3.247E-02  3.108E-02  2.972E-02  2.836E-02  2.703E-02  2.571E-02  2.442E-02  2.315E-02  2.190E-02  2.067E-02  1.947E-02  1.830E-02  1.714E-02  1.602E-02  1.494E-02  1.387E-02  1.285E-02  1.187E-02  1.093E-02  1.004E-02  9.056E-03  8.085E-03  7.256E-03  6.545E-03  5.937E-03  5.207E-03  4.617E-03  4.045E-03  3.555E-03  3.047E-03  2.628E-03  2.294E-03  1.935E-03  1.626E-03  1.362E-03  1.117E-03  9.141E-04  7.517E-04  6.202E-04  4.931E-04  4.029E-04  3.181E-04  2.527E-04  2.032E-04  1.588E-04  1.236E-04  9.567E-05  7.353E-05  5.587E-05  4.103E-05  3.022E-05  2.207E-05  1.537E-05  1.073E-05  7.185E-06  4.569E-06  2.690E-06  1.361E-06  5.162E-07  9.873E-08
  368.5000  2.977E-02  2.854E-02  2.732E-02  2.612E-02  2.493E-02  2.376E-02  2.260E-02  2.146E-02  2.035E-02  1.925E-02  1.817E-02  1.711E-02  1.608E-02  1.507E-02  1.408E-02  1.313E-02  1.219E-02  1.130E-02  1.043E-02  9.601E-03  8.818E-03  7.957E-03  7.102E-03  6.374E-03  5.749E-03  5.215E-03  4.573E-03  4.055E-03  3.551E-03  3.121E-03  2.674E-03  2.306E-03  2.012E-03  1.696E-03  1.427E-03  1.195E-03  9.792E-04  8.015E-04  6.590E-04  5.436E-04  4.320E-04  3.530E-04  2.786E-04  2.213E-04  1.779E-04  1.390E-04  1.082E-04  8.374E-05  6.436E-05  4.891E-05  3.592E-05  2.646E-05  1.933E-05  1.347E-05  9.401E-06  6.298E-06  4.009E-06  2.365E-06  1.200E-06  4.581E-07  8.871E-08
  369.5000  3.573E-02  3.425E-02  3.279E-02  3.135E-02  2.992E-02  2.851E-02  2.713E-02  2.576E-02  2.442E-02  2.310E-02  2.181E-02  2.054E-02  1.930E-02  1.808E-02  1.690E-02  1.575E-02  1.463E-02  1.356E-02  1.252E-02  1.152E-02  1.058E-02  9.548E-03  8.522E-03  7.647E-03  6.896E-03  6.255E-03  5.485E-03  4.862E-03  4.258E-03  3.742E-03  3.206E-03  2.764E-03  2.412E-03  2.033E-03  1.709E-03  1.431E-03  1.173E-03  9.596E-04  7.888E-04  6.505E-04  5.169E-04  4.222E-04  3.332E-04  2.646E-04  2.127E-04  1.662E-04  1.293E-04  1.001E-04  7.693E-05  5.847E-05  4.294E-05  3.164E-05  2.312E-05  1.611E-05  1.125E-05  7.539E-06  4.803E-06  2.839E-06  1.446E-06  5.553E-07  1.088E-07
  370.5000  3.244E-02  3.109E-02  2.976E-02  2.845E-02  2.716E-02  2.588E-02  2.462E-02  2.338E-02  2.217E-02  2.097E-02  1.980E-02  1.864E-02  1.752E-02  1.642E-02  1.534E-02  1.430E-02  1.327E-02  1.230E-02  1.136E-02  1.046E-02  9.601E-03  8.664E-03  7.733E-03  6.938E-03  6.256E-03  5.674E-03  4.975E-03  4.410E-03  3.861E-03  3.393E-03  2.906E-03  2.505E-03  2.186E-03  1.842E-03  1.548E-03  1.296E-03  1.062E-03  8.689E-04  7.140E-04  5.888E-04  4.677E-04  3.820E-04  3.014E-04  2.393E-04  1.923E-04  1.502E-04  1.169E-04  9.048E-05  6.954E-05  5.286E-05  3.883E-05  2.861E-05  2.091E-05  1.457E-05  1.018E-05  6.825E-06  4.352E-06  2.576E-06  1.317E-06  5.087E-07  1.009E-07
  371.5000  3.714E-02  3.560E-02  3.408E-02  3.258E-02  3.110E-02  2.963E-02  2.819E-02  2.678E-02  2.538E-02  2.401E-02  2.267E-02  2.135E-02  2.006E-02  1.880E-02  1.757E-02  1.637E-02  1.520E-02  1.409E-02  1.300E-02  1.197E-02  1.099E-02  9.918E-03  8.852E-03  7.941E-03  7.160E-03  6.494E-03  5.692E-03  5.045E-03  4.417E-03  3.881E-03  3.324E-03  2.865E-03  2.499E-03  2.106E-03  1.770E-03  1.481E-03  1.213E-03  9.925E-04  8.155E-04  6.722E-04  5.339E-04  4.359E-04  3.439E-04  2.729E-04  2.194E-04  1.713E-04  1.333E-04  1.032E-04  7.930E-05  6.028E-05  4.429E-05  3.263E-05  2.385E-05  1.663E-05  1.162E-05  7.795E-06  4.975E-06  2.950E-06  1.513E-06  5.882E-07  1.180E-07
  372.5000  2.745E-02  2.631E-02  2.519E-02  2.408E-02  2.299E-02  2.191E-02  2.084E-02  1.979E-02  1.876E-02  1.775E-02  1.676E-02  1.578E-02  1.483E-02  1.389E-02  1.298E-02  1.210E-02  1.125E-02  1.041E-02  9.612E-03  8.847E-03  8.124E-03  7.330E-03  6.542E-03  5.868E-03  5.291E-03  4.798E-03  4.205E-03  3.727E-03  3.262E-03  2.866E-03  2.454E-03  2.115E-03  1.845E-03  1.555E-03  1.306E-03  1.093E-03  8.950E-04  7.319E-04  6.012E-04  4.955E-04  3.935E-04  3.212E-04  2.533E-04  2.010E-04  1.616E-04  1.262E-04  9.816E-05  7.596E-05  5.838E-05  4.439E-05  3.261E-05  2.403E-05  1.757E-05  1.225E-05  8.565E-06  5.747E-06  3.672E-06  2.181E-06  1.122E-06  4.390E-07  8.913E-08
  373.5000  2.482E-02  2.379E-02  2.277E-02  2.177E-02  2.078E-02  1.981E-02  1.884E-02  1.790E-02  1.696E-02  1.605E-02  1.515E-02  1.427E-02  1.340E-02  1.256E-02  1.174E-02  1.094E-02  1.016E-02  9.412E-03  8.689E-03  7.997E-03  7.343E-03  6.625E-03  5.911E-03  5.303E-03  4.781E-03  4.334E-03  3.799E-03  3.366E-03  2.946E-03  2.588E-03  2.216E-03  1.909E-03  1.665E-03  1.403E-03  1.178E-03  9.860E-04  8.072E-04  6.600E-04  5.420E-04  4.467E-04  3.546E-04  2.894E-04  2.282E-04  1.810E-04  1.455E-04  1.136E-04  8.837E-05  6.838E-05  5.256E-05  3.996E-05  2.936E-05  2.164E-05  1.583E-05  1.104E-05  7.717E-06  5.181E-06  3.312E-06  1.971E-06  1.017E-06  4.001E-07  8.216E-08
  374.5000  2.725E-02  2.612E-02  2.501E-02  2.391E-02  2.282E-02  2.175E-02  2.069E-02  1.965E-02  1.862E-02  1.762E-02  1.663E-02  1.566E-02  1.472E-02  1.379E-02  1.289E-02  1.201E-02  1.114E-02  1.033E-02  9.538E-03  8.778E-03  8.059E-03  7.271E-03  6.488E-03  5.819E-03  5.246E-03  4.755E-03  4.167E-03  3.692E-03  3.231E-03  2.838E-03  2.429E-03  2.093E-03  1.825E-03  1.537E-03  1.291E-03  1.080E-03  8.842E-04  7.227E-04  5.934E-04  4.889E-04  3.880E-04  3.166E-04  2.496E-04  1.980E-04  1.591E-04  1.242E-04  9.661E-05  7.475E-05  5.746E-05  4.369E-05  3.210E-05  2.367E-05  1.731E-05  1.207E-05  8.445E-06  5.671E-06  3.629E-06  2.163E-06  1.119E-06  4.429E-07  9.197E-08
  375.5000  3.077E-02  2.949E-02  2.823E-02  2.699E-02  2.576E-02  2.455E-02  2.336E-02  2.218E-02  2.103E-02  1.990E-02  1.878E-02  1.769E-02  1.662E-02  1.557E-02  1.455E-02  1.356E-02  1.259E-02  1.167E-02  1.077E-02  9.910E-03  9.098E-03  8.208E-03  7.324E-03  6.569E-03  5.921E-03  5.367E-03  4.703E-03  4.166E-03  3.645E-03  3.201E-03  2.740E-03  2.360E-03  2.058E-03  1.733E-03  1.455E-03  1.217E-03  9.962E-04  8.141E-04  6.684E-04  5.505E-04  4.368E-04  3.564E-04  2.809E-04  2.228E-04  1.789E-04  1.397E-04  1.087E-04  8.406E-05  6.462E-05  4.913E-05  3.611E-05  2.662E-05  1.947E-05  1.359E-05  9.506E-06  6.386E-06  4.090E-06  2.442E-06  1.268E-06  5.046E-07  1.060E-07
  376.5000  3.074E-02  2.947E-02  2.821E-02  2.697E-02  2.574E-02  2.453E-02  2.334E-02  2.217E-02  2.101E-02  1.988E-02  1.877E-02  1.767E-02  1.660E-02  1.556E-02  1.454E-02  1.355E-02  1.258E-02  1.166E-02  1.076E-02  9.902E-03  9.090E-03  8.200E-03  7.317E-03  6.562E-03  5.914E-03  5.360E-03  4.696E-03  4.160E-03  3.640E-03  3.195E-03  2.735E-03  2.356E-03  2.054E-03  1.729E-03  1.451E-03  1.214E-03  9.933E-04  8.116E-04  6.661E-04  5.485E-04  4.352E-04  3.549E-04  2.797E-04  2.218E-04  1.781E-04  1.390E-04  1.081E-04  8.366E-05  6.430E-05  4.890E-05  3.594E-05  2.650E-05  1.939E-05  1.353E-05  9.470E-06  6.364E-06  4.079E-06  2.439E-06  1.271E-06  5.085E-07  1.080E-07
  377.5000  3.663E-02  3.511E-02  3.361E-02  3.214E-02  3.067E-02  2.923E-02  2.781E-02  2.641E-02  2.504E-02  2.369E-02  2.236E-02  2.106E-02  1.978E-02  1.854E-02  1.732E-02  1.615E-02  1.499E-02  1.389E-02  1.282E-02  1.180E-02  1.083E-02  9.769E-03  8.716E-03  7.816E-03  7.043E-03  6.383E-03  5.592E-03  4.953E-03  4.333E-03  3.803E-03  3.255E-03  2.803E-03  2.443E-03  2.058E-03  1.726E-03  1.444E-03  1.181E-03  9.647E-04  7.916E-04  6.517E-04  5.169E-04  4.215E-04  3.320E-04  2.633E-04  2.114E-04  1.650E-04  1.283E-04  9.926E-05  7.630E-05  5.803E-05  4.265E-05  3.146E-05  2.302E-05  1.606E-05  1.125E-05  7.562E-06  4.851E-06  2.905E-06  1.518E-06  6.109E-07  1.311E-07
  378.5000  3.994E-02  3.829E-02  3.665E-02  3.504E-02  3.345E-02  3.188E-02  3.033E-02  2.880E-02  2.730E-02  2.583E-02  2.438E-02  2.296E-02  2.157E-02  2.021E-02  1.889E-02  1.760E-02  1.634E-02  1.514E-02  1.398E-02  1.286E-02  1.181E-02  1.065E-02  9.501E-03  8.519E-03  7.676E-03  6.956E-03  6.093E-03  5.396E-03  4.720E-03  4.143E-03  3.545E-03  3.052E-03  2.660E-03  2.240E-03  1.878E-03  1.571E-03  1.285E-03  1.049E-03  8.608E-04  7.085E-04  5.618E-04  4.580E-04  3.608E-04  2.860E-04  2.296E-04  1.792E-04  1.393E-04  1.078E-04  8.284E-05  6.301E-05  4.632E-05  3.416E-05  2.500E-05  1.745E-05  1.222E-05  8.221E-06  5.278E-06  3.165E-06  1.659E-06  6.712E-07  1.456E-07
  379.5000  2.956E-02  2.834E-02  2.713E-02  2.594E-02  2.476E-02  2.359E-02  2.245E-02  2.132E-02  2.021E-02  1.912E-02  1.805E-02  1.700E-02  1.597E-02  1.496E-02  1.398E-02  1.303E-02  1.209E-02  1.121E-02  1.034E-02  9.517E-03  8.735E-03  7.879E-03  7.030E-03  6.302E-03  5.678E-03  5.145E-03  4.506E-03  3.990E-03  3.490E-03  3.062E-03  2.620E-03  2.256E-03  1.966E-03  1.654E-03  1.388E-03  1.160E-03  9.486E-04  7.746E-04  6.353E-04  5.229E-04  4.145E-04  3.379E-04  2.660E-04  2.109E-04  1.693E-04  1.321E-04  1.027E-04  7.943E-05  6.105E-05  4.644E-05  3.414E-05  2.518E-05  1.843E-05  1.287E-05  9.016E-06  6.066E-06  3.897E-06  2.341E-06  1.230E-06  5.004E-07  1.097E-07
  380.5000  3.557E-02  3.410E-02  3.264E-02  3.121E-02  2.979E-02  2.839E-02  2.701E-02  2.565E-02  2.431E-02  2.300E-02  2.172E-02  2.045E-02  1.921E-02  1.800E-02  1.682E-02  1.568E-02  1.456E-02  1.348E-02  1.244E-02  1.145E-02  1.051E-02  9.479E-03  8.456E-03  7.581E-03  6.830E-03  6.188E-03  5.419E-03  4.797E-03  4.195E-03  3.681E-03  3.149E-03  2.711E-03  2.362E-03  1.987E-03  1.667E-03  1.393E-03  1.139E-03  9.298E-04  7.624E-04  6.273E-04  4.972E-04  4.052E-04  3.190E-04  2.528E-04  2.029E-04  1.583E-04  1.230E-04  9.517E-05  7.316E-05  5.565E-05  4.092E-05  3.019E-05  2.210E-05  1.543E-05  1.081E-05  7.278E-06  4.679E-06  2.815E-06  1.483E-06  6.066E-07  1.344E-07
  381.5000  3.344E-02  3.206E-02  3.069E-02  2.934E-02  2.801E-02  2.669E-02  2.539E-02  2.412E-02  2.286E-02  2.163E-02  2.042E-02  1.923E-02  1.806E-02  1.693E-02  1.582E-02  1.474E-02  1.368E-02  1.268E-02  1.170E-02  1.076E-02  9.879E-03  8.910E-03  7.949E-03  7.125E-03  6.418E-03  5.815E-03  5.092E-03  4.507E-03  3.941E-03  3.458E-03  2.957E-03  2.545E-03  2.217E-03  1.866E-03  1.564E-03  1.307E-03  1.068E-03  8.720E-04  7.149E-04  5.881E-04  4.660E-04  3.797E-04  2.989E-04  2.368E-04  1.900E-04  1.482E-04  1.152E-04  8.911E-05  6.849E-05  5.211E-05  3.832E-05  2.827E-05  2.070E-05  1.446E-05  1.013E-05  6.823E-06  4.390E-06  2.645E-06  1.397E-06  5.746E-07  1.286E-07
  382.5000  2.229E-02  2.137E-02  2.046E-02  1.956E-02  1.867E-02  1.779E-02  1.693E-02  1.608E-02  1.524E-02  1.442E-02  1.361E-02  1.282E-02  1.204E-02  1.128E-02  1.054E-02  9.826E-03  9.121E-03  8.450E-03  7.798E-03  7.175E-03  6.585E-03  5.939E-03  5.298E-03  4.749E-03  4.277E-03  3.874E-03  3.392E-03  3.002E-03  2.625E-03  2.303E-03  1.969E-03  1.694E-03  1.476E-03  1.242E-03  1.041E-03  8.696E-04  7.107E-04  5.799E-04  4.754E-04  3.910E-04  3.097E-04  2.523E-04  1.985E-04  1.573E-04  1.262E-04  9.840E-05  7.648E-05  5.915E-05  4.547E-05  3.459E-05  2.544E-05  1.877E-05  1.375E-05  9.602E-06  6.734E-06  4.535E-06  2.920E-06  1.762E-06  9.334E-07  3.858E-07  8.724E-08
  383.5000  1.959E-02  1.877E-02  1.797E-02  1.718E-02  1.640E-02  1.563E-02  1.487E-02  1.413E-02  1.339E-02  1.267E-02  1.196E-02  1.126E-02  1.058E-02  9.913E-03  9.263E-03  8.632E-03  8.014E-03  7.423E-03  6.850E-03  6.302E-03  5.784E-03  5.216E-03  4.652E-03  4.170E-03  3.756E-03  3.402E-03  2.978E-03  2.635E-03  2.304E-03  2.021E-03  1.728E-03  1.487E-03  1.295E-03  1.089E-03  9.126E-04  7.624E-04  6.230E-04  5.082E-04  4.165E-04  3.425E-04  2.712E-04  2.209E-04  1.738E-04  1.376E-04  1.104E-04  8.609E-05  6.691E-05  5.175E-05  3.977E-05  3.026E-05  2.226E-05  1.643E-05  1.203E-05  8.405E-06  5.895E-06  3.972E-06  2.559E-06  1.546E-06  8.214E-07  3.412E-07  7.794E-08
  384.5000  2.941E-02  2.819E-02  2.699E-02  2.580E-02  2.463E-02  2.347E-02  2.233E-02  2.121E-02  2.010E-02  1.902E-02  1.795E-02  1.691E-02  1.589E-02  1.488E-02  1.391E-02  1.296E-02  1.202E-02  1.114E-02  1.028E-02  9.461E-03  8.682E-03  7.830E-03  6.984E-03  6.259E-03  5.637E-03  5.105E-03  4.469E-03  3.954E-03  3.456E-03  3.031E-03  2.591E-03  2.229E-03  1.941E-03  1.632E-03  1.368E-03  1.142E-03  9.333E-04  7.612E-04  6.237E-04  5.127E-04  4.060E-04  3.306E-04  2.600E-04  2.059E-04  1.651E-04  1.287E-04  1.000E-04  7.737E-05  5.947E-05  4.525E-05  3.328E-05  2.457E-05  1.800E-05  1.257E-05  8.822E-06  5.945E-06  3.834E-06  2.319E-06  1.235E-06  5.157E-07  1.190E-07
  385.5000  2.911E-02  2.790E-02  2.671E-02  2.554E-02  2.438E-02  2.324E-02  2.211E-02  2.100E-02  1.990E-02  1.883E-02  1.777E-02  1.674E-02  1.572E-02  1.473E-02  1.377E-02  1.283E-02  1.191E-02  1.103E-02  1.018E-02  9.365E-03  8.593E-03  7.749E-03  6.912E-03  6.194E-03  5.578E-03  5.051E-03  4.421E-03  3.911E-03  3.418E-03  2.997E-03  2.562E-03  2.204E-03  1.919E-03  1.613E-03  1.351E-03  1.129E-03  9.218E-04  7.517E-04  6.157E-04  5.061E-04  4.006E-04  3.261E-04  2.565E-04  2.030E-04  1.628E-04  1.269E-04  9.862E-05  7.626E-05  5.862E-05  4.461E-05  3.281E-05  2.422E-05  1.775E-05  1.240E-05  8.704E-06  5.867E-06  3.786E-06  2.293E-06  1.225E-06  5.139E-07  1.197E-07
  386.5000  2.968E-02  2.846E-02  2.724E-02  2.605E-02  2.486E-02  2.370E-02  2.254E-02  2.141E-02  2.030E-02  1.920E-02  1.813E-02  1.707E-02  1.604E-02  1.503E-02  1.404E-02  1.308E-02  1.214E-02  1.125E-02  1.038E-02  9.549E-03  8.762E-03  7.901E-03  7.047E-03  6.315E-03  5.686E-03  5.148E-03  4.506E-03  3.986E-03  3.483E-03  3.053E-03  2.610E-03  2.244E-03  1.954E-03  1.643E-03  1.376E-03  1.149E-03  9.380E-04  7.647E-04  6.262E-04  5.146E-04  4.073E-04  3.315E-04  2.606E-04  2.063E-04  1.654E-04  1.289E-04  1.002E-04  7.744E-05  5.952E-05  4.530E-05  3.333E-05  2.460E-05  1.803E-05  1.260E-05  8.846E-06  5.965E-06  3.852E-06  2.336E-06  1.251E-06  5.274E-07  1.241E-07
  387.5000  2.760E-02  2.646E-02  2.533E-02  2.422E-02  2.312E-02  2.203E-02  2.096E-02  1.991E-02  1.887E-02  1.785E-02  1.685E-02  1.587E-02  1.491E-02  1.397E-02  1.305E-02  1.216E-02  1.129E-02  1.046E-02  9.651E-03  8.877E-03  8.145E-03  7.345E-03  6.551E-03  5.869E-03  5.284E-03  4.784E-03  4.187E-03  3.703E-03  3.235E-03  2.836E-03  2.423E-03  2.084E-03  1.814E-03  1.525E-03  1.277E-03  1.066E-03  8.702E-04  7.092E-04  5.807E-04  4.771E-04  3.775E-04  3.072E-04  2.415E-04  1.911E-04  1.532E-04  1.194E-04  9.273E-05  7.170E-05  5.511E-05  4.194E-05  3.086E-05  2.278E-05  1.670E-05  1.167E-05  8.197E-06  5.529E-06  3.572E-06  2.170E-06  1.165E-06  4.934E-07  1.172E-07
  388.5000  2.767E-02  2.653E-02  2.540E-02  2.428E-02  2.318E-02  2.209E-02  2.102E-02  1.996E-02  1.892E-02  1.790E-02  1.690E-02  1.592E-02  1.495E-02  1.401E-02  1.309E-02  1.220E-02  1.132E-02  1.049E-02  9.676E-03  8.900E-03  8.166E-03  7.364E-03  6.567E-03  5.884E-03  5.296E-03  4.795E-03  4.195E-03  3.710E-03  3.241E-03  2.841E-03  2.427E-03  2.087E-03  1.816E-03  1.526E-03  1.278E-03  1.067E-03  8.706E-04  7.094E-04  5.807E-04  4.770E-04  3.773E-04  3.070E-04  2.412E-04  1.909E-04  1.530E-04  1.192E-04  9.260E-05  7.159E-05  5.502E-05  4.188E-05  3.081E-05  2.275E-05  1.668E-05  1.166E-05  8.190E-06  5.526E-06  3.573E-06  2.173E-06  1.169E-06  4.977E-07  1.193E-07
  389.5000  3.491E-02  3.347E-02  3.204E-02  3.064E-02  2.925E-02  2.787E-02  2.652E-02  2.519E-02  2.388E-02  2.259E-02  2.132E-02  2.008E-02  1.886E-02  1.768E-02  1.651E-02  1.539E-02  1.428E-02  1.323E-02  1.221E-02  1.123E-02  1.030E-02  9.289E-03  8.283E-03  7.421E-03  6.680E-03  6.046E-03  5.290E-03  4.678E-03  4.086E-03  3.580E-03  3.059E-03  2.629E-03  2.288E-03  1.922E-03  1.609E-03  1.343E-03  1.096E-03  8.929E-04  7.307E-04  6.001E-04  4.746E-04  3.860E-04  3.033E-04  2.399E-04  1.923E-04  1.498E-04  1.163E-04  8.994E-05  6.912E-05  5.261E-05  3.871E-05  2.859E-05  2.096E-05  1.466E-05  1.030E-05  6.950E-06  4.497E-06  2.738E-06  1.477E-06  6.316E-07  1.528E-07
  390.5000  3.431E-02  3.289E-02  3.149E-02  3.011E-02  2.874E-02  2.739E-02  2.606E-02  2.475E-02  2.346E-02  2.220E-02  2.095E-02  1.973E-02  1.854E-02  1.737E-02  1.623E-02  1.512E-02  1.403E-02  1.300E-02  1.200E-02  1.103E-02  1.012E-02  9.127E-03  8.139E-03  7.291E-03  6.562E-03  5.939E-03  5.196E-03  4.594E-03  4.012E-03  3.515E-03  3.002E-03  2.580E-03  2.245E-03  1.886E-03  1.579E-03  1.317E-03  1.075E-03  8.754E-04  7.162E-04  5.880E-04  4.649E-04  3.781E-04  2.970E-04  2.349E-04  1.882E-04  1.466E-04  1.139E-04  8.801E-05  6.764E-05  5.149E-05  3.789E-05  2.798E-05  2.052E-05  1.435E-05  1.009E-05  6.808E-06  4.408E-06  2.687E-06  1.453E-06  6.243E-07  1.525E-07
  391.5000  4.072E-02  3.904E-02  3.738E-02  3.574E-02  3.411E-02  3.251E-02  3.094E-02  2.938E-02  2.785E-02  2.635E-02  2.487E-02  2.343E-02  2.201E-02  2.062E-02  1.927E-02  1.795E-02  1.666E-02  1.543E-02  1.424E-02  1.310E-02  1.201E-02  1.083E-02  9.659E-03  8.652E-03  7.786E-03  7.046E-03  6.164E-03  5.449E-03  4.758E-03  4.168E-03  3.560E-03  3.059E-03  2.661E-03  2.235E-03  1.871E-03  1.560E-03  1.273E-03  1.037E-03  8.479E-04  6.960E-04  5.502E-04  4.473E-04  3.513E-04  2.778E-04  2.226E-04  1.733E-04  1.346E-04  1.040E-04  7.995E-05  6.086E-05  4.479E-05  3.308E-05  2.426E-05  1.697E-05  1.193E-05  8.056E-06  5.219E-06  3.186E-06  1.727E-06  7.452E-07  1.836E-07
  392.5000  3.055E-02  2.929E-02  2.804E-02  2.681E-02  2.560E-02  2.439E-02  2.321E-02  2.204E-02  2.090E-02  1.977E-02  1.866E-02  1.758E-02  1.651E-02  1.547E-02  1.445E-02  1.347E-02  1.251E-02  1.158E-02  1.068E-02  9.824E-03  9.012E-03  8.125E-03  7.246E-03  6.489E-03  5.840E-03  5.284E-03  4.622E-03  4.085E-03  3.567E-03  3.124E-03  2.668E-03  2.292E-03  1.993E-03  1.674E-03  1.401E-03  1.168E-03  9.529E-04  7.758E-04  6.345E-04  5.207E-04  4.115E-04  3.345E-04  2.626E-04  2.077E-04  1.663E-04  1.295E-04  1.005E-04  7.771E-05  5.973E-05  4.547E-05  3.346E-05  2.472E-05  1.813E-05  1.269E-05  8.919E-06  6.025E-06  3.905E-06  2.387E-06  1.297E-06  5.621E-07  1.398E-07
  393.5000  1.329E-02  1.274E-02  1.220E-02  1.166E-02  1.113E-02  1.061E-02  1.010E-02  9.588E-03  9.089E-03  8.600E-03  8.118E-03  7.645E-03  7.182E-03  6.729E-03  6.287E-03  5.858E-03  5.437E-03  5.035E-03  4.646E-03  4.273E-03  3.919E-03  3.534E-03  3.151E-03  2.822E-03  2.539E-03  2.297E-03  2.009E-03  1.776E-03  1.550E-03  1.358E-03  1.159E-03  9.957E-04  8.657E-04  7.269E-04  6.082E-04  5.071E-04  4.136E-04  3.366E-04  2.752E-04  2.258E-04  1.784E-04  1.450E-04  1.138E-04  8.998E-05  7.206E-05  5.609E-05  4.355E-05  3.366E-05  2.587E-05  1.969E-05  1.449E-05  1.071E-05  7.854E-06  5.496E-06  3.866E-06  2.612E-06  1.694E-06  1.037E-06  5.646E-07  2.458E-07  6.165E-08
  394.5000  3.128E-02  2.999E-02  2.871E-02  2.745E-02  2.621E-02  2.498E-02  2.377E-02  2.257E-02  2.140E-02  2.025E-02  1.911E-02  1.800E-02  1.691E-02  1.584E-02  1.480E-02  1.379E-02  1.281E-02  1.185E-02  1.094E-02  1.006E-02  9.225E-03  8.317E-03  7.416E-03  6.641E-03  5.975E-03  5.405E-03  4.727E-03  4.177E-03  3.646E-03  3.193E-03  2.725E-03  2.341E-03  2.035E-03  1.708E-03  1.429E-03  1.191E-03  9.714E-04  7.905E-04  6.462E-04  5.301E-04  4.187E-04  3.402E-04  2.670E-04  2.110E-04  1.690E-04  1.315E-04  1.021E-04  7.889E-05  6.063E-05  4.616E-05  3.398E-05  2.510E-05  1.842E-05  1.289E-05  9.068E-06  6.128E-06  3.977E-06  2.436E-06  1.330E-06  5.814E-07  1.471E-07
  395.5000  4.026E-02  3.860E-02  3.696E-02  3.534E-02  3.373E-02  3.215E-02  3.059E-02  2.906E-02  2.754E-02  2.606E-02  2.460E-02  2.317E-02  2.176E-02  2.039E-02  1.905E-02  1.775E-02  1.648E-02  1.526E-02  1.408E-02  1.294E-02  1.187E-02  1.070E-02  9.544E-03  8.546E-03  7.688E-03  6.954E-03  6.081E-03  5.373E-03  4.689E-03  4.106E-03  3.504E-03  3.009E-03  2.616E-03  2.195E-03  1.836E-03  1.531E-03  1.248E-03  1.015E-03  8.296E-04  6.804E-04  5.373E-04  4.364E-04  3.425E-04  2.706E-04  2.166E-04  1.686E-04  1.308E-04  1.011E-04  7.770E-05  5.916E-05  4.355E-05  3.218E-05  2.361E-05  1.653E-05  1.163E-05  7.862E-06  5.106E-06  3.131E-06  1.713E-06  7.521E-07  1.920E-07
  396.5000  2.365E-02  2.268E-02  2.171E-02  2.076E-02  1.982E-02  1.889E-02  1.797E-02  1.707E-02  1.618E-02  1.531E-02  1.445E-02  1.361E-02  1.279E-02  1.198E-02  1.119E-02  1.043E-02  9.685E-03  8.963E-03  8.269E-03  7.604E-03  6.974E-03  6.287E-03  5.606E-03  5.019E-03  4.515E-03  4.084E-03  3.571E-03  3.154E-03  2.753E-03  2.410E-03  2.056E-03  1.766E-03  1.534E-03  1.288E-03  1.077E-03  8.974E-04  7.314E-04  5.949E-04  4.861E-04  3.986E-04  3.147E-04  2.556E-04  2.005E-04  1.584E-04  1.268E-04  9.864E-05  7.655E-05  5.915E-05  4.545E-05  3.461E-05  2.548E-05  1.883E-05  1.382E-05  9.674E-06  6.809E-06  4.604E-06  2.991E-06  1.837E-06  1.007E-06  4.440E-07  1.143E-07
  397.5000  2.731E-02  2.618E-02  2.506E-02  2.397E-02  2.288E-02  2.181E-02  2.075E-02  1.971E-02  1.868E-02  1.768E-02  1.669E-02  1.571E-02  1.476E-02  1.383E-02  1.292E-02  1.204E-02  1.118E-02  1.035E-02  9.547E-03  8.779E-03  8.052E-03  7.258E-03  6.471E-03  5.794E-03  5.211E-03  4.713E-03  4.120E-03  3.640E-03  3.176E-03  2.780E-03  2.372E-03  2.036E-03  1.769E-03  1.484E-03  1.241E-03  1.034E-03  8.426E-04  6.852E-04  5.598E-04  4.589E-04  3.622E-04  2.941E-04  2.307E-04  1.822E-04  1.458E-04  1.134E-04  8.801E-05  6.800E-05  5.225E-05  3.979E-05  2.930E-05  2.165E-05  1.589E-05  1.113E-05  7.833E-06  5.298E-06  3.445E-06  2.117E-06  1.164E-06  5.152E-07  1.337E-07
  398.5000  4.694E-02  4.500E-02  4.309E-02  4.120E-02  3.933E-02  3.749E-02  3.567E-02  3.388E-02  3.212E-02  3.039E-02  2.869E-02  2.702E-02  2.538E-02  2.378E-02  2.222E-02  2.070E-02  1.922E-02  1.779E-02  1.641E-02  1.509E-02  1.384E-02  1.248E-02  1.112E-02  9.959E-03  8.957E-03  8.099E-03  7.080E-03  6.253E-03  5.456E-03  4.775E-03  4.073E-03  3.496E-03  3.037E-03  2.548E-03  2.130E-03  1.774E-03  1.446E-03  1.175E-03  9.599E-04  7.867E-04  6.208E-04  5.040E-04  3.952E-04  3.121E-04  2.497E-04  1.942E-04  1.507E-04  1.164E-04  8.945E-05  6.811E-05  5.015E-05  3.707E-05  2.721E-05  1.906E-05  1.342E-05  9.079E-06  5.906E-06  3.634E-06  2.002E-06  8.898E-07  2.330E-07
  399.5000  4.884E-02  4.683E-02  4.484E-02  4.287E-02  4.093E-02  3.901E-02  3.712E-02  3.526E-02  3.342E-02  3.162E-02  2.985E-02  2.811E-02  2.641E-02  2.474E-02  2.312E-02  2.154E-02  1.999E-02  1.851E-02  1.708E-02  1.570E-02  1.440E-02  1.298E-02  1.157E-02  1.036E-02  9.317E-03  8.425E-03  7.364E-03  6.503E-03  5.673E-03  4.964E-03  4.234E-03  3.633E-03  3.156E-03  2.647E-03  2.213E-03  1.843E-03  1.501E-03  1.220E-03  9.963E-04  8.163E-04  6.440E-04  5.227E-04  4.098E-04  3.235E-04  2.588E-04  2.013E-04  1.561E-04  1.206E-04  9.268E-05  7.057E-05  5.197E-05  3.842E-05  2.820E-05  1.975E-05  1.391E-05  9.415E-06  6.128E-06  3.775E-06  2.084E-06  9.301E-07  2.455E-07
------------------------------------------------------------
Dose rates,W m-2
   1 = UV index (WMO, 1994; Webb et al., 2011)           
   2 = Previtamin-D3 (CIE 2006)                          
values at z =      0.025 km
Columns: time,sza,weighting spectra
time,hrs.  sza,deg.          1          2
   18.0000     86.056  7.312E-02  1.157E-03
   18.0167     86.247  6.964E-02  1.098E-03
   18.0333     86.438  6.626E-02  1.041E-03
   18.0500     86.629  6.297E-02  9.869E-04
   18.0667     86.820  5.975E-02  9.345E-04
   18.0833     87.012  5.662E-02  8.842E-04
   18.1000     87.204  5.358E-02  8.358E-04
   18.1167     87.396  5.063E-02  7.894E-04
   18.1333     87.588  4.776E-02  7.449E-04
   18.1500     87.780  4.498E-02  7.022E-04
   18.1667     87.973  4.228E-02  6.612E-04
   18.1833     88.166  3.966E-02  6.218E-04
   18.2000     88.359  3.714E-02  5.840E-04
   18.2167     88.552  3.469E-02  5.478E-04
   18.2333     88.746  3.234E-02  5.131E-04
   18.2500     88.939  3.008E-02  4.799E-04
   18.2667     89.133  2.790E-02  4.481E-04
   18.2833     89.327  2.582E-02  4.178E-04
   18.3000     89.521  2.383E-02  3.888E-04
   18.3167     89.716  2.194E-02  3.614E-04
   18.3333     89.910  2.017E-02  3.356E-04
   18.3500     90.105  1.825E-02  3.075E-04
   18.3667     90.300  1.637E-02  2.796E-04
   18.3833     90.495  1.475E-02  2.555E-04
   18.4000     90.690  1.336E-02  2.348E-04
   18.4167     90.886  1.217E-02  2.170E-04
   18.4333     91.081  1.076E-02  1.952E-04
   18.4500     91.277  9.614E-03  1.774E-04
   18.4667     91.473  8.497E-03  1.596E-04
   18.4833     91.670  7.538E-03  1.442E-04
   18.5000     91.866  6.540E-03  1.277E-04
   18.5167     92.062  5.707E-03  1.136E-04
   18.5333     92.259  5.038E-03  1.021E-04
   18.5500     92.456  4.313E-03  8.925E-05
   18.5667     92.653  3.684E-03  7.776E-05
   18.5833     92.850  3.137E-03  6.745E-05
   18.6000     93.048  2.615E-03  5.717E-05
   18.6167     93.245  2.180E-03  4.847E-05
   18.6333     93.443  1.822E-03  4.106E-05
   18.6500     93.641  1.524E-03  3.473E-05
   18.6667     93.839  1.228E-03  2.819E-05
   18.6833     94.037  1.013E-03  2.339E-05
   18.7000     94.236  8.060E-04  1.859E-05
   18.7167     94.434  6.417E-04  1.474E-05
   18.7333     94.632  5.140E-04  1.168E-05
   18.7500     94.831  4.012E-04  9.060E-06
   18.7667     95.030  3.090E-04  6.861E-06
   18.7833     95.230  2.353E-04  5.106E-06
   18.8000     95.428  1.767E-04  3.704E-06
   18.8167     95.628  1.287E-04  2.518E-06
   18.8333     95.828  9.006E-05  1.595E-06
   18.8500     96.027  6.174E-05  9.155E-07
   18.8667     96.227  4.103E-05  4.557E-07
   18.8833     96.427  2.581E-05  1.891E-07
   18.9000     96.627  1.615E-05  6.887E-08
   18.9167     96.827  9.814E-06  2.357E-08
   18.9333     97.028  5.640E-06  7.238E-09
   18.9500     97.229  2.980E-06  1.926E-09
   18.9667     97.429  1.339E-06  4.063E-10
   18.9833     97.630  4.508E-07  6.294E-11
   19.0000     97.831  7.743E-08  4.366E-12
------------------------------------------------------------
