Spectral Irradiance,W m-2 nm-1
values at z =      0.025 km
Columns: wavelength (nm),times (hrs.) or sza (deg.)
    wc,nm     18.000     18.017     18.033     18.050     18.067     18.083     18.100     18.117     18.133     18.150     18.167     18.183     18.200     18.217     18.233     18.250     18.267     18.283     18.300     18.317     18.333     18.350     18.367     18.383     18.400     18.417     18.433     18.450     18.467     18.483     18.500     18.517     18.533     18.550     18.567     18.583     18.600     18.617     18.633     18.650     18.667     18.683     18.700     18.717     18.733     18.750     18.767     18.783     18.800     18.817     18.833     18.850     18.867     18.883     18.900     18.917     18.933     18.950     18.967     18.983     19.000
    sza =      84.207     84.403     84.598     84.793     84.989     85.185     85.382     85.578     85.775     85.971     86.168     86.365     86.563     86.760     86.958     87.155     87.353     87.552     87.750     87.949     88.147     88.346     88.545     88.744     88.943     89.143     89.342     89.542     89.742     89.942     90.142     90.342     90.543     90.743     90.944     91.145     91.346     91.547     91.749     91.950     92.152     92.354     92.556     92.757     92.959     93.162     93.364     93.567     93.769     93.972     94.175     94.378     94.581     94.785     94.988     95.191     95.395     95.599     95.803     96.007     96.210
  280.5000  8.854E-28  8.676E-28  8.497E-28  8.319E-28  8.140E-28  7.960E-28  7.780E-28  7.599E-28  7.417E-28  7.235E-28  7.051E-28  6.867E-28  6.681E-28  6.494E-28  6.306E-28  6.118E-28  5.927E-28  5.735E-28  5.542E-28  5.347E-28  5.152E-28  4.954E-28  4.755E-28  4.555E-28  4.354E-28  4.152E-28  3.950E-28  3.749E-28  3.549E-28  3.352E-28  3.104E-28  2.865E-28  2.656E-28  2.474E-28  2.315E-28  2.076E-28  1.915E-28  1.707E-28  1.567E-28  1.375E-28  1.205E-28  1.051E-28  9.091E-29  7.799E-29  6.627E-29  5.585E-29  4.562E-29  3.682E-29  2.952E-29  2.178E-29  1.564E-29  1.060E-29  6.145E-30  2.971E-30  1.047E-30  2.060E-31  1.372E-32  1.287E-34  3.535E-38  1.401E-44  0.000E+00
  281.5000  2.551E-25  2.499E-25  2.448E-25  2.396E-25  2.345E-25  2.293E-25  2.241E-25  2.189E-25  2.136E-25  2.084E-25  2.031E-25  1.978E-25  1.924E-25  1.871E-25  1.817E-25  1.762E-25  1.708E-25  1.653E-25  1.597E-25  1.541E-25  1.485E-25  1.428E-25  1.371E-25  1.314E-25  1.256E-25  1.198E-25  1.140E-25  1.082E-25  1.024E-25  9.680E-26  8.965E-26  8.276E-26  7.677E-26  7.153E-26  6.694E-26  6.005E-26  5.541E-26  4.940E-26  4.537E-26  3.983E-26  3.491E-26  3.044E-26  2.635E-26  2.262E-26  1.923E-26  1.622E-26  1.326E-26  1.073E-26  8.639E-27  6.432E-27  4.681E-27  3.236E-27  1.940E-27  9.879E-28  3.781E-28  8.536E-29  7.183E-30  1.018E-31  5.743E-35  8.374E-41  0.000E+00
  282.5000  2.267E-23  2.221E-23  2.175E-23  2.129E-23  2.083E-23  2.037E-23  1.990E-23  1.944E-23  1.897E-23  1.851E-23  1.804E-23  1.757E-23  1.709E-23  1.661E-23  1.613E-23  1.565E-23  1.517E-23  1.468E-23  1.419E-23  1.369E-23  1.319E-23  1.269E-23  1.218E-23  1.167E-23  1.116E-23  1.065E-23  1.013E-23  9.622E-24  9.113E-24  8.613E-24  7.978E-24  7.368E-24  6.836E-24  6.372E-24  5.964E-24  5.352E-24  4.940E-24  4.405E-24  4.047E-24  3.554E-24  3.116E-24  2.718E-24  2.354E-24  2.021E-24  1.719E-24  1.451E-24  1.188E-24  9.629E-25  7.779E-25  5.836E-25  4.294E-25  3.018E-25  1.862E-25  9.919E-26  4.080E-26  1.039E-26  1.076E-27  2.198E-29  2.346E-32  1.090E-37  1.401E-45
  283.5000  3.771E-22  3.694E-22  3.618E-22  3.541E-22  3.464E-22  3.387E-22  3.310E-22  3.233E-22  3.155E-22  3.078E-22  3.000E-22  2.921E-22  2.842E-22  2.763E-22  2.683E-22  2.603E-22  2.522E-22  2.441E-22  2.359E-22  2.277E-22  2.194E-22  2.111E-22  2.027E-22  1.942E-22  1.857E-22  1.772E-22  1.686E-22  1.601E-22  1.517E-22  1.434E-22  1.328E-22  1.227E-22  1.139E-22  1.062E-22  9.940E-23  8.922E-23  8.236E-23  7.346E-23  6.750E-23  5.929E-23  5.199E-23  4.537E-23  3.929E-23  3.374E-23  2.871E-23  2.425E-23  1.987E-23  1.613E-23  1.306E-23  9.841E-24  7.292E-24  5.178E-24  3.255E-24  1.785E-24  7.693E-25  2.121E-25  2.517E-26  6.542E-28  1.062E-30  1.054E-35  3.685E-43
  284.5000  3.892E-20  3.812E-20  3.733E-20  3.653E-20  3.574E-20  3.494E-20  3.414E-20  3.334E-20  3.254E-20  3.173E-20  3.093E-20  3.012E-20  2.930E-20  2.848E-20  2.766E-20  2.684E-20  2.601E-20  2.517E-20  2.433E-20  2.348E-20  2.263E-20  2.177E-20  2.091E-20  2.004E-20  1.917E-20  1.829E-20  1.742E-20  1.654E-20  1.567E-20  1.482E-20  1.374E-20  1.269E-20  1.179E-20  1.099E-20  1.030E-20  9.248E-21  8.541E-21  7.623E-21  7.008E-21  6.159E-21  5.403E-21  4.717E-21  4.088E-21  3.512E-21  2.991E-21  2.528E-21  2.074E-21  1.687E-21  1.371E-21  1.042E-21  7.812E-22  5.646E-22  3.661E-22  2.107E-22  9.820E-23  3.087E-23  4.598E-24  1.786E-25  5.874E-28  2.124E-32  5.318E-39
  285.5000  7.540E-19  7.385E-19  7.230E-19  7.075E-19  6.920E-19  6.764E-19  6.609E-19  6.453E-19  6.297E-19  6.141E-19  5.984E-19  5.827E-19  5.669E-19  5.510E-19  5.351E-19  5.191E-19  5.030E-19  4.868E-19  4.706E-19  4.542E-19  4.378E-19  4.212E-19  4.045E-19  3.877E-19  3.709E-19  3.540E-19  3.371E-19  3.203E-19  3.035E-19  2.871E-19  2.662E-19  2.461E-19  2.285E-19  2.133E-19  1.998E-19  1.795E-19  1.659E-19  1.481E-19  1.362E-19  1.198E-19  1.051E-19  9.182E-20  7.961E-20  6.844E-20  5.831E-20  4.933E-20  4.051E-20  3.300E-20  2.689E-20  2.056E-20  1.554E-20  1.138E-20  7.551E-21  4.509E-21  2.231E-21  7.768E-22  1.383E-22  7.373E-24  4.224E-26  4.162E-30  4.710E-36
  286.5000  3.321E-17  3.252E-17  3.184E-17  3.115E-17  3.046E-17  2.977E-17  2.909E-17  2.840E-17  2.771E-17  2.702E-17  2.632E-17  2.563E-17  2.493E-17  2.423E-17  2.353E-17  2.283E-17  2.212E-17  2.141E-17  2.069E-17  1.997E-17  1.925E-17  1.852E-17  1.779E-17  1.705E-17  1.631E-17  1.557E-17  1.483E-17  1.409E-17  1.336E-17  1.264E-17  1.172E-17  1.084E-17  1.007E-17  9.397E-18  8.808E-18  7.917E-18  7.317E-18  6.536E-18  6.014E-18  5.290E-18  4.645E-18  4.058E-18  3.520E-18  3.027E-18  2.581E-18  2.184E-18  1.795E-18  1.464E-18  1.196E-18  9.180E-19  6.986E-19  5.163E-19  3.487E-19  2.141E-19  1.109E-19  4.176E-20  8.540E-21  5.817E-22  5.131E-24  1.099E-27  3.986E-33
  287.5000  8.253E-16  8.081E-16  7.908E-16  7.736E-16  7.564E-16  7.391E-16  7.219E-16  7.047E-16  6.875E-16  6.703E-16  6.530E-16  6.357E-16  6.183E-16  6.009E-16  5.834E-16  5.659E-16  5.483E-16  5.306E-16  5.128E-16  4.950E-16  4.771E-16  4.590E-16  4.409E-16  4.227E-16  4.044E-16  3.861E-16  3.678E-16  3.495E-16  3.313E-16  3.136E-16  2.908E-16  2.690E-16  2.500E-16  2.335E-16  2.190E-16  1.969E-16  1.821E-16  1.627E-16  1.498E-16  1.317E-16  1.158E-16  1.012E-16  8.785E-17  7.559E-17  6.448E-17  5.462E-17  4.494E-17  3.669E-17  3.004E-17  2.316E-17  1.775E-17  1.325E-17  9.111E-18  5.760E-18  3.131E-18  1.282E-18  3.036E-19  2.687E-20  3.768E-22  1.870E-25  2.403E-30
  288.5000  2.057E-14  2.013E-14  1.970E-14  1.927E-14  1.883E-14  1.840E-14  1.796E-14  1.753E-14  1.710E-14  1.667E-14  1.623E-14  1.580E-14  1.536E-14  1.493E-14  1.449E-14  1.405E-14  1.361E-14  1.317E-14  1.273E-14  1.229E-14  1.184E-14  1.139E-14  1.094E-14  1.049E-14  1.004E-14  9.583E-15  9.130E-15  8.677E-15  8.229E-15  7.790E-15  7.227E-15  6.687E-15  6.218E-15  5.809E-15  5.450E-15  4.903E-15  4.537E-15  4.057E-15  3.737E-15  3.291E-15  2.893E-15  2.531E-15  2.198E-15  1.893E-15  1.616E-15  1.370E-15  1.128E-15  9.225E-16  7.569E-16  5.865E-16  4.525E-16  3.414E-16  2.393E-16  1.561E-16  8.937E-17  4.002E-17  1.113E-17  1.312E-18  3.065E-20  3.828E-23  1.966E-27
  289.5000  3.573E-13  3.496E-13  3.420E-13  3.343E-13  3.267E-13  3.191E-13  3.115E-13  3.039E-13  2.963E-13  2.888E-13  2.812E-13  2.736E-13  2.660E-13  2.584E-13  2.508E-13  2.432E-13  2.356E-13  2.279E-13  2.202E-13  2.125E-13  2.048E-13  1.970E-13  1.892E-13  1.814E-13  1.735E-13  1.657E-13  1.579E-13  1.500E-13  1.423E-13  1.347E-13  1.250E-13  1.157E-13  1.076E-13  1.006E-13  9.439E-14  8.496E-14  7.864E-14  7.036E-14  6.484E-14  5.714E-14  5.026E-14  4.399E-14  3.822E-14  3.293E-14  2.813E-14  2.386E-14  1.967E-14  1.610E-14  1.324E-14  1.029E-14  7.978E-15  6.063E-15  4.308E-15  2.872E-15  1.708E-15  8.168E-16  2.560E-16  3.737E-17  1.276E-18  3.152E-21  4.458E-25
  290.5000  3.780E-12  3.697E-12  3.615E-12  3.534E-12  3.452E-12  3.371E-12  3.290E-12  3.209E-12  3.128E-12  3.047E-12  2.966E-12  2.886E-12  2.805E-12  2.724E-12  2.644E-12  2.563E-12  2.482E-12  2.401E-12  2.319E-12  2.238E-12  2.156E-12  2.074E-12  1.992E-12  1.909E-12  1.826E-12  1.744E-12  1.661E-12  1.579E-12  1.498E-12  1.418E-12  1.316E-12  1.218E-12  1.133E-12  1.060E-12  9.947E-13  8.957E-13  8.294E-13  7.425E-13  6.845E-13  6.033E-13  5.311E-13  4.651E-13  4.044E-13  3.486E-13  2.979E-13  2.529E-13  2.086E-13  1.709E-13  1.407E-13  1.097E-13  8.538E-14  6.527E-14  4.688E-14  3.182E-14  1.950E-14  9.843E-15  3.402E-15  5.919E-16  2.769E-17  1.208E-19  3.980E-23
  291.5000  3.609E-11  3.529E-11  3.449E-11  3.370E-11  3.290E-11  3.212E-11  3.133E-11  3.055E-11  2.977E-11  2.899E-11  2.821E-11  2.743E-11  2.666E-11  2.588E-11  2.511E-11  2.433E-11  2.355E-11  2.278E-11  2.200E-11  2.122E-11  2.044E-11  1.966E-11  1.888E-11  1.809E-11  1.731E-11  1.652E-11  1.574E-11  1.496E-11  1.419E-11  1.344E-11  1.247E-11  1.155E-11  1.075E-11  1.005E-11  9.437E-12  8.501E-12  7.875E-12  7.054E-12  6.506E-12  5.739E-12  5.056E-12  4.431E-12  3.855E-12  3.325E-12  2.844E-12  2.416E-12  1.995E-12  1.637E-12  1.349E-12  1.055E-12  8.246E-13  6.343E-13  4.609E-13  3.188E-13  2.018E-13  1.079E-13  4.143E-14  8.720E-15  5.759E-16  4.708E-18  3.978E-21
  292.5000  2.156E-10  2.108E-10  2.059E-10  2.011E-10  1.963E-10  1.915E-10  1.867E-10  1.820E-10  1.773E-10  1.726E-10  1.679E-10  1.632E-10  1.585E-10  1.538E-10  1.492E-10  1.445E-10  1.399E-10  1.352E-10  1.305E-10  1.259E-10  1.212E-10  1.166E-10  1.119E-10  1.072E-10  1.025E-10  9.787E-11  9.323E-11  8.861E-11  8.405E-11  7.958E-11  7.388E-11  6.840E-11  6.366E-11  5.954E-11  5.593E-11  5.040E-11  4.671E-11  4.186E-11  3.863E-11  3.410E-11  3.005E-11  2.635E-11  2.294E-11  1.981E-11  1.695E-11  1.441E-11  1.191E-11  9.779E-12  8.073E-12  6.326E-12  4.963E-12  3.836E-12  2.813E-12  1.976E-12  1.285E-12  7.208E-13  3.026E-13  7.490E-14  6.635E-15  9.224E-17  1.712E-19
  293.5000  1.476E-09  1.441E-09  1.407E-09  1.374E-09  1.340E-09  1.307E-09  1.274E-09  1.241E-09  1.208E-09  1.175E-09  1.143E-09  1.111E-09  1.078E-09  1.046E-09  1.014E-09  9.817E-10  9.496E-10  9.176E-10  8.856E-10  8.536E-10  8.218E-10  7.898E-10  7.579E-10  7.235E-10  6.942E-10  6.624E-10  6.309E-10  5.995E-10  5.686E-10  5.384E-10  4.998E-10  4.628E-10  4.307E-10  4.028E-10  3.785E-10  3.412E-10  3.163E-10  2.836E-10  2.618E-10  2.313E-10  2.040E-10  1.790E-10  1.559E-10  1.347E-10  1.154E-10  9.817E-11  8.122E-11  6.674E-11  5.517E-11  4.333E-11  3.410E-11  2.647E-11  1.957E-11  1.394E-11  9.280E-12  5.437E-12  2.475E-12  7.102E-13  8.247E-14  1.879E-15  7.279E-18
  294.5000  5.558E-09  5.426E-09  5.296E-09  5.166E-09  5.038E-09  4.910E-09  4.783E-09  4.657E-09  4.532E-09  4.407E-09  4.283E-09  4.160E-09  4.037E-09  3.914E-09  3.792E-09  3.671E-09  3.549E-09  3.428E-09  3.307E-09  3.186E-09  3.066E-09  2.946E-09  2.826E-09  2.706E-09  2.586E-09  2.467E-09  2.349E-09  2.232E-09  2.116E-09  2.003E-09  1.860E-09  1.722E-09  1.603E-09  1.499E-09  1.409E-09  1.270E-09  1.178E-09  1.056E-09  9.755E-10  8.622E-10  7.607E-10  6.681E-10  5.823E-10  5.034E-10  4.315E-10  3.673E-10  3.042E-10  2.501E-10  2.070E-10  1.629E-10  1.285E-10  1.001E-10  7.448E-11  5.361E-11  3.639E-11  2.208E-11  1.074E-11  3.484E-12  5.062E-13  1.731E-14  1.220E-16
  295.5000  2.919E-08  2.847E-08  2.777E-08  2.707E-08  2.638E-08  2.569E-08  2.501E-08  2.433E-08  2.366E-08  2.300E-08  2.234E-08  2.168E-08  2.102E-08  2.037E-08  1.973E-08  1.908E-08  1.844E-08  1.780E-08  1.716E-08  1.653E-08  1.589E-08  1.526E-08  1.463E-08  1.401E-08  1.338E-08  1.276E-08  1.214E-08  1.153E-08  1.093E-08  1.035E-08  9.602E-09  8.889E-09  8.272E-09  7.736E-09  7.272E-09  6.558E-09  6.082E-09  5.457E-09  5.041E-09  4.458E-09  3.936E-09  3.459E-09  3.017E-09  2.610E-09  2.239E-09  1.908E-09  1.581E-09  1.302E-09  1.078E-09  8.500E-10  6.723E-10  5.255E-10  3.935E-10  2.862E-10  1.979E-10  1.243E-10  6.460E-11  2.366E-11  4.311E-12  2.231E-13  2.916E-15
  296.5000  9.521E-08  9.281E-08  9.044E-08  8.810E-08  8.578E-08  8.349E-08  8.121E-08  7.896E-08  7.673E-08  7.452E-08  7.232E-08  7.014E-08  6.798E-08  6.583E-08  6.369E-08  6.157E-08  5.946E-08  5.736E-08  5.527E-08  5.319E-08  5.113E-08  4.907E-08  4.701E-08  4.497E-08  4.294E-08  4.093E-08  3.893E-08  3.696E-08  3.502E-08  3.313E-08  3.073E-08  2.845E-08  2.647E-08  2.475E-08  2.326E-08  2.098E-08  1.946E-08  1.746E-08  1.614E-08  1.428E-08  1.261E-08  1.109E-08  9.680E-09  8.381E-09  7.194E-09  6.135E-09  5.090E-09  4.193E-09  3.477E-09  2.746E-09  2.177E-09  1.706E-09  1.284E-09  9.424E-10  6.618E-10  4.279E-10  2.351E-10  9.566E-11  2.119E-11  1.567E-12  3.480E-14
  297.5000  3.195E-07  3.112E-07  3.030E-07  2.949E-07  2.869E-07  2.789E-07  2.711E-07  2.634E-07  2.557E-07  2.481E-07  2.406E-07  2.332E-07  2.258E-07  2.185E-07  2.113E-07  2.041E-07  1.969E-07  1.898E-07  1.828E-07  1.758E-07  1.688E-07  1.619E-07  1.551E-07  1.482E-07  1.414E-07  1.347E-07  1.281E-07  1.215E-07  1.151E-07  1.088E-07  1.009E-07  9.337E-08  8.684E-08  8.119E-08  7.629E-08  6.880E-08  6.381E-08  5.728E-08  5.294E-08  4.685E-08  4.141E-08  3.643E-08  3.182E-08  2.757E-08  2.369E-08  2.021E-08  1.679E-08  1.384E-08  1.149E-08  9.087E-09  7.218E-09  5.671E-09  4.287E-09  3.169E-09  2.254E-09  1.493E-09  8.599E-10  3.823E-10  1.001E-10  1.009E-11  3.549E-13
  298.5000  6.191E-07  6.025E-07  5.860E-07  5.698E-07  5.538E-07  5.381E-07  5.225E-07  5.071E-07  4.919E-07  4.770E-07  4.621E-07  4.474E-07  4.329E-07  4.186E-07  4.043E-07  3.903E-07  3.763E-07  3.624E-07  3.487E-07  3.351E-07  3.216E-07  3.082E-07  2.949E-07  2.817E-07  2.686E-07  2.557E-07  2.429E-07  2.303E-07  2.180E-07  2.060E-07  1.910E-07  1.766E-07  1.642E-07  1.535E-07  1.441E-07  1.300E-07  1.205E-07  1.082E-07  1.000E-07  8.854E-08  7.823E-08  6.891E-08  6.023E-08  5.221E-08  4.489E-08  3.834E-08  3.187E-08  2.630E-08  2.185E-08  1.731E-08  1.377E-08  1.084E-08  8.226E-09  6.116E-09  4.397E-09  2.971E-09  1.781E-09  8.541E-10  2.583E-10  3.395E-11  1.774E-12
  299.5000  2.212E-06  2.150E-06  2.089E-06  2.029E-06  1.970E-06  1.912E-06  1.855E-06  1.798E-06  1.742E-06  1.687E-06  1.633E-06  1.580E-06  1.527E-06  1.475E-06  1.423E-06  1.372E-06  1.322E-06  1.272E-06  1.222E-06  1.174E-06  1.125E-06  1.077E-06  1.030E-06  9.831E-07  9.367E-07  8.908E-07  8.457E-07  8.012E-07  7.577E-07  7.155E-07  6.629E-07  6.127E-07  5.693E-07  5.318E-07  4.993E-07  4.501E-07  4.173E-07  3.746E-07  3.462E-07  3.066E-07  2.710E-07  2.388E-07  2.088E-07  1.812E-07  1.559E-07  1.332E-07  1.108E-07  9.155E-08  7.613E-08  6.038E-08  4.813E-08  3.795E-08  2.890E-08  2.160E-08  1.567E-08  1.077E-08  6.685E-09  3.427E-09  1.179E-09  1.969E-10  1.477E-11
  300.5000  3.024E-06  2.936E-06  2.850E-06  2.765E-06  2.682E-06  2.600E-06  2.519E-06  2.440E-06  2.361E-06  2.285E-06  2.209E-06  2.134E-06  2.061E-06  1.988E-06  1.917E-06  1.846E-06  1.777E-06  1.708E-06  1.640E-06  1.573E-06  1.507E-06  1.442E-06  1.377E-06  1.313E-06  1.250E-06  1.188E-06  1.127E-06  1.066E-06  1.008E-06  9.509E-07  8.804E-07  8.132E-07  7.551E-07  7.050E-07  6.615E-07  5.962E-07  5.525E-07  4.959E-07  4.582E-07  4.058E-07  3.587E-07  3.163E-07  2.767E-07  2.402E-07  2.068E-07  1.768E-07  1.473E-07  1.218E-07  1.013E-07  8.047E-08  6.423E-08  5.072E-08  3.872E-08  2.906E-08  2.124E-08  1.480E-08  9.443E-09  5.107E-09  1.949E-09  3.956E-10  3.971E-11
  301.5000  9.215E-06  8.934E-06  8.658E-06  8.389E-06  8.124E-06  7.863E-06  7.608E-06  7.358E-06  7.112E-06  6.871E-06  6.634E-06  6.400E-06  6.171E-06  5.945E-06  5.723E-06  5.506E-06  5.291E-06  5.079E-06  4.870E-06  4.665E-06  4.463E-06  4.264E-06  4.067E-06  3.874E-06  3.683E-06  3.495E-06  3.312E-06  3.131E-06  2.956E-06  2.786E-06  2.577E-06  2.378E-06  2.206E-06  2.058E-06  1.930E-06  1.738E-06  1.610E-06  1.445E-06  1.334E-06  1.182E-06  1.045E-06  9.213E-07  8.064E-07  7.003E-07  6.033E-07  5.164E-07  4.306E-07  3.563E-07  2.968E-07  2.360E-07  1.887E-07  1.493E-07  1.143E-07  8.612E-08  6.339E-08  4.479E-08  2.937E-08  1.676E-08  7.117E-09  1.767E-09  2.408E-10
  302.5000  1.543E-05  1.494E-05  1.447E-05  1.400E-05  1.354E-05  1.309E-05  1.265E-05  1.222E-05  1.180E-05  1.139E-05  1.098E-05  1.058E-05  1.019E-05  9.807E-06  9.430E-06  9.061E-06  8.697E-06  8.339E-06  7.988E-06  7.642E-06  7.303E-06  6.969E-06  6.641E-06  6.318E-06  6.001E-06  5.689E-06  5.385E-06  5.087E-06  4.796E-06  4.557E-06  4.175E-06  3.850E-06  3.569E-06  3.326E-06  3.117E-06  2.806E-06  2.597E-06  2.330E-06  2.151E-06  1.904E-06  1.685E-06  1.485E-06  1.300E-06  1.130E-06  9.736E-07  8.338E-07  6.960E-07  5.762E-07  4.803E-07  3.825E-07  3.061E-07  2.424E-07  1.860E-07  1.405E-07  1.039E-07  7.411E-08  4.949E-08  2.929E-08  1.337E-08  3.805E-09  6.380E-10
  303.5000  3.823E-05  3.695E-05  3.571E-05  3.449E-05  3.331E-05  3.215E-05  3.102E-05  2.991E-05  2.883E-05  2.777E-05  2.674E-05  2.572E-05  2.473E-05  2.376E-05  2.280E-05  2.187E-05  2.096E-05  2.006E-05  1.918E-05  1.832E-05  1.748E-05  1.666E-05  1.584E-05  1.505E-05  1.427E-05  1.351E-05  1.277E-05  1.204E-05  1.134E-05  1.067E-05  9.845E-06  9.066E-06  8.394E-06  7.815E-06  7.314E-06  6.578E-06  6.084E-06  5.453E-06  5.031E-06  4.453E-06  3.940E-06  3.473E-06  3.041E-06  2.643E-06  2.279E-06  1.953E-06  1.632E-06  1.353E-06  1.128E-06  9.000E-07  7.215E-07  5.721E-07  4.399E-07  3.335E-07  2.480E-07  1.786E-07  1.217E-07  7.496E-08  3.709E-08  1.233E-08  2.621E-09
  304.5000  5.256E-05  5.074E-05  4.897E-05  4.725E-05  4.557E-05  4.393E-05  4.234E-05  4.078E-05  3.925E-05  3.777E-05  3.632E-05  3.490E-05  3.351E-05  3.216E-05  3.083E-05  2.954E-05  2.827E-05  2.703E-05  2.581E-05  2.463E-05  2.347E-05  2.233E-05  2.122E-05  2.013E-05  1.907E-05  1.803E-05  1.702E-05  1.604E-05  1.509E-05  1.417E-05  1.307E-05  1.203E-05  1.112E-05  1.035E-05  9.676E-06  8.697E-06  8.037E-06  7.201E-06  6.639E-06  5.875E-06  5.196E-06  4.580E-06  4.011E-06  3.487E-06  3.008E-06  2.579E-06  2.157E-06  1.788E-06  1.493E-06  1.192E-06  9.565E-07  7.591E-07  5.846E-07  4.442E-07  3.313E-07  2.400E-07  1.654E-07  1.044E-07  5.425E-08  1.979E-08  4.848E-09
  305.5000  1.007E-04  9.691E-05  9.329E-05  8.979E-05  8.639E-05  8.308E-05  7.987E-05  7.675E-05  7.372E-05  7.077E-05  6.790E-05  6.510E-05  6.237E-05  5.971E-05  5.712E-05  5.460E-05  5.214E-05  4.974E-05  4.740E-05  4.512E-05  4.290E-05  4.073E-05  3.869E-05  3.656E-05  3.455E-05  3.260E-05  3.071E-05  2.888E-05  2.711E-05  2.542E-05  2.340E-05  2.150E-05  1.985E-05  1.843E-05  1.721E-05  1.545E-05  1.426E-05  1.276E-05  1.175E-05  1.039E-05  9.185E-06  8.093E-06  7.087E-06  6.162E-06  5.318E-06  4.562E-06  3.819E-06  3.171E-06  2.649E-06  2.119E-06  1.703E-06  1.353E-06  1.044E-06  7.959E-07  5.962E-07  4.352E-07  3.048E-07  1.985E-07  1.101E-07  4.555E-08  1.357E-08
  306.5000  1.247E-04  1.199E-04  1.153E-04  1.108E-04  1.064E-04  1.022E-04  9.816E-05  9.422E-05  9.038E-05  8.667E-05  8.306E-05  7.954E-05  7.612E-05  7.280E-05  6.956E-05  6.642E-05  6.336E-05  6.037E-05  5.747E-05  5.464E-05  5.190E-05  4.922E-05  4.662E-05  4.407E-05  4.161E-05  3.922E-05  3.690E-05  3.466E-05  3.251E-05  3.045E-05  2.801E-05  2.570E-05  2.371E-05  2.200E-05  2.052E-05  1.841E-05  1.697E-05  1.518E-05  1.397E-05  1.235E-05  1.091E-05  9.614E-06  8.418E-06  7.319E-06  6.318E-06  5.421E-06  4.541E-06  3.772E-06  3.153E-06  2.524E-06  2.030E-06  1.615E-06  1.248E-06  9.520E-07  7.147E-07  5.236E-07  3.693E-07  2.441E-07  1.395E-07  6.120E-08  1.993E-08
  307.5000  2.600E-04  2.490E-04  2.385E-04  2.284E-04  2.187E-04  2.093E-04  2.003E-04  1.916E-04  1.833E-04  1.752E-04  1.674E-04  1.598E-04  1.525E-04  1.454E-04  1.386E-04  1.319E-04  1.255E-04  1.193E-04  1.132E-04  1.073E-04  1.017E-04  9.615E-05  9.081E-05  8.563E-05  8.061E-05  7.577E-05  7.114E-05  6.661E-05  6.230E-05  5.821E-05  5.342E-05  4.890E-05  4.501E-05  4.166E-05  3.878E-05  3.472E-05  3.196E-05  2.854E-05  2.623E-05  2.315E-05  2.044E-05  1.801E-05  1.575E-05  1.369E-05  1.182E-05  1.014E-05  8.506E-06  7.072E-06  5.917E-06  4.745E-06  3.823E-06  3.045E-06  2.357E-06  1.804E-06  1.359E-06  1.001E-06  7.143E-07  4.833E-07  2.901E-07  1.403E-07  5.328E-08
  308.5000  3.400E-04  3.251E-04  3.108E-04  2.972E-04  2.841E-04  2.715E-04  2.594E-04  2.478E-04  2.366E-04  2.259E-04  2.155E-04  2.055E-04  1.958E-04  1.865E-04  1.775E-04  1.688E-04  1.603E-04  1.522E-04  1.443E-04  1.366E-04  1.292E-04  1.221E-04  1.152E-04  1.085E-04  1.020E-04  9.574E-05  8.973E-05  8.396E-05  7.844E-05  7.320E-05  6.710E-05  6.135E-05  5.640E-05  5.215E-05  4.850E-05  4.338E-05  3.989E-05  3.560E-05  3.268E-05  2.884E-05  2.545E-05  2.239E-05  1.959E-05  1.703E-05  1.470E-05  1.262E-05  1.059E-05  8.805E-06  7.370E-06  5.915E-06  4.770E-06  3.801E-06  2.946E-06  2.257E-06  1.703E-06  1.258E-06  9.023E-07  6.167E-07  3.784E-07  1.908E-07  7.734E-08
  309.5000  4.045E-04  3.854E-04  3.672E-04  3.498E-04  3.332E-04  3.173E-04  3.022E-04  2.876E-04  2.737E-04  2.605E-04  2.477E-04  2.355E-04  2.237E-04  2.124E-04  2.016E-04  1.912E-04  1.811E-04  1.714E-04  1.621E-04  1.531E-04  1.444E-04  1.360E-04  1.280E-04  1.202E-04  1.127E-04  1.056E-04  9.866E-05  9.208E-05  8.580E-05  7.986E-05  7.302E-05  6.662E-05  6.110E-05  5.636E-05  5.229E-05  4.668E-05  4.284E-05  3.817E-05  3.498E-05  3.082E-05  2.716E-05  2.392E-05  2.087E-05  1.814E-05  1.565E-05  1.344E-05  1.128E-05  9.389E-06  7.864E-06  6.321E-06  5.105E-06  4.072E-06  3.162E-06  2.427E-06  1.836E-06  1.362E-06  9.837E-07  6.822E-07  4.317E-07  2.316E-07  1.037E-07
  310.5000  7.024E-04  6.675E-04  6.342E-04  6.026E-04  5.724E-04  5.436E-04  5.161E-04  4.899E-04  4.650E-04  4.412E-04  4.184E-04  3.967E-04  3.758E-04  3.559E-04  3.369E-04  3.187E-04  3.011E-04  2.843E-04  2.682E-04  2.527E-04  2.379E-04  2.236E-04  2.098E-04  1.967E-04  1.840E-04  1.719E-04  1.606E-04  1.493E-04  1.388E-04  1.289E-04  1.174E-04  1.071E-04  9.798E-05  9.018E-05  8.350E-05  7.440E-05  6.815E-05  6.061E-05  5.546E-05  4.880E-05  4.296E-05  3.772E-05  3.295E-05  2.861E-05  2.468E-05  2.118E-05  1.779E-05  1.482E-05  1.242E-05  9.994E-06  8.082E-06  6.453E-06  5.019E-06  3.858E-06  2.925E-06  2.176E-06  1.580E-06  1.108E-06  7.172E-07  4.025E-07  1.938E-07
  311.5000  1.074E-03  1.019E-03  9.666E-04  9.167E-04  8.691E-04  8.238E-04  7.806E-04  7.394E-04  7.003E-04  6.631E-04  6.275E-04  5.936E-04  5.613E-04  5.305E-04  5.011E-04  4.730E-04  4.461E-04  4.204E-04  3.958E-04  3.723E-04  3.498E-04  3.282E-04  3.075E-04  2.877E-04  2.687E-04  2.506E-04  2.333E-04  2.168E-04  2.012E-04  1.866E-04  1.700E-04  1.545E-04  1.411E-04  1.297E-04  1.199E-04  1.067E-04  9.755E-05  8.664E-05  7.917E-05  6.958E-05  6.119E-05  5.367E-05  4.687E-05  4.067E-05  3.507E-05  3.010E-05  2.529E-05  2.106E-05  1.766E-05  1.422E-05  1.151E-05  9.199E-06  7.162E-06  5.513E-06  4.186E-06  3.120E-06  2.274E-06  1.604E-06  1.054E-06  6.089E-07  3.072E-07
  312.5000  1.489E-03  1.410E-03  1.334E-03  1.262E-03  1.193E-03  1.127E-03  1.065E-03  1.005E-03  9.484E-04  8.946E-04  8.433E-04  7.945E-04  7.481E-04  7.040E-04  6.621E-04  6.224E-04  5.845E-04  5.485E-04  5.142E-04  4.816E-04  4.507E-04  4.211E-04  3.930E-04  3.662E-04  3.407E-04  3.165E-04  2.936E-04  2.718E-04  2.512E-04  2.320E-04  2.106E-04  1.907E-04  1.735E-04  1.589E-04  1.463E-04  1.297E-04  1.182E-04  1.047E-04  9.534E-05  8.356E-05  7.331E-05  6.418E-05  5.592E-05  4.846E-05  4.174E-05  3.579E-05  3.008E-05  2.506E-05  2.102E-05  1.695E-05  1.375E-05  1.100E-05  8.583E-06  6.622E-06  5.041E-06  3.771E-06  2.764E-06  1.972E-06  1.327E-06  8.031E-07  4.382E-07
  313.5000  1.844E-03  1.745E-03  1.651E-03  1.561E-03  1.475E-03  1.393E-03  1.315E-03  1.240E-03  1.169E-03  1.102E-03  1.038E-03  9.771E-04  9.192E-04  8.642E-04  8.120E-04  7.626E-04  7.154E-04  6.707E-04  6.282E-04  5.878E-04  5.495E-04  5.130E-04  4.782E-04  4.452E-04  4.139E-04  3.841E-04  3.559E-04  3.292E-04  3.041E-04  2.805E-04  2.544E-04  2.301E-04  2.093E-04  1.914E-04  1.761E-04  1.560E-04  1.420E-04  1.256E-04  1.143E-04  1.001E-04  8.779E-05  7.681E-05  6.688E-05  5.793E-05  4.988E-05  4.276E-05  3.593E-05  2.994E-05  2.511E-05  2.027E-05  1.644E-05  1.316E-05  1.028E-05  7.939E-06  6.049E-06  4.531E-06  3.327E-06  2.381E-06  1.614E-06  9.911E-07  5.533E-07
  314.5000  2.618E-03  2.478E-03  2.344E-03  2.215E-03  2.091E-03  1.972E-03  1.859E-03  1.751E-03  1.647E-03  1.549E-03  1.455E-03  1.365E-03  1.280E-03  1.199E-03  1.122E-03  1.050E-03  9.809E-04  9.155E-04  8.537E-04  7.951E-04  7.399E-04  6.875E-04  6.380E-04  5.912E-04  5.470E-04  5.053E-04  4.661E-04  4.291E-04  3.945E-04  3.623E-04  3.271E-04  2.946E-04  2.667E-04  2.428E-04  2.224E-04  1.961E-04  1.778E-04  1.567E-04  1.420E-04  1.239E-04  1.082E-04  9.439E-05  8.197E-05  7.083E-05  6.087E-05  5.210E-05  4.376E-05  3.645E-05  3.057E-05  2.471E-05  2.008E-05  1.609E-05  1.260E-05  9.754E-06  7.453E-06  5.602E-06  4.134E-06  2.984E-06  2.060E-06  1.311E-06  7.779E-07
  315.5000  2.872E-03  2.719E-03  2.571E-03  2.430E-03  2.295E-03  2.165E-03  2.040E-03  1.921E-03  1.807E-03  1.699E-03  1.595E-03  1.497E-03  1.403E-03  1.314E-03  1.230E-03  1.150E-03  1.074E-03  1.002E-03  9.335E-04  8.690E-04  8.082E-04  7.506E-04  6.961E-04  6.447E-04  5.961E-04  5.504E-04  5.074E-04  4.669E-04  4.290E-04  3.938E-04  3.553E-04  3.198E-04  2.893E-04  2.632E-04  2.409E-04  2.123E-04  1.924E-04  1.694E-04  1.534E-04  1.338E-04  1.168E-04  1.018E-04  8.834E-05  7.630E-05  6.554E-05  5.608E-05  4.710E-05  3.923E-05  3.290E-05  2.660E-05  2.163E-05  1.734E-05  1.359E-05  1.053E-05  8.050E-06  6.056E-06  4.475E-06  3.238E-06  2.248E-06  1.443E-06  8.694E-07
  316.5000  3.881E-03  3.680E-03  3.486E-03  3.300E-03  3.119E-03  2.945E-03  2.778E-03  2.617E-03  2.462E-03  2.314E-03  2.173E-03  2.037E-03  1.907E-03  1.784E-03  1.666E-03  1.555E-03  1.449E-03  1.348E-03  1.252E-03  1.162E-03  1.077E-03  9.965E-04  9.206E-04  8.491E-04  7.819E-04  7.188E-04  6.597E-04  6.044E-04  5.528E-04  5.051E-04  4.538E-04  4.066E-04  3.661E-04  3.315E-04  3.021E-04  2.650E-04  2.390E-04  2.095E-04  1.889E-04  1.640E-04  1.426E-04  1.239E-04  1.071E-04  9.223E-05  7.902E-05  6.746E-05  5.658E-05  4.708E-05  3.946E-05  3.193E-05  2.599E-05  2.087E-05  1.638E-05  1.273E-05  9.760E-06  7.366E-06  5.467E-06  3.981E-06  2.802E-06  1.845E-06  1.161E-06
  317.5000  5.486E-03  5.203E-03  4.929E-03  4.665E-03  4.409E-03  4.163E-03  3.926E-03  3.699E-03  3.480E-03  3.272E-03  3.071E-03  2.879E-03  2.696E-03  2.522E-03  2.356E-03  2.198E-03  2.048E-03  1.906E-03  1.771E-03  1.643E-03  1.523E-03  1.410E-03  1.302E-03  1.201E-03  1.107E-03  1.017E-03  9.340E-04  8.558E-04  7.830E-04  7.156E-04  6.430E-04  5.762E-04  5.189E-04  4.700E-04  4.284E-04  3.759E-04  3.391E-04  2.972E-04  2.681E-04  2.327E-04  2.024E-04  1.758E-04  1.520E-04  1.309E-04  1.121E-04  9.574E-05  8.031E-05  6.682E-05  5.601E-05  4.534E-05  3.691E-05  2.963E-05  2.327E-05  1.808E-05  1.387E-05  1.047E-05  7.775E-06  5.668E-06  3.995E-06  2.638E-06  1.667E-06
  318.5000  5.833E-03  5.547E-03  5.270E-03  5.002E-03  4.740E-03  4.487E-03  4.241E-03  4.004E-03  3.775E-03  3.554E-03  3.342E-03  3.137E-03  2.940E-03  2.751E-03  2.571E-03  2.399E-03  2.234E-03  2.077E-03  1.928E-03  1.786E-03  1.652E-03  1.525E-03  1.406E-03  1.293E-03  1.186E-03  1.087E-03  9.938E-04  9.068E-04  8.260E-04  7.515E-04  6.721E-04  5.995E-04  5.372E-04  4.841E-04  4.391E-04  3.832E-04  3.439E-04  2.999E-04  2.691E-04  2.324E-04  2.011E-04  1.738E-04  1.497E-04  1.283E-04  1.095E-04  9.320E-05  7.801E-05  6.478E-05  5.422E-05  4.389E-05  3.576E-05  2.874E-05  2.262E-05  1.763E-05  1.356E-05  1.028E-05  7.664E-06  5.621E-06  4.011E-06  2.705E-06  1.773E-06
  319.5000  7.547E-03  7.183E-03  6.828E-03  6.485E-03  6.150E-03  5.825E-03  5.510E-03  5.205E-03  4.910E-03  4.626E-03  4.351E-03  4.087E-03  3.832E-03  3.588E-03  3.354E-03  3.130E-03  2.916E-03  2.712E-03  2.517E-03  2.332E-03  2.158E-03  1.992E-03  1.835E-03  1.687E-03  1.548E-03  1.418E-03  1.296E-03  1.182E-03  1.076E-03  9.785E-04  8.746E-04  7.795E-04  6.980E-04  6.287E-04  5.698E-04  4.968E-04  4.455E-04  3.881E-04  3.480E-04  3.003E-04  2.596E-04  2.241E-04  1.928E-04  1.651E-04  1.408E-04  1.197E-04  1.002E-04  8.313E-05  6.956E-05  5.631E-05  4.589E-05  3.689E-05  2.905E-05  2.266E-05  1.745E-05  1.324E-05  9.884E-06  7.261E-06  5.199E-06  3.525E-06  2.333E-06
  320.5000  9.866E-03  9.399E-03  8.943E-03  8.500E-03  8.068E-03  7.648E-03  7.240E-03  6.845E-03  6.462E-03  6.092E-03  5.734E-03  5.389E-03  5.056E-03  4.736E-03  4.429E-03  4.135E-03  3.853E-03  3.584E-03  3.328E-03  3.083E-03  2.852E-03  2.632E-03  2.424E-03  2.228E-03  2.044E-03  1.870E-03  1.708E-03  1.557E-03  1.416E-03  1.286E-03  1.148E-03  1.022E-03  9.143E-04  8.224E-04  7.444E-04  6.483E-04  5.805E-04  5.050E-04  4.521E-04  3.895E-04  3.362E-04  2.899E-04  2.490E-04  2.130E-04  1.815E-04  1.541E-04  1.288E-04  1.068E-04  8.933E-05  7.230E-05  5.892E-05  4.737E-05  3.734E-05  2.914E-05  2.246E-05  1.706E-05  1.275E-05  9.385E-06  6.741E-06  4.593E-06  3.065E-06
  321.5000  1.129E-02  1.080E-02  1.032E-02  9.856E-03  9.397E-03  8.948E-03  8.510E-03  8.081E-03  7.663E-03  7.257E-03  6.860E-03  6.475E-03  6.100E-03  5.737E-03  5.386E-03  5.048E-03  4.720E-03  4.405E-03  4.101E-03  3.810E-03  3.532E-03  3.266E-03  3.013E-03  2.772E-03  2.543E-03  2.327E-03  2.125E-03  1.935E-03  1.757E-03  1.593E-03  1.418E-03  1.259E-03  1.122E-03  1.005E-03  9.063E-04  7.855E-04  7.000E-04  6.056E-04  5.394E-04  4.619E-04  3.963E-04  3.395E-04  2.899E-04  2.465E-04  2.087E-04  1.763E-04  1.467E-04  1.211E-04  1.009E-04  8.153E-05  6.642E-05  5.338E-05  4.215E-05  3.300E-05  2.554E-05  1.949E-05  1.465E-05  1.085E-05  7.887E-06  5.468E-06  3.757E-06
  322.5000  9.007E-03  8.587E-03  8.177E-03  7.778E-03  7.388E-03  7.009E-03  6.641E-03  6.283E-03  5.935E-03  5.600E-03  5.275E-03  4.960E-03  4.657E-03  4.365E-03  4.084E-03  3.815E-03  3.556E-03  3.309E-03  3.073E-03  2.848E-03  2.634E-03  2.431E-03  2.239E-03  2.058E-03  1.887E-03  1.726E-03  1.576E-03  1.435E-03  1.305E-03  1.185E-03  1.057E-03  9.400E-04  8.400E-04  7.549E-04  6.825E-04  5.939E-04  5.312E-04  4.616E-04  4.129E-04  3.553E-04  3.063E-04  2.638E-04  2.263E-04  1.934E-04  1.645E-04  1.396E-04  1.166E-04  9.659E-05  8.074E-05  6.533E-05  5.326E-05  4.282E-05  3.378E-05  2.638E-05  2.036E-05  1.548E-05  1.159E-05  8.551E-06  6.165E-06  4.225E-06  2.847E-06
  323.5000  1.342E-02  1.287E-02  1.232E-02  1.179E-02  1.127E-02  1.076E-02  1.025E-02  9.762E-03  9.279E-03  8.809E-03  8.349E-03  7.899E-03  7.461E-03  7.035E-03  6.621E-03  6.220E-03  5.830E-03  5.453E-03  5.090E-03  4.739E-03  4.403E-03  4.079E-03  3.769E-03  3.473E-03  3.192E-03  2.926E-03  2.673E-03  2.435E-03  2.213E-03  2.007E-03  1.786E-03  1.584E-03  1.411E-03  1.264E-03  1.138E-03  9.843E-04  8.759E-04  7.560E-04  6.720E-04  5.737E-04  4.907E-04  4.191E-04  3.566E-04  3.022E-04  2.551E-04  2.148E-04  1.782E-04  1.466E-04  1.219E-04  9.832E-05  8.004E-05  6.427E-05  5.078E-05  3.980E-05  3.087E-05  2.361E-05  1.780E-05  1.324E-05  9.678E-06  6.762E-06  4.705E-06
  324.5000  1.552E-02  1.488E-02  1.425E-02  1.363E-02  1.302E-02  1.243E-02  1.184E-02  1.127E-02  1.071E-02  1.017E-02  9.631E-03  9.110E-03  8.602E-03  8.108E-03  7.628E-03  7.164E-03  6.714E-03  6.278E-03  5.857E-03  5.452E-03  5.064E-03  4.691E-03  4.334E-03  3.993E-03  3.669E-03  3.360E-03  3.072E-03  2.799E-03  2.543E-03  2.307E-03  2.053E-03  1.821E-03  1.622E-03  1.453E-03  1.309E-03  1.133E-03  1.008E-03  8.708E-04  7.744E-04  6.615E-04  5.661E-04  4.838E-04  4.119E-04  3.492E-04  2.949E-04  2.484E-04  2.062E-04  1.698E-04  1.412E-04  1.139E-04  9.276E-05  7.450E-05  5.887E-05  4.614E-05  3.579E-05  2.737E-05  2.064E-05  1.535E-05  1.122E-05  7.842E-06  5.459E-06
  325.5000  1.656E-02  1.586E-02  1.518E-02  1.451E-02  1.385E-02  1.320E-02  1.257E-02  1.195E-02  1.134E-02  1.075E-02  1.018E-02  9.616E-03  9.070E-03  8.540E-03  8.026E-03  7.530E-03  7.048E-03  6.584E-03  6.136E-03  5.706E-03  5.294E-03  4.899E-03  4.522E-03  4.162E-03  3.821E-03  3.499E-03  3.195E-03  2.909E-03  2.642E-03  2.395E-03  2.131E-03  1.890E-03  1.684E-03  1.508E-03  1.359E-03  1.176E-03  1.047E-03  9.049E-04  8.051E-04  6.883E-04  5.895E-04  5.042E-04  4.298E-04  3.648E-04  3.083E-04  2.600E-04  2.160E-04  1.780E-04  1.482E-04  1.196E-04  9.741E-05  7.826E-05  6.184E-05  4.845E-05  3.756E-05  2.870E-05  2.162E-05  1.607E-05  1.173E-05  8.178E-06  5.673E-06
  326.5000  2.593E-02  2.496E-02  2.399E-02  2.304E-02  2.210E-02  2.118E-02  2.027E-02  1.937E-02  1.849E-02  1.763E-02  1.678E-02  1.594E-02  1.513E-02  1.433E-02  1.355E-02  1.278E-02  1.204E-02  1.131E-02  1.061E-02  9.925E-03  9.263E-03  8.622E-03  8.003E-03  7.408E-03  6.837E-03  6.291E-03  5.771E-03  5.277E-03  4.812E-03  4.378E-03  3.902E-03  3.466E-03  3.092E-03  2.773E-03  2.502E-03  2.162E-03  1.924E-03  1.658E-03  1.473E-03  1.254E-03  1.069E-03  9.100E-04  7.713E-04  6.507E-04  5.466E-04  4.580E-04  3.782E-04  3.096E-04  2.564E-04  2.059E-04  1.673E-04  1.340E-04  1.059E-04  8.310E-05  6.462E-05  4.962E-05  3.760E-05  2.813E-05  2.074E-05  1.464E-05  1.036E-05
  327.5000  2.221E-02  2.134E-02  2.048E-02  1.964E-02  1.881E-02  1.799E-02  1.718E-02  1.639E-02  1.562E-02  1.486E-02  1.411E-02  1.339E-02  1.267E-02  1.198E-02  1.130E-02  1.064E-02  9.999E-03  9.375E-03  8.771E-03  8.186E-03  7.623E-03  7.079E-03  6.557E-03  6.055E-03  5.576E-03  5.119E-03  4.688E-03  4.278E-03  3.894E-03  3.537E-03  3.150E-03  2.795E-03  2.491E-03  2.232E-03  2.011E-03  1.739E-03  1.547E-03  1.334E-03  1.185E-03  1.010E-03  8.624E-04  7.351E-04  6.241E-04  5.276E-04  4.441E-04  3.729E-04  3.086E-04  2.532E-04  2.101E-04  1.691E-04  1.376E-04  1.103E-04  8.719E-05  6.841E-05  5.316E-05  4.076E-05  3.084E-05  2.302E-05  1.693E-05  1.191E-05  8.387E-06
  328.5000  2.057E-02  1.976E-02  1.897E-02  1.819E-02  1.742E-02  1.666E-02  1.591E-02  1.518E-02  1.446E-02  1.376E-02  1.307E-02  1.240E-02  1.174E-02  1.109E-02  1.046E-02  9.852E-03  9.257E-03  8.679E-03  8.119E-03  7.577E-03  7.055E-03  6.550E-03  6.066E-03  5.601E-03  5.157E-03  4.734E-03  4.333E-03  3.954E-03  3.598E-03  3.266E-03  2.908E-03  2.579E-03  2.298E-03  2.058E-03  1.854E-03  1.602E-03  1.425E-03  1.228E-03  1.091E-03  9.293E-04  7.930E-04  6.756E-04  5.734E-04  4.845E-04  4.077E-04  3.423E-04  2.831E-04  2.323E-04  1.927E-04  1.550E-04  1.261E-04  1.011E-04  7.989E-05  6.269E-05  4.871E-05  3.735E-05  2.826E-05  2.110E-05  1.552E-05  1.092E-05  7.689E-06
  329.5000  3.238E-02  3.123E-02  3.009E-02  2.897E-02  2.785E-02  2.675E-02  2.567E-02  2.459E-02  2.354E-02  2.250E-02  2.148E-02  2.047E-02  1.948E-02  1.850E-02  1.755E-02  1.662E-02  1.570E-02  1.480E-02  1.393E-02  1.307E-02  1.225E-02  1.144E-02  1.066E-02  9.899E-03  9.168E-03  8.458E-03  7.794E-03  7.151E-03  6.543E-03  5.972E-03  5.336E-03  4.749E-03  4.247E-03  3.820E-03  3.455E-03  2.988E-03  2.665E-03  2.297E-03  2.044E-03  1.739E-03  1.481E-03  1.259E-03  1.065E-03  8.966E-04  7.512E-04  6.278E-04  5.168E-04  4.214E-04  3.481E-04  2.786E-04  2.261E-04  1.807E-04  1.426E-04  1.119E-04  8.713E-05  6.705E-05  5.097E-05  3.828E-05  2.839E-05  2.016E-05  1.439E-05
  330.5000  2.716E-02  2.615E-02  2.516E-02  2.417E-02  2.320E-02  2.225E-02  2.130E-02  2.037E-02  1.946E-02  1.856E-02  1.768E-02  1.681E-02  1.596E-02  1.513E-02  1.432E-02  1.352E-02  1.274E-02  1.199E-02  1.125E-02  1.053E-02  9.837E-03  9.163E-03  8.512E-03  7.885E-03  7.282E-03  6.704E-03  6.156E-03  5.633E-03  5.140E-03  4.679E-03  4.172E-03  3.706E-03  3.308E-03  2.968E-03  2.679E-03  2.315E-03  2.061E-03  1.776E-03  1.578E-03  1.343E-03  1.144E-03  9.732E-04  8.243E-04  6.949E-04  5.831E-04  4.882E-04  4.027E-04  3.292E-04  2.724E-04  2.185E-04  1.775E-04  1.421E-04  1.122E-04  8.810E-05  6.855E-05  5.269E-05  3.998E-05  2.996E-05  2.215E-05  1.568E-05  1.114E-05
  331.5000  2.642E-02  2.542E-02  2.445E-02  2.348E-02  2.253E-02  2.159E-02  2.067E-02  1.976E-02  1.887E-02  1.799E-02  1.713E-02  1.628E-02  1.545E-02  1.464E-02  1.384E-02  1.307E-02  1.231E-02  1.157E-02  1.085E-02  1.015E-02  9.476E-03  8.822E-03  8.190E-03  7.582E-03  6.998E-03  6.439E-03  5.908E-03  5.402E-03  4.926E-03  4.481E-03  3.994E-03  3.546E-03  3.163E-03  2.837E-03  2.559E-03  2.211E-03  1.967E-03  1.694E-03  1.505E-03  1.281E-03  1.091E-03  9.280E-04  7.861E-04  6.627E-04  5.562E-04  4.657E-04  3.842E-04  3.142E-04  2.600E-04  2.087E-04  1.695E-04  1.357E-04  1.072E-04  8.414E-05  6.547E-05  5.030E-05  3.816E-05  2.858E-05  2.112E-05  1.494E-05  1.060E-05
  332.5000  2.998E-02  2.893E-02  2.790E-02  2.688E-02  2.587E-02  2.488E-02  2.389E-02  2.292E-02  2.196E-02  2.101E-02  2.008E-02  1.916E-02  1.825E-02  1.736E-02  1.649E-02  1.563E-02  1.479E-02  1.397E-02  1.316E-02  1.237E-02  1.160E-02  1.086E-02  1.013E-02  9.423E-03  8.741E-03  8.085E-03  7.454E-03  6.850E-03  6.277E-03  5.738E-03  5.133E-03  4.573E-03  4.095E-03  3.688E-03  3.340E-03  2.891E-03  2.581E-03  2.225E-03  1.982E-03  1.686E-03  1.436E-03  1.220E-03  1.032E-03  8.677E-04  7.263E-04  6.063E-04  4.985E-04  4.058E-04  3.347E-04  2.675E-04  2.168E-04  1.730E-04  1.365E-04  1.071E-04  8.342E-05  6.425E-05  4.891E-05  3.681E-05  2.736E-05  1.948E-05  1.396E-05
  333.5000  2.652E-02  2.556E-02  2.462E-02  2.369E-02  2.277E-02  2.186E-02  2.096E-02  2.008E-02  1.921E-02  1.835E-02  1.751E-02  1.668E-02  1.586E-02  1.506E-02  1.427E-02  1.351E-02  1.275E-02  1.202E-02  1.130E-02  1.060E-02  9.919E-03  9.258E-03  8.618E-03  7.999E-03  7.402E-03  6.829E-03  6.282E-03  5.759E-03  5.264E-03  4.801E-03  4.286E-03  3.812E-03  3.406E-03  3.061E-03  2.766E-03  2.391E-03  2.131E-03  1.836E-03  1.632E-03  1.388E-03  1.182E-03  1.004E-03  8.496E-04  7.151E-04  5.991E-04  5.007E-04  4.122E-04  3.361E-04  2.776E-04  2.222E-04  1.803E-04  1.441E-04  1.137E-04  8.926E-05  6.950E-05  5.349E-05  4.066E-05  3.054E-05  2.265E-05  1.609E-05  1.149E-05
  334.5000  3.059E-02  2.951E-02  2.844E-02  2.738E-02  2.634E-02  2.530E-02  2.428E-02  2.328E-02  2.228E-02  2.131E-02  2.034E-02  1.940E-02  1.846E-02  1.755E-02  1.665E-02  1.577E-02  1.490E-02  1.405E-02  1.323E-02  1.242E-02  1.164E-02  1.087E-02  1.013E-02  9.416E-03  8.723E-03  8.055E-03  7.419E-03  6.809E-03  6.231E-03  5.688E-03  5.082E-03  4.523E-03  4.045E-03  3.638E-03  3.291E-03  2.845E-03  2.537E-03  2.186E-03  1.945E-03  1.654E-03  1.408E-03  1.196E-03  1.011E-03  8.505E-04  7.119E-04  5.944E-04  4.888E-04  3.981E-04  3.285E-04  2.627E-04  2.130E-04  1.700E-04  1.341E-04  1.053E-04  8.198E-05  6.312E-05  4.803E-05  3.612E-05  2.683E-05  1.908E-05  1.365E-05
  335.5000  3.321E-02  3.208E-02  3.096E-02  2.986E-02  2.876E-02  2.768E-02  2.661E-02  2.555E-02  2.450E-02  2.347E-02  2.245E-02  2.145E-02  2.046E-02  1.948E-02  1.852E-02  1.758E-02  1.666E-02  1.575E-02  1.486E-02  1.399E-02  1.314E-02  1.231E-02  1.150E-02  1.072E-02  9.957E-03  9.222E-03  8.517E-03  7.840E-03  7.195E-03  6.588E-03  5.899E-03  5.262E-03  4.718E-03  4.254E-03  3.860E-03  3.342E-03  2.987E-03  2.577E-03  2.297E-03  1.955E-03  1.665E-03  1.414E-03  1.195E-03  1.005E-03  8.401E-04  7.007E-04  5.753E-04  4.674E-04  3.852E-04  3.072E-04  2.489E-04  1.983E-04  1.562E-04  1.226E-04  9.549E-05  7.361E-05  5.610E-05  4.229E-05  3.151E-05  2.248E-05  1.616E-05
  336.5000  2.547E-02  2.459E-02  2.372E-02  2.287E-02  2.202E-02  2.118E-02  2.035E-02  1.953E-02  1.872E-02  1.792E-02  1.713E-02  1.636E-02  1.559E-02  1.484E-02  1.410E-02  1.337E-02  1.266E-02  1.196E-02  1.128E-02  1.061E-02  9.957E-03  9.320E-03  8.701E-03  8.100E-03  7.519E-03  6.957E-03  6.419E-03  5.903E-03  5.412E-03  4.950E-03  4.430E-03  3.948E-03  3.536E-03  3.186E-03  2.887E-03  2.498E-03  2.231E-03  1.924E-03  1.714E-03  1.458E-03  1.241E-03  1.054E-03  8.905E-04  7.485E-04  6.260E-04  5.221E-04  4.288E-04  3.486E-04  2.873E-04  2.293E-04  1.857E-04  1.481E-04  1.167E-04  9.154E-05  7.132E-05  5.496E-05  4.187E-05  3.155E-05  2.349E-05  1.675E-05  1.203E-05
  337.5000  2.667E-02  2.573E-02  2.479E-02  2.387E-02  2.296E-02  2.206E-02  2.117E-02  2.029E-02  1.943E-02  1.857E-02  1.773E-02  1.691E-02  1.609E-02  1.529E-02  1.451E-02  1.374E-02  1.299E-02  1.225E-02  1.153E-02  1.082E-02  1.014E-02  9.473E-03  8.826E-03  8.201E-03  7.596E-03  7.015E-03  6.459E-03  5.927E-03  5.422E-03  4.949E-03  4.421E-03  3.934E-03  3.517E-03  3.162E-03  2.860E-03  2.472E-03  2.204E-03  1.898E-03  1.688E-03  1.435E-03  1.221E-03  1.037E-03  8.765E-04  7.370E-04  6.167E-04  5.147E-04  4.231E-04  3.444E-04  2.841E-04  2.270E-04  1.841E-04  1.469E-04  1.158E-04  9.091E-05  7.081E-05  5.453E-05  4.150E-05  3.122E-05  2.321E-05  1.652E-05  1.183E-05
  338.5000  3.026E-02  2.923E-02  2.822E-02  2.721E-02  2.622E-02  2.523E-02  2.426E-02  2.329E-02  2.234E-02  2.140E-02  2.047E-02  1.956E-02  1.866E-02  1.777E-02  1.690E-02  1.604E-02  1.520E-02  1.437E-02  1.356E-02  1.277E-02  1.199E-02  1.124E-02  1.050E-02  9.785E-03  9.091E-03  8.421E-03  7.777E-03  7.158E-03  6.570E-03  6.015E-03  5.386E-03  4.804E-03  4.306E-03  3.883E-03  3.522E-03  3.049E-03  2.725E-03  2.350E-03  2.095E-03  1.782E-03  1.517E-03  1.288E-03  1.088E-03  9.141E-04  7.640E-04  6.368E-04  5.226E-04  4.243E-04  3.494E-04  2.785E-04  2.255E-04  1.796E-04  1.414E-04  1.109E-04  8.641E-05  6.662E-05  5.079E-05  3.831E-05  2.857E-05  2.040E-05  1.467E-05
  339.5000  3.324E-02  3.212E-02  3.101E-02  2.991E-02  2.882E-02  2.774E-02  2.668E-02  2.562E-02  2.458E-02  2.356E-02  2.254E-02  2.154E-02  2.056E-02  1.958E-02  1.863E-02  1.769E-02  1.676E-02  1.586E-02  1.497E-02  1.410E-02  1.325E-02  1.242E-02  1.161E-02  1.082E-02  1.006E-02  9.320E-03  8.611E-03  7.929E-03  7.280E-03  6.667E-03  5.972E-03  5.328E-03  4.778E-03  4.309E-03  3.910E-03  3.385E-03  3.027E-03  2.611E-03  2.328E-03  1.980E-03  1.685E-03  1.431E-03  1.209E-03  1.015E-03  8.482E-04  7.067E-04  5.796E-04  4.704E-04  3.872E-04  3.084E-04  2.497E-04  1.987E-04  1.564E-04  1.227E-04  9.558E-05  7.369E-05  5.620E-05  4.241E-05  3.164E-05  2.260E-05  1.628E-05
  340.5000  3.464E-02  3.345E-02  3.228E-02  3.112E-02  2.997E-02  2.883E-02  2.770E-02  2.659E-02  2.549E-02  2.441E-02  2.334E-02  2.229E-02  2.125E-02  2.023E-02  1.922E-02  1.824E-02  1.727E-02  1.632E-02  1.539E-02  1.448E-02  1.359E-02  1.272E-02  1.188E-02  1.106E-02  1.027E-02  9.503E-03  8.770E-03  8.065E-03  7.395E-03  6.764E-03  6.052E-03  5.393E-03  4.831E-03  4.352E-03  3.943E-03  3.411E-03  3.046E-03  2.625E-03  2.338E-03  1.988E-03  1.691E-03  1.436E-03  1.212E-03  1.018E-03  8.511E-04  7.093E-04  5.820E-04  4.726E-04  3.892E-04  3.103E-04  2.512E-04  2.001E-04  1.576E-04  1.236E-04  9.629E-05  7.423E-05  5.658E-05  4.266E-05  3.180E-05  2.270E-05  1.632E-05
  341.5000  3.194E-02  3.087E-02  2.981E-02  2.876E-02  2.772E-02  2.669E-02  2.567E-02  2.467E-02  2.367E-02  2.269E-02  2.172E-02  2.076E-02  1.982E-02  1.889E-02  1.797E-02  1.707E-02  1.619E-02  1.532E-02  1.446E-02  1.363E-02  1.281E-02  1.201E-02  1.123E-02  1.048E-02  9.743E-03  9.032E-03  8.349E-03  7.691E-03  7.065E-03  6.473E-03  5.800E-03  5.176E-03  4.643E-03  4.190E-03  3.803E-03  3.293E-03  2.945E-03  2.541E-03  2.266E-03  1.927E-03  1.640E-03  1.393E-03  1.176E-03  9.876E-04  8.249E-04  6.871E-04  5.632E-04  4.567E-04  3.758E-04  2.991E-04  2.420E-04  1.925E-04  1.515E-04  1.188E-04  9.254E-05  7.136E-05  5.445E-05  4.111E-05  3.070E-05  2.195E-05  1.582E-05
  342.5000  3.565E-02  3.446E-02  3.328E-02  3.212E-02  3.096E-02  2.981E-02  2.868E-02  2.756E-02  2.645E-02  2.536E-02  2.428E-02  2.322E-02  2.217E-02  2.113E-02  2.011E-02  1.911E-02  1.812E-02  1.715E-02  1.620E-02  1.527E-02  1.436E-02  1.347E-02  1.260E-02  1.175E-02  1.093E-02  1.014E-02  9.371E-03  8.636E-03  7.935E-03  7.273E-03  6.518E-03  5.817E-03  5.220E-03  4.711E-03  4.278E-03  3.704E-03  3.314E-03  2.859E-03  2.550E-03  2.169E-03  1.846E-03  1.567E-03  1.323E-03  1.111E-03  9.277E-04  7.725E-04  6.330E-04  5.131E-04  4.220E-04  3.357E-04  2.716E-04  2.160E-04  1.699E-04  1.332E-04  1.037E-04  8.002E-05  6.107E-05  4.612E-05  3.446E-05  2.464E-05  1.778E-05
  343.5000  3.659E-02  3.536E-02  3.414E-02  3.294E-02  3.174E-02  3.056E-02  2.939E-02  2.823E-02  2.709E-02  2.596E-02  2.485E-02  2.375E-02  2.266E-02  2.159E-02  2.054E-02  1.951E-02  1.849E-02  1.749E-02  1.651E-02  1.556E-02  1.462E-02  1.371E-02  1.281E-02  1.195E-02  1.110E-02  1.029E-02  9.508E-03  8.756E-03  8.039E-03  7.363E-03  6.595E-03  5.883E-03  5.274E-03  4.757E-03  4.316E-03  3.736E-03  3.340E-03  2.879E-03  2.567E-03  2.182E-03  1.857E-03  1.576E-03  1.330E-03  1.117E-03  9.323E-04  7.763E-04  6.362E-04  5.158E-04  4.242E-04  3.376E-04  2.731E-04  2.172E-04  1.709E-04  1.340E-04  1.044E-04  8.048E-05  6.141E-05  4.636E-05  3.462E-05  2.476E-05  1.785E-05
  344.5000  2.531E-02  2.445E-02  2.360E-02  2.276E-02  2.193E-02  2.110E-02  2.029E-02  1.948E-02  1.868E-02  1.790E-02  1.712E-02  1.636E-02  1.560E-02  1.486E-02  1.413E-02  1.341E-02  1.271E-02  1.202E-02  1.134E-02  1.067E-02  1.003E-02  9.392E-03  8.775E-03  8.175E-03  7.594E-03  7.032E-03  6.493E-03  5.975E-03  5.482E-03  5.017E-03  4.491E-03  4.003E-03  3.586E-03  3.232E-03  2.930E-03  2.535E-03  2.264E-03  1.951E-03  1.738E-03  1.477E-03  1.257E-03  1.066E-03  8.999E-04  7.553E-04  6.306E-04  5.251E-04  4.304E-04  3.490E-04  2.871E-04  2.285E-04  1.849E-04  1.471E-04  1.158E-04  9.076E-05  7.070E-05  5.451E-05  4.158E-05  3.138E-05  2.343E-05  1.675E-05  1.207E-05
  345.5000  3.596E-02  3.477E-02  3.359E-02  3.242E-02  3.126E-02  3.011E-02  2.897E-02  2.785E-02  2.674E-02  2.564E-02  2.456E-02  2.349E-02  2.243E-02  2.139E-02  2.036E-02  1.935E-02  1.836E-02  1.738E-02  1.642E-02  1.548E-02  1.457E-02  1.367E-02  1.279E-02  1.194E-02  1.111E-02  1.031E-02  9.530E-03  8.785E-03  8.075E-03  7.404E-03  6.637E-03  5.925E-03  5.317E-03  4.801E-03  4.361E-03  3.776E-03  3.379E-03  2.915E-03  2.601E-03  2.212E-03  1.882E-03  1.597E-03  1.348E-03  1.131E-03  9.442E-04  7.858E-04  6.435E-04  5.211E-04  4.283E-04  3.404E-04  2.752E-04  2.186E-04  1.719E-04  1.347E-04  1.049E-04  8.093E-05  6.179E-05  4.669E-05  3.492E-05  2.500E-05  1.805E-05
  346.5000  3.294E-02  3.183E-02  3.074E-02  2.965E-02  2.858E-02  2.751E-02  2.646E-02  2.542E-02  2.439E-02  2.337E-02  2.237E-02  2.138E-02  2.040E-02  1.944E-02  1.849E-02  1.756E-02  1.665E-02  1.575E-02  1.487E-02  1.400E-02  1.316E-02  1.234E-02  1.153E-02  1.075E-02  9.993E-03  9.260E-03  8.555E-03  7.877E-03  7.231E-03  6.622E-03  5.930E-03  5.288E-03  4.740E-03  4.274E-03  3.877E-03  3.354E-03  2.998E-03  2.584E-03  2.303E-03  1.957E-03  1.665E-03  1.412E-03  1.192E-03  9.998E-04  8.344E-04  6.944E-04  5.688E-04  4.609E-04  3.789E-04  3.014E-04  2.437E-04  1.937E-04  1.524E-04  1.194E-04  9.302E-05  7.174E-05  5.475E-05  4.135E-05  3.090E-05  2.211E-05  1.595E-05
  347.5000  3.229E-02  3.121E-02  3.013E-02  2.907E-02  2.802E-02  2.698E-02  2.594E-02  2.493E-02  2.392E-02  2.292E-02  2.194E-02  2.097E-02  2.002E-02  1.907E-02  1.815E-02  1.723E-02  1.634E-02  1.546E-02  1.459E-02  1.375E-02  1.292E-02  1.211E-02  1.132E-02  1.056E-02  9.814E-03  9.094E-03  8.403E-03  7.738E-03  7.104E-03  6.506E-03  5.827E-03  5.196E-03  4.658E-03  4.200E-03  3.810E-03  3.296E-03  2.946E-03  2.539E-03  2.263E-03  1.923E-03  1.635E-03  1.387E-03  1.171E-03  9.818E-04  8.192E-04  6.816E-04  5.582E-04  4.521E-04  3.716E-04  2.955E-04  2.389E-04  1.898E-04  1.493E-04  1.170E-04  9.112E-05  7.027E-05  5.364E-05  4.052E-05  3.028E-05  2.167E-05  1.564E-05
  348.5000  3.579E-02  3.460E-02  3.341E-02  3.224E-02  3.108E-02  2.993E-02  2.879E-02  2.766E-02  2.655E-02  2.546E-02  2.437E-02  2.330E-02  2.224E-02  2.120E-02  2.017E-02  1.917E-02  1.817E-02  1.720E-02  1.624E-02  1.531E-02  1.439E-02  1.350E-02  1.262E-02  1.177E-02  1.095E-02  1.015E-02  9.380E-03  8.640E-03  7.935E-03  7.270E-03  6.513E-03  5.810E-03  5.209E-03  4.699E-03  4.264E-03  3.690E-03  3.298E-03  2.843E-03  2.535E-03  2.154E-03  1.832E-03  1.554E-03  1.311E-03  1.099E-03  9.171E-04  7.629E-04  6.245E-04  5.056E-04  4.154E-04  3.301E-04  2.669E-04  2.119E-04  1.666E-04  1.305E-04  1.017E-04  7.842E-05  5.987E-05  4.524E-05  3.383E-05  2.422E-05  1.749E-05
  349.5000  2.998E-02  2.898E-02  2.799E-02  2.701E-02  2.603E-02  2.507E-02  2.411E-02  2.317E-02  2.224E-02  2.132E-02  2.041E-02  1.951E-02  1.863E-02  1.775E-02  1.689E-02  1.605E-02  1.522E-02  1.440E-02  1.360E-02  1.281E-02  1.205E-02  1.130E-02  1.056E-02  9.852E-03  9.161E-03  8.492E-03  7.848E-03  7.228E-03  6.638E-03  6.080E-03  5.447E-03  4.858E-03  4.355E-03  3.928E-03  3.564E-03  3.083E-03  2.756E-03  2.375E-03  2.117E-03  1.799E-03  1.530E-03  1.297E-03  1.094E-03  9.174E-04  7.651E-04  6.364E-04  5.209E-04  4.215E-04  3.463E-04  2.752E-04  2.224E-04  1.766E-04  1.388E-04  1.087E-04  8.469E-05  6.532E-05  4.987E-05  3.769E-05  2.819E-05  2.019E-05  1.458E-05
  350.5000  4.208E-02  4.067E-02  3.928E-02  3.791E-02  3.654E-02  3.519E-02  3.385E-02  3.253E-02  3.122E-02  2.993E-02  2.866E-02  2.740E-02  2.616E-02  2.493E-02  2.373E-02  2.254E-02  2.138E-02  2.023E-02  1.910E-02  1.800E-02  1.693E-02  1.587E-02  1.485E-02  1.385E-02  1.287E-02  1.194E-02  1.103E-02  1.016E-02  9.331E-03  8.548E-03  7.657E-03  6.829E-03  6.123E-03  5.522E-03  5.010E-03  4.334E-03  3.874E-03  3.338E-03  2.976E-03  2.528E-03  2.149E-03  1.822E-03  1.537E-03  1.289E-03  1.075E-03  8.935E-04  7.312E-04  5.916E-04  4.859E-04  3.859E-04  3.119E-04  2.476E-04  1.946E-04  1.524E-04  1.187E-04  9.155E-05  6.990E-05  5.283E-05  3.952E-05  2.831E-05  2.045E-05
  351.5000  3.618E-02  3.497E-02  3.377E-02  3.259E-02  3.141E-02  3.025E-02  2.910E-02  2.796E-02  2.683E-02  2.572E-02  2.462E-02  2.354E-02  2.247E-02  2.142E-02  2.038E-02  1.936E-02  1.835E-02  1.737E-02  1.640E-02  1.545E-02  1.453E-02  1.362E-02  1.274E-02  1.188E-02  1.104E-02  1.023E-02  9.457E-03  8.709E-03  7.996E-03  7.323E-03  6.559E-03  5.849E-03  5.242E-03  4.726E-03  4.287E-03  3.708E-03  3.313E-03  2.855E-03  2.544E-03  2.161E-03  1.837E-03  1.557E-03  1.313E-03  1.100E-03  9.174E-04  7.627E-04  6.240E-04  5.048E-04  4.146E-04  3.292E-04  2.660E-04  2.112E-04  1.659E-04  1.300E-04  1.012E-04  7.807E-05  5.960E-05  4.505E-05  3.370E-05  2.414E-05  1.744E-05
  352.5000  3.274E-02  3.164E-02  3.056E-02  2.949E-02  2.843E-02  2.738E-02  2.634E-02  2.531E-02  2.429E-02  2.329E-02  2.229E-02  2.131E-02  2.035E-02  1.939E-02  1.846E-02  1.753E-02  1.663E-02  1.573E-02  1.486E-02  1.400E-02  1.316E-02  1.234E-02  1.154E-02  1.077E-02  1.001E-02  9.278E-03  8.575E-03  7.897E-03  7.252E-03  6.642E-03  5.949E-03  5.305E-03  4.755E-03  4.287E-03  3.889E-03  3.364E-03  3.006E-03  2.589E-03  2.308E-03  1.960E-03  1.666E-03  1.412E-03  1.190E-03  9.976E-04  8.316E-04  6.912E-04  5.654E-04  4.572E-04  3.754E-04  2.980E-04  2.408E-04  1.911E-04  1.501E-04  1.176E-04  9.153E-05  7.060E-05  5.391E-05  4.075E-05  3.049E-05  2.185E-05  1.579E-05
  353.5000  3.959E-02  3.827E-02  3.696E-02  3.567E-02  3.439E-02  3.312E-02  3.187E-02  3.062E-02  2.940E-02  2.819E-02  2.699E-02  2.581E-02  2.464E-02  2.349E-02  2.235E-02  2.124E-02  2.014E-02  1.907E-02  1.801E-02  1.697E-02  1.596E-02  1.497E-02  1.400E-02  1.306E-02  1.214E-02  1.126E-02  1.041E-02  9.586E-03  8.804E-03  8.066E-03  7.225E-03  6.444E-03  5.776E-03  5.209E-03  4.726E-03  4.087E-03  3.653E-03  3.147E-03  2.805E-03  2.382E-03  2.024E-03  1.716E-03  1.446E-03  1.212E-03  1.010E-03  8.393E-04  6.863E-04  5.548E-04  4.554E-04  3.614E-04  2.919E-04  2.316E-04  1.819E-04  1.424E-04  1.109E-04  8.553E-05  6.531E-05  4.939E-05  3.697E-05  2.650E-05  1.916E-05
  354.5000  4.301E-02  4.158E-02  4.017E-02  3.877E-02  3.738E-02  3.600E-02  3.464E-02  3.329E-02  3.196E-02  3.065E-02  2.935E-02  2.807E-02  2.680E-02  2.555E-02  2.432E-02  2.311E-02  2.192E-02  2.075E-02  1.960E-02  1.848E-02  1.738E-02  1.630E-02  1.525E-02  1.423E-02  1.323E-02  1.227E-02  1.134E-02  1.045E-02  9.597E-03  8.793E-03  7.878E-03  7.026E-03  6.299E-03  5.681E-03  5.155E-03  4.458E-03  3.985E-03  3.433E-03  3.060E-03  2.598E-03  2.208E-03  1.871E-03  1.578E-03  1.322E-03  1.101E-03  9.148E-04  7.479E-04  6.044E-04  4.959E-04  3.934E-04  3.177E-04  2.519E-04  1.978E-04  1.549E-04  1.206E-04  9.301E-05  7.103E-05  5.372E-05  4.022E-05  2.884E-05  2.086E-05
  355.5000  4.023E-02  3.890E-02  3.757E-02  3.626E-02  3.496E-02  3.368E-02  3.240E-02  3.114E-02  2.990E-02  2.867E-02  2.746E-02  2.626E-02  2.507E-02  2.390E-02  2.275E-02  2.162E-02  2.051E-02  1.941E-02  1.834E-02  1.729E-02  1.626E-02  1.525E-02  1.427E-02  1.331E-02  1.238E-02  1.148E-02  1.061E-02  9.775E-03  8.978E-03  8.225E-03  7.369E-03  6.572E-03  5.891E-03  5.313E-03  4.820E-03  4.168E-03  3.725E-03  3.209E-03  2.860E-03  2.428E-03  2.063E-03  1.748E-03  1.473E-03  1.234E-03  1.028E-03  8.541E-04  6.981E-04  5.640E-04  4.627E-04  3.670E-04  2.963E-04  2.349E-04  1.844E-04  1.444E-04  1.124E-04  8.669E-05  6.621E-05  5.008E-05  3.750E-05  2.689E-05  1.946E-05
  356.5000  3.735E-02  3.611E-02  3.488E-02  3.366E-02  3.246E-02  3.126E-02  3.008E-02  2.891E-02  2.776E-02  2.662E-02  2.549E-02  2.437E-02  2.327E-02  2.219E-02  2.112E-02  2.007E-02  1.904E-02  1.802E-02  1.702E-02  1.605E-02  1.509E-02  1.415E-02  1.324E-02  1.235E-02  1.149E-02  1.065E-02  9.846E-03  9.070E-03  8.330E-03  7.631E-03  6.836E-03  6.096E-03  5.464E-03  4.927E-03  4.470E-03  3.865E-03  3.454E-03  2.974E-03  2.651E-03  2.250E-03  1.912E-03  1.620E-03  1.365E-03  1.143E-03  9.520E-04  7.906E-04  6.461E-04  5.218E-04  4.280E-04  3.394E-04  2.740E-04  2.172E-04  1.705E-04  1.334E-04  1.039E-04  8.012E-05  6.119E-05  4.629E-05  3.467E-05  2.487E-05  1.799E-05
  357.5000  3.176E-02  3.070E-02  2.965E-02  2.862E-02  2.760E-02  2.658E-02  2.557E-02  2.458E-02  2.360E-02  2.263E-02  2.167E-02  2.072E-02  1.978E-02  1.886E-02  1.795E-02  1.706E-02  1.618E-02  1.532E-02  1.447E-02  1.364E-02  1.282E-02  1.203E-02  1.125E-02  1.050E-02  9.761E-03  9.049E-03  8.364E-03  7.705E-03  7.076E-03  6.481E-03  5.805E-03  5.177E-03  4.639E-03  4.183E-03  3.794E-03  3.280E-03  2.930E-03  2.523E-03  2.249E-03  1.909E-03  1.621E-03  1.373E-03  1.157E-03  9.687E-04  8.067E-04  6.698E-04  5.472E-04  4.419E-04  3.624E-04  2.873E-04  2.319E-04  1.838E-04  1.442E-04  1.129E-04  8.787E-05  6.777E-05  5.177E-05  3.916E-05  2.933E-05  2.104E-05  1.523E-05
  358.5000  2.456E-02  2.374E-02  2.294E-02  2.214E-02  2.135E-02  2.056E-02  1.978E-02  1.902E-02  1.826E-02  1.751E-02  1.677E-02  1.603E-02  1.531E-02  1.460E-02  1.390E-02  1.321E-02  1.253E-02  1.186E-02  1.120E-02  1.056E-02  9.929E-03  9.313E-03  8.713E-03  8.128E-03  7.559E-03  7.009E-03  6.478E-03  5.968E-03  5.481E-03  5.021E-03  4.497E-03  4.010E-03  3.594E-03  3.240E-03  2.939E-03  2.541E-03  2.270E-03  1.955E-03  1.742E-03  1.478E-03  1.255E-03  1.063E-03  8.953E-04  7.498E-04  6.243E-04  5.182E-04  4.233E-04  3.417E-04  2.802E-04  2.221E-04  1.792E-04  1.420E-04  1.114E-04  8.718E-05  6.785E-05  5.233E-05  3.998E-05  3.025E-05  2.266E-05  1.626E-05  1.177E-05
  359.5000  4.135E-02  3.998E-02  3.862E-02  3.728E-02  3.594E-02  3.462E-02  3.331E-02  3.202E-02  3.074E-02  2.948E-02  2.823E-02  2.700E-02  2.578E-02  2.458E-02  2.340E-02  2.224E-02  2.109E-02  1.997E-02  1.886E-02  1.778E-02  1.672E-02  1.568E-02  1.467E-02  1.369E-02  1.273E-02  1.180E-02  1.091E-02  1.005E-02  9.227E-03  8.452E-03  7.570E-03  6.750E-03  6.049E-03  5.453E-03  4.946E-03  4.275E-03  3.819E-03  3.288E-03  2.929E-03  2.486E-03  2.111E-03  1.787E-03  1.505E-03  1.260E-03  1.049E-03  8.705E-04  7.109E-04  5.738E-04  4.703E-04  3.727E-04  3.007E-04  2.382E-04  1.869E-04  1.462E-04  1.138E-04  8.776E-05  6.704E-05  5.073E-05  3.801E-05  2.728E-05  1.975E-05
  360.5000  3.836E-02  3.709E-02  3.583E-02  3.458E-02  3.334E-02  3.212E-02  3.090E-02  2.970E-02  2.852E-02  2.735E-02  2.619E-02  2.505E-02  2.392E-02  2.280E-02  2.171E-02  2.063E-02  1.957E-02  1.852E-02  1.750E-02  1.649E-02  1.551E-02  1.455E-02  1.361E-02  1.270E-02  1.181E-02  1.095E-02  1.012E-02  9.320E-03  8.559E-03  7.840E-03  7.021E-03  6.260E-03  5.610E-03  5.056E-03  4.586E-03  3.963E-03  3.540E-03  3.047E-03  2.715E-03  2.303E-03  1.956E-03  1.656E-03  1.395E-03  1.167E-03  9.712E-04  8.059E-04  6.580E-04  5.309E-04  4.351E-04  3.447E-04  2.781E-04  2.202E-04  1.727E-04  1.351E-04  1.052E-04  8.111E-05  6.196E-05  4.689E-05  3.514E-05  2.522E-05  1.826E-05
  361.5000  3.464E-02  3.349E-02  3.235E-02  3.123E-02  3.011E-02  2.901E-02  2.791E-02  2.683E-02  2.576E-02  2.471E-02  2.366E-02  2.263E-02  2.161E-02  2.060E-02  1.961E-02  1.864E-02  1.768E-02  1.674E-02  1.581E-02  1.490E-02  1.402E-02  1.315E-02  1.230E-02  1.148E-02  1.067E-02  9.896E-03  9.147E-03  8.425E-03  7.737E-03  7.087E-03  6.348E-03  5.659E-03  5.071E-03  4.571E-03  4.145E-03  3.582E-03  3.200E-03  2.754E-03  2.453E-03  2.081E-03  1.767E-03  1.496E-03  1.259E-03  1.054E-03  8.769E-04  7.275E-04  5.939E-04  4.790E-04  3.925E-04  3.109E-04  2.507E-04  1.985E-04  1.557E-04  1.218E-04  9.475E-05  7.308E-05  5.583E-05  4.225E-05  3.167E-05  2.273E-05  1.647E-05
  362.5000  4.073E-02  3.938E-02  3.804E-02  3.672E-02  3.541E-02  3.411E-02  3.282E-02  3.155E-02  3.029E-02  2.905E-02  2.782E-02  2.661E-02  2.541E-02  2.423E-02  2.307E-02  2.192E-02  2.079E-02  1.969E-02  1.860E-02  1.753E-02  1.649E-02  1.547E-02  1.447E-02  1.350E-02  1.255E-02  1.164E-02  1.076E-02  9.911E-03  9.101E-03  8.336E-03  7.466E-03  6.656E-03  5.964E-03  5.375E-03  4.874E-03  4.212E-03  3.762E-03  3.238E-03  2.884E-03  2.446E-03  2.077E-03  1.758E-03  1.480E-03  1.238E-03  1.030E-03  8.542E-04  6.972E-04  5.622E-04  4.606E-04  3.647E-04  2.941E-04  2.328E-04  1.825E-04  1.427E-04  1.111E-04  8.565E-05  6.544E-05  4.953E-05  3.713E-05  2.666E-05  1.931E-05
  363.5000  3.626E-02  3.506E-02  3.386E-02  3.269E-02  3.152E-02  3.036E-02  2.922E-02  2.809E-02  2.697E-02  2.586E-02  2.477E-02  2.369E-02  2.262E-02  2.157E-02  2.054E-02  1.952E-02  1.852E-02  1.753E-02  1.656E-02  1.561E-02  1.468E-02  1.377E-02  1.288E-02  1.202E-02  1.118E-02  1.036E-02  9.579E-03  8.824E-03  8.103E-03  7.421E-03  6.646E-03  5.926E-03  5.309E-03  4.784E-03  4.338E-03  3.748E-03  3.347E-03  2.881E-03  2.566E-03  2.176E-03  1.847E-03  1.563E-03  1.315E-03  1.100E-03  9.153E-04  7.590E-04  6.193E-04  4.993E-04  4.089E-04  3.237E-04  2.610E-04  2.065E-04  1.619E-04  1.266E-04  9.851E-05  7.597E-05  5.804E-05  4.394E-05  3.294E-05  2.366E-05  1.714E-05
  364.5000  3.956E-02  3.825E-02  3.695E-02  3.567E-02  3.439E-02  3.313E-02  3.188E-02  3.065E-02  2.942E-02  2.822E-02  2.703E-02  2.585E-02  2.468E-02  2.354E-02  2.241E-02  2.130E-02  2.020E-02  1.912E-02  1.807E-02  1.703E-02  1.602E-02  1.502E-02  1.405E-02  1.311E-02  1.219E-02  1.131E-02  1.045E-02  9.623E-03  8.837E-03  8.093E-03  7.248E-03  6.460E-03  5.787E-03  5.215E-03  4.728E-03  4.085E-03  3.647E-03  3.138E-03  2.795E-03  2.370E-03  2.011E-03  1.702E-03  1.432E-03  1.198E-03  9.960E-04  8.258E-04  6.737E-04  5.430E-04  4.446E-04  3.519E-04  2.837E-04  2.244E-04  1.759E-04  1.376E-04  1.070E-04  8.252E-05  6.304E-05  4.773E-05  3.579E-05  2.570E-05  1.863E-05
  365.5000  4.820E-02  4.660E-02  4.502E-02  4.346E-02  4.190E-02  4.037E-02  3.884E-02  3.734E-02  3.585E-02  3.438E-02  3.293E-02  3.149E-02  3.007E-02  2.867E-02  2.730E-02  2.594E-02  2.461E-02  2.330E-02  2.201E-02  2.074E-02  1.951E-02  1.830E-02  1.712E-02  1.597E-02  1.485E-02  1.377E-02  1.272E-02  1.172E-02  1.076E-02  9.852E-03  8.822E-03  7.863E-03  7.044E-03  6.346E-03  5.753E-03  4.969E-03  4.436E-03  3.817E-03  3.398E-03  2.881E-03  2.445E-03  2.068E-03  1.739E-03  1.455E-03  1.210E-03  1.003E-03  8.179E-04  6.591E-04  5.396E-04  4.270E-04  3.442E-04  2.722E-04  2.133E-04  1.668E-04  1.297E-04  1.000E-04  7.644E-05  5.787E-05  4.339E-05  3.117E-05  2.259E-05
  366.5000  5.107E-02  4.938E-02  4.770E-02  4.604E-02  4.440E-02  4.277E-02  4.116E-02  3.956E-02  3.799E-02  3.643E-02  3.489E-02  3.337E-02  3.187E-02  3.039E-02  2.893E-02  2.749E-02  2.608E-02  2.469E-02  2.332E-02  2.199E-02  2.068E-02  1.940E-02  1.814E-02  1.692E-02  1.574E-02  1.459E-02  1.349E-02  1.242E-02  1.140E-02  1.044E-02  9.351E-03  8.335E-03  7.465E-03  6.725E-03  6.096E-03  5.265E-03  4.700E-03  4.043E-03  3.600E-03  3.051E-03  2.589E-03  2.190E-03  1.842E-03  1.540E-03  1.280E-03  1.061E-03  8.653E-04  6.971E-04  5.705E-04  4.513E-04  3.637E-04  2.876E-04  2.254E-04  1.762E-04  1.370E-04  1.057E-04  8.073E-05  6.112E-05  4.584E-05  3.294E-05  2.388E-05
  367.5000  4.854E-02  4.693E-02  4.534E-02  4.377E-02  4.220E-02  4.066E-02  3.913E-02  3.761E-02  3.611E-02  3.464E-02  3.317E-02  3.173E-02  3.030E-02  2.889E-02  2.750E-02  2.614E-02  2.480E-02  2.348E-02  2.218E-02  2.091E-02  1.966E-02  1.844E-02  1.725E-02  1.609E-02  1.497E-02  1.387E-02  1.282E-02  1.181E-02  1.084E-02  9.931E-03  8.892E-03  7.926E-03  7.098E-03  6.394E-03  5.796E-03  5.005E-03  4.468E-03  3.843E-03  3.421E-03  2.900E-03  2.460E-03  2.081E-03  1.749E-03  1.462E-03  1.215E-03  1.007E-03  8.211E-04  6.614E-04  5.412E-04  4.280E-04  3.449E-04  2.726E-04  2.136E-04  1.669E-04  1.298E-04  1.001E-04  7.649E-05  5.792E-05  4.345E-05  3.122E-05  2.264E-05
  368.5000  4.266E-02  4.125E-02  3.985E-02  3.847E-02  3.709E-02  3.573E-02  3.439E-02  3.306E-02  3.174E-02  3.044E-02  2.916E-02  2.788E-02  2.663E-02  2.539E-02  2.417E-02  2.298E-02  2.180E-02  2.063E-02  1.949E-02  1.837E-02  1.728E-02  1.621E-02  1.516E-02  1.414E-02  1.315E-02  1.219E-02  1.127E-02  1.038E-02  9.529E-03  8.726E-03  7.813E-03  6.963E-03  6.236E-03  5.617E-03  5.091E-03  4.396E-03  3.923E-03  3.374E-03  3.003E-03  2.545E-03  2.159E-03  1.826E-03  1.534E-03  1.283E-03  1.066E-03  8.830E-04  7.198E-04  5.796E-04  4.742E-04  3.749E-04  3.021E-04  2.387E-04  1.870E-04  1.461E-04  1.136E-04  8.762E-05  6.695E-05  5.070E-05  3.803E-05  2.734E-05  1.982E-05
  369.5000  5.120E-02  4.950E-02  4.783E-02  4.617E-02  4.452E-02  4.289E-02  4.127E-02  3.967E-02  3.809E-02  3.654E-02  3.499E-02  3.347E-02  3.196E-02  3.048E-02  2.901E-02  2.758E-02  2.616E-02  2.477E-02  2.340E-02  2.205E-02  2.074E-02  1.946E-02  1.820E-02  1.698E-02  1.579E-02  1.463E-02  1.353E-02  1.246E-02  1.144E-02  1.047E-02  9.375E-03  8.355E-03  7.481E-03  6.738E-03  6.106E-03  5.272E-03  4.705E-03  4.045E-03  3.600E-03  3.051E-03  2.587E-03  2.187E-03  1.840E-03  1.537E-03  1.277E-03  1.058E-03  8.618E-04  6.938E-04  5.675E-04  4.486E-04  3.613E-04  2.855E-04  2.236E-04  1.747E-04  1.359E-04  1.047E-04  8.004E-05  6.061E-05  4.547E-05  3.269E-05  2.371E-05
  370.5000  4.647E-02  4.493E-02  4.341E-02  4.190E-02  4.041E-02  3.893E-02  3.746E-02  3.601E-02  3.458E-02  3.316E-02  3.176E-02  3.038E-02  2.901E-02  2.767E-02  2.634E-02  2.503E-02  2.375E-02  2.248E-02  2.124E-02  2.002E-02  1.883E-02  1.766E-02  1.652E-02  1.541E-02  1.433E-02  1.328E-02  1.228E-02  1.130E-02  1.038E-02  9.501E-03  8.507E-03  7.581E-03  6.787E-03  6.112E-03  5.538E-03  4.781E-03  4.266E-03  3.668E-03  3.264E-03  2.765E-03  2.344E-03  1.982E-03  1.667E-03  1.392E-03  1.156E-03  9.576E-04  7.802E-04  6.280E-04  5.135E-04  4.058E-04  3.268E-04  2.582E-04  2.022E-04  1.580E-04  1.228E-04  9.468E-05  7.235E-05  5.479E-05  4.111E-05  2.956E-05  2.144E-05
  371.5000  5.320E-02  5.144E-02  4.970E-02  4.798E-02  4.626E-02  4.457E-02  4.289E-02  4.123E-02  3.959E-02  3.797E-02  3.637E-02  3.478E-02  3.322E-02  3.168E-02  3.016E-02  2.866E-02  2.719E-02  2.574E-02  2.432E-02  2.292E-02  2.156E-02  2.022E-02  1.892E-02  1.764E-02  1.641E-02  1.521E-02  1.405E-02  1.294E-02  1.188E-02  1.088E-02  9.738E-03  8.678E-03  7.769E-03  6.996E-03  6.338E-03  5.471E-03  4.881E-03  4.196E-03  3.734E-03  3.163E-03  2.681E-03  2.266E-03  1.906E-03  1.591E-03  1.321E-03  1.094E-03  8.912E-04  7.171E-04  5.863E-04  4.632E-04  3.730E-04  2.946E-04  2.306E-04  1.802E-04  1.401E-04  1.080E-04  8.250E-05  6.249E-05  4.689E-05  3.372E-05  2.446E-05
  372.5000  3.932E-02  3.802E-02  3.673E-02  3.546E-02  3.420E-02  3.294E-02  3.170E-02  3.048E-02  2.926E-02  2.807E-02  2.688E-02  2.571E-02  2.456E-02  2.342E-02  2.229E-02  2.119E-02  2.010E-02  1.903E-02  1.798E-02  1.694E-02  1.594E-02  1.495E-02  1.398E-02  1.304E-02  1.213E-02  1.124E-02  1.039E-02  9.566E-03  8.781E-03  8.039E-03  7.197E-03  6.413E-03  5.741E-03  5.169E-03  4.683E-03  4.042E-03  3.606E-03  3.099E-03  2.757E-03  2.335E-03  1.979E-03  1.673E-03  1.406E-03  1.174E-03  9.748E-04  8.069E-04  6.572E-04  5.287E-04  4.321E-04  3.413E-04  2.748E-04  2.170E-04  1.699E-04  1.327E-04  1.031E-04  7.950E-05  6.074E-05  4.601E-05  3.453E-05  2.483E-05  1.802E-05
  373.5000  3.555E-02  3.438E-02  3.321E-02  3.206E-02  3.092E-02  2.979E-02  2.866E-02  2.756E-02  2.646E-02  2.538E-02  2.431E-02  2.325E-02  2.220E-02  2.117E-02  2.015E-02  1.916E-02  1.817E-02  1.720E-02  1.625E-02  1.532E-02  1.441E-02  1.351E-02  1.264E-02  1.179E-02  1.096E-02  1.016E-02  9.391E-03  8.647E-03  7.937E-03  7.266E-03  6.504E-03  5.796E-03  5.188E-03  4.670E-03  4.230E-03  3.651E-03  3.256E-03  2.798E-03  2.489E-03  2.108E-03  1.786E-03  1.509E-03  1.269E-03  1.059E-03  8.792E-04  7.276E-04  5.925E-04  4.765E-04  3.894E-04  3.075E-04  2.476E-04  1.954E-04  1.530E-04  1.194E-04  9.284E-05  7.156E-05  5.468E-05  4.142E-05  3.109E-05  2.236E-05  1.623E-05
  374.5000  3.904E-02  3.774E-02  3.646E-02  3.520E-02  3.394E-02  3.270E-02  3.147E-02  3.025E-02  2.905E-02  2.786E-02  2.669E-02  2.552E-02  2.438E-02  2.324E-02  2.213E-02  2.103E-02  1.995E-02  1.889E-02  1.784E-02  1.682E-02  1.582E-02  1.484E-02  1.388E-02  1.294E-02  1.204E-02  1.115E-02  1.031E-02  9.492E-03  8.712E-03  7.975E-03  7.139E-03  6.360E-03  5.692E-03  5.124E-03  4.641E-03  4.005E-03  3.572E-03  3.069E-03  2.730E-03  2.311E-03  1.958E-03  1.654E-03  1.390E-03  1.160E-03  9.631E-04  7.968E-04  6.487E-04  5.216E-04  4.262E-04  3.365E-04  2.708E-04  2.137E-04  1.673E-04  1.306E-04  1.015E-04  7.823E-05  5.978E-05  4.528E-05  3.399E-05  2.445E-05  1.775E-05
  375.5000  4.407E-02  4.261E-02  4.117E-02  3.974E-02  3.832E-02  3.692E-02  3.553E-02  3.416E-02  3.280E-02  3.146E-02  3.013E-02  2.882E-02  2.752E-02  2.624E-02  2.499E-02  2.375E-02  2.253E-02  2.133E-02  2.015E-02  1.899E-02  1.786E-02  1.675E-02  1.567E-02  1.462E-02  1.359E-02  1.259E-02  1.164E-02  1.072E-02  9.836E-03  9.003E-03  8.059E-03  7.180E-03  6.426E-03  5.784E-03  5.238E-03  4.519E-03  4.030E-03  3.462E-03  3.079E-03  2.607E-03  2.208E-03  1.865E-03  1.567E-03  1.308E-03  1.085E-03  8.978E-04  7.307E-04  5.874E-04  4.798E-04  3.788E-04  3.048E-04  2.405E-04  1.882E-04  1.469E-04  1.141E-04  8.798E-05  6.722E-05  5.092E-05  3.823E-05  2.751E-05  1.997E-05
  376.5000  4.403E-02  4.258E-02  4.113E-02  3.971E-02  3.829E-02  3.689E-02  3.550E-02  3.413E-02  3.277E-02  3.143E-02  3.011E-02  2.880E-02  2.750E-02  2.622E-02  2.497E-02  2.373E-02  2.251E-02  2.131E-02  2.013E-02  1.898E-02  1.785E-02  1.674E-02  1.566E-02  1.461E-02  1.358E-02  1.259E-02  1.163E-02  1.071E-02  9.828E-03  8.995E-03  8.052E-03  7.173E-03  6.419E-03  5.777E-03  5.231E-03  4.513E-03  4.024E-03  3.457E-03  3.074E-03  2.602E-03  2.204E-03  1.861E-03  1.563E-03  1.304E-03  1.082E-03  8.950E-04  7.284E-04  5.854E-04  4.781E-04  3.773E-04  3.035E-04  2.394E-04  1.873E-04  1.462E-04  1.136E-04  8.755E-05  6.690E-05  5.068E-05  3.805E-05  2.738E-05  1.988E-05
  377.5000  5.246E-02  5.072E-02  4.901E-02  4.731E-02  4.562E-02  4.395E-02  4.230E-02  4.066E-02  3.905E-02  3.745E-02  3.587E-02  3.431E-02  3.277E-02  3.125E-02  2.975E-02  2.828E-02  2.682E-02  2.539E-02  2.399E-02  2.261E-02  2.127E-02  1.995E-02  1.866E-02  1.740E-02  1.618E-02  1.500E-02  1.386E-02  1.276E-02  1.171E-02  1.072E-02  9.591E-03  8.544E-03  7.645E-03  6.880E-03  6.230E-03  5.374E-03  4.791E-03  4.115E-03  3.658E-03  3.096E-03  2.622E-03  2.214E-03  1.858E-03  1.551E-03  1.287E-03  1.064E-03  8.657E-04  6.955E-04  5.679E-04  4.481E-04  3.604E-04  2.843E-04  2.223E-04  1.735E-04  1.348E-04  1.039E-04  7.938E-05  6.014E-05  4.516E-05  3.250E-05  2.360E-05
  378.5000  5.720E-02  5.531E-02  5.343E-02  5.158E-02  4.974E-02  4.792E-02  4.612E-02  4.434E-02  4.258E-02  4.084E-02  3.911E-02  3.741E-02  3.573E-02  3.407E-02  3.244E-02  3.083E-02  2.925E-02  2.769E-02  2.616E-02  2.466E-02  2.319E-02  2.175E-02  2.034E-02  1.897E-02  1.764E-02  1.635E-02  1.511E-02  1.391E-02  1.276E-02  1.168E-02  1.046E-02  9.313E-03  8.333E-03  7.498E-03  6.788E-03  5.855E-03  5.219E-03  4.482E-03  3.984E-03  3.372E-03  2.855E-03  2.411E-03  2.023E-03  1.688E-03  1.400E-03  1.157E-03  9.415E-04  7.562E-04  6.173E-04  4.869E-04  3.916E-04  3.088E-04  2.415E-04  1.884E-04  1.464E-04  1.128E-04  8.619E-05  6.530E-05  4.904E-05  3.530E-05  2.564E-05
  379.5000  4.233E-02  4.093E-02  3.955E-02  3.818E-02  3.682E-02  3.547E-02  3.414E-02  3.282E-02  3.151E-02  3.022E-02  2.895E-02  2.769E-02  2.644E-02  2.522E-02  2.401E-02  2.282E-02  2.165E-02  2.049E-02  1.936E-02  1.825E-02  1.716E-02  1.610E-02  1.506E-02  1.404E-02  1.306E-02  1.210E-02  1.118E-02  1.029E-02  9.445E-03  8.644E-03  7.736E-03  6.890E-03  6.164E-03  5.546E-03  5.021E-03  4.330E-03  3.859E-03  3.314E-03  2.945E-03  2.492E-03  2.110E-03  1.781E-03  1.495E-03  1.247E-03  1.034E-03  8.545E-04  6.949E-04  5.581E-04  4.554E-04  3.592E-04  2.888E-04  2.277E-04  1.780E-04  1.389E-04  1.079E-04  8.313E-05  6.352E-05  4.813E-05  3.615E-05  2.602E-05  1.890E-05
  380.5000  5.094E-02  4.925E-02  4.758E-02  4.594E-02  4.430E-02  4.268E-02  4.107E-02  3.949E-02  3.792E-02  3.637E-02  3.483E-02  3.332E-02  3.182E-02  3.034E-02  2.889E-02  2.746E-02  2.605E-02  2.466E-02  2.330E-02  2.196E-02  2.065E-02  1.937E-02  1.812E-02  1.690E-02  1.571E-02  1.456E-02  1.345E-02  1.238E-02  1.136E-02  1.040E-02  9.307E-03  8.289E-03  7.415E-03  6.671E-03  6.038E-03  5.207E-03  4.640E-03  3.983E-03  3.540E-03  2.995E-03  2.535E-03  2.140E-03  1.795E-03  1.497E-03  1.241E-03  1.026E-03  8.341E-04  6.696E-04  5.464E-04  4.308E-04  3.463E-04  2.730E-04  2.134E-04  1.665E-04  1.293E-04  9.961E-05  7.611E-05  5.767E-05  4.332E-05  3.119E-05  2.266E-05
  381.5000  4.789E-02  4.630E-02  4.473E-02  4.319E-02  4.165E-02  4.012E-02  3.861E-02  3.712E-02  3.565E-02  3.419E-02  3.275E-02  3.132E-02  2.992E-02  2.853E-02  2.716E-02  2.582E-02  2.449E-02  2.319E-02  2.190E-02  2.065E-02  1.942E-02  1.821E-02  1.703E-02  1.589E-02  1.477E-02  1.369E-02  1.265E-02  1.164E-02  1.068E-02  9.776E-03  8.748E-03  7.791E-03  6.969E-03  6.269E-03  5.674E-03  4.892E-03  4.359E-03  3.742E-03  3.325E-03  2.812E-03  2.380E-03  2.009E-03  1.685E-03  1.405E-03  1.165E-03  9.622E-04  7.822E-04  6.278E-04  5.122E-04  4.037E-04  3.245E-04  2.557E-04  1.998E-04  1.559E-04  1.211E-04  9.327E-05  7.126E-05  5.400E-05  4.056E-05  2.921E-05  2.122E-05
  382.5000  3.192E-02  3.087E-02  2.982E-02  2.879E-02  2.776E-02  2.675E-02  2.574E-02  2.475E-02  2.376E-02  2.279E-02  2.183E-02  2.088E-02  1.995E-02  1.902E-02  1.811E-02  1.721E-02  1.633E-02  1.546E-02  1.460E-02  1.376E-02  1.295E-02  1.214E-02  1.136E-02  1.059E-02  9.847E-03  9.125E-03  8.431E-03  7.761E-03  7.121E-03  6.516E-03  5.831E-03  5.193E-03  4.644E-03  4.178E-03  3.780E-03  3.259E-03  2.904E-03  2.492E-03  2.214E-03  1.872E-03  1.585E-03  1.337E-03  1.121E-03  9.348E-04  7.747E-04  6.399E-04  5.201E-04  4.174E-04  3.404E-04  2.683E-04  2.156E-04  1.698E-04  1.327E-04  1.035E-04  8.037E-05  6.192E-05  4.731E-05  3.585E-05  2.693E-05  1.940E-05  1.410E-05
  383.5000  2.804E-02  2.712E-02  2.620E-02  2.529E-02  2.439E-02  2.350E-02  2.261E-02  2.174E-02  2.088E-02  2.002E-02  1.918E-02  1.835E-02  1.752E-02  1.671E-02  1.591E-02  1.512E-02  1.434E-02  1.358E-02  1.283E-02  1.209E-02  1.137E-02  1.067E-02  9.977E-03  9.304E-03  8.651E-03  8.015E-03  7.406E-03  6.817E-03  6.255E-03  5.723E-03  5.121E-03  4.560E-03  4.079E-03  3.668E-03  3.319E-03  2.861E-03  2.549E-03  2.187E-03  1.943E-03  1.643E-03  1.390E-03  1.173E-03  9.832E-04  8.196E-04  6.791E-04  5.608E-04  4.558E-04  3.656E-04  2.981E-04  2.349E-04  1.887E-04  1.486E-04  1.161E-04  9.055E-05  7.031E-05  5.416E-05  4.138E-05  3.136E-05  2.356E-05  1.697E-05  1.234E-05
  384.5000  4.210E-02  4.071E-02  3.933E-02  3.797E-02  3.662E-02  3.528E-02  3.395E-02  3.264E-02  3.134E-02  3.007E-02  2.880E-02  2.755E-02  2.631E-02  2.509E-02  2.389E-02  2.270E-02  2.154E-02  2.039E-02  1.926E-02  1.816E-02  1.708E-02  1.602E-02  1.498E-02  1.397E-02  1.299E-02  1.203E-02  1.112E-02  1.023E-02  9.390E-03  8.591E-03  7.688E-03  6.845E-03  6.122E-03  5.505E-03  4.981E-03  4.293E-03  3.824E-03  3.281E-03  2.914E-03  2.464E-03  2.084E-03  1.758E-03  1.474E-03  1.228E-03  1.017E-03  8.401E-04  6.825E-04  5.474E-04  4.463E-04  3.515E-04  2.824E-04  2.224E-04  1.737E-04  1.354E-04  1.051E-04  8.098E-05  6.187E-05  4.689E-05  3.523E-05  2.538E-05  1.845E-05
  385.5000  4.167E-02  4.029E-02  3.893E-02  3.758E-02  3.624E-02  3.492E-02  3.361E-02  3.231E-02  3.103E-02  2.976E-02  2.851E-02  2.727E-02  2.604E-02  2.483E-02  2.364E-02  2.247E-02  2.132E-02  2.018E-02  1.907E-02  1.797E-02  1.690E-02  1.585E-02  1.483E-02  1.383E-02  1.286E-02  1.191E-02  1.101E-02  1.013E-02  9.294E-03  8.503E-03  7.609E-03  6.775E-03  6.058E-03  5.447E-03  4.928E-03  4.247E-03  3.782E-03  3.245E-03  2.882E-03  2.436E-03  2.060E-03  1.737E-03  1.456E-03  1.213E-03  1.005E-03  8.297E-04  6.739E-04  5.404E-04  4.404E-04  3.468E-04  2.786E-04  2.193E-04  1.713E-04  1.335E-04  1.036E-04  7.983E-05  6.099E-05  4.622E-05  3.473E-05  2.502E-05  1.819E-05
  386.5000  4.250E-02  4.109E-02  3.970E-02  3.833E-02  3.696E-02  3.561E-02  3.427E-02  3.295E-02  3.164E-02  3.035E-02  2.907E-02  2.781E-02  2.656E-02  2.533E-02  2.411E-02  2.292E-02  2.174E-02  2.058E-02  1.945E-02  1.833E-02  1.724E-02  1.617E-02  1.512E-02  1.410E-02  1.311E-02  1.215E-02  1.122E-02  1.033E-02  9.477E-03  8.670E-03  7.758E-03  6.907E-03  6.176E-03  5.553E-03  5.023E-03  4.328E-03  3.854E-03  3.306E-03  2.936E-03  2.481E-03  2.098E-03  1.769E-03  1.482E-03  1.235E-03  1.023E-03  8.441E-04  6.855E-04  5.496E-04  4.478E-04  3.526E-04  2.831E-04  2.228E-04  1.740E-04  1.356E-04  1.053E-04  8.106E-05  6.193E-05  4.694E-05  3.528E-05  2.542E-05  1.848E-05
  387.5000  3.951E-02  3.820E-02  3.691E-02  3.563E-02  3.436E-02  3.311E-02  3.186E-02  3.063E-02  2.942E-02  2.822E-02  2.703E-02  2.585E-02  2.469E-02  2.355E-02  2.242E-02  2.131E-02  2.022E-02  1.914E-02  1.808E-02  1.704E-02  1.603E-02  1.503E-02  1.406E-02  1.311E-02  1.219E-02  1.129E-02  1.043E-02  9.604E-03  8.810E-03  8.060E-03  7.211E-03  6.420E-03  5.740E-03  5.161E-03  4.667E-03  4.021E-03  3.580E-03  3.071E-03  2.726E-03  2.304E-03  1.948E-03  1.642E-03  1.376E-03  1.146E-03  9.488E-04  7.830E-04  6.357E-04  5.095E-04  4.151E-04  3.267E-04  2.623E-04  2.064E-04  1.611E-04  1.256E-04  9.745E-05  7.505E-05  5.734E-05  4.346E-05  3.266E-05  2.354E-05  1.712E-05
  388.5000  3.961E-02  3.831E-02  3.701E-02  3.573E-02  3.446E-02  3.320E-02  3.195E-02  3.072E-02  2.950E-02  2.829E-02  2.710E-02  2.592E-02  2.476E-02  2.361E-02  2.248E-02  2.137E-02  2.027E-02  1.919E-02  1.813E-02  1.709E-02  1.607E-02  1.507E-02  1.410E-02  1.315E-02  1.222E-02  1.133E-02  1.046E-02  9.629E-03  8.833E-03  8.080E-03  7.230E-03  6.436E-03  5.754E-03  5.172E-03  4.677E-03  4.030E-03  3.587E-03  3.076E-03  2.731E-03  2.307E-03  1.950E-03  1.644E-03  1.377E-03  1.147E-03  9.494E-04  7.833E-04  6.358E-04  5.095E-04  4.150E-04  3.265E-04  2.621E-04  2.062E-04  1.609E-04  1.254E-04  9.731E-05  7.494E-05  5.725E-05  4.339E-05  3.261E-05  2.351E-05  1.710E-05
  389.5000  4.998E-02  4.832E-02  4.669E-02  4.507E-02  4.347E-02  4.188E-02  4.031E-02  3.875E-02  3.721E-02  3.569E-02  3.419E-02  3.271E-02  3.124E-02  2.979E-02  2.836E-02  2.696E-02  2.558E-02  2.421E-02  2.288E-02  2.156E-02  2.028E-02  1.902E-02  1.779E-02  1.659E-02  1.542E-02  1.429E-02  1.320E-02  1.215E-02  1.114E-02  1.019E-02  9.119E-03  8.118E-03  7.257E-03  6.523E-03  5.898E-03  5.081E-03  4.522E-03  3.878E-03  3.442E-03  2.907E-03  2.457E-03  2.071E-03  1.735E-03  1.444E-03  1.195E-03  9.859E-04  8.002E-04  6.410E-04  5.219E-04  4.106E-04  3.296E-04  2.592E-04  2.023E-04  1.576E-04  1.223E-04  9.414E-05  7.192E-05  5.451E-05  4.098E-05  2.954E-05  2.149E-05
  390.5000  4.911E-02  4.749E-02  4.588E-02  4.429E-02  4.271E-02  4.115E-02  3.961E-02  3.808E-02  3.657E-02  3.508E-02  3.360E-02  3.214E-02  3.070E-02  2.928E-02  2.787E-02  2.650E-02  2.513E-02  2.380E-02  2.248E-02  2.119E-02  1.993E-02  1.869E-02  1.748E-02  1.630E-02  1.516E-02  1.404E-02  1.297E-02  1.194E-02  1.095E-02  1.002E-02  8.960E-03  7.976E-03  7.130E-03  6.408E-03  5.793E-03  4.990E-03  4.441E-03  3.807E-03  3.379E-03  2.854E-03  2.412E-03  2.032E-03  1.702E-03  1.417E-03  1.172E-03  9.666E-04  7.844E-04  6.282E-04  5.114E-04  4.022E-04  3.228E-04  2.538E-04  1.980E-04  1.542E-04  1.197E-04  9.213E-05  7.038E-05  5.334E-05  4.010E-05  2.891E-05  2.103E-05
  391.5000  5.829E-02  5.636E-02  5.445E-02  5.257E-02  5.070E-02  4.885E-02  4.701E-02  4.520E-02  4.340E-02  4.163E-02  3.988E-02  3.815E-02  3.644E-02  3.475E-02  3.309E-02  3.145E-02  2.984E-02  2.825E-02  2.669E-02  2.515E-02  2.366E-02  2.219E-02  2.075E-02  1.935E-02  1.799E-02  1.667E-02  1.540E-02  1.417E-02  1.300E-02  1.189E-02  1.063E-02  9.466E-03  8.461E-03  7.603E-03  6.873E-03  5.920E-03  5.268E-03  4.515E-03  4.007E-03  3.383E-03  2.859E-03  2.408E-03  2.016E-03  1.678E-03  1.388E-03  1.145E-03  9.287E-04  7.436E-04  6.052E-04  4.759E-04  3.818E-04  3.001E-04  2.341E-04  1.823E-04  1.414E-04  1.089E-04  8.318E-05  6.305E-05  4.740E-05  3.418E-05  2.487E-05
  392.5000  4.373E-02  4.228E-02  4.085E-02  3.944E-02  3.803E-02  3.665E-02  3.527E-02  3.391E-02  3.256E-02  3.124E-02  2.992E-02  2.862E-02  2.734E-02  2.607E-02  2.482E-02  2.360E-02  2.238E-02  2.119E-02  2.002E-02  1.887E-02  1.775E-02  1.665E-02  1.557E-02  1.452E-02  1.350E-02  1.250E-02  1.155E-02  1.063E-02  9.750E-03  8.917E-03  7.977E-03  7.100E-03  6.346E-03  5.702E-03  5.154E-03  4.438E-03  3.949E-03  3.385E-03  3.003E-03  2.535E-03  2.142E-03  1.804E-03  1.510E-03  1.257E-03  1.039E-03  8.569E-04  6.950E-04  5.563E-04  4.527E-04  3.559E-04  2.855E-04  2.244E-04  1.750E-04  1.363E-04  1.057E-04  8.135E-05  6.214E-05  4.710E-05  3.542E-05  2.554E-05  1.858E-05
  393.5000  1.902E-02  1.839E-02  1.777E-02  1.715E-02  1.654E-02  1.594E-02  1.534E-02  1.475E-02  1.416E-02  1.359E-02  1.301E-02  1.245E-02  1.189E-02  1.134E-02  1.080E-02  1.026E-02  9.736E-03  9.218E-03  8.709E-03  8.209E-03  7.720E-03  7.241E-03  6.772E-03  6.315E-03  5.871E-03  5.439E-03  5.024E-03  4.623E-03  4.240E-03  3.878E-03  3.469E-03  3.088E-03  2.759E-03  2.479E-03  2.241E-03  1.929E-03  1.716E-03  1.471E-03  1.305E-03  1.101E-03  9.302E-04  7.834E-04  6.558E-04  5.456E-04  4.511E-04  3.718E-04  3.015E-04  2.413E-04  1.963E-04  1.543E-04  1.237E-04  9.722E-05  7.581E-05  5.902E-05  4.577E-05  3.523E-05  2.691E-05  2.040E-05  1.534E-05  1.106E-05  8.051E-06
  394.5000  4.477E-02  4.329E-02  4.183E-02  4.038E-02  3.894E-02  3.752E-02  3.611E-02  3.472E-02  3.334E-02  3.198E-02  3.064E-02  2.931E-02  2.799E-02  2.670E-02  2.542E-02  2.416E-02  2.292E-02  2.170E-02  2.050E-02  1.932E-02  1.817E-02  1.705E-02  1.594E-02  1.487E-02  1.382E-02  1.280E-02  1.183E-02  1.088E-02  9.981E-03  9.127E-03  8.165E-03  7.267E-03  6.493E-03  5.834E-03  5.272E-03  4.539E-03  4.037E-03  3.459E-03  3.068E-03  2.589E-03  2.187E-03  1.841E-03  1.541E-03  1.282E-03  1.060E-03  8.732E-04  7.080E-04  5.664E-04  4.607E-04  3.620E-04  2.903E-04  2.280E-04  1.778E-04  1.384E-04  1.073E-04  8.258E-05  6.308E-05  4.781E-05  3.596E-05  2.594E-05  1.888E-05
  395.5000  5.763E-02  5.572E-02  5.383E-02  5.197E-02  5.012E-02  4.829E-02  4.648E-02  4.469E-02  4.291E-02  4.117E-02  3.943E-02  3.772E-02  3.603E-02  3.436E-02  3.272E-02  3.110E-02  2.950E-02  2.793E-02  2.639E-02  2.488E-02  2.339E-02  2.194E-02  2.052E-02  1.914E-02  1.779E-02  1.648E-02  1.522E-02  1.401E-02  1.285E-02  1.175E-02  1.051E-02  9.352E-03  8.356E-03  7.506E-03  6.783E-03  5.839E-03  5.193E-03  4.449E-03  3.945E-03  3.329E-03  2.811E-03  2.366E-03  1.981E-03  1.647E-03  1.361E-03  1.121E-03  9.090E-04  7.270E-04  5.912E-04  4.645E-04  3.724E-04  2.924E-04  2.279E-04  1.774E-04  1.375E-04  1.058E-04  8.084E-05  6.128E-05  4.609E-05  3.325E-05  2.420E-05
  396.5000  3.385E-02  3.273E-02  3.162E-02  3.053E-02  2.944E-02  2.837E-02  2.730E-02  2.625E-02  2.521E-02  2.418E-02  2.316E-02  2.216E-02  2.117E-02  2.019E-02  1.922E-02  1.827E-02  1.733E-02  1.641E-02  1.550E-02  1.461E-02  1.374E-02  1.289E-02  1.206E-02  1.124E-02  1.045E-02  9.682E-03  8.943E-03  8.228E-03  7.546E-03  6.900E-03  6.172E-03  5.493E-03  4.908E-03  4.408E-03  3.983E-03  3.428E-03  3.049E-03  2.611E-03  2.315E-03  1.953E-03  1.649E-03  1.388E-03  1.162E-03  9.657E-04  7.980E-04  6.573E-04  5.327E-04  4.259E-04  3.463E-04  2.720E-04  2.180E-04  1.712E-04  1.334E-04  1.038E-04  8.046E-05  6.192E-05  4.729E-05  3.585E-05  2.696E-05  1.945E-05  1.416E-05
  397.5000  3.908E-02  3.779E-02  3.651E-02  3.524E-02  3.399E-02  3.275E-02  3.152E-02  3.030E-02  2.910E-02  2.792E-02  2.674E-02  2.558E-02  2.444E-02  2.331E-02  2.219E-02  2.109E-02  2.001E-02  1.895E-02  1.790E-02  1.687E-02  1.587E-02  1.488E-02  1.392E-02  1.298E-02  1.207E-02  1.118E-02  1.032E-02  9.500E-03  8.712E-03  7.966E-03  7.126E-03  6.341E-03  5.665E-03  5.088E-03  4.596E-03  3.956E-03  3.517E-03  3.012E-03  2.671E-03  2.253E-03  1.902E-03  1.600E-03  1.339E-03  1.113E-03  9.195E-04  7.572E-04  6.135E-04  4.904E-04  3.986E-04  3.130E-04  2.509E-04  1.969E-04  1.534E-04  1.194E-04  9.251E-05  7.119E-05  5.437E-05  4.121E-05  3.100E-05  2.237E-05  1.629E-05
  398.5000  6.717E-02  6.495E-02  6.275E-02  6.058E-02  5.843E-02  5.629E-02  5.418E-02  5.209E-02  5.003E-02  4.799E-02  4.597E-02  4.398E-02  4.201E-02  4.006E-02  3.815E-02  3.626E-02  3.440E-02  3.257E-02  3.077E-02  2.901E-02  2.728E-02  2.559E-02  2.393E-02  2.232E-02  2.074E-02  1.922E-02  1.775E-02  1.633E-02  1.498E-02  1.369E-02  1.225E-02  1.090E-02  9.737E-03  8.744E-03  7.899E-03  6.798E-03  6.043E-03  5.175E-03  4.587E-03  3.869E-03  3.265E-03  2.747E-03  2.298E-03  1.910E-03  1.578E-03  1.299E-03  1.052E-03  8.408E-04  6.833E-04  5.364E-04  4.298E-04  3.373E-04  2.627E-04  2.044E-04  1.584E-04  1.219E-04  9.307E-05  7.055E-05  5.307E-05  3.830E-05  2.789E-05
  399.5000  6.989E-02  6.758E-02  6.529E-02  6.304E-02  6.079E-02  5.857E-02  5.638E-02  5.420E-02  5.205E-02  4.994E-02  4.784E-02  4.576E-02  4.371E-02  4.169E-02  3.970E-02  3.773E-02  3.580E-02  3.389E-02  3.202E-02  3.019E-02  2.839E-02  2.663E-02  2.490E-02  2.322E-02  2.159E-02  2.000E-02  1.847E-02  1.699E-02  1.558E-02  1.425E-02  1.274E-02  1.134E-02  1.013E-02  9.096E-03  8.216E-03  7.069E-03  6.284E-03  5.380E-03  4.768E-03  4.021E-03  3.393E-03  2.854E-03  2.387E-03  1.984E-03  1.638E-03  1.348E-03  1.092E-03  8.726E-04  7.089E-04  5.564E-04  4.457E-04  3.497E-04  2.723E-04  2.118E-04  1.641E-04  1.263E-04  9.643E-05  7.310E-05  5.499E-05  3.969E-05  2.890E-05
------------------------------------------------------------
Dose rates,W m-2
   1 = UV index (WMO, 1994; Webb et al., 2011)           
   2 = Previtamin-D3 (CIE 2006)                          
values at z =      0.025 km
Columns: time,sza,weighting spectra
time,hrs.  sza,deg.          1          2
   18.0000     84.207  1.070E-01  1.646E-03
   18.0167     84.403  1.027E-01  1.568E-03
   18.0333     84.598  9.848E-02  1.493E-03
   18.0500     84.793  9.438E-02  1.421E-03
   18.0667     84.989  9.037E-02  1.351E-03
   18.0833     85.185  8.645E-02  1.285E-03
   18.1000     85.382  8.262E-02  1.220E-03
   18.1167     85.578  7.888E-02  1.159E-03
   18.1333     85.775  7.523E-02  1.100E-03
   18.1500     85.971  7.168E-02  1.043E-03
   18.1667     86.168  6.821E-02  9.889E-04
   18.1833     86.365  6.483E-02  9.366E-04
   18.2000     86.563  6.154E-02  8.865E-04
   18.2167     86.760  5.834E-02  8.384E-04
   18.2333     86.958  5.522E-02  7.923E-04
   18.2500     87.155  5.220E-02  7.482E-04
   18.2667     87.353  4.926E-02  7.058E-04
   18.2833     87.552  4.640E-02  6.651E-04
   18.3000     87.750  4.363E-02  6.261E-04
   18.3167     87.949  4.095E-02  5.887E-04
   18.3333     88.147  3.836E-02  5.530E-04
   18.3500     88.346  3.586E-02  5.186E-04
   18.3667     88.545  3.344E-02  4.858E-04
   18.3833     88.744  3.110E-02  4.543E-04
   18.4000     88.943  2.886E-02  4.242E-04
   18.4167     89.143  2.671E-02  3.954E-04
   18.4333     89.342  2.466E-02  3.681E-04
   18.4500     89.542  2.270E-02  3.419E-04
   18.4667     89.742  2.085E-02  3.172E-04
   18.4833     89.942  1.911E-02  2.940E-04
   18.5000     90.142  1.716E-02  2.677E-04
   18.5167     90.342  1.536E-02  2.432E-04
   18.5333     90.543  1.381E-02  2.221E-04
   18.5500     90.743  1.250E-02  2.040E-04
   18.5667     90.944  1.137E-02  1.885E-04
   18.5833     91.145  9.912E-03  1.676E-04
   18.6000     91.346  8.905E-03  1.532E-04
   18.6167     91.547  7.739E-03  1.359E-04
   18.6333     91.749  6.942E-03  1.241E-04
   18.6500     91.950  5.961E-03  1.090E-04
   18.6667     92.152  5.124E-03  9.573E-05
   18.6833     92.354  4.395E-03  8.390E-05
   18.7000     92.556  3.752E-03  7.312E-05
   18.7167     92.757  3.186E-03  6.336E-05
   18.7333     92.959  2.691E-03  5.455E-05
   18.7500     93.162  2.266E-03  4.674E-05
   18.7667     93.364  1.875E-03  3.919E-05
   18.7833     93.567  1.537E-03  3.258E-05
   18.8000     93.769  1.274E-03  2.727E-05
   18.8167     93.972  1.019E-03  2.193E-05
   18.8333     94.175  8.246E-04  1.772E-05
   18.8500     94.378  6.573E-04  1.415E-05
   18.8667     94.581  5.150E-04  1.100E-05
   18.8833     94.785  4.006E-04  8.455E-06
   18.9000     94.988  3.086E-04  6.404E-06
   18.9167     95.191  2.345E-04  4.752E-06
   18.9333     95.395  1.753E-04  3.430E-06
   18.9500     95.599  1.286E-04  2.376E-06
   18.9667     95.803  9.153E-05  1.515E-06
   18.9833     96.007  6.142E-05  8.452E-07
   19.0000     96.210  4.101E-05  4.291E-07
------------------------------------------------------------
