Spectral Irradiance,W m-2 nm-1
values at z =      0.025 km
Columns: wavelength (nm),times (hrs.) or sza (deg.)
    wc,nm     18.000     18.017     18.033     18.050     18.067     18.083     18.100     18.117     18.133     18.150     18.167     18.183     18.200     18.217     18.233     18.250     18.267     18.283     18.300     18.317     18.333     18.350     18.367     18.383     18.400     18.417     18.433     18.450     18.467     18.483     18.500     18.517     18.533     18.550     18.567     18.583     18.600     18.617     18.633     18.650     18.667     18.683     18.700     18.717     18.733     18.750     18.767     18.783     18.800     18.817     18.833     18.850     18.867     18.883     18.900     18.917     18.933     18.950     18.967     18.983     19.000
    sza =      85.639     85.831     86.023     86.214     86.407     86.599     86.792     86.985     87.179     87.372     87.565     87.759     87.953     88.147     88.342     88.536     88.731     88.926     89.121     89.316     89.511     89.707     89.903     90.099     90.295     90.492     90.688     90.885     91.082     91.279     91.476     91.673     91.871     92.069     92.266     92.465     92.663     92.861     93.059     93.258     93.457     93.656     93.855     94.054     94.254     94.453     94.653     94.853     95.053     95.253     95.453     95.654     95.855     96.055     96.256     96.457     96.658     96.860     97.061     97.263     97.464
  280.5000  1.268E-28  1.238E-28  1.208E-28  1.178E-28  1.147E-28  1.117E-28  1.086E-28  1.055E-28  1.024E-28  9.931E-29  9.616E-29  9.298E-29  8.977E-29  8.655E-29  8.330E-29  8.004E-29  7.675E-29  7.344E-29  7.012E-29  6.679E-29  6.347E-29  6.017E-29  5.693E-29  5.306E-29  4.898E-29  4.543E-29  4.233E-29  3.961E-29  3.594E-29  3.296E-29  2.978E-29  2.708E-29  2.397E-29  2.125E-29  1.887E-29  1.662E-29  1.434E-29  1.215E-29  1.014E-29  8.449E-30  7.001E-30  5.563E-30  4.315E-30  3.186E-30  2.262E-30  1.422E-30  7.777E-31  3.473E-31  1.047E-31  1.544E-32  5.305E-34  1.910E-36  1.567E-40  0.000E+00  0.000E+00  0.000E+00  0.000E+00  0.000E+00  0.000E+00  0.000E+00  0.000E+00
  281.5000  4.298E-26  4.197E-26  4.096E-26  3.994E-26  3.891E-26  3.788E-26  3.684E-26  3.579E-26  3.474E-26  3.368E-26  3.262E-26  3.154E-26  3.046E-26  2.937E-26  2.827E-26  2.717E-26  2.605E-26  2.494E-26  2.381E-26  2.269E-26  2.157E-26  2.045E-26  1.935E-26  1.804E-26  1.666E-26  1.546E-26  1.441E-26  1.348E-26  1.224E-26  1.123E-26  1.015E-26  9.229E-27  8.173E-27  7.245E-27  6.435E-27  5.669E-27  4.894E-27  4.148E-27  3.465E-27  2.890E-27  2.398E-27  1.912E-27  1.493E-27  1.114E-27  8.032E-28  5.181E-28  2.952E-28  1.400E-28  4.657E-29  8.086E-30  3.726E-31  2.203E-33  4.139E-37  1.668E-43  0.000E+00  0.000E+00  0.000E+00  0.000E+00  0.000E+00  0.000E+00  0.000E+00
  282.5000  4.392E-24  4.288E-24  4.184E-24  4.080E-24  3.975E-24  3.870E-24  3.764E-24  3.657E-24  3.550E-24  3.442E-24  3.333E-24  3.223E-24  3.113E-24  3.002E-24  2.890E-24  2.777E-24  2.664E-24  2.550E-24  2.435E-24  2.321E-24  2.206E-24  2.093E-24  1.981E-24  1.847E-24  1.706E-24  1.583E-24  1.476E-24  1.382E-24  1.255E-24  1.151E-24  1.041E-24  9.470E-25  8.386E-25  7.438E-25  6.609E-25  5.823E-25  5.029E-25  4.265E-25  3.565E-25  2.976E-25  2.472E-25  1.977E-25  1.552E-25  1.168E-25  8.532E-26  5.626E-26  3.319E-26  1.660E-26  6.012E-27  1.206E-27  7.212E-29  6.618E-31  2.585E-34  3.750E-40  0.000E+00  0.000E+00  0.000E+00  0.000E+00  0.000E+00  0.000E+00  0.000E+00
  283.5000  7.998E-23  7.810E-23  7.620E-23  7.431E-23  7.239E-23  7.047E-23  6.854E-23  6.660E-23  6.464E-23  6.268E-23  6.070E-23  5.871E-23  5.670E-23  5.468E-23  5.264E-23  5.060E-23  4.853E-23  4.646E-23  4.438E-23  4.229E-23  4.022E-23  3.815E-23  3.611E-23  3.368E-23  3.112E-23  2.889E-23  2.694E-23  2.522E-23  2.290E-23  2.102E-23  1.901E-23  1.730E-23  1.532E-23  1.359E-23  1.208E-23  1.064E-23  9.195E-24  7.801E-24  6.524E-24  5.448E-24  4.530E-24  3.630E-24  2.858E-24  2.165E-24  1.593E-24  1.066E-24  6.428E-25  3.325E-25  1.274E-25  2.809E-26  1.995E-27  2.445E-29  1.544E-32  5.172E-38  0.000E+00  0.000E+00  0.000E+00  0.000E+00  0.000E+00  0.000E+00  0.000E+00
  284.5000  9.735E-21  9.505E-21  9.274E-21  9.043E-21  8.810E-21  8.576E-21  8.341E-21  8.105E-21  7.867E-21  7.629E-21  7.388E-21  7.146E-21  6.902E-21  6.657E-21  6.410E-21  6.162E-21  5.912E-21  5.660E-21  5.408E-21  5.155E-21  4.904E-21  4.653E-21  4.407E-21  4.111E-21  3.800E-21  3.529E-21  3.293E-21  3.085E-21  2.802E-21  2.573E-21  2.328E-21  2.119E-21  1.878E-21  1.667E-21  1.482E-21  1.307E-21  1.129E-21  9.590E-22  8.025E-22  6.709E-22  5.587E-22  4.492E-22  3.556E-22  2.719E-22  2.029E-22  1.389E-22  8.702E-23  4.765E-23  2.004E-23  5.171E-24  4.886E-25  9.722E-27  1.383E-29  1.932E-34  1.355E-42  0.000E+00  0.000E+00  0.000E+00  0.000E+00  0.000E+00  0.000E+00
  285.5000  2.130E-19  2.079E-19  2.028E-19  1.978E-19  1.927E-19  1.875E-19  1.824E-19  1.772E-19  1.720E-19  1.668E-19  1.615E-19  1.563E-19  1.509E-19  1.456E-19  1.402E-19  1.348E-19  1.293E-19  1.238E-19  1.183E-19  1.128E-19  1.073E-19  1.019E-19  9.650E-20  9.006E-20  8.326E-20  7.736E-20  7.220E-20  6.766E-20  6.150E-20  5.649E-20  5.114E-20  4.657E-20  4.129E-20  3.666E-20  3.261E-20  2.876E-20  2.487E-20  2.113E-20  1.769E-20  1.480E-20  1.234E-20  9.945E-21  7.905E-21  6.087E-21  4.587E-21  3.197E-21  2.059E-21  1.177E-21  5.322E-22  1.553E-22  1.837E-23  5.354E-25  1.439E-27  6.061E-32  2.742E-39  0.000E+00  0.000E+00  0.000E+00  0.000E+00  0.000E+00  0.000E+00
  286.5000  1.030E-17  1.005E-17  9.805E-18  9.559E-18  9.311E-18  9.063E-18  8.813E-18  8.563E-18  8.311E-18  8.059E-18  7.804E-18  7.549E-18  7.292E-18  7.033E-18  6.773E-18  6.512E-18  6.249E-18  5.992E-18  5.719E-18  5.453E-18  5.189E-18  4.926E-18  4.667E-18  4.356E-18  4.029E-18  3.744E-18  3.496E-18  3.277E-18  2.979E-18  2.738E-18  2.479E-18  2.258E-18  2.003E-18  1.779E-18  1.584E-18  1.397E-18  1.208E-18  1.027E-18  8.606E-19  7.206E-19  6.012E-19  4.854E-19  3.870E-19  2.995E-19  2.274E-19  1.606E-19  1.056E-19  6.242E-20  2.981E-20  9.560E-21  1.347E-21  5.279E-23  2.327E-25  2.302E-29  4.387E-36  0.000E+00  0.000E+00  0.000E+00  0.000E+00  0.000E+00  0.000E+00
  287.5000  2.836E-16  2.768E-16  2.700E-16  2.632E-16  2.563E-16  2.495E-16  2.426E-16  2.357E-16  2.287E-16  2.218E-16  2.148E-16  2.077E-16  2.006E-16  1.935E-16  1.864E-16  1.792E-16  1.720E-16  1.647E-16  1.574E-16  1.501E-16  1.429E-16  1.357E-16  1.286E-16  1.200E-16  1.110E-16  1.032E-16  9.642E-17  9.042E-17  8.225E-17  7.561E-17  6.851E-17  6.244E-17  5.541E-17  4.925E-17  4.385E-17  3.870E-17  3.350E-17  2.849E-17  2.388E-17  2.001E-17  1.671E-17  1.352E-17  1.081E-17  8.414E-18  6.438E-18  4.609E-18  3.101E-18  1.897E-18  9.604E-19  3.405E-19  5.778E-20  3.108E-21  2.333E-23  5.817E-27  5.299E-33  4.396E-42  0.000E+00  0.000E+00  0.000E+00  0.000E+00  0.000E+00
  288.5000  7.901E-15  7.709E-15  7.518E-15  7.327E-15  7.135E-15  6.942E-15  6.749E-15  6.556E-15  6.362E-15  6.168E-15  5.972E-15  5.776E-15  5.578E-15  5.380E-15  5.181E-15  4.982E-15  4.781E-15  4.579E-15  4.377E-15  4.175E-15  3.974E-15  3.774E-15  3.578E-15  3.342E-15  3.092E-15  2.876E-15  2.688E-15  2.521E-15  2.295E-15  2.111E-15  1.914E-15  1.745E-15  1.549E-15  1.378E-15  1.228E-15  1.084E-15  9.393E-16  7.997E-16  6.708E-16  5.625E-16  4.703E-16  3.812E-16  3.059E-16  2.394E-16  1.847E-16  1.341E-16  9.240E-17  5.865E-17  3.162E-17  1.250E-17  2.599E-18  1.979E-19  2.669E-21  1.835E-24  9.264E-30  1.058E-37  0.000E+00  0.000E+00  0.000E+00  0.000E+00  0.000E+00
  289.5000  1.485E-13  1.449E-13  1.413E-13  1.376E-13  1.340E-13  1.304E-13  1.267E-13  1.231E-13  1.194E-13  1.157E-13  1.120E-13  1.083E-13  1.046E-13  1.009E-13  9.716E-14  9.342E-14  8.965E-14  8.587E-14  8.209E-14  7.830E-14  7.454E-14  7.079E-14  6.712E-14  6.270E-14  5.803E-14  5.398E-14  5.046E-14  4.736E-14  4.312E-14  3.968E-14  3.599E-14  3.284E-14  2.917E-14  2.596E-14  2.315E-14  2.045E-14  1.772E-14  1.510E-14  1.267E-14  1.063E-14  8.898E-15  7.224E-15  5.811E-15  4.565E-15  3.542E-15  2.598E-15  1.820E-15  1.186E-15  6.694E-16  2.867E-16  6.936E-17  6.842E-18  1.428E-19  2.072E-22  3.645E-27  2.764E-34  1.401E-45  0.000E+00  0.000E+00  0.000E+00  0.000E+00
  290.5000  1.678E-12  1.637E-12  1.595E-12  1.554E-12  1.513E-12  1.471E-12  1.430E-12  1.388E-12  1.347E-12  1.305E-12  1.263E-12  1.222E-12  1.179E-12  1.137E-12  1.095E-12  1.053E-12  1.010E-12  9.676E-13  9.249E-13  8.823E-13  8.399E-13  7.978E-13  7.564E-13  7.067E-13  6.543E-13  6.088E-13  5.692E-13  5.344E-13  4.867E-13  4.480E-13  4.066E-13  3.711E-13  3.299E-13  2.937E-13  2.620E-13  2.316E-13  2.008E-13  1.712E-13  1.438E-13  1.207E-13  1.011E-13  8.218E-14  6.623E-14  5.220E-14  4.068E-14  3.008E-14  2.136E-14  1.422E-14  8.327E-15  3.808E-15  1.043E-15  1.274E-16  3.819E-18  1.033E-20  5.160E-25  1.911E-31  4.165E-42  0.000E+00  0.000E+00  0.000E+00  0.000E+00
  291.5000  1.725E-11  1.682E-11  1.639E-11  1.596E-11  1.553E-11  1.510E-11  1.467E-11  1.424E-11  1.381E-11  1.338E-11  1.295E-11  1.252E-11  1.208E-11  1.165E-11  1.121E-11  1.078E-11  1.034E-11  9.904E-12  9.467E-12  9.030E-12  8.597E-12  8.166E-12  7.743E-12  7.236E-12  6.700E-12  6.235E-12  5.832E-12  5.477E-12  4.991E-12  4.596E-12  4.173E-12  3.811E-12  3.390E-12  3.021E-12  2.697E-12  2.385E-12  2.069E-12  1.766E-12  1.484E-12  1.247E-12  1.045E-12  8.508E-13  6.871E-13  5.434E-13  4.255E-13  3.174E-13  2.286E-13  1.557E-13  9.486E-14  4.653E-14  1.458E-14  2.246E-15  1.002E-16  5.399E-19  8.639E-23  1.891E-28  8.373E-38  0.000E+00  0.000E+00  0.000E+00  0.000E+00
  292.5000  1.095E-10  1.067E-10  1.039E-10  1.012E-10  9.839E-11  9.563E-11  9.288E-11  9.012E-11  8.737E-11  8.462E-11  8.186E-11  7.911E-11  7.635E-11  7.358E-11  7.082E-11  6.806E-11  6.528E-11  6.251E-11  5.974E-11  5.698E-11  5.424E-11  5.152E-11  4.886E-11  4.565E-11  4.228E-11  3.935E-11  3.681E-11  3.458E-11  3.152E-11  2.904E-11  2.638E-11  2.410E-11  2.145E-11  1.913E-11  1.709E-11  1.512E-11  1.313E-11  1.121E-11  9.426E-12  7.927E-12  6.648E-12  5.420E-12  4.385E-12  3.478E-12  2.734E-12  2.053E-12  1.495E-12  1.038E-12  6.534E-13  3.400E-13  1.194E-13  2.241E-14  1.403E-15  1.352E-17  5.702E-21  5.391E-26  2.777E-34  2.803E-45  0.000E+00  0.000E+00  0.000E+00
  293.5000  7.917E-10  7.712E-10  7.508E-10  7.306E-10  7.103E-10  6.901E-10  6.699E-10  6.498E-10  6.297E-10  6.096E-10  5.895E-10  5.695E-10  5.494E-10  5.293E-10  5.093E-10  4.893E-10  4.692E-10  4.492E-10  4.292E-10  4.092E-10  3.895E-10  3.699E-10  3.508E-10  3.278E-10  3.036E-10  2.826E-10  2.644E-10  2.484E-10  2.265E-10  2.087E-10  1.897E-10  1.734E-10  1.544E-10  1.378E-10  1.232E-10  1.090E-10  9.474E-11  8.100E-11  6.814E-11  5.735E-11  4.814E-11  3.930E-11  3.184E-11  2.532E-11  1.997E-11  1.509E-11  1.110E-11  7.835E-12  5.080E-12  2.788E-12  1.086E-12  2.443E-13  2.092E-14  3.460E-16  3.623E-19  1.354E-23  7.045E-31  1.184E-40  0.000E+00  0.000E+00  0.000E+00
  294.5000  3.111E-09  3.029E-09  2.948E-09  2.867E-09  2.786E-09  2.706E-09  2.626E-09  2.546E-09  2.466E-09  2.386E-09  2.307E-09  2.227E-09  2.148E-09  2.069E-09  1.990E-09  1.911E-09  1.832E-09  1.753E-09  1.675E-09  1.596E-09  1.519E-09  1.443E-09  1.368E-09  1.278E-09  1.183E-09  1.102E-09  1.031E-09  9.686E-10  8.834E-10  8.143E-10  7.402E-10  6.769E-10  6.031E-10  5.382E-10  4.815E-10  4.265E-10  3.708E-10  3.173E-10  2.671E-10  2.249E-10  1.890E-10  1.544E-10  1.253E-10  9.983E-11  7.895E-11  5.994E-11  4.446E-11  3.179E-11  2.110E-11  1.210E-11  5.130E-12  1.342E-12  1.488E-13  3.835E-15  8.395E-18  9.458E-22  3.075E-28  6.228E-37  0.000E+00  0.000E+00  0.000E+00
  295.5000  1.707E-08  1.661E-08  1.615E-08  1.570E-08  1.525E-08  1.480E-08  1.435E-08  1.391E-08  1.346E-08  1.302E-08  1.258E-08  1.214E-08  1.170E-08  1.127E-08  1.083E-08  1.039E-08  9.962E-09  9.528E-09  9.098E-09  8.670E-09  8.247E-09  7.829E-09  7.420E-09  6.933E-09  6.419E-09  5.975E-09  5.590E-09  5.254E-09  4.792E-09  4.418E-09  4.018E-09  3.675E-09  3.276E-09  2.926E-09  2.619E-09  2.321E-09  2.020E-09  1.730E-09  1.457E-09  1.228E-09  1.033E-09  8.450E-10  6.864E-10  5.482E-10  4.347E-10  3.316E-10  2.479E-10  1.795E-10  1.220E-10  7.295E-11  3.368E-11  1.023E-11  1.475E-12  5.984E-14  2.809E-16  9.965E-20  2.201E-25  6.043E-33  1.115E-42  0.000E+00  0.000E+00
  296.5000  5.766E-08  5.607E-08  5.449E-08  5.293E-08  5.138E-08  4.983E-08  4.829E-08  4.676E-08  4.524E-08  4.373E-08  4.223E-08  4.073E-08  3.923E-08  3.774E-08  3.626E-08  3.479E-08  3.332E-08  3.186E-08  3.040E-08  2.896E-08  2.753E-08  2.613E-08  2.475E-08  2.312E-08  2.140E-08  1.992E-08  1.863E-08  1.751E-08  1.597E-08  1.473E-08  1.340E-08  1.226E-08  1.093E-08  9.768E-09  8.748E-09  7.758E-09  6.754E-09  5.791E-09  4.882E-09  4.118E-09  3.465E-09  2.838E-09  2.309E-09  1.847E-09  1.468E-09  1.124E-09  8.460E-10  6.192E-10  4.288E-10  2.659E-10  1.320E-10  4.565E-11  8.256E-12  4.949E-13  4.468E-15  4.211E-18  4.681E-23  1.134E-29  3.466E-38  0.000E+00  0.000E+00
  297.5000  1.992E-07  1.936E-07  1.880E-07  1.824E-07  1.769E-07  1.715E-07  1.661E-07  1.607E-07  1.554E-07  1.501E-07  1.448E-07  1.396E-07  1.344E-07  1.292E-07  1.240E-07  1.189E-07  1.138E-07  1.087E-07  1.037E-07  9.874E-08  9.383E-08  8.900E-08  8.428E-08  7.869E-08  7.282E-08  6.775E-08  6.337E-08  5.953E-08  5.431E-08  5.007E-08  4.555E-08  4.169E-08  3.719E-08  3.325E-08  2.979E-08  2.643E-08  2.303E-08  1.976E-08  1.667E-08  1.407E-08  1.185E-08  9.720E-09  7.915E-09  6.344E-09  5.051E-09  3.881E-09  2.936E-09  2.168E-09  1.526E-09  9.750E-10  5.144E-10  1.986E-10  4.366E-11  3.669E-12  5.853E-14  1.293E-16  5.898E-21  9.596E-27  3.430E-34  5.605E-45  0.000E+00
  298.5000  3.950E-07  3.835E-07  3.721E-07  3.608E-07  3.497E-07  3.386E-07  3.277E-07  3.168E-07  3.061E-07  2.954E-07  2.848E-07  2.743E-07  2.639E-07  2.535E-07  2.432E-07  2.330E-07  2.230E-07  2.128E-07  2.029E-07  1.930E-07  1.833E-07  1.738E-07  1.645E-07  1.535E-07  1.420E-07  1.320E-07  1.234E-07  1.159E-07  1.058E-07  9.750E-08  8.870E-08  8.118E-08  7.244E-08  6.479E-08  5.809E-08  5.155E-08  4.494E-08  3.861E-08  3.259E-08  2.753E-08  2.320E-08  1.905E-08  1.553E-08  1.246E-08  9.940E-09  7.659E-09  5.821E-09  4.330E-09  3.088E-09  2.024E-09  1.124E-09  4.770E-10  1.240E-10  1.394E-11  3.629E-13  1.666E-15  2.532E-19  2.069E-24  5.893E-31  2.032E-40  0.000E+00
  299.5000  1.439E-06  1.396E-06  1.353E-06  1.311E-06  1.269E-06  1.228E-06  1.187E-06  1.147E-06  1.107E-06  1.067E-06  1.028E-06  9.890E-07  9.505E-07  9.124E-07  8.746E-07  8.373E-07  8.002E-07  7.635E-07  7.271E-07  6.913E-07  6.560E-07  6.214E-07  5.878E-07  5.482E-07  5.068E-07  4.711E-07  4.402E-07  4.133E-07  3.769E-07  3.473E-07  3.160E-07  2.892E-07  2.581E-07  2.309E-07  2.071E-07  1.839E-07  1.604E-07  1.379E-07  1.165E-07  9.850E-08  8.307E-08  6.828E-08  5.571E-08  4.479E-08  3.577E-08  2.764E-08  2.109E-08  1.578E-08  1.139E-08  7.627E-09  4.434E-09  2.044E-09  6.177E-10  9.034E-11  3.682E-12  3.316E-14  1.540E-17  5.706E-22  1.150E-27  6.672E-36  0.000E+00
  300.5000  1.994E-06  1.932E-06  1.871E-06  1.811E-06  1.751E-06  1.692E-06  1.634E-06  1.577E-06  1.521E-06  1.465E-06  1.410E-06  1.355E-06  1.302E-06  1.248E-06  1.196E-06  1.143E-06  1.092E-06  1.041E-06  9.906E-07  9.410E-07  8.923E-07  8.446E-07  7.983E-07  7.441E-07  6.875E-07  6.387E-07  5.965E-07  5.597E-07  5.102E-07  4.701E-07  4.276E-07  3.912E-07  3.492E-07  3.125E-07  2.803E-07  2.490E-07  2.173E-07  1.870E-07  1.581E-07  1.337E-07  1.129E-07  9.287E-08  7.584E-08  6.105E-08  4.882E-08  3.780E-08  2.893E-08  2.177E-08  1.584E-08  1.080E-08  6.508E-09  3.209E-09  1.095E-09  1.983E-10  1.161E-11  1.799E-13  2.035E-16  2.456E-20  2.238E-25  1.111E-32  1.740E-42
  301.5000  6.149E-06  5.949E-06  5.753E-06  5.560E-06  5.370E-06  5.183E-06  4.999E-06  4.818E-06  4.639E-06  4.463E-06  4.290E-06  4.118E-06  3.949E-06  3.783E-06  3.619E-06  3.457E-06  3.297E-06  3.140E-06  2.984E-06  2.832E-06  2.682E-06  2.539E-06  2.395E-06  2.230E-06  2.059E-06  1.911E-06  1.783E-06  1.672E-06  1.523E-06  1.403E-06  1.276E-06  1.167E-06  1.041E-06  9.318E-07  8.360E-07  7.426E-07  6.485E-07  5.586E-07  4.726E-07  4.002E-07  3.380E-07  2.785E-07  2.276E-07  1.835E-07  1.470E-07  1.140E-07  8.759E-08  6.622E-08  4.864E-08  3.372E-08  2.107E-08  1.112E-08  4.302E-09  9.719E-10  8.328E-11  2.293E-12  6.707E-15  2.861E-18  1.317E-22  6.731E-29  2.479E-37
  302.5000  1.036E-05  1.001E-05  9.673E-06  9.339E-06  9.009E-06  8.686E-06  8.368E-06  8.055E-06  7.748E-06  7.446E-06  7.148E-06  6.856E-06  6.567E-06  6.284E-06  6.005E-06  5.730E-06  5.460E-06  5.194E-06  4.932E-06  4.675E-06  4.425E-06  4.180E-06  3.942E-06  3.669E-06  3.385E-06  3.139E-06  2.927E-06  2.743E-06  2.497E-06  2.298E-06  2.089E-06  1.910E-06  1.705E-06  1.525E-06  1.368E-06  1.216E-06  1.062E-06  9.155E-07  7.749E-07  6.566E-07  5.550E-07  4.577E-07  3.744E-07  3.022E-07  2.422E-07  1.883E-07  1.449E-07  1.099E-07  8.125E-08  5.697E-08  3.647E-08  2.015E-08  8.485E-09  2.228E-09  2.473E-10  1.006E-11  5.569E-14  5.455E-17  7.186E-21  1.673E-26  4.760E-34
  303.5000  2.578E-05  2.488E-05  2.399E-05  2.312E-05  2.227E-05  2.143E-05  2.062E-05  1.981E-05  1.903E-05  1.826E-05  1.750E-05  1.675E-05  1.602E-05  1.531E-05  1.460E-05  1.392E-05  1.324E-05  1.257E-05  1.192E-05  1.129E-05  1.066E-05  1.006E-05  9.480E-06  8.809E-06  8.117E-06  7.519E-06  7.003E-06  6.555E-06  5.964E-06  5.483E-06  4.981E-06  4.551E-06  4.060E-06  3.632E-06  3.260E-06  2.895E-06  2.529E-06  2.182E-06  1.848E-06  1.568E-06  1.326E-06  1.095E-06  8.967E-07  7.248E-07  5.817E-07  4.530E-07  3.497E-07  2.663E-07  1.981E-07  1.406E-07  9.243E-08  5.375E-08  2.490E-08  7.757E-09  1.158E-09  7.390E-11  8.586E-13  2.241E-15  1.033E-18  1.460E-23  4.730E-30
  304.5000  3.548E-05  3.419E-05  3.293E-05  3.171E-05  3.051E-05  2.933E-05  2.818E-05  2.705E-05  2.594E-05  2.486E-05  2.380E-05  2.277E-05  2.175E-05  2.075E-05  1.978E-05  1.882E-05  1.789E-05  1.697E-05  1.607E-05  1.520E-05  1.435E-05  1.352E-05  1.273E-05  1.182E-05  1.088E-05  1.007E-05  9.371E-06  8.764E-06  7.968E-06  7.322E-06  6.647E-06  6.070E-06  5.414E-06  4.842E-06  4.342E-06  3.858E-06  3.371E-06  2.911E-06  2.466E-06  2.092E-06  1.771E-06  1.464E-06  1.200E-06  9.705E-07  7.795E-07  6.079E-07  4.700E-07  3.587E-07  2.679E-07  1.916E-07  1.280E-07  7.673E-08  3.765E-08  1.299E-08  2.316E-09  1.928E-10  3.463E-12  1.606E-14  1.541E-17  6.155E-22  7.932E-28
  305.5000  6.767E-05  6.508E-05  6.255E-05  6.009E-05  5.769E-05  5.534E-05  5.305E-05  5.082E-05  4.864E-05  4.652E-05  4.444E-05  4.241E-05  4.043E-05  3.849E-05  3.660E-05  3.476E-05  3.297E-05  3.121E-05  2.950E-05  2.784E-05  2.623E-05  2.468E-05  2.318E-05  2.149E-05  1.975E-05  1.825E-05  1.696E-05  1.583E-05  1.438E-05  1.319E-05  1.196E-05  1.091E-05  9.727E-06  8.695E-06  7.799E-06  6.922E-06  6.050E-06  5.227E-06  4.431E-06  3.762E-06  3.187E-06  2.637E-06  2.164E-06  1.754E-06  1.410E-06  1.102E-06  8.540E-07  6.540E-07  4.911E-07  3.545E-07  2.417E-07  1.509E-07  7.998E-08  3.174E-08  7.232E-09  8.757E-10  2.934E-11  3.173E-13  9.116E-16  1.742E-19  1.823E-24
  306.5000  8.353E-05  8.024E-05  7.704E-05  7.393E-05  7.090E-05  6.794E-05  6.506E-05  6.226E-05  5.952E-05  5.686E-05  5.426E-05  5.173E-05  4.926E-05  4.685E-05  4.451E-05  4.223E-05  4.000E-05  3.783E-05  3.572E-05  3.367E-05  3.169E-05  2.978E-05  2.795E-05  2.589E-05  2.377E-05  2.194E-05  2.037E-05  1.901E-05  1.725E-05  1.581E-05  1.433E-05  1.307E-05  1.164E-05  1.040E-05  9.327E-06  8.275E-06  7.233E-06  6.251E-06  5.300E-06  4.502E-06  3.815E-06  3.160E-06  2.594E-06  2.104E-06  1.693E-06  1.324E-06  1.028E-06  7.881E-07  5.933E-07  4.303E-07  2.962E-07  1.884E-07  1.035E-07  4.381E-08  1.116E-08  1.599E-09  7.041E-11  1.093E-12  4.980E-15  1.846E-18  4.682E-23
  307.5000  1.716E-04  1.643E-04  1.573E-04  1.505E-04  1.439E-04  1.376E-04  1.314E-04  1.254E-04  1.195E-04  1.139E-04  1.084E-04  1.031E-04  9.788E-05  9.284E-05  8.796E-05  8.323E-05  7.863E-05  7.417E-05  6.985E-05  6.567E-05  6.165E-05  5.779E-05  5.410E-05  4.998E-05  4.580E-05  4.219E-05  3.908E-05  3.638E-05  3.296E-05  3.016E-05  2.730E-05  2.485E-05  2.211E-05  1.973E-05  1.768E-05  1.568E-05  1.370E-05  1.184E-05  1.004E-05  8.538E-06  7.240E-06  6.004E-06  4.935E-06  4.009E-06  3.230E-06  2.532E-06  1.969E-06  1.514E-06  1.145E-06  8.363E-07  5.845E-07  3.831E-07  2.231E-07  1.052E-07  3.256E-08  6.296E-09  4.595E-10  1.423E-11  1.593E-13  2.158E-16  3.110E-20
  308.5000  2.226E-04  2.129E-04  2.036E-04  1.945E-04  1.858E-04  1.773E-04  1.691E-04  1.612E-04  1.535E-04  1.461E-04  1.389E-04  1.319E-04  1.251E-04  1.185E-04  1.122E-04  1.060E-04  1.000E-04  9.425E-05  8.866E-05  8.330E-05  7.808E-05  7.309E-05  6.835E-05  6.308E-05  5.774E-05  5.313E-05  4.916E-05  4.573E-05  4.138E-05  3.784E-05  3.422E-05  3.112E-05  2.767E-05  2.469E-05  2.211E-05  1.960E-05  1.712E-05  1.480E-05  1.255E-05  1.067E-05  9.055E-06  7.514E-06  6.180E-06  5.024E-06  4.051E-06  3.178E-06  2.474E-06  1.905E-06  1.443E-06  1.058E-06  7.442E-07  4.943E-07  2.954E-07  1.459E-07  4.902E-08  1.073E-08  9.592E-10  3.875E-11  6.079E-13  1.340E-15  3.682E-19
  309.5000  2.599E-04  2.478E-04  2.361E-04  2.250E-04  2.142E-04  2.039E-04  1.939E-04  1.843E-04  1.751E-04  1.662E-04  1.575E-04  1.492E-04  1.412E-04  1.334E-04  1.259E-04  1.187E-04  1.117E-04  1.050E-04  9.850E-05  9.225E-05  8.630E-05  8.059E-05  7.517E-05  6.922E-05  6.321E-05  5.803E-05  5.357E-05  4.972E-05  4.490E-05  4.098E-05  3.700E-05  3.359E-05  2.983E-05  2.658E-05  2.378E-05  2.105E-05  1.838E-05  1.590E-05  1.348E-05  1.147E-05  9.731E-06  8.083E-06  6.654E-06  5.417E-06  4.372E-06  3.436E-06  2.680E-06  2.068E-06  1.571E-06  1.157E-06  8.218E-07  5.561E-07  3.448E-07  1.826E-07  6.955E-08  1.852E-08  2.305E-09  1.465E-10  4.147E-12  2.149E-14  1.851E-17
  310.5000  4.443E-04  4.224E-04  4.015E-04  3.815E-04  3.623E-04  3.440E-04  3.263E-04  3.094E-04  2.932E-04  2.776E-04  2.626E-04  2.481E-04  2.342E-04  2.209E-04  2.080E-04  1.957E-04  1.837E-04  1.723E-04  1.613E-04  1.508E-04  1.407E-04  1.311E-04  1.220E-04  1.121E-04  1.022E-04  9.359E-05  8.622E-05  7.986E-05  7.200E-05  6.559E-05  5.912E-05  5.359E-05  4.752E-05  4.230E-05  3.780E-05  3.343E-05  2.917E-05  2.523E-05  2.139E-05  1.819E-05  1.544E-05  1.284E-05  1.058E-05  8.621E-06  6.964E-06  5.481E-06  4.281E-06  3.310E-06  2.521E-06  1.863E-06  1.332E-06  9.141E-07  5.822E-07  3.243E-07  1.356E-07  4.169E-08  6.598E-09  5.795E-10  2.490E-11  2.364E-13  4.546E-16
  311.5000  6.722E-04  6.378E-04  6.049E-04  5.737E-04  5.437E-04  5.151E-04  4.877E-04  4.615E-04  4.364E-04  4.124E-04  3.894E-04  3.673E-04  3.461E-04  3.258E-04  3.063E-04  2.870E-04  2.696E-04  2.524E-04  2.359E-04  2.202E-04  2.051E-04  1.908E-04  1.773E-04  1.626E-04  1.480E-04  1.353E-04  1.245E-04  1.151E-04  1.036E-04  9.426E-05  8.484E-05  7.681E-05  6.804E-05  6.050E-05  5.402E-05  4.773E-05  4.162E-05  3.600E-05  3.050E-05  2.595E-05  2.203E-05  1.833E-05  1.510E-05  1.232E-05  9.961E-06  7.848E-06  6.137E-06  4.750E-06  3.625E-06  2.684E-06  1.928E-06  1.335E-06  8.648E-07  4.976E-07  2.208E-07  7.451E-08  1.378E-08  1.492E-09  8.409E-11  1.188E-12  3.890E-15
  312.5000  9.184E-04  8.680E-04  8.201E-04  7.746E-04  7.311E-04  6.897E-04  6.503E-04  6.128E-04  5.770E-04  5.431E-04  5.106E-04  4.797E-04  4.502E-04  4.221E-04  3.952E-04  3.697E-04  3.453E-04  3.220E-04  2.998E-04  2.786E-04  2.586E-04  2.397E-04  2.219E-04  2.028E-04  1.839E-04  1.675E-04  1.535E-04  1.414E-04  1.269E-04  1.151E-04  1.032E-04  9.318E-05  8.232E-05  7.301E-05  6.504E-05  5.736E-05  4.993E-05  4.315E-05  3.653E-05  3.106E-05  2.637E-05  2.196E-05  1.811E-05  1.480E-05  1.198E-05  9.458E-06  7.412E-06  5.751E-06  4.402E-06  3.272E-06  2.369E-06  1.662E-06  1.107E-06  6.719E-07  3.297E-07  1.307E-07  3.180E-08  5.011E-09  4.601E-10  1.326E-11  1.118E-13
  313.5000  1.135E-03  1.072E-03  1.012E-03  9.548E-04  9.004E-04  8.486E-04  7.994E-04  7.525E-04  7.080E-04  6.657E-04  6.253E-04  5.868E-04  5.502E-04  5.153E-04  4.821E-04  4.505E-04  4.204E-04  3.917E-04  3.644E-04  3.384E-04  3.138E-04  2.906E-04  2.687E-04  2.454E-04  2.223E-04  2.024E-04  1.853E-04  1.705E-04  1.529E-04  1.385E-04  1.241E-04  1.120E-04  9.883E-05  8.759E-05  7.798E-05  6.872E-05  5.979E-05  5.166E-05  4.372E-05  3.717E-05  3.156E-05  2.628E-05  2.169E-05  1.773E-05  1.436E-05  1.134E-05  8.896E-06  6.909E-06  5.294E-06  3.940E-06  2.859E-06  2.015E-06  1.354E-06  8.348E-07  4.217E-07  1.747E-07  4.563E-08  7.854E-09  8.047E-10  2.729E-11  2.849E-13
  314.5000  1.613E-03  1.519E-03  1.430E-03  1.346E-03  1.265E-03  1.188E-03  1.115E-03  1.046E-03  9.796E-04  9.171E-04  8.577E-04  8.014E-04  7.479E-04  6.973E-04  6.494E-04  6.041E-04  5.610E-04  5.203E-04  4.818E-04  4.454E-04  4.113E-04  3.791E-04  3.490E-04  3.174E-04  2.862E-04  2.594E-04  2.364E-04  2.167E-04  1.934E-04  1.744E-04  1.558E-04  1.399E-04  1.230E-04  1.087E-04  9.646E-05  8.475E-05  7.354E-05  6.346E-05  5.361E-05  4.553E-05  3.862E-05  3.218E-05  2.657E-05  2.175E-05  1.763E-05  1.396E-05  1.098E-05  8.547E-06  6.570E-06  4.908E-06  3.582E-06  2.552E-06  1.751E-06  1.125E-06  6.152E-07  2.899E-07  9.487E-08  2.228E-08  3.435E-09  2.135E-10  5.003E-12
  315.5000  1.772E-03  1.670E-03  1.571E-03  1.478E-03  1.389E-03  1.304E-03  1.223E-03  1.147E-03  1.074E-03  1.005E-03  9.394E-04  8.773E-04  8.184E-04  7.626E-04  7.097E-04  6.598E-04  6.125E-04  5.677E-04  5.254E-04  4.855E-04  4.479E-04  4.126E-04  3.797E-04  3.451E-04  3.110E-04  2.817E-04  2.566E-04  2.350E-04  2.096E-04  1.889E-04  1.686E-04  1.513E-04  1.330E-04  1.174E-04  1.042E-04  9.143E-05  7.931E-05  6.842E-05  5.777E-05  4.905E-05  4.161E-05  3.467E-05  2.863E-05  2.344E-05  1.902E-05  1.507E-05  1.185E-05  9.236E-06  7.108E-06  5.314E-06  3.885E-06  2.777E-06  1.916E-06  1.244E-06  6.934E-07  3.363E-07  1.151E-07  2.848E-08  4.675E-09  3.191E-10  8.439E-12
  316.5000  2.434E-03  2.293E-03  2.157E-03  2.028E-03  1.903E-03  1.785E-03  1.671E-03  1.564E-03  1.461E-03  1.364E-03  1.271E-03  1.183E-03  1.100E-03  1.021E-03  9.469E-04  8.768E-04  8.106E-04  7.481E-04  6.894E-04  6.342E-04  5.826E-04  5.343E-04  4.895E-04  4.429E-04  3.974E-04  3.583E-04  3.249E-04  2.962E-04  2.631E-04  2.360E-04  2.097E-04  1.874E-04  1.640E-04  1.442E-04  1.274E-04  1.115E-04  9.636E-05  8.294E-05  6.987E-05  5.921E-05  5.016E-05  4.178E-05  3.450E-05  2.828E-05  2.296E-05  1.823E-05  1.438E-05  1.123E-05  8.669E-06  6.504E-06  4.778E-06  3.442E-06  2.411E-06  1.611E-06  9.519E-07  5.076E-07  2.055E-07  6.438E-08  1.446E-08  1.571E-09  7.699E-11
  317.5000  3.441E-03  3.241E-03  3.049E-03  2.866E-03  2.691E-03  2.523E-03  2.363E-03  2.211E-03  2.066E-03  1.928E-03  1.797E-03  1.673E-03  1.556E-03  1.445E-03  1.340E-03  1.241E-03  1.147E-03  1.059E-03  9.760E-04  8.980E-04  8.251E-04  7.569E-04  6.935E-04  6.276E-04  5.632E-04  5.079E-04  4.607E-04  4.201E-04  3.731E-04  3.348E-04  2.975E-04  2.659E-04  2.328E-04  2.047E-04  1.809E-04  1.583E-04  1.368E-04  1.177E-04  9.918E-05  8.405E-05  7.120E-05  5.932E-05  4.898E-05  4.016E-05  3.261E-05  2.590E-05  2.043E-05  1.596E-05  1.233E-05  9.251E-06  6.799E-06  4.903E-06  3.440E-06  2.306E-06  1.369E-06  7.347E-07  2.994E-07  9.412E-08  2.114E-08  2.300E-09  1.126E-10
  318.5000  3.763E-03  3.550E-03  3.345E-03  3.148E-03  2.958E-03  2.775E-03  2.600E-03  2.432E-03  2.272E-03  2.119E-03  1.973E-03  1.834E-03  1.702E-03  1.577E-03  1.459E-03  1.347E-03  1.241E-03  1.142E-03  1.049E-03  9.608E-04  8.791E-04  8.028E-04  7.322E-04  6.596E-04  5.892E-04  5.287E-04  4.771E-04  4.329E-04  3.825E-04  3.415E-04  3.019E-04  2.684E-04  2.338E-04  2.045E-04  1.800E-04  1.572E-04  1.348E-04  1.157E-04  9.710E-05  8.205E-05  6.935E-05  5.771E-05  4.761E-05  3.905E-05  3.173E-05  2.525E-05  1.996E-05  1.565E-05  1.213E-05  9.136E-06  6.746E-06  4.901E-06  3.483E-06  2.392E-06  1.491E-06  8.673E-07  4.089E-07  1.582E-07  4.702E-08  7.790E-09  6.669E-10
  319.5000  4.902E-03  4.628E-03  4.363E-03  4.108E-03  3.862E-03  3.625E-03  3.397E-03  3.179E-03  2.970E-03  2.771E-03  2.581E-03  2.399E-03  2.227E-03  2.063E-03  1.908E-03  1.761E-03  1.623E-03  1.492E-03  1.370E-03  1.255E-03  1.147E-03  1.047E-03  9.547E-04  8.595E-04  7.671E-04  6.879E-04  6.203E-04  5.625E-04  4.966E-04  4.429E-04  3.912E-04  3.475E-04  3.024E-04  2.643E-04  2.324E-04  2.017E-04  1.738E-04  1.490E-04  1.249E-04  1.055E-04  8.911E-05  7.413E-05  6.114E-05  5.016E-05  4.076E-05  3.245E-05  2.568E-05  2.014E-05  1.563E-05  1.179E-05  8.714E-06  6.344E-06  4.525E-06  3.128E-06  1.973E-06  1.170E-06  5.692E-07  2.293E-07  7.170E-08  1.283E-08  1.215E-09
  320.5000  6.465E-03  6.107E-03  5.761E-03  5.428E-03  5.105E-03  4.794E-03  4.495E-03  4.208E-03  3.933E-03  3.670E-03  3.419E-03  3.178E-03  2.950E-03  2.732E-03  2.526E-03  2.332E-03  2.147E-03  1.973E-03  1.810E-03  1.657E-03  1.514E-03  1.380E-03  1.257E-03  1.130E-03  1.008E-03  9.025E-04  8.128E-04  7.360E-04  6.490E-04  5.780E-04  5.098E-04  4.522E-04  3.929E-04  3.430E-04  3.011E-04  2.613E-04  2.245E-04  1.923E-04  1.610E-04  1.358E-04  1.147E-04  9.534E-05  7.860E-05  6.448E-05  5.239E-05  4.174E-05  3.305E-05  2.595E-05  2.015E-05  1.522E-05  1.126E-05  8.216E-06  5.879E-06  4.087E-06  2.607E-06  1.573E-06  7.907E-07  3.344E-07  1.117E-07  2.208E-08  2.383E-09
  321.5000  7.731E-03  7.335E-03  6.949E-03  6.575E-03  6.210E-03  5.855E-03  5.512E-03  5.179E-03  4.857E-03  4.547E-03  4.248E-03  3.960E-03  3.684E-03  3.420E-03  3.167E-03  2.926E-03  2.697E-03  2.479E-03  2.274E-03  2.080E-03  1.898E-03  1.728E-03  1.570E-03  1.408E-03  1.251E-03  1.116E-03  1.002E-03  9.034E-04  7.927E-04  7.026E-04  6.164E-04  5.438E-04  4.696E-04  4.075E-04  3.558E-04  3.068E-04  2.619E-04  2.230E-04  1.857E-04  1.558E-04  1.309E-04  1.085E-04  8.918E-05  7.308E-05  5.933E-05  4.733E-05  3.757E-05  2.960E-05  2.309E-05  1.753E-05  1.305E-05  9.588E-06  6.940E-06  4.922E-06  3.264E-06  2.102E-06  1.190E-06  5.975E-07  2.528E-07  7.193E-08  1.261E-08
  322.5000  5.950E-03  5.624E-03  5.309E-03  5.005E-03  4.711E-03  4.426E-03  4.153E-03  3.889E-03  3.637E-03  3.395E-03  3.163E-03  2.941E-03  2.730E-03  2.529E-03  2.338E-03  2.158E-03  1.987E-03  1.825E-03  1.674E-03  1.531E-03  1.398E-03  1.274E-03  1.160E-03  1.042E-03  9.281E-04  8.305E-04  7.473E-04  6.761E-04  5.955E-04  5.299E-04  4.669E-04  4.137E-04  3.590E-04  3.130E-04  2.745E-04  2.380E-04  2.042E-04  1.747E-04  1.461E-04  1.231E-04  1.038E-04  8.631E-05  7.112E-05  5.835E-05  4.741E-05  3.779E-05  2.995E-05  2.354E-05  1.830E-05  1.384E-05  1.026E-05  7.504E-06  5.390E-06  3.773E-06  2.436E-06  1.500E-06  7.792E-07  3.443E-07  1.218E-07  2.632E-08  3.198E-09
  323.5000  9.399E-03  8.939E-03  8.490E-03  8.053E-03  7.624E-03  7.207E-03  6.800E-03  6.405E-03  6.022E-03  5.651E-03  5.292E-03  4.944E-03  4.609E-03  4.287E-03  3.977E-03  3.682E-03  3.399E-03  3.129E-03  2.872E-03  2.630E-03  2.402E-03  2.188E-03  1.988E-03  1.782E-03  1.582E-03  1.411E-03  1.265E-03  1.140E-03  9.983E-04  8.832E-04  7.733E-04  6.806E-04  5.861E-04  5.071E-04  4.416E-04  3.794E-04  3.228E-04  2.741E-04  2.273E-04  1.901E-04  1.593E-04  1.317E-04  1.080E-04  8.839E-05  7.168E-05  5.719E-05  4.543E-05  3.586E-05  2.803E-05  2.135E-05  1.593E-05  1.176E-05  8.558E-06  6.124E-06  4.128E-06  2.730E-06  1.623E-06  8.772E-07  4.117E-07  1.379E-07  3.013E-08
  324.5000  1.084E-02  1.031E-02  9.790E-03  9.283E-03  8.786E-03  8.303E-03  7.832E-03  7.375E-03  6.932E-03  6.503E-03  6.088E-03  5.686E-03  5.300E-03  4.928E-03  4.571E-03  4.231E-03  3.905E-03  3.594E-03  3.299E-03  3.021E-03  2.759E-03  2.513E-03  2.284E-03  2.047E-03  1.818E-03  1.622E-03  1.454E-03  1.311E-03  1.148E-03  1.016E-03  8.903E-04  7.839E-04  6.755E-04  5.847E-04  5.095E-04  4.379E-04  3.729E-04  3.167E-04  2.628E-04  2.199E-04  1.843E-04  1.525E-04  1.251E-04  1.024E-04  8.307E-05  6.628E-05  5.266E-05  4.158E-05  3.250E-05  2.476E-05  1.847E-05  1.363E-05  9.923E-06  7.104E-06  4.789E-06  3.167E-06  1.878E-06  1.010E-06  4.693E-07  1.548E-07  3.310E-08
  325.5000  1.147E-02  1.089E-02  1.033E-02  9.786E-03  9.253E-03  8.734E-03  8.230E-03  7.741E-03  7.268E-03  6.811E-03  6.369E-03  5.943E-03  5.534E-03  5.140E-03  4.764E-03  4.405E-03  4.062E-03  3.735E-03  3.427E-03  3.135E-03  2.861E-03  2.605E-03  2.367E-03  2.121E-03  1.883E-03  1.680E-03  1.506E-03  1.358E-03  1.190E-03  1.054E-03  9.235E-04  8.136E-04  7.016E-04  6.078E-04  5.300E-04  4.560E-04  3.887E-04  3.305E-04  2.745E-04  2.300E-04  1.929E-04  1.597E-04  1.311E-04  1.074E-04  8.715E-05  6.954E-05  5.524E-05  4.359E-05  3.405E-05  2.591E-05  1.932E-05  1.424E-05  1.035E-05  7.392E-06  4.961E-06  3.257E-06  1.904E-06  1.001E-06  4.511E-07  1.417E-07  2.837E-08
  326.5000  1.883E-02  1.799E-02  1.715E-02  1.634E-02  1.554E-02  1.475E-02  1.399E-02  1.323E-02  1.250E-02  1.178E-02  1.109E-02  1.041E-02  9.746E-03  9.107E-03  8.488E-03  7.892E-03  7.317E-03  6.764E-03  6.236E-03  5.731E-03  5.252E-03  4.800E-03  4.376E-03  3.930E-03  3.494E-03  3.120E-03  2.801E-03  2.527E-03  2.213E-03  1.957E-03  1.712E-03  1.505E-03  1.293E-03  1.115E-03  9.692E-04  8.290E-04  7.023E-04  5.936E-04  4.895E-04  4.073E-04  3.395E-04  2.796E-04  2.282E-04  1.863E-04  1.506E-04  1.201E-04  9.544E-05  7.554E-05  5.921E-05  4.534E-05  3.398E-05  2.523E-05  1.851E-05  1.341E-05  9.229E-06  6.313E-06  3.990E-06  2.365E-06  1.267E-06  5.246E-07  1.530E-07
  327.5000  1.587E-02  1.513E-02  1.440E-02  1.369E-02  1.299E-02  1.231E-02  1.164E-02  1.099E-02  1.036E-02  9.744E-03  9.146E-03  8.566E-03  8.004E-03  7.462E-03  6.939E-03  6.438E-03  5.956E-03  5.494E-03  5.054E-03  4.635E-03  4.241E-03  3.868E-03  3.521E-03  3.158E-03  2.805E-03  2.503E-03  2.245E-03  2.024E-03  1.772E-03  1.567E-03  1.371E-03  1.206E-03  1.037E-03  8.958E-04  7.791E-04  6.676E-04  5.667E-04  4.800E-04  3.968E-04  3.309E-04  2.765E-04  2.282E-04  1.866E-04  1.526E-04  1.236E-04  9.855E-05  7.835E-05  6.196E-05  4.853E-05  3.709E-05  2.776E-05  2.056E-05  1.505E-05  1.086E-05  7.430E-06  5.029E-06  3.112E-06  1.783E-06  9.072E-07  3.456E-07  8.986E-08
  328.5000  1.470E-02  1.401E-02  1.333E-02  1.268E-02  1.203E-02  1.140E-02  1.078E-02  1.018E-02  9.590E-03  9.021E-03  8.467E-03  7.929E-03  7.409E-03  6.906E-03  6.421E-03  5.956E-03  5.509E-03  5.081E-03  4.673E-03  4.285E-03  3.919E-03  3.574E-03  3.252E-03  2.916E-03  2.588E-03  2.309E-03  2.070E-03  1.866E-03  1.633E-03  1.444E-03  1.263E-03  1.110E-03  9.539E-04  8.237E-04  7.161E-04  6.134E-04  5.205E-04  4.407E-04  3.642E-04  3.036E-04  2.536E-04  2.092E-04  1.711E-04  1.398E-04  1.132E-04  9.030E-05  7.178E-05  5.677E-05  4.446E-05  3.399E-05  2.543E-05  1.885E-05  1.380E-05  9.957E-06  6.812E-06  4.612E-06  2.858E-06  1.641E-06  8.385E-07  3.223E-07  8.519E-08
  329.5000  2.405E-02  2.303E-02  2.203E-02  2.104E-02  2.007E-02  1.911E-02  1.817E-02  1.725E-02  1.635E-02  1.546E-02  1.459E-02  1.375E-02  1.292E-02  1.211E-02  1.133E-02  1.057E-02  9.839E-03  9.128E-03  8.445E-03  7.788E-03  7.163E-03  6.567E-03  6.007E-03  5.409E-03  4.819E-03  4.313E-03  3.882E-03  3.512E-03  3.079E-03  2.728E-03  2.388E-03  2.101E-03  1.804E-03  1.556E-03  1.352E-03  1.154E-03  9.758E-04  8.230E-04  6.761E-04  5.607E-04  4.660E-04  3.827E-04  3.112E-04  2.535E-04  2.044E-04  1.627E-04  1.293E-04  1.025E-04  8.042E-05  6.179E-05  4.642E-05  3.460E-05  2.552E-05  1.862E-05  1.295E-05  9.007E-06  5.866E-06  3.646E-06  2.095E-06  9.754E-07  3.356E-07
  330.5000  1.984E-02  1.896E-02  1.810E-02  1.725E-02  1.642E-02  1.560E-02  1.480E-02  1.401E-02  1.324E-02  1.249E-02  1.176E-02  1.105E-02  1.036E-02  9.687E-03  9.036E-03  8.408E-03  7.801E-03  7.217E-03  6.657E-03  6.123E-03  5.616E-03  5.135E-03  4.685E-03  4.209E-03  3.741E-03  3.344E-03  3.003E-03  2.711E-03  2.374E-03  2.100E-03  1.837E-03  1.615E-03  1.386E-03  1.196E-03  1.039E-03  8.881E-04  7.518E-04  6.350E-04  5.229E-04  4.346E-04  3.619E-04  2.978E-04  2.428E-04  1.980E-04  1.600E-04  1.275E-04  1.013E-04  8.027E-05  6.296E-05  4.828E-05  3.622E-05  2.693E-05  1.981E-05  1.440E-05  9.958E-06  6.864E-06  4.392E-06  2.652E-06  1.458E-06  6.309E-07  1.962E-07
  331.5000  1.923E-02  1.837E-02  1.752E-02  1.669E-02  1.588E-02  1.508E-02  1.430E-02  1.353E-02  1.278E-02  1.205E-02  1.134E-02  1.065E-02  9.976E-03  9.323E-03  8.691E-03  8.082E-03  7.494E-03  6.929E-03  6.387E-03  5.871E-03  5.381E-03  4.917E-03  4.483E-03  4.026E-03  3.579E-03  3.194E-03  2.867E-03  2.587E-03  2.264E-03  2.003E-03  1.751E-03  1.539E-03  1.321E-03  1.139E-03  9.897E-04  8.459E-04  7.161E-04  6.049E-04  4.983E-04  4.142E-04  3.451E-04  2.840E-04  2.316E-04  1.889E-04  1.527E-04  1.217E-04  9.671E-05  7.658E-05  6.006E-05  4.604E-05  3.453E-05  2.567E-05  1.887E-05  1.371E-05  9.470E-06  6.515E-06  4.155E-06  2.496E-06  1.363E-06  5.832E-07  1.790E-07
  332.5000  2.246E-02  2.154E-02  2.062E-02  1.972E-02  1.883E-02  1.796E-02  1.709E-02  1.625E-02  1.542E-02  1.460E-02  1.380E-02  1.302E-02  1.225E-02  1.151E-02  1.078E-02  1.008E-02  9.390E-03  8.725E-03  8.085E-03  7.468E-03  6.879E-03  6.317E-03  5.787E-03  5.218E-03  4.654E-03  4.170E-03  3.758E-03  3.405E-03  2.987E-03  2.649E-03  2.320E-03  2.043E-03  1.754E-03  1.513E-03  1.315E-03  1.122E-03  9.482E-04  7.990E-04  6.553E-04  5.427E-04  4.505E-04  3.694E-04  2.999E-04  2.440E-04  1.965E-04  1.562E-04  1.241E-04  9.841E-05  7.727E-05  5.945E-05  4.471E-05  3.338E-05  2.468E-05  1.806E-05  1.262E-05  8.837E-06  5.822E-06  3.686E-06  2.179E-06  1.065E-06  3.939E-07
  333.5000  1.962E-02  1.878E-02  1.795E-02  1.714E-02  1.634E-02  1.555E-02  1.478E-02  1.402E-02  1.327E-02  1.255E-02  1.183E-02  1.114E-02  1.046E-02  9.803E-03  9.162E-03  8.543E-03  7.942E-03  7.363E-03  6.806E-03  6.271E-03  5.762E-03  5.279E-03  4.824E-03  4.340E-03  3.855E-03  3.455E-03  3.108E-03  2.809E-03  2.461E-03  2.179E-03  1.906E-03  1.676E-03  1.439E-03  1.241E-03  1.078E-03  9.198E-04  7.776E-04  6.557E-04  5.386E-04  4.467E-04  3.713E-04  3.049E-04  2.480E-04  2.020E-04  1.629E-04  1.297E-04  1.030E-04  8.166E-05  6.410E-05  4.925E-05  3.700E-05  2.758E-05  2.035E-05  1.485E-05  1.033E-05  7.190E-06  4.682E-06  2.907E-06  1.667E-06  7.746E-07  2.670E-07
  334.5000  2.278E-02  2.182E-02  2.088E-02  1.995E-02  1.903E-02  1.813E-02  1.724E-02  1.637E-02  1.552E-02  1.469E-02  1.387E-02  1.307E-02  1.228E-02  1.152E-02  1.078E-02  1.006E-02  9.366E-03  8.692E-03  8.043E-03  7.420E-03  6.825E-03  6.260E-03  5.726E-03  5.156E-03  4.593E-03  4.111E-03  3.701E-03  3.348E-03  2.934E-03  2.600E-03  2.275E-03  2.001E-03  1.718E-03  1.481E-03  1.286E-03  1.098E-03  9.271E-04  7.813E-04  6.410E-04  5.310E-04  4.409E-04  3.617E-04  2.938E-04  2.391E-04  1.927E-04  1.532E-04  1.217E-04  9.651E-05  7.576E-05  5.826E-05  4.380E-05  3.269E-05  2.415E-05  1.765E-05  1.231E-05  8.603E-06  5.642E-06  3.547E-06  2.074E-06  9.957E-07  3.599E-07
  335.5000  2.510E-02  2.408E-02  2.308E-02  2.210E-02  2.113E-02  2.017E-02  1.922E-02  1.829E-02  1.738E-02  1.648E-02  1.560E-02  1.474E-02  1.389E-02  1.306E-02  1.225E-02  1.147E-02  1.071E-02  9.963E-03  9.248E-03  8.554E-03  7.892E-03  7.259E-03  6.660E-03  6.012E-03  5.367E-03  4.816E-03  4.346E-03  3.944E-03  3.462E-03  3.074E-03  2.695E-03  2.375E-03  2.039E-03  1.760E-03  1.530E-03  1.305E-03  1.102E-03  9.281E-04  7.599E-04  6.284E-04  5.211E-04  4.267E-04  3.458E-04  2.810E-04  2.260E-04  1.794E-04  1.425E-04  1.130E-04  8.875E-05  6.837E-05  5.147E-05  3.849E-05  2.852E-05  2.093E-05  1.467E-05  1.033E-05  6.870E-06  4.419E-06  2.677E-06  1.366E-06  5.387E-07
  336.5000  1.916E-02  1.838E-02  1.761E-02  1.685E-02  1.609E-02  1.535E-02  1.462E-02  1.391E-02  1.320E-02  1.251E-02  1.183E-02  1.117E-02  1.052E-02  9.886E-03  9.267E-03  8.666E-03  8.081E-03  7.514E-03  6.966E-03  6.439E-03  5.935E-03  5.453E-03  4.998E-03  4.508E-03  4.022E-03  3.605E-03  3.250E-03  2.946E-03  2.585E-03  2.293E-03  2.009E-03  1.769E-03  1.519E-03  1.310E-03  1.138E-03  9.709E-04  8.196E-04  6.902E-04  5.653E-04  4.677E-04  3.878E-04  3.177E-04  2.576E-04  2.093E-04  1.685E-04  1.338E-04  1.063E-04  8.427E-05  6.617E-05  5.095E-05  3.835E-05  2.867E-05  2.123E-05  1.556E-05  1.090E-05  7.663E-06  5.081E-06  3.251E-06  1.954E-06  9.840E-07  3.815E-07
  337.5000  1.986E-02  1.902E-02  1.820E-02  1.739E-02  1.659E-02  1.580E-02  1.503E-02  1.427E-02  1.353E-02  1.280E-02  1.208E-02  1.139E-02  1.070E-02  1.004E-02  9.392E-03  8.766E-03  8.158E-03  7.570E-03  7.005E-03  6.459E-03  5.941E-03  5.447E-03  4.983E-03  4.486E-03  3.997E-03  3.575E-03  3.217E-03  2.910E-03  2.549E-03  2.258E-03  1.976E-03  1.738E-03  1.491E-03  1.285E-03  1.116E-03  9.518E-04  8.036E-04  6.770E-04  5.552E-04  4.597E-04  3.816E-04  3.129E-04  2.540E-04  2.067E-04  1.665E-04  1.324E-04  1.052E-04  8.337E-05  6.545E-05  5.035E-05  3.786E-05  2.827E-05  2.090E-05  1.529E-05  1.068E-05  7.470E-06  4.911E-06  3.098E-06  1.821E-06  8.838E-07  3.253E-07
  338.5000  2.288E-02  2.196E-02  2.105E-02  2.016E-02  1.927E-02  1.840E-02  1.754E-02  1.669E-02  1.586E-02  1.504E-02  1.424E-02  1.345E-02  1.268E-02  1.193E-02  1.119E-02  1.047E-02  9.776E-03  9.099E-03  8.443E-03  7.812E-03  7.208E-03  6.630E-03  6.083E-03  5.491E-03  4.901E-03  4.397E-03  3.968E-03  3.600E-03  3.160E-03  2.805E-03  2.458E-03  2.166E-03  1.860E-03  1.604E-03  1.395E-03  1.189E-03  1.003E-03  8.446E-04  6.911E-04  5.712E-04  4.733E-04  3.873E-04  3.136E-04  2.547E-04  2.048E-04  1.625E-04  1.290E-04  1.023E-04  8.035E-05  6.191E-05  4.662E-05  3.489E-05  2.587E-05  1.900E-05  1.333E-05  9.403E-06  6.268E-06  4.048E-06  2.470E-06  1.277E-06  5.157E-07
  339.5000  2.519E-02  2.418E-02  2.319E-02  2.221E-02  2.124E-02  2.028E-02  1.934E-02  1.841E-02  1.750E-02  1.660E-02  1.572E-02  1.486E-02  1.401E-02  1.318E-02  1.237E-02  1.159E-02  1.082E-02  1.007E-02  9.348E-03  8.655E-03  7.989E-03  7.351E-03  6.747E-03  6.092E-03  5.440E-03  4.882E-03  4.407E-03  4.000E-03  3.511E-03  3.118E-03  2.733E-03  2.408E-03  2.068E-03  1.784E-03  1.551E-03  1.322E-03  1.116E-03  9.387E-04  7.677E-04  6.342E-04  5.253E-04  4.297E-04  3.477E-04  2.823E-04  2.268E-04  1.800E-04  1.428E-04  1.133E-04  8.894E-05  6.856E-05  5.164E-05  3.865E-05  2.868E-05  2.108E-05  1.480E-05  1.045E-05  6.984E-06  4.528E-06  2.779E-06  1.453E-06  5.975E-07
  340.5000  2.610E-02  2.504E-02  2.399E-02  2.296E-02  2.194E-02  2.093E-02  1.994E-02  1.897E-02  1.801E-02  1.707E-02  1.615E-02  1.525E-02  1.436E-02  1.350E-02  1.266E-02  1.184E-02  1.104E-02  1.027E-02  9.520E-03  8.800E-03  8.112E-03  7.455E-03  6.833E-03  6.163E-03  5.497E-03  4.928E-03  4.442E-03  4.027E-03  3.532E-03  3.132E-03  2.743E-03  2.415E-03  2.073E-03  1.787E-03  1.553E-03  1.323E-03  1.116E-03  9.395E-04  7.688E-04  6.354E-04  5.264E-04  4.309E-04  3.490E-04  2.834E-04  2.279E-04  1.809E-04  1.436E-04  1.139E-04  8.941E-05  6.888E-05  5.187E-05  3.880E-05  2.876E-05  2.111E-05  1.481E-05  1.043E-05  6.945E-06  4.473E-06  2.716E-06  1.395E-06  5.593E-07
  341.5000  2.426E-02  2.330E-02  2.235E-02  2.141E-02  2.048E-02  1.957E-02  1.866E-02  1.777E-02  1.690E-02  1.604E-02  1.519E-02  1.436E-02  1.355E-02  1.275E-02  1.198E-02  1.122E-02  1.048E-02  9.764E-03  9.067E-03  8.398E-03  7.755E-03  7.139E-03  6.555E-03  5.921E-03  5.289E-03  4.748E-03  4.288E-03  3.893E-03  3.419E-03  3.036E-03  2.662E-03  2.347E-03  2.015E-03  1.738E-03  1.512E-03  1.288E-03  1.087E-03  9.142E-04  7.472E-04  6.169E-04  5.107E-04  4.176E-04  3.377E-04  2.740E-04  2.200E-04  1.745E-04  1.384E-04  1.098E-04  8.621E-05  6.647E-05  5.009E-05  3.751E-05  2.785E-05  2.049E-05  1.441E-05  1.019E-05  6.830E-06  4.449E-06  2.752E-06  1.460E-06  6.142E-07
  342.5000  2.712E-02  2.605E-02  2.499E-02  2.394E-02  2.291E-02  2.189E-02  2.089E-02  1.989E-02  1.892E-02  1.796E-02  1.702E-02  1.609E-02  1.519E-02  1.430E-02  1.343E-02  1.259E-02  1.176E-02  1.096E-02  1.018E-02  9.431E-03  8.711E-03  8.022E-03  7.368E-03  6.657E-03  5.948E-03  5.340E-03  4.824E-03  4.381E-03  3.848E-03  3.418E-03  2.997E-03  2.642E-03  2.269E-03  1.957E-03  1.702E-03  1.451E-03  1.223E-03  1.029E-03  8.407E-04  6.939E-04  5.742E-04  4.693E-04  3.794E-04  3.077E-04  2.470E-04  1.958E-04  1.553E-04  1.232E-04  9.672E-05  7.459E-05  5.621E-05  4.212E-05  3.128E-05  2.303E-05  1.620E-05  1.147E-05  7.700E-06  5.030E-06  3.126E-06  1.672E-06  7.131E-07
  343.5000  2.776E-02  2.665E-02  2.556E-02  2.448E-02  2.342E-02  2.236E-02  2.133E-02  2.031E-02  1.930E-02  1.832E-02  1.735E-02  1.640E-02  1.546E-02  1.455E-02  1.366E-02  1.279E-02  1.195E-02  1.112E-02  1.034E-02  9.561E-03  8.825E-03  8.121E-03  7.454E-03  6.730E-03  6.008E-03  5.392E-03  4.867E-03  4.417E-03  3.877E-03  3.442E-03  3.016E-03  2.657E-03  2.281E-03  1.966E-03  1.710E-03  1.457E-03  1.228E-03  1.033E-03  8.440E-04  6.966E-04  5.765E-04  4.712E-04  3.810E-04  3.091E-04  2.481E-04  1.967E-04  1.561E-04  1.238E-04  9.718E-05  7.493E-05  5.646E-05  4.229E-05  3.140E-05  2.310E-05  1.625E-05  1.150E-05  7.704E-06  5.020E-06  3.107E-06  1.651E-06  6.981E-07
  344.5000  1.914E-02  1.837E-02  1.761E-02  1.686E-02  1.612E-02  1.539E-02  1.467E-02  1.396E-02  1.326E-02  1.258E-02  1.191E-02  1.125E-02  1.060E-02  9.969E-03  9.352E-03  8.753E-03  8.168E-03  7.601E-03  7.053E-03  6.523E-03  6.017E-03  5.532E-03  5.074E-03  4.578E-03  4.085E-03  3.663E-03  3.304E-03  2.996E-03  2.628E-03  2.331E-03  2.042E-03  1.798E-03  1.543E-03  1.329E-03  1.155E-03  9.841E-04  8.297E-04  6.976E-04  5.702E-04  4.707E-04  3.896E-04  3.185E-04  2.576E-04  2.090E-04  1.678E-04  1.331E-04  1.056E-04  8.375E-05  6.575E-05  5.068E-05  3.819E-05  2.859E-05  2.122E-05  1.561E-05  1.097E-05  7.753E-06  5.187E-06  3.370E-06  2.076E-06  1.094E-06  4.578E-07
  345.5000  2.742E-02  2.634E-02  2.528E-02  2.423E-02  2.319E-02  2.216E-02  2.115E-02  2.015E-02  1.917E-02  1.821E-02  1.726E-02  1.633E-02  1.541E-02  1.452E-02  1.364E-02  1.279E-02  1.195E-02  1.114E-02  1.036E-02  9.597E-03  8.868E-03  8.169E-03  7.506E-03  6.784E-03  6.063E-03  5.444E-03  4.919E-03  4.469E-03  3.925E-03  3.488E-03  3.058E-03  2.697E-03  2.315E-03  1.997E-03  1.737E-03  1.480E-03  1.248E-03  1.049E-03  8.562E-04  7.062E-04  5.840E-04  4.770E-04  3.852E-04  3.122E-04  2.504E-04  1.983E-04  1.572E-04  1.247E-04  9.791E-05  7.553E-05  5.694E-05  4.269E-05  3.174E-05  2.338E-05  1.648E-05  1.169E-05  7.870E-06  5.168E-06  3.238E-06  1.760E-06  7.705E-07
  346.5000  2.499E-02  2.400E-02  2.301E-02  2.204E-02  2.108E-02  2.014E-02  1.920E-02  1.828E-02  1.738E-02  1.649E-02  1.562E-02  1.476E-02  1.392E-02  1.310E-02  1.230E-02  1.151E-02  1.075E-02  1.001E-02  9.292E-03  8.602E-03  7.939E-03  7.304E-03  6.704E-03  6.052E-03  5.402E-03  4.846E-03  4.373E-03  3.968E-03  3.482E-03  3.090E-03  2.707E-03  2.384E-03  2.046E-03  1.763E-03  1.533E-03  1.305E-03  1.100E-03  9.247E-04  7.552E-04  6.230E-04  5.153E-04  4.210E-04  3.402E-04  2.759E-04  2.214E-04  1.755E-04  1.391E-04  1.104E-04  8.662E-05  6.680E-05  5.035E-05  3.773E-05  2.803E-05  2.063E-05  1.452E-05  1.028E-05  6.903E-06  4.509E-06  2.802E-06  1.502E-06  6.454E-07
  347.5000  2.451E-02  2.354E-02  2.257E-02  2.162E-02  2.068E-02  1.976E-02  1.884E-02  1.794E-02  1.706E-02  1.619E-02  1.533E-02  1.449E-02  1.367E-02  1.286E-02  1.207E-02  1.131E-02  1.056E-02  9.834E-03  9.136E-03  8.451E-03  7.801E-03  7.178E-03  6.588E-03  5.948E-03  5.309E-03  4.763E-03  4.298E-03  3.900E-03  3.422E-03  3.037E-03  2.660E-03  2.343E-03  2.010E-03  1.733E-03  1.506E-03  1.282E-03  1.081E-03  9.082E-04  7.415E-04  6.115E-04  5.057E-04  4.131E-04  3.337E-04  2.705E-04  2.170E-04  1.720E-04  1.363E-04  1.081E-04  8.487E-05  6.546E-05  4.934E-05  3.698E-05  2.748E-05  2.023E-05  1.425E-05  1.010E-05  6.782E-06  4.438E-06  2.765E-06  1.490E-06  6.454E-07
  348.5000  2.722E-02  2.614E-02  2.508E-02  2.403E-02  2.299E-02  2.196E-02  2.095E-02  1.996E-02  1.898E-02  1.802E-02  1.707E-02  1.614E-02  1.523E-02  1.433E-02  1.346E-02  1.261E-02  1.178E-02  1.097E-02  1.019E-02  9.438E-03  8.715E-03  8.022E-03  7.365E-03  6.652E-03  5.939E-03  5.330E-03  4.811E-03  4.367E-03  3.833E-03  3.402E-03  2.981E-03  2.626E-03  2.253E-03  1.942E-03  1.688E-03  1.438E-03  1.211E-03  1.018E-03  8.306E-04  6.848E-04  5.661E-04  4.622E-04  3.732E-04  3.025E-04  2.425E-04  1.921E-04  1.523E-04  1.208E-04  9.478E-05  7.311E-05  5.512E-05  4.132E-05  3.072E-05  2.264E-05  1.595E-05  1.131E-05  7.613E-06  4.996E-06  3.127E-06  1.700E-06  7.468E-07
  349.5000  2.280E-02  2.189E-02  2.100E-02  2.012E-02  1.925E-02  1.839E-02  1.754E-02  1.671E-02  1.589E-02  1.508E-02  1.429E-02  1.351E-02  1.275E-02  1.200E-02  1.127E-02  1.055E-02  9.859E-03  9.183E-03  8.528E-03  7.896E-03  7.290E-03  6.710E-03  6.160E-03  5.563E-03  4.966E-03  4.456E-03  4.022E-03  3.650E-03  3.203E-03  2.843E-03  2.490E-03  2.194E-03  1.882E-03  1.622E-03  1.410E-03  1.200E-03  1.011E-03  8.491E-04  6.929E-04  5.711E-04  4.721E-04  3.854E-04  3.111E-04  2.521E-04  2.021E-04  1.600E-04  1.268E-04  1.006E-04  7.895E-05  6.090E-05  4.591E-05  3.442E-05  2.560E-05  1.886E-05  1.329E-05  9.430E-06  6.347E-06  4.168E-06  2.611E-06  1.422E-06  6.276E-07
  350.5000  3.201E-02  3.074E-02  2.949E-02  2.826E-02  2.704E-02  2.583E-02  2.464E-02  2.347E-02  2.232E-02  2.119E-02  2.008E-02  1.898E-02  1.791E-02  1.686E-02  1.583E-02  1.483E-02  1.386E-02  1.291E-02  1.199E-02  1.110E-02  1.025E-02  9.434E-03  8.661E-03  7.821E-03  6.983E-03  6.265E-03  5.655E-03  5.132E-03  4.503E-03  3.997E-03  3.501E-03  3.084E-03  2.645E-03  2.280E-03  1.981E-03  1.686E-03  1.420E-03  1.193E-03  9.731E-04  8.019E-04  6.627E-04  5.408E-04  4.364E-04  3.536E-04  2.834E-04  2.244E-04  1.778E-04  1.410E-04  1.107E-04  8.537E-05  6.437E-05  4.827E-05  3.590E-05  2.646E-05  1.865E-05  1.324E-05  8.917E-06  5.862E-06  3.681E-06  2.013E-06  8.948E-07
  351.5000  2.751E-02  2.642E-02  2.534E-02  2.428E-02  2.322E-02  2.219E-02  2.116E-02  2.016E-02  1.917E-02  1.819E-02  1.723E-02  1.629E-02  1.537E-02  1.447E-02  1.358E-02  1.272E-02  1.188E-02  1.107E-02  1.028E-02  9.515E-03  8.783E-03  8.083E-03  7.419E-03  6.698E-03  5.979E-03  5.363E-03  4.839E-03  4.391E-03  3.852E-03  3.418E-03  2.993E-03  2.636E-03  2.260E-03  1.947E-03  1.692E-03  1.440E-03  1.213E-03  1.018E-03  8.305E-04  6.843E-04  5.654E-04  4.614E-04  3.723E-04  3.016E-04  2.417E-04  1.913E-04  1.516E-04  1.202E-04  9.434E-05  7.277E-05  5.487E-05  4.115E-05  3.060E-05  2.256E-05  1.590E-05  1.129E-05  7.603E-06  4.998E-06  3.139E-06  1.718E-06  7.650E-07
  352.5000  2.490E-02  2.392E-02  2.294E-02  2.198E-02  2.103E-02  2.009E-02  1.917E-02  1.826E-02  1.736E-02  1.648E-02  1.561E-02  1.476E-02  1.393E-02  1.311E-02  1.231E-02  1.153E-02  1.077E-02  1.004E-02  9.318E-03  8.629E-03  7.966E-03  7.331E-03  6.730E-03  6.077E-03  5.424E-03  4.866E-03  4.391E-03  3.984E-03  3.495E-03  3.101E-03  2.716E-03  2.392E-03  2.051E-03  1.767E-03  1.535E-03  1.306E-03  1.100E-03  9.234E-04  7.529E-04  6.202E-04  5.123E-04  4.179E-04  3.371E-04  2.730E-04  2.187E-04  1.731E-04  1.372E-04  1.088E-04  8.533E-05  6.583E-05  4.964E-05  3.723E-05  2.770E-05  2.042E-05  1.440E-05  1.023E-05  6.895E-06  4.540E-06  2.858E-06  1.571E-06  7.051E-07
  353.5000  3.014E-02  2.895E-02  2.778E-02  2.662E-02  2.547E-02  2.434E-02  2.322E-02  2.212E-02  2.104E-02  1.997E-02  1.893E-02  1.790E-02  1.689E-02  1.590E-02  1.493E-02  1.399E-02  1.307E-02  1.218E-02  1.131E-02  1.048E-02  9.673E-03  8.904E-03  8.175E-03  7.382E-03  6.590E-03  5.913E-03  5.336E-03  4.842E-03  4.248E-03  3.770E-03  3.302E-03  2.908E-03  2.493E-03  2.148E-03  1.866E-03  1.588E-03  1.337E-03  1.122E-03  9.147E-04  7.532E-04  6.220E-04  5.073E-04  4.090E-04  3.312E-04  2.652E-04  2.099E-04  1.662E-04  1.318E-04  1.034E-04  7.979E-05  6.018E-05  4.514E-05  3.359E-05  2.478E-05  1.748E-05  1.242E-05  8.383E-06  5.529E-06  3.491E-06  1.930E-06  8.741E-07
  354.5000  3.277E-02  3.148E-02  3.021E-02  2.895E-02  2.771E-02  2.648E-02  2.527E-02  2.407E-02  2.290E-02  2.174E-02  2.060E-02  1.949E-02  1.839E-02  1.732E-02  1.627E-02  1.524E-02  1.424E-02  1.327E-02  1.233E-02  1.142E-02  1.055E-02  9.708E-03  8.914E-03  8.051E-03  7.188E-03  6.450E-03  5.821E-03  5.283E-03  4.635E-03  4.113E-03  3.603E-03  3.173E-03  2.721E-03  2.344E-03  2.037E-03  1.732E-03  1.458E-03  1.224E-03  9.974E-04  8.211E-04  6.779E-04  5.527E-04  4.455E-04  3.606E-04  2.887E-04  2.284E-04  1.809E-04  1.434E-04  1.125E-04  8.680E-05  6.547E-05  4.912E-05  3.656E-05  2.698E-05  1.904E-05  1.354E-05  9.145E-06  6.041E-06  3.824E-06  2.124E-06  9.704E-07
  355.5000  3.066E-02  2.945E-02  2.826E-02  2.708E-02  2.592E-02  2.477E-02  2.364E-02  2.252E-02  2.142E-02  2.034E-02  1.928E-02  1.823E-02  1.720E-02  1.620E-02  1.522E-02  1.426E-02  1.333E-02  1.242E-02  1.153E-02  1.068E-02  9.866E-03  9.082E-03  8.339E-03  7.531E-03  6.724E-03  6.032E-03  5.444E-03  4.941E-03  4.334E-03  3.846E-03  3.368E-03  2.966E-03  2.543E-03  2.190E-03  1.903E-03  1.618E-03  1.362E-03  1.143E-03  9.313E-04  7.665E-04  6.327E-04  5.158E-04  4.156E-04  3.363E-04  2.692E-04  2.129E-04  1.686E-04  1.337E-04  1.049E-04  8.091E-05  6.103E-05  4.580E-05  3.409E-05  2.516E-05  1.776E-05  1.263E-05  8.536E-06  5.643E-06  3.577E-06  1.993E-06  9.149E-07
  356.5000  2.846E-02  2.734E-02  2.623E-02  2.514E-02  2.406E-02  2.299E-02  2.194E-02  2.090E-02  1.988E-02  1.888E-02  1.789E-02  1.692E-02  1.597E-02  1.504E-02  1.412E-02  1.324E-02  1.237E-02  1.152E-02  1.070E-02  9.913E-03  9.154E-03  8.426E-03  7.737E-03  6.987E-03  6.237E-03  5.595E-03  5.049E-03  4.582E-03  4.019E-03  3.565E-03  3.122E-03  2.749E-03  2.356E-03  2.029E-03  1.763E-03  1.499E-03  1.262E-03  1.058E-03  8.622E-04  7.095E-04  5.855E-04  4.772E-04  3.844E-04  3.111E-04  2.489E-04  1.969E-04  1.559E-04  1.236E-04  9.691E-05  7.478E-05  5.641E-05  4.233E-05  3.152E-05  2.326E-05  1.643E-05  1.168E-05  7.899E-06  5.225E-06  3.316E-06  1.852E-06  8.538E-07
  357.5000  2.420E-02  2.324E-02  2.230E-02  2.137E-02  2.045E-02  1.955E-02  1.865E-02  1.777E-02  1.690E-02  1.605E-02  1.521E-02  1.438E-02  1.357E-02  1.278E-02  1.200E-02  1.125E-02  1.051E-02  9.791E-03  9.092E-03  8.421E-03  7.776E-03  7.157E-03  6.571E-03  5.933E-03  5.296E-03  4.750E-03  4.286E-03  3.889E-03  3.410E-03  3.025E-03  2.649E-03  2.332E-03  1.999E-03  1.721E-03  1.495E-03  1.271E-03  1.069E-03  8.969E-04  7.304E-04  6.009E-04  4.958E-04  4.040E-04  3.254E-04  2.633E-04  2.106E-04  1.666E-04  1.319E-04  1.045E-04  8.197E-05  6.325E-05  4.771E-05  3.581E-05  2.666E-05  1.968E-05  1.390E-05  9.890E-06  6.688E-06  4.426E-06  2.811E-06  1.573E-06  7.282E-07
  358.5000  1.872E-02  1.798E-02  1.726E-02  1.654E-02  1.583E-02  1.513E-02  1.444E-02  1.375E-02  1.308E-02  1.242E-02  1.177E-02  1.113E-02  1.051E-02  9.895E-03  9.294E-03  8.710E-03  8.139E-03  7.583E-03  7.044E-03  6.524E-03  6.024E-03  5.545E-03  5.091E-03  4.597E-03  4.103E-03  3.681E-03  3.321E-03  3.013E-03  2.642E-03  2.344E-03  2.052E-03  1.806E-03  1.548E-03  1.333E-03  1.158E-03  9.843E-04  8.278E-04  6.943E-04  5.653E-04  4.650E-04  3.836E-04  3.125E-04  2.516E-04  2.035E-04  1.628E-04  1.287E-04  1.019E-04  8.075E-05  6.331E-05  4.886E-05  3.686E-05  2.766E-05  2.060E-05  1.521E-05  1.075E-05  7.649E-06  5.175E-06  3.429E-06  2.182E-06  1.225E-06  5.708E-07
  359.5000  3.152E-02  3.028E-02  2.906E-02  2.785E-02  2.665E-02  2.547E-02  2.431E-02  2.316E-02  2.203E-02  2.092E-02  1.982E-02  1.875E-02  1.769E-02  1.666E-02  1.565E-02  1.467E-02  1.370E-02  1.277E-02  1.186E-02  1.098E-02  1.014E-02  9.335E-03  8.570E-03  7.738E-03  6.907E-03  6.195E-03  5.589E-03  5.070E-03  4.446E-03  3.943E-03  3.452E-03  3.038E-03  2.603E-03  2.241E-03  1.947E-03  1.655E-03  1.391E-03  1.167E-03  9.497E-04  7.810E-04  6.441E-04  5.246E-04  4.223E-04  3.415E-04  2.731E-04  2.159E-04  1.709E-04  1.354E-04  1.062E-04  8.193E-05  6.181E-05  4.640E-05  3.456E-05  2.552E-05  1.804E-05  1.284E-05  8.690E-06  5.762E-06  3.670E-06  2.066E-06  9.667E-07
  360.5000  2.924E-02  2.809E-02  2.696E-02  2.584E-02  2.473E-02  2.363E-02  2.255E-02  2.149E-02  2.044E-02  1.941E-02  1.839E-02  1.739E-02  1.642E-02  1.546E-02  1.452E-02  1.361E-02  1.271E-02  1.185E-02  1.100E-02  1.019E-02  9.408E-03  8.659E-03  7.949E-03  7.177E-03  6.406E-03  5.745E-03  5.183E-03  4.701E-03  4.122E-03  3.656E-03  3.200E-03  2.816E-03  2.413E-03  2.077E-03  1.804E-03  1.533E-03  1.289E-03  1.080E-03  8.793E-04  7.229E-04  5.961E-04  4.854E-04  3.906E-04  3.159E-04  2.525E-04  1.996E-04  1.579E-04  1.252E-04  9.812E-05  7.572E-05  5.713E-05  4.289E-05  3.195E-05  2.360E-05  1.668E-05  1.188E-05  8.042E-06  5.336E-06  3.403E-06  1.920E-06  9.026E-07
  361.5000  2.642E-02  2.538E-02  2.435E-02  2.334E-02  2.234E-02  2.135E-02  2.038E-02  1.942E-02  1.847E-02  1.754E-02  1.662E-02  1.572E-02  1.484E-02  1.397E-02  1.312E-02  1.230E-02  1.149E-02  1.071E-02  9.945E-03  9.211E-03  8.506E-03  7.829E-03  7.187E-03  6.489E-03  5.792E-03  5.194E-03  4.685E-03  4.250E-03  3.726E-03  3.305E-03  2.892E-03  2.545E-03  2.180E-03  1.877E-03  1.630E-03  1.385E-03  1.164E-03  9.758E-04  7.939E-04  6.526E-04  5.380E-04  4.380E-04  3.524E-04  2.849E-04  2.277E-04  1.799E-04  1.423E-04  1.128E-04  8.842E-05  6.824E-05  5.148E-05  3.866E-05  2.880E-05  2.128E-05  1.504E-05  1.071E-05  7.259E-06  4.821E-06  3.079E-06  1.743E-06  8.237E-07
  362.5000  3.106E-02  2.984E-02  2.864E-02  2.745E-02  2.627E-02  2.511E-02  2.396E-02  2.283E-02  2.172E-02  2.063E-02  1.955E-02  1.849E-02  1.745E-02  1.643E-02  1.544E-02  1.447E-02  1.352E-02  1.260E-02  1.170E-02  1.084E-02  1.001E-02  9.209E-03  8.454E-03  7.633E-03  6.814E-03  6.109E-03  5.511E-03  4.999E-03  4.382E-03  3.886E-03  3.401E-03  2.992E-03  2.563E-03  2.206E-03  1.915E-03  1.627E-03  1.368E-03  1.146E-03  9.325E-04  7.663E-04  6.315E-04  5.141E-04  4.135E-04  3.342E-04  2.671E-04  2.110E-04  1.669E-04  1.323E-04  1.036E-04  7.999E-05  6.035E-05  4.532E-05  3.377E-05  2.496E-05  1.765E-05  1.257E-05  8.521E-06  5.663E-06  3.622E-06  2.056E-06  9.763E-07
  363.5000  2.766E-02  2.657E-02  2.550E-02  2.444E-02  2.339E-02  2.236E-02  2.134E-02  2.033E-02  1.934E-02  1.837E-02  1.741E-02  1.646E-02  1.554E-02  1.463E-02  1.375E-02  1.288E-02  1.204E-02  1.122E-02  1.043E-02  9.648E-03  8.908E-03  8.199E-03  7.526E-03  6.795E-03  6.063E-03  5.438E-03  4.905E-03  4.449E-03  3.900E-03  3.458E-03  3.026E-03  2.662E-03  2.280E-03  1.962E-03  1.703E-03  1.447E-03  1.216E-03  1.019E-03  8.286E-04  6.808E-04  5.610E-04  4.565E-04  3.671E-04  2.966E-04  2.370E-04  1.872E-04  1.480E-04  1.173E-04  9.194E-05  7.095E-05  5.354E-05  4.020E-05  2.996E-05  2.214E-05  1.566E-05  1.116E-05  7.568E-06  5.033E-06  3.223E-06  1.833E-06  8.746E-07
  364.5000  3.017E-02  2.899E-02  2.782E-02  2.666E-02  2.552E-02  2.439E-02  2.328E-02  2.218E-02  2.110E-02  2.004E-02  1.899E-02  1.796E-02  1.695E-02  1.596E-02  1.499E-02  1.405E-02  1.313E-02  1.223E-02  1.136E-02  1.052E-02  9.715E-03  8.941E-03  8.207E-03  7.410E-03  6.614E-03  5.929E-03  5.347E-03  4.849E-03  4.250E-03  3.768E-03  3.296E-03  2.900E-03  2.483E-03  2.137E-03  1.855E-03  1.575E-03  1.324E-03  1.109E-03  9.016E-04  7.406E-04  6.101E-04  4.964E-04  3.991E-04  3.224E-04  2.576E-04  2.034E-04  1.608E-04  1.275E-04  9.986E-05  7.706E-05  5.815E-05  4.367E-05  3.255E-05  2.406E-05  1.702E-05  1.213E-05  8.229E-06  5.476E-06  3.509E-06  2.000E-06  9.578E-07
  365.5000  3.676E-02  3.532E-02  3.389E-02  3.249E-02  3.109E-02  2.972E-02  2.836E-02  2.702E-02  2.570E-02  2.441E-02  2.313E-02  2.188E-02  2.065E-02  1.944E-02  1.826E-02  1.711E-02  1.599E-02  1.490E-02  1.383E-02  1.281E-02  1.183E-02  1.089E-02  9.991E-03  9.020E-03  8.049E-03  7.215E-03  6.506E-03  5.900E-03  5.170E-03  4.583E-03  4.009E-03  3.526E-03  3.019E-03  2.597E-03  2.254E-03  1.914E-03  1.608E-03  1.347E-03  1.095E-03  8.992E-04  7.406E-04  6.025E-04  4.843E-04  3.912E-04  3.124E-04  2.466E-04  1.950E-04  1.545E-04  1.211E-04  9.343E-05  7.050E-05  5.295E-05  3.947E-05  2.918E-05  2.065E-05  1.472E-05  9.985E-06  6.648E-06  4.264E-06  2.435E-06  1.170E-06
  366.5000  3.895E-02  3.743E-02  3.592E-02  3.443E-02  3.295E-02  3.149E-02  3.006E-02  2.864E-02  2.724E-02  2.587E-02  2.452E-02  2.319E-02  2.189E-02  2.061E-02  1.936E-02  1.814E-02  1.695E-02  1.579E-02  1.468E-02  1.358E-02  1.254E-02  1.154E-02  1.059E-02  9.561E-03  8.529E-03  7.648E-03  6.896E-03  6.252E-03  5.478E-03  4.856E-03  4.247E-03  3.735E-03  3.198E-03  2.751E-03  2.387E-03  2.026E-03  1.702E-03  1.426E-03  1.159E-03  9.514E-04  7.834E-04  6.372E-04  5.120E-04  4.135E-04  3.302E-04  2.606E-04  2.060E-04  1.632E-04  1.279E-04  9.868E-05  7.447E-05  5.594E-05  4.170E-05  3.083E-05  2.182E-05  1.556E-05  1.056E-05  7.036E-06  4.518E-06  2.586E-06  1.248E-06
  367.5000  3.703E-02  3.558E-02  3.415E-02  3.273E-02  3.133E-02  2.994E-02  2.858E-02  2.723E-02  2.590E-02  2.460E-02  2.331E-02  2.205E-02  2.081E-02  1.960E-02  1.841E-02  1.725E-02  1.612E-02  1.502E-02  1.396E-02  1.292E-02  1.192E-02  1.097E-02  1.007E-02  9.092E-03  8.110E-03  7.272E-03  6.557E-03  5.945E-03  5.209E-03  4.616E-03  4.037E-03  3.550E-03  3.039E-03  2.614E-03  2.268E-03  1.926E-03  1.617E-03  1.354E-03  1.100E-03  9.030E-04  7.434E-04  6.045E-04  4.857E-04  3.921E-04  3.130E-04  2.470E-04  1.953E-04  1.547E-04  1.212E-04  9.351E-05  7.057E-05  5.301E-05  3.953E-05  2.923E-05  2.069E-05  1.476E-05  1.002E-05  6.681E-06  4.295E-06  2.464E-06  1.195E-06
  368.5000  3.255E-02  3.127E-02  3.001E-02  2.877E-02  2.753E-02  2.632E-02  2.512E-02  2.393E-02  2.277E-02  2.162E-02  2.049E-02  1.938E-02  1.829E-02  1.722E-02  1.618E-02  1.516E-02  1.417E-02  1.320E-02  1.227E-02  1.135E-02  1.048E-02  9.643E-03  8.850E-03  7.989E-03  7.126E-03  6.389E-03  5.760E-03  5.221E-03  4.574E-03  4.053E-03  3.545E-03  3.117E-03  2.668E-03  2.294E-03  1.991E-03  1.690E-03  1.418E-03  1.187E-03  9.646E-04  7.917E-04  6.516E-04  5.297E-04  4.255E-04  3.435E-04  2.741E-04  2.163E-04  1.710E-04  1.354E-04  1.061E-04  8.184E-05  6.177E-05  4.640E-05  3.461E-05  2.559E-05  1.812E-05  1.293E-05  8.780E-06  5.857E-06  3.769E-06  2.167E-06  1.055E-06
  369.5000  3.906E-02  3.753E-02  3.602E-02  3.453E-02  3.305E-02  3.159E-02  3.015E-02  2.873E-02  2.732E-02  2.595E-02  2.459E-02  2.326E-02  2.195E-02  2.067E-02  1.942E-02  1.820E-02  1.700E-02  1.584E-02  1.472E-02  1.362E-02  1.258E-02  1.157E-02  1.062E-02  9.586E-03  8.550E-03  7.665E-03  6.909E-03  6.263E-03  5.486E-03  4.861E-03  4.250E-03  3.737E-03  3.198E-03  2.749E-03  2.385E-03  2.023E-03  1.700E-03  1.422E-03  1.155E-03  9.480E-04  7.801E-04  6.341E-04  5.091E-04  4.109E-04  3.279E-04  2.587E-04  2.044E-04  1.619E-04  1.268E-04  9.784E-05  7.384E-05  5.548E-05  4.138E-05  3.061E-05  2.167E-05  1.546E-05  1.051E-05  7.013E-06  4.518E-06  2.602E-06  1.271E-06
  370.5000  3.546E-02  3.407E-02  3.270E-02  3.134E-02  3.000E-02  2.867E-02  2.736E-02  2.607E-02  2.480E-02  2.356E-02  2.232E-02  2.112E-02  1.993E-02  1.877E-02  1.763E-02  1.652E-02  1.543E-02  1.438E-02  1.336E-02  1.236E-02  1.141E-02  1.050E-02  9.637E-03  8.698E-03  7.758E-03  6.954E-03  6.268E-03  5.681E-03  4.976E-03  4.408E-03  3.854E-03  3.388E-03  2.899E-03  2.492E-03  2.162E-03  1.833E-03  1.540E-03  1.288E-03  1.046E-03  8.583E-04  7.061E-04  5.738E-04  4.607E-04  3.717E-04  2.966E-04  2.339E-04  1.848E-04  1.464E-04  1.146E-04  8.844E-05  6.675E-05  5.015E-05  3.741E-05  2.768E-05  1.960E-05  1.399E-05  9.508E-06  6.349E-06  4.094E-06  2.363E-06  1.159E-06
  371.5000  4.060E-02  3.901E-02  3.743E-02  3.588E-02  3.435E-02  3.283E-02  3.133E-02  2.986E-02  2.840E-02  2.697E-02  2.556E-02  2.418E-02  2.282E-02  2.149E-02  2.018E-02  1.891E-02  1.767E-02  1.646E-02  1.531E-02  1.416E-02  1.307E-02  1.202E-02  1.103E-02  9.958E-03  8.881E-03  7.960E-03  7.174E-03  6.502E-03  5.694E-03  5.044E-03  4.409E-03  3.876E-03  3.315E-03  2.850E-03  2.472E-03  2.096E-03  1.760E-03  1.472E-03  1.195E-03  9.804E-04  8.065E-04  6.552E-04  5.259E-04  4.243E-04  3.384E-04  2.668E-04  2.108E-04  1.670E-04  1.307E-04  1.009E-04  7.612E-05  5.720E-05  4.267E-05  3.157E-05  2.237E-05  1.596E-05  1.085E-05  7.253E-06  4.681E-06  2.707E-06  1.332E-06
  372.5000  3.001E-02  2.883E-02  2.767E-02  2.652E-02  2.539E-02  2.427E-02  2.316E-02  2.207E-02  2.099E-02  1.994E-02  1.890E-02  1.787E-02  1.687E-02  1.588E-02  1.492E-02  1.398E-02  1.306E-02  1.217E-02  1.131E-02  1.046E-02  9.659E-03  8.887E-03  8.155E-03  7.360E-03  6.564E-03  5.883E-03  5.301E-03  4.804E-03  4.207E-03  3.726E-03  3.257E-03  2.862E-03  2.448E-03  2.104E-03  1.825E-03  1.547E-03  1.299E-03  1.086E-03  8.818E-04  7.231E-04  5.946E-04  4.830E-04  3.876E-04  3.126E-04  2.493E-04  1.965E-04  1.553E-04  1.229E-04  9.624E-05  7.426E-05  5.605E-05  4.212E-05  3.142E-05  2.325E-05  1.648E-05  1.176E-05  8.001E-06  5.349E-06  3.455E-06  2.002E-06  9.892E-07
  373.5000  2.713E-02  2.607E-02  2.502E-02  2.398E-02  2.296E-02  2.194E-02  2.094E-02  1.995E-02  1.898E-02  1.803E-02  1.708E-02  1.616E-02  1.525E-02  1.436E-02  1.349E-02  1.264E-02  1.181E-02  1.100E-02  1.022E-02  9.459E-03  8.731E-03  8.032E-03  7.370E-03  6.651E-03  5.932E-03  5.316E-03  4.790E-03  4.340E-03  3.800E-03  3.365E-03  2.941E-03  2.584E-03  2.210E-03  1.899E-03  1.647E-03  1.396E-03  1.172E-03  9.800E-04  7.953E-04  6.520E-04  5.360E-04  4.353E-04  3.492E-04  2.817E-04  2.245E-04  1.770E-04  1.398E-04  1.107E-04  8.663E-05  6.685E-05  5.046E-05  3.792E-05  2.829E-05  2.094E-05  1.484E-05  1.060E-05  7.209E-06  4.822E-06  3.117E-06  1.809E-06  8.970E-07
  374.5000  2.979E-02  2.862E-02  2.747E-02  2.633E-02  2.520E-02  2.409E-02  2.299E-02  2.191E-02  2.084E-02  1.979E-02  1.876E-02  1.774E-02  1.674E-02  1.577E-02  1.481E-02  1.388E-02  1.296E-02  1.208E-02  1.123E-02  1.038E-02  9.584E-03  8.817E-03  8.089E-03  7.300E-03  6.510E-03  5.833E-03  5.256E-03  4.761E-03  4.169E-03  3.691E-03  3.225E-03  2.834E-03  2.423E-03  2.082E-03  1.805E-03  1.530E-03  1.284E-03  1.074E-03  8.710E-04  7.139E-04  5.868E-04  4.765E-04  3.822E-04  3.082E-04  2.456E-04  1.936E-04  1.529E-04  1.210E-04  9.471E-05  7.308E-05  5.516E-05  4.145E-05  3.093E-05  2.290E-05  1.623E-05  1.159E-05  7.888E-06  5.279E-06  3.415E-06  1.986E-06  9.878E-07
  375.5000  3.363E-02  3.232E-02  3.101E-02  2.973E-02  2.846E-02  2.720E-02  2.596E-02  2.474E-02  2.353E-02  2.235E-02  2.118E-02  2.003E-02  1.891E-02  1.780E-02  1.672E-02  1.567E-02  1.464E-02  1.364E-02  1.267E-02  1.172E-02  1.082E-02  9.954E-03  9.133E-03  8.241E-03  7.349E-03  6.585E-03  5.932E-03  5.374E-03  4.704E-03  4.165E-03  3.639E-03  3.197E-03  2.733E-03  2.348E-03  2.036E-03  1.725E-03  1.447E-03  1.210E-03  9.814E-04  8.042E-04  6.610E-04  5.366E-04  4.302E-04  3.468E-04  2.764E-04  2.178E-04  1.719E-04  1.361E-04  1.065E-04  8.218E-05  6.203E-05  4.662E-05  3.480E-05  2.576E-05  1.826E-05  1.304E-05  8.880E-06  5.946E-06  3.850E-06  2.243E-06  1.120E-06
  376.5000  3.361E-02  3.229E-02  3.099E-02  2.971E-02  2.843E-02  2.718E-02  2.594E-02  2.472E-02  2.351E-02  2.233E-02  2.116E-02  2.002E-02  1.889E-02  1.779E-02  1.671E-02  1.566E-02  1.463E-02  1.363E-02  1.265E-02  1.171E-02  1.081E-02  9.946E-03  9.125E-03  8.234E-03  7.341E-03  6.578E-03  5.926E-03  5.367E-03  4.698E-03  4.159E-03  3.633E-03  3.191E-03  2.728E-03  2.343E-03  2.031E-03  1.721E-03  1.443E-03  1.207E-03  9.786E-04  8.017E-04  6.588E-04  5.347E-04  4.286E-04  3.455E-04  2.752E-04  2.168E-04  1.712E-04  1.355E-04  1.060E-04  8.179E-05  6.174E-05  4.640E-05  3.464E-05  2.564E-05  1.818E-05  1.299E-05  8.847E-06  5.926E-06  3.841E-06  2.242E-06  1.123E-06
  377.5000  4.004E-02  3.847E-02  3.692E-02  3.539E-02  3.388E-02  3.238E-02  3.091E-02  2.945E-02  2.802E-02  2.661E-02  2.522E-02  2.385E-02  2.251E-02  2.120E-02  1.991E-02  1.866E-02  1.743E-02  1.624E-02  1.509E-02  1.396E-02  1.288E-02  1.185E-02  1.087E-02  9.809E-03  8.746E-03  7.835E-03  7.057E-03  6.392E-03  5.594E-03  4.952E-03  4.325E-03  3.799E-03  3.247E-03  2.789E-03  2.417E-03  2.048E-03  1.716E-03  1.435E-03  1.163E-03  9.529E-04  7.828E-04  6.352E-04  5.091E-04  4.103E-04  3.268E-04  2.574E-04  2.031E-04  1.608E-04  1.258E-04  9.705E-05  7.326E-05  5.507E-05  4.111E-05  3.044E-05  2.159E-05  1.542E-05  1.051E-05  7.042E-06  4.568E-06  2.671E-06  1.342E-06
  378.5000  4.366E-02  4.195E-02  4.026E-02  3.859E-02  3.694E-02  3.531E-02  3.370E-02  3.211E-02  3.055E-02  2.901E-02  2.750E-02  2.601E-02  2.455E-02  2.311E-02  2.171E-02  2.034E-02  1.900E-02  1.770E-02  1.645E-02  1.522E-02  1.404E-02  1.292E-02  1.185E-02  1.069E-02  9.533E-03  8.540E-03  7.691E-03  6.965E-03  6.096E-03  5.395E-03  4.712E-03  4.137E-03  3.536E-03  3.036E-03  2.631E-03  2.229E-03  1.868E-03  1.561E-03  1.266E-03  1.036E-03  8.513E-04  6.906E-04  5.533E-04  4.458E-04  3.550E-04  2.796E-04  2.206E-04  1.746E-04  1.366E-04  1.054E-04  7.954E-05  5.979E-05  4.464E-05  3.306E-05  2.345E-05  1.676E-05  1.142E-05  7.657E-06  4.971E-06  2.911E-06  1.468E-06
  379.5000  3.231E-02  3.105E-02  2.980E-02  2.856E-02  2.734E-02  2.614E-02  2.494E-02  2.377E-02  2.261E-02  2.147E-02  2.035E-02  1.925E-02  1.817E-02  1.711E-02  1.607E-02  1.506E-02  1.407E-02  1.310E-02  1.217E-02  1.126E-02  1.039E-02  9.559E-03  8.768E-03  7.911E-03  7.053E-03  6.318E-03  5.689E-03  5.152E-03  4.508E-03  3.989E-03  3.484E-03  3.058E-03  2.613E-03  2.244E-03  1.944E-03  1.647E-03  1.380E-03  1.153E-03  9.345E-04  7.651E-04  6.283E-04  5.096E-04  4.082E-04  3.288E-04  2.618E-04  2.061E-04  1.626E-04  1.287E-04  1.007E-04  7.766E-05  5.862E-05  4.407E-05  3.290E-05  2.437E-05  1.729E-05  1.236E-05  8.423E-06  5.650E-06  3.671E-06  2.153E-06  1.089E-06
  380.5000  3.888E-02  3.736E-02  3.585E-02  3.437E-02  3.290E-02  3.145E-02  3.002E-02  2.860E-02  2.721E-02  2.584E-02  2.449E-02  2.316E-02  2.186E-02  2.058E-02  1.933E-02  1.812E-02  1.692E-02  1.577E-02  1.465E-02  1.355E-02  1.250E-02  1.150E-02  1.055E-02  9.518E-03  8.485E-03  7.600E-03  6.843E-03  6.196E-03  5.421E-03  4.796E-03  4.188E-03  3.677E-03  3.141E-03  2.696E-03  2.336E-03  1.978E-03  1.657E-03  1.385E-03  1.122E-03  9.184E-04  7.540E-04  6.114E-04  4.897E-04  3.944E-04  3.139E-04  2.471E-04  1.949E-04  1.543E-04  1.206E-04  9.306E-05  7.024E-05  5.281E-05  3.943E-05  2.921E-05  2.073E-05  1.482E-05  1.010E-05  6.780E-06  4.408E-06  2.590E-06  1.314E-06
  381.5000  3.655E-02  3.512E-02  3.371E-02  3.231E-02  3.093E-02  2.957E-02  2.822E-02  2.689E-02  2.558E-02  2.430E-02  2.303E-02  2.178E-02  2.055E-02  1.935E-02  1.818E-02  1.703E-02  1.591E-02  1.482E-02  1.376E-02  1.274E-02  1.176E-02  1.081E-02  9.917E-03  8.947E-03  7.975E-03  7.143E-03  6.431E-03  5.822E-03  5.094E-03  4.506E-03  3.934E-03  3.453E-03  2.950E-03  2.532E-03  2.193E-03  1.857E-03  1.555E-03  1.299E-03  1.053E-03  8.614E-04  7.070E-04  5.732E-04  4.590E-04  3.696E-04  2.941E-04  2.315E-04  1.826E-04  1.445E-04  1.129E-04  8.713E-05  6.577E-05  4.945E-05  3.693E-05  2.736E-05  1.941E-05  1.388E-05  9.467E-06  6.357E-06  4.136E-06  2.434E-06  1.239E-06
  382.5000  2.437E-02  2.342E-02  2.247E-02  2.154E-02  2.062E-02  1.971E-02  1.881E-02  1.793E-02  1.705E-02  1.620E-02  1.535E-02  1.452E-02  1.370E-02  1.290E-02  1.212E-02  1.136E-02  1.061E-02  9.881E-03  9.182E-03  8.492E-03  7.837E-03  7.207E-03  6.610E-03  5.963E-03  5.315E-03  4.760E-03  4.286E-03  3.879E-03  3.394E-03  3.002E-03  2.620E-03  2.300E-03  1.964E-03  1.686E-03  1.460E-03  1.236E-03  1.035E-03  8.644E-04  7.001E-04  5.728E-04  4.701E-04  3.810E-04  3.050E-04  2.455E-04  1.953E-04  1.537E-04  1.212E-04  9.592E-05  7.498E-05  5.784E-05  4.366E-05  3.283E-05  2.452E-05  1.817E-05  1.289E-05  9.222E-06  6.291E-06  4.226E-06  2.752E-06  1.622E-06  8.281E-07
  383.5000  2.141E-02  2.057E-02  1.974E-02  1.893E-02  1.812E-02  1.732E-02  1.653E-02  1.575E-02  1.498E-02  1.423E-02  1.349E-02  1.276E-02  1.204E-02  1.134E-02  1.065E-02  9.976E-03  9.319E-03  8.681E-03  8.059E-03  7.460E-03  6.884E-03  6.331E-03  5.806E-03  5.237E-03  4.668E-03  4.180E-03  3.763E-03  3.406E-03  2.979E-03  2.635E-03  2.300E-03  2.018E-03  1.723E-03  1.479E-03  1.281E-03  1.084E-03  9.076E-04  7.578E-04  6.137E-04  5.020E-04  4.118E-04  3.338E-04  2.671E-04  2.150E-04  1.710E-04  1.345E-04  1.061E-04  8.392E-05  6.559E-05  5.060E-05  3.819E-05  2.872E-05  2.145E-05  1.590E-05  1.128E-05  8.072E-06  5.508E-06  3.701E-06  2.412E-06  1.424E-06  7.292E-07
  384.5000  3.214E-02  3.088E-02  2.964E-02  2.842E-02  2.720E-02  2.600E-02  2.482E-02  2.365E-02  2.250E-02  2.137E-02  2.025E-02  1.915E-02  1.808E-02  1.702E-02  1.599E-02  1.498E-02  1.399E-02  1.303E-02  1.210E-02  1.120E-02  1.033E-02  9.504E-03  8.716E-03  7.862E-03  7.008E-03  6.275E-03  5.648E-03  5.112E-03  4.470E-03  3.953E-03  3.450E-03  3.027E-03  2.585E-03  2.217E-03  1.920E-03  1.625E-03  1.360E-03  1.135E-03  9.193E-04  7.519E-04  6.167E-04  4.997E-04  3.998E-04  3.217E-04  2.558E-04  2.012E-04  1.587E-04  1.255E-04  9.808E-05  7.565E-05  5.711E-05  4.294E-05  3.208E-05  2.377E-05  1.688E-05  1.208E-05  8.242E-06  5.541E-06  3.613E-06  2.136E-06  1.097E-06
  385.5000  3.181E-02  3.057E-02  2.934E-02  2.813E-02  2.692E-02  2.574E-02  2.456E-02  2.341E-02  2.227E-02  2.115E-02  2.005E-02  1.896E-02  1.789E-02  1.685E-02  1.582E-02  1.483E-02  1.385E-02  1.290E-02  1.199E-02  1.109E-02  1.023E-02  9.407E-03  8.626E-03  7.781E-03  6.935E-03  6.209E-03  5.589E-03  5.057E-03  4.423E-03  3.910E-03  3.412E-03  2.993E-03  2.555E-03  2.192E-03  1.898E-03  1.606E-03  1.344E-03  1.122E-03  9.080E-04  7.424E-04  6.088E-04  4.932E-04  3.945E-04  3.174E-04  2.523E-04  1.985E-04  1.564E-04  1.237E-04  9.668E-05  7.457E-05  5.629E-05  4.233E-05  3.162E-05  2.344E-05  1.665E-05  1.191E-05  8.131E-06  5.469E-06  3.569E-06  2.113E-06  1.089E-06
  386.5000  3.244E-02  3.118E-02  2.992E-02  2.868E-02  2.746E-02  2.625E-02  2.505E-02  2.387E-02  2.271E-02  2.157E-02  2.044E-02  1.934E-02  1.825E-02  1.718E-02  1.614E-02  1.512E-02  1.413E-02  1.316E-02  1.222E-02  1.131E-02  1.043E-02  9.592E-03  8.796E-03  7.934E-03  7.071E-03  6.331E-03  5.697E-03  5.155E-03  4.507E-03  3.985E-03  3.477E-03  3.050E-03  2.603E-03  2.232E-03  1.933E-03  1.635E-03  1.368E-03  1.142E-03  9.239E-04  7.553E-04  6.193E-04  5.015E-04  4.011E-04  3.226E-04  2.564E-04  2.016E-04  1.589E-04  1.257E-04  9.819E-05  7.573E-05  5.716E-05  4.299E-05  3.212E-05  2.381E-05  1.691E-05  1.210E-05  8.264E-06  5.561E-06  3.631E-06  2.153E-06  1.113E-06
  387.5000  3.016E-02  2.898E-02  2.782E-02  2.667E-02  2.553E-02  2.440E-02  2.329E-02  2.220E-02  2.112E-02  2.005E-02  1.901E-02  1.798E-02  1.697E-02  1.598E-02  1.501E-02  1.406E-02  1.313E-02  1.223E-02  1.136E-02  1.051E-02  9.698E-03  8.917E-03  8.176E-03  7.375E-03  6.573E-03  5.884E-03  5.295E-03  4.790E-03  4.188E-03  3.702E-03  3.230E-03  2.832E-03  2.417E-03  2.073E-03  1.794E-03  1.517E-03  1.270E-03  1.059E-03  8.571E-04  7.005E-04  5.742E-04  4.650E-04  3.717E-04  2.990E-04  2.376E-04  1.868E-04  1.472E-04  1.164E-04  9.091E-05  7.011E-05  5.292E-05  3.980E-05  2.974E-05  2.205E-05  1.566E-05  1.121E-05  7.657E-06  5.155E-06  3.368E-06  2.000E-06  1.036E-06
  388.5000  3.025E-02  2.906E-02  2.789E-02  2.674E-02  2.560E-02  2.447E-02  2.336E-02  2.226E-02  2.117E-02  2.011E-02  1.906E-02  1.803E-02  1.701E-02  1.602E-02  1.505E-02  1.410E-02  1.317E-02  1.227E-02  1.139E-02  1.054E-02  9.724E-03  8.941E-03  8.197E-03  7.394E-03  6.589E-03  5.898E-03  5.307E-03  4.801E-03  4.197E-03  3.710E-03  3.236E-03  2.837E-03  2.421E-03  2.076E-03  1.796E-03  1.519E-03  1.271E-03  1.060E-03  8.575E-04  7.007E-04  5.742E-04  4.649E-04  3.716E-04  2.988E-04  2.374E-04  1.866E-04  1.470E-04  1.162E-04  9.077E-05  7.000E-05  5.284E-05  3.974E-05  2.970E-05  2.202E-05  1.564E-05  1.120E-05  7.652E-06  5.153E-06  3.369E-06  2.004E-06  1.041E-06
  389.5000  3.816E-02  3.667E-02  3.519E-02  3.374E-02  3.230E-02  3.087E-02  2.947E-02  2.808E-02  2.671E-02  2.537E-02  2.405E-02  2.274E-02  2.147E-02  2.021E-02  1.898E-02  1.779E-02  1.662E-02  1.548E-02  1.438E-02  1.330E-02  1.227E-02  1.128E-02  1.034E-02  9.327E-03  8.311E-03  7.439E-03  6.693E-03  6.054E-03  5.292E-03  4.677E-03  4.079E-03  3.576E-03  3.051E-03  2.615E-03  2.263E-03  1.913E-03  1.600E-03  1.335E-03  1.079E-03  8.818E-04  7.225E-04  5.848E-04  4.673E-04  3.757E-04  2.984E-04  2.345E-04  1.847E-04  1.460E-04  1.140E-04  8.794E-05  6.639E-05  4.993E-05  3.731E-05  2.767E-05  1.966E-05  1.408E-05  9.620E-06  6.481E-06  4.241E-06  2.525E-06  1.316E-06
  390.5000  3.750E-02  3.603E-02  3.458E-02  3.315E-02  3.174E-02  3.034E-02  2.896E-02  2.760E-02  2.625E-02  2.493E-02  2.363E-02  2.235E-02  2.110E-02  1.986E-02  1.866E-02  1.748E-02  1.633E-02  1.521E-02  1.412E-02  1.307E-02  1.205E-02  1.108E-02  1.016E-02  9.164E-03  8.166E-03  7.309E-03  6.575E-03  5.947E-03  5.198E-03  4.593E-03  4.005E-03  3.511E-03  2.995E-03  2.567E-03  2.221E-03  1.877E-03  1.570E-03  1.309E-03  1.058E-03  8.645E-04  7.082E-04  5.731E-04  4.578E-04  3.680E-04  2.922E-04  2.296E-04  1.808E-04  1.429E-04  1.116E-04  8.606E-05  6.496E-05  4.886E-05  3.652E-05  2.708E-05  1.925E-05  1.378E-05  9.422E-06  6.350E-06  4.157E-06  2.479E-06  1.295E-06
  391.5000  4.451E-02  4.277E-02  4.105E-02  3.935E-02  3.767E-02  3.601E-02  3.437E-02  3.276E-02  3.116E-02  2.960E-02  2.805E-02  2.653E-02  2.504E-02  2.358E-02  2.215E-02  2.075E-02  1.938E-02  1.805E-02  1.677E-02  1.551E-02  1.431E-02  1.315E-02  1.206E-02  1.088E-02  9.691E-03  8.673E-03  7.802E-03  7.056E-03  6.166E-03  5.448E-03  4.750E-03  4.163E-03  3.551E-03  3.043E-03  2.632E-03  2.224E-03  1.860E-03  1.551E-03  1.254E-03  1.024E-03  8.384E-04  6.783E-04  5.417E-04  4.353E-04  3.456E-04  2.715E-04  2.138E-04  1.690E-04  1.319E-04  1.017E-04  7.678E-05  5.775E-05  4.317E-05  3.202E-05  2.276E-05  1.630E-05  1.114E-05  7.515E-06  4.923E-06  2.940E-06  1.540E-06
  392.5000  3.339E-02  3.209E-02  3.080E-02  2.952E-02  2.826E-02  2.702E-02  2.579E-02  2.458E-02  2.338E-02  2.221E-02  2.105E-02  1.991E-02  1.879E-02  1.769E-02  1.662E-02  1.557E-02  1.454E-02  1.354E-02  1.258E-02  1.164E-02  1.073E-02  9.868E-03  9.046E-03  8.159E-03  7.270E-03  6.505E-03  5.851E-03  5.291E-03  4.623E-03  4.084E-03  3.561E-03  3.120E-03  2.661E-03  2.280E-03  1.972E-03  1.666E-03  1.393E-03  1.161E-03  9.385E-04  7.662E-04  6.273E-04  5.074E-04  4.052E-04  3.255E-04  2.584E-04  2.029E-04  1.598E-04  1.263E-04  9.856E-05  7.599E-05  5.736E-05  4.315E-05  3.225E-05  2.392E-05  1.701E-05  1.218E-05  8.332E-06  5.620E-06  3.684E-06  2.203E-06  1.157E-06
  393.5000  1.452E-02  1.396E-02  1.339E-02  1.284E-02  1.229E-02  1.175E-02  1.122E-02  1.069E-02  1.017E-02  9.659E-03  9.155E-03  8.659E-03  8.172E-03  7.695E-03  7.227E-03  6.771E-03  6.325E-03  5.891E-03  5.469E-03  5.061E-03  4.668E-03  4.292E-03  3.934E-03  3.548E-03  3.161E-03  2.829E-03  2.544E-03  2.300E-03  2.010E-03  1.775E-03  1.547E-03  1.356E-03  1.156E-03  9.903E-04  8.565E-04  7.234E-04  6.048E-04  5.040E-04  4.073E-04  3.324E-04  2.721E-04  2.201E-04  1.757E-04  1.411E-04  1.120E-04  8.792E-05  6.921E-05  5.469E-05  4.269E-05  3.291E-05  2.484E-05  1.869E-05  1.397E-05  1.036E-05  7.369E-06  5.279E-06  3.611E-06  2.437E-06  1.598E-06  9.569E-07  5.039E-07
  394.5000  3.419E-02  3.285E-02  3.153E-02  3.023E-02  2.894E-02  2.766E-02  2.641E-02  2.516E-02  2.394E-02  2.274E-02  2.155E-02  2.038E-02  1.924E-02  1.811E-02  1.701E-02  1.594E-02  1.489E-02  1.387E-02  1.287E-02  1.191E-02  1.099E-02  1.010E-02  9.260E-03  8.351E-03  7.440E-03  6.657E-03  5.987E-03  5.412E-03  4.728E-03  4.176E-03  3.640E-03  3.188E-03  2.718E-03  2.328E-03  2.013E-03  1.700E-03  1.421E-03  1.184E-03  9.566E-04  7.806E-04  6.389E-04  5.166E-04  4.122E-04  3.311E-04  2.627E-04  2.062E-04  1.623E-04  1.282E-04  1.001E-04  7.714E-05  5.823E-05  4.380E-05  3.274E-05  2.430E-05  1.728E-05  1.238E-05  8.471E-06  5.718E-06  3.752E-06  2.250E-06  1.187E-06
  395.5000  4.400E-02  4.228E-02  4.059E-02  3.891E-02  3.725E-02  3.561E-02  3.399E-02  3.239E-02  3.082E-02  2.927E-02  2.774E-02  2.624E-02  2.476E-02  2.332E-02  2.190E-02  2.052E-02  1.917E-02  1.785E-02  1.657E-02  1.533E-02  1.414E-02  1.300E-02  1.192E-02  1.075E-02  9.575E-03  8.567E-03  7.703E-03  6.963E-03  6.083E-03  5.371E-03  4.681E-03  4.100E-03  3.495E-03  2.993E-03  2.588E-03  2.184E-03  1.826E-03  1.521E-03  1.229E-03  1.002E-03  8.202E-04  6.630E-04  5.290E-04  4.247E-04  3.369E-04  2.644E-04  2.081E-04  1.644E-04  1.283E-04  9.887E-05  7.463E-05  5.614E-05  4.197E-05  3.114E-05  2.215E-05  1.587E-05  1.086E-05  7.336E-06  4.817E-06  2.892E-06  1.530E-06
  396.5000  2.585E-02  2.484E-02  2.384E-02  2.286E-02  2.188E-02  2.092E-02  1.997E-02  1.903E-02  1.810E-02  1.719E-02  1.630E-02  1.542E-02  1.455E-02  1.370E-02  1.287E-02  1.205E-02  1.126E-02  1.049E-02  9.740E-03  9.008E-03  8.309E-03  7.638E-03  7.001E-03  6.313E-03  5.624E-03  5.032E-03  4.524E-03  4.089E-03  3.572E-03  3.154E-03  2.748E-03  2.406E-03  2.051E-03  1.756E-03  1.518E-03  1.281E-03  1.071E-03  8.918E-04  7.202E-04  5.874E-04  4.806E-04  3.884E-04  3.098E-04  2.487E-04  1.972E-04  1.548E-04  1.218E-04  9.618E-05  7.503E-05  5.784E-05  4.366E-05  3.284E-05  2.455E-05  1.822E-05  1.296E-05  9.291E-06  6.360E-06  4.296E-06  2.823E-06  1.697E-06  9.000E-07
  397.5000  2.984E-02  2.868E-02  2.752E-02  2.639E-02  2.526E-02  2.415E-02  2.305E-02  2.197E-02  2.090E-02  1.985E-02  1.882E-02  1.780E-02  1.680E-02  1.582E-02  1.486E-02  1.392E-02  1.300E-02  1.211E-02  1.125E-02  1.040E-02  9.593E-03  8.818E-03  8.082E-03  7.288E-03  6.492E-03  5.808E-03  5.222E-03  4.719E-03  4.122E-03  3.639E-03  3.170E-03  2.776E-03  2.365E-03  2.025E-03  1.750E-03  1.477E-03  1.234E-03  1.028E-03  8.297E-04  6.766E-04  5.534E-04  4.472E-04  3.566E-04  2.862E-04  2.269E-04  1.780E-04  1.400E-04  1.106E-04  8.627E-05  6.649E-05  5.019E-05  3.776E-05  2.823E-05  2.095E-05  1.491E-05  1.069E-05  7.317E-06  4.945E-06  3.251E-06  1.956E-06  1.040E-06
  398.5000  5.130E-02  4.930E-02  4.732E-02  4.536E-02  4.343E-02  4.152E-02  3.963E-02  3.777E-02  3.593E-02  3.413E-02  3.235E-02  3.060E-02  2.888E-02  2.719E-02  2.554E-02  2.393E-02  2.235E-02  2.082E-02  1.933E-02  1.788E-02  1.649E-02  1.516E-02  1.389E-02  1.253E-02  1.116E-02  9.983E-03  8.975E-03  8.110E-03  7.082E-03  6.252E-03  5.446E-03  4.768E-03  4.062E-03  3.477E-03  3.005E-03  2.536E-03  2.118E-03  1.763E-03  1.423E-03  1.161E-03  9.489E-04  7.666E-04  6.112E-04  4.904E-04  3.887E-04  3.049E-04  2.398E-04  1.894E-04  1.477E-04  1.138E-04  8.592E-05  6.463E-05  4.833E-05  3.588E-05  2.553E-05  1.830E-05  1.254E-05  8.474E-06  5.574E-06  3.359E-06  1.790E-06
  399.5000  5.337E-02  5.129E-02  4.923E-02  4.720E-02  4.519E-02  4.320E-02  4.124E-02  3.930E-02  3.739E-02  3.551E-02  3.366E-02  3.184E-02  3.005E-02  2.830E-02  2.658E-02  2.490E-02  2.326E-02  2.166E-02  2.011E-02  1.860E-02  1.716E-02  1.577E-02  1.446E-02  1.303E-02  1.161E-02  1.039E-02  9.336E-03  8.435E-03  7.366E-03  6.501E-03  5.663E-03  4.957E-03  4.222E-03  3.614E-03  3.123E-03  2.634E-03  2.200E-03  1.831E-03  1.478E-03  1.205E-03  9.849E-04  7.954E-04  6.340E-04  5.086E-04  4.030E-04  3.161E-04  2.486E-04  1.963E-04  1.530E-04  1.179E-04  8.902E-05  6.697E-05  5.008E-05  3.718E-05  2.646E-05  1.897E-05  1.300E-05  8.789E-06  5.785E-06  3.490E-06  1.865E-06
------------------------------------------------------------
Dose rates,W m-2
   1 = UV index (WMO, 1994; Webb et al., 2011)           
   2 = Previtamin-D3 (CIE 2006)                          
values at z =      0.025 km
Columns: time,sza,weighting spectra
time,hrs.  sza,deg.          1          2
   18.0000     85.639  7.562E-02  1.055E-03
   18.0167     85.831  7.219E-02  1.003E-03
   18.0333     86.023  6.884E-02  9.525E-04
   18.0500     86.214  6.559E-02  9.041E-04
   18.0667     86.407  6.240E-02  8.574E-04
   18.0833     86.599  5.930E-02  8.126E-04
   18.1000     86.792  5.628E-02  7.696E-04
   18.1167     86.985  5.333E-02  7.283E-04
   18.1333     87.179  5.047E-02  6.886E-04
   18.1500     87.372  4.769E-02  6.506E-04
   18.1667     87.565  4.498E-02  6.140E-04
   18.1833     87.759  4.236E-02  5.788E-04
   18.2000     87.953  3.981E-02  5.451E-04
   18.2167     88.147  3.734E-02  5.127E-04
   18.2333     88.342  3.496E-02  4.817E-04
   18.2500     88.536  3.265E-02  4.519E-04
   18.2667     88.731  3.043E-02  4.234E-04
   18.2833     88.926  2.829E-02  3.961E-04
   18.3000     89.121  2.623E-02  3.699E-04
   18.3167     89.316  2.426E-02  3.449E-04
   18.3333     89.511  2.239E-02  3.211E-04
   18.3500     89.707  2.060E-02  2.985E-04
   18.3667     89.903  1.892E-02  2.772E-04
   18.3833     90.099  1.712E-02  2.541E-04
   18.4000     90.295  1.533E-02  2.310E-04
   18.4167     90.492  1.380E-02  2.111E-04
   18.4333     90.688  1.249E-02  1.941E-04
   18.4500     90.885  1.137E-02  1.793E-04
   18.4667     91.082  1.004E-02  1.613E-04
   18.4833     91.279  8.956E-03  1.466E-04
   18.5000     91.476  7.899E-03  1.318E-04
   18.5167     91.673  7.006E-03  1.192E-04
   18.5333     91.871  6.067E-03  1.055E-04
   18.5500     92.069  5.277E-03  9.364E-05
   18.5667     92.266  4.623E-03  8.351E-05
   18.5833     92.465  3.985E-03  7.370E-05
   18.6000     92.663  3.397E-03  6.416E-05
   18.6167     92.861  2.884E-03  5.538E-05
   18.6333     93.059  2.388E-03  4.685E-05
   18.6500     93.258  1.993E-03  3.978E-05
   18.6667     93.457  1.665E-03  3.372E-05
   18.6833     93.656  1.371E-03  2.800E-05
   18.7000     93.855  1.117E-03  2.304E-05
   18.7167     94.054  9.084E-04  1.877E-05
   18.7333     94.254  7.315E-04  1.516E-05
   18.7500     94.453  5.788E-04  1.193E-05
   18.7667     94.653  4.565E-04  9.319E-06
   18.7833     94.853  3.584E-04  7.203E-06
   18.8000     95.053  2.781E-04  5.482E-06
   18.8167     95.253  2.108E-04  4.038E-06
   18.8333     95.453  1.557E-04  2.868E-06
   18.8500     95.654  1.131E-04  1.944E-06
   18.8667     95.855  8.017E-05  1.223E-06
   18.8833     96.055  5.529E-05  6.877E-07
   18.9000     96.256  3.576E-05  3.181E-07
   18.9167     96.457  2.321E-05  1.326E-07
   18.9333     96.658  1.423E-05  4.519E-08
   18.9500     96.860  8.637E-06  1.501E-08
   18.9667     97.061  5.074E-06  4.826E-09
   18.9833     97.263  2.619E-06  1.227E-09
   19.0000     97.464  1.132E-06  2.451E-10
------------------------------------------------------------
