Spectral Irradiance,W m-2 nm-1
values at z =      0.025 km
Columns: wavelength (nm),times (hrs.) or sza (deg.)
    wc,nm     18.000     18.017     18.033     18.050     18.067     18.083     18.100     18.117     18.133     18.150     18.167     18.183     18.200     18.217     18.233     18.250     18.267     18.283     18.300     18.317     18.333     18.350     18.367     18.383     18.400     18.417     18.433     18.450     18.467     18.483     18.500     18.517     18.533     18.550     18.567     18.583     18.600     18.617     18.633     18.650     18.667     18.683     18.700     18.717     18.733     18.750     18.767     18.783     18.800     18.817     18.833     18.850     18.867     18.883     18.900     18.917     18.933     18.950     18.967     18.983     19.000
    sza =      81.727     81.929     82.131     82.332     82.534     82.736     82.938     83.141     83.343     83.545     83.748     83.951     84.154     84.358     84.561     84.764     84.967     85.171     85.375     85.579     85.783     85.987     86.191     86.395     86.600     86.805     87.009     87.214     87.419     87.624     87.829     88.034     88.239     88.445     88.650     88.856     89.062     89.267     89.473     89.680     89.886     90.092     90.298     90.504     90.711     90.918     91.124     91.331     91.538     91.745     91.952     92.159     92.366     92.573     92.780     92.988     93.195     93.403     93.610     93.818     94.025
  280.5000  1.595E-30  1.568E-30  1.541E-30  1.515E-30  1.488E-30  1.462E-30  1.435E-30  1.409E-30  1.382E-30  1.356E-30  1.330E-30  1.303E-30  1.277E-30  1.250E-30  1.224E-30  1.197E-30  1.171E-30  1.144E-30  1.117E-30  1.090E-30  1.063E-30  1.036E-30  1.008E-30  9.809E-31  9.533E-31  9.254E-31  8.975E-31  8.693E-31  8.408E-31  8.122E-31  7.834E-31  7.544E-31  7.251E-31  6.957E-31  6.660E-31  6.362E-31  6.063E-31  5.763E-31  5.464E-31  5.166E-31  4.873E-31  4.532E-31  4.165E-31  3.849E-31  3.574E-31  3.334E-31  2.992E-31  2.748E-31  2.447E-31  2.239E-31  1.960E-31  1.712E-31  1.486E-31  1.281E-31  1.094E-31  9.261E-32  7.703E-32  6.203E-32  5.014E-32  3.785E-32  2.834E-32
  281.5000  8.386E-28  8.245E-28  8.104E-28  7.963E-28  7.823E-28  7.683E-28  7.543E-28  7.404E-28  7.265E-28  7.126E-28  6.986E-28  6.847E-28  6.708E-28  6.568E-28  6.429E-28  6.289E-28  6.149E-28  6.008E-28  5.867E-28  5.726E-28  5.584E-28  5.441E-28  5.298E-28  5.153E-28  5.008E-28  4.862E-28  4.716E-28  4.568E-28  4.419E-28  4.269E-28  4.118E-28  3.966E-28  3.813E-28  3.659E-28  3.503E-28  3.347E-28  3.190E-28  3.033E-28  2.876E-28  2.720E-28  2.567E-28  2.388E-28  2.195E-28  2.029E-28  1.885E-28  1.759E-28  1.579E-28  1.450E-28  1.292E-28  1.182E-28  1.035E-28  9.042E-29  7.853E-29  6.769E-29  5.785E-29  4.900E-29  4.081E-29  3.291E-29  2.668E-29  2.029E-29  1.535E-29
  282.5000  1.249E-25  1.228E-25  1.207E-25  1.186E-25  1.165E-25  1.144E-25  1.123E-25  1.102E-25  1.081E-25  1.061E-25  1.040E-25  1.019E-25  9.983E-26  9.775E-26  9.566E-26  9.358E-26  9.149E-26  8.940E-26  8.730E-26  8.519E-26  8.308E-26  8.095E-26  7.882E-26  7.667E-26  7.452E-26  7.235E-26  7.017E-26  6.797E-26  6.576E-26  6.354E-26  6.129E-26  5.904E-26  5.676E-26  5.447E-26  5.217E-26  4.985E-26  4.752E-26  4.519E-26  4.286E-26  4.055E-26  3.827E-26  3.561E-26  3.274E-26  3.028E-26  2.813E-26  2.625E-26  2.358E-26  2.166E-26  1.930E-26  1.766E-26  1.547E-26  1.352E-26  1.175E-26  1.013E-26  8.657E-27  7.337E-27  6.117E-27  4.939E-27  4.014E-27  3.070E-27  2.344E-27
  283.5000  2.907E-24  2.858E-24  2.808E-24  2.759E-24  2.710E-24  2.661E-24  2.612E-24  2.564E-24  2.515E-24  2.467E-24  2.418E-24  2.369E-24  2.321E-24  2.272E-24  2.224E-24  2.175E-24  2.127E-24  2.078E-24  2.029E-24  1.980E-24  1.931E-24  1.882E-24  1.832E-24  1.782E-24  1.732E-24  1.682E-24  1.631E-24  1.580E-24  1.529E-24  1.477E-24  1.425E-24  1.372E-24  1.320E-24  1.267E-24  1.213E-24  1.159E-24  1.105E-24  1.051E-24  9.971E-25  9.434E-25  8.905E-25  8.287E-25  7.623E-25  7.050E-25  6.551E-25  6.115E-25  5.493E-25  5.048E-25  4.498E-25  4.118E-25  3.608E-25  3.153E-25  2.740E-25  2.362E-25  2.020E-25  1.713E-25  1.429E-25  1.155E-25  9.399E-26  7.218E-26  5.539E-26
  284.5000  5.535E-22  5.440E-22  5.345E-22  5.250E-22  5.156E-22  5.062E-22  4.968E-22  4.875E-22  4.782E-22  4.689E-22  4.596E-22  4.503E-22  4.410E-22  4.318E-22  4.225E-22  4.133E-22  4.040E-22  3.947E-22  3.854E-22  3.760E-22  3.667E-22  3.573E-22  3.479E-22  3.384E-22  3.289E-22  3.193E-22  3.097E-22  3.001E-22  2.903E-22  2.805E-22  2.707E-22  2.608E-22  2.508E-22  2.407E-22  2.306E-22  2.204E-22  2.102E-22  2.000E-22  1.898E-22  1.796E-22  1.696E-22  1.579E-22  1.453E-22  1.344E-22  1.250E-22  1.167E-22  1.049E-22  9.645E-23  8.598E-23  7.876E-23  6.903E-23  6.036E-23  5.248E-23  4.527E-23  3.874E-23  3.287E-23  2.747E-23  2.222E-23  1.813E-23  1.401E-23  1.086E-23
  285.5000  1.687E-20  1.657E-20  1.628E-20  1.599E-20  1.570E-20  1.541E-20  1.512E-20  1.484E-20  1.455E-20  1.427E-20  1.398E-20  1.370E-20  1.341E-20  1.313E-20  1.285E-20  1.256E-20  1.228E-20  1.200E-20  1.171E-20  1.143E-20  1.114E-20  1.086E-20  1.057E-20  1.028E-20  9.992E-21  9.701E-21  9.409E-21  9.116E-21  8.820E-21  8.523E-21  8.224E-21  7.923E-21  7.620E-21  7.316E-21  7.009E-21  6.700E-21  6.391E-21  6.082E-21  5.772E-21  5.464E-21  5.161E-21  4.806E-21  4.424E-21  4.096E-21  3.809E-21  3.559E-21  3.200E-21  2.943E-21  2.625E-21  2.405E-21  2.109E-21  1.845E-21  1.604E-21  1.385E-21  1.186E-21  1.007E-21  8.420E-22  6.818E-22  5.575E-22  4.329E-22  3.376E-22
  286.5000  1.053E-18  1.034E-18  1.016E-18  9.973E-19  9.790E-19  9.609E-19  9.428E-19  9.248E-19  9.068E-19  8.889E-19  8.710E-19  8.532E-19  8.354E-19  8.176E-19  7.999E-19  7.822E-19  7.644E-19  7.467E-19  7.289E-19  7.111E-19  6.933E-19  6.755E-19  6.575E-19  6.396E-19  6.215E-19  6.034E-19  5.853E-19  5.670E-19  5.486E-19  5.301E-19  5.115E-19  4.928E-19  4.740E-19  4.551E-19  4.360E-19  4.169E-19  3.977E-19  3.785E-19  3.593E-19  3.402E-19  3.214E-19  2.994E-19  2.757E-19  2.553E-19  2.375E-19  2.220E-19  1.996E-19  1.837E-19  1.639E-19  1.502E-19  1.318E-19  1.153E-19  1.003E-19  8.663E-20  7.419E-20  6.302E-20  5.277E-20  4.276E-20  3.502E-20  2.728E-20  2.139E-20
  287.5000  3.851E-17  3.782E-17  3.714E-17  3.646E-17  3.579E-17  3.511E-17  3.445E-17  3.378E-17  3.312E-17  3.246E-17  3.180E-17  3.114E-17  3.049E-17  2.983E-17  2.918E-17  2.853E-17  2.788E-17  2.722E-17  2.657E-17  2.592E-17  2.527E-17  2.461E-17  2.396E-17  2.330E-17  2.264E-17  2.198E-17  2.132E-17  2.065E-17  1.998E-17  1.931E-17  1.863E-17  1.795E-17  1.726E-17  1.658E-17  1.588E-17  1.519E-17  1.449E-17  1.379E-17  1.310E-17  1.240E-17  1.172E-17  1.092E-17  1.006E-17  9.318E-18  8.673E-18  8.110E-18  7.298E-18  6.718E-18  5.996E-18  5.499E-18  4.827E-18  4.226E-18  3.679E-18  3.178E-18  2.723E-18  2.315E-18  1.940E-18  1.573E-18  1.291E-18  1.009E-18  7.953E-19
  288.5000  1.462E-15  1.436E-15  1.409E-15  1.383E-15  1.357E-15  1.331E-15  1.305E-15  1.280E-15  1.254E-15  1.229E-15  1.204E-15  1.178E-15  1.153E-15  1.128E-15  1.103E-15  1.078E-15  1.053E-15  1.028E-15  1.004E-15  9.787E-16  9.539E-16  9.290E-16  9.041E-16  8.791E-16  8.541E-16  8.290E-16  8.039E-16  7.787E-16  7.533E-16  7.279E-16  7.023E-16  6.767E-16  6.509E-16  6.249E-16  5.989E-16  5.727E-16  5.465E-16  5.203E-16  4.941E-16  4.680E-16  4.424E-16  4.124E-16  3.800E-16  3.521E-16  3.279E-16  3.068E-16  2.762E-16  2.544E-16  2.272E-16  2.085E-16  1.831E-16  1.605E-16  1.398E-16  1.208E-16  1.036E-16  8.814E-17  7.400E-17  6.003E-17  4.934E-17  3.872E-17  3.069E-17
  289.5000  3.434E-14  3.370E-14  3.307E-14  3.245E-14  3.183E-14  3.121E-14  3.060E-14  2.999E-14  2.938E-14  2.878E-14  2.818E-14  2.758E-14  2.699E-14  2.639E-14  2.580E-14  2.521E-14  2.463E-14  2.404E-14  2.345E-14  2.286E-14  2.228E-14  2.169E-14  2.111E-14  2.052E-14  1.993E-14  1.934E-14  1.876E-14  1.816E-14  1.757E-14  1.697E-14  1.638E-14  1.578E-14  1.518E-14  1.457E-14  1.396E-14  1.335E-14  1.274E-14  1.213E-14  1.152E-14  1.092E-14  1.032E-14  9.622E-15  8.868E-15  8.221E-15  7.658E-15  7.168E-15  6.456E-15  5.949E-15  5.317E-15  4.881E-15  4.290E-15  3.760E-15  3.278E-15  2.835E-15  2.432E-15  2.070E-15  1.740E-15  1.412E-15  1.162E-15  9.147E-16  7.276E-16
  290.5000  4.683E-13  4.595E-13  4.507E-13  4.421E-13  4.335E-13  4.250E-13  4.165E-13  4.081E-13  3.997E-13  3.914E-13  3.831E-13  3.749E-13  3.667E-13  3.586E-13  3.504E-13  3.424E-13  3.343E-13  3.262E-13  3.182E-13  3.101E-13  3.021E-13  2.941E-13  2.861E-13  2.781E-13  2.701E-13  2.621E-13  2.540E-13  2.460E-13  2.379E-13  2.298E-13  2.217E-13  2.136E-13  2.054E-13  1.972E-13  1.889E-13  1.807E-13  1.724E-13  1.642E-13  1.559E-13  1.477E-13  1.397E-13  1.303E-13  1.201E-13  1.114E-13  1.038E-13  9.715E-14  8.755E-14  8.071E-14  7.216E-14  6.628E-14  5.827E-14  5.112E-14  4.458E-14  3.858E-14  3.312E-14  2.820E-14  2.373E-14  1.927E-14  1.588E-14  1.252E-14  9.992E-15
  291.5000  5.967E-12  5.852E-12  5.738E-12  5.626E-12  5.514E-12  5.403E-12  5.293E-12  5.184E-12  5.075E-12  4.968E-12  4.861E-12  4.754E-12  4.649E-12  4.543E-12  4.439E-12  4.335E-12  4.231E-12  4.127E-12  4.024E-12  3.921E-12  3.819E-12  3.716E-12  3.614E-12  3.511E-12  3.409E-12  3.307E-12  3.205E-12  3.102E-12  3.000E-12  2.897E-12  2.794E-12  2.691E-12  2.587E-12  2.484E-12  2.380E-12  2.276E-12  2.171E-12  2.068E-12  1.964E-12  1.861E-12  1.760E-12  1.641E-12  1.514E-12  1.404E-12  1.309E-12  1.226E-12  1.105E-12  1.019E-12  9.120E-13  8.381E-13  7.374E-13  6.473E-13  5.649E-13  4.892E-13  4.203E-13  3.582E-13  3.018E-13  2.452E-13  2.023E-13  1.599E-13  1.280E-13
  292.5000  4.520E-11  4.430E-11  4.342E-11  4.255E-11  4.168E-11  4.083E-11  3.998E-11  3.914E-11  3.830E-11  3.747E-11  3.665E-11  3.583E-11  3.502E-11  3.421E-11  3.341E-11  3.262E-11  3.182E-11  3.103E-11  3.024E-11  2.946E-11  2.868E-11  2.790E-11  2.712E-11  2.634E-11  2.557E-11  2.479E-11  2.402E-11  2.324E-11  2.247E-11  2.169E-11  2.091E-11  2.014E-11  1.936E-11  1.858E-11  1.780E-11  1.702E-11  1.624E-11  1.546E-11  1.468E-11  1.391E-11  1.316E-11  1.227E-11  1.132E-11  1.050E-11  9.790E-12  9.175E-12  8.275E-12  7.635E-12  6.835E-12  6.285E-12  5.533E-12  4.860E-12  4.244E-12  3.678E-12  3.162E-12  2.697E-12  2.275E-12  1.849E-12  1.527E-12  1.210E-12  9.711E-13
  293.5000  3.870E-10  3.792E-10  3.714E-10  3.637E-10  3.561E-10  3.486E-10  3.412E-10  3.338E-10  3.265E-10  3.193E-10  3.121E-10  3.050E-10  2.979E-10  2.909E-10  2.839E-10  2.770E-10  2.702E-10  2.633E-10  2.565E-10  2.498E-10  2.430E-10  2.363E-10  2.296E-10  2.229E-10  2.163E-10  2.096E-10  2.030E-10  1.964E-10  1.898E-10  1.831E-10  1.765E-10  1.699E-10  1.633E-10  1.567E-10  1.501E-10  1.434E-10  1.368E-10  1.302E-10  1.237E-10  1.172E-10  1.109E-10  1.034E-10  9.537E-11  8.849E-11  8.253E-11  7.734E-11  6.978E-11  6.442E-11  5.769E-11  5.308E-11  4.676E-11  4.110E-11  3.592E-11  3.115E-11  2.680E-11  2.287E-11  1.932E-11  1.571E-11  1.299E-11  1.031E-11  8.296E-12
  294.5000  1.739E-09  1.703E-09  1.667E-09  1.632E-09  1.597E-09  1.562E-09  1.528E-09  1.494E-09  1.461E-09  1.428E-09  1.395E-09  1.362E-09  1.330E-09  1.298E-09  1.266E-09  1.235E-09  1.204E-09  1.173E-09  1.142E-09  1.111E-09  1.081E-09  1.050E-09  1.020E-09  9.902E-10  9.602E-10  9.303E-10  9.005E-10  8.708E-10  8.411E-10  8.114E-10  7.818E-10  7.523E-10  7.227E-10  6.932E-10  6.636E-10  6.342E-10  6.048E-10  5.756E-10  5.465E-10  5.178E-10  4.897E-10  4.567E-10  4.213E-10  3.909E-10  3.646E-10  3.418E-10  3.084E-10  2.848E-10  2.552E-10  2.348E-10  2.071E-10  1.821E-10  1.592E-10  1.382E-10  1.189E-10  1.016E-10  8.590E-11  6.989E-11  5.783E-11  4.597E-11  3.707E-11
  295.5000  1.103E-08  1.079E-08  1.056E-08  1.033E-08  1.010E-08  9.871E-09  9.648E-09  9.428E-09  9.210E-09  8.995E-09  8.782E-09  8.571E-09  8.363E-09  8.156E-09  7.952E-09  7.750E-09  7.549E-09  7.349E-09  7.152E-09  6.955E-09  6.761E-09  6.567E-09  6.374E-09  6.182E-09  5.991E-09  5.801E-09  5.613E-09  5.424E-09  5.236E-09  5.049E-09  4.862E-09  4.676E-09  4.490E-09  4.305E-09  4.120E-09  3.935E-09  3.751E-09  3.569E-09  3.388E-09  3.209E-09  3.034E-09  2.829E-09  2.609E-09  2.421E-09  2.258E-09  2.117E-09  1.911E-09  1.765E-09  1.582E-09  1.457E-09  1.285E-09  1.131E-09  9.898E-10  8.596E-10  7.406E-10  6.331E-10  5.360E-10  4.363E-10  3.614E-10  2.877E-10  2.325E-10
  296.5000  4.217E-08  4.122E-08  4.029E-08  3.937E-08  3.847E-08  3.758E-08  3.670E-08  3.583E-08  3.497E-08  3.413E-08  3.330E-08  3.248E-08  3.166E-08  3.086E-08  3.006E-08  2.928E-08  2.850E-08  2.772E-08  2.696E-08  2.620E-08  2.545E-08  2.470E-08  2.396E-08  2.323E-08  2.250E-08  2.177E-08  2.105E-08  2.033E-08  1.961E-08  1.890E-08  1.819E-08  1.748E-08  1.678E-08  1.608E-08  1.538E-08  1.468E-08  1.399E-08  1.330E-08  1.262E-08  1.195E-08  1.130E-08  1.053E-08  9.712E-09  9.011E-09  8.404E-09  7.879E-09  7.114E-09  6.571E-09  5.892E-09  5.427E-09  4.790E-09  4.218E-09  3.694E-09  3.210E-09  2.768E-09  2.368E-09  2.007E-09  1.635E-09  1.355E-09  1.081E-09  8.746E-10
  297.5000  1.629E-07  1.591E-07  1.553E-07  1.517E-07  1.480E-07  1.445E-07  1.410E-07  1.375E-07  1.341E-07  1.308E-07  1.275E-07  1.242E-07  1.210E-07  1.178E-07  1.147E-07  1.116E-07  1.085E-07  1.055E-07  1.025E-07  9.956E-08  9.664E-08  9.373E-08  9.085E-08  8.800E-08  8.516E-08  8.235E-08  7.957E-08  7.679E-08  7.404E-08  7.130E-08  6.857E-08  6.587E-08  6.318E-08  6.049E-08  5.783E-08  5.518E-08  5.255E-08  4.994E-08  4.736E-08  4.482E-08  4.235E-08  3.947E-08  3.639E-08  3.375E-08  3.148E-08  2.950E-08  2.664E-08  2.461E-08  2.207E-08  2.033E-08  1.796E-08  1.582E-08  1.386E-08  1.206E-08  1.040E-08  8.907E-09  7.559E-09  6.161E-09  5.112E-09  4.082E-09  3.308E-09
  298.5000  3.560E-07  3.473E-07  3.388E-07  3.305E-07  3.223E-07  3.142E-07  3.063E-07  2.986E-07  2.909E-07  2.834E-07  2.760E-07  2.687E-07  2.615E-07  2.544E-07  2.474E-07  2.405E-07  2.337E-07  2.270E-07  2.204E-07  2.138E-07  2.074E-07  2.010E-07  1.946E-07  1.884E-07  1.822E-07  1.760E-07  1.699E-07  1.639E-07  1.579E-07  1.519E-07  1.460E-07  1.402E-07  1.343E-07  1.285E-07  1.228E-07  1.171E-07  1.114E-07  1.058E-07  1.003E-07  9.489E-08  8.960E-08  8.348E-08  7.693E-08  7.133E-08  6.650E-08  6.232E-08  5.627E-08  5.198E-08  4.663E-08  4.296E-08  3.795E-08  3.345E-08  2.933E-08  2.553E-08  2.204E-08  1.888E-08  1.604E-08  1.308E-08  1.087E-08  8.688E-09  7.051E-09
  299.5000  1.428E-06  1.392E-06  1.356E-06  1.321E-06  1.287E-06  1.253E-06  1.220E-06  1.188E-06  1.156E-06  1.125E-06  1.095E-06  1.064E-06  1.035E-06  1.006E-06  9.770E-07  9.488E-07  9.210E-07  8.936E-07  8.666E-07  8.400E-07  8.138E-07  7.879E-07  7.623E-07  7.370E-07  7.120E-07  6.873E-07  6.629E-07  6.387E-07  6.147E-07  5.910E-07  5.675E-07  5.443E-07  5.212E-07  4.983E-07  4.754E-07  4.532E-07  4.310E-07  4.091E-07  3.874E-07  3.662E-07  3.456E-07  3.218E-07  2.964E-07  2.747E-07  2.560E-07  2.398E-07  2.165E-07  1.999E-07  1.794E-07  1.653E-07  1.460E-07  1.292E-07  1.130E-07  9.838E-08  8.500E-08  7.289E-08  6.199E-08  5.059E-08  4.205E-08  3.367E-08  2.736E-08
  300.5000  2.137E-06  2.080E-06  2.024E-06  1.970E-06  1.917E-06  1.865E-06  1.814E-06  1.764E-06  1.715E-06  1.667E-06  1.620E-06  1.574E-06  1.529E-06  1.484E-06  1.440E-06  1.397E-06  1.355E-06  1.313E-06  1.272E-06  1.232E-06  1.192E-06  1.153E-06  1.115E-06  1.077E-06  1.039E-06  1.002E-06  9.655E-07  9.294E-07  8.937E-07  8.584E-07  8.235E-07  7.891E-07  7.550E-07  7.212E-07  6.878E-07  6.548E-07  6.222E-07  5.901E-07  5.585E-07  5.275E-07  4.974E-07  4.629E-07  4.261E-07  3.947E-07  3.676E-07  3.442E-07  3.107E-07  2.869E-07  2.573E-07  2.371E-07  2.095E-07  1.848E-07  1.622E-07  1.413E-07  1.222E-07  1.048E-07  8.926E-08  7.290E-08  6.064E-08  4.861E-08  3.954E-08
  301.5000  7.202E-06  7.000E-06  6.802E-06  6.611E-06  6.423E-06  6.239E-06  6.060E-06  5.884E-06  5.713E-06  5.545E-06  5.381E-06  5.220E-06  5.062E-06  4.907E-06  4.756E-06  4.607E-06  4.461E-06  4.318E-06  4.177E-06  4.039E-06  3.904E-06  3.770E-06  3.639E-06  3.510E-06  3.383E-06  3.258E-06  3.135E-06  3.014E-06  2.895E-06  2.777E-06  2.661E-06  2.546E-06  2.433E-06  2.322E-06  2.211E-06  2.103E-06  1.996E-06  1.891E-06  1.788E-06  1.687E-06  1.589E-06  1.477E-06  1.359E-06  1.258E-06  1.170E-06  1.095E-06  9.880E-07  9.118E-07  8.178E-07  7.532E-07  6.657E-07  5.877E-07  5.157E-07  4.496E-07  3.890E-07  3.340E-07  2.847E-07  2.327E-07  1.937E-07  1.555E-07  1.266E-07
  302.5000  1.292E-05  1.254E-05  1.217E-05  1.181E-05  1.146E-05  1.112E-05  1.079E-05  1.046E-05  1.015E-05  9.836E-06  9.534E-06  9.238E-06  8.948E-06  8.665E-06  8.387E-06  8.117E-06  7.850E-06  7.590E-06  7.334E-06  7.084E-06  6.838E-06  6.597E-06  6.360E-06  6.128E-06  5.900E-06  5.675E-06  5.455E-06  5.238E-06  5.025E-06  4.815E-06  4.609E-06  4.406E-06  4.206E-06  4.009E-06  3.815E-06  3.624E-06  3.436E-06  3.252E-06  3.072E-06  2.894E-06  2.726E-06  2.532E-06  2.327E-06  2.152E-06  2.002E-06  1.872E-06  1.688E-06  1.557E-06  1.396E-06  1.285E-06  1.136E-06  1.002E-06  8.802E-07  7.676E-07  6.644E-07  5.708E-07  4.869E-07  3.984E-07  3.319E-07  2.667E-07  2.174E-07
  303.5000  3.486E-05  3.376E-05  3.270E-05  3.167E-05  3.067E-05  2.970E-05  2.875E-05  2.784E-05  2.694E-05  2.608E-05  2.523E-05  2.440E-05  2.360E-05  2.281E-05  2.205E-05  2.130E-05  2.057E-05  1.985E-05  1.915E-05  1.846E-05  1.780E-05  1.714E-05  1.650E-05  1.587E-05  1.525E-05  1.465E-05  1.406E-05  1.347E-05  1.290E-05  1.235E-05  1.180E-05  1.126E-05  1.073E-05  1.021E-05  9.703E-06  9.204E-06  8.715E-06  8.237E-06  7.768E-06  7.313E-06  6.875E-06  6.379E-06  5.856E-06  5.410E-06  5.025E-06  4.695E-06  4.230E-06  3.898E-06  3.493E-06  3.214E-06  2.840E-06  2.506E-06  2.201E-06  1.920E-06  1.663E-06  1.430E-06  1.221E-06  9.998E-07  8.337E-07  6.709E-07  5.473E-07
  304.5000  5.053E-05  4.886E-05  4.724E-05  4.568E-05  4.417E-05  4.271E-05  4.129E-05  3.992E-05  3.859E-05  3.730E-05  3.604E-05  3.482E-05  3.363E-05  3.247E-05  3.134E-05  3.024E-05  2.916E-05  2.812E-05  2.709E-05  2.609E-05  2.512E-05  2.416E-05  2.323E-05  2.232E-05  2.143E-05  2.055E-05  1.970E-05  1.886E-05  1.805E-05  1.724E-05  1.646E-05  1.569E-05  1.494E-05  1.420E-05  1.348E-05  1.277E-05  1.208E-05  1.140E-05  1.074E-05  1.011E-05  9.490E-06  8.797E-06  8.069E-06  7.447E-06  6.913E-06  6.453E-06  5.810E-06  5.351E-06  4.793E-06  4.408E-06  3.894E-06  3.436E-06  3.018E-06  2.633E-06  2.281E-06  1.962E-06  1.676E-06  1.374E-06  1.146E-06  9.232E-07  7.537E-07
  305.5000  1.056E-04  1.018E-04  9.804E-05  9.448E-05  9.105E-05  8.776E-05  8.459E-05  8.154E-05  7.859E-05  7.575E-05  7.300E-05  7.034E-05  6.777E-05  6.527E-05  6.285E-05  6.050E-05  5.822E-05  5.600E-05  5.384E-05  5.174E-05  4.970E-05  4.770E-05  4.576E-05  4.387E-05  4.202E-05  4.022E-05  3.847E-05  3.676E-05  3.508E-05  3.345E-05  3.186E-05  3.031E-05  2.879E-05  2.731E-05  2.587E-05  2.446E-05  2.308E-05  2.175E-05  2.045E-05  1.920E-05  1.800E-05  1.666E-05  1.525E-05  1.406E-05  1.303E-05  1.214E-05  1.092E-05  1.004E-05  8.988E-06  8.258E-06  7.291E-06  6.430E-06  5.647E-06  4.927E-06  4.269E-06  3.674E-06  3.141E-06  2.578E-06  2.153E-06  1.737E-06  1.420E-06
  306.5000  1.364E-04  1.311E-04  1.261E-04  1.213E-04  1.167E-04  1.123E-04  1.080E-04  1.040E-04  1.000E-04  9.629E-05  9.266E-05  8.915E-05  8.577E-05  8.250E-05  7.933E-05  7.628E-05  7.331E-05  7.043E-05  6.764E-05  6.492E-05  6.229E-05  5.973E-05  5.723E-05  5.480E-05  5.244E-05  5.014E-05  4.790E-05  4.572E-05  4.359E-05  4.152E-05  3.950E-05  3.753E-05  3.562E-05  3.375E-05  3.193E-05  3.015E-05  2.843E-05  2.676E-05  2.514E-05  2.358E-05  2.208E-05  2.041E-05  1.868E-05  1.720E-05  1.592E-05  1.483E-05  1.333E-05  1.225E-05  1.096E-05  1.006E-05  8.879E-06  7.828E-06  6.874E-06  5.998E-06  5.198E-06  4.473E-06  3.826E-06  3.142E-06  2.625E-06  2.120E-06  1.734E-06
  307.5000  3.110E-04  2.977E-04  2.849E-04  2.729E-04  2.613E-04  2.503E-04  2.398E-04  2.298E-04  2.202E-04  2.111E-04  2.023E-04  1.939E-04  1.858E-04  1.781E-04  1.707E-04  1.635E-04  1.567E-04  1.500E-04  1.436E-04  1.374E-04  1.315E-04  1.257E-04  1.201E-04  1.147E-04  1.094E-04  1.043E-04  9.942E-05  9.463E-05  8.997E-05  8.546E-05  8.108E-05  7.684E-05  7.271E-05  6.871E-05  6.483E-05  6.107E-05  5.742E-05  5.391E-05  5.050E-05  4.725E-05  4.414E-05  4.072E-05  3.718E-05  3.415E-05  3.155E-05  2.933E-05  2.631E-05  2.414E-05  2.156E-05  1.977E-05  1.743E-05  1.536E-05  1.348E-05  1.175E-05  1.019E-05  8.769E-06  7.505E-06  6.170E-06  5.160E-06  4.173E-06  3.417E-06
  308.5000  4.219E-04  4.031E-04  3.852E-04  3.682E-04  3.520E-04  3.365E-04  3.218E-04  3.077E-04  2.944E-04  2.816E-04  2.694E-04  2.578E-04  2.466E-04  2.360E-04  2.257E-04  2.159E-04  2.065E-04  1.975E-04  1.888E-04  1.804E-04  1.723E-04  1.645E-04  1.570E-04  1.497E-04  1.427E-04  1.359E-04  1.293E-04  1.229E-04  1.167E-04  1.108E-04  1.050E-04  9.934E-05  9.390E-05  8.862E-05  8.351E-05  7.857E-05  7.379E-05  6.919E-05  6.475E-05  6.050E-05  5.645E-05  5.202E-05  4.745E-05  4.354E-05  4.018E-05  3.731E-05  3.344E-05  3.066E-05  2.737E-05  2.507E-05  2.209E-05  1.945E-05  1.707E-05  1.488E-05  1.290E-05  1.110E-05  9.505E-06  7.818E-06  6.542E-06  5.295E-06  4.337E-06
  309.5000  5.364E-04  5.110E-04  4.868E-04  4.638E-04  4.419E-04  4.210E-04  4.012E-04  3.823E-04  3.643E-04  3.472E-04  3.309E-04  3.154E-04  3.007E-04  2.866E-04  2.731E-04  2.604E-04  2.481E-04  2.364E-04  2.252E-04  2.145E-04  2.043E-04  1.944E-04  1.850E-04  1.759E-04  1.671E-04  1.587E-04  1.506E-04  1.428E-04  1.352E-04  1.279E-04  1.209E-04  1.142E-04  1.076E-04  1.013E-04  9.522E-05  8.935E-05  8.369E-05  7.828E-05  7.306E-05  6.809E-05  6.337E-05  5.824E-05  5.302E-05  4.854E-05  4.470E-05  4.141E-05  3.705E-05  3.391E-05  3.021E-05  2.763E-05  2.432E-05  2.139E-05  1.875E-05  1.634E-05  1.416E-05  1.219E-05  1.044E-05  8.592E-06  7.193E-06  5.830E-06  4.780E-06
  310.5000  9.753E-04  9.278E-04  8.824E-04  8.392E-04  7.980E-04  7.587E-04  7.212E-04  6.856E-04  6.517E-04  6.195E-04  5.888E-04  5.596E-04  5.318E-04  5.054E-04  4.803E-04  4.565E-04  4.337E-04  4.120E-04  3.913E-04  3.716E-04  3.529E-04  3.349E-04  3.177E-04  3.013E-04  2.856E-04  2.705E-04  2.560E-04  2.421E-04  2.288E-04  2.160E-04  2.037E-04  1.918E-04  1.804E-04  1.694E-04  1.589E-04  1.488E-04  1.390E-04  1.297E-04  1.208E-04  1.123E-04  1.043E-04  9.572E-05  8.692E-05  7.941E-05  7.298E-05  6.748E-05  6.026E-05  5.505E-05  4.898E-05  4.473E-05  3.931E-05  3.454E-05  3.025E-05  2.635E-05  2.281E-05  1.964E-05  1.681E-05  1.385E-05  1.160E-05  9.415E-06  7.725E-06
  311.5000  1.536E-03  1.460E-03  1.388E-03  1.318E-03  1.252E-03  1.189E-03  1.129E-03  1.072E-03  1.017E-03  9.654E-04  9.159E-04  8.689E-04  8.241E-04  7.816E-04  7.412E-04  7.029E-04  6.664E-04  6.316E-04  5.986E-04  5.672E-04  5.374E-04  5.089E-04  4.817E-04  4.558E-04  4.311E-04  4.075E-04  3.850E-04  3.634E-04  3.427E-04  3.229E-04  3.039E-04  2.857E-04  2.682E-04  2.515E-04  2.354E-04  2.200E-04  2.053E-04  1.913E-04  1.778E-04  1.650E-04  1.530E-04  1.401E-04  1.270E-04  1.159E-04  1.063E-04  9.814E-05  8.752E-05  7.984E-05  7.094E-05  6.470E-05  5.681E-05  4.987E-05  4.363E-05  3.799E-05  3.288E-05  2.829E-05  2.423E-05  1.997E-05  1.673E-05  1.359E-05  1.115E-05
  312.5000  2.224E-03  2.115E-03  2.010E-03  1.910E-03  1.813E-03  1.720E-03  1.631E-03  1.546E-03  1.465E-03  1.388E-03  1.314E-03  1.243E-03  1.176E-03  1.112E-03  1.051E-03  9.927E-04  9.375E-04  8.851E-04  8.354E-04  7.882E-04  7.435E-04  7.009E-04  6.605E-04  6.222E-04  5.857E-04  5.512E-04  5.184E-04  4.871E-04  4.574E-04  4.291E-04  4.021E-04  3.765E-04  3.521E-04  3.287E-04  3.065E-04  2.853E-04  2.652E-04  2.461E-04  2.279E-04  2.107E-04  1.945E-04  1.775E-04  1.603E-04  1.457E-04  1.332E-04  1.222E-04  1.089E-04  9.895E-05  8.766E-05  7.971E-05  6.981E-05  6.115E-05  5.342E-05  4.641E-05  4.012E-05  3.449E-05  2.951E-05  2.434E-05  2.040E-05  1.659E-05  1.363E-05
  313.5000  2.778E-03  2.642E-03  2.511E-03  2.386E-03  2.265E-03  2.150E-03  2.039E-03  1.932E-03  1.830E-03  1.733E-03  1.640E-03  1.551E-03  1.467E-03  1.386E-03  1.309E-03  1.236E-03  1.167E-03  1.101E-03  1.038E-03  9.785E-04  9.221E-04  8.685E-04  8.176E-04  7.693E-04  7.235E-04  6.801E-04  6.390E-04  5.998E-04  5.626E-04  5.272E-04  4.936E-04  4.617E-04  4.313E-04  4.024E-04  3.748E-04  3.486E-04  3.236E-04  3.001E-04  2.776E-04  2.564E-04  2.365E-04  2.156E-04  1.946E-04  1.766E-04  1.613E-04  1.482E-04  1.316E-04  1.195E-04  1.058E-04  9.613E-05  8.412E-05  7.363E-05  6.427E-05  5.583E-05  4.823E-05  4.145E-05  3.547E-05  2.925E-05  2.452E-05  1.995E-05  1.640E-05
  314.5000  4.035E-03  3.846E-03  3.663E-03  3.486E-03  3.315E-03  3.149E-03  2.990E-03  2.836E-03  2.689E-03  2.547E-03  2.410E-03  2.279E-03  2.153E-03  2.033E-03  1.918E-03  1.808E-03  1.703E-03  1.603E-03  1.508E-03  1.417E-03  1.331E-03  1.250E-03  1.172E-03  1.098E-03  1.028E-03  9.623E-04  8.999E-04  8.407E-04  7.848E-04  7.318E-04  6.817E-04  6.345E-04  5.898E-04  5.475E-04  5.075E-04  4.697E-04  4.340E-04  4.006E-04  3.687E-04  3.389E-04  3.112E-04  2.824E-04  2.537E-04  2.293E-04  2.084E-04  1.906E-04  1.685E-04  1.524E-04  1.343E-04  1.215E-04  1.060E-04  9.247E-05  8.048E-05  6.972E-05  6.011E-05  5.157E-05  4.407E-05  3.635E-05  3.047E-05  2.481E-05  2.041E-05
  315.5000  4.436E-03  4.230E-03  4.030E-03  3.838E-03  3.651E-03  3.470E-03  3.295E-03  3.127E-03  2.965E-03  2.809E-03  2.659E-03  2.515E-03  2.377E-03  2.244E-03  2.117E-03  1.996E-03  1.880E-03  1.770E-03  1.664E-03  1.564E-03  1.469E-03  1.378E-03  1.292E-03  1.210E-03  1.133E-03  1.059E-03  9.902E-04  9.245E-04  8.624E-04  8.038E-04  7.483E-04  6.961E-04  6.466E-04  5.998E-04  5.556E-04  5.139E-04  4.746E-04  4.373E-04  4.027E-04  3.700E-04  3.395E-04  3.079E-04  2.764E-04  2.496E-04  2.267E-04  2.072E-04  1.831E-04  1.654E-04  1.458E-04  1.318E-04  1.148E-04  1.001E-04  8.708E-05  7.540E-05  6.498E-05  5.573E-05  4.762E-05  3.927E-05  3.291E-05  2.681E-05  2.206E-05
  316.5000  6.025E-03  5.762E-03  5.506E-03  5.257E-03  5.014E-03  4.778E-03  4.549E-03  4.327E-03  4.112E-03  3.904E-03  3.703E-03  3.508E-03  3.320E-03  3.139E-03  2.965E-03  2.798E-03  2.637E-03  2.482E-03  2.334E-03  2.192E-03  2.057E-03  1.928E-03  1.805E-03  1.688E-03  1.577E-03  1.471E-03  1.371E-03  1.276E-03  1.186E-03  1.101E-03  1.021E-03  9.460E-04  8.749E-04  8.080E-04  7.450E-04  6.858E-04  6.303E-04  5.784E-04  5.297E-04  4.843E-04  4.423E-04  3.993E-04  3.567E-04  3.206E-04  2.897E-04  2.636E-04  2.318E-04  2.084E-04  1.828E-04  1.645E-04  1.428E-04  1.240E-04  1.074E-04  9.272E-05  7.967E-05  6.815E-05  5.812E-05  4.789E-05  4.011E-05  3.269E-05  2.691E-05
  317.5000  8.524E-03  8.151E-03  7.788E-03  7.436E-03  7.092E-03  6.758E-03  6.434E-03  6.120E-03  5.815E-03  5.521E-03  5.236E-03  4.961E-03  4.695E-03  4.439E-03  4.192E-03  3.956E-03  3.728E-03  3.509E-03  3.300E-03  3.100E-03  2.909E-03  2.726E-03  2.552E-03  2.387E-03  2.229E-03  2.080E-03  1.939E-03  1.805E-03  1.678E-03  1.558E-03  1.445E-03  1.339E-03  1.238E-03  1.144E-03  1.055E-03  9.711E-04  8.927E-04  8.194E-04  7.506E-04  6.864E-04  6.270E-04  5.661E-04  5.059E-04  4.547E-04  4.111E-04  3.740E-04  3.290E-04  2.959E-04  2.595E-04  2.336E-04  2.027E-04  1.761E-04  1.526E-04  1.317E-04  1.131E-04  9.679E-05  8.254E-05  6.802E-05  5.697E-05  4.644E-05  3.823E-05
  318.5000  9.024E-03  8.660E-03  8.303E-03  7.955E-03  7.614E-03  7.281E-03  6.955E-03  6.638E-03  6.329E-03  6.028E-03  5.735E-03  5.450E-03  5.174E-03  4.905E-03  4.645E-03  4.394E-03  4.151E-03  3.916E-03  3.690E-03  3.472E-03  3.262E-03  3.061E-03  2.868E-03  2.683E-03  2.506E-03  2.337E-03  2.177E-03  2.024E-03  1.879E-03  1.741E-03  1.611E-03  1.488E-03  1.372E-03  1.262E-03  1.160E-03  1.063E-03  9.729E-04  8.888E-04  8.101E-04  7.372E-04  6.698E-04  6.017E-04  5.348E-04  4.781E-04  4.299E-04  3.890E-04  3.402E-04  3.043E-04  2.654E-04  2.376E-04  2.051E-04  1.772E-04  1.528E-04  1.313E-04  1.124E-04  9.579E-05  8.143E-05  6.699E-05  5.600E-05  4.564E-05  3.756E-05
  319.5000  1.166E-02  1.120E-02  1.074E-02  1.030E-02  9.866E-03  9.441E-03  9.026E-03  8.620E-03  8.225E-03  7.840E-03  7.465E-03  7.099E-03  6.744E-03  6.399E-03  6.064E-03  5.740E-03  5.426E-03  5.123E-03  4.829E-03  4.546E-03  4.275E-03  4.013E-03  3.761E-03  3.520E-03  3.290E-03  3.069E-03  2.859E-03  2.659E-03  2.468E-03  2.287E-03  2.116E-03  1.954E-03  1.802E-03  1.657E-03  1.522E-03  1.395E-03  1.276E-03  1.165E-03  1.061E-03  9.649E-04  8.762E-04  7.864E-04  6.985E-04  6.239E-04  5.605E-04  5.067E-04  4.428E-04  3.957E-04  3.448E-04  3.084E-04  2.659E-04  2.295E-04  1.977E-04  1.697E-04  1.451E-04  1.236E-04  1.050E-04  8.630E-05  7.212E-05  5.877E-05  4.837E-05
  320.5000  1.521E-02  1.462E-02  1.404E-02  1.348E-02  1.292E-02  1.237E-02  1.184E-02  1.132E-02  1.081E-02  1.032E-02  9.830E-03  9.358E-03  8.897E-03  8.450E-03  8.015E-03  7.594E-03  7.184E-03  6.788E-03  6.404E-03  6.034E-03  5.677E-03  5.333E-03  5.001E-03  4.683E-03  4.378E-03  4.086E-03  3.808E-03  3.541E-03  3.288E-03  3.047E-03  2.818E-03  2.602E-03  2.398E-03  2.205E-03  2.023E-03  1.853E-03  1.693E-03  1.544E-03  1.405E-03  1.276E-03  1.158E-03  1.038E-03  9.205E-04  8.210E-04  7.364E-04  6.649E-04  5.801E-04  5.176E-04  4.503E-04  4.022E-04  3.462E-04  2.983E-04  2.566E-04  2.200E-04  1.878E-04  1.598E-04  1.356E-04  1.114E-04  9.300E-05  7.576E-05  6.234E-05
  321.5000  1.715E-02  1.656E-02  1.597E-02  1.539E-02  1.482E-02  1.426E-02  1.370E-02  1.316E-02  1.263E-02  1.210E-02  1.159E-02  1.108E-02  1.059E-02  1.010E-02  9.631E-03  9.169E-03  8.717E-03  8.275E-03  7.845E-03  7.426E-03  7.020E-03  6.624E-03  6.240E-03  5.868E-03  5.508E-03  5.161E-03  4.827E-03  4.504E-03  4.194E-03  3.897E-03  3.613E-03  3.342E-03  3.084E-03  2.840E-03  2.605E-03  2.385E-03  2.178E-03  1.984E-03  1.802E-03  1.632E-03  1.476E-03  1.318E-03  1.164E-03  1.034E-03  9.230E-04  8.292E-04  7.192E-04  6.380E-04  5.516E-04  4.896E-04  4.186E-04  3.583E-04  3.061E-04  2.606E-04  2.211E-04  1.869E-04  1.577E-04  1.290E-04  1.072E-04  8.715E-05  7.156E-05
  322.5000  1.386E-02  1.333E-02  1.282E-02  1.231E-02  1.181E-02  1.132E-02  1.084E-02  1.038E-02  9.918E-03  9.472E-03  9.034E-03  8.607E-03  8.191E-03  7.786E-03  7.391E-03  7.009E-03  6.636E-03  6.275E-03  5.925E-03  5.586E-03  5.260E-03  4.944E-03  4.640E-03  4.348E-03  4.067E-03  3.797E-03  3.540E-03  3.293E-03  3.058E-03  2.834E-03  2.622E-03  2.421E-03  2.230E-03  2.051E-03  1.881E-03  1.722E-03  1.573E-03  1.434E-03  1.304E-03  1.183E-03  1.072E-03  9.602E-04  8.509E-04  7.582E-04  6.794E-04  6.128E-04  5.340E-04  4.759E-04  4.135E-04  3.689E-04  3.171E-04  2.729E-04  2.345E-04  2.007E-04  1.712E-04  1.454E-04  1.233E-04  1.012E-04  8.446E-05  6.878E-05  5.659E-05
  323.5000  2.023E-02  1.956E-02  1.890E-02  1.826E-02  1.761E-02  1.698E-02  1.636E-02  1.575E-02  1.514E-02  1.455E-02  1.396E-02  1.339E-02  1.282E-02  1.226E-02  1.172E-02  1.119E-02  1.066E-02  1.015E-02  9.647E-03  9.156E-03  8.679E-03  8.212E-03  7.757E-03  7.314E-03  6.884E-03  6.467E-03  6.064E-03  5.673E-03  5.296E-03  4.933E-03  4.583E-03  4.249E-03  3.928E-03  3.621E-03  3.329E-03  3.052E-03  2.790E-03  2.543E-03  2.311E-03  2.094E-03  1.894E-03  1.690E-03  1.491E-03  1.322E-03  1.179E-03  1.058E-03  9.152E-04  8.102E-04  6.984E-04  6.184E-04  5.268E-04  4.493E-04  3.825E-04  3.245E-04  2.742E-04  2.310E-04  1.942E-04  1.583E-04  1.313E-04  1.064E-04  8.725E-05
  324.5000  2.343E-02  2.265E-02  2.188E-02  2.113E-02  2.038E-02  1.965E-02  1.892E-02  1.821E-02  1.750E-02  1.681E-02  1.613E-02  1.546E-02  1.480E-02  1.416E-02  1.352E-02  1.290E-02  1.229E-02  1.170E-02  1.112E-02  1.055E-02  9.995E-03  9.454E-03  8.927E-03  8.415E-03  7.918E-03  7.436E-03  6.970E-03  6.519E-03  6.084E-03  5.665E-03  5.262E-03  4.877E-03  4.507E-03  4.154E-03  3.819E-03  3.501E-03  3.200E-03  2.917E-03  2.651E-03  2.402E-03  2.172E-03  1.939E-03  1.711E-03  1.518E-03  1.354E-03  1.215E-03  1.052E-03  9.318E-04  8.037E-04  7.120E-04  6.070E-04  5.180E-04  4.413E-04  3.746E-04  3.168E-04  2.670E-04  2.246E-04  1.831E-04  1.520E-04  1.233E-04  1.011E-04
  325.5000  2.509E-02  2.424E-02  2.340E-02  2.257E-02  2.176E-02  2.096E-02  2.016E-02  1.939E-02  1.862E-02  1.787E-02  1.713E-02  1.640E-02  1.569E-02  1.499E-02  1.430E-02  1.363E-02  1.298E-02  1.233E-02  1.171E-02  1.110E-02  1.050E-02  9.922E-03  9.359E-03  8.812E-03  8.281E-03  7.768E-03  7.273E-03  6.794E-03  6.333E-03  5.890E-03  5.466E-03  5.060E-03  4.672E-03  4.302E-03  3.951E-03  3.619E-03  3.305E-03  3.011E-03  2.735E-03  2.477E-03  2.240E-03  1.999E-03  1.764E-03  1.565E-03  1.396E-03  1.253E-03  1.086E-03  9.621E-04  8.304E-04  7.362E-04  6.283E-04  5.367E-04  4.577E-04  3.889E-04  3.293E-04  2.779E-04  2.341E-04  1.910E-04  1.586E-04  1.288E-04  1.057E-04
  326.5000  3.857E-02  3.741E-02  3.626E-02  3.513E-02  3.400E-02  3.289E-02  3.179E-02  3.070E-02  2.962E-02  2.857E-02  2.752E-02  2.648E-02  2.546E-02  2.446E-02  2.346E-02  2.249E-02  2.153E-02  2.058E-02  1.965E-02  1.874E-02  1.784E-02  1.696E-02  1.610E-02  1.526E-02  1.443E-02  1.363E-02  1.284E-02  1.208E-02  1.133E-02  1.061E-02  9.908E-03  9.231E-03  8.577E-03  7.945E-03  7.340E-03  6.760E-03  6.205E-03  5.680E-03  5.180E-03  4.711E-03  4.272E-03  3.820E-03  3.376E-03  2.996E-03  2.674E-03  2.401E-03  2.076E-03  1.837E-03  1.580E-03  1.397E-03  1.186E-03  1.008E-03  8.539E-04  7.209E-04  6.061E-04  5.078E-04  4.248E-04  3.440E-04  2.839E-04  2.291E-04  1.871E-04
  327.5000  3.325E-02  3.221E-02  3.118E-02  3.016E-02  2.915E-02  2.816E-02  2.717E-02  2.620E-02  2.524E-02  2.430E-02  2.337E-02  2.245E-02  2.155E-02  2.066E-02  1.979E-02  1.893E-02  1.808E-02  1.725E-02  1.644E-02  1.564E-02  1.486E-02  1.410E-02  1.335E-02  1.262E-02  1.191E-02  1.122E-02  1.055E-02  9.895E-03  9.262E-03  8.649E-03  8.057E-03  7.488E-03  6.940E-03  6.414E-03  5.911E-03  5.431E-03  4.974E-03  4.543E-03  4.135E-03  3.753E-03  3.398E-03  3.035E-03  2.678E-03  2.376E-03  2.120E-03  1.902E-03  1.644E-03  1.455E-03  1.253E-03  1.108E-03  9.424E-04  8.019E-04  6.810E-04  5.762E-04  4.855E-04  4.078E-04  3.420E-04  2.777E-04  2.297E-04  1.858E-04  1.521E-04
  328.5000  3.080E-02  2.983E-02  2.888E-02  2.794E-02  2.700E-02  2.608E-02  2.517E-02  2.427E-02  2.339E-02  2.251E-02  2.165E-02  2.080E-02  1.996E-02  1.914E-02  1.833E-02  1.753E-02  1.675E-02  1.598E-02  1.523E-02  1.449E-02  1.377E-02  1.306E-02  1.237E-02  1.169E-02  1.103E-02  1.039E-02  9.769E-03  9.163E-03  8.576E-03  8.008E-03  7.459E-03  6.931E-03  6.423E-03  5.935E-03  5.468E-03  5.023E-03  4.599E-03  4.200E-03  3.822E-03  3.467E-03  3.138E-03  2.802E-03  2.472E-03  2.192E-03  1.954E-03  1.753E-03  1.515E-03  1.340E-03  1.153E-03  1.020E-03  8.665E-04  7.371E-04  6.257E-04  5.290E-04  4.457E-04  3.742E-04  3.137E-04  2.547E-04  2.106E-04  1.703E-04  1.393E-04
  329.5000  4.774E-02  4.639E-02  4.504E-02  4.372E-02  4.240E-02  4.109E-02  3.980E-02  3.852E-02  3.725E-02  3.600E-02  3.475E-02  3.353E-02  3.231E-02  3.111E-02  2.993E-02  2.876E-02  2.761E-02  2.647E-02  2.534E-02  2.424E-02  2.315E-02  2.208E-02  2.102E-02  1.999E-02  1.897E-02  1.798E-02  1.700E-02  1.605E-02  1.512E-02  1.421E-02  1.332E-02  1.246E-02  1.162E-02  1.081E-02  1.003E-02  9.270E-03  8.544E-03  7.850E-03  7.188E-03  6.560E-03  5.971E-03  5.354E-03  4.739E-03  4.219E-03  3.777E-03  3.401E-03  2.942E-03  2.608E-03  2.244E-03  1.987E-03  1.685E-03  1.430E-03  1.210E-03  1.019E-03  8.548E-04  7.141E-04  5.955E-04  4.802E-04  3.949E-04  3.175E-04  2.587E-04
  330.5000  4.032E-02  3.912E-02  3.794E-02  3.677E-02  3.561E-02  3.446E-02  3.333E-02  3.220E-02  3.109E-02  3.000E-02  2.891E-02  2.784E-02  2.679E-02  2.574E-02  2.472E-02  2.371E-02  2.271E-02  2.172E-02  2.076E-02  1.981E-02  1.888E-02  1.796E-02  1.706E-02  1.618E-02  1.532E-02  1.447E-02  1.365E-02  1.285E-02  1.207E-02  1.131E-02  1.057E-02  9.858E-03  9.167E-03  8.502E-03  7.859E-03  7.244E-03  6.655E-03  6.096E-03  5.564E-03  5.063E-03  4.595E-03  4.111E-03  3.637E-03  3.226E-03  2.881E-03  2.589E-03  2.237E-03  1.980E-03  1.703E-03  1.506E-03  1.278E-03  1.085E-03  9.192E-04  7.753E-04  6.513E-04  5.451E-04  4.556E-04  3.684E-04  3.037E-04  2.448E-04  1.998E-04
  331.5000  3.927E-02  3.809E-02  3.693E-02  3.578E-02  3.464E-02  3.352E-02  3.240E-02  3.130E-02  3.021E-02  2.914E-02  2.807E-02  2.702E-02  2.599E-02  2.497E-02  2.396E-02  2.297E-02  2.199E-02  2.103E-02  2.009E-02  1.916E-02  1.825E-02  1.735E-02  1.648E-02  1.562E-02  1.478E-02  1.395E-02  1.316E-02  1.237E-02  1.161E-02  1.088E-02  1.016E-02  9.468E-03  8.798E-03  8.153E-03  7.532E-03  6.937E-03  6.369E-03  5.830E-03  5.318E-03  4.836E-03  4.385E-03  3.921E-03  3.468E-03  3.074E-03  2.743E-03  2.463E-03  2.128E-03  1.883E-03  1.619E-03  1.431E-03  1.214E-03  1.031E-03  8.734E-04  7.368E-04  6.190E-04  5.182E-04  4.331E-04  3.504E-04  2.889E-04  2.330E-04  1.902E-04
  332.5000  4.403E-02  4.281E-02  4.160E-02  4.041E-02  3.922E-02  3.804E-02  3.687E-02  3.571E-02  3.457E-02  3.343E-02  3.231E-02  3.120E-02  3.010E-02  2.901E-02  2.793E-02  2.687E-02  2.582E-02  2.478E-02  2.376E-02  2.275E-02  2.176E-02  2.078E-02  1.981E-02  1.886E-02  1.793E-02  1.701E-02  1.612E-02  1.523E-02  1.437E-02  1.353E-02  1.270E-02  1.190E-02  1.112E-02  1.036E-02  9.630E-03  8.920E-03  8.236E-03  7.581E-03  6.954E-03  6.358E-03  5.797E-03  5.206E-03  4.627E-03  4.113E-03  3.687E-03  3.326E-03  2.879E-03  2.555E-03  2.199E-03  1.949E-03  1.653E-03  1.403E-03  1.186E-03  9.988E-04  8.368E-04  6.983E-04  5.817E-04  4.680E-04  3.844E-04  3.085E-04  2.510E-04
  333.5000  3.916E-02  3.804E-02  3.693E-02  3.583E-02  3.474E-02  3.365E-02  3.258E-02  3.152E-02  3.047E-02  2.944E-02  2.841E-02  2.740E-02  2.639E-02  2.540E-02  2.442E-02  2.346E-02  2.251E-02  2.157E-02  2.064E-02  1.973E-02  1.884E-02  1.795E-02  1.709E-02  1.623E-02  1.540E-02  1.458E-02  1.378E-02  1.300E-02  1.223E-02  1.149E-02  1.076E-02  1.006E-02  9.374E-03  8.711E-03  8.073E-03  7.457E-03  6.867E-03  6.303E-03  5.766E-03  5.257E-03  4.781E-03  4.283E-03  3.788E-03  3.370E-03  3.013E-03  2.711E-03  2.344E-03  2.077E-03  1.786E-03  1.580E-03  1.340E-03  1.137E-03  9.617E-04  8.100E-04  6.792E-04  5.674E-04  4.732E-04  3.816E-04  3.139E-04  2.524E-04  2.056E-04
  334.5000  4.506E-02  4.379E-02  4.253E-02  4.129E-02  4.005E-02  3.882E-02  3.761E-02  3.641E-02  3.522E-02  3.404E-02  3.288E-02  3.173E-02  3.059E-02  2.946E-02  2.834E-02  2.725E-02  2.616E-02  2.509E-02  2.403E-02  2.299E-02  2.197E-02  2.096E-02  1.997E-02  1.899E-02  1.803E-02  1.709E-02  1.617E-02  1.527E-02  1.439E-02  1.353E-02  1.269E-02  1.187E-02  1.108E-02  1.031E-02  9.564E-03  8.846E-03  8.155E-03  7.496E-03  6.865E-03  6.267E-03  5.705E-03  5.117E-03  4.531E-03  4.032E-03  3.609E-03  3.251E-03  2.811E-03  2.492E-03  2.143E-03  1.898E-03  1.609E-03  1.364E-03  1.154E-03  9.710E-04  8.136E-04  6.791E-04  5.658E-04  4.556E-04  3.743E-04  3.006E-04  2.447E-04
  335.5000  4.862E-02  4.730E-02  4.600E-02  4.471E-02  4.342E-02  4.214E-02  4.088E-02  3.963E-02  3.838E-02  3.716E-02  3.594E-02  3.473E-02  3.353E-02  3.235E-02  3.118E-02  3.003E-02  2.888E-02  2.775E-02  2.663E-02  2.553E-02  2.444E-02  2.337E-02  2.231E-02  2.127E-02  2.024E-02  1.924E-02  1.825E-02  1.727E-02  1.632E-02  1.539E-02  1.447E-02  1.358E-02  1.271E-02  1.187E-02  1.104E-02  1.025E-02  9.479E-03  8.741E-03  8.032E-03  7.357E-03  6.720E-03  6.044E-03  5.363E-03  4.787E-03  4.298E-03  3.884E-03  3.365E-03  2.991E-03  2.576E-03  2.286E-03  1.939E-03  1.645E-03  1.391E-03  1.170E-03  9.798E-04  8.169E-04  6.798E-04  5.458E-04  4.476E-04  3.585E-04  2.913E-04
  336.5000  3.735E-02  3.633E-02  3.532E-02  3.431E-02  3.331E-02  3.232E-02  3.134E-02  3.037E-02  2.940E-02  2.845E-02  2.750E-02  2.657E-02  2.564E-02  2.473E-02  2.382E-02  2.293E-02  2.204E-02  2.116E-02  2.030E-02  1.945E-02  1.861E-02  1.778E-02  1.696E-02  1.616E-02  1.537E-02  1.459E-02  1.383E-02  1.308E-02  1.235E-02  1.163E-02  1.093E-02  1.025E-02  9.586E-03  8.942E-03  8.311E-03  7.704E-03  7.119E-03  6.557E-03  6.019E-03  5.507E-03  5.024E-03  4.514E-03  4.004E-03  3.569E-03  3.201E-03  2.889E-03  2.501E-03  2.221E-03  1.911E-03  1.695E-03  1.437E-03  1.219E-03  1.030E-03  8.668E-04  7.256E-04  6.050E-04  5.036E-04  4.046E-04  3.319E-04  2.660E-04  2.162E-04
  337.5000  3.929E-02  3.818E-02  3.708E-02  3.600E-02  3.492E-02  3.385E-02  3.279E-02  3.174E-02  3.071E-02  2.968E-02  2.867E-02  2.766E-02  2.667E-02  2.568E-02  2.471E-02  2.376E-02  2.281E-02  2.187E-02  2.095E-02  2.004E-02  1.915E-02  1.827E-02  1.741E-02  1.655E-02  1.572E-02  1.490E-02  1.410E-02  1.331E-02  1.254E-02  1.179E-02  1.105E-02  1.034E-02  9.651E-03  8.976E-03  8.330E-03  7.704E-03  7.101E-03  6.526E-03  5.976E-03  5.454E-03  4.965E-03  4.451E-03  3.941E-03  3.506E-03  3.137E-03  2.825E-03  2.442E-03  2.165E-03  1.861E-03  1.648E-03  1.396E-03  1.184E-03  1.001E-03  8.419E-04  7.052E-04  5.883E-04  4.900E-04  3.944E-04  3.239E-04  2.600E-04  2.115E-04
  338.5000  4.429E-02  4.309E-02  4.190E-02  4.073E-02  3.956E-02  3.840E-02  3.725E-02  3.611E-02  3.498E-02  3.387E-02  3.276E-02  3.166E-02  3.057E-02  2.950E-02  2.843E-02  2.738E-02  2.634E-02  2.531E-02  2.430E-02  2.329E-02  2.230E-02  2.133E-02  2.036E-02  1.941E-02  1.848E-02  1.756E-02  1.666E-02  1.577E-02  1.490E-02  1.405E-02  1.322E-02  1.241E-02  1.161E-02  1.084E-02  1.009E-02  9.365E-03  8.663E-03  7.989E-03  7.341E-03  6.724E-03  6.142E-03  5.524E-03  4.901E-03  4.374E-03  3.927E-03  3.548E-03  3.073E-03  2.731E-03  2.352E-03  2.087E-03  1.770E-03  1.501E-03  1.268E-03  1.067E-03  8.925E-04  7.437E-04  6.185E-04  4.962E-04  4.067E-04  3.256E-04  2.644E-04
  339.5000  4.860E-02  4.730E-02  4.600E-02  4.472E-02  4.344E-02  4.218E-02  4.092E-02  3.968E-02  3.845E-02  3.723E-02  3.602E-02  3.482E-02  3.363E-02  3.245E-02  3.129E-02  3.014E-02  2.900E-02  2.788E-02  2.677E-02  2.567E-02  2.459E-02  2.352E-02  2.246E-02  2.142E-02  2.040E-02  1.939E-02  1.840E-02  1.743E-02  1.648E-02  1.554E-02  1.462E-02  1.373E-02  1.286E-02  1.201E-02  1.118E-02  1.038E-02  9.609E-03  8.866E-03  8.150E-03  7.469E-03  6.826E-03  6.141E-03  5.451E-03  4.866E-03  4.371E-03  3.951E-03  3.422E-03  3.043E-03  2.620E-03  2.326E-03  1.972E-03  1.672E-03  1.413E-03  1.188E-03  9.941E-04  8.281E-04  6.884E-04  5.520E-04  4.521E-04  3.617E-04  2.936E-04
  340.5000  5.078E-02  4.939E-02  4.802E-02  4.666E-02  4.530E-02  4.396E-02  4.263E-02  4.131E-02  4.001E-02  3.872E-02  3.744E-02  3.617E-02  3.491E-02  3.367E-02  3.244E-02  3.123E-02  3.003E-02  2.884E-02  2.767E-02  2.652E-02  2.538E-02  2.425E-02  2.314E-02  2.205E-02  2.098E-02  1.992E-02  1.889E-02  1.787E-02  1.687E-02  1.590E-02  1.494E-02  1.401E-02  1.311E-02  1.222E-02  1.137E-02  1.054E-02  9.741E-03  8.974E-03  8.238E-03  7.538E-03  6.878E-03  6.180E-03  5.478E-03  4.885E-03  4.381E-03  3.954E-03  3.422E-03  3.038E-03  2.614E-03  2.318E-03  1.964E-03  1.665E-03  1.407E-03  1.183E-03  9.894E-04  8.243E-04  6.855E-04  5.501E-04  4.508E-04  3.610E-04  2.931E-04
  341.5000  4.666E-02  4.541E-02  4.418E-02  4.295E-02  4.173E-02  4.053E-02  3.933E-02  3.814E-02  3.697E-02  3.580E-02  3.465E-02  3.350E-02  3.237E-02  3.124E-02  3.013E-02  2.903E-02  2.795E-02  2.687E-02  2.581E-02  2.475E-02  2.372E-02  2.269E-02  2.168E-02  2.069E-02  1.971E-02  1.874E-02  1.779E-02  1.686E-02  1.594E-02  1.505E-02  1.417E-02  1.331E-02  1.247E-02  1.165E-02  1.086E-02  1.008E-02  9.337E-03  8.618E-03  7.927E-03  7.269E-03  6.646E-03  5.982E-03  5.311E-03  4.744E-03  4.263E-03  3.855E-03  3.340E-03  2.971E-03  2.559E-03  2.272E-03  1.927E-03  1.634E-03  1.381E-03  1.161E-03  9.707E-04  8.083E-04  6.717E-04  5.382E-04  4.406E-04  3.522E-04  2.857E-04
  342.5000  5.204E-02  5.066E-02  4.928E-02  4.792E-02  4.657E-02  4.523E-02  4.390E-02  4.258E-02  4.127E-02  3.998E-02  3.869E-02  3.742E-02  3.616E-02  3.491E-02  3.367E-02  3.245E-02  3.124E-02  3.004E-02  2.886E-02  2.769E-02  2.654E-02  2.540E-02  2.427E-02  2.316E-02  2.207E-02  2.099E-02  1.994E-02  1.890E-02  1.788E-02  1.687E-02  1.589E-02  1.493E-02  1.400E-02  1.308E-02  1.219E-02  1.133E-02  1.049E-02  9.690E-03  8.916E-03  8.178E-03  7.480E-03  6.735E-03  5.981E-03  5.344E-03  4.803E-03  4.345E-03  3.765E-03  3.350E-03  2.885E-03  2.563E-03  2.173E-03  1.843E-03  1.557E-03  1.309E-03  1.094E-03  9.111E-04  7.569E-04  6.061E-04  4.960E-04  3.963E-04  3.214E-04
  343.5000  5.348E-02  5.205E-02  5.062E-02  4.922E-02  4.782E-02  4.643E-02  4.505E-02  4.369E-02  4.233E-02  4.100E-02  3.967E-02  3.835E-02  3.705E-02  3.576E-02  3.448E-02  3.322E-02  3.197E-02  3.073E-02  2.951E-02  2.830E-02  2.711E-02  2.594E-02  2.478E-02  2.363E-02  2.251E-02  2.140E-02  2.031E-02  1.924E-02  1.819E-02  1.716E-02  1.615E-02  1.517E-02  1.421E-02  1.327E-02  1.236E-02  1.148E-02  1.062E-02  9.802E-03  9.012E-03  8.260E-03  7.548E-03  6.791E-03  6.027E-03  5.381E-03  4.832E-03  4.367E-03  3.782E-03  3.362E-03  2.894E-03  2.569E-03  2.177E-03  1.846E-03  1.559E-03  1.310E-03  1.095E-03  9.117E-04  7.575E-04  6.067E-04  4.966E-04  3.969E-04  3.219E-04
  344.5000  3.704E-02  3.604E-02  3.504E-02  3.406E-02  3.308E-02  3.212E-02  3.115E-02  3.020E-02  2.926E-02  2.833E-02  2.740E-02  2.648E-02  2.557E-02  2.467E-02  2.378E-02  2.290E-02  2.203E-02  2.117E-02  2.032E-02  1.948E-02  1.866E-02  1.784E-02  1.703E-02  1.624E-02  1.546E-02  1.469E-02  1.393E-02  1.319E-02  1.246E-02  1.175E-02  1.105E-02  1.037E-02  9.709E-03  9.062E-03  8.434E-03  7.825E-03  7.237E-03  6.672E-03  6.129E-03  5.612E-03  5.124E-03  4.607E-03  4.085E-03  3.644E-03  3.270E-03  2.953E-03  2.556E-03  2.270E-03  1.953E-03  1.732E-03  1.468E-03  1.243E-03  1.050E-03  8.822E-04  7.375E-04  6.139E-04  5.101E-04  4.087E-04  3.346E-04  2.675E-04  2.170E-04
  345.5000  5.245E-02  5.106E-02  4.968E-02  4.832E-02  4.697E-02  4.562E-02  4.429E-02  4.297E-02  4.166E-02  4.036E-02  3.907E-02  3.779E-02  3.653E-02  3.528E-02  3.403E-02  3.281E-02  3.159E-02  3.039E-02  2.920E-02  2.803E-02  2.687E-02  2.572E-02  2.459E-02  2.348E-02  2.238E-02  2.129E-02  2.023E-02  1.918E-02  1.815E-02  1.714E-02  1.615E-02  1.518E-02  1.424E-02  1.332E-02  1.241E-02  1.154E-02  1.069E-02  9.878E-03  9.093E-03  8.344E-03  7.635E-03  6.877E-03  6.110E-03  5.460E-03  4.909E-03  4.443E-03  3.850E-03  3.426E-03  2.951E-03  2.622E-03  2.223E-03  1.885E-03  1.593E-03  1.338E-03  1.118E-03  9.305E-04  7.726E-04  6.180E-04  5.054E-04  4.034E-04  3.269E-04
  346.5000  4.815E-02  4.685E-02  4.557E-02  4.431E-02  4.305E-02  4.180E-02  4.056E-02  3.933E-02  3.811E-02  3.691E-02  3.571E-02  3.453E-02  3.335E-02  3.219E-02  3.104E-02  2.991E-02  2.878E-02  2.767E-02  2.657E-02  2.548E-02  2.441E-02  2.335E-02  2.231E-02  2.128E-02  2.027E-02  1.927E-02  1.829E-02  1.733E-02  1.638E-02  1.545E-02  1.454E-02  1.366E-02  1.279E-02  1.195E-02  1.113E-02  1.033E-02  9.561E-03  8.820E-03  8.109E-03  7.430E-03  6.789E-03  6.107E-03  5.418E-03  4.836E-03  4.342E-03  3.924E-03  3.397E-03  3.019E-03  2.598E-03  2.305E-03  1.953E-03  1.655E-03  1.397E-03  1.174E-03  9.809E-04  8.161E-04  6.777E-04  5.425E-04  4.438E-04  3.545E-04  2.874E-04
  347.5000  4.718E-02  4.592E-02  4.467E-02  4.343E-02  4.219E-02  4.097E-02  3.976E-02  3.856E-02  3.736E-02  3.619E-02  3.502E-02  3.386E-02  3.271E-02  3.157E-02  3.045E-02  2.933E-02  2.823E-02  2.714E-02  2.607E-02  2.500E-02  2.395E-02  2.292E-02  2.189E-02  2.089E-02  1.989E-02  1.891E-02  1.796E-02  1.701E-02  1.608E-02  1.517E-02  1.428E-02  1.342E-02  1.257E-02  1.174E-02  1.093E-02  1.015E-02  9.396E-03  8.670E-03  7.971E-03  7.305E-03  6.675E-03  6.005E-03  5.329E-03  4.756E-03  4.270E-03  3.859E-03  3.341E-03  2.969E-03  2.555E-03  2.267E-03  1.921E-03  1.627E-03  1.374E-03  1.154E-03  9.640E-04  8.019E-04  6.658E-04  5.327E-04  4.357E-04  3.479E-04  2.820E-04
  348.5000  5.225E-02  5.086E-02  4.948E-02  4.812E-02  4.676E-02  4.541E-02  4.407E-02  4.275E-02  4.143E-02  4.013E-02  3.884E-02  3.756E-02  3.630E-02  3.504E-02  3.380E-02  3.257E-02  3.136E-02  3.015E-02  2.896E-02  2.779E-02  2.663E-02  2.548E-02  2.435E-02  2.324E-02  2.214E-02  2.106E-02  2.000E-02  1.895E-02  1.792E-02  1.692E-02  1.593E-02  1.497E-02  1.403E-02  1.311E-02  1.221E-02  1.134E-02  1.050E-02  9.696E-03  8.919E-03  8.177E-03  7.475E-03  6.727E-03  5.972E-03  5.331E-03  4.789E-03  4.329E-03  3.749E-03  3.333E-03  2.868E-03  2.546E-03  2.157E-03  1.828E-03  1.543E-03  1.296E-03  1.082E-03  9.002E-04  7.471E-04  5.975E-04  4.885E-04  3.899E-04  3.158E-04
  349.5000  4.378E-02  4.261E-02  4.145E-02  4.031E-02  3.917E-02  3.804E-02  3.692E-02  3.581E-02  3.471E-02  3.362E-02  3.253E-02  3.146E-02  3.040E-02  2.935E-02  2.831E-02  2.728E-02  2.626E-02  2.525E-02  2.426E-02  2.327E-02  2.230E-02  2.134E-02  2.039E-02  1.946E-02  1.854E-02  1.763E-02  1.674E-02  1.586E-02  1.500E-02  1.416E-02  1.333E-02  1.253E-02  1.174E-02  1.097E-02  1.022E-02  9.491E-03  8.788E-03  8.111E-03  7.459E-03  6.838E-03  6.251E-03  5.625E-03  4.991E-03  4.456E-03  4.002E-03  3.617E-03  3.132E-03  2.783E-03  2.395E-03  2.126E-03  1.801E-03  1.525E-03  1.288E-03  1.081E-03  9.029E-04  7.508E-04  6.230E-04  4.981E-04  4.072E-04  3.249E-04  2.632E-04
  350.5000  6.143E-02  5.980E-02  5.817E-02  5.657E-02  5.497E-02  5.339E-02  5.182E-02  5.026E-02  4.871E-02  4.719E-02  4.567E-02  4.417E-02  4.268E-02  4.120E-02  3.974E-02  3.830E-02  3.687E-02  3.546E-02  3.406E-02  3.268E-02  3.132E-02  2.997E-02  2.864E-02  2.733E-02  2.604E-02  2.477E-02  2.352E-02  2.229E-02  2.109E-02  1.990E-02  1.874E-02  1.761E-02  1.650E-02  1.542E-02  1.437E-02  1.335E-02  1.236E-02  1.141E-02  1.049E-02  9.618E-03  8.792E-03  7.912E-03  7.022E-03  6.268E-03  5.629E-03  5.088E-03  4.405E-03  3.915E-03  3.369E-03  2.990E-03  2.533E-03  2.145E-03  1.811E-03  1.520E-03  1.269E-03  1.055E-03  8.753E-04  6.997E-04  5.718E-04  4.561E-04  3.693E-04
  351.5000  5.284E-02  5.143E-02  5.003E-02  4.865E-02  4.727E-02  4.591E-02  4.455E-02  4.321E-02  4.188E-02  4.057E-02  3.926E-02  3.796E-02  3.668E-02  3.541E-02  3.416E-02  3.291E-02  3.168E-02  3.047E-02  2.926E-02  2.807E-02  2.690E-02  2.574E-02  2.460E-02  2.347E-02  2.236E-02  2.126E-02  2.019E-02  1.913E-02  1.809E-02  1.707E-02  1.608E-02  1.510E-02  1.415E-02  1.322E-02  1.232E-02  1.144E-02  1.059E-02  9.772E-03  8.985E-03  8.235E-03  7.527E-03  6.771E-03  6.008E-03  5.362E-03  4.814E-03  4.350E-03  3.765E-03  3.345E-03  2.878E-03  2.553E-03  2.162E-03  1.831E-03  1.545E-03  1.297E-03  1.083E-03  8.998E-04  7.464E-04  5.965E-04  4.874E-04  3.888E-04  3.148E-04
  352.5000  4.779E-02  4.652E-02  4.525E-02  4.401E-02  4.276E-02  4.153E-02  4.031E-02  3.910E-02  3.790E-02  3.671E-02  3.553E-02  3.436E-02  3.320E-02  3.205E-02  3.092E-02  2.980E-02  2.868E-02  2.758E-02  2.650E-02  2.542E-02  2.436E-02  2.332E-02  2.228E-02  2.126E-02  2.026E-02  1.927E-02  1.830E-02  1.734E-02  1.640E-02  1.548E-02  1.457E-02  1.369E-02  1.283E-02  1.199E-02  1.117E-02  1.038E-02  9.606E-03  8.866E-03  8.154E-03  7.474E-03  6.831E-03  6.147E-03  5.455E-03  4.868E-03  4.371E-03  3.950E-03  3.418E-03  3.038E-03  2.613E-03  2.318E-03  1.963E-03  1.662E-03  1.402E-03  1.177E-03  9.824E-04  8.163E-04  6.770E-04  5.409E-04  4.418E-04  3.523E-04  2.852E-04
  353.5000  5.777E-02  5.623E-02  5.471E-02  5.321E-02  5.171E-02  5.022E-02  4.875E-02  4.729E-02  4.584E-02  4.440E-02  4.298E-02  4.157E-02  4.017E-02  3.879E-02  3.742E-02  3.607E-02  3.472E-02  3.340E-02  3.208E-02  3.079E-02  2.951E-02  2.824E-02  2.699E-02  2.576E-02  2.455E-02  2.335E-02  2.218E-02  2.102E-02  1.989E-02  1.877E-02  1.768E-02  1.662E-02  1.557E-02  1.455E-02  1.356E-02  1.260E-02  1.167E-02  1.077E-02  9.908E-03  9.084E-03  8.305E-03  7.473E-03  6.632E-03  5.921E-03  5.317E-03  4.805E-03  4.159E-03  3.696E-03  3.180E-03  2.822E-03  2.389E-03  2.023E-03  1.707E-03  1.432E-03  1.195E-03  9.929E-04  8.233E-04  6.575E-04  5.369E-04  4.279E-04  3.463E-04
  354.5000  6.274E-02  6.108E-02  5.943E-02  5.780E-02  5.617E-02  5.456E-02  5.296E-02  5.138E-02  4.981E-02  4.826E-02  4.671E-02  4.518E-02  4.367E-02  4.217E-02  4.068E-02  3.922E-02  3.776E-02  3.632E-02  3.490E-02  3.349E-02  3.210E-02  3.073E-02  2.938E-02  2.804E-02  2.672E-02  2.542E-02  2.415E-02  2.289E-02  2.166E-02  2.045E-02  1.926E-02  1.810E-02  1.697E-02  1.586E-02  1.479E-02  1.374E-02  1.272E-02  1.175E-02  1.081E-02  9.911E-03  9.063E-03  8.157E-03  7.240E-03  6.463E-03  5.805E-03  5.247E-03  4.542E-03  4.037E-03  3.473E-03  3.082E-03  2.609E-03  2.209E-03  1.864E-03  1.563E-03  1.305E-03  1.084E-03  8.983E-04  7.172E-04  5.854E-04  4.665E-04  3.774E-04
  355.5000  5.869E-02  5.713E-02  5.559E-02  5.406E-02  5.254E-02  5.104E-02  4.954E-02  4.806E-02  4.659E-02  4.514E-02  4.370E-02  4.227E-02  4.085E-02  3.945E-02  3.806E-02  3.669E-02  3.532E-02  3.398E-02  3.265E-02  3.133E-02  3.003E-02  2.875E-02  2.748E-02  2.623E-02  2.500E-02  2.379E-02  2.259E-02  2.142E-02  2.027E-02  1.913E-02  1.802E-02  1.694E-02  1.588E-02  1.484E-02  1.383E-02  1.285E-02  1.191E-02  1.099E-02  1.011E-02  9.273E-03  8.479E-03  7.631E-03  6.773E-03  6.045E-03  5.429E-03  4.907E-03  4.247E-03  3.775E-03  3.247E-03  2.881E-03  2.439E-03  2.065E-03  1.741E-03  1.461E-03  1.219E-03  1.012E-03  8.388E-04  6.695E-04  5.464E-04  4.352E-04  3.520E-04
  356.5000  5.448E-02  5.304E-02  5.160E-02  5.019E-02  4.878E-02  4.738E-02  4.599E-02  4.461E-02  4.325E-02  4.190E-02  4.056E-02  3.924E-02  3.792E-02  3.662E-02  3.533E-02  3.405E-02  3.279E-02  3.154E-02  3.031E-02  2.908E-02  2.788E-02  2.669E-02  2.551E-02  2.435E-02  2.321E-02  2.208E-02  2.097E-02  1.988E-02  1.881E-02  1.776E-02  1.673E-02  1.572E-02  1.474E-02  1.378E-02  1.284E-02  1.193E-02  1.105E-02  1.020E-02  9.383E-03  8.604E-03  7.866E-03  7.079E-03  6.282E-03  5.607E-03  5.035E-03  4.551E-03  3.938E-03  3.499E-03  3.009E-03  2.670E-03  2.260E-03  1.913E-03  1.613E-03  1.353E-03  1.128E-03  9.369E-04  7.764E-04  6.195E-04  5.055E-04  4.026E-04  3.255E-04
  357.5000  4.633E-02  4.510E-02  4.388E-02  4.267E-02  4.147E-02  4.028E-02  3.910E-02  3.793E-02  3.677E-02  3.563E-02  3.449E-02  3.336E-02  3.224E-02  3.113E-02  3.003E-02  2.895E-02  2.788E-02  2.681E-02  2.576E-02  2.472E-02  2.370E-02  2.269E-02  2.168E-02  2.070E-02  1.972E-02  1.877E-02  1.783E-02  1.690E-02  1.599E-02  1.509E-02  1.422E-02  1.336E-02  1.252E-02  1.170E-02  1.091E-02  1.013E-02  9.385E-03  8.664E-03  7.970E-03  7.307E-03  6.680E-03  6.010E-03  5.333E-03  4.760E-03  4.273E-03  3.862E-03  3.341E-03  2.968E-03  2.552E-03  2.264E-03  1.916E-03  1.622E-03  1.367E-03  1.146E-03  9.561E-04  7.937E-04  6.576E-04  5.246E-04  4.279E-04  3.408E-04  2.755E-04
  358.5000  3.582E-02  3.487E-02  3.393E-02  3.300E-02  3.207E-02  3.115E-02  3.024E-02  2.934E-02  2.844E-02  2.756E-02  2.668E-02  2.580E-02  2.494E-02  2.408E-02  2.324E-02  2.240E-02  2.157E-02  2.075E-02  1.994E-02  1.913E-02  1.834E-02  1.756E-02  1.678E-02  1.602E-02  1.527E-02  1.453E-02  1.380E-02  1.308E-02  1.238E-02  1.169E-02  1.101E-02  1.035E-02  9.699E-03  9.067E-03  8.450E-03  7.852E-03  7.272E-03  6.714E-03  6.176E-03  5.663E-03  5.177E-03  4.659E-03  4.134E-03  3.689E-03  3.312E-03  2.993E-03  2.590E-03  2.301E-03  1.978E-03  1.755E-03  1.485E-03  1.257E-03  1.059E-03  8.881E-04  7.405E-04  6.147E-04  5.091E-04  4.060E-04  3.311E-04  2.636E-04  2.130E-04
  359.5000  6.032E-02  5.872E-02  5.713E-02  5.557E-02  5.400E-02  5.246E-02  5.092E-02  4.940E-02  4.789E-02  4.640E-02  4.492E-02  4.345E-02  4.200E-02  4.055E-02  3.913E-02  3.772E-02  3.632E-02  3.494E-02  3.357E-02  3.222E-02  3.089E-02  2.957E-02  2.826E-02  2.698E-02  2.571E-02  2.446E-02  2.324E-02  2.203E-02  2.085E-02  1.968E-02  1.854E-02  1.742E-02  1.633E-02  1.527E-02  1.423E-02  1.322E-02  1.224E-02  1.130E-02  1.040E-02  9.533E-03  8.715E-03  7.842E-03  6.958E-03  6.209E-03  5.574E-03  5.037E-03  4.357E-03  3.870E-03  3.327E-03  2.952E-03  2.497E-03  2.113E-03  1.781E-03  1.493E-03  1.244E-03  1.033E-03  8.552E-04  6.818E-04  5.560E-04  4.425E-04  3.575E-04
  360.5000  5.595E-02  5.447E-02  5.300E-02  5.154E-02  5.009E-02  4.866E-02  4.723E-02  4.582E-02  4.442E-02  4.304E-02  4.167E-02  4.031E-02  3.896E-02  3.762E-02  3.630E-02  3.499E-02  3.369E-02  3.241E-02  3.114E-02  2.989E-02  2.865E-02  2.743E-02  2.622E-02  2.503E-02  2.385E-02  2.270E-02  2.156E-02  2.044E-02  1.934E-02  1.826E-02  1.720E-02  1.617E-02  1.515E-02  1.417E-02  1.320E-02  1.227E-02  1.136E-02  1.049E-02  9.646E-03  8.844E-03  8.084E-03  7.274E-03  6.454E-03  5.759E-03  5.169E-03  4.671E-03  4.040E-03  3.588E-03  3.085E-03  2.736E-03  2.314E-03  1.958E-03  1.650E-03  1.382E-03  1.153E-03  9.562E-04  7.917E-04  6.311E-04  5.145E-04  4.093E-04  3.307E-04
  361.5000  5.052E-02  4.918E-02  4.785E-02  4.654E-02  4.524E-02  4.394E-02  4.266E-02  4.138E-02  4.012E-02  3.887E-02  3.763E-02  3.640E-02  3.519E-02  3.398E-02  3.279E-02  3.161E-02  3.044E-02  2.928E-02  2.813E-02  2.700E-02  2.589E-02  2.478E-02  2.369E-02  2.262E-02  2.156E-02  2.051E-02  1.949E-02  1.847E-02  1.748E-02  1.650E-02  1.555E-02  1.461E-02  1.370E-02  1.281E-02  1.194E-02  1.109E-02  1.027E-02  9.483E-03  8.723E-03  7.997E-03  7.311E-03  6.578E-03  5.837E-03  5.208E-03  4.675E-03  4.224E-03  3.653E-03  3.245E-03  2.789E-03  2.473E-03  2.092E-03  1.770E-03  1.491E-03  1.250E-03  1.041E-03  8.638E-04  7.150E-04  5.698E-04  4.644E-04  3.694E-04  2.984E-04
  362.5000  5.939E-02  5.782E-02  5.626E-02  5.472E-02  5.318E-02  5.166E-02  5.015E-02  4.865E-02  4.717E-02  4.570E-02  4.425E-02  4.280E-02  4.137E-02  3.995E-02  3.855E-02  3.716E-02  3.579E-02  3.443E-02  3.308E-02  3.175E-02  3.044E-02  2.915E-02  2.786E-02  2.660E-02  2.535E-02  2.413E-02  2.292E-02  2.173E-02  2.056E-02  1.941E-02  1.829E-02  1.719E-02  1.612E-02  1.506E-02  1.404E-02  1.305E-02  1.208E-02  1.116E-02  1.026E-02  9.409E-03  8.601E-03  7.739E-03  6.868E-03  6.127E-03  5.499E-03  4.968E-03  4.296E-03  3.816E-03  3.280E-03  2.908E-03  2.460E-03  2.080E-03  1.753E-03  1.469E-03  1.224E-03  1.015E-03  8.398E-04  6.690E-04  5.452E-04  4.335E-04  3.501E-04
  363.5000  5.287E-02  5.147E-02  5.008E-02  4.871E-02  4.734E-02  4.599E-02  4.464E-02  4.331E-02  4.199E-02  4.069E-02  3.939E-02  3.810E-02  3.683E-02  3.557E-02  3.432E-02  3.309E-02  3.186E-02  3.065E-02  2.946E-02  2.827E-02  2.711E-02  2.595E-02  2.481E-02  2.368E-02  2.257E-02  2.148E-02  2.041E-02  1.935E-02  1.831E-02  1.729E-02  1.629E-02  1.531E-02  1.435E-02  1.341E-02  1.250E-02  1.162E-02  1.076E-02  9.934E-03  9.138E-03  8.378E-03  7.658E-03  6.890E-03  6.111E-03  5.454E-03  4.895E-03  4.422E-03  3.824E-03  3.396E-03  2.918E-03  2.587E-03  2.188E-03  1.850E-03  1.559E-03  1.306E-03  1.088E-03  9.019E-04  7.462E-04  5.943E-04  4.842E-04  3.849E-04  3.108E-04
  364.5000  5.769E-02  5.616E-02  5.465E-02  5.315E-02  5.165E-02  5.018E-02  4.871E-02  4.726E-02  4.582E-02  4.439E-02  4.298E-02  4.157E-02  4.018E-02  3.881E-02  3.745E-02  3.610E-02  3.477E-02  3.344E-02  3.214E-02  3.085E-02  2.957E-02  2.831E-02  2.707E-02  2.584E-02  2.463E-02  2.344E-02  2.226E-02  2.111E-02  1.997E-02  1.886E-02  1.777E-02  1.670E-02  1.565E-02  1.463E-02  1.364E-02  1.267E-02  1.174E-02  1.083E-02  9.966E-03  9.136E-03  8.351E-03  7.513E-03  6.666E-03  5.946E-03  5.335E-03  4.819E-03  4.167E-03  3.700E-03  3.179E-03  2.818E-03  2.383E-03  2.014E-03  1.697E-03  1.422E-03  1.184E-03  9.813E-04  8.118E-04  6.464E-04  5.265E-04  4.185E-04  3.378E-04
  365.5000  7.030E-02  6.843E-02  6.659E-02  6.476E-02  6.294E-02  6.114E-02  5.935E-02  5.758E-02  5.582E-02  5.409E-02  5.236E-02  5.065E-02  4.896E-02  4.728E-02  4.562E-02  4.398E-02  4.236E-02  4.075E-02  3.915E-02  3.758E-02  3.603E-02  3.449E-02  3.297E-02  3.148E-02  3.000E-02  2.855E-02  2.712E-02  2.571E-02  2.433E-02  2.297E-02  2.164E-02  2.034E-02  1.906E-02  1.782E-02  1.661E-02  1.543E-02  1.429E-02  1.319E-02  1.213E-02  1.112E-02  1.016E-02  9.144E-03  8.112E-03  7.235E-03  6.492E-03  5.863E-03  5.068E-03  4.499E-03  3.865E-03  3.426E-03  2.896E-03  2.448E-03  2.062E-03  1.726E-03  1.438E-03  1.192E-03  9.856E-04  7.846E-04  6.389E-04  5.077E-04  4.097E-04
  366.5000  7.447E-02  7.250E-02  7.054E-02  6.861E-02  6.668E-02  6.477E-02  6.288E-02  6.100E-02  5.914E-02  5.731E-02  5.548E-02  5.367E-02  5.188E-02  5.010E-02  4.834E-02  4.660E-02  4.488E-02  4.318E-02  4.149E-02  3.982E-02  3.818E-02  3.655E-02  3.495E-02  3.336E-02  3.180E-02  3.026E-02  2.875E-02  2.725E-02  2.579E-02  2.435E-02  2.294E-02  2.156E-02  2.021E-02  1.889E-02  1.761E-02  1.636E-02  1.515E-02  1.399E-02  1.286E-02  1.179E-02  1.078E-02  9.694E-03  8.601E-03  7.669E-03  6.881E-03  6.214E-03  5.371E-03  4.768E-03  4.095E-03  3.630E-03  3.068E-03  2.593E-03  2.183E-03  1.828E-03  1.522E-03  1.261E-03  1.043E-03  8.301E-04  6.758E-04  5.369E-04  4.332E-04
  367.5000  7.078E-02  6.891E-02  6.705E-02  6.521E-02  6.338E-02  6.157E-02  5.977E-02  5.799E-02  5.622E-02  5.447E-02  5.274E-02  5.102E-02  4.931E-02  4.762E-02  4.595E-02  4.430E-02  4.267E-02  4.105E-02  3.945E-02  3.786E-02  3.630E-02  3.475E-02  3.323E-02  3.172E-02  3.024E-02  2.877E-02  2.733E-02  2.592E-02  2.452E-02  2.316E-02  2.181E-02  2.050E-02  1.922E-02  1.797E-02  1.675E-02  1.556E-02  1.441E-02  1.330E-02  1.223E-02  1.121E-02  1.025E-02  9.220E-03  8.176E-03  7.294E-03  6.544E-03  5.909E-03  5.107E-03  4.533E-03  3.893E-03  3.451E-03  2.916E-03  2.464E-03  2.075E-03  1.736E-03  1.446E-03  1.198E-03  9.903E-04  7.880E-04  6.413E-04  5.094E-04  4.109E-04
  368.5000  6.221E-02  6.056E-02  5.893E-02  5.731E-02  5.570E-02  5.411E-02  5.253E-02  5.096E-02  4.941E-02  4.787E-02  4.635E-02  4.484E-02  4.334E-02  4.186E-02  4.039E-02  3.894E-02  3.750E-02  3.608E-02  3.467E-02  3.328E-02  3.190E-02  3.055E-02  2.920E-02  2.788E-02  2.657E-02  2.529E-02  2.403E-02  2.278E-02  2.155E-02  2.035E-02  1.917E-02  1.802E-02  1.689E-02  1.579E-02  1.472E-02  1.367E-02  1.266E-02  1.169E-02  1.075E-02  9.855E-03  9.006E-03  8.101E-03  7.183E-03  6.408E-03  5.748E-03  5.190E-03  4.485E-03  3.981E-03  3.418E-03  3.029E-03  2.560E-03  2.163E-03  1.821E-03  1.523E-03  1.268E-03  1.050E-03  8.683E-04  6.907E-04  5.620E-04  4.463E-04  3.599E-04
  369.5000  7.466E-02  7.268E-02  7.072E-02  6.878E-02  6.685E-02  6.494E-02  6.304E-02  6.116E-02  5.930E-02  5.746E-02  5.562E-02  5.381E-02  5.201E-02  5.023E-02  4.847E-02  4.673E-02  4.501E-02  4.330E-02  4.161E-02  3.994E-02  3.829E-02  3.666E-02  3.505E-02  3.346E-02  3.190E-02  3.035E-02  2.884E-02  2.734E-02  2.587E-02  2.443E-02  2.301E-02  2.163E-02  2.028E-02  1.895E-02  1.766E-02  1.641E-02  1.520E-02  1.403E-02  1.290E-02  1.183E-02  1.081E-02  9.721E-03  8.619E-03  7.688E-03  6.896E-03  6.225E-03  5.379E-03  4.774E-03  4.099E-03  3.632E-03  3.069E-03  2.592E-03  2.182E-03  1.825E-03  1.519E-03  1.258E-03  1.040E-03  8.268E-04  6.727E-04  5.340E-04  4.306E-04
  370.5000  6.777E-02  6.597E-02  6.419E-02  6.243E-02  6.068E-02  5.894E-02  5.722E-02  5.551E-02  5.382E-02  5.215E-02  5.049E-02  4.884E-02  4.721E-02  4.560E-02  4.400E-02  4.242E-02  4.085E-02  3.930E-02  3.777E-02  3.625E-02  3.476E-02  3.328E-02  3.182E-02  3.037E-02  2.895E-02  2.755E-02  2.618E-02  2.482E-02  2.348E-02  2.217E-02  2.089E-02  1.963E-02  1.840E-02  1.720E-02  1.603E-02  1.490E-02  1.380E-02  1.273E-02  1.171E-02  1.073E-02  9.807E-03  8.821E-03  7.821E-03  6.975E-03  6.256E-03  5.647E-03  4.879E-03  4.329E-03  3.717E-03  3.293E-03  2.782E-03  2.349E-03  1.977E-03  1.653E-03  1.376E-03  1.139E-03  9.414E-04  7.485E-04  6.088E-04  4.832E-04  3.895E-04
  371.5000  7.759E-02  7.553E-02  7.349E-02  7.148E-02  6.947E-02  6.748E-02  6.551E-02  6.356E-02  6.162E-02  5.971E-02  5.780E-02  5.592E-02  5.405E-02  5.220E-02  5.037E-02  4.857E-02  4.677E-02  4.500E-02  4.324E-02  4.151E-02  3.980E-02  3.810E-02  3.643E-02  3.478E-02  3.315E-02  3.155E-02  2.997E-02  2.842E-02  2.689E-02  2.539E-02  2.392E-02  2.248E-02  2.107E-02  1.970E-02  1.836E-02  1.706E-02  1.580E-02  1.458E-02  1.341E-02  1.229E-02  1.123E-02  1.010E-02  8.953E-03  7.984E-03  7.160E-03  6.463E-03  5.583E-03  4.953E-03  4.252E-03  3.766E-03  3.181E-03  2.686E-03  2.260E-03  1.892E-03  1.573E-03  1.302E-03  1.076E-03  8.550E-04  6.953E-04  5.517E-04  4.446E-04
  372.5000  5.735E-02  5.583E-02  5.432E-02  5.283E-02  5.135E-02  4.988E-02  4.842E-02  4.698E-02  4.554E-02  4.413E-02  4.272E-02  4.133E-02  3.995E-02  3.859E-02  3.723E-02  3.590E-02  3.457E-02  3.326E-02  3.196E-02  3.068E-02  2.942E-02  2.817E-02  2.693E-02  2.571E-02  2.451E-02  2.332E-02  2.216E-02  2.101E-02  1.988E-02  1.877E-02  1.768E-02  1.662E-02  1.558E-02  1.456E-02  1.357E-02  1.261E-02  1.168E-02  1.078E-02  9.911E-03  9.083E-03  8.299E-03  7.464E-03  6.617E-03  5.901E-03  5.291E-03  4.775E-03  4.125E-03  3.659E-03  3.140E-03  2.782E-03  2.349E-03  1.983E-03  1.669E-03  1.396E-03  1.161E-03  9.606E-04  7.934E-04  6.305E-04  5.126E-04  4.066E-04  3.277E-04
  373.5000  5.185E-02  5.048E-02  4.911E-02  4.777E-02  4.642E-02  4.510E-02  4.378E-02  4.247E-02  4.118E-02  3.990E-02  3.863E-02  3.737E-02  3.612E-02  3.489E-02  3.366E-02  3.246E-02  3.126E-02  3.007E-02  2.890E-02  2.774E-02  2.660E-02  2.546E-02  2.435E-02  2.324E-02  2.216E-02  2.108E-02  2.003E-02  1.899E-02  1.797E-02  1.697E-02  1.599E-02  1.503E-02  1.408E-02  1.316E-02  1.227E-02  1.140E-02  1.056E-02  9.742E-03  8.958E-03  8.209E-03  7.500E-03  6.745E-03  5.979E-03  5.332E-03  4.780E-03  4.314E-03  3.726E-03  3.305E-03  2.836E-03  2.511E-03  2.120E-03  1.790E-03  1.506E-03  1.259E-03  1.047E-03  8.664E-04  7.154E-04  5.684E-04  4.620E-04  3.664E-04  2.952E-04
  374.5000  5.693E-02  5.542E-02  5.392E-02  5.244E-02  5.097E-02  4.951E-02  4.806E-02  4.663E-02  4.521E-02  4.380E-02  4.241E-02  4.103E-02  3.966E-02  3.830E-02  3.696E-02  3.563E-02  3.432E-02  3.302E-02  3.173E-02  3.046E-02  2.920E-02  2.796E-02  2.673E-02  2.552E-02  2.433E-02  2.315E-02  2.199E-02  2.085E-02  1.973E-02  1.863E-02  1.755E-02  1.650E-02  1.546E-02  1.445E-02  1.347E-02  1.251E-02  1.159E-02  1.069E-02  9.833E-03  9.011E-03  8.232E-03  7.403E-03  6.562E-03  5.851E-03  5.245E-03  4.732E-03  4.087E-03  3.624E-03  3.110E-03  2.754E-03  2.325E-03  1.962E-03  1.650E-03  1.380E-03  1.147E-03  9.490E-04  7.834E-04  6.223E-04  5.057E-04  4.010E-04  3.229E-04
  375.5000  6.427E-02  6.257E-02  6.088E-02  5.921E-02  5.754E-02  5.590E-02  5.426E-02  5.264E-02  5.104E-02  4.945E-02  4.788E-02  4.632E-02  4.477E-02  4.324E-02  4.173E-02  4.023E-02  3.874E-02  3.728E-02  3.582E-02  3.439E-02  3.297E-02  3.157E-02  3.018E-02  2.881E-02  2.747E-02  2.614E-02  2.483E-02  2.355E-02  2.228E-02  2.104E-02  1.982E-02  1.863E-02  1.746E-02  1.632E-02  1.521E-02  1.413E-02  1.308E-02  1.207E-02  1.110E-02  1.017E-02  9.294E-03  8.358E-03  7.408E-03  6.605E-03  5.920E-03  5.341E-03  4.612E-03  4.090E-03  3.509E-03  3.106E-03  2.622E-03  2.213E-03  1.860E-03  1.555E-03  1.293E-03  1.069E-03  8.827E-04  7.009E-04  5.695E-04  4.514E-04  3.635E-04
  376.5000  6.422E-02  6.252E-02  6.083E-02  5.916E-02  5.749E-02  5.585E-02  5.422E-02  5.260E-02  5.100E-02  4.941E-02  4.784E-02  4.628E-02  4.473E-02  4.321E-02  4.169E-02  4.020E-02  3.871E-02  3.725E-02  3.579E-02  3.436E-02  3.294E-02  3.154E-02  3.016E-02  2.879E-02  2.745E-02  2.612E-02  2.482E-02  2.353E-02  2.226E-02  2.102E-02  1.980E-02  1.861E-02  1.745E-02  1.631E-02  1.520E-02  1.412E-02  1.307E-02  1.207E-02  1.109E-02  1.017E-02  9.287E-03  8.351E-03  7.401E-03  6.598E-03  5.914E-03  5.335E-03  4.606E-03  4.084E-03  3.503E-03  3.101E-03  2.617E-03  2.208E-03  1.857E-03  1.552E-03  1.289E-03  1.066E-03  8.800E-04  6.987E-04  5.675E-04  4.498E-04  3.621E-04
  377.5000  7.651E-02  7.448E-02  7.247E-02  7.048E-02  6.850E-02  6.654E-02  6.459E-02  6.267E-02  6.076E-02  5.887E-02  5.699E-02  5.514E-02  5.330E-02  5.148E-02  4.967E-02  4.789E-02  4.612E-02  4.438E-02  4.265E-02  4.094E-02  3.925E-02  3.758E-02  3.593E-02  3.431E-02  3.270E-02  3.112E-02  2.957E-02  2.804E-02  2.653E-02  2.505E-02  2.360E-02  2.218E-02  2.079E-02  1.943E-02  1.811E-02  1.682E-02  1.558E-02  1.438E-02  1.322E-02  1.211E-02  1.106E-02  9.948E-03  8.817E-03  7.859E-03  7.043E-03  6.353E-03  5.485E-03  4.862E-03  4.170E-03  3.691E-03  3.115E-03  2.628E-03  2.209E-03  1.845E-03  1.533E-03  1.268E-03  1.046E-03  8.303E-04  6.743E-04  5.343E-04  4.300E-04
  378.5000  8.343E-02  8.122E-02  7.902E-02  7.685E-02  7.469E-02  7.255E-02  7.043E-02  6.833E-02  6.625E-02  6.419E-02  6.214E-02  6.012E-02  5.811E-02  5.613E-02  5.416E-02  5.222E-02  5.029E-02  4.839E-02  4.650E-02  4.464E-02  4.280E-02  4.098E-02  3.918E-02  3.741E-02  3.566E-02  3.393E-02  3.224E-02  3.057E-02  2.893E-02  2.731E-02  2.573E-02  2.419E-02  2.267E-02  2.119E-02  1.975E-02  1.834E-02  1.699E-02  1.567E-02  1.441E-02  1.320E-02  1.206E-02  1.084E-02  9.611E-03  8.566E-03  7.676E-03  6.923E-03  5.976E-03  5.297E-03  4.542E-03  4.020E-03  3.392E-03  2.861E-03  2.404E-03  2.008E-03  1.669E-03  1.379E-03  1.138E-03  9.029E-04  7.331E-04  5.807E-04  4.673E-04
  379.5000  6.175E-02  6.011E-02  5.849E-02  5.688E-02  5.528E-02  5.370E-02  5.213E-02  5.057E-02  4.903E-02  4.751E-02  4.599E-02  4.449E-02  4.301E-02  4.154E-02  4.008E-02  3.865E-02  3.722E-02  3.581E-02  3.442E-02  3.304E-02  3.168E-02  3.033E-02  2.900E-02  2.769E-02  2.639E-02  2.512E-02  2.386E-02  2.263E-02  2.141E-02  2.022E-02  1.904E-02  1.790E-02  1.678E-02  1.568E-02  1.461E-02  1.358E-02  1.257E-02  1.160E-02  1.066E-02  9.770E-03  8.924E-03  8.023E-03  7.110E-03  6.337E-03  5.678E-03  5.120E-03  4.419E-03  3.917E-03  3.358E-03  2.972E-03  2.507E-03  2.114E-03  1.776E-03  1.484E-03  1.232E-03  1.019E-03  8.400E-04  6.664E-04  5.409E-04  4.284E-04  3.447E-04
  380.5000  7.430E-02  7.233E-02  7.037E-02  6.844E-02  6.651E-02  6.461E-02  6.272E-02  6.085E-02  5.899E-02  5.716E-02  5.534E-02  5.354E-02  5.175E-02  4.998E-02  4.823E-02  4.650E-02  4.479E-02  4.309E-02  4.141E-02  3.975E-02  3.812E-02  3.649E-02  3.489E-02  3.332E-02  3.176E-02  3.022E-02  2.871E-02  2.723E-02  2.576E-02  2.433E-02  2.292E-02  2.154E-02  2.019E-02  1.887E-02  1.759E-02  1.634E-02  1.512E-02  1.396E-02  1.283E-02  1.176E-02  1.074E-02  9.653E-03  8.554E-03  7.623E-03  6.829E-03  6.158E-03  5.314E-03  4.709E-03  4.037E-03  3.572E-03  3.012E-03  2.540E-03  2.134E-03  1.782E-03  1.480E-03  1.223E-03  1.008E-03  7.998E-04  6.491E-04  5.139E-04  4.134E-04
  381.5000  6.986E-02  6.800E-02  6.616E-02  6.434E-02  6.253E-02  6.074E-02  5.896E-02  5.720E-02  5.546E-02  5.374E-02  5.203E-02  5.033E-02  4.865E-02  4.699E-02  4.534E-02  4.372E-02  4.211E-02  4.051E-02  3.893E-02  3.737E-02  3.584E-02  3.431E-02  3.281E-02  3.132E-02  2.986E-02  2.842E-02  2.700E-02  2.560E-02  2.422E-02  2.287E-02  2.155E-02  2.025E-02  1.898E-02  1.774E-02  1.653E-02  1.536E-02  1.422E-02  1.312E-02  1.206E-02  1.105E-02  1.009E-02  9.074E-03  8.040E-03  7.165E-03  6.418E-03  5.787E-03  4.993E-03  4.424E-03  3.792E-03  3.355E-03  2.829E-03  2.385E-03  2.004E-03  1.672E-03  1.389E-03  1.147E-03  9.459E-04  7.501E-04  6.086E-04  4.817E-04  3.874E-04
  382.5000  4.657E-02  4.533E-02  4.411E-02  4.289E-02  4.169E-02  4.049E-02  3.931E-02  3.813E-02  3.697E-02  3.582E-02  3.468E-02  3.355E-02  3.243E-02  3.132E-02  3.023E-02  2.914E-02  2.807E-02  2.701E-02  2.595E-02  2.491E-02  2.389E-02  2.287E-02  2.187E-02  2.088E-02  1.991E-02  1.894E-02  1.800E-02  1.707E-02  1.615E-02  1.525E-02  1.437E-02  1.350E-02  1.266E-02  1.183E-02  1.102E-02  1.024E-02  9.480E-03  8.747E-03  8.041E-03  7.367E-03  6.727E-03  6.048E-03  5.359E-03  4.775E-03  4.277E-03  3.856E-03  3.327E-03  2.947E-03  2.526E-03  2.234E-03  1.884E-03  1.588E-03  1.334E-03  1.113E-03  9.240E-04  7.633E-04  6.291E-04  4.987E-04  4.045E-04  3.202E-04  2.574E-04
  383.5000  4.091E-02  3.983E-02  3.875E-02  3.768E-02  3.662E-02  3.557E-02  3.453E-02  3.350E-02  3.248E-02  3.147E-02  3.047E-02  2.947E-02  2.849E-02  2.752E-02  2.655E-02  2.560E-02  2.466E-02  2.372E-02  2.280E-02  2.189E-02  2.099E-02  2.009E-02  1.921E-02  1.834E-02  1.749E-02  1.664E-02  1.581E-02  1.499E-02  1.419E-02  1.340E-02  1.262E-02  1.186E-02  1.112E-02  1.039E-02  9.683E-03  8.995E-03  8.328E-03  7.684E-03  7.064E-03  6.471E-03  5.909E-03  5.312E-03  4.706E-03  4.193E-03  3.756E-03  3.385E-03  2.920E-03  2.587E-03  2.217E-03  1.960E-03  1.653E-03  1.393E-03  1.170E-03  9.760E-04  8.101E-04  6.691E-04  5.513E-04  4.370E-04  3.544E-04  2.804E-04  2.254E-04
  384.5000  6.143E-02  5.979E-02  5.817E-02  5.657E-02  5.498E-02  5.341E-02  5.184E-02  5.030E-02  4.876E-02  4.725E-02  4.574E-02  4.425E-02  4.277E-02  4.131E-02  3.987E-02  3.844E-02  3.702E-02  3.562E-02  3.423E-02  3.286E-02  3.151E-02  3.017E-02  2.885E-02  2.754E-02  2.626E-02  2.499E-02  2.374E-02  2.251E-02  2.130E-02  2.011E-02  1.895E-02  1.781E-02  1.669E-02  1.560E-02  1.454E-02  1.351E-02  1.250E-02  1.154E-02  1.060E-02  9.714E-03  8.871E-03  7.974E-03  7.065E-03  6.294E-03  5.636E-03  5.080E-03  4.382E-03  3.881E-03  3.325E-03  2.940E-03  2.478E-03  2.088E-03  1.753E-03  1.463E-03  1.214E-03  1.002E-03  8.258E-04  6.544E-04  5.305E-04  4.197E-04  3.373E-04
  385.5000  6.081E-02  5.919E-02  5.758E-02  5.600E-02  5.442E-02  5.286E-02  5.131E-02  4.978E-02  4.826E-02  4.676E-02  4.527E-02  4.380E-02  4.234E-02  4.089E-02  3.946E-02  3.805E-02  3.664E-02  3.526E-02  3.388E-02  3.253E-02  3.119E-02  2.986E-02  2.856E-02  2.726E-02  2.599E-02  2.473E-02  2.350E-02  2.228E-02  2.109E-02  1.991E-02  1.876E-02  1.763E-02  1.652E-02  1.544E-02  1.439E-02  1.337E-02  1.238E-02  1.142E-02  1.050E-02  9.615E-03  8.780E-03  7.892E-03  6.991E-03  6.228E-03  5.577E-03  5.026E-03  4.335E-03  3.839E-03  3.288E-03  2.907E-03  2.450E-03  2.064E-03  1.733E-03  1.445E-03  1.199E-03  9.901E-04  8.156E-04  6.461E-04  5.237E-04  4.142E-04  3.327E-04
  386.5000  6.201E-02  6.036E-02  5.872E-02  5.711E-02  5.550E-02  5.391E-02  5.233E-02  5.077E-02  4.922E-02  4.769E-02  4.617E-02  4.466E-02  4.317E-02  4.170E-02  4.024E-02  3.880E-02  3.737E-02  3.595E-02  3.455E-02  3.317E-02  3.181E-02  3.046E-02  2.912E-02  2.780E-02  2.651E-02  2.522E-02  2.397E-02  2.273E-02  2.150E-02  2.031E-02  1.913E-02  1.798E-02  1.685E-02  1.575E-02  1.468E-02  1.363E-02  1.262E-02  1.165E-02  1.070E-02  9.804E-03  8.952E-03  8.047E-03  7.129E-03  6.350E-03  5.685E-03  5.123E-03  4.418E-03  3.912E-03  3.351E-03  2.962E-03  2.496E-03  2.102E-03  1.764E-03  1.472E-03  1.221E-03  1.008E-03  8.297E-04  6.572E-04  5.325E-04  4.211E-04  3.382E-04
  387.5000  5.766E-02  5.612E-02  5.460E-02  5.309E-02  5.160E-02  5.012E-02  4.865E-02  4.720E-02  4.576E-02  4.434E-02  4.292E-02  4.152E-02  4.014E-02  3.877E-02  3.741E-02  3.607E-02  3.474E-02  3.343E-02  3.213E-02  3.084E-02  2.957E-02  2.832E-02  2.708E-02  2.585E-02  2.464E-02  2.345E-02  2.228E-02  2.113E-02  1.999E-02  1.888E-02  1.779E-02  1.672E-02  1.567E-02  1.464E-02  1.365E-02  1.268E-02  1.173E-02  1.083E-02  9.952E-03  9.115E-03  8.322E-03  7.480E-03  6.626E-03  5.902E-03  5.284E-03  4.761E-03  4.105E-03  3.634E-03  3.112E-03  2.751E-03  2.317E-03  1.952E-03  1.638E-03  1.366E-03  1.133E-03  9.348E-04  7.696E-04  6.094E-04  4.937E-04  3.903E-04  3.134E-04
  388.5000  5.781E-02  5.627E-02  5.475E-02  5.324E-02  5.174E-02  5.025E-02  4.878E-02  4.733E-02  4.588E-02  4.446E-02  4.304E-02  4.164E-02  4.025E-02  3.887E-02  3.751E-02  3.617E-02  3.483E-02  3.352E-02  3.221E-02  3.092E-02  2.965E-02  2.839E-02  2.715E-02  2.592E-02  2.471E-02  2.352E-02  2.234E-02  2.119E-02  2.005E-02  1.893E-02  1.784E-02  1.676E-02  1.571E-02  1.468E-02  1.368E-02  1.271E-02  1.177E-02  1.086E-02  9.978E-03  9.138E-03  8.343E-03  7.499E-03  6.643E-03  5.916E-03  5.296E-03  4.771E-03  4.113E-03  3.641E-03  3.118E-03  2.755E-03  2.321E-03  1.954E-03  1.640E-03  1.367E-03  1.134E-03  9.353E-04  7.699E-04  6.094E-04  4.936E-04  3.901E-04  3.132E-04
  389.5000  7.294E-02  7.100E-02  6.907E-02  6.717E-02  6.528E-02  6.340E-02  6.154E-02  5.971E-02  5.788E-02  5.608E-02  5.430E-02  5.253E-02  5.077E-02  4.904E-02  4.732E-02  4.563E-02  4.395E-02  4.228E-02  4.064E-02  3.901E-02  3.741E-02  3.582E-02  3.425E-02  3.270E-02  3.118E-02  2.967E-02  2.819E-02  2.673E-02  2.530E-02  2.389E-02  2.250E-02  2.115E-02  1.982E-02  1.852E-02  1.726E-02  1.604E-02  1.484E-02  1.370E-02  1.259E-02  1.153E-02  1.052E-02  9.459E-03  8.379E-03  7.461E-03  6.679E-03  6.016E-03  5.186E-03  4.590E-03  3.930E-03  3.472E-03  2.924E-03  2.462E-03  2.065E-03  1.722E-03  1.427E-03  1.177E-03  9.690E-04  7.669E-04  6.210E-04  4.907E-04  3.938E-04
  390.5000  7.168E-02  6.977E-02  6.788E-02  6.601E-02  6.415E-02  6.230E-02  6.048E-02  5.867E-02  5.688E-02  5.511E-02  5.335E-02  5.162E-02  4.989E-02  4.819E-02  4.650E-02  4.484E-02  4.318E-02  4.155E-02  3.993E-02  3.834E-02  3.676E-02  3.520E-02  3.366E-02  3.214E-02  3.064E-02  2.916E-02  2.770E-02  2.627E-02  2.486E-02  2.347E-02  2.211E-02  2.079E-02  1.948E-02  1.821E-02  1.697E-02  1.576E-02  1.459E-02  1.346E-02  1.237E-02  1.133E-02  1.034E-02  9.294E-03  8.232E-03  7.330E-03  6.561E-03  5.909E-03  5.094E-03  4.508E-03  3.859E-03  3.409E-03  2.870E-03  2.416E-03  2.027E-03  1.689E-03  1.400E-03  1.155E-03  9.500E-04  7.517E-04  6.086E-04  4.807E-04  3.858E-04
  391.5000  8.509E-02  8.282E-02  8.057E-02  7.835E-02  7.614E-02  7.395E-02  7.178E-02  6.964E-02  6.751E-02  6.541E-02  6.333E-02  6.126E-02  5.922E-02  5.720E-02  5.519E-02  5.322E-02  5.126E-02  4.932E-02  4.740E-02  4.550E-02  4.363E-02  4.178E-02  3.995E-02  3.815E-02  3.637E-02  3.461E-02  3.289E-02  3.118E-02  2.951E-02  2.786E-02  2.625E-02  2.467E-02  2.313E-02  2.161E-02  2.014E-02  1.871E-02  1.732E-02  1.598E-02  1.468E-02  1.345E-02  1.227E-02  1.103E-02  9.770E-03  8.699E-03  7.785E-03  7.011E-03  6.043E-03  5.347E-03  4.576E-03  4.042E-03  3.403E-03  2.864E-03  2.402E-03  2.002E-03  1.659E-03  1.368E-03  1.125E-03  8.899E-04  7.203E-04  5.689E-04  4.564E-04
  392.5000  6.384E-02  6.213E-02  6.045E-02  5.878E-02  5.712E-02  5.548E-02  5.385E-02  5.224E-02  5.065E-02  4.907E-02  4.751E-02  4.596E-02  4.443E-02  4.291E-02  4.141E-02  3.992E-02  3.845E-02  3.700E-02  3.556E-02  3.414E-02  3.273E-02  3.135E-02  2.997E-02  2.862E-02  2.728E-02  2.597E-02  2.467E-02  2.340E-02  2.214E-02  2.091E-02  1.970E-02  1.851E-02  1.735E-02  1.621E-02  1.511E-02  1.403E-02  1.299E-02  1.199E-02  1.101E-02  1.009E-02  9.208E-03  8.274E-03  7.329E-03  6.525E-03  5.839E-03  5.257E-03  4.531E-03  4.008E-03  3.430E-03  3.030E-03  2.550E-03  2.146E-03  1.799E-03  1.499E-03  1.242E-03  1.024E-03  8.421E-04  6.660E-04  5.389E-04  4.255E-04  3.413E-04
  393.5000  2.777E-02  2.703E-02  2.629E-02  2.557E-02  2.484E-02  2.413E-02  2.342E-02  2.272E-02  2.203E-02  2.134E-02  2.066E-02  1.999E-02  1.932E-02  1.866E-02  1.801E-02  1.736E-02  1.672E-02  1.609E-02  1.547E-02  1.485E-02  1.424E-02  1.363E-02  1.304E-02  1.245E-02  1.187E-02  1.129E-02  1.073E-02  1.018E-02  9.630E-03  9.093E-03  8.567E-03  8.052E-03  7.547E-03  7.052E-03  6.572E-03  6.104E-03  5.651E-03  5.213E-03  4.791E-03  4.387E-03  4.004E-03  3.598E-03  3.187E-03  2.837E-03  2.538E-03  2.286E-03  1.969E-03  1.742E-03  1.491E-03  1.316E-03  1.108E-03  9.320E-04  7.812E-04  6.509E-04  5.392E-04  4.444E-04  3.654E-04  2.889E-04  2.337E-04  1.845E-04  1.479E-04
  394.5000  6.537E-02  6.363E-02  6.190E-02  6.019E-02  5.849E-02  5.681E-02  5.514E-02  5.349E-02  5.186E-02  5.024E-02  4.864E-02  4.705E-02  4.548E-02  4.393E-02  4.239E-02  4.087E-02  3.937E-02  3.788E-02  3.641E-02  3.495E-02  3.351E-02  3.209E-02  3.069E-02  2.930E-02  2.794E-02  2.659E-02  2.526E-02  2.396E-02  2.267E-02  2.141E-02  2.017E-02  1.895E-02  1.777E-02  1.660E-02  1.547E-02  1.437E-02  1.330E-02  1.227E-02  1.128E-02  1.033E-02  9.425E-03  8.469E-03  7.501E-03  6.676E-03  5.973E-03  5.377E-03  4.633E-03  4.098E-03  3.506E-03  3.095E-03  2.604E-03  2.191E-03  1.836E-03  1.530E-03  1.267E-03  1.044E-03  8.580E-04  6.783E-04  5.486E-04  4.329E-04  3.471E-04
  395.5000  8.415E-02  8.190E-02  7.967E-02  7.747E-02  7.528E-02  7.312E-02  7.097E-02  6.885E-02  6.675E-02  6.467E-02  6.261E-02  6.056E-02  5.854E-02  5.654E-02  5.456E-02  5.261E-02  5.067E-02  4.876E-02  4.686E-02  4.499E-02  4.314E-02  4.131E-02  3.950E-02  3.772E-02  3.596E-02  3.422E-02  3.252E-02  3.084E-02  2.918E-02  2.755E-02  2.596E-02  2.440E-02  2.287E-02  2.137E-02  1.992E-02  1.850E-02  1.712E-02  1.579E-02  1.451E-02  1.329E-02  1.213E-02  1.090E-02  9.652E-03  8.591E-03  7.686E-03  6.918E-03  5.960E-03  5.271E-03  4.509E-03  3.980E-03  3.348E-03  2.816E-03  2.360E-03  1.966E-03  1.627E-03  1.341E-03  1.102E-03  8.708E-04  7.041E-04  5.555E-04  4.453E-04
  396.5000  4.944E-02  4.811E-02  4.680E-02  4.551E-02  4.423E-02  4.295E-02  4.169E-02  4.044E-02  3.921E-02  3.799E-02  3.678E-02  3.558E-02  3.439E-02  3.321E-02  3.205E-02  3.090E-02  2.977E-02  2.864E-02  2.753E-02  2.643E-02  2.534E-02  2.427E-02  2.320E-02  2.216E-02  2.112E-02  2.010E-02  1.910E-02  1.812E-02  1.714E-02  1.619E-02  1.525E-02  1.433E-02  1.344E-02  1.255E-02  1.170E-02  1.087E-02  1.006E-02  9.279E-03  8.527E-03  7.807E-03  7.125E-03  6.402E-03  5.669E-03  5.046E-03  4.514E-03  4.063E-03  3.500E-03  3.094E-03  2.647E-03  2.336E-03  1.965E-03  1.652E-03  1.384E-03  1.153E-03  9.542E-04  7.859E-04  6.458E-04  5.102E-04  4.125E-04  3.254E-04  2.607E-04
  397.5000  5.707E-02  5.555E-02  5.403E-02  5.254E-02  5.106E-02  4.959E-02  4.813E-02  4.669E-02  4.526E-02  4.385E-02  4.246E-02  4.107E-02  3.970E-02  3.834E-02  3.700E-02  3.568E-02  3.436E-02  3.306E-02  3.178E-02  3.051E-02  2.925E-02  2.801E-02  2.679E-02  2.558E-02  2.439E-02  2.321E-02  2.206E-02  2.091E-02  1.979E-02  1.869E-02  1.761E-02  1.655E-02  1.551E-02  1.450E-02  1.351E-02  1.255E-02  1.161E-02  1.071E-02  9.844E-03  9.013E-03  8.226E-03  7.391E-03  6.545E-03  5.825E-03  5.210E-03  4.689E-03  4.038E-03  3.570E-03  3.053E-03  2.694E-03  2.266E-03  1.905E-03  1.596E-03  1.329E-03  1.100E-03  9.055E-04  7.439E-04  5.876E-04  4.750E-04  3.745E-04  3.001E-04
  398.5000  9.812E-02  9.549E-02  9.289E-02  9.032E-02  8.777E-02  8.524E-02  8.274E-02  8.026E-02  7.781E-02  7.539E-02  7.298E-02  7.060E-02  6.824E-02  6.591E-02  6.360E-02  6.133E-02  5.907E-02  5.684E-02  5.463E-02  5.244E-02  5.029E-02  4.816E-02  4.605E-02  4.397E-02  4.192E-02  3.990E-02  3.792E-02  3.596E-02  3.403E-02  3.213E-02  3.027E-02  2.845E-02  2.667E-02  2.492E-02  2.322E-02  2.157E-02  1.997E-02  1.842E-02  1.692E-02  1.549E-02  1.414E-02  1.270E-02  1.125E-02  1.001E-02  8.954E-03  8.057E-03  6.939E-03  6.134E-03  5.245E-03  4.628E-03  3.891E-03  3.271E-03  2.739E-03  2.280E-03  1.887E-03  1.554E-03  1.276E-03  1.008E-03  8.143E-04  6.420E-04  5.142E-04
  399.5000  1.021E-01  9.937E-02  9.666E-02  9.399E-02  9.133E-02  8.870E-02  8.609E-02  8.351E-02  8.096E-02  7.844E-02  7.594E-02  7.346E-02  7.101E-02  6.858E-02  6.618E-02  6.381E-02  6.146E-02  5.914E-02  5.684E-02  5.457E-02  5.233E-02  5.011E-02  4.792E-02  4.576E-02  4.362E-02  4.152E-02  3.945E-02  3.741E-02  3.541E-02  3.344E-02  3.150E-02  2.961E-02  2.775E-02  2.593E-02  2.417E-02  2.245E-02  2.078E-02  1.916E-02  1.761E-02  1.612E-02  1.471E-02  1.322E-02  1.171E-02  1.042E-02  9.314E-03  8.380E-03  7.217E-03  6.378E-03  5.453E-03  4.811E-03  4.044E-03  3.399E-03  2.846E-03  2.369E-03  1.960E-03  1.613E-03  1.325E-03  1.046E-03  8.449E-04  6.660E-04  5.333E-04
------------------------------------------------------------
Dose rates,W m-2
   1 = UV index (WMO, 1994; Webb et al., 2011)           
   2 = Previtamin-D3 (CIE 2006)                          
values at z =      0.025 km
Columns: time,sza,weighting spectra
time,hrs.  sza,deg.          1          2
   18.0000     81.727  1.565E-01  2.273E-03
   18.0167     81.929  1.512E-01  2.172E-03
   18.0333     82.131  1.460E-01  2.075E-03
   18.0500     82.332  1.410E-01  1.981E-03
   18.0667     82.534  1.360E-01  1.891E-03
   18.0833     82.736  1.311E-01  1.804E-03
   18.1000     82.938  1.263E-01  1.721E-03
   18.1167     83.141  1.217E-01  1.641E-03
   18.1333     83.343  1.171E-01  1.564E-03
   18.1500     83.545  1.126E-01  1.490E-03
   18.1667     83.748  1.082E-01  1.419E-03
   18.1833     83.951  1.039E-01  1.350E-03
   18.2000     84.154  9.975E-02  1.285E-03
   18.2167     84.358  9.565E-02  1.222E-03
   18.2333     84.561  9.164E-02  1.162E-03
   18.2500     84.764  8.773E-02  1.104E-03
   18.2667     84.967  8.390E-02  1.048E-03
   18.2833     85.171  8.016E-02  9.950E-04
   18.3000     85.375  7.651E-02  9.440E-04
   18.3167     85.579  7.295E-02  8.950E-04
   18.3333     85.783  6.949E-02  8.483E-04
   18.3500     85.987  6.611E-02  8.033E-04
   18.3667     86.191  6.281E-02  7.602E-04
   18.3833     86.395  5.959E-02  7.190E-04
   18.4000     86.600  5.647E-02  6.795E-04
   18.4167     86.805  5.343E-02  6.416E-04
   18.4333     87.009  5.048E-02  6.054E-04
   18.4500     87.214  4.761E-02  5.707E-04
   18.4667     87.419  4.482E-02  5.374E-04
   18.4833     87.624  4.211E-02  5.055E-04
   18.5000     87.829  3.950E-02  4.750E-04
   18.5167     88.034  3.697E-02  4.458E-04
   18.5333     88.239  3.452E-02  4.178E-04
   18.5500     88.445  3.216E-02  3.910E-04
   18.5667     88.650  2.988E-02  3.654E-04
   18.5833     88.856  2.770E-02  3.409E-04
   18.6000     89.062  2.560E-02  3.176E-04
   18.6167     89.267  2.360E-02  2.953E-04
   18.6333     89.473  2.168E-02  2.741E-04
   18.6500     89.680  1.987E-02  2.540E-04
   18.6667     89.886  1.817E-02  2.351E-04
   18.6833     90.092  1.638E-02  2.150E-04
   18.7000     90.298  1.458E-02  1.946E-04
   18.7167     90.504  1.305E-02  1.771E-04
   18.7333     90.711  1.175E-02  1.623E-04
   18.7500     90.918  1.065E-02  1.495E-04
   18.7667     91.124  9.281E-03  1.331E-04
   18.7833     91.331  8.289E-03  1.212E-04
   18.8000     91.538  7.187E-03  1.075E-04
   18.8167     91.745  6.415E-03  9.789E-05
   18.8333     91.952  5.487E-03  8.578E-05
   18.8500     92.159  4.695E-03  7.517E-05
   18.8667     92.366  4.006E-03  6.565E-05
   18.8833     92.573  3.401E-03  5.704E-05
   18.9000     92.780  2.874E-03  4.927E-05
   18.9167     92.988  2.418E-03  4.231E-05
   18.9333     93.195  2.029E-03  3.616E-05
   18.9500     93.403  1.642E-03  2.975E-05
   18.9667     93.610  1.355E-03  2.489E-05
   18.9833     93.818  1.090E-03  2.018E-05
   19.0000     94.025  8.881E-04  1.655E-05
------------------------------------------------------------
