Spectral Irradiance,W m-2 nm-1
values at z =      0.025 km
Columns: wavelength (nm),times (hrs.) or sza (deg.)
    wc,nm     18.000     18.017     18.033     18.050     18.067     18.083     18.100     18.117     18.133     18.150     18.167     18.183     18.200     18.217     18.233     18.250     18.267     18.283     18.300     18.317     18.333     18.350     18.367     18.383     18.400     18.417     18.433     18.450     18.467     18.483     18.500     18.517     18.533     18.550     18.567     18.583     18.600     18.617     18.633     18.650     18.667     18.683     18.700     18.717     18.733     18.750     18.767     18.783     18.800     18.817     18.833     18.850     18.867     18.883     18.900     18.917     18.933     18.950     18.967     18.983     19.000
    sza =      83.479     83.676     83.873     84.070     84.268     84.466     84.664     84.862     85.061     85.259     85.458     85.657     85.856     86.055     86.254     86.453     86.653     86.853     87.053     87.253     87.453     87.654     87.854     88.055     88.256     88.457     88.658     88.859     89.061     89.262     89.464     89.665     89.868     90.070     90.272     90.475     90.677     90.879     91.082     91.285     91.488     91.692     91.895     92.098     92.301     92.505     92.709     92.913     93.116     93.321     93.525     93.729     93.934     94.138     94.343     94.547     94.752     94.957     95.163     95.368     95.573
  280.5000  4.854E-28  4.762E-28  4.671E-28  4.579E-28  4.487E-28  4.395E-28  4.303E-28  4.211E-28  4.118E-28  4.025E-28  3.932E-28  3.839E-28  3.745E-28  3.650E-28  3.555E-28  3.460E-28  3.364E-28  3.267E-28  3.170E-28  3.072E-28  2.974E-28  2.874E-28  2.774E-28  2.674E-28  2.572E-28  2.470E-28  2.367E-28  2.264E-28  2.160E-28  2.055E-28  1.951E-28  1.848E-28  1.746E-28  1.631E-28  1.501E-28  1.389E-28  1.291E-28  1.205E-28  1.091E-28  9.986E-29  8.980E-29  8.166E-29  7.192E-29  6.332E-29  5.546E-29  4.812E-29  4.124E-29  3.494E-29  2.936E-29  2.451E-29  1.960E-29  1.556E-29  1.169E-29  8.591E-30  5.696E-30  3.379E-30  1.686E-30  6.274E-31  1.311E-31  9.698E-33  1.020E-34
  281.5000  1.488E-25  1.460E-25  1.432E-25  1.404E-25  1.375E-25  1.347E-25  1.319E-25  1.290E-25  1.262E-25  1.233E-25  1.205E-25  1.176E-25  1.147E-25  1.118E-25  1.089E-25  1.060E-25  1.031E-25  1.001E-25  9.716E-26  9.416E-26  9.115E-26  8.812E-26  8.506E-26  8.198E-26  7.887E-26  7.575E-26  7.261E-26  6.945E-26  6.627E-26  6.309E-26  5.991E-26  5.675E-26  5.363E-26  5.012E-26  4.614E-26  4.269E-26  3.969E-26  3.707E-26  3.358E-26  3.074E-26  2.765E-26  2.515E-26  2.216E-26  1.951E-26  1.710E-26  1.484E-26  1.272E-26  1.078E-26  9.069E-27  7.579E-27  6.075E-27  4.842E-27  3.669E-27  2.727E-27  1.845E-27  1.129E-27  5.922E-28  2.381E-28  5.675E-29  5.254E-30  8.259E-32
  282.5000  1.395E-23  1.368E-23  1.342E-23  1.315E-23  1.289E-23  1.262E-23  1.235E-23  1.209E-23  1.182E-23  1.155E-23  1.129E-23  1.102E-23  1.075E-23  1.047E-23  1.020E-23  9.930E-24  9.654E-24  9.378E-24  9.099E-24  8.819E-24  8.538E-24  8.254E-24  7.968E-24  7.680E-24  7.390E-24  7.098E-24  6.805E-24  6.510E-24  6.213E-24  5.915E-24  5.618E-24  5.323E-24  5.032E-24  4.703E-24  4.331E-24  4.009E-24  3.728E-24  3.483E-24  3.156E-24  2.890E-24  2.600E-24  2.365E-24  2.087E-24  1.837E-24  1.610E-24  1.397E-24  1.198E-24  1.016E-24  8.554E-25  7.155E-25  5.746E-25  4.595E-25  3.506E-25  2.631E-25  1.810E-25  1.139E-25  6.230E-26  2.679E-26  7.169E-27  8.098E-28  1.818E-29
  283.5000  2.402E-22  2.356E-22  2.311E-22  2.265E-22  2.219E-22  2.173E-22  2.127E-22  2.081E-22  2.035E-22  1.989E-22  1.943E-22  1.896E-22  1.850E-22  1.803E-22  1.756E-22  1.709E-22  1.662E-22  1.614E-22  1.566E-22  1.518E-22  1.470E-22  1.421E-22  1.372E-22  1.322E-22  1.272E-22  1.222E-22  1.172E-22  1.121E-22  1.070E-22  1.019E-22  9.678E-23  9.171E-23  8.671E-23  8.106E-23  7.465E-23  6.911E-23  6.429E-23  6.008E-23  5.445E-23  4.986E-23  4.487E-23  4.084E-23  3.600E-23  3.172E-23  2.780E-23  2.415E-23  2.071E-23  1.757E-23  1.480E-23  1.238E-23  9.957E-24  7.980E-24  6.114E-24  4.618E-24  3.211E-24  2.056E-24  1.156E-24  5.192E-25  1.498E-25  1.929E-26  5.475E-28
  284.5000  2.642E-20  2.591E-20  2.540E-20  2.489E-20  2.439E-20  2.388E-20  2.337E-20  2.286E-20  2.235E-20  2.185E-20  2.134E-20  2.082E-20  2.031E-20  1.980E-20  1.928E-20  1.876E-20  1.824E-20  1.772E-20  1.719E-20  1.667E-20  1.614E-20  1.560E-20  1.506E-20  1.452E-20  1.397E-20  1.343E-20  1.287E-20  1.232E-20  1.176E-20  1.120E-20  1.064E-20  1.009E-20  9.544E-21  8.925E-21  8.223E-21  7.617E-21  7.088E-21  6.628E-21  6.010E-21  5.506E-21  4.958E-21  4.514E-21  3.982E-21  3.510E-21  3.078E-21  2.675E-21  2.296E-21  1.949E-21  1.643E-21  1.376E-21  1.109E-21  8.920E-22  6.884E-22  5.254E-22  3.719E-22  2.451E-22  1.443E-22  6.974E-23  2.282E-23  3.653E-24  1.533E-25
  285.5000  5.365E-19  5.260E-19  5.156E-19  5.052E-19  4.949E-19  4.845E-19  4.741E-19  4.637E-19  4.534E-19  4.430E-19  4.326E-19  4.222E-19  4.118E-19  4.013E-19  3.908E-19  3.803E-19  3.697E-19  3.591E-19  3.484E-19  3.377E-19  3.270E-19  3.161E-19  3.052E-19  2.942E-19  2.832E-19  2.721E-19  2.610E-19  2.497E-19  2.385E-19  2.272E-19  2.159E-19  2.047E-19  1.937E-19  1.811E-19  1.670E-19  1.547E-19  1.440E-19  1.347E-19  1.222E-19  1.120E-19  1.009E-19  9.191E-20  8.111E-20  7.153E-20  6.277E-20  5.456E-20  4.685E-20  3.980E-20  3.356E-20  2.814E-20  2.271E-20  1.832E-20  1.421E-20  1.093E-20  7.840E-21  5.281E-21  3.218E-21  1.645E-21  5.935E-22  1.127E-22  6.439E-24
  286.5000  2.450E-17  2.402E-17  2.354E-17  2.307E-17  2.259E-17  2.211E-17  2.163E-17  2.116E-17  2.068E-17  2.021E-17  1.973E-17  1.925E-17  1.877E-17  1.830E-17  1.781E-17  1.733E-17  1.685E-17  1.637E-17  1.588E-17  1.539E-17  1.490E-17  1.441E-17  1.391E-17  1.341E-17  1.291E-17  1.240E-17  1.189E-17  1.138E-17  1.087E-17  1.036E-17  9.843E-18  9.335E-18  8.833E-18  8.264E-18  7.619E-18  7.062E-18  6.577E-18  6.153E-18  5.584E-18  5.121E-18  4.615E-18  4.205E-18  3.712E-18  3.275E-18  2.875E-18  2.500E-18  2.148E-18  1.825E-18  1.540E-18  1.292E-18  1.044E-18  8.439E-19  6.573E-19  5.083E-19  3.682E-19  2.521E-19  1.577E-19  8.412E-20  3.272E-20  7.093E-21  5.146E-22
  287.5000  6.340E-16  6.214E-16  6.088E-16  5.964E-16  5.839E-16  5.715E-16  5.590E-16  5.466E-16  5.342E-16  5.218E-16  5.094E-16  4.970E-16  4.846E-16  4.722E-16  4.597E-16  4.473E-16  4.347E-16  4.222E-16  4.096E-16  3.969E-16  3.843E-16  3.715E-16  3.587E-16  3.458E-16  3.328E-16  3.198E-16  3.067E-16  2.935E-16  2.804E-16  2.672E-16  2.540E-16  2.409E-16  2.280E-16  2.134E-16  1.968E-16  1.825E-16  1.701E-16  1.591E-16  1.445E-16  1.325E-16  1.195E-16  1.089E-16  9.627E-17  8.494E-17  7.460E-17  6.491E-17  5.579E-17  4.745E-17  4.006E-17  3.364E-17  2.722E-17  2.205E-17  1.724E-17  1.341E-17  9.816E-18  6.837E-18  4.396E-18  2.453E-18  1.033E-18  2.578E-19  2.414E-20
  288.5000  1.651E-14  1.618E-14  1.585E-14  1.552E-14  1.519E-14  1.486E-14  1.454E-14  1.421E-14  1.388E-14  1.356E-14  1.323E-14  1.291E-14  1.258E-14  1.225E-14  1.193E-14  1.160E-14  1.128E-14  1.095E-14  1.062E-14  1.029E-14  9.959E-15  9.627E-15  9.294E-15  8.959E-15  8.623E-15  8.285E-15  7.947E-15  7.607E-15  7.266E-15  6.924E-15  6.584E-15  6.246E-15  5.913E-15  5.536E-15  5.107E-15  4.736E-15  4.415E-15  4.135E-15  3.756E-15  3.448E-15  3.111E-15  2.837E-15  2.508E-15  2.215E-15  1.947E-15  1.695E-15  1.458E-15  1.241E-15  1.049E-15  8.815E-16  7.141E-16  5.798E-16  4.555E-16  3.565E-16  2.637E-16  1.870E-16  1.238E-16  7.252E-17  3.328E-17  9.680E-18  1.198E-18
  289.5000  2.961E-13  2.900E-13  2.840E-13  2.780E-13  2.720E-13  2.661E-13  2.602E-13  2.542E-13  2.483E-13  2.425E-13  2.366E-13  2.307E-13  2.248E-13  2.189E-13  2.131E-13  2.072E-13  2.013E-13  1.954E-13  1.895E-13  1.836E-13  1.777E-13  1.717E-13  1.658E-13  1.598E-13  1.538E-13  1.477E-13  1.417E-13  1.356E-13  1.295E-13  1.235E-13  1.174E-13  1.114E-13  1.055E-13  9.875E-14  9.112E-14  8.453E-14  7.880E-14  7.384E-14  6.711E-14  6.162E-14  5.562E-14  5.076E-14  4.489E-14  3.968E-14  3.490E-14  3.040E-14  2.616E-14  2.228E-14  1.884E-14  1.585E-14  1.285E-14  1.045E-14  8.236E-15  6.474E-15  4.825E-15  3.465E-15  2.342E-15  1.421E-15  6.942E-16  2.263E-16  3.448E-17
  290.5000  3.217E-12  3.151E-12  3.084E-12  3.018E-12  2.953E-12  2.887E-12  2.822E-12  2.757E-12  2.692E-12  2.628E-12  2.563E-12  2.499E-12  2.435E-12  2.370E-12  2.306E-12  2.242E-12  2.178E-12  2.114E-12  2.050E-12  1.985E-12  1.921E-12  1.856E-12  1.791E-12  1.726E-12  1.661E-12  1.596E-12  1.531E-12  1.465E-12  1.399E-12  1.333E-12  1.268E-12  1.203E-12  1.139E-12  1.067E-12  9.846E-13  9.137E-13  8.521E-13  7.985E-13  7.260E-13  6.669E-13  6.023E-13  5.499E-13  4.866E-13  4.303E-13  3.786E-13  3.300E-13  2.842E-13  2.421E-13  2.049E-13  1.725E-13  1.400E-13  1.140E-13  9.006E-14  7.104E-14  5.326E-14  3.864E-14  2.656E-14  1.657E-14  8.523E-15  3.050E-15  5.513E-16
  291.5000  3.168E-11  3.101E-11  3.034E-11  2.968E-11  2.902E-11  2.837E-11  2.771E-11  2.706E-11  2.642E-11  2.577E-11  2.513E-11  2.449E-11  2.385E-11  2.322E-11  2.258E-11  2.194E-11  2.131E-11  2.067E-11  2.004E-11  1.940E-11  1.877E-11  1.813E-11  1.749E-11  1.686E-11  1.622E-11  1.558E-11  1.494E-11  1.430E-11  1.365E-11  1.301E-11  1.237E-11  1.174E-11  1.112E-11  1.041E-11  9.609E-12  8.919E-12  8.321E-12  7.800E-12  7.095E-12  6.521E-12  5.892E-12  5.383E-12  4.766E-12  4.218E-12  3.714E-12  3.240E-12  2.791E-12  2.380E-12  2.016E-12  1.698E-12  1.380E-12  1.126E-12  8.915E-13  7.058E-13  5.326E-13  3.906E-13  2.733E-13  1.757E-13  9.546E-14  3.776E-14  8.217E-15
  292.5000  1.942E-10  1.900E-10  1.858E-10  1.817E-10  1.776E-10  1.735E-10  1.694E-10  1.654E-10  1.614E-10  1.574E-10  1.534E-10  1.494E-10  1.455E-10  1.415E-10  1.376E-10  1.337E-10  1.298E-10  1.258E-10  1.219E-10  1.180E-10  1.141E-10  1.102E-10  1.063E-10  1.024E-10  9.849E-11  9.457E-11  9.066E-11  8.675E-11  8.283E-11  7.893E-11  7.504E-11  7.121E-11  6.743E-11  6.315E-11  5.830E-11  5.412E-11  5.050E-11  4.735E-11  4.308E-11  3.961E-11  3.581E-11  3.273E-11  2.900E-11  2.567E-11  2.262E-11  1.975E-11  1.703E-11  1.453E-11  1.231E-11  1.038E-11  8.445E-12  6.897E-12  5.475E-12  4.347E-12  3.297E-12  2.439E-12  1.731E-12  1.141E-12  6.489E-13  2.795E-13  7.120E-14
  293.5000  1.362E-09  1.331E-09  1.302E-09  1.272E-09  1.242E-09  1.213E-09  1.184E-09  1.155E-09  1.127E-09  1.098E-09  1.070E-09  1.042E-09  1.014E-09  9.856E-10  9.578E-10  9.301E-10  9.024E-10  8.748E-10  8.472E-10  8.197E-10  7.923E-10  7.649E-10  7.375E-10  7.101E-10  6.827E-10  6.554E-10  6.281E-10  6.008E-10  5.735E-10  5.463E-10  5.194E-10  4.927E-10  4.666E-10  4.370E-10  4.034E-10  3.745E-10  3.495E-10  3.278E-10  2.983E-10  2.744E-10  2.481E-10  2.269E-10  2.012E-10  1.782E-10  1.572E-10  1.373E-10  1.185E-10  1.011E-10  8.578E-11  7.237E-11  5.895E-11  4.820E-11  3.834E-11  3.053E-11  2.326E-11  1.734E-11  1.247E-11  8.401E-12  4.977E-12  2.315E-12  6.810E-13
  294.5000  5.230E-09  5.111E-09  4.993E-09  4.877E-09  4.761E-09  4.647E-09  4.533E-09  4.420E-09  4.308E-09  4.198E-09  4.087E-09  3.978E-09  3.868E-09  3.760E-09  3.652E-09  3.545E-09  3.438E-09  3.331E-09  3.225E-09  3.119E-09  3.013E-09  2.907E-09  2.802E-09  2.697E-09  2.592E-09  2.487E-09  2.383E-09  2.278E-09  2.174E-09  2.071E-09  1.968E-09  1.867E-09  1.767E-09  1.655E-09  1.528E-09  1.418E-09  1.324E-09  1.242E-09  1.130E-09  1.040E-09  9.406E-10  8.604E-10  7.632E-10  6.765E-10  5.969E-10  5.217E-10  4.505E-10  3.849E-10  3.267E-10  2.758E-10  2.248E-10  1.841E-10  1.467E-10  1.170E-10  8.948E-11  6.710E-11  4.874E-11  3.343E-11  2.047E-11  1.014E-11  3.361E-12
  295.5000  2.805E-08  2.739E-08  2.674E-08  2.610E-08  2.546E-08  2.483E-08  2.421E-08  2.359E-08  2.298E-08  2.237E-08  2.177E-08  2.117E-08  2.057E-08  1.998E-08  1.940E-08  1.882E-08  1.824E-08  1.766E-08  1.708E-08  1.651E-08  1.594E-08  1.538E-08  1.481E-08  1.425E-08  1.369E-08  1.313E-08  1.257E-08  1.201E-08  1.146E-08  1.091E-08  1.036E-08  9.826E-09  9.299E-09  8.707E-09  8.036E-09  7.460E-09  6.962E-09  6.530E-09  5.945E-09  5.470E-09  4.951E-09  4.530E-09  4.020E-09  3.566E-09  3.148E-09  2.754E-09  2.380E-09  2.035E-09  1.729E-09  1.461E-09  1.192E-09  9.768E-10  7.798E-10  6.235E-10  4.785E-10  3.609E-10  2.648E-10  1.848E-10  1.169E-10  6.165E-11  2.300E-11
  296.5000  9.320E-08  9.093E-08  8.870E-08  8.650E-08  8.432E-08  8.217E-08  8.004E-08  7.793E-08  7.585E-08  7.379E-08  7.175E-08  6.973E-08  6.772E-08  6.573E-08  6.376E-08  6.180E-08  5.986E-08  5.792E-08  5.600E-08  5.409E-08  5.220E-08  5.031E-08  4.843E-08  4.656E-08  4.469E-08  4.284E-08  4.100E-08  3.916E-08  3.733E-08  3.552E-08  3.373E-08  3.197E-08  3.025E-08  2.831E-08  2.612E-08  2.424E-08  2.262E-08  2.122E-08  1.932E-08  1.777E-08  1.609E-08  1.473E-08  1.308E-08  1.161E-08  1.025E-08  8.974E-09  7.760E-09  6.641E-09  5.646E-09  4.774E-09  3.900E-09  3.199E-09  2.558E-09  2.049E-09  1.578E-09  1.196E-09  8.843E-10  6.259E-10  4.071E-10  2.264E-10  9.348E-11
  297.5000  3.180E-07  3.100E-07  3.021E-07  2.944E-07  2.867E-07  2.791E-07  2.716E-07  2.643E-07  2.570E-07  2.498E-07  2.427E-07  2.356E-07  2.287E-07  2.218E-07  2.149E-07  2.082E-07  2.015E-07  1.948E-07  1.882E-07  1.817E-07  1.752E-07  1.687E-07  1.623E-07  1.559E-07  1.496E-07  1.432E-07  1.370E-07  1.308E-07  1.246E-07  1.185E-07  1.125E-07  1.065E-07  1.007E-07  9.424E-08  8.693E-08  8.065E-08  7.523E-08  7.054E-08  6.423E-08  5.910E-08  5.351E-08  4.898E-08  4.350E-08  3.863E-08  3.414E-08  2.991E-08  2.588E-08  2.216E-08  1.886E-08  1.596E-08  1.305E-08  1.072E-08  8.581E-09  6.885E-09  5.314E-09  4.045E-09  3.011E-09  2.157E-09  1.435E-09  8.343E-10  3.756E-10
  298.5000  6.254E-07  6.091E-07  5.930E-07  5.772E-07  5.616E-07  5.463E-07  5.312E-07  5.163E-07  5.016E-07  4.871E-07  4.728E-07  4.587E-07  4.447E-07  4.309E-07  4.173E-07  4.038E-07  3.905E-07  3.772E-07  3.642E-07  3.512E-07  3.384E-07  3.256E-07  3.130E-07  3.004E-07  2.880E-07  2.756E-07  2.637E-07  2.513E-07  2.393E-07  2.274E-07  2.156E-07  2.042E-07  1.929E-07  1.804E-07  1.663E-07  1.543E-07  1.438E-07  1.348E-07  1.227E-07  1.129E-07  1.022E-07  9.360E-08  8.315E-08  7.279E-08  6.532E-08  5.725E-08  4.957E-08  4.249E-08  3.617E-08  3.064E-08  2.508E-08  2.061E-08  1.653E-08  1.328E-08  1.027E-08  7.846E-09  5.875E-09  4.249E-09  2.881E-09  1.739E-09  8.426E-10
  299.5000  2.268E-06  2.206E-06  2.145E-06  2.086E-06  2.027E-06  1.970E-06  1.913E-06  1.857E-06  1.802E-06  1.748E-06  1.695E-06  1.643E-06  1.591E-06  1.540E-06  1.490E-06  1.440E-06  1.391E-06  1.343E-06  1.295E-06  1.247E-06  1.201E-06  1.154E-06  1.108E-06  1.063E-06  1.018E-06  9.735E-07  9.295E-07  8.860E-07  8.429E-07  8.003E-07  7.584E-07  7.174E-07  6.775E-07  6.332E-07  5.834E-07  5.407E-07  5.039E-07  4.722E-07  4.297E-07  3.952E-07  3.578E-07  3.275E-07  2.911E-07  2.586E-07  2.288E-07  2.006E-07  1.738E-07  1.491E-07  1.270E-07  1.077E-07  8.825E-08  7.260E-08  5.829E-08  4.690E-08  3.636E-08  2.785E-08  2.096E-08  1.529E-08  1.054E-08  6.572E-09  3.396E-09
  300.5000  3.137E-06  3.048E-06  2.961E-06  2.876E-06  2.793E-06  2.710E-06  2.629E-06  2.550E-06  2.472E-06  2.396E-06  2.320E-06  2.246E-06  2.173E-06  2.101E-06  2.030E-06  1.961E-06  1.892E-06  1.824E-06  1.757E-06  1.691E-06  1.626E-06  1.562E-06  1.498E-06  1.436E-06  1.374E-06  1.312E-06  1.252E-06  1.192E-06  1.133E-06  1.075E-06  1.018E-06  9.623E-07  9.081E-07  8.480E-07  7.809E-07  7.233E-07  6.737E-07  6.309E-07  5.740E-07  5.277E-07  4.777E-07  4.372E-07  3.885E-07  3.453E-07  3.055E-07  2.680E-07  2.324E-07  1.995E-07  1.701E-07  1.442E-07  1.183E-07  9.742E-08  7.832E-08  6.308E-08  4.899E-08  3.763E-08  2.842E-08  2.087E-08  1.457E-08  9.328E-09  5.077E-09
  301.5000  9.693E-06  9.405E-06  9.123E-06  8.848E-06  8.577E-06  8.312E-06  8.053E-06  7.798E-06  7.548E-06  7.304E-06  7.064E-06  6.828E-06  6.596E-06  6.369E-06  6.145E-06  5.926E-06  5.710E-06  5.498E-06  5.289E-06  5.083E-06  4.881E-06  4.682E-06  4.485E-06  4.292E-06  4.101E-06  3.913E-06  3.728E-06  3.546E-06  3.367E-06  3.190E-06  3.017E-06  2.846E-06  2.686E-06  2.505E-06  2.305E-06  2.133E-06  1.985E-06  1.857E-06  1.689E-06  1.552E-06  1.404E-06  1.284E-06  1.142E-06  1.015E-06  8.982E-07  7.882E-07  6.837E-07  5.872E-07  5.011E-07  4.253E-07  3.494E-07  2.879E-07  2.318E-07  1.869E-07  1.454E-07  1.120E-07  8.495E-08  6.279E-08  4.440E-08  2.917E-08  1.673E-08
  302.5000  1.639E-05  1.589E-05  1.539E-05  1.491E-05  1.444E-05  1.398E-05  1.352E-05  1.308E-05  1.265E-05  1.222E-05  1.181E-05  1.140E-05  1.100E-05  1.061E-05  1.022E-05  9.848E-06  9.478E-06  9.115E-06  8.758E-06  8.408E-06  8.064E-06  7.726E-06  7.393E-06  7.066E-06  6.745E-06  6.429E-06  6.119E-06  5.813E-06  5.513E-06  5.219E-06  4.932E-06  4.652E-06  4.381E-06  4.084E-06  3.754E-06  3.471E-06  3.228E-06  3.018E-06  2.742E-06  2.518E-06  2.278E-06  2.083E-06  1.851E-06  1.645E-06  1.456E-06  1.278E-06  1.109E-06  9.532E-07  8.138E-07  6.912E-07  5.683E-07  4.687E-07  3.778E-07  3.049E-07  2.376E-07  1.833E-07  1.394E-07  1.035E-07  7.382E-08  4.934E-08  2.930E-08
  303.5000  4.115E-05  3.980E-05  3.849E-05  3.722E-05  3.597E-05  3.476E-05  3.357E-05  3.242E-05  3.129E-05  3.019E-05  2.911E-05  2.806E-05  2.703E-05  2.602E-05  2.504E-05  2.408E-05  2.313E-05  2.221E-05  2.130E-05  2.041E-05  1.955E-05  1.869E-05  1.786E-05  1.704E-05  1.624E-05  1.545E-05  1.468E-05  1.393E-05  1.319E-05  1.247E-05  1.176E-05  1.107E-05  1.042E-05  9.698E-06  8.904E-06  8.223E-06  7.637E-06  7.133E-06  6.475E-06  5.941E-06  5.370E-06  4.907E-06  4.359E-06  3.873E-06  3.428E-06  3.010E-06  2.613E-06  2.247E-06  1.920E-06  1.632E-06  1.343E-06  1.109E-06  8.950E-07  7.231E-07  5.645E-07  4.366E-07  3.330E-07  2.485E-07  1.789E-07  1.218E-07  7.522E-08
  304.5000  5.707E-05  5.512E-05  5.324E-05  5.141E-05  4.962E-05  4.789E-05  4.620E-05  4.455E-05  4.295E-05  4.139E-05  3.987E-05  3.838E-05  3.693E-05  3.551E-05  3.412E-05  3.277E-05  3.145E-05  3.015E-05  2.889E-05  2.765E-05  2.645E-05  2.526E-05  2.411E-05  2.297E-05  2.187E-05  2.078E-05  1.973E-05  1.869E-05  1.768E-05  1.669E-05  1.573E-05  1.480E-05  1.390E-05  1.293E-05  1.186E-05  1.094E-05  1.015E-05  9.477E-06  8.597E-06  7.881E-06  7.120E-06  6.502E-06  5.774E-06  5.129E-06  4.539E-06  3.986E-06  3.461E-06  2.977E-06  2.545E-06  2.164E-06  1.783E-06  1.473E-06  1.190E-06  9.621E-07  7.520E-07  5.824E-07  4.451E-07  3.332E-07  2.411E-07  1.661E-07  1.050E-07
  305.5000  1.110E-04  1.069E-04  1.029E-04  9.913E-05  9.543E-05  9.185E-05  8.839E-05  8.503E-05  8.177E-05  7.862E-05  7.554E-05  7.255E-05  6.965E-05  6.682E-05  6.407E-05  6.139E-05  5.878E-05  5.624E-05  5.376E-05  5.134E-05  4.899E-05  4.669E-05  4.445E-05  4.227E-05  4.014E-05  3.807E-05  3.605E-05  3.408E-05  3.217E-05  3.031E-05  2.850E-05  2.677E-05  2.510E-05  2.330E-05  2.134E-05  1.965E-05  1.820E-05  1.696E-05  1.536E-05  1.407E-05  1.269E-05  1.158E-05  1.027E-05  9.122E-06  8.072E-06  7.085E-06  6.153E-06  5.294E-06  4.528E-06  3.853E-06  3.179E-06  2.629E-06  2.127E-06  1.722E-06  1.349E-06  1.047E-06  8.021E-07  6.028E-07  4.395E-07  3.072E-07  2.001E-07
  306.5000  1.386E-04  1.333E-04  1.281E-04  1.232E-04  1.184E-04  1.138E-04  1.094E-04  1.051E-04  1.009E-04  9.691E-05  9.301E-05  8.922E-05  8.555E-05  8.198E-05  7.851E-05  7.515E-05  7.187E-05  6.869E-05  6.558E-05  6.256E-05  5.963E-05  5.678E-05  5.399E-05  5.128E-05  4.864E-05  4.608E-05  4.359E-05  4.116E-05  3.881E-05  3.652E-05  3.431E-05  3.218E-05  3.014E-05  2.796E-05  2.558E-05  2.354E-05  2.178E-05  2.028E-05  1.836E-05  1.679E-05  1.514E-05  1.381E-05  1.224E-05  1.087E-05  9.611E-06  8.437E-06  7.327E-06  6.305E-06  5.394E-06  4.592E-06  3.791E-06  3.137E-06  2.541E-06  2.058E-06  1.613E-06  1.253E-06  9.618E-07  7.242E-07  5.298E-07  3.729E-07  2.463E-07
  307.5000  2.945E-04  2.820E-04  2.700E-04  2.586E-04  2.476E-04  2.370E-04  2.269E-04  2.172E-04  2.079E-04  1.990E-04  1.903E-04  1.820E-04  1.739E-04  1.662E-04  1.587E-04  1.514E-04  1.444E-04  1.376E-04  1.310E-04  1.246E-04  1.185E-04  1.125E-04  1.067E-04  1.010E-04  9.556E-05  9.027E-05  8.516E-05  8.020E-05  7.540E-05  7.076E-05  6.629E-05  6.202E-05  5.794E-05  5.358E-05  4.894E-05  4.492E-05  4.148E-05  3.849E-05  3.481E-05  3.179E-05  2.862E-05  2.605E-05  2.307E-05  2.046E-05  1.808E-05  1.586E-05  1.377E-05  1.185E-05  1.014E-05  8.640E-06  7.142E-06  5.916E-06  4.798E-06  3.891E-06  3.056E-06  2.379E-06  1.830E-06  1.383E-06  1.017E-06  7.238E-07  4.890E-07
  308.5000  3.882E-04  3.711E-04  3.547E-04  3.391E-04  3.241E-04  3.098E-04  2.961E-04  2.829E-04  2.703E-04  2.583E-04  2.467E-04  2.355E-04  2.248E-04  2.144E-04  2.045E-04  1.949E-04  1.856E-04  1.766E-04  1.680E-04  1.596E-04  1.515E-04  1.437E-04  1.361E-04  1.287E-04  1.216E-04  1.147E-04  1.081E-04  1.017E-04  9.548E-05  8.950E-05  8.374E-05  7.825E-05  7.301E-05  6.747E-05  6.152E-05  5.641E-05  5.203E-05  4.828E-05  4.358E-05  3.976E-05  3.577E-05  3.253E-05  2.879E-05  2.551E-05  2.254E-05  1.977E-05  1.716E-05  1.477E-05  1.264E-05  1.077E-05  8.908E-06  7.382E-06  5.992E-06  4.862E-06  3.823E-06  2.979E-06  2.295E-06  1.736E-06  1.281E-06  9.154E-07  6.246E-07
  309.5000  4.690E-04  4.468E-04  4.255E-04  4.054E-04  3.861E-04  3.677E-04  3.501E-04  3.334E-04  3.174E-04  3.022E-04  2.877E-04  2.737E-04  2.604E-04  2.476E-04  2.353E-04  2.236E-04  2.123E-04  2.015E-04  1.910E-04  1.810E-04  1.713E-04  1.620E-04  1.530E-04  1.444E-04  1.361E-04  1.280E-04  1.203E-04  1.128E-04  1.057E-04  9.880E-05  9.220E-05  8.593E-05  7.996E-05  7.372E-05  6.706E-05  6.134E-05  5.644E-05  5.225E-05  4.707E-05  4.285E-05  3.848E-05  3.493E-05  3.088E-05  2.733E-05  2.412E-05  2.114E-05  1.834E-05  1.578E-05  1.350E-05  1.151E-05  9.528E-06  7.902E-06  6.423E-06  5.217E-06  4.108E-06  3.207E-06  2.475E-06  1.877E-06  1.390E-06  1.000E-06  6.921E-07
  310.5000  8.232E-04  7.823E-04  7.434E-04  7.064E-04  6.710E-04  6.374E-04  6.053E-04  5.748E-04  5.457E-04  5.181E-04  4.917E-04  4.665E-04  4.425E-04  4.196E-04  3.977E-04  3.769E-04  3.569E-04  3.378E-04  3.194E-04  3.019E-04  2.851E-04  2.689E-04  2.534E-04  2.385E-04  2.243E-04  2.105E-04  1.974E-04  1.847E-04  1.726E-04  1.610E-04  1.499E-04  1.394E-04  1.294E-04  1.190E-04  1.081E-04  9.863E-05  9.055E-05  8.365E-05  7.522E-05  6.834E-05  6.127E-05  5.553E-05  4.901E-05  4.332E-05  3.819E-05  3.344E-05  2.900E-05  2.494E-05  2.134E-05  1.819E-05  1.507E-05  1.251E-05  1.018E-05  8.273E-06  6.524E-06  5.101E-06  3.943E-06  2.997E-06  2.225E-06  1.609E-06  1.125E-06
  311.5000  1.267E-03  1.203E-03  1.141E-03  1.083E-03  1.027E-03  9.739E-04  9.232E-04  8.750E-04  8.291E-04  7.855E-04  7.439E-04  7.043E-04  6.667E-04  6.308E-04  5.966E-04  5.642E-04  5.331E-04  5.035E-04  4.752E-04  4.482E-04  4.224E-04  3.977E-04  3.741E-04  3.515E-04  3.298E-04  3.091E-04  2.893E-04  2.703E-04  2.521E-04  2.347E-04  2.182E-04  2.025E-04  1.877E-04  1.723E-04  1.562E-04  1.423E-04  1.304E-04  1.203E-04  1.080E-04  9.799E-05  8.774E-05  7.940E-05  7.000E-05  6.182E-05  5.444E-05  4.764E-05  4.128E-05  3.549E-05  3.037E-05  2.588E-05  2.145E-05  1.781E-05  1.450E-05  1.180E-05  9.313E-06  7.289E-06  5.641E-06  4.294E-06  3.194E-06  2.318E-06  1.631E-06
  312.5000  1.773E-03  1.681E-03  1.593E-03  1.508E-03  1.428E-03  1.350E-03  1.277E-03  1.207E-03  1.140E-03  1.076E-03  1.016E-03  9.583E-04  9.035E-04  8.515E-04  8.021E-04  7.552E-04  7.106E-04  6.682E-04  6.280E-04  5.897E-04  5.534E-04  5.189E-04  4.860E-04  4.547E-04  4.249E-04  3.965E-04  3.697E-04  3.440E-04  3.196E-04  2.964E-04  2.744E-04  2.537E-04  2.342E-04  2.143E-04  1.935E-04  1.756E-04  1.603E-04  1.473E-04  1.318E-04  1.192E-04  1.063E-04  9.593E-05  8.434E-05  7.429E-05  6.528E-05  5.700E-05  4.932E-05  4.236E-05  3.621E-05  3.085E-05  2.559E-05  2.125E-05  1.733E-05  1.411E-05  1.116E-05  8.757E-06  6.792E-06  5.184E-06  3.869E-06  2.824E-06  2.008E-06
  313.5000  2.198E-03  2.084E-03  1.974E-03  1.869E-03  1.769E-03  1.672E-03  1.581E-03  1.493E-03  1.410E-03  1.330E-03  1.255E-03  1.183E-03  1.114E-03  1.049E-03  9.875E-04  9.290E-04  8.733E-04  8.204E-04  7.702E-04  7.226E-04  6.774E-04  6.345E-04  5.937E-04  5.549E-04  5.181E-04  4.830E-04  4.498E-04  4.182E-04  3.882E-04  3.597E-04  3.327E-04  3.074E-04  2.835E-04  2.591E-04  2.337E-04  2.120E-04  1.933E-04  1.775E-04  1.586E-04  1.433E-04  1.277E-04  1.151E-04  1.011E-04  8.903E-05  7.819E-05  6.822E-05  5.900E-05  5.065E-05  4.329E-05  3.687E-05  3.059E-05  2.541E-05  2.073E-05  1.689E-05  1.337E-05  1.049E-05  8.147E-06  6.223E-06  4.651E-06  3.401E-06  2.426E-06
  314.5000  3.127E-03  2.966E-03  2.812E-03  2.664E-03  2.521E-03  2.383E-03  2.252E-03  2.125E-03  2.004E-03  1.889E-03  1.778E-03  1.673E-03  1.572E-03  1.477E-03  1.385E-03  1.299E-03  1.217E-03  1.139E-03  1.065E-03  9.948E-04  9.286E-04  8.658E-04  8.064E-04  7.502E-04  6.971E-04  6.469E-04  5.996E-04  5.548E-04  5.125E-04  4.728E-04  4.352E-04  4.002E-04  3.674E-04  3.343E-04  3.002E-04  2.710E-04  2.461E-04  2.248E-04  2.001E-04  1.799E-04  1.598E-04  1.434E-04  1.255E-04  1.101E-04  9.635E-05  8.385E-05  7.233E-05  6.197E-05  5.288E-05  4.499E-05  3.732E-05  3.100E-05  2.533E-05  2.065E-05  1.638E-05  1.289E-05  1.003E-05  7.682E-06  5.761E-06  4.232E-06  3.044E-06
  315.5000  3.428E-03  3.253E-03  3.085E-03  2.923E-03  2.767E-03  2.616E-03  2.472E-03  2.334E-03  2.201E-03  2.074E-03  1.953E-03  1.837E-03  1.726E-03  1.621E-03  1.520E-03  1.425E-03  1.335E-03  1.249E-03  1.167E-03  1.090E-03  1.017E-03  9.474E-04  8.819E-04  8.200E-04  7.615E-04  7.063E-04  6.543E-04  6.050E-04  5.586E-04  5.149E-04  4.738E-04  4.354E-04  3.995E-04  3.633E-04  3.260E-04  2.941E-04  2.669E-04  2.437E-04  2.168E-04  1.948E-04  1.728E-04  1.550E-04  1.356E-04  1.188E-04  1.040E-04  9.041E-05  7.795E-05  6.675E-05  5.695E-05  4.843E-05  4.018E-05  3.338E-05  2.728E-05  2.225E-05  1.766E-05  1.390E-05  1.083E-05  8.300E-06  6.230E-06  4.583E-06  3.305E-06
  316.5000  4.613E-03  4.388E-03  4.170E-03  3.959E-03  3.754E-03  3.556E-03  3.365E-03  3.180E-03  3.003E-03  2.832E-03  2.668E-03  2.510E-03  2.359E-03  2.214E-03  2.076E-03  1.944E-03  1.818E-03  1.698E-03  1.584E-03  1.475E-03  1.373E-03  1.276E-03  1.184E-03  1.097E-03  1.015E-03  9.374E-04  8.648E-04  7.963E-04  7.321E-04  6.718E-04  6.154E-04  5.630E-04  5.142E-04  4.654E-04  4.158E-04  3.734E-04  3.372E-04  3.065E-04  2.714E-04  2.427E-04  2.144E-04  1.914E-04  1.667E-04  1.455E-04  1.268E-04  1.099E-04  9.445E-05  8.066E-05  6.865E-05  5.828E-05  4.831E-05  4.011E-05  3.280E-05  2.677E-05  2.128E-05  1.679E-05  1.311E-05  1.008E-05  7.588E-06  5.606E-06  4.068E-06
  317.5000  6.523E-03  6.205E-03  5.896E-03  5.597E-03  5.308E-03  5.028E-03  4.757E-03  4.496E-03  4.245E-03  4.004E-03  3.771E-03  3.548E-03  3.334E-03  3.130E-03  2.934E-03  2.748E-03  2.570E-03  2.400E-03  2.239E-03  2.086E-03  1.941E-03  1.804E-03  1.674E-03  1.551E-03  1.435E-03  1.326E-03  1.224E-03  1.127E-03  1.036E-03  9.510E-04  8.714E-04  7.973E-04  7.284E-04  6.595E-04  5.893E-04  5.293E-04  4.781E-04  4.347E-04  3.849E-04  3.443E-04  3.041E-04  2.716E-04  2.365E-04  2.065E-04  1.800E-04  1.559E-04  1.341E-04  1.145E-04  9.744E-05  8.272E-05  6.858E-05  5.695E-05  4.656E-05  3.801E-05  3.023E-05  2.385E-05  1.863E-05  1.432E-05  1.079E-05  7.974E-06  5.791E-06
  318.5000  6.882E-03  6.567E-03  6.260E-03  5.961E-03  5.670E-03  5.386E-03  5.111E-03  4.844E-03  4.585E-03  4.335E-03  4.092E-03  3.858E-03  3.632E-03  3.415E-03  3.205E-03  3.005E-03  2.812E-03  2.628E-03  2.451E-03  2.283E-03  2.123E-03  1.970E-03  1.826E-03  1.688E-03  1.559E-03  1.436E-03  1.321E-03  1.213E-03  1.111E-03  1.016E-03  9.266E-04  8.441E-04  7.676E-04  6.917E-04  6.152E-04  5.497E-04  4.941E-04  4.469E-04  3.936E-04  3.502E-04  3.078E-04  2.734E-04  2.369E-04  2.058E-04  1.785E-04  1.539E-04  1.317E-04  1.121E-04  9.507E-05  8.048E-05  6.661E-05  5.523E-05  4.516E-05  3.686E-05  2.936E-05  2.322E-05  1.818E-05  1.403E-05  1.060E-05  7.871E-06  5.751E-06
  319.5000  8.888E-03  8.487E-03  8.096E-03  7.715E-03  7.343E-03  6.981E-03  6.629E-03  6.287E-03  5.955E-03  5.634E-03  5.322E-03  5.020E-03  4.729E-03  4.448E-03  4.178E-03  3.919E-03  3.669E-03  3.429E-03  3.200E-03  2.981E-03  2.773E-03  2.574E-03  2.385E-03  2.206E-03  2.037E-03  1.876E-03  1.726E-03  1.584E-03  1.450E-03  1.325E-03  1.209E-03  1.100E-03  1.000E-03  9.007E-04  8.004E-04  7.148E-04  6.420E-04  5.802E-04  5.106E-04  4.540E-04  3.986E-04  3.538E-04  3.062E-04  2.657E-04  2.302E-04  1.984E-04  1.696E-04  1.442E-04  1.222E-04  1.034E-04  8.553E-05  7.089E-05  5.795E-05  4.731E-05  3.770E-05  2.984E-05  2.338E-05  1.805E-05  1.366E-05  1.015E-05  7.431E-06
  320.5000  1.159E-02  1.108E-02  1.058E-02  1.009E-02  9.613E-03  9.147E-03  8.693E-03  8.251E-03  7.822E-03  7.406E-03  7.002E-03  6.610E-03  6.231E-03  5.865E-03  5.512E-03  5.173E-03  4.846E-03  4.532E-03  4.231E-03  3.943E-03  3.668E-03  3.406E-03  3.156E-03  2.919E-03  2.694E-03  2.481E-03  2.281E-03  2.092E-03  1.915E-03  1.748E-03  1.593E-03  1.449E-03  1.316E-03  1.184E-03  1.052E-03  9.372E-04  8.406E-04  7.587E-04  6.668E-04  5.920E-04  5.191E-04  4.600E-04  3.975E-04  3.445E-04  2.980E-04  2.564E-04  2.190E-04  1.859E-04  1.574E-04  1.330E-04  1.100E-04  9.108E-05  7.445E-05  6.076E-05  4.844E-05  3.836E-05  3.008E-05  2.325E-05  1.761E-05  1.311E-05  9.608E-06
  321.5000  1.311E-02  1.258E-02  1.207E-02  1.156E-02  1.106E-02  1.057E-02  1.009E-02  9.624E-03  9.165E-03  8.718E-03  8.280E-03  7.853E-03  7.436E-03  7.031E-03  6.636E-03  6.255E-03  5.884E-03  5.524E-03  5.177E-03  4.842E-03  4.520E-03  4.209E-03  3.911E-03  3.626E-03  3.353E-03  3.094E-03  2.847E-03  2.613E-03  2.392E-03  2.183E-03  1.988E-03  1.806E-03  1.636E-03  1.468E-03  1.299E-03  1.155E-03  1.032E-03  9.275E-04  8.113E-04  7.167E-04  6.250E-04  5.509E-04  4.731E-04  4.075E-04  3.504E-04  2.997E-04  2.543E-04  2.145E-04  1.806E-04  1.518E-04  1.250E-04  1.032E-04  8.417E-05  6.859E-05  5.471E-05  4.339E-05  3.413E-05  2.649E-05  2.015E-05  1.508E-05  1.113E-05
  322.5000  1.056E-02  1.010E-02  9.653E-03  9.215E-03  8.785E-03  8.366E-03  7.957E-03  7.559E-03  7.172E-03  6.796E-03  6.430E-03  6.075E-03  5.731E-03  5.398E-03  5.077E-03  4.768E-03  4.469E-03  4.181E-03  3.905E-03  3.641E-03  3.389E-03  3.147E-03  2.917E-03  2.698E-03  2.490E-03  2.294E-03  2.108E-03  1.933E-03  1.769E-03  1.614E-03  1.470E-03  1.337E-03  1.213E-03  1.090E-03  9.700E-04  8.617E-04  7.722E-04  6.964E-04  6.114E-04  5.422E-04  4.749E-04  4.204E-04  3.628E-04  3.140E-04  2.714E-04  2.333E-04  1.989E-04  1.687E-04  1.426E-04  1.204E-04  9.950E-05  8.237E-05  6.731E-05  5.494E-05  4.381E-05  3.471E-05  2.725E-05  2.109E-05  1.599E-05  1.192E-05  8.757E-06
  323.5000  1.549E-02  1.490E-02  1.431E-02  1.374E-02  1.318E-02  1.263E-02  1.208E-02  1.155E-02  1.102E-02  1.051E-02  1.001E-02  9.515E-03  9.033E-03  8.562E-03  8.103E-03  7.656E-03  7.221E-03  6.797E-03  6.385E-03  5.987E-03  5.602E-03  5.229E-03  4.870E-03  4.525E-03  4.193E-03  3.875E-03  3.573E-03  3.284E-03  3.010E-03  2.751E-03  2.506E-03  2.278E-03  2.065E-03  1.853E-03  1.638E-03  1.455E-03  1.299E-03  1.167E-03  1.019E-03  8.985E-04  7.819E-04  6.876E-04  5.889E-04  5.057E-04  4.335E-04  3.696E-04  3.125E-04  2.627E-04  2.204E-04  1.847E-04  1.517E-04  1.249E-04  1.017E-04  8.273E-05  6.596E-05  5.234E-05  4.122E-05  3.206E-05  2.445E-05  1.835E-05  1.359E-05
  324.5000  1.793E-02  1.724E-02  1.656E-02  1.590E-02  1.524E-02  1.460E-02  1.397E-02  1.335E-02  1.274E-02  1.214E-02  1.156E-02  1.098E-02  1.042E-02  9.877E-03  9.344E-03  8.826E-03  8.321E-03  7.830E-03  7.354E-03  6.893E-03  6.448E-03  6.018E-03  5.603E-03  5.204E-03  4.822E-03  4.455E-03  4.107E-03  3.774E-03  3.459E-03  3.161E-03  2.880E-03  2.617E-03  2.373E-03  2.129E-03  1.883E-03  1.673E-03  1.494E-03  1.342E-03  1.172E-03  1.034E-03  9.004E-04  7.922E-04  6.788E-04  5.832E-04  5.002E-04  4.267E-04  3.610E-04  3.037E-04  2.549E-04  2.138E-04  1.756E-04  1.446E-04  1.178E-04  9.587E-05  7.645E-05  6.067E-05  4.779E-05  3.716E-05  2.835E-05  2.127E-05  1.576E-05
  325.5000  1.918E-02  1.843E-02  1.769E-02  1.696E-02  1.625E-02  1.555E-02  1.486E-02  1.419E-02  1.353E-02  1.288E-02  1.225E-02  1.163E-02  1.102E-02  1.043E-02  9.861E-03  9.305E-03  8.763E-03  8.237E-03  7.727E-03  7.235E-03  6.760E-03  6.302E-03  5.861E-03  5.438E-03  5.033E-03  4.648E-03  4.279E-03  3.929E-03  3.598E-03  3.285E-03  2.991E-03  2.717E-03  2.462E-03  2.209E-03  1.952E-03  1.735E-03  1.549E-03  1.392E-03  1.216E-03  1.073E-03  9.350E-04  8.231E-04  7.058E-04  6.069E-04  5.210E-04  4.444E-04  3.767E-04  3.172E-04  2.666E-04  2.238E-04  1.840E-04  1.516E-04  1.236E-04  1.006E-04  8.026E-05  6.370E-05  5.016E-05  3.898E-05  2.971E-05  2.228E-05  1.648E-05
  326.5000  2.965E-02  2.861E-02  2.759E-02  2.658E-02  2.558E-02  2.459E-02  2.362E-02  2.266E-02  2.172E-02  2.079E-02  1.987E-02  1.897E-02  1.809E-02  1.722E-02  1.637E-02  1.554E-02  1.472E-02  1.392E-02  1.314E-02  1.238E-02  1.164E-02  1.091E-02  1.021E-02  9.535E-03  8.878E-03  8.243E-03  7.635E-03  7.048E-03  6.487E-03  5.952E-03  5.444E-03  4.965E-03  4.516E-03  4.061E-03  3.595E-03  3.198E-03  2.860E-03  2.573E-03  2.246E-03  1.981E-03  1.722E-03  1.513E-03  1.292E-03  1.106E-03  9.450E-04  8.012E-04  6.755E-04  5.651E-04  4.718E-04  3.935E-04  3.215E-04  2.634E-04  2.137E-04  1.733E-04  1.379E-04  1.094E-04  8.631E-05  6.732E-05  5.153E-05  3.884E-05  2.894E-05
  327.5000  2.551E-02  2.458E-02  2.366E-02  2.276E-02  2.187E-02  2.099E-02  2.013E-02  1.928E-02  1.844E-02  1.762E-02  1.681E-02  1.602E-02  1.524E-02  1.448E-02  1.374E-02  1.301E-02  1.230E-02  1.161E-02  1.093E-02  1.027E-02  9.638E-03  9.019E-03  8.421E-03  7.842E-03  7.285E-03  6.753E-03  6.236E-03  5.745E-03  5.276E-03  4.830E-03  4.409E-03  4.014E-03  3.645E-03  3.273E-03  2.895E-03  2.573E-03  2.299E-03  2.066E-03  1.803E-03  1.590E-03  1.383E-03  1.215E-03  1.039E-03  8.906E-04  7.620E-04  6.497E-04  5.467E-04  4.583E-04  3.835E-04  3.206E-04  2.625E-04  2.155E-04  1.752E-04  1.423E-04  1.134E-04  9.000E-05  7.097E-05  5.530E-05  4.228E-05  3.182E-05  2.366E-05
  328.5000  2.362E-02  2.276E-02  2.191E-02  2.108E-02  2.025E-02  1.944E-02  1.864E-02  1.785E-02  1.708E-02  1.632E-02  1.557E-02  1.484E-02  1.412E-02  1.341E-02  1.272E-02  1.205E-02  1.139E-02  1.075E-02  1.012E-02  9.512E-03  8.922E-03  8.349E-03  7.794E-03  7.258E-03  6.741E-03  6.243E-03  5.769E-03  5.313E-03  4.878E-03  4.465E-03  4.075E-03  3.709E-03  3.366E-03  3.022E-03  2.672E-03  2.374E-03  2.120E-03  1.905E-03  1.662E-03  1.465E-03  1.273E-03  1.118E-03  9.558E-04  8.190E-04  7.004E-04  5.942E-04  5.021E-04  4.208E-04  3.520E-04  2.941E-04  2.408E-04  1.976E-04  1.606E-04  1.305E-04  1.039E-04  8.247E-05  6.502E-05  5.067E-05  3.874E-05  2.916E-05  2.169E-05
  329.5000  3.681E-02  3.559E-02  3.439E-02  3.320E-02  3.202E-02  3.085E-02  2.970E-02  2.856E-02  2.744E-02  2.633E-02  2.524E-02  2.416E-02  2.310E-02  2.205E-02  2.102E-02  2.001E-02  1.902E-02  1.804E-02  1.709E-02  1.615E-02  1.523E-02  1.434E-02  1.346E-02  1.261E-02  1.179E-02  1.099E-02  1.021E-02  9.461E-03  8.740E-03  8.047E-03  7.386E-03  6.761E-03  6.170E-03  5.564E-03  4.936E-03  4.401E-03  3.946E-03  3.560E-03  3.111E-03  2.748E-03  2.391E-03  2.103E-03  1.795E-03  1.536E-03  1.311E-03  1.112E-03  9.336E-04  7.790E-04  6.484E-04  5.393E-04  4.390E-04  3.585E-04  2.900E-04  2.347E-04  1.863E-04  1.477E-04  1.165E-04  9.103E-05  6.980E-05  5.276E-05  3.946E-05
  330.5000  3.101E-02  2.994E-02  2.888E-02  2.784E-02  2.681E-02  2.579E-02  2.478E-02  2.379E-02  2.282E-02  2.185E-02  2.091E-02  1.997E-02  1.905E-02  1.815E-02  1.727E-02  1.640E-02  1.555E-02  1.471E-02  1.390E-02  1.310E-02  1.233E-02  1.157E-02  1.084E-02  1.013E-02  9.437E-03  8.771E-03  8.129E-03  7.510E-03  6.918E-03  6.351E-03  5.813E-03  5.306E-03  4.829E-03  4.344E-03  3.847E-03  3.423E-03  3.063E-03  2.757E-03  2.407E-03  2.123E-03  1.845E-03  1.621E-03  1.384E-03  1.185E-03  1.012E-03  8.593E-04  7.220E-04  6.034E-04  5.033E-04  4.194E-04  3.422E-04  2.800E-04  2.270E-04  1.840E-04  1.463E-04  1.161E-04  9.157E-05  7.148E-05  5.476E-05  4.132E-05  3.084E-05
  331.5000  3.018E-02  2.913E-02  2.810E-02  2.707E-02  2.606E-02  2.506E-02  2.408E-02  2.310E-02  2.215E-02  2.121E-02  2.028E-02  1.936E-02  1.846E-02  1.758E-02  1.672E-02  1.587E-02  1.504E-02  1.422E-02  1.343E-02  1.265E-02  1.190E-02  1.116E-02  1.045E-02  9.756E-03  9.085E-03  8.438E-03  7.816E-03  7.216E-03  6.642E-03  6.095E-03  5.574E-03  5.085E-03  4.624E-03  4.158E-03  3.680E-03  3.273E-03  2.927E-03  2.633E-03  2.297E-03  2.025E-03  1.760E-03  1.546E-03  1.320E-03  1.129E-03  9.642E-04  8.200E-04  6.882E-04  5.753E-04  4.799E-04  4.000E-04  3.264E-04  2.672E-04  2.167E-04  1.756E-04  1.397E-04  1.108E-04  8.743E-05  6.823E-05  5.226E-05  3.943E-05  2.942E-05
  332.5000  3.399E-02  3.289E-02  3.180E-02  3.073E-02  2.967E-02  2.861E-02  2.757E-02  2.654E-02  2.552E-02  2.452E-02  2.352E-02  2.254E-02  2.157E-02  2.062E-02  1.968E-02  1.876E-02  1.785E-02  1.695E-02  1.608E-02  1.522E-02  1.437E-02  1.355E-02  1.274E-02  1.196E-02  1.119E-02  1.044E-02  9.723E-03  9.024E-03  8.349E-03  7.700E-03  7.079E-03  6.489E-03  5.932E-03  5.356E-03  4.757E-03  4.246E-03  3.813E-03  3.444E-03  3.013E-03  2.664E-03  2.319E-03  2.041E-03  1.743E-03  1.491E-03  1.272E-03  1.026E-03  9.049E-04  7.542E-04  6.271E-04  5.209E-04  4.233E-04  3.452E-04  2.788E-04  2.253E-04  1.787E-04  1.415E-04  1.117E-04  8.729E-05  6.697E-05  5.068E-05  3.797E-05
  333.5000  3.017E-02  2.916E-02  2.817E-02  2.719E-02  2.621E-02  2.525E-02  2.429E-02  2.335E-02  2.243E-02  2.151E-02  2.061E-02  1.972E-02  1.884E-02  1.798E-02  1.713E-02  1.630E-02  1.548E-02  1.467E-02  1.389E-02  1.312E-02  1.237E-02  1.163E-02  1.091E-02  1.022E-02  9.540E-03  8.884E-03  8.251E-03  7.639E-03  7.050E-03  6.486E-03  5.948E-03  5.439E-03  4.959E-03  4.468E-03  3.961E-03  3.529E-03  3.161E-03  2.850E-03  2.489E-03  2.197E-03  1.910E-03  1.679E-03  1.433E-03  1.226E-03  1.046E-03  8.827E-04  7.444E-04  6.210E-04  5.170E-04  4.300E-04  3.500E-04  2.858E-04  2.312E-04  1.871E-04  1.486E-04  1.178E-04  9.292E-05  7.259E-05  5.566E-05  4.208E-05  3.148E-05
  334.5000  3.475E-02  3.361E-02  3.248E-02  3.136E-02  3.026E-02  2.916E-02  2.808E-02  2.701E-02  2.596E-02  2.492E-02  2.389E-02  2.288E-02  2.188E-02  2.089E-02  1.992E-02  1.897E-02  1.803E-02  1.711E-02  1.621E-02  1.533E-02  1.447E-02  1.362E-02  1.279E-02  1.199E-02  1.121E-02  1.045E-02  9.715E-03  9.004E-03  8.319E-03  7.662E-03  7.035E-03  6.440E-03  5.878E-03  5.301E-03  4.702E-03  4.193E-03  3.760E-03  3.392E-03  2.964E-03  2.618E-03  2.277E-03  2.002E-03  1.708E-03  1.461E-03  1.246E-03  1.054E-03  8.861E-04  7.386E-04  6.142E-04  5.104E-04  4.150E-04  3.385E-04  2.736E-04  2.211E-04  1.755E-04  1.390E-04  1.097E-04  8.570E-05  6.574E-05  4.973E-05  3.724E-05
  335.5000  3.758E-02  3.639E-02  3.521E-02  3.405E-02  3.290E-02  3.175E-02  3.062E-02  2.950E-02  2.840E-02  2.731E-02  2.622E-02  2.516E-02  2.410E-02  2.306E-02  2.203E-02  2.102E-02  2.003E-02  1.905E-02  1.808E-02  1.714E-02  1.621E-02  1.530E-02  1.441E-02  1.354E-02  1.269E-02  1.186E-02  1.106E-02  1.028E-02  9.528E-03  8.802E-03  8.104E-03  7.441E-03  6.812E-03  6.160E-03  5.476E-03  4.895E-03  4.401E-03  3.982E-03  3.486E-03  3.086E-03  2.688E-03  2.368E-03  2.022E-03  1.730E-03  1.477E-03  1.249E-03  1.049E-03  8.735E-04  7.255E-04  6.020E-04  4.885E-04  3.976E-04  3.208E-04  2.588E-04  2.050E-04  1.622E-04  1.280E-04  1.001E-04  7.682E-05  5.819E-05  4.367E-05
  336.5000  2.885E-02  2.793E-02  2.701E-02  2.611E-02  2.522E-02  2.433E-02  2.345E-02  2.259E-02  2.173E-02  2.088E-02  2.004E-02  1.922E-02  1.840E-02  1.760E-02  1.680E-02  1.602E-02  1.525E-02  1.450E-02  1.376E-02  1.303E-02  1.231E-02  1.161E-02  1.093E-02  1.026E-02  9.608E-03  8.974E-03  8.360E-03  7.763E-03  7.187E-03  6.633E-03  6.101E-03  5.597E-03  5.118E-03  4.624E-03  4.107E-03  3.668E-03  3.295E-03  2.978E-03  2.605E-03  2.304E-03  2.006E-03  1.766E-03  1.507E-03  1.289E-03  1.100E-03  9.340E-04  7.812E-04  6.505E-04  5.403E-04  4.485E-04  3.640E-04  2.964E-04  2.392E-04  1.931E-04  1.530E-04  1.211E-04  9.553E-05  7.469E-05  5.732E-05  4.341E-05  3.256E-05
  337.5000  3.029E-02  2.930E-02  2.831E-02  2.734E-02  2.638E-02  2.542E-02  2.448E-02  2.355E-02  2.263E-02  2.172E-02  2.083E-02  1.994E-02  1.907E-02  1.821E-02  1.737E-02  1.654E-02  1.572E-02  1.492E-02  1.413E-02  1.336E-02  1.261E-02  1.187E-02  1.115E-02  1.045E-02  9.764E-03  9.101E-03  8.461E-03  7.841E-03  7.244E-03  6.671E-03  6.123E-03  5.605E-03  5.115E-03  4.612E-03  4.090E-03  3.646E-03  3.268E-03  2.948E-03  2.575E-03  2.274E-03  1.977E-03  1.738E-03  1.483E-03  1.268E-03  1.081E-03  9.153E-04  7.680E-04  6.399E-04  5.319E-04  4.418E-04  3.591E-04  2.928E-04  2.365E-04  1.911E-04  1.516E-04  1.201E-04  9.473E-05  7.403E-05  5.680E-05  4.298E-05  3.220E-05
  338.5000  3.423E-02  3.315E-02  3.208E-02  3.103E-02  2.998E-02  2.894E-02  2.791E-02  2.689E-02  2.589E-02  2.489E-02  2.391E-02  2.294E-02  2.198E-02  2.103E-02  2.009E-02  1.918E-02  1.827E-02  1.738E-02  1.650E-02  1.564E-02  1.479E-02  1.397E-02  1.315E-02  1.236E-02  1.159E-02  1.083E-02  1.010E-02  9.389E-03  8.701E-03  8.037E-03  7.401E-03  6.795E-03  6.221E-03  5.625E-03  5.000E-03  4.469E-03  4.017E-03  3.634E-03  3.181E-03  2.815E-03  2.452E-03  2.160E-03  1.844E-03  1.577E-03  1.345E-03  1.139E-03  9.549E-04  7.946E-04  6.596E-04  5.470E-04  4.435E-04  3.608E-04  2.908E-04  2.345E-04  1.857E-04  1.469E-04  1.158E-04  9.059E-05  6.954E-05  5.269E-05  3.956E-05
  339.5000  3.758E-02  3.640E-02  3.523E-02  3.408E-02  3.293E-02  3.180E-02  3.068E-02  2.956E-02  2.846E-02  2.738E-02  2.630E-02  2.524E-02  2.419E-02  2.315E-02  2.213E-02  2.113E-02  2.013E-02  1.916E-02  1.820E-02  1.725E-02  1.633E-02  1.542E-02  1.453E-02  1.365E-02  1.280E-02  1.197E-02  1.117E-02  1.039E-02  9.630E-03  8.900E-03  8.198E-03  7.530E-03  6.897E-03  6.238E-03  5.547E-03  4.959E-03  4.459E-03  4.036E-03  3.533E-03  3.128E-03  2.724E-03  2.400E-03  2.049E-03  1.753E-03  1.495E-03  1.262E-03  1.061E-03  8.824E-04  7.322E-04  6.070E-04  4.919E-04  3.999E-04  3.222E-04  2.597E-04  2.055E-04  1.625E-04  1.282E-04  1.002E-04  7.695E-05  5.832E-05  4.380E-05
  340.5000  3.922E-02  3.797E-02  3.674E-02  3.552E-02  3.430E-02  3.310E-02  3.191E-02  3.074E-02  2.958E-02  2.843E-02  2.729E-02  2.617E-02  2.506E-02  2.397E-02  2.290E-02  2.184E-02  2.079E-02  1.977E-02  1.876E-02  1.777E-02  1.680E-02  1.585E-02  1.491E-02  1.401E-02  1.312E-02  1.225E-02  1.142E-02  1.060E-02  9.819E-03  9.062E-03  8.337E-03  7.648E-03  6.995E-03  6.319E-03  5.613E-03  5.012E-03  4.502E-03  4.068E-03  3.558E-03  3.146E-03  2.738E-03  2.410E-03  2.056E-03  1.758E-03  1.499E-03  1.274E-03  1.063E-03  8.847E-04  7.343E-04  6.089E-04  4.937E-04  4.017E-04  3.239E-04  2.612E-04  2.068E-04  1.636E-04  1.290E-04  1.009E-04  7.744E-05  5.867E-05  4.404E-05
  341.5000  3.609E-02  3.496E-02  3.385E-02  3.275E-02  3.166E-02  3.057E-02  2.950E-02  2.844E-02  2.739E-02  2.635E-02  2.532E-02  2.430E-02  2.330E-02  2.231E-02  2.133E-02  2.037E-02  1.942E-02  1.848E-02  1.756E-02  1.666E-02  1.577E-02  1.490E-02  1.404E-02  1.320E-02  1.239E-02  1.159E-02  1.082E-02  1.006E-02  9.334E-03  8.630E-03  7.953E-03  7.309E-03  6.697E-03  6.060E-03  5.390E-03  4.820E-03  4.336E-03  3.926E-03  3.438E-03  3.044E-03  2.652E-03  2.337E-03  1.995E-03  1.707E-03  1.456E-03  1.232E-03  1.032E-03  8.586E-04  7.121E-04  5.901E-04  4.778E-04  3.883E-04  3.127E-04  2.519E-04  1.992E-04  1.575E-04  1.242E-04  9.711E-05  7.455E-05  5.652E-05  4.247E-05
  342.5000  4.026E-02  3.901E-02  3.777E-02  3.655E-02  3.534E-02  3.413E-02  3.294E-02  3.176E-02  3.059E-02  2.944E-02  2.829E-02  2.716E-02  2.604E-02  2.494E-02  2.385E-02  2.278E-02  2.172E-02  2.068E-02  1.965E-02  1.865E-02  1.766E-02  1.668E-02  1.573E-02  1.480E-02  1.389E-02  1.300E-02  1.213E-02  1.129E-02  1.047E-02  9.688E-03  8.931E-03  8.210E-03  7.525E-03  6.811E-03  6.059E-03  5.419E-03  4.877E-03  4.417E-03  3.868E-03  3.425E-03  2.984E-03  2.631E-03  2.246E-03  1.921E-03  1.639E-03  1.389E-03  1.162E-03  9.658E-04  8.008E-04  6.634E-04  5.370E-04  4.362E-04  3.511E-04  2.827E-04  2.235E-04  1.766E-04  1.392E-04  1.089E-04  8.361E-05  6.340E-05  4.766E-05
  343.5000  4.135E-02  4.006E-02  3.878E-02  3.752E-02  3.626E-02  3.501E-02  3.378E-02  3.256E-02  3.135E-02  3.016E-02  2.898E-02  2.781E-02  2.666E-02  2.552E-02  2.440E-02  2.329E-02  2.220E-02  2.113E-02  2.007E-02  1.903E-02  1.801E-02  1.701E-02  1.603E-02  1.507E-02  1.413E-02  1.322E-02  1.233E-02  1.147E-02  1.063E-02  9.829E-03  9.055E-03  8.317E-03  7.618E-03  6.890E-03  6.126E-03  5.476E-03  4.924E-03  4.456E-03  3.899E-03  3.451E-03  3.005E-03  2.647E-03  2.259E-03  1.932E-03  1.647E-03  1.392E-03  1.167E-03  9.703E-04  8.045E-04  6.664E-04  5.395E-04  4.383E-04  3.529E-04  2.842E-04  2.247E-04  1.776E-04  1.400E-04  1.095E-04  8.406E-05  6.373E-05  4.789E-05
  344.5000  2.863E-02  2.772E-02  2.683E-02  2.595E-02  2.507E-02  2.420E-02  2.334E-02  2.249E-02  2.165E-02  2.082E-02  2.000E-02  1.918E-02  1.838E-02  1.759E-02  1.681E-02  1.604E-02  1.528E-02  1.453E-02  1.380E-02  1.308E-02  1.237E-02  1.168E-02  1.100E-02  1.033E-02  9.684E-03  9.052E-03  8.440E-03  7.844E-03  7.267E-03  6.711E-03  6.178E-03  5.671E-03  5.190E-03  4.691E-03  4.168E-03  3.723E-03  3.345E-03  3.024E-03  2.645E-03  2.340E-03  2.036E-03  1.792E-03  1.529E-03  1.307E-03  1.114E-03  9.422E-04  7.892E-04  6.560E-04  5.439E-04  4.506E-04  3.649E-04  2.965E-04  2.388E-04  1.923E-04  1.521E-04  1.203E-04  9.481E-05  7.414E-05  5.691E-05  4.314E-05  3.241E-05
  345.5000  4.059E-02  3.934E-02  3.810E-02  3.687E-02  3.565E-02  3.445E-02  3.325E-02  3.207E-02  3.089E-02  2.974E-02  2.859E-02  2.745E-02  2.633E-02  2.522E-02  2.413E-02  2.305E-02  2.199E-02  2.094E-02  1.991E-02  1.889E-02  1.790E-02  1.692E-02  1.596E-02  1.501E-02  1.409E-02  1.320E-02  1.232E-02  1.147E-02  1.065E-02  9.853E-03  9.087E-03  8.356E-03  7.662E-03  6.937E-03  6.173E-03  5.522E-03  4.971E-03  4.503E-03  3.944E-03  3.493E-03  3.044E-03  2.684E-03  2.291E-03  1.959E-03  1.671E-03  1.417E-03  1.184E-03  9.835E-04  8.150E-04  6.747E-04  5.457E-04  4.428E-04  3.562E-04  2.866E-04  2.264E-04  1.788E-04  1.409E-04  1.102E-04  8.460E-05  6.417E-05  4.826E-05
  346.5000  3.723E-02  3.607E-02  3.491E-02  3.377E-02  3.264E-02  3.152E-02  3.041E-02  2.931E-02  2.823E-02  2.715E-02  2.609E-02  2.504E-02  2.400E-02  2.298E-02  2.196E-02  2.097E-02  1.999E-02  1.902E-02  1.807E-02  1.713E-02  1.621E-02  1.531E-02  1.443E-02  1.357E-02  1.272E-02  1.190E-02  1.110E-02  1.032E-02  9.570E-03  8.843E-03  8.146E-03  7.481E-03  6.851E-03  6.195E-03  5.507E-03  4.921E-03  4.424E-03  4.003E-03  3.502E-03  3.098E-03  2.697E-03  2.375E-03  2.026E-03  1.732E-03  1.476E-03  1.247E-03  1.045E-03  8.685E-04  7.197E-04  5.959E-04  4.822E-04  3.915E-04  3.150E-04  2.536E-04  2.004E-04  1.584E-04  1.248E-04  9.761E-05  7.493E-05  5.682E-05  4.271E-05
  347.5000  3.649E-02  3.535E-02  3.422E-02  3.311E-02  3.200E-02  3.090E-02  2.982E-02  2.874E-02  2.768E-02  2.663E-02  2.559E-02  2.456E-02  2.354E-02  2.254E-02  2.155E-02  2.057E-02  1.961E-02  1.866E-02  1.773E-02  1.681E-02  1.591E-02  1.503E-02  1.416E-02  1.332E-02  1.249E-02  1.168E-02  1.090E-02  1.014E-02  9.400E-03  8.687E-03  8.002E-03  7.350E-03  6.731E-03  6.088E-03  5.412E-03  4.836E-03  4.348E-03  3.934E-03  3.441E-03  3.045E-03  2.650E-03  2.334E-03  1.991E-03  1.702E-03  1.450E-03  1.229E-03  1.027E-03  8.527E-04  7.065E-04  5.848E-04  4.731E-04  3.840E-04  3.089E-04  2.486E-04  1.964E-04  1.552E-04  1.223E-04  9.563E-05  7.341E-05  5.567E-05  4.186E-05
  348.5000  4.042E-02  3.917E-02  3.792E-02  3.670E-02  3.547E-02  3.426E-02  3.307E-02  3.188E-02  3.071E-02  2.955E-02  2.840E-02  2.726E-02  2.614E-02  2.503E-02  2.394E-02  2.286E-02  2.180E-02  2.075E-02  1.972E-02  1.870E-02  1.771E-02  1.673E-02  1.577E-02  1.483E-02  1.392E-02  1.302E-02  1.215E-02  1.131E-02  1.049E-02  9.697E-03  8.936E-03  8.211E-03  7.523E-03  6.806E-03  6.052E-03  5.410E-03  4.865E-03  4.403E-03  3.853E-03  3.410E-03  2.969E-03  2.615E-03  2.231E-03  1.907E-03  1.625E-03  1.373E-03  1.150E-03  9.550E-04  7.910E-04  6.546E-04  5.293E-04  4.294E-04  3.453E-04  2.778E-04  2.194E-04  1.733E-04  1.365E-04  1.068E-04  8.195E-05  6.215E-05  4.675E-05
  349.5000  3.386E-02  3.281E-02  3.177E-02  3.074E-02  2.972E-02  2.870E-02  2.770E-02  2.670E-02  2.572E-02  2.475E-02  2.378E-02  2.283E-02  2.189E-02  2.096E-02  2.005E-02  1.914E-02  1.825E-02  1.737E-02  1.651E-02  1.566E-02  1.483E-02  1.401E-02  1.320E-02  1.242E-02  1.165E-02  1.090E-02  1.017E-02  9.463E-03  8.777E-03  8.114E-03  7.476E-03  6.869E-03  6.292E-03  5.692E-03  5.060E-03  4.523E-03  4.067E-03  3.680E-03  3.220E-03  2.849E-03  2.480E-03  2.184E-03  1.863E-03  1.592E-03  1.356E-03  1.149E-03  9.596E-04  7.968E-04  6.598E-04  5.459E-04  4.413E-04  3.580E-04  2.878E-04  2.315E-04  1.828E-04  1.443E-04  1.137E-04  8.893E-05  6.826E-05  5.177E-05  3.894E-05
  350.5000  4.752E-02  4.605E-02  4.459E-02  4.314E-02  4.171E-02  4.029E-02  3.888E-02  3.749E-02  3.611E-02  3.474E-02  3.339E-02  3.206E-02  3.074E-02  2.944E-02  2.815E-02  2.689E-02  2.564E-02  2.440E-02  2.319E-02  2.200E-02  2.083E-02  1.968E-02  1.855E-02  1.745E-02  1.637E-02  1.532E-02  1.430E-02  1.330E-02  1.234E-02  1.141E-02  1.051E-02  9.656E-03  8.846E-03  8.002E-03  7.114E-03  6.359E-03  5.717E-03  5.174E-03  4.526E-03  4.005E-03  3.486E-03  3.070E-03  2.618E-03  2.237E-03  1.906E-03  1.611E-03  1.348E-03  1.119E-03  9.265E-04  7.664E-04  6.194E-04  5.023E-04  4.037E-04  3.246E-04  2.563E-04  2.023E-04  1.594E-04  1.246E-04  9.567E-05  7.257E-05  5.459E-05
  351.5000  4.087E-02  3.960E-02  3.834E-02  3.710E-02  3.586E-02  3.464E-02  3.342E-02  3.222E-02  3.104E-02  2.986E-02  2.870E-02  2.755E-02  2.641E-02  2.529E-02  2.419E-02  2.310E-02  2.202E-02  2.096E-02  1.992E-02  1.889E-02  1.788E-02  1.689E-02  1.592E-02  1.497E-02  1.405E-02  1.314E-02  1.226E-02  1.141E-02  1.058E-02  9.777E-03  9.008E-03  8.275E-03  7.578E-03  6.854E-03  6.092E-03  5.444E-03  4.894E-03  4.427E-03  3.872E-03  3.425E-03  2.981E-03  2.625E-03  2.238E-03  1.912E-03  1.628E-03  1.379E-03  1.151E-03  9.554E-04  7.909E-04  6.540E-04  5.285E-04  4.285E-04  3.444E-04  2.769E-04  2.186E-04  1.726E-04  1.359E-04  1.063E-04  8.158E-05  6.187E-05  4.655E-05
  352.5000  3.697E-02  3.582E-02  3.469E-02  3.356E-02  3.245E-02  3.134E-02  3.025E-02  2.916E-02  2.809E-02  2.703E-02  2.598E-02  2.494E-02  2.391E-02  2.290E-02  2.190E-02  2.091E-02  1.994E-02  1.898E-02  1.804E-02  1.711E-02  1.620E-02  1.531E-02  1.443E-02  1.357E-02  1.273E-02  1.191E-02  1.112E-02  1.034E-02  9.591E-03  8.866E-03  8.169E-03  7.505E-03  6.874E-03  6.217E-03  5.527E-03  4.939E-03  4.439E-03  4.017E-03  3.513E-03  3.108E-03  2.704E-03  2.381E-03  2.030E-03  1.734E-03  1.477E-03  1.248E-03  1.044E-03  8.661E-04  7.168E-04  5.926E-04  4.788E-04  3.881E-04  3.118E-04  2.506E-04  1.978E-04  1.561E-04  1.230E-04  9.613E-05  7.378E-05  5.597E-05  4.211E-05
  353.5000  4.469E-02  4.331E-02  4.194E-02  4.059E-02  3.924E-02  3.791E-02  3.659E-02  3.528E-02  3.398E-02  3.270E-02  3.144E-02  3.018E-02  2.895E-02  2.772E-02  2.651E-02  2.533E-02  2.415E-02  2.299E-02  2.185E-02  2.073E-02  1.963E-02  1.855E-02  1.749E-02  1.645E-02  1.544E-02  1.445E-02  1.348E-02  1.255E-02  1.164E-02  1.076E-02  9.917E-03  9.112E-03  8.347E-03  7.551E-03  6.713E-03  6.000E-03  5.394E-03  4.881E-03  4.269E-03  3.777E-03  3.287E-03  2.894E-03  2.467E-03  2.108E-03  1.795E-03  1.518E-03  1.268E-03  1.052E-03  8.705E-04  7.196E-04  5.811E-04  4.709E-04  3.782E-04  3.039E-04  2.397E-04  1.892E-04  1.490E-04  1.165E-04  8.940E-05  6.782E-05  5.104E-05
  354.5000  4.855E-02  4.705E-02  4.557E-02  4.410E-02  4.264E-02  4.119E-02  3.976E-02  3.834E-02  3.694E-02  3.555E-02  3.418E-02  3.282E-02  3.147E-02  3.015E-02  2.884E-02  2.755E-02  2.627E-02  2.502E-02  2.378E-02  2.256E-02  2.137E-02  2.019E-02  1.904E-02  1.791E-02  1.681E-02  1.574E-02  1.469E-02  1.367E-02  1.268E-02  1.173E-02  1.081E-02  9.933E-03  9.101E-03  8.234E-03  7.321E-03  6.543E-03  5.883E-03  5.324E-03  4.657E-03  4.121E-03  3.586E-03  3.158E-03  2.692E-03  2.299E-03  1.958E-03  1.653E-03  1.383E-03  1.147E-03  9.490E-04  7.842E-04  6.331E-04  5.128E-04  4.118E-04  3.308E-04  2.609E-04  2.058E-04  1.621E-04  1.267E-04  9.723E-05  7.376E-05  5.552E-05
  355.5000  4.541E-02  4.401E-02  4.262E-02  4.125E-02  3.988E-02  3.853E-02  3.719E-02  3.587E-02  3.455E-02  3.326E-02  3.197E-02  3.070E-02  2.944E-02  2.820E-02  2.698E-02  2.577E-02  2.458E-02  2.340E-02  2.225E-02  2.111E-02  1.999E-02  1.889E-02  1.781E-02  1.676E-02  1.573E-02  1.472E-02  1.374E-02  1.279E-02  1.186E-02  1.097E-02  1.011E-02  9.292E-03  8.514E-03  7.702E-03  6.848E-03  6.120E-03  5.502E-03  4.979E-03  4.355E-03  3.853E-03  3.352E-03  2.952E-03  2.516E-03  2.149E-03  1.830E-03  1.544E-03  1.292E-03  1.071E-03  8.860E-04  7.320E-04  5.908E-04  4.785E-04  3.841E-04  3.085E-04  2.432E-04  1.919E-04  1.511E-04  1.181E-04  9.063E-05  6.875E-05  5.176E-05
  356.5000  4.216E-02  4.086E-02  3.957E-02  3.829E-02  3.702E-02  3.577E-02  3.453E-02  3.329E-02  3.208E-02  3.087E-02  2.968E-02  2.850E-02  2.733E-02  2.618E-02  2.504E-02  2.392E-02  2.281E-02  2.172E-02  2.065E-02  1.959E-02  1.856E-02  1.754E-02  1.654E-02  1.556E-02  1.460E-02  1.366E-02  1.275E-02  1.187E-02  1.101E-02  1.018E-02  9.383E-03  8.622E-03  7.899E-03  7.146E-03  6.352E-03  5.677E-03  5.103E-03  4.617E-03  4.038E-03  3.572E-03  3.107E-03  2.736E-03  2.331E-03  1.991E-03  1.695E-03  1.431E-03  1.196E-03  9.920E-04  8.202E-04  6.775E-04  5.467E-04  4.427E-04  3.553E-04  2.853E-04  2.249E-04  1.774E-04  1.396E-04  1.092E-04  8.376E-05  6.355E-05  4.784E-05
  357.5000  3.584E-02  3.474E-02  3.364E-02  3.256E-02  3.148E-02  3.041E-02  2.935E-02  2.831E-02  2.727E-02  2.625E-02  2.523E-02  2.423E-02  2.324E-02  2.226E-02  2.129E-02  2.034E-02  1.939E-02  1.847E-02  1.755E-02  1.665E-02  1.577E-02  1.490E-02  1.405E-02  1.322E-02  1.241E-02  1.161E-02  1.084E-02  1.008E-02  9.355E-03  8.649E-03  7.971E-03  7.324E-03  6.709E-03  6.068E-03  5.394E-03  4.820E-03  4.332E-03  3.919E-03  3.427E-03  3.031E-03  2.636E-03  2.321E-03  1.977E-03  1.688E-03  1.437E-03  1.215E-03  1.014E-03  8.405E-04  6.948E-04  5.739E-04  4.630E-04  3.748E-04  3.008E-04  2.414E-04  1.903E-04  1.501E-04  1.181E-04  9.234E-05  7.085E-05  5.375E-05  4.047E-05
  358.5000  2.772E-02  2.686E-02  2.602E-02  2.518E-02  2.435E-02  2.352E-02  2.271E-02  2.190E-02  2.110E-02  2.030E-02  1.952E-02  1.874E-02  1.798E-02  1.722E-02  1.647E-02  1.574E-02  1.501E-02  1.429E-02  1.359E-02  1.289E-02  1.221E-02  1.154E-02  1.088E-02  1.024E-02  9.606E-03  8.991E-03  8.393E-03  7.810E-03  7.245E-03  6.699E-03  6.174E-03  5.673E-03  5.197E-03  4.701E-03  4.179E-03  3.734E-03  3.356E-03  3.036E-03  2.655E-03  2.348E-03  2.042E-03  1.798E-03  1.532E-03  1.307E-03  1.113E-03  9.409E-04  7.849E-04  6.506E-04  5.377E-04  4.440E-04  3.581E-04  2.898E-04  2.325E-04  1.866E-04  1.470E-04  1.159E-04  9.123E-05  7.131E-05  5.472E-05  4.151E-05  3.126E-05
  359.5000  4.667E-02  4.524E-02  4.381E-02  4.240E-02  4.100E-02  3.961E-02  3.823E-02  3.687E-02  3.552E-02  3.419E-02  3.287E-02  3.156E-02  3.027E-02  2.900E-02  2.774E-02  2.650E-02  2.527E-02  2.407E-02  2.288E-02  2.171E-02  2.056E-02  1.943E-02  1.832E-02  1.724E-02  1.618E-02  1.514E-02  1.413E-02  1.315E-02  1.220E-02  1.128E-02  1.039E-02  9.551E-03  8.749E-03  7.914E-03  7.034E-03  6.285E-03  5.648E-03  5.109E-03  4.467E-03  3.950E-03  3.435E-03  3.023E-03  2.576E-03  2.198E-03  1.871E-03  1.582E-03  1.319E-03  1.093E-03  9.032E-04  7.457E-04  6.013E-04  4.865E-04  3.902E-04  3.131E-04  2.467E-04  1.945E-04  1.530E-04  1.196E-04  9.176E-05  6.962E-05  5.243E-05
  360.5000  4.329E-02  4.196E-02  4.064E-02  3.933E-02  3.803E-02  3.674E-02  3.547E-02  3.420E-02  3.295E-02  3.172E-02  3.049E-02  2.928E-02  2.808E-02  2.690E-02  2.573E-02  2.458E-02  2.345E-02  2.233E-02  2.122E-02  2.014E-02  1.907E-02  1.803E-02  1.700E-02  1.599E-02  1.501E-02  1.405E-02  1.311E-02  1.220E-02  1.132E-02  1.046E-02  9.643E-03  8.860E-03  8.115E-03  7.340E-03  6.524E-03  5.829E-03  5.238E-03  4.737E-03  4.141E-03  3.662E-03  3.184E-03  2.802E-03  2.387E-03  2.037E-03  1.733E-03  1.465E-03  1.222E-03  1.012E-03  8.362E-04  6.901E-04  5.564E-04  4.501E-04  3.609E-04  2.895E-04  2.281E-04  1.797E-04  1.414E-04  1.105E-04  8.480E-05  6.434E-05  4.845E-05
  361.5000  3.909E-02  3.789E-02  3.670E-02  3.552E-02  3.434E-02  3.318E-02  3.203E-02  3.089E-02  2.976E-02  2.865E-02  2.754E-02  2.645E-02  2.537E-02  2.430E-02  2.325E-02  2.221E-02  2.118E-02  2.017E-02  1.918E-02  1.820E-02  1.724E-02  1.629E-02  1.536E-02  1.445E-02  1.356E-02  1.270E-02  1.185E-02  1.103E-02  1.023E-02  9.459E-03  8.717E-03  8.010E-03  7.337E-03  6.636E-03  5.898E-03  5.269E-03  4.735E-03  4.283E-03  3.744E-03  3.310E-03  2.878E-03  2.532E-03  2.157E-03  1.841E-03  1.566E-03  1.325E-03  1.103E-03  9.140E-04  7.549E-04  6.229E-04  5.021E-04  4.060E-04  3.255E-04  2.611E-04  2.056E-04  1.620E-04  1.275E-04  9.961E-05  7.642E-05  5.798E-05  4.367E-05
  362.5000  4.596E-02  4.454E-02  4.314E-02  4.176E-02  4.038E-02  3.901E-02  3.766E-02  3.632E-02  3.499E-02  3.368E-02  3.239E-02  3.110E-02  2.983E-02  2.858E-02  2.734E-02  2.612E-02  2.491E-02  2.372E-02  2.255E-02  2.140E-02  2.027E-02  1.916E-02  1.807E-02  1.700E-02  1.595E-02  1.493E-02  1.394E-02  1.297E-02  1.203E-02  1.113E-02  1.025E-02  9.422E-03  8.630E-03  7.806E-03  6.938E-03  6.197E-03  5.569E-03  5.036E-03  4.402E-03  3.892E-03  3.384E-03  2.977E-03  2.535E-03  2.163E-03  1.840E-03  1.550E-03  1.296E-03  1.074E-03  8.865E-04  7.314E-04  5.893E-04  4.765E-04  3.819E-04  3.062E-04  2.411E-04  1.900E-04  1.494E-04  1.168E-04  8.957E-05  6.796E-05  5.119E-05
  363.5000  4.091E-02  3.965E-02  3.841E-02  3.717E-02  3.595E-02  3.473E-02  3.353E-02  3.233E-02  3.115E-02  2.999E-02  2.883E-02  2.769E-02  2.656E-02  2.544E-02  2.434E-02  2.325E-02  2.218E-02  2.112E-02  2.008E-02  1.905E-02  1.805E-02  1.706E-02  1.609E-02  1.514E-02  1.420E-02  1.329E-02  1.241E-02  1.155E-02  1.072E-02  9.907E-03  9.130E-03  8.388E-03  7.683E-03  6.949E-03  6.176E-03  5.517E-03  4.957E-03  4.482E-03  3.918E-03  3.463E-03  3.010E-03  2.648E-03  2.255E-03  1.924E-03  1.636E-03  1.381E-03  1.152E-03  9.541E-04  7.877E-04  6.497E-04  5.234E-04  4.231E-04  3.390E-04  2.718E-04  2.139E-04  1.685E-04  1.326E-04  1.036E-04  7.945E-05  6.028E-05  4.541E-05
  364.5000  4.464E-02  4.327E-02  4.190E-02  4.056E-02  3.922E-02  3.789E-02  3.658E-02  3.528E-02  3.399E-02  3.272E-02  3.146E-02  3.021E-02  2.898E-02  2.776E-02  2.656E-02  2.537E-02  2.420E-02  2.305E-02  2.191E-02  2.079E-02  1.969E-02  1.861E-02  1.755E-02  1.651E-02  1.550E-02  1.450E-02  1.354E-02  1.260E-02  1.169E-02  1.081E-02  9.957E-03  9.148E-03  8.378E-03  7.577E-03  6.734E-03  6.014E-03  5.403E-03  4.886E-03  4.269E-03  3.773E-03  3.280E-03  2.885E-03  2.456E-03  2.095E-03  1.782E-03  1.501E-03  1.254E-03  1.038E-03  8.570E-04  7.068E-04  5.692E-04  4.600E-04  3.686E-04  2.954E-04  2.325E-04  1.831E-04  1.440E-04  1.125E-04  8.630E-05  6.548E-05  4.933E-05
  365.5000  5.439E-02  5.272E-02  5.106E-02  4.942E-02  4.779E-02  4.617E-02  4.457E-02  4.299E-02  4.142E-02  3.987E-02  3.833E-02  3.681E-02  3.531E-02  3.382E-02  3.235E-02  3.091E-02  2.948E-02  2.808E-02  2.669E-02  2.532E-02  2.399E-02  2.267E-02  2.138E-02  2.011E-02  1.887E-02  1.766E-02  1.649E-02  1.534E-02  1.423E-02  1.316E-02  1.212E-02  1.114E-02  1.020E-02  9.224E-03  8.197E-03  7.320E-03  6.575E-03  5.944E-03  5.194E-03  4.590E-03  3.989E-03  3.508E-03  2.986E-03  2.547E-03  2.165E-03  1.830E-03  1.524E-03  1.261E-03  1.041E-03  8.581E-04  6.910E-04  5.583E-04  4.472E-04  3.583E-04  2.820E-04  2.221E-04  1.746E-04  1.364E-04  1.046E-04  7.938E-05  5.980E-05
  366.5000  5.763E-02  5.585E-02  5.409E-02  5.236E-02  5.063E-02  4.892E-02  4.722E-02  4.554E-02  4.388E-02  4.224E-02  4.061E-02  3.900E-02  3.741E-02  3.584E-02  3.429E-02  3.276E-02  3.124E-02  2.975E-02  2.829E-02  2.684E-02  2.542E-02  2.403E-02  2.266E-02  2.132E-02  2.001E-02  1.872E-02  1.748E-02  1.626E-02  1.509E-02  1.395E-02  1.285E-02  1.181E-02  1.081E-02  9.777E-03  8.687E-03  7.758E-03  6.968E-03  6.299E-03  5.504E-03  4.863E-03  4.226E-03  3.716E-03  3.163E-03  2.697E-03  2.293E-03  1.934E-03  1.613E-03  1.335E-03  1.101E-03  9.078E-04  7.308E-04  5.903E-04  4.728E-04  3.787E-04  2.980E-04  2.346E-04  1.844E-04  1.441E-04  1.105E-04  8.384E-05  6.317E-05
  367.5000  5.477E-02  5.309E-02  5.142E-02  4.977E-02  4.812E-02  4.650E-02  4.489E-02  4.329E-02  4.171E-02  4.016E-02  3.861E-02  3.708E-02  3.557E-02  3.407E-02  3.260E-02  3.114E-02  2.971E-02  2.829E-02  2.689E-02  2.552E-02  2.417E-02  2.285E-02  2.155E-02  2.027E-02  1.902E-02  1.780E-02  1.662E-02  1.547E-02  1.435E-02  1.326E-02  1.222E-02  1.123E-02  1.028E-02  9.298E-03  8.261E-03  7.377E-03  6.626E-03  5.989E-03  5.232E-03  4.623E-03  4.017E-03  3.532E-03  3.006E-03  2.563E-03  2.179E-03  1.842E-03  1.532E-03  1.267E-03  1.045E-03  8.616E-04  6.935E-04  5.600E-04  4.484E-04  3.591E-04  2.825E-04  2.223E-04  1.748E-04  1.365E-04  1.047E-04  7.944E-05  5.986E-05
  368.5000  4.814E-02  4.666E-02  4.519E-02  4.374E-02  4.230E-02  4.087E-02  3.945E-02  3.805E-02  3.666E-02  3.529E-02  3.393E-02  3.259E-02  3.126E-02  2.995E-02  2.865E-02  2.737E-02  2.611E-02  2.486E-02  2.364E-02  2.243E-02  2.125E-02  2.008E-02  1.894E-02  1.782E-02  1.672E-02  1.565E-02  1.461E-02  1.359E-02  1.261E-02  1.166E-02  1.074E-02  9.866E-03  9.034E-03  8.169E-03  7.258E-03  6.481E-03  5.820E-03  5.261E-03  4.595E-03  4.059E-03  3.527E-03  3.101E-03  2.638E-03  2.249E-03  1.912E-03  1.618E-03  1.344E-03  1.111E-03  9.167E-04  7.553E-04  6.078E-04  4.907E-04  3.928E-04  3.145E-04  2.473E-04  1.947E-04  1.530E-04  1.195E-04  9.165E-05  6.954E-05  5.240E-05
  369.5000  5.777E-02  5.599E-02  5.423E-02  5.249E-02  5.076E-02  4.905E-02  4.735E-02  4.567E-02  4.400E-02  4.236E-02  4.073E-02  3.911E-02  3.752E-02  3.594E-02  3.439E-02  3.285E-02  3.134E-02  2.984E-02  2.837E-02  2.692E-02  2.550E-02  2.410E-02  2.273E-02  2.138E-02  2.007E-02  1.878E-02  1.753E-02  1.631E-02  1.513E-02  1.399E-02  1.289E-02  1.184E-02  1.084E-02  9.802E-03  8.708E-03  7.776E-03  6.982E-03  6.310E-03  5.511E-03  4.868E-03  4.229E-03  3.717E-03  3.162E-03  2.695E-03  2.290E-03  1.923E-03  1.610E-03  1.331E-03  1.098E-03  9.044E-04  7.276E-04  5.872E-04  4.700E-04  3.763E-04  2.958E-04  2.328E-04  1.830E-04  1.429E-04  1.096E-04  8.313E-05  6.264E-05
  370.5000  5.244E-02  5.082E-02  4.923E-02  4.765E-02  4.607E-02  4.452E-02  4.298E-02  4.145E-02  3.994E-02  3.845E-02  3.697E-02  3.550E-02  3.406E-02  3.262E-02  3.121E-02  2.982E-02  2.845E-02  2.709E-02  2.575E-02  2.444E-02  2.315E-02  2.188E-02  2.063E-02  1.941E-02  1.822E-02  1.705E-02  1.591E-02  1.481E-02  1.373E-02  1.270E-02  1.170E-02  1.074E-02  9.838E-03  8.895E-03  7.902E-03  7.055E-03  6.334E-03  5.724E-03  4.999E-03  4.415E-03  3.835E-03  3.370E-03  2.867E-03  2.443E-03  2.076E-03  1.744E-03  1.459E-03  1.206E-03  9.941E-04  8.188E-04  6.585E-04  5.314E-04  4.252E-04  3.403E-04  2.675E-04  2.105E-04  1.654E-04  1.292E-04  9.904E-05  7.514E-05  5.663E-05
  371.5000  6.003E-02  5.819E-02  5.636E-02  5.455E-02  5.275E-02  5.097E-02  4.920E-02  4.746E-02  4.573E-02  4.402E-02  4.232E-02  4.065E-02  3.899E-02  3.735E-02  3.574E-02  3.415E-02  3.257E-02  3.102E-02  2.949E-02  2.798E-02  2.651E-02  2.505E-02  2.362E-02  2.223E-02  2.086E-02  1.952E-02  1.822E-02  1.695E-02  1.573E-02  1.454E-02  1.339E-02  1.230E-02  1.126E-02  1.018E-02  9.046E-03  8.075E-03  7.250E-03  6.551E-03  5.720E-03  5.051E-03  4.387E-03  3.855E-03  3.279E-03  2.794E-03  2.373E-03  1.995E-03  1.667E-03  1.378E-03  1.136E-03  9.352E-04  7.520E-04  6.067E-04  4.854E-04  3.884E-04  3.052E-04  2.401E-04  1.887E-04  1.473E-04  1.129E-04  8.569E-05  6.458E-05
  372.5000  4.437E-02  4.301E-02  4.165E-02  4.032E-02  3.899E-02  3.767E-02  3.637E-02  3.508E-02  3.380E-02  3.254E-02  3.128E-02  3.005E-02  2.882E-02  2.761E-02  2.642E-02  2.524E-02  2.408E-02  2.293E-02  2.180E-02  2.068E-02  1.959E-02  1.852E-02  1.746E-02  1.643E-02  1.542E-02  1.443E-02  1.347E-02  1.253E-02  1.162E-02  1.075E-02  9.900E-03  9.092E-03  8.325E-03  7.526E-03  6.685E-03  5.968E-03  5.357E-03  4.840E-03  4.226E-03  3.731E-03  3.240E-03  2.847E-03  2.421E-03  2.063E-03  1.752E-03  1.476E-03  1.230E-03  1.017E-03  8.377E-04  6.897E-04  5.545E-04  4.472E-04  3.577E-04  2.862E-04  2.248E-04  1.768E-04  1.389E-04  1.085E-04  8.316E-05  6.309E-05  4.755E-05
  373.5000  4.012E-02  3.888E-02  3.766E-02  3.645E-02  3.525E-02  3.406E-02  3.288E-02  3.171E-02  3.056E-02  2.942E-02  2.829E-02  2.717E-02  2.606E-02  2.496E-02  2.388E-02  2.282E-02  2.177E-02  2.073E-02  1.971E-02  1.870E-02  1.771E-02  1.674E-02  1.579E-02  1.485E-02  1.394E-02  1.305E-02  1.218E-02  1.133E-02  1.051E-02  9.713E-03  8.948E-03  8.218E-03  7.524E-03  6.802E-03  6.041E-03  5.393E-03  4.840E-03  4.373E-03  3.817E-03  3.370E-03  2.926E-03  2.571E-03  2.186E-03  1.862E-03  1.581E-03  1.330E-03  1.110E-03  9.170E-04  7.555E-04  6.218E-04  4.998E-04  4.030E-04  3.223E-04  2.578E-04  2.025E-04  1.592E-04  1.251E-04  9.767E-05  7.486E-05  5.679E-05  4.281E-05
  374.5000  4.404E-02  4.269E-02  4.135E-02  4.002E-02  3.870E-02  3.740E-02  3.610E-02  3.482E-02  3.355E-02  3.230E-02  3.106E-02  2.983E-02  2.861E-02  2.741E-02  2.622E-02  2.505E-02  2.390E-02  2.276E-02  2.164E-02  2.053E-02  1.945E-02  1.838E-02  1.733E-02  1.631E-02  1.530E-02  1.432E-02  1.337E-02  1.244E-02  1.154E-02  1.066E-02  9.823E-03  9.021E-03  8.258E-03  7.465E-03  6.630E-03  5.918E-03  5.311E-03  4.797E-03  4.188E-03  3.696E-03  3.209E-03  2.819E-03  2.396E-03  2.041E-03  1.733E-03  1.456E-03  1.216E-03  1.004E-03  8.274E-04  6.809E-04  5.471E-04  4.411E-04  3.526E-04  2.820E-04  2.215E-04  1.741E-04  1.368E-04  1.068E-04  8.184E-05  6.209E-05  4.680E-05
  375.5000  4.972E-02  4.819E-02  4.668E-02  4.518E-02  4.369E-02  4.222E-02  4.076E-02  3.931E-02  3.788E-02  3.646E-02  3.506E-02  3.367E-02  3.230E-02  3.095E-02  2.961E-02  2.829E-02  2.698E-02  2.570E-02  2.443E-02  2.318E-02  2.196E-02  2.076E-02  1.957E-02  1.841E-02  1.728E-02  1.617E-02  1.510E-02  1.404E-02  1.303E-02  1.204E-02  1.109E-02  1.018E-02  9.323E-03  8.428E-03  7.485E-03  6.680E-03  5.995E-03  5.414E-03  4.726E-03  4.171E-03  3.620E-03  3.180E-03  2.703E-03  2.302E-03  1.954E-03  1.646E-03  1.370E-03  1.132E-03  9.322E-04  7.670E-04  6.162E-04  4.966E-04  3.970E-04  3.174E-04  2.492E-04  1.959E-04  1.538E-04  1.201E-04  9.204E-05  6.982E-05  5.263E-05
  376.5000  4.968E-02  4.815E-02  4.664E-02  4.514E-02  4.366E-02  4.218E-02  4.072E-02  3.928E-02  3.785E-02  3.643E-02  3.503E-02  3.365E-02  3.228E-02  3.092E-02  2.958E-02  2.827E-02  2.696E-02  2.568E-02  2.441E-02  2.317E-02  2.194E-02  2.074E-02  1.956E-02  1.840E-02  1.727E-02  1.616E-02  1.508E-02  1.403E-02  1.302E-02  1.203E-02  1.108E-02  1.018E-02  9.315E-03  8.420E-03  7.478E-03  6.673E-03  5.988E-03  5.408E-03  4.719E-03  4.165E-03  3.615E-03  3.174E-03  2.698E-03  2.297E-03  1.950E-03  1.643E-03  1.367E-03  1.129E-03  9.294E-04  7.645E-04  6.141E-04  4.948E-04  3.954E-04  3.161E-04  2.481E-04  1.950E-04  1.531E-04  1.195E-04  9.160E-05  6.949E-05  5.238E-05
  377.5000  5.919E-02  5.737E-02  5.557E-02  5.378E-02  5.201E-02  5.026E-02  4.852E-02  4.680E-02  4.509E-02  4.341E-02  4.174E-02  4.009E-02  3.846E-02  3.684E-02  3.525E-02  3.368E-02  3.213E-02  3.060E-02  2.909E-02  2.760E-02  2.615E-02  2.471E-02  2.331E-02  2.193E-02  2.058E-02  1.926E-02  1.797E-02  1.672E-02  1.551E-02  1.433E-02  1.320E-02  1.212E-02  1.110E-02  1.003E-02  8.907E-03  7.949E-03  7.132E-03  6.440E-03  5.620E-03  4.959E-03  4.303E-03  3.779E-03  3.211E-03  2.733E-03  2.320E-03  1.959E-03  1.625E-03  1.342E-03  1.105E-03  9.087E-04  7.297E-04  5.878E-04  4.696E-04  3.753E-04  2.946E-04  2.315E-04  1.817E-04  1.419E-04  1.087E-04  8.245E-05  6.215E-05
  378.5000  6.454E-02  6.255E-02  6.059E-02  5.864E-02  5.671E-02  5.480E-02  5.290E-02  5.103E-02  4.917E-02  4.733E-02  4.551E-02  4.371E-02  4.193E-02  4.017E-02  3.844E-02  3.673E-02  3.503E-02  3.336E-02  3.172E-02  3.010E-02  2.851E-02  2.695E-02  2.541E-02  2.391E-02  2.244E-02  2.100E-02  1.960E-02  1.823E-02  1.691E-02  1.563E-02  1.439E-02  1.322E-02  1.210E-02  1.093E-02  9.710E-03  8.664E-03  7.773E-03  7.018E-03  6.123E-03  5.402E-03  4.687E-03  4.115E-03  3.496E-03  2.976E-03  2.525E-03  2.130E-03  1.769E-03  1.460E-03  1.202E-03  9.882E-04  7.934E-04  6.390E-04  5.104E-04  4.078E-04  3.200E-04  2.514E-04  1.974E-04  1.540E-04  1.180E-04  8.952E-05  6.749E-05
  379.5000  4.777E-02  4.630E-02  4.484E-02  4.340E-02  4.197E-02  4.056E-02  3.915E-02  3.776E-02  3.639E-02  3.503E-02  3.368E-02  3.235E-02  3.104E-02  2.973E-02  2.845E-02  2.718E-02  2.593E-02  2.469E-02  2.348E-02  2.228E-02  2.110E-02  1.994E-02  1.881E-02  1.769E-02  1.660E-02  1.554E-02  1.450E-02  1.349E-02  1.251E-02  1.156E-02  1.065E-02  9.781E-03  8.952E-03  8.090E-03  7.184E-03  6.409E-03  5.750E-03  5.191E-03  4.528E-03  3.995E-03  3.466E-03  3.042E-03  2.584E-03  2.199E-03  1.866E-03  1.573E-03  1.307E-03  1.078E-03  8.874E-04  7.295E-04  5.855E-04  4.715E-04  3.765E-04  3.007E-04  2.360E-04  1.854E-04  1.455E-04  1.135E-04  8.697E-05  6.597E-05  4.974E-05
  380.5000  5.747E-02  5.570E-02  5.395E-02  5.222E-02  5.050E-02  4.880E-02  4.711E-02  4.544E-02  4.378E-02  4.215E-02  4.053E-02  3.893E-02  3.734E-02  3.578E-02  3.423E-02  3.271E-02  3.120E-02  2.971E-02  2.825E-02  2.681E-02  2.539E-02  2.400E-02  2.263E-02  2.129E-02  1.998E-02  1.870E-02  1.745E-02  1.624E-02  1.506E-02  1.392E-02  1.282E-02  1.177E-02  1.077E-02  9.733E-03  8.642E-03  7.710E-03  6.916E-03  6.243E-03  5.446E-03  4.803E-03  4.166E-03  3.657E-03  3.106E-03  2.643E-03  2.242E-03  1.890E-03  1.569E-03  1.295E-03  1.065E-03  8.756E-04  7.026E-04  5.657E-04  4.516E-04  3.607E-04  2.829E-04  2.222E-04  1.744E-04  1.361E-04  1.042E-04  7.906E-05  5.960E-05
  381.5000  5.403E-02  5.237E-02  5.072E-02  4.909E-02  4.748E-02  4.588E-02  4.429E-02  4.272E-02  4.116E-02  3.963E-02  3.811E-02  3.660E-02  3.511E-02  3.364E-02  3.218E-02  3.075E-02  2.933E-02  2.794E-02  2.656E-02  2.520E-02  2.388E-02  2.257E-02  2.128E-02  2.002E-02  1.879E-02  1.758E-02  1.641E-02  1.527E-02  1.416E-02  1.308E-02  1.205E-02  1.106E-02  1.012E-02  9.149E-03  8.123E-03  7.247E-03  6.499E-03  5.866E-03  5.117E-03  4.513E-03  3.914E-03  3.435E-03  2.916E-03  2.481E-03  2.105E-03  1.777E-03  1.473E-03  1.215E-03  9.993E-04  8.212E-04  6.588E-04  5.302E-04  4.233E-04  3.379E-04  2.650E-04  2.081E-04  1.633E-04  1.274E-04  9.758E-05  7.402E-05  5.580E-05
  382.5000  3.602E-02  3.491E-02  3.381E-02  3.273E-02  3.165E-02  3.058E-02  2.952E-02  2.848E-02  2.744E-02  2.642E-02  2.540E-02  2.440E-02  2.341E-02  2.242E-02  2.145E-02  2.050E-02  1.956E-02  1.862E-02  1.771E-02  1.680E-02  1.592E-02  1.504E-02  1.419E-02  1.335E-02  1.252E-02  1.172E-02  1.094E-02  1.018E-02  9.437E-03  8.721E-03  8.032E-03  7.374E-03  6.748E-03  6.098E-03  5.414E-03  4.829E-03  4.331E-03  3.909E-03  3.409E-03  3.006E-03  2.607E-03  2.287E-03  1.942E-03  1.652E-03  1.401E-03  1.182E-03  9.799E-04  8.083E-04  6.647E-04  5.461E-04  4.380E-04  3.524E-04  2.813E-04  2.245E-04  1.760E-04  1.382E-04  1.084E-04  8.459E-05  6.478E-05  4.914E-05  3.705E-05
  383.5000  3.164E-02  3.067E-02  2.970E-02  2.875E-02  2.780E-02  2.687E-02  2.594E-02  2.502E-02  2.411E-02  2.321E-02  2.232E-02  2.143E-02  2.056E-02  1.970E-02  1.885E-02  1.801E-02  1.718E-02  1.636E-02  1.556E-02  1.476E-02  1.398E-02  1.322E-02  1.246E-02  1.173E-02  1.100E-02  1.030E-02  9.610E-03  8.940E-03  8.290E-03  7.661E-03  7.056E-03  6.477E-03  5.927E-03  5.356E-03  4.755E-03  4.241E-03  3.803E-03  3.432E-03  2.993E-03  2.639E-03  2.288E-03  2.007E-03  1.704E-03  1.449E-03  1.229E-03  1.036E-03  8.592E-04  7.086E-04  5.826E-04  4.785E-04  3.837E-04  3.087E-04  2.463E-04  1.965E-04  1.541E-04  1.209E-04  9.487E-05  7.401E-05  5.667E-05  4.298E-05  3.241E-05
  384.5000  4.750E-02  4.604E-02  4.459E-02  4.316E-02  4.174E-02  4.033E-02  3.894E-02  3.756E-02  3.619E-02  3.484E-02  3.351E-02  3.218E-02  3.087E-02  2.958E-02  2.830E-02  2.704E-02  2.580E-02  2.457E-02  2.336E-02  2.217E-02  2.100E-02  1.984E-02  1.871E-02  1.761E-02  1.652E-02  1.546E-02  1.443E-02  1.342E-02  1.245E-02  1.150E-02  1.059E-02  9.725E-03  8.898E-03  8.040E-03  7.138E-03  6.366E-03  5.708E-03  5.150E-03  4.491E-03  3.959E-03  3.432E-03  3.011E-03  2.555E-03  2.173E-03  1.842E-03  1.553E-03  1.288E-03  1.062E-03  8.727E-04  7.166E-04  5.745E-04  4.621E-04  3.686E-04  2.941E-04  2.305E-04  1.809E-04  1.419E-04  1.107E-04  8.474E-05  6.427E-05  4.846E-05
  385.5000  4.702E-02  4.557E-02  4.414E-02  4.272E-02  4.132E-02  3.992E-02  3.854E-02  3.718E-02  3.582E-02  3.449E-02  3.316E-02  3.185E-02  3.056E-02  2.928E-02  2.801E-02  2.677E-02  2.553E-02  2.432E-02  2.312E-02  2.194E-02  2.078E-02  1.964E-02  1.852E-02  1.743E-02  1.635E-02  1.530E-02  1.428E-02  1.329E-02  1.232E-02  1.139E-02  1.049E-02  9.625E-03  8.807E-03  7.958E-03  7.064E-03  6.300E-03  5.648E-03  5.096E-03  4.443E-03  3.916E-03  3.394E-03  2.977E-03  2.526E-03  2.148E-03  1.821E-03  1.536E-03  1.272E-03  1.049E-03  8.619E-04  7.076E-04  5.672E-04  4.560E-04  3.637E-04  2.901E-04  2.273E-04  1.784E-04  1.399E-04  1.091E-04  8.353E-05  6.335E-05  4.777E-05
  386.5000  4.795E-02  4.647E-02  4.501E-02  4.357E-02  4.213E-02  4.071E-02  3.930E-02  3.791E-02  3.653E-02  3.517E-02  3.382E-02  3.248E-02  3.116E-02  2.986E-02  2.857E-02  2.730E-02  2.604E-02  2.480E-02  2.358E-02  2.238E-02  2.120E-02  2.003E-02  1.889E-02  1.777E-02  1.668E-02  1.561E-02  1.457E-02  1.355E-02  1.257E-02  1.161E-02  1.069E-02  9.815E-03  8.980E-03  8.114E-03  7.202E-03  6.423E-03  5.758E-03  5.194E-03  4.528E-03  3.990E-03  3.459E-03  3.033E-03  2.573E-03  2.188E-03  1.854E-03  1.563E-03  1.295E-03  1.067E-03  8.769E-04  7.198E-04  5.768E-04  4.637E-04  3.697E-04  2.948E-04  2.310E-04  1.812E-04  1.421E-04  1.108E-04  8.483E-05  6.433E-05  4.851E-05
  387.5000  4.458E-02  4.321E-02  4.185E-02  4.051E-02  3.917E-02  3.785E-02  3.654E-02  3.525E-02  3.396E-02  3.270E-02  3.144E-02  3.020E-02  2.897E-02  2.776E-02  2.656E-02  2.538E-02  2.421E-02  2.306E-02  2.192E-02  2.080E-02  1.971E-02  1.863E-02  1.757E-02  1.653E-02  1.551E-02  1.451E-02  1.354E-02  1.260E-02  1.168E-02  1.079E-02  9.940E-03  9.125E-03  8.348E-03  7.542E-03  6.695E-03  5.970E-03  5.351E-03  4.827E-03  4.207E-03  3.707E-03  3.213E-03  2.817E-03  2.390E-03  2.031E-03  1.721E-03  1.449E-03  1.202E-03  9.902E-04  8.135E-04  6.675E-04  5.348E-04  4.298E-04  3.426E-04  2.732E-04  2.140E-04  1.678E-04  1.316E-04  1.026E-04  7.854E-05  5.956E-05  4.491E-05
  388.5000  4.470E-02  4.332E-02  4.196E-02  4.061E-02  3.928E-02  3.795E-02  3.664E-02  3.534E-02  3.406E-02  3.279E-02  3.153E-02  3.028E-02  2.905E-02  2.783E-02  2.663E-02  2.545E-02  2.428E-02  2.312E-02  2.198E-02  2.086E-02  1.976E-02  1.868E-02  1.761E-02  1.657E-02  1.555E-02  1.455E-02  1.358E-02  1.263E-02  1.171E-02  1.082E-02  9.967E-03  9.149E-03  8.370E-03  7.561E-03  6.712E-03  5.984E-03  5.363E-03  4.837E-03  4.216E-03  3.715E-03  3.219E-03  2.822E-03  2.393E-03  2.034E-03  1.723E-03  1.450E-03  1.203E-03  9.908E-04  8.138E-04  6.677E-04  5.348E-04  4.297E-04  3.425E-04  2.730E-04  2.138E-04  1.676E-04  1.314E-04  1.025E-04  7.842E-05  5.946E-05  4.484E-05
  389.5000  5.639E-02  5.465E-02  5.294E-02  5.124E-02  4.955E-02  4.788E-02  4.622E-02  4.459E-02  4.296E-02  4.136E-02  3.978E-02  3.821E-02  3.665E-02  3.512E-02  3.360E-02  3.211E-02  3.063E-02  2.917E-02  2.774E-02  2.632E-02  2.493E-02  2.357E-02  2.222E-02  2.091E-02  1.962E-02  1.836E-02  1.713E-02  1.594E-02  1.478E-02  1.366E-02  1.257E-02  1.154E-02  1.056E-02  9.538E-03  8.466E-03  7.548E-03  6.764E-03  6.100E-03  5.316E-03  4.683E-03  4.057E-03  3.556E-03  3.016E-03  2.563E-03  2.171E-03  1.826E-03  1.515E-03  1.247E-03  1.024E-03  8.402E-04  6.729E-04  5.405E-04  4.307E-04  3.432E-04  2.687E-04  2.107E-04  1.651E-04  1.287E-04  9.852E-05  7.470E-05  5.633E-05
  390.5000  5.541E-02  5.371E-02  5.202E-02  5.035E-02  4.869E-02  4.705E-02  4.542E-02  4.381E-02  4.222E-02  4.065E-02  3.909E-02  3.754E-02  3.602E-02  3.451E-02  3.302E-02  3.155E-02  3.010E-02  2.867E-02  2.726E-02  2.587E-02  2.450E-02  2.316E-02  2.184E-02  2.055E-02  1.928E-02  1.804E-02  1.684E-02  1.566E-02  1.452E-02  1.342E-02  1.236E-02  1.134E-02  1.037E-02  9.372E-03  8.318E-03  7.415E-03  6.645E-03  5.992E-03  5.221E-03  4.599E-03  3.984E-03  3.491E-03  2.960E-03  2.515E-03  2.130E-03  1.792E-03  1.486E-03  1.223E-03  1.004E-03  8.237E-04  6.595E-04  5.296E-04  4.219E-04  3.361E-04  2.631E-04  2.063E-04  1.616E-04  1.260E-04  9.641E-05  7.310E-05  5.513E-05
  391.5000  6.577E-02  6.374E-02  6.174E-02  5.976E-02  5.779E-02  5.584E-02  5.391E-02  5.200E-02  5.011E-02  4.824E-02  4.639E-02  4.456E-02  4.275E-02  4.096E-02  3.919E-02  3.745E-02  3.573E-02  3.403E-02  3.235E-02  3.070E-02  2.909E-02  2.749E-02  2.593E-02  2.439E-02  2.289E-02  2.142E-02  1.999E-02  1.859E-02  1.724E-02  1.593E-02  1.467E-02  1.346E-02  1.231E-02  1.112E-02  9.872E-03  8.800E-03  7.885E-03  7.109E-03  6.194E-03  5.455E-03  4.725E-03  4.140E-03  3.510E-03  2.982E-03  2.525E-03  2.121E-03  1.760E-03  1.449E-03  1.190E-03  9.753E-04  7.807E-04  6.268E-04  4.992E-04  3.976E-04  3.112E-04  2.439E-04  1.911E-04  1.489E-04  1.140E-04  8.640E-05  6.516E-05
  392.5000  4.934E-02  4.782E-02  4.632E-02  4.483E-02  4.336E-02  4.189E-02  4.045E-02  3.901E-02  3.759E-02  3.619E-02  3.481E-02  3.343E-02  3.207E-02  3.073E-02  2.940E-02  2.810E-02  2.681E-02  2.553E-02  2.427E-02  2.304E-02  2.182E-02  2.063E-02  1.945E-02  1.830E-02  1.717E-02  1.607E-02  1.500E-02  1.395E-02  1.293E-02  1.195E-02  1.100E-02  1.010E-02  9.237E-03  8.344E-03  7.405E-03  6.600E-03  5.914E-03  5.331E-03  4.644E-03  4.090E-03  3.542E-03  3.103E-03  2.630E-03  2.234E-03  1.891E-03  1.589E-03  1.318E-03  1.085E-03  8.904E-04  7.299E-04  5.841E-04  4.689E-04  3.733E-04  2.973E-04  2.326E-04  1.823E-04  1.428E-04  1.113E-04  8.514E-05  6.455E-05  4.868E-05
  393.5000  2.146E-02  2.080E-02  2.014E-02  1.950E-02  1.886E-02  1.822E-02  1.759E-02  1.697E-02  1.635E-02  1.574E-02  1.514E-02  1.454E-02  1.395E-02  1.337E-02  1.279E-02  1.222E-02  1.166E-02  1.110E-02  1.056E-02  1.002E-02  9.492E-03  8.971E-03  8.460E-03  7.959E-03  7.469E-03  6.989E-03  6.523E-03  6.067E-03  5.625E-03  5.197E-03  4.785E-03  4.392E-03  4.017E-03  3.628E-03  3.220E-03  2.870E-03  2.571E-03  2.318E-03  2.019E-03  1.778E-03  1.539E-03  1.348E-03  1.143E-03  9.703E-04  8.214E-04  6.899E-04  5.723E-04  4.710E-04  3.864E-04  3.167E-04  2.534E-04  2.033E-04  1.619E-04  1.289E-04  1.008E-04  7.898E-05  6.186E-05  4.820E-05  3.687E-05  2.795E-05  2.108E-05
  394.5000  5.052E-02  4.896E-02  4.742E-02  4.590E-02  4.439E-02  4.289E-02  4.141E-02  3.994E-02  3.849E-02  3.706E-02  3.564E-02  3.423E-02  3.284E-02  3.146E-02  3.011E-02  2.877E-02  2.745E-02  2.614E-02  2.485E-02  2.359E-02  2.235E-02  2.112E-02  1.992E-02  1.874E-02  1.758E-02  1.645E-02  1.536E-02  1.428E-02  1.324E-02  1.223E-02  1.126E-02  1.034E-02  9.455E-03  8.540E-03  7.579E-03  6.754E-03  6.050E-03  5.453E-03  4.750E-03  4.182E-03  3.620E-03  3.171E-03  2.687E-03  2.281E-03  1.930E-03  1.620E-03  1.345E-03  1.106E-03  9.075E-04  7.435E-04  5.948E-04  4.772E-04  3.798E-04  3.023E-04  2.364E-04  1.852E-04  1.450E-04  1.130E-04  8.644E-05  6.552E-05  4.941E-05
  395.5000  6.502E-02  6.302E-02  6.104E-02  5.908E-02  5.713E-02  5.521E-02  5.330E-02  5.141E-02  4.954E-02  4.770E-02  4.587E-02  4.406E-02  4.227E-02  4.050E-02  3.875E-02  3.703E-02  3.533E-02  3.365E-02  3.199E-02  3.036E-02  2.876E-02  2.719E-02  2.564E-02  2.412E-02  2.263E-02  2.118E-02  1.977E-02  1.839E-02  1.705E-02  1.575E-02  1.450E-02  1.331E-02  1.217E-02  1.099E-02  9.754E-03  8.692E-03  7.785E-03  7.016E-03  6.110E-03  5.379E-03  4.656E-03  4.077E-03  3.454E-03  2.932E-03  2.481E-03  2.082E-03  1.728E-03  1.421E-03  1.165E-03  9.547E-04  7.635E-04  6.124E-04  4.873E-04  3.878E-04  3.032E-04  2.375E-04  1.859E-04  1.448E-04  1.108E-04  8.398E-05  6.333E-05
  396.5000  3.820E-02  3.702E-02  3.585E-02  3.470E-02  3.356E-02  3.243E-02  3.131E-02  3.020E-02  2.910E-02  2.802E-02  2.694E-02  2.588E-02  2.483E-02  2.379E-02  2.276E-02  2.175E-02  2.075E-02  1.977E-02  1.880E-02  1.784E-02  1.690E-02  1.597E-02  1.506E-02  1.417E-02  1.330E-02  1.244E-02  1.161E-02  1.080E-02  1.001E-02  9.252E-03  8.518E-03  7.816E-03  7.148E-03  6.456E-03  5.729E-03  5.105E-03  4.572E-03  4.120E-03  3.588E-03  3.158E-03  2.733E-03  2.393E-03  2.027E-03  1.720E-03  1.456E-03  1.222E-03  1.013E-03  8.332E-04  6.831E-04  5.595E-04  4.473E-04  3.587E-04  2.854E-04  2.270E-04  1.775E-04  1.390E-04  1.088E-04  8.475E-05  6.481E-05  4.913E-05  3.705E-05
  397.5000  4.409E-02  4.274E-02  4.139E-02  4.006E-02  3.874E-02  3.744E-02  3.614E-02  3.486E-02  3.360E-02  3.235E-02  3.110E-02  2.988E-02  2.866E-02  2.747E-02  2.628E-02  2.511E-02  2.396E-02  2.282E-02  2.170E-02  2.059E-02  1.951E-02  1.844E-02  1.739E-02  1.636E-02  1.535E-02  1.437E-02  1.341E-02  1.247E-02  1.156E-02  1.068E-02  9.834E-03  9.024E-03  8.252E-03  7.453E-03  6.614E-03  5.893E-03  5.277E-03  4.755E-03  4.140E-03  3.644E-03  3.153E-03  2.760E-03  2.338E-03  1.984E-03  1.678E-03  1.408E-03  1.168E-03  9.601E-04  7.870E-04  6.444E-04  5.151E-04  4.130E-04  3.284E-04  2.612E-04  2.042E-04  1.598E-04  1.251E-04  9.745E-05  7.451E-05  5.648E-05  4.259E-05
  398.5000  7.580E-02  7.346E-02  7.115E-02  6.887E-02  6.660E-02  6.435E-02  6.213E-02  5.993E-02  5.775E-02  5.560E-02  5.347E-02  5.136E-02  4.928E-02  4.722E-02  4.518E-02  4.317E-02  4.119E-02  3.923E-02  3.730E-02  3.540E-02  3.354E-02  3.170E-02  2.990E-02  2.813E-02  2.639E-02  2.470E-02  2.305E-02  2.144E-02  1.988E-02  1.836E-02  1.691E-02  1.551E-02  1.419E-02  1.281E-02  1.137E-02  1.013E-02  9.070E-03  8.172E-03  7.115E-03  6.260E-03  5.417E-03  4.741E-03  4.015E-03  3.407E-03  2.881E-03  2.415E-03  2.004E-03  1.647E-03  1.350E-03  1.105E-03  8.832E-04  7.079E-04  5.629E-04  4.476E-04  3.498E-04  2.738E-04  2.142E-04  1.668E-04  1.276E-04  9.668E-05  7.291E-05
  399.5000  7.887E-02  7.644E-02  7.403E-02  7.166E-02  6.930E-02  6.696E-02  6.465E-02  6.236E-02  6.009E-02  5.785E-02  5.563E-02  5.344E-02  5.127E-02  4.913E-02  4.701E-02  4.492E-02  4.286E-02  4.082E-02  3.882E-02  3.684E-02  3.490E-02  3.299E-02  3.111E-02  2.927E-02  2.747E-02  2.570E-02  2.399E-02  2.231E-02  2.068E-02  1.911E-02  1.759E-02  1.614E-02  1.476E-02  1.333E-02  1.183E-02  1.054E-02  9.435E-03  8.500E-03  7.399E-03  6.510E-03  5.632E-03  4.929E-03  4.173E-03  3.540E-03  2.994E-03  2.509E-03  2.081E-03  1.711E-03  1.402E-03  1.147E-03  9.165E-04  7.344E-04  5.839E-04  4.642E-04  3.626E-04  2.838E-04  2.220E-04  1.729E-04  1.322E-04  1.002E-04  7.554E-05
------------------------------------------------------------
Dose rates,W m-2
   1 = UV index (WMO, 1994; Webb et al., 2011)           
   2 = Previtamin-D3 (CIE 2006)                          
values at z =      0.025 km
Columns: time,sza,weighting spectra
time,hrs.  sza,deg.          1          2
   18.0000     83.479  1.229E-01  1.915E-03
   18.0167     83.676  1.182E-01  1.826E-03
   18.0333     83.873  1.136E-01  1.740E-03
   18.0500     84.070  1.092E-01  1.658E-03
   18.0667     84.268  1.048E-01  1.579E-03
   18.0833     84.466  1.005E-01  1.503E-03
   18.1000     84.664  9.632E-02  1.429E-03
   18.1167     84.862  9.223E-02  1.359E-03
   18.1333     85.061  8.823E-02  1.292E-03
   18.1500     85.259  8.434E-02  1.227E-03
   18.1667     85.458  8.053E-02  1.165E-03
   18.1833     85.657  7.682E-02  1.105E-03
   18.2000     85.856  7.320E-02  1.048E-03
   18.2167     86.055  6.966E-02  9.932E-04
   18.2333     86.254  6.622E-02  9.406E-04
   18.2500     86.453  6.288E-02  8.902E-04
   18.2667     86.653  5.962E-02  8.418E-04
   18.2833     86.853  5.644E-02  7.954E-04
   18.3000     87.053  5.336E-02  7.509E-04
   18.3167     87.253  5.036E-02  7.083E-04
   18.3333     87.453  4.746E-02  6.675E-04
   18.3500     87.654  4.464E-02  6.283E-04
   18.3667     87.854  4.191E-02  5.908E-04
   18.3833     88.055  3.926E-02  5.548E-04
   18.4000     88.256  3.671E-02  5.204E-04
   18.4167     88.457  3.424E-02  4.874E-04
   18.4333     88.658  3.187E-02  4.559E-04
   18.4500     88.859  2.958E-02  4.257E-04
   18.4667     89.061  2.739E-02  3.968E-04
   18.4833     89.262  2.528E-02  3.693E-04
   18.5000     89.464  2.328E-02  3.431E-04
   18.5167     89.665  2.139E-02  3.183E-04
   18.5333     89.868  1.960E-02  2.949E-04
   18.5500     90.070  1.776E-02  2.707E-04
   18.5667     90.272  1.584E-02  2.452E-04
   18.5833     90.475  1.420E-02  2.233E-04
   18.6000     90.677  1.281E-02  2.045E-04
   18.6167     90.879  1.163E-02  1.885E-04
   18.6333     91.082  1.024E-02  1.691E-04
   18.6500     91.285  9.109E-03  1.533E-04
   18.6667     91.488  7.987E-03  1.371E-04
   18.6833     91.692  7.084E-03  1.240E-04
   18.7000     91.895  6.102E-03  1.092E-04
   18.7167     92.098  5.268E-03  9.632E-05
   18.7333     92.301  4.537E-03  8.473E-05
   18.7500     92.505  3.879E-03  7.402E-05
   18.7667     92.709  3.289E-03  6.405E-05
   18.7833     92.913  2.767E-03  5.497E-05
   18.8000     93.116  2.320E-03  4.695E-05
   18.8167     93.321  1.943E-03  3.994E-05
   18.8333     93.525  1.588E-03  3.305E-05
   18.8500     93.729  1.301E-03  2.739E-05
   18.8667     93.934  1.053E-03  2.227E-05
   18.8833     94.138  8.513E-04  1.809E-05
   18.9000     94.343  6.729E-04  1.426E-05
   18.9167     94.547  5.299E-04  1.115E-05
   18.9333     94.752  4.145E-04  8.617E-06
   18.9500     94.957  3.204E-04  6.545E-06
   18.9667     95.163  2.427E-04  4.849E-06
   18.9833     95.368  1.805E-04  3.489E-06
   19.0000     95.573  1.319E-04  2.413E-06
------------------------------------------------------------
