Spectral Irradiance,W m-2 nm-1
values at z =      0.025 km
Columns: wavelength (nm),times (hrs.) or sza (deg.)
    wc,nm     18.000     18.017     18.033     18.050     18.067     18.083     18.100     18.117     18.133     18.150     18.167     18.183     18.200     18.217     18.233     18.250     18.267     18.283     18.300     18.317     18.333     18.350     18.367     18.383     18.400     18.417     18.433     18.450     18.467     18.483     18.500     18.517     18.533     18.550     18.567     18.583     18.600     18.617     18.633     18.650     18.667     18.683     18.700     18.717     18.733     18.750     18.767     18.783     18.800     18.817     18.833     18.850     18.867     18.883     18.900     18.917     18.933     18.950     18.967     18.983     19.000
    sza =      82.748     82.947     83.146     83.345     83.545     83.745     83.944     84.144     84.345     84.544     84.745     84.946     85.146     85.347     85.548     85.749     85.950     86.152     86.354     86.556     86.757     86.959     87.161     87.364     87.566     87.769     87.971     88.174     88.377     88.580     88.783     88.986     89.190     89.393     89.597     89.801     90.005     90.209     90.413     90.617     90.822     91.026     91.231     91.435     91.640     91.845     92.050     92.255     92.460     92.666     92.871     93.077     93.282     93.488     93.694     93.900     94.106     94.312     94.518     94.724     94.930
  280.5000  1.480E-26  1.454E-26  1.427E-26  1.401E-26  1.374E-26  1.348E-26  1.321E-26  1.295E-26  1.268E-26  1.242E-26  1.215E-26  1.188E-26  1.162E-26  1.135E-26  1.108E-26  1.081E-26  1.054E-26  1.026E-26  9.991E-27  9.715E-27  9.439E-27  9.160E-27  8.879E-27  8.597E-27  8.312E-27  8.026E-27  7.738E-27  7.447E-27  7.154E-27  6.859E-27  6.563E-27  6.266E-27  5.967E-27  5.668E-27  5.370E-27  5.075E-27  4.784E-27  4.394E-27  4.056E-27  3.762E-27  3.507E-27  3.228E-27  2.913E-27  2.671E-27  2.382E-27  2.109E-27  1.871E-27  1.671E-27  1.446E-27  1.244E-27  1.040E-27  8.678E-28  7.216E-28  5.969E-28  4.639E-28  3.633E-28  2.610E-28  1.785E-28  1.125E-28  6.097E-29  2.533E-29
  281.5000  3.342E-24  3.281E-24  3.221E-24  3.161E-24  3.101E-24  3.041E-24  2.981E-24  2.921E-24  2.860E-24  2.801E-24  2.740E-24  2.680E-24  2.620E-24  2.559E-24  2.498E-24  2.437E-24  2.376E-24  2.315E-24  2.253E-24  2.191E-24  2.129E-24  2.066E-24  2.003E-24  1.939E-24  1.875E-24  1.811E-24  1.746E-24  1.680E-24  1.615E-24  1.548E-24  1.482E-24  1.415E-24  1.348E-24  1.280E-24  1.213E-24  1.147E-24  1.082E-24  9.935E-25  9.174E-25  8.514E-25  7.938E-25  7.310E-25  6.599E-25  6.052E-25  5.400E-25  4.782E-25  4.243E-25  3.790E-25  3.282E-25  2.825E-25  2.363E-25  1.972E-25  1.642E-25  1.360E-25  1.061E-25  8.359E-26  6.074E-26  4.224E-26  2.735E-26  1.544E-26  6.854E-27
  282.5000  2.409E-22  2.365E-22  2.321E-22  2.278E-22  2.234E-22  2.190E-22  2.147E-22  2.103E-22  2.060E-22  2.017E-22  1.973E-22  1.930E-22  1.886E-22  1.842E-22  1.798E-22  1.755E-22  1.710E-22  1.666E-22  1.622E-22  1.577E-22  1.532E-22  1.487E-22  1.441E-22  1.396E-22  1.350E-22  1.303E-22  1.257E-22  1.210E-22  1.163E-22  1.115E-22  1.067E-22  1.019E-22  9.708E-23  9.226E-23  8.745E-23  8.269E-23  7.799E-23  7.166E-23  6.619E-23  6.145E-23  5.731E-23  5.279E-23  4.767E-23  4.373E-23  3.903E-23  3.458E-23  3.069E-23  2.742E-23  2.375E-23  2.045E-23  1.712E-23  1.430E-23  1.191E-23  9.877E-24  7.732E-24  6.121E-24  4.490E-24  3.168E-24  2.097E-24  1.227E-24  5.768E-25
  283.5000  3.499E-21  3.435E-21  3.371E-21  3.308E-21  3.244E-21  3.181E-21  3.117E-21  3.054E-21  2.991E-21  2.927E-21  2.864E-21  2.801E-21  2.737E-21  2.674E-21  2.610E-21  2.546E-21  2.482E-21  2.418E-21  2.353E-21  2.288E-21  2.223E-21  2.157E-21  2.091E-21  2.025E-21  1.958E-21  1.891E-21  1.824E-21  1.756E-21  1.687E-21  1.618E-21  1.549E-21  1.479E-21  1.409E-21  1.339E-21  1.270E-21  1.201E-21  1.133E-21  1.041E-21  9.619E-22  8.931E-22  8.331E-22  7.676E-22  6.934E-22  6.362E-22  5.680E-22  5.023E-22  4.468E-22  3.993E-22  3.460E-22  2.980E-22  2.495E-22  2.085E-22  1.737E-22  1.442E-22  1.131E-22  8.983E-23  6.628E-23  4.719E-23  3.170E-23  1.897E-23  9.257E-24
  284.5000  2.821E-19  2.769E-19  2.717E-19  2.665E-19  2.613E-19  2.562E-19  2.510E-19  2.459E-19  2.407E-19  2.356E-19  2.305E-19  2.253E-19  2.202E-19  2.150E-19  2.099E-19  2.047E-19  1.996E-19  1.944E-19  1.892E-19  1.839E-19  1.787E-19  1.734E-19  1.681E-19  1.628E-19  1.574E-19  1.521E-19  1.466E-19  1.412E-19  1.357E-19  1.302E-19  1.246E-19  1.190E-19  1.134E-19  1.078E-19  1.023E-19  9.675E-20  9.130E-20  8.394E-20  7.759E-20  7.208E-20  6.727E-20  6.202E-20  5.605E-20  5.146E-20  4.596E-20  4.075E-20  3.619E-20  3.236E-20  2.806E-20  2.418E-20  2.026E-20  1.694E-20  1.413E-20  1.175E-20  9.247E-21  7.382E-21  5.502E-21  3.977E-21  2.737E-21  1.702E-21  8.836E-22
  285.5000  4.554E-18  4.469E-18  4.384E-18  4.300E-18  4.216E-18  4.132E-18  4.048E-18  3.964E-18  3.881E-18  3.798E-18  3.714E-18  3.631E-18  3.548E-18  3.464E-18  3.381E-18  3.298E-18  3.214E-18  3.130E-18  3.046E-18  2.961E-18  2.877E-18  2.792E-18  2.706E-18  2.620E-18  2.534E-18  2.447E-18  2.360E-18  2.272E-18  2.184E-18  2.095E-18  2.006E-18  1.917E-18  1.827E-18  1.737E-18  1.647E-18  1.559E-18  1.471E-18  1.353E-18  1.251E-18  1.163E-18  1.086E-18  1.001E-18  9.054E-19  8.316E-19  7.431E-19  6.592E-19  5.857E-19  5.240E-19  4.545E-19  3.918E-19  3.285E-19  2.749E-19  2.295E-19  1.910E-19  1.507E-19  1.208E-19  9.068E-20  6.629E-20  4.644E-20  2.971E-20  1.618E-20
  286.5000  1.744E-16  1.712E-16  1.679E-16  1.646E-16  1.614E-16  1.581E-16  1.549E-16  1.517E-16  1.484E-16  1.452E-16  1.420E-16  1.388E-16  1.356E-16  1.324E-16  1.292E-16  1.260E-16  1.228E-16  1.196E-16  1.163E-16  1.131E-16  1.099E-16  1.066E-16  1.033E-16  1.000E-16  9.675E-17  9.343E-17  9.010E-17  8.675E-17  8.338E-17  7.999E-17  7.659E-17  7.319E-17  6.976E-17  6.634E-17  6.293E-17  5.956E-17  5.623E-17  5.173E-17  4.784E-17  4.448E-17  4.154E-17  3.832E-17  3.466E-17  3.185E-17  2.847E-17  2.526E-17  2.246E-17  2.010E-17  1.744E-17  1.504E-17  1.262E-17  1.057E-17  8.827E-18  7.351E-18  5.812E-18  4.672E-18  3.526E-18  2.599E-18  1.846E-18  1.206E-18  6.811E-19
  287.5000  3.714E-15  3.643E-15  3.572E-15  3.502E-15  3.432E-15  3.362E-15  3.293E-15  3.223E-15  3.154E-15  3.085E-15  3.016E-15  2.948E-15  2.879E-15  2.810E-15  2.742E-15  2.673E-15  2.605E-15  2.536E-15  2.467E-15  2.398E-15  2.329E-15  2.260E-15  2.190E-15  2.120E-15  2.050E-15  1.980E-15  1.909E-15  1.838E-15  1.767E-15  1.695E-15  1.623E-15  1.551E-15  1.479E-15  1.406E-15  1.334E-15  1.263E-15  1.193E-15  1.098E-15  1.015E-15  9.443E-16  8.823E-16  8.144E-16  7.370E-16  6.775E-16  6.060E-16  5.380E-16  4.785E-16  4.285E-16  3.720E-16  3.210E-16  2.695E-16  2.258E-16  1.888E-16  1.574E-16  1.247E-16  1.005E-16  7.630E-17  5.673E-17  4.086E-17  2.732E-17  1.602E-17
  288.5000  7.832E-14  7.679E-14  7.527E-14  7.377E-14  7.227E-14  7.077E-14  6.928E-14  6.780E-14  6.632E-14  6.486E-14  6.339E-14  6.192E-14  6.046E-14  5.900E-14  5.755E-14  5.610E-14  5.464E-14  5.318E-14  5.173E-14  5.027E-14  4.881E-14  4.735E-14  4.588E-14  4.441E-14  4.294E-14  4.146E-14  3.997E-14  3.848E-14  3.699E-14  3.548E-14  3.398E-14  3.247E-14  3.096E-14  2.944E-14  2.794E-14  2.646E-14  2.499E-14  2.300E-14  2.129E-14  1.981E-14  1.851E-14  1.710E-14  1.548E-14  1.424E-14  1.274E-14  1.132E-14  1.008E-14  9.030E-15  7.846E-15  6.775E-15  5.692E-15  4.772E-15  3.994E-15  3.333E-15  2.646E-15  2.141E-15  1.635E-15  1.227E-15  8.965E-16  6.139E-16  3.749E-16
  289.5000  1.208E-12  1.184E-12  1.160E-12  1.136E-12  1.113E-12  1.090E-12  1.066E-12  1.043E-12  1.020E-12  9.972E-13  9.744E-13  9.516E-13  9.289E-13  9.062E-13  8.836E-13  8.611E-13  8.385E-13  8.160E-13  7.934E-13  7.709E-13  7.484E-13  7.258E-13  7.031E-13  6.805E-13  6.577E-13  6.349E-13  6.122E-13  5.892E-13  5.663E-13  5.432E-13  5.201E-13  4.970E-13  4.738E-13  4.507E-13  4.277E-13  4.050E-13  3.826E-13  3.523E-13  3.261E-13  3.035E-13  2.838E-13  2.622E-13  2.375E-13  2.186E-13  1.957E-13  1.739E-13  1.549E-13  1.389E-13  1.207E-13  1.043E-13  8.770E-14  7.358E-14  6.162E-14  5.147E-14  4.093E-14  3.318E-14  2.544E-14  1.921E-14  1.419E-14  9.883E-15  6.215E-15
  290.5000  1.157E-11  1.133E-11  1.110E-11  1.087E-11  1.064E-11  1.042E-11  1.019E-11  9.966E-12  9.743E-12  9.522E-12  9.301E-12  9.081E-12  8.861E-12  8.642E-12  8.424E-12  8.207E-12  7.990E-12  7.773E-12  7.556E-12  7.339E-12  7.123E-12  6.907E-12  6.690E-12  6.472E-12  6.255E-12  6.037E-12  5.819E-12  5.601E-12  5.381E-12  5.162E-12  4.942E-12  4.722E-12  4.502E-12  4.282E-12  4.064E-12  3.848E-12  3.636E-12  3.348E-12  3.100E-12  2.885E-12  2.699E-12  2.494E-12  2.260E-12  2.081E-12  1.864E-12  1.658E-12  1.477E-12  1.325E-12  1.152E-12  9.963E-13  8.381E-13  7.036E-13  5.896E-13  4.928E-13  3.925E-13  3.188E-13  2.452E-13  1.862E-13  1.387E-13  9.788E-14  6.302E-14
  291.5000  9.875E-11  9.671E-11  9.468E-11  9.268E-11  9.069E-11  8.872E-11  8.675E-11  8.481E-11  8.287E-11  8.095E-11  7.903E-11  7.713E-11  7.523E-11  7.334E-11  7.146E-11  6.959E-11  6.772E-11  6.586E-11  6.399E-11  6.214E-11  6.028E-11  5.843E-11  5.657E-11  5.472E-11  5.286E-11  5.101E-11  4.915E-11  4.729E-11  4.543E-11  4.357E-11  4.170E-11  3.984E-11  3.798E-11  3.612E-11  3.428E-11  3.247E-11  3.067E-11  2.825E-11  2.615E-11  2.436E-11  2.279E-11  2.107E-11  1.910E-11  1.759E-11  1.577E-11  1.403E-11  1.251E-11  1.123E-11  9.776E-12  8.458E-12  7.121E-12  5.983E-12  5.018E-12  4.198E-12  3.348E-12  2.725E-12  2.104E-12  1.606E-12  1.207E-12  8.642E-13  5.705E-13
  292.5000  5.390E-10  5.275E-10  5.162E-10  5.051E-10  4.940E-10  4.830E-10  4.721E-10  4.612E-10  4.505E-10  4.399E-10  4.292E-10  4.187E-10  4.082E-10  3.978E-10  3.874E-10  3.771E-10  3.668E-10  3.566E-10  3.464E-10  3.362E-10  3.260E-10  3.159E-10  3.057E-10  2.956E-10  2.855E-10  2.753E-10  2.652E-10  2.551E-10  2.450E-10  2.349E-10  2.248E-10  2.147E-10  2.046E-10  1.946E-10  1.846E-10  1.749E-10  1.652E-10  1.521E-10  1.410E-10  1.312E-10  1.228E-10  1.136E-10  1.030E-10  9.491E-11  8.509E-11  7.577E-11  6.761E-11  6.071E-11  5.288E-11  4.578E-11  3.858E-11  3.244E-11  2.722E-11  2.279E-11  1.820E-11  1.484E-11  1.149E-11  8.810E-12  6.669E-12  4.830E-12  3.255E-12
  293.5000  3.391E-09  3.317E-09  3.244E-09  3.172E-09  3.100E-09  3.029E-09  2.959E-09  2.889E-09  2.820E-09  2.752E-09  2.684E-09  2.617E-09  2.550E-09  2.484E-09  2.418E-09  2.352E-09  2.287E-09  2.222E-09  2.157E-09  2.092E-09  2.028E-09  1.964E-09  1.900E-09  1.836E-09  1.772E-09  1.709E-09  1.646E-09  1.582E-09  1.519E-09  1.456E-09  1.392E-09  1.330E-09  1.267E-09  1.204E-09  1.143E-09  1.082E-09  1.022E-09  9.413E-10  8.719E-10  8.118E-10  7.598E-10  7.028E-10  6.375E-10  5.878E-10  5.273E-10  4.698E-10  4.196E-10  3.769E-10  3.285E-10  2.846E-10  2.400E-10  2.020E-10  1.696E-10  1.422E-10  1.137E-10  9.284E-11  7.207E-11  5.547E-11  4.227E-11  3.092E-11  2.122E-11
  294.5000  1.197E-08  1.170E-08  1.144E-08  1.118E-08  1.092E-08  1.066E-08  1.041E-08  1.016E-08  9.910E-09  9.665E-09  9.422E-09  9.180E-09  8.940E-09  8.703E-09  8.466E-09  8.233E-09  8.000E-09  7.768E-09  7.538E-09  7.308E-09  7.081E-09  6.854E-09  6.627E-09  6.402E-09  6.177E-09  5.952E-09  5.729E-09  5.506E-09  5.284E-09  5.062E-09  4.840E-09  4.620E-09  4.400E-09  4.182E-09  3.967E-09  3.755E-09  3.547E-09  3.266E-09  3.025E-09  2.817E-09  2.636E-09  2.439E-09  2.213E-09  2.041E-09  1.831E-09  1.632E-09  1.458E-09  1.311E-09  1.143E-09  9.911E-10  8.366E-10  7.044E-10  5.921E-10  4.965E-10  3.975E-10  3.250E-10  2.529E-10  1.952E-10  1.495E-10  1.103E-10  7.679E-11
  295.5000  5.878E-08  5.742E-08  5.607E-08  5.474E-08  5.343E-08  5.214E-08  5.086E-08  4.959E-08  4.834E-08  4.711E-08  4.589E-08  4.468E-08  4.348E-08  4.229E-08  4.111E-08  3.995E-08  3.879E-08  3.764E-08  3.650E-08  3.537E-08  3.424E-08  3.312E-08  3.201E-08  3.090E-08  2.979E-08  2.869E-08  2.760E-08  2.651E-08  2.542E-08  2.434E-08  2.326E-08  2.220E-08  2.113E-08  2.008E-08  1.903E-08  1.801E-08  1.701E-08  1.566E-08  1.450E-08  1.350E-08  1.263E-08  1.169E-08  1.061E-08  9.785E-09  8.782E-09  7.832E-09  7.003E-09  6.296E-09  5.495E-09  4.768E-09  4.028E-09  3.394E-09  2.856E-09  2.397E-09  1.921E-09  1.573E-09  1.227E-09  9.501E-10  7.314E-10  5.435E-10  3.839E-10
  296.5000  1.816E-07  1.773E-07  1.730E-07  1.687E-07  1.645E-07  1.604E-07  1.563E-07  1.523E-07  1.484E-07  1.445E-07  1.406E-07  1.368E-07  1.330E-07  1.293E-07  1.256E-07  1.219E-07  1.183E-07  1.147E-07  1.111E-07  1.076E-07  1.041E-07  1.006E-07  9.717E-08  9.373E-08  9.032E-08  8.693E-08  8.357E-08  8.021E-08  7.688E-08  7.356E-08  7.026E-08  6.699E-08  6.374E-08  6.052E-08  5.735E-08  5.425E-08  5.120E-08  4.712E-08  4.362E-08  4.061E-08  3.800E-08  3.516E-08  3.190E-08  2.944E-08  2.642E-08  2.357E-08  2.108E-08  1.897E-08  1.657E-08  1.438E-08  1.216E-08  1.026E-08  8.636E-09  7.254E-09  5.823E-09  4.773E-09  3.729E-09  2.896E-09  2.239E-09  1.674E-09  1.196E-09
  297.5000  5.824E-07  5.678E-07  5.534E-07  5.393E-07  5.255E-07  5.118E-07  4.983E-07  4.851E-07  4.720E-07  4.591E-07  4.465E-07  4.339E-07  4.215E-07  4.093E-07  3.973E-07  3.854E-07  3.736E-07  3.619E-07  3.504E-07  3.390E-07  3.277E-07  3.165E-07  3.053E-07  2.943E-07  2.834E-07  2.725E-07  2.618E-07  2.511E-07  2.405E-07  2.299E-07  2.195E-07  2.091E-07  1.988E-07  1.887E-07  1.787E-07  1.689E-07  1.594E-07  1.466E-07  1.357E-07  1.262E-07  1.181E-07  1.092E-07  9.912E-08  9.146E-08  8.211E-08  7.328E-08  6.555E-08  5.901E-08  5.157E-08  4.480E-08  3.792E-08  3.201E-08  2.697E-08  2.267E-08  1.822E-08  1.495E-08  1.170E-08  9.109E-09  7.068E-09  5.312E-09  3.833E-09
  298.5000  1.088E-06  1.060E-06  1.032E-06  1.004E-06  9.776E-07  9.512E-07  9.252E-07  8.997E-07  8.746E-07  8.500E-07  8.256E-07  8.017E-07  7.781E-07  7.548E-07  7.318E-07  7.093E-07  6.869E-07  6.648E-07  6.430E-07  6.215E-07  6.003E-07  5.792E-07  5.584E-07  5.377E-07  5.173E-07  4.971E-07  4.771E-07  4.572E-07  4.375E-07  4.180E-07  3.987E-07  3.796E-07  3.607E-07  3.421E-07  3.237E-07  3.058E-07  2.883E-07  2.651E-07  2.452E-07  2.281E-07  2.133E-07  1.972E-07  1.789E-07  1.651E-07  1.482E-07  1.323E-07  1.184E-07  1.066E-07  9.320E-08  8.102E-08  6.864E-08  5.798E-08  4.889E-08  4.113E-08  3.309E-08  2.718E-08  2.131E-08  1.662E-08  1.294E-08  9.764E-09  7.102E-09
  299.5000  3.763E-06  3.661E-06  3.560E-06  3.462E-06  3.365E-06  3.271E-06  3.177E-06  3.086E-06  2.996E-06  2.908E-06  2.822E-06  2.737E-06  2.653E-06  2.571E-06  2.490E-06  2.410E-06  2.331E-06  2.254E-06  2.178E-06  2.102E-06  2.028E-06  1.955E-06  1.883E-06  1.811E-06  1.740E-06  1.671E-06  1.602E-06  1.534E-06  1.466E-06  1.400E-06  1.334E-06  1.269E-06  1.204E-06  1.141E-06  1.079E-06  1.019E-06  9.595E-07  8.818E-07  8.185E-07  7.576E-07  7.080E-07  6.546E-07  5.936E-07  5.476E-07  4.915E-07  4.388E-07  3.927E-07  3.537E-07  3.094E-07  2.691E-07  2.282E-07  1.929E-07  1.628E-07  1.371E-07  1.104E-07  9.078E-08  7.128E-08  5.570E-08  4.349E-08  3.293E-08  2.412E-08
  300.5000  5.028E-06  4.885E-06  4.746E-06  4.610E-06  4.476E-06  4.345E-06  4.216E-06  4.090E-06  3.967E-06  3.846E-06  3.727E-06  3.611E-06  3.496E-06  3.384E-06  3.274E-06  3.165E-06  3.059E-06  2.954E-06  2.851E-06  2.749E-06  2.649E-06  2.551E-06  2.454E-06  2.358E-06  2.264E-06  2.171E-06  2.079E-06  1.989E-06  1.899E-06  1.811E-06  1.724E-06  1.639E-06  1.554E-06  1.471E-06  1.390E-06  1.311E-06  1.234E-06  1.133E-06  1.046E-06  9.725E-07  9.081E-07  8.394E-07  7.608E-07  7.017E-07  6.297E-07  5.621E-07  5.032E-07  4.532E-07  3.966E-07  3.451E-07  2.929E-07  2.477E-07  2.092E-07  1.763E-07  1.421E-07  1.170E-07  9.198E-08  7.200E-08  5.635E-08  4.279E-08  3.151E-08
  301.5000  1.499E-05  1.454E-05  1.410E-05  1.367E-05  1.326E-05  1.285E-05  1.245E-05  1.206E-05  1.168E-05  1.130E-05  1.094E-05  1.058E-05  1.023E-05  9.884E-06  9.547E-06  9.217E-06  8.893E-06  8.575E-06  8.263E-06  7.956E-06  7.656E-06  7.360E-06  7.070E-06  6.784E-06  6.503E-06  6.227E-06  5.956E-06  5.689E-06  5.426E-06  5.167E-06  4.912E-06  4.663E-06  4.417E-06  4.176E-06  3.947E-06  3.712E-06  3.491E-06  3.203E-06  2.955E-06  2.742E-06  2.559E-06  2.363E-06  2.141E-06  1.973E-06  1.770E-06  1.580E-06  1.414E-06  1.273E-06  1.115E-06  9.705E-07  8.244E-07  6.980E-07  5.899E-07  4.974E-07  4.016E-07  3.309E-07  2.606E-07  2.043E-07  1.604E-07  1.221E-07  9.041E-08
  302.5000  2.480E-05  2.402E-05  2.327E-05  2.253E-05  2.181E-05  2.112E-05  2.043E-05  1.977E-05  1.912E-05  1.848E-05  1.786E-05  1.726E-05  1.667E-05  1.609E-05  1.552E-05  1.496E-05  1.442E-05  1.389E-05  1.337E-05  1.285E-05  1.235E-05  1.186E-05  1.138E-05  1.091E-05  1.044E-05  9.987E-06  9.541E-06  9.102E-06  8.671E-06  8.247E-06  7.832E-06  7.426E-06  7.027E-06  6.637E-06  6.256E-06  5.888E-06  5.531E-06  5.070E-06  4.674E-06  4.334E-06  4.041E-06  3.729E-06  3.376E-06  3.110E-06  2.789E-06  2.489E-06  2.227E-06  2.005E-06  1.755E-06  1.529E-06  1.300E-06  1.101E-06  9.310E-07  7.855E-07  6.350E-07  5.234E-07  4.127E-07  3.241E-07  2.548E-07  1.943E-07  1.445E-07
  303.5000  6.083E-05  5.879E-05  5.681E-05  5.490E-05  5.304E-05  5.124E-05  4.948E-05  4.778E-05  4.612E-05  4.451E-05  4.294E-05  4.140E-05  3.991E-05  3.845E-05  3.703E-05  3.564E-05  3.429E-05  3.296E-05  3.166E-05  3.040E-05  2.916E-05  2.795E-05  2.677E-05  2.561E-05  2.448E-05  2.337E-05  2.228E-05  2.122E-05  2.018E-05  1.916E-05  1.817E-05  1.720E-05  1.624E-05  1.532E-05  1.442E-05  1.355E-05  1.271E-05  1.163E-05  1.071E-05  9.919E-06  9.238E-06  8.515E-06  7.700E-06  7.089E-06  6.351E-06  5.664E-06  5.068E-06  4.558E-06  3.993E-06  3.478E-06  2.959E-06  2.508E-06  2.123E-06  1.793E-06  1.451E-06  1.197E-06  9.456E-07  7.438E-07  5.862E-07  4.479E-07  3.344E-07
  304.5000  8.343E-05  8.049E-05  7.765E-05  7.492E-05  7.226E-05  6.970E-05  6.721E-05  6.481E-05  6.247E-05  6.021E-05  5.800E-05  5.586E-05  5.377E-05  5.174E-05  4.976E-05  4.784E-05  4.596E-05  4.413E-05  4.234E-05  4.060E-05  3.890E-05  3.724E-05  3.562E-05  3.403E-05  3.249E-05  3.097E-05  2.950E-05  2.806E-05  2.665E-05  2.527E-05  2.393E-05  2.263E-05  2.135E-05  2.011E-05  1.890E-05  1.774E-05  1.663E-05  1.521E-05  1.399E-05  1.294E-05  1.204E-05  1.109E-05  1.002E-05  9.219E-06  8.254E-06  7.359E-06  6.581E-06  5.923E-06  5.183E-06  4.516E-06  3.843E-06  3.259E-06  2.760E-06  2.332E-06  1.889E-06  1.560E-06  1.233E-06  9.713E-07  7.667E-07  5.865E-07  4.389E-07
  305.5000  1.604E-04  1.542E-04  1.482E-04  1.425E-04  1.370E-04  1.317E-04  1.266E-04  1.217E-04  1.170E-04  1.125E-04  1.081E-04  1.038E-04  9.965E-05  9.564E-05  9.176E-05  8.800E-05  8.434E-05  8.079E-05  7.733E-05  7.397E-05  7.072E-05  6.754E-05  6.444E-05  6.143E-05  5.850E-05  5.565E-05  5.288E-05  5.018E-05  4.755E-05  4.499E-05  4.250E-05  4.009E-05  3.774E-05  3.546E-05  3.327E-05  3.117E-05  2.915E-05  2.661E-05  2.443E-05  2.256E-05  2.095E-05  1.927E-05  1.739E-05  1.597E-05  1.429E-05  1.272E-05  1.137E-05  1.022E-05  8.947E-06  7.794E-06  6.637E-06  5.632E-06  4.773E-06  4.035E-06  3.274E-06  2.706E-06  2.143E-06  1.691E-06  1.338E-06  1.025E-06  7.698E-07
  306.5000  1.996E-04  1.915E-04  1.838E-04  1.764E-04  1.693E-04  1.625E-04  1.560E-04  1.497E-04  1.436E-04  1.378E-04  1.322E-04  1.268E-04  1.216E-04  1.166E-04  1.117E-04  1.070E-04  1.024E-04  9.796E-05  9.366E-05  8.948E-05  8.544E-05  8.150E-05  7.768E-05  7.397E-05  7.035E-05  6.685E-05  6.345E-05  6.013E-05  5.691E-05  5.379E-05  5.075E-05  4.782E-05  4.496E-05  4.221E-05  3.955E-05  3.701E-05  3.457E-05  3.153E-05  2.892E-05  2.668E-05  2.476E-05  2.275E-05  2.051E-05  1.883E-05  1.683E-05  1.498E-05  1.338E-05  1.202E-05  1.052E-05  9.164E-06  7.806E-06  6.625E-06  5.616E-06  4.750E-06  3.858E-06  3.190E-06  2.529E-06  1.997E-06  1.582E-06  1.213E-06  9.126E-07
  307.5000  4.229E-04  4.040E-04  3.861E-04  3.690E-04  3.526E-04  3.370E-04  3.221E-04  3.078E-04  2.942E-04  2.812E-04  2.687E-04  2.568E-04  2.453E-04  2.343E-04  2.237E-04  2.135E-04  2.037E-04  1.943E-04  1.851E-04  1.763E-04  1.679E-04  1.597E-04  1.517E-04  1.440E-04  1.366E-04  1.294E-04  1.225E-04  1.158E-04  1.092E-04  1.029E-04  9.685E-05  9.099E-05  8.532E-05  7.986E-05  7.462E-05  6.963E-05  6.486E-05  5.903E-05  5.400E-05  4.970E-05  4.601E-05  4.219E-05  3.795E-05  3.479E-05  3.103E-05  2.759E-05  2.461E-05  2.209E-05  1.931E-05  1.682E-05  1.433E-05  1.216E-05  1.032E-05  8.731E-06  7.102E-06  5.878E-06  4.668E-06  3.693E-06  2.931E-06  2.251E-06  1.699E-06
  308.5000  5.571E-04  5.313E-04  5.068E-04  4.835E-04  4.613E-04  4.400E-04  4.198E-04  4.005E-04  3.821E-04  3.646E-04  3.478E-04  3.317E-04  3.164E-04  3.017E-04  2.876E-04  2.741E-04  2.611E-04  2.486E-04  2.366E-04  2.250E-04  2.139E-04  2.032E-04  1.928E-04  1.828E-04  1.732E-04  1.639E-04  1.549E-04  1.462E-04  1.378E-04  1.297E-04  1.219E-04  1.143E-04  1.071E-04  1.001E-04  9.340E-05  8.704E-05  8.099E-05  7.361E-05  6.727E-05  6.183E-05  5.718E-05  5.237E-05  4.707E-05  4.310E-05  3.842E-05  3.413E-05  3.043E-05  2.729E-05  2.385E-05  2.076E-05  1.769E-05  1.502E-05  1.274E-05  1.079E-05  8.780E-06  7.271E-06  5.780E-06  4.576E-06  3.637E-06  2.795E-06  2.112E-06
  309.5000  6.714E-04  6.387E-04  6.075E-04  5.778E-04  5.495E-04  5.225E-04  4.968E-04  4.724E-04  4.491E-04  4.270E-04  4.058E-04  3.857E-04  3.665E-04  3.482E-04  3.308E-04  3.142E-04  2.983E-04  2.831E-04  2.685E-04  2.546E-04  2.412E-04  2.284E-04  2.161E-04  2.043E-04  1.930E-04  1.821E-04  1.716E-04  1.615E-04  1.518E-04  1.425E-04  1.335E-04  1.249E-04  1.167E-04  1.088E-04  1.012E-04  9.409E-05  8.731E-05  7.917E-05  7.216E-05  6.616E-05  6.103E-05  5.578E-05  5.002E-05  4.572E-05  4.067E-05  3.607E-05  3.211E-05  2.876E-05  2.512E-05  2.184E-05  1.861E-05  1.580E-05  1.341E-05  1.135E-05  9.252E-06  7.668E-06  6.105E-06  4.841E-06  3.853E-06  2.965E-06  2.246E-06
  310.5000  1.172E-03  1.114E-03  1.058E-03  1.004E-03  9.535E-04  9.048E-04  8.585E-04  8.144E-04  7.724E-04  7.325E-04  6.944E-04  6.582E-04  6.237E-04  5.910E-04  5.598E-04  5.301E-04  5.018E-04  4.749E-04  4.492E-04  4.247E-04  4.014E-04  3.790E-04  3.577E-04  3.373E-04  3.178E-04  2.991E-04  2.812E-04  2.640E-04  2.476E-04  2.318E-04  2.167E-04  2.023E-04  1.885E-04  1.753E-04  1.628E-04  1.509E-04  1.397E-04  1.264E-04  1.150E-04  1.052E-04  9.679E-05  8.828E-05  7.902E-05  7.209E-05  6.401E-05  5.668E-05  5.040E-05  4.507E-05  3.932E-05  3.417E-05  2.910E-05  2.470E-05  2.096E-05  1.775E-05  1.448E-05  1.201E-05  9.573E-06  7.602E-06  6.059E-06  4.668E-06  3.542E-06
  311.5000  1.795E-03  1.705E-03  1.618E-03  1.535E-03  1.456E-03  1.380E-03  1.308E-03  1.239E-03  1.173E-03  1.111E-03  1.051E-03  9.948E-04  9.410E-04  8.898E-04  8.411E-04  7.949E-04  7.510E-04  7.091E-04  6.693E-04  6.315E-04  5.955E-04  5.612E-04  5.285E-04  4.973E-04  4.676E-04  4.392E-04  4.122E-04  3.863E-04  3.615E-04  3.379E-04  3.153E-04  2.938E-04  2.733E-04  2.537E-04  2.351E-04  2.176E-04  2.011E-04  1.817E-04  1.649E-04  1.506E-04  1.384E-04  1.260E-04  1.126E-04  1.026E-04  9.096E-05  8.045E-05  7.144E-05  6.381E-05  5.562E-05  4.831E-05  4.113E-05  3.490E-05  2.961E-05  2.508E-05  2.047E-05  1.698E-05  1.355E-05  1.077E-05  8.595E-06  6.627E-06  5.035E-06
  312.5000  2.469E-03  2.345E-03  2.226E-03  2.111E-03  2.001E-03  1.895E-03  1.794E-03  1.697E-03  1.605E-03  1.517E-03  1.432E-03  1.352E-03  1.275E-03  1.202E-03  1.133E-03  1.067E-03  1.004E-03  9.446E-04  8.881E-04  8.344E-04  7.837E-04  7.354E-04  6.896E-04  6.461E-04  6.048E-04  5.657E-04  5.286E-04  4.933E-04  4.598E-04  4.280E-04  3.978E-04  3.692E-04  3.419E-04  3.162E-04  2.919E-04  2.691E-04  2.477E-04  2.229E-04  2.016E-04  1.833E-04  1.678E-04  1.522E-04  1.355E-04  1.230E-04  1.087E-04  9.588E-05  8.491E-05  7.563E-05  6.584E-05  5.702E-05  4.850E-05  4.112E-05  3.486E-05  2.952E-05  2.412E-05  2.002E-05  1.601E-05  1.275E-05  1.019E-05  7.871E-06  5.995E-06
  313.5000  3.044E-03  2.892E-03  2.745E-03  2.604E-03  2.469E-03  2.338E-03  2.214E-03  2.094E-03  1.979E-03  1.870E-03  1.766E-03  1.666E-03  1.571E-03  1.480E-03  1.394E-03  1.312E-03  1.234E-03  1.160E-03  1.090E-03  1.023E-03  9.598E-04  8.998E-04  8.429E-04  7.890E-04  7.379E-04  6.895E-04  6.437E-04  6.001E-04  5.588E-04  5.196E-04  4.825E-04  4.473E-04  4.140E-04  3.825E-04  3.528E-04  3.249E-04  2.988E-04  2.685E-04  2.427E-04  2.205E-04  2.016E-04  1.828E-04  1.626E-04  1.475E-04  1.302E-04  1.147E-04  1.015E-04  9.033E-05  7.850E-05  6.802E-05  5.783E-05  4.901E-05  4.155E-05  3.518E-05  2.875E-05  2.387E-05  1.909E-05  1.522E-05  1.217E-05  9.407E-06  7.172E-06
  314.5000  4.219E-03  4.016E-03  3.819E-03  3.629E-03  3.444E-03  3.266E-03  3.095E-03  2.930E-03  2.771E-03  2.619E-03  2.472E-03  2.331E-03  2.197E-03  2.068E-03  1.945E-03  1.827E-03  1.715E-03  1.609E-03  1.507E-03  1.411E-03  1.319E-03  1.233E-03  1.150E-03  1.073E-03  9.989E-04  9.292E-04  8.636E-04  8.015E-04  7.428E-04  6.875E-04  6.354E-04  5.864E-04  5.401E-04  4.967E-04  4.559E-04  4.180E-04  3.826E-04  3.424E-04  3.080E-04  2.786E-04  2.535E-04  2.288E-04  2.026E-04  1.830E-04  1.608E-04  1.411E-04  1.244E-04  1.103E-04  9.561E-05  8.259E-05  7.008E-05  5.929E-05  5.019E-05  4.246E-05  3.472E-05  2.883E-05  2.310E-05  1.844E-05  1.478E-05  1.145E-05  8.749E-06
  315.5000  4.602E-03  4.382E-03  4.168E-03  3.962E-03  3.763E-03  3.570E-03  3.383E-03  3.204E-03  3.031E-03  2.865E-03  2.705E-03  2.551E-03  2.404E-03  2.263E-03  2.129E-03  2.000E-03  1.878E-03  1.761E-03  1.649E-03  1.543E-03  1.443E-03  1.348E-03  1.257E-03  1.172E-03  1.091E-03  1.014E-03  9.422E-04  8.739E-04  8.096E-04  7.489E-04  6.917E-04  6.380E-04  5.871E-04  5.397E-04  4.952E-04  4.537E-04  4.150E-04  3.712E-04  3.337E-04  3.016E-04  2.743E-04  2.474E-04  2.189E-04  1.976E-04  1.736E-04  1.522E-04  1.341E-04  1.188E-04  1.027E-04  8.885E-05  7.536E-05  6.373E-05  5.394E-05  4.562E-05  3.731E-05  3.098E-05  2.483E-05  1.984E-05  1.590E-05  1.233E-05  9.430E-06
  316.5000  6.019E-03  5.747E-03  5.482E-03  5.224E-03  4.973E-03  4.730E-03  4.493E-03  4.264E-03  4.042E-03  3.828E-03  3.620E-03  3.420E-03  3.227E-03  3.041E-03  2.862E-03  2.691E-03  2.527E-03  2.369E-03  2.219E-03  2.075E-03  1.938E-03  1.808E-03  1.684E-03  1.566E-03  1.454E-03  1.349E-03  1.249E-03  1.155E-03  1.066E-03  9.826E-04  9.040E-04  8.304E-04  7.612E-04  6.966E-04  6.363E-04  5.803E-04  5.285E-04  4.707E-04  4.211E-04  3.789E-04  3.430E-04  3.079E-04  2.712E-04  2.437E-04  2.131E-04  1.860E-04  1.632E-04  1.440E-04  1.243E-04  1.069E-04  9.043E-05  7.628E-05  6.443E-05  5.441E-05  4.448E-05  3.693E-05  2.963E-05  2.371E-05  1.903E-05  1.478E-05  1.134E-05
  317.5000  8.513E-03  8.127E-03  7.752E-03  7.387E-03  7.032E-03  6.687E-03  6.353E-03  6.028E-03  5.714E-03  5.411E-03  5.118E-03  4.834E-03  4.561E-03  4.299E-03  4.046E-03  3.804E-03  3.572E-03  3.349E-03  3.136E-03  2.933E-03  2.740E-03  2.555E-03  2.380E-03  2.214E-03  2.056E-03  1.907E-03  1.766E-03  1.633E-03  1.508E-03  1.390E-03  1.279E-03  1.175E-03  1.077E-03  9.859E-04  9.007E-04  8.217E-04  7.485E-04  6.667E-04  5.966E-04  5.369E-04  4.862E-04  4.366E-04  3.845E-04  3.457E-04  3.022E-04  2.639E-04  2.315E-04  2.043E-04  1.763E-04  1.517E-04  1.283E-04  1.082E-04  9.141E-05  7.720E-05  6.312E-05  5.240E-05  4.206E-05  3.365E-05  2.703E-05  2.100E-05  1.611E-05
  318.5000  8.700E-03  8.334E-03  7.975E-03  7.625E-03  7.282E-03  6.948E-03  6.621E-03  6.303E-03  5.993E-03  5.693E-03  5.400E-03  5.115E-03  4.840E-03  4.573E-03  4.314E-03  4.065E-03  3.825E-03  3.593E-03  3.369E-03  3.155E-03  2.950E-03  2.753E-03  2.565E-03  2.386E-03  2.215E-03  2.053E-03  1.899E-03  1.753E-03  1.615E-03  1.485E-03  1.363E-03  1.248E-03  1.140E-03  1.040E-03  9.461E-04  8.595E-04  7.795E-04  6.912E-04  6.156E-04  5.513E-04  4.967E-04  4.438E-04  3.888E-04  3.478E-04  3.024E-04  2.627E-04  2.294E-04  2.014E-04  1.729E-04  1.481E-04  1.248E-04  1.049E-04  8.834E-05  7.441E-05  6.077E-05  5.040E-05  4.047E-05  3.242E-05  2.607E-05  2.030E-05  1.563E-05
  319.5000  1.116E-02  1.070E-02  1.025E-02  9.805E-03  9.370E-03  8.946E-03  8.532E-03  8.127E-03  7.733E-03  7.351E-03  6.977E-03  6.615E-03  6.262E-03  5.921E-03  5.590E-03  5.271E-03  4.962E-03  4.663E-03  4.376E-03  4.100E-03  3.835E-03  3.581E-03  3.338E-03  3.105E-03  2.884E-03  2.673E-03  2.473E-03  2.283E-03  2.104E-03  1.934E-03  1.774E-03  1.625E-03  1.484E-03  1.353E-03  1.230E-03  1.117E-03  1.013E-03  8.975E-04  7.988E-04  7.149E-04  6.437E-04  5.747E-04  5.031E-04  4.497E-04  3.906E-04  3.390E-04  2.957E-04  2.594E-04  2.226E-04  1.904E-04  1.603E-04  1.346E-04  1.133E-04  9.537E-05  7.785E-05  6.455E-05  5.183E-05  4.154E-05  3.342E-05  2.604E-05  2.006E-05
  320.5000  1.445E-02  1.386E-02  1.328E-02  1.272E-02  1.217E-02  1.163E-02  1.110E-02  1.058E-02  1.008E-02  9.587E-03  9.108E-03  8.642E-03  8.188E-03  7.748E-03  7.321E-03  6.909E-03  6.508E-03  6.122E-03  5.749E-03  5.389E-03  5.044E-03  4.712E-03  4.394E-03  4.090E-03  3.799E-03  3.522E-03  3.259E-03  3.008E-03  2.772E-03  2.548E-03  2.337E-03  2.139E-03  1.952E-03  1.778E-03  1.616E-03  1.466E-03  1.328E-03  1.175E-03  1.045E-03  9.341E-04  8.401E-04  7.492E-04  6.549E-04  5.847E-04  5.071E-04  4.394E-04  3.827E-04  3.353E-04  2.871E-04  2.454E-04  2.064E-04  1.731E-04  1.455E-04  1.224E-04  9.984E-05  8.274E-05  6.644E-05  5.326E-05  4.286E-05  3.342E-05  2.577E-05
  321.5000  1.577E-02  1.519E-02  1.461E-02  1.405E-02  1.350E-02  1.295E-02  1.242E-02  1.189E-02  1.137E-02  1.087E-02  1.037E-02  9.884E-03  9.408E-03  8.942E-03  8.488E-03  8.046E-03  7.614E-03  7.194E-03  6.785E-03  6.388E-03  6.005E-03  5.632E-03  5.272E-03  4.925E-03  4.591E-03  4.270E-03  3.962E-03  3.667E-03  3.386E-03  3.118E-03  2.863E-03  2.623E-03  2.395E-03  2.181E-03  1.981E-03  1.795E-03  1.623E-03  1.433E-03  1.270E-03  1.132E-03  1.015E-03  9.012E-04  7.840E-04  6.970E-04  6.010E-04  5.179E-04  4.486E-04  3.906E-04  3.325E-04  2.825E-04  2.362E-04  1.969E-04  1.646E-04  1.378E-04  1.121E-04  9.259E-05  7.425E-05  5.953E-05  4.794E-05  3.746E-05  2.899E-05
  322.5000  1.306E-02  1.254E-02  1.203E-02  1.153E-02  1.104E-02  1.056E-02  1.008E-02  9.622E-03  9.171E-03  8.732E-03  8.302E-03  7.884E-03  7.476E-03  7.080E-03  6.695E-03  6.322E-03  5.961E-03  5.610E-03  5.272E-03  4.946E-03  4.632E-03  4.330E-03  4.039E-03  3.761E-03  3.495E-03  3.241E-03  3.000E-03  2.770E-03  2.552E-03  2.346E-03  2.151E-03  1.969E-03  1.797E-03  1.636E-03  1.486E-03  1.348E-03  1.220E-03  1.079E-03  9.584E-04  8.560E-04  7.692E-04  6.853E-04  5.984E-04  5.338E-04  4.624E-04  4.002E-04  3.482E-04  3.047E-04  2.607E-04  2.225E-04  1.869E-04  1.566E-04  1.315E-04  1.105E-04  9.009E-05  7.462E-05  5.992E-05  4.805E-05  3.869E-05  3.018E-05  2.330E-05
  323.5000  1.832E-02  1.768E-02  1.704E-02  1.642E-02  1.580E-02  1.520E-02  1.460E-02  1.401E-02  1.343E-02  1.286E-02  1.230E-02  1.175E-02  1.121E-02  1.068E-02  1.016E-02  9.658E-03  9.162E-03  8.677E-03  8.205E-03  7.745E-03  7.298E-03  6.862E-03  6.440E-03  6.030E-03  5.635E-03  5.253E-03  4.885E-03  4.532E-03  4.192E-03  3.867E-03  3.558E-03  3.264E-03  2.985E-03  2.722E-03  2.474E-03  2.244E-03  2.029E-03  1.790E-03  1.586E-03  1.413E-03  1.266E-03  1.123E-03  9.753E-04  8.660E-04  7.449E-04  6.403E-04  5.531E-04  4.804E-04  4.076E-04  3.451E-04  2.876E-04  2.389E-04  1.991E-04  1.663E-04  1.348E-04  1.112E-04  8.902E-05  7.133E-05  5.743E-05  4.492E-05  3.482E-05
  324.5000  2.125E-02  2.050E-02  1.976E-02  1.903E-02  1.831E-02  1.760E-02  1.691E-02  1.622E-02  1.555E-02  1.488E-02  1.423E-02  1.359E-02  1.296E-02  1.235E-02  1.175E-02  1.116E-02  1.058E-02  1.002E-02  9.471E-03  8.937E-03  8.419E-03  7.914E-03  7.425E-03  6.951E-03  6.493E-03  6.051E-03  5.626E-03  5.217E-03  4.825E-03  4.451E-03  4.094E-03  3.755E-03  3.433E-03  3.130E-03  2.845E-03  2.580E-03  2.334E-03  2.059E-03  1.825E-03  1.626E-03  1.457E-03  1.293E-03  1.123E-03  9.976E-04  8.585E-04  7.383E-04  6.381E-04  5.545E-04  4.708E-04  3.988E-04  3.325E-04  2.764E-04  2.305E-04  1.925E-04  1.561E-04  1.288E-04  1.032E-04  8.268E-05  6.659E-05  5.209E-05  4.037E-05
  325.5000  2.287E-02  2.205E-02  2.124E-02  2.044E-02  1.965E-02  1.888E-02  1.811E-02  1.736E-02  1.663E-02  1.590E-02  1.519E-02  1.450E-02  1.381E-02  1.315E-02  1.249E-02  1.186E-02  1.123E-02  1.062E-02  1.003E-02  9.455E-03  8.898E-03  8.355E-03  7.830E-03  7.322E-03  6.832E-03  6.360E-03  5.907E-03  5.472E-03  5.056E-03  4.659E-03  4.281E-03  3.924E-03  3.584E-03  3.266E-03  2.967E-03  2.688E-03  2.430E-03  2.144E-03  1.900E-03  1.692E-03  1.516E-03  1.346E-03  1.170E-03  1.039E-03  8.946E-04  7.699E-04  6.658E-04  5.790E-04  4.920E-04  4.172E-04  3.482E-04  2.897E-04  2.418E-04  2.022E-04  1.641E-04  1.355E-04  1.086E-04  8.702E-05  7.009E-05  5.482E-05  4.247E-05
  326.5000  3.422E-02  3.312E-02  3.202E-02  3.094E-02  2.987E-02  2.881E-02  2.777E-02  2.674E-02  2.572E-02  2.471E-02  2.372E-02  2.275E-02  2.178E-02  2.084E-02  1.990E-02  1.899E-02  1.809E-02  1.720E-02  1.634E-02  1.549E-02  1.466E-02  1.385E-02  1.305E-02  1.228E-02  1.153E-02  1.080E-02  1.009E-02  9.403E-03  8.739E-03  8.098E-03  7.483E-03  6.895E-03  6.331E-03  5.795E-03  5.287E-03  4.811E-03  4.365E-03  3.857E-03  3.423E-03  3.054E-03  2.741E-03  2.434E-03  2.113E-03  1.877E-03  1.612E-03  1.383E-03  1.192E-03  1.033E-03  8.733E-04  7.364E-04  6.109E-04  5.047E-04  4.186E-04  3.480E-04  2.808E-04  2.307E-04  1.841E-04  1.472E-04  1.185E-04  9.271E-05  7.201E-05
  327.5000  2.976E-02  2.876E-02  2.778E-02  2.680E-02  2.584E-02  2.489E-02  2.395E-02  2.303E-02  2.212E-02  2.122E-02  2.033E-02  1.946E-02  1.861E-02  1.777E-02  1.694E-02  1.613E-02  1.534E-02  1.456E-02  1.380E-02  1.306E-02  1.233E-02  1.162E-02  1.093E-02  1.026E-02  9.613E-03  8.983E-03  8.375E-03  7.787E-03  7.220E-03  6.677E-03  6.156E-03  5.659E-03  5.186E-03  4.737E-03  4.314E-03  3.918E-03  3.549E-03  3.133E-03  2.778E-03  2.476E-03  2.219E-03  1.970E-03  1.710E-03  1.519E-03  1.305E-03  1.120E-03  9.665E-04  8.383E-04  7.098E-04  5.995E-04  4.984E-04  4.127E-04  3.431E-04  2.857E-04  2.311E-04  1.902E-04  1.520E-04  1.217E-04  9.801E-05  7.670E-05  5.954E-05
  328.5000  2.756E-02  2.663E-02  2.572E-02  2.482E-02  2.393E-02  2.305E-02  2.218E-02  2.132E-02  2.048E-02  1.965E-02  1.883E-02  1.802E-02  1.723E-02  1.645E-02  1.569E-02  1.494E-02  1.420E-02  1.348E-02  1.278E-02  1.209E-02  1.142E-02  1.076E-02  1.012E-02  9.500E-03  8.898E-03  8.314E-03  7.750E-03  7.205E-03  6.680E-03  6.176E-03  5.693E-03  5.233E-03  4.794E-03  4.378E-03  3.986E-03  3.619E-03  3.277E-03  2.892E-03  2.563E-03  2.284E-03  2.046E-03  1.816E-03  1.576E-03  1.399E-03  1.201E-03  1.031E-03  8.890E-04  7.708E-04  6.524E-04  5.509E-04  4.577E-04  3.789E-04  3.149E-04  2.622E-04  2.119E-04  1.744E-04  1.394E-04  1.116E-04  8.983E-05  7.029E-05  5.457E-05
  329.5000  4.187E-02  4.058E-02  3.931E-02  3.805E-02  3.681E-02  3.557E-02  3.435E-02  3.314E-02  3.194E-02  3.076E-02  2.959E-02  2.844E-02  2.730E-02  2.618E-02  2.507E-02  2.398E-02  2.290E-02  2.184E-02  2.080E-02  1.978E-02  1.877E-02  1.779E-02  1.682E-02  1.588E-02  1.495E-02  1.405E-02  1.317E-02  1.232E-02  1.149E-02  1.069E-02  9.908E-03  9.161E-03  8.442E-03  7.753E-03  7.099E-03  6.480E-03  5.898E-03  5.222E-03  4.645E-03  4.155E-03  3.739E-03  3.328E-03  2.892E-03  2.575E-03  2.211E-03  1.896E-03  1.635E-03  1.416E-03  1.196E-03  1.006E-03  8.327E-04  6.857E-04  5.671E-04  4.701E-04  3.779E-04  3.097E-04  2.464E-04  1.967E-04  1.582E-04  1.237E-04  9.616E-05
  330.5000  3.565E-02  3.452E-02  3.339E-02  3.228E-02  3.118E-02  3.009E-02  2.901E-02  2.795E-02  2.690E-02  2.586E-02  2.484E-02  2.383E-02  2.283E-02  2.185E-02  2.089E-02  1.994E-02  1.901E-02  1.809E-02  1.719E-02  1.631E-02  1.545E-02  1.460E-02  1.378E-02  1.297E-02  1.219E-02  1.142E-02  1.068E-02  9.961E-03  9.264E-03  8.592E-03  7.945E-03  7.326E-03  6.732E-03  6.166E-03  5.630E-03  5.126E-03  4.653E-03  4.112E-03  3.651E-03  3.259E-03  2.926E-03  2.600E-03  2.257E-03  2.006E-03  1.722E-03  1.476E-03  1.273E-03  1.102E-03  9.313E-04  7.848E-04  6.504E-04  5.367E-04  4.447E-04  3.693E-04  2.976E-04  2.443E-04  1.948E-04  1.557E-04  1.253E-04  9.802E-05  7.617E-05
  331.5000  3.478E-02  3.366E-02  3.256E-02  3.146E-02  3.038E-02  2.931E-02  2.825E-02  2.721E-02  2.618E-02  2.516E-02  2.416E-02  2.317E-02  2.219E-02  2.123E-02  2.028E-02  1.936E-02  1.844E-02  1.755E-02  1.667E-02  1.580E-02  1.496E-02  1.413E-02  1.333E-02  1.254E-02  1.178E-02  1.103E-02  1.031E-02  9.609E-03  8.932E-03  8.278E-03  7.650E-03  7.049E-03  6.473E-03  5.925E-03  5.407E-03  4.919E-03  4.463E-03  3.942E-03  3.498E-03  3.121E-03  2.800E-03  2.487E-03  2.158E-03  1.917E-03  1.645E-03  1.410E-03  1.215E-03  1.053E-03  8.893E-04  7.494E-04  6.211E-04  5.127E-04  4.249E-04  3.529E-04  2.844E-04  2.335E-04  1.863E-04  1.489E-04  1.198E-04  9.375E-05  7.284E-05
  332.5000  3.844E-02  3.729E-02  3.614E-02  3.501E-02  3.389E-02  3.278E-02  3.167E-02  3.058E-02  2.950E-02  2.844E-02  2.738E-02  2.634E-02  2.531E-02  2.429E-02  2.328E-02  2.230E-02  2.132E-02  2.035E-02  1.941E-02  1.847E-02  1.756E-02  1.666E-02  1.577E-02  1.491E-02  1.406E-02  1.323E-02  1.242E-02  1.163E-02  1.086E-02  1.012E-02  9.397E-03  8.701E-03  8.030E-03  7.387E-03  6.773E-03  6.193E-03  5.645E-03  5.002E-03  4.454E-03  3.989E-03  3.595E-03  3.203E-03  2.786E-03  2.483E-03  2.132E-03  1.829E-03  1.577E-03  1.367E-03  1.153E-03  9.701E-04  8.018E-04  6.593E-04  5.446E-04  4.509E-04  3.618E-04  2.962E-04  2.353E-04  1.876E-04  1.508E-04  1.179E-04  9.165E-05
  333.5000  3.440E-02  3.334E-02  3.228E-02  3.124E-02  3.021E-02  2.918E-02  2.817E-02  2.717E-02  2.618E-02  2.520E-02  2.424E-02  2.328E-02  2.234E-02  2.141E-02  2.049E-02  1.959E-02  1.870E-02  1.783E-02  1.697E-02  1.613E-02  1.530E-02  1.449E-02  1.369E-02  1.292E-02  1.216E-02  1.141E-02  1.070E-02  9.994E-03  9.313E-03  8.654E-03  8.018E-03  7.408E-03  6.820E-03  6.259E-03  5.725E-03  5.222E-03  4.748E-03  4.201E-03  3.734E-03  3.337E-03  3.000E-03  2.669E-03  2.318E-03  2.062E-03  1.769E-03  1.517E-03  1.307E-03  1.132E-03  9.555E-04  8.041E-04  6.652E-04  5.477E-04  4.529E-04  3.755E-04  3.018E-04  2.473E-04  1.968E-04  1.571E-04  1.263E-04  9.881E-05  7.681E-05
  334.5000  3.945E-02  3.825E-02  3.706E-02  3.588E-02  3.471E-02  3.356E-02  3.241E-02  3.128E-02  3.015E-02  2.905E-02  2.795E-02  2.687E-02  2.580E-02  2.474E-02  2.370E-02  2.268E-02  2.167E-02  2.067E-02  1.969E-02  1.873E-02  1.778E-02  1.685E-02  1.594E-02  1.505E-02  1.418E-02  1.333E-02  1.250E-02  1.169E-02  1.091E-02  1.015E-02  9.414E-03  8.706E-03  8.024E-03  7.372E-03  6.750E-03  6.163E-03  5.610E-03  4.967E-03  4.418E-03  3.952E-03  3.556E-03  3.165E-03  2.750E-03  2.448E-03  2.101E-03  1.801E-03  1.552E-03  1.345E-03  1.134E-03  9.538E-04  7.884E-04  6.485E-04  5.357E-04  4.437E-04  3.562E-04  2.917E-04  2.318E-04  1.849E-04  1.486E-04  1.162E-04  9.034E-05
  335.5000  4.228E-02  4.104E-02  3.980E-02  3.858E-02  3.737E-02  3.617E-02  3.498E-02  3.380E-02  3.263E-02  3.148E-02  3.033E-02  2.920E-02  2.808E-02  2.698E-02  2.588E-02  2.481E-02  2.374E-02  2.269E-02  2.166E-02  2.064E-02  1.964E-02  1.865E-02  1.768E-02  1.673E-02  1.580E-02  1.489E-02  1.400E-02  1.313E-02  1.228E-02  1.145E-02  1.065E-02  9.878E-03  9.130E-03  8.411E-03  7.723E-03  7.072E-03  6.456E-03  5.727E-03  5.105E-03  4.578E-03  4.131E-03  3.686E-03  3.207E-03  2.862E-03  2.459E-03  2.110E-03  1.820E-03  1.578E-03  1.331E-03  1.119E-03  9.238E-04  7.586E-04  6.258E-04  5.176E-04  4.146E-04  3.389E-04  2.688E-04  2.142E-04  1.720E-04  1.344E-04  1.045E-04
  336.5000  3.255E-02  3.158E-02  3.062E-02  2.967E-02  2.873E-02  2.780E-02  2.687E-02  2.595E-02  2.505E-02  2.415E-02  2.326E-02  2.239E-02  2.152E-02  2.066E-02  1.981E-02  1.898E-02  1.816E-02  1.734E-02  1.654E-02  1.576E-02  1.498E-02  1.422E-02  1.347E-02  1.274E-02  1.202E-02  1.132E-02  1.063E-02  9.965E-03  9.312E-03  8.679E-03  8.064E-03  7.472E-03  6.900E-03  6.350E-03  5.826E-03  5.330E-03  4.861E-03  4.308E-03  3.838E-03  3.438E-03  3.099E-03  2.763E-03  2.403E-03  2.142E-03  1.839E-03  1.578E-03  1.360E-03  1.179E-03  9.940E-04  8.355E-04  6.899E-04  5.667E-04  4.676E-04  3.868E-04  3.099E-04  2.535E-04  2.011E-04  1.603E-04  1.287E-04  1.006E-04  7.819E-05
  337.5000  3.440E-02  3.335E-02  3.231E-02  3.128E-02  3.026E-02  2.925E-02  2.825E-02  2.727E-02  2.629E-02  2.532E-02  2.437E-02  2.342E-02  2.249E-02  2.157E-02  2.066E-02  1.977E-02  1.889E-02  1.802E-02  1.716E-02  1.632E-02  1.550E-02  1.469E-02  1.390E-02  1.312E-02  1.236E-02  1.162E-02  1.089E-02  1.019E-02  9.504E-03  8.840E-03  8.199E-03  7.581E-03  6.986E-03  6.417E-03  5.875E-03  5.363E-03  4.881E-03  4.320E-03  3.841E-03  3.435E-03  3.090E-03  2.750E-03  2.388E-03  2.126E-03  1.824E-03  1.563E-03  1.347E-03  1.166E-03  9.834E-04  8.266E-04  6.830E-04  5.615E-04  4.637E-04  3.839E-04  3.080E-04  2.521E-04  2.003E-04  1.598E-04  1.284E-04  1.003E-04  7.801E-05
  338.5000  3.850E-02  3.737E-02  3.624E-02  3.514E-02  3.403E-02  3.294E-02  3.186E-02  3.079E-02  2.972E-02  2.868E-02  2.764E-02  2.661E-02  2.559E-02  2.458E-02  2.359E-02  2.261E-02  2.164E-02  2.069E-02  1.975E-02  1.882E-02  1.791E-02  1.701E-02  1.613E-02  1.526E-02  1.441E-02  1.358E-02  1.277E-02  1.198E-02  1.120E-02  1.045E-02  9.721E-03  9.015E-03  8.332E-03  7.676E-03  7.049E-03  6.455E-03  5.892E-03  5.226E-03  4.658E-03  4.177E-03  3.768E-03  3.362E-03  2.924E-03  2.609E-03  2.241E-03  1.923E-03  1.658E-03  1.437E-03  1.211E-03  1.018E-03  8.400E-04  6.893E-04  5.683E-04  4.697E-04  3.759E-04  3.072E-04  2.435E-04  1.939E-04  1.556E-04  1.215E-04  9.448E-05
  339.5000  4.221E-02  4.097E-02  3.975E-02  3.854E-02  3.734E-02  3.615E-02  3.496E-02  3.379E-02  3.263E-02  3.149E-02  3.035E-02  2.923E-02  2.812E-02  2.702E-02  2.594E-02  2.487E-02  2.381E-02  2.276E-02  2.173E-02  2.072E-02  1.972E-02  1.874E-02  1.777E-02  1.682E-02  1.589E-02  1.498E-02  1.409E-02  1.322E-02  1.237E-02  1.154E-02  1.074E-02  9.965E-03  9.214E-03  8.491E-03  7.801E-03  7.145E-03  6.525E-03  5.789E-03  5.161E-03  4.629E-03  4.178E-03  3.728E-03  3.244E-03  2.895E-03  2.487E-03  2.134E-03  1.840E-03  1.595E-03  1.344E-03  1.129E-03  9.316E-04  7.641E-04  6.297E-04  5.203E-04  4.162E-04  3.399E-04  2.693E-04  2.143E-04  1.720E-04  1.343E-04  1.044E-04
  340.5000  4.421E-02  4.290E-02  4.160E-02  4.032E-02  3.904E-02  3.777E-02  3.652E-02  3.528E-02  3.405E-02  3.284E-02  3.164E-02  3.045E-02  2.927E-02  2.811E-02  2.696E-02  2.584E-02  2.472E-02  2.362E-02  2.253E-02  2.146E-02  2.041E-02  1.938E-02  1.836E-02  1.737E-02  1.639E-02  1.543E-02  1.450E-02  1.359E-02  1.270E-02  1.184E-02  1.101E-02  1.020E-02  9.418E-03  8.669E-03  7.954E-03  7.277E-03  6.636E-03  5.882E-03  5.239E-03  4.693E-03  4.230E-03  3.770E-03  3.277E-03  2.922E-03  2.508E-03  2.151E-03  1.853E-03  1.605E-03  1.353E-03  1.136E-03  9.377E-04  7.694E-04  6.343E-04  5.242E-04  4.196E-04  3.429E-04  2.718E-04  2.164E-04  1.737E-04  1.357E-04  1.055E-04
  341.5000  4.047E-02  3.930E-02  3.813E-02  3.698E-02  3.583E-02  3.469E-02  3.357E-02  3.245E-02  3.134E-02  3.025E-02  2.917E-02  2.810E-02  2.703E-02  2.598E-02  2.495E-02  2.392E-02  2.291E-02  2.191E-02  2.093E-02  1.996E-02  1.900E-02  1.806E-02  1.714E-02  1.623E-02  1.534E-02  1.446E-02  1.361E-02  1.277E-02  1.196E-02  1.116E-02  1.039E-02  9.643E-03  8.920E-03  8.225E-03  7.559E-03  6.927E-03  6.328E-03  5.615E-03  5.008E-03  4.493E-03  4.057E-03  3.621E-03  3.151E-03  2.814E-03  2.417E-03  2.074E-03  1.789E-03  1.550E-03  1.307E-03  1.097E-03  9.049E-04  7.418E-04  6.110E-04  5.047E-04  4.033E-04  3.293E-04  2.607E-04  2.074E-04  1.663E-04  1.299E-04  1.009E-04
  342.5000  4.511E-02  4.381E-02  4.251E-02  4.123E-02  3.995E-02  3.869E-02  3.744E-02  3.620E-02  3.497E-02  3.376E-02  3.255E-02  3.136E-02  3.018E-02  2.901E-02  2.786E-02  2.672E-02  2.560E-02  2.449E-02  2.339E-02  2.231E-02  2.125E-02  2.020E-02  1.917E-02  1.816E-02  1.716E-02  1.619E-02  1.524E-02  1.430E-02  1.339E-02  1.251E-02  1.165E-02  1.081E-02  1.000E-02  9.226E-03  8.482E-03  7.774E-03  7.104E-03  6.306E-03  5.625E-03  5.048E-03  4.558E-03  4.070E-03  3.542E-03  3.163E-03  2.717E-03  2.332E-03  2.011E-03  1.743E-03  1.469E-03  1.233E-03  1.017E-03  8.333E-04  6.862E-04  5.666E-04  4.526E-04  3.694E-04  2.923E-04  2.324E-04  1.864E-04  1.455E-04  1.131E-04
  343.5000  4.642E-02  4.506E-02  4.372E-02  4.240E-02  4.108E-02  3.977E-02  3.847E-02  3.719E-02  3.592E-02  3.466E-02  3.342E-02  3.218E-02  3.096E-02  2.976E-02  2.856E-02  2.739E-02  2.623E-02  2.508E-02  2.395E-02  2.283E-02  2.174E-02  2.066E-02  1.959E-02  1.855E-02  1.753E-02  1.652E-02  1.554E-02  1.458E-02  1.365E-02  1.274E-02  1.185E-02  1.100E-02  1.017E-02  9.372E-03  8.610E-03  7.887E-03  7.202E-03  6.389E-03  5.695E-03  5.107E-03  4.609E-03  4.112E-03  3.577E-03  3.192E-03  2.741E-03  2.351E-03  2.026E-03  1.756E-03  1.479E-03  1.242E-03  1.024E-03  8.390E-04  6.908E-04  5.704E-04  4.557E-04  3.720E-04  2.944E-04  2.341E-04  1.878E-04  1.466E-04  1.139E-04
  344.5000  3.219E-02  3.125E-02  3.031E-02  2.938E-02  2.846E-02  2.755E-02  2.664E-02  2.575E-02  2.486E-02  2.398E-02  2.311E-02  2.225E-02  2.140E-02  2.056E-02  1.973E-02  1.891E-02  1.810E-02  1.730E-02  1.651E-02  1.574E-02  1.498E-02  1.423E-02  1.349E-02  1.276E-02  1.205E-02  1.136E-02  1.068E-02  1.001E-02  9.364E-03  8.733E-03  8.121E-03  7.530E-03  6.958E-03  6.408E-03  5.883E-03  5.385E-03  4.913E-03  4.356E-03  3.881E-03  3.478E-03  3.136E-03  2.796E-03  2.431E-03  2.167E-03  1.860E-03  1.595E-03  1.374E-03  1.190E-03  1.002E-03  8.414E-04  6.937E-04  5.685E-04  4.681E-04  3.866E-04  3.090E-04  2.522E-04  1.997E-04  1.588E-04  1.274E-04  9.945E-05  7.729E-05
  345.5000  4.542E-02  4.412E-02  4.282E-02  4.153E-02  4.026E-02  3.899E-02  3.774E-02  3.650E-02  3.526E-02  3.405E-02  3.284E-02  3.164E-02  3.046E-02  2.929E-02  2.813E-02  2.699E-02  2.586E-02  2.474E-02  2.364E-02  2.256E-02  2.149E-02  2.044E-02  1.940E-02  1.838E-02  1.738E-02  1.640E-02  1.544E-02  1.450E-02  1.358E-02  1.269E-02  1.182E-02  1.098E-02  1.016E-02  9.374E-03  8.620E-03  7.904E-03  7.225E-03  6.414E-03  5.723E-03  5.137E-03  4.640E-03  4.144E-03  3.606E-03  3.222E-03  2.767E-03  2.374E-03  2.048E-03  1.775E-03  1.495E-03  1.255E-03  1.034E-03  8.467E-04  6.967E-04  5.749E-04  4.588E-04  3.741E-04  2.958E-04  2.350E-04  1.884E-04  1.470E-04  1.142E-04
  346.5000  4.178E-02  4.057E-02  3.936E-02  3.816E-02  3.698E-02  3.580E-02  3.463E-02  3.348E-02  3.233E-02  3.120E-02  3.008E-02  2.897E-02  2.787E-02  2.679E-02  2.571E-02  2.466E-02  2.361E-02  2.258E-02  2.156E-02  2.055E-02  1.957E-02  1.859E-02  1.764E-02  1.670E-02  1.578E-02  1.487E-02  1.399E-02  1.313E-02  1.228E-02  1.146E-02  1.067E-02  9.895E-03  9.149E-03  8.431E-03  7.745E-03  7.093E-03  6.476E-03  5.743E-03  5.119E-03  4.589E-03  4.140E-03  3.693E-03  3.211E-03  2.865E-03  2.459E-03  2.108E-03  1.817E-03  1.574E-03  1.325E-03  1.112E-03  9.164E-04  7.505E-04  6.177E-04  5.097E-04  4.071E-04  3.321E-04  2.627E-04  2.088E-04  1.674E-04  1.306E-04  1.015E-04
  347.5000  4.094E-02  3.974E-02  3.856E-02  3.739E-02  3.623E-02  3.508E-02  3.394E-02  3.281E-02  3.169E-02  3.058E-02  2.949E-02  2.840E-02  2.733E-02  2.626E-02  2.521E-02  2.418E-02  2.315E-02  2.214E-02  2.114E-02  2.016E-02  1.919E-02  1.824E-02  1.730E-02  1.638E-02  1.548E-02  1.460E-02  1.373E-02  1.288E-02  1.206E-02  1.125E-02  1.047E-02  9.716E-03  8.984E-03  8.280E-03  7.606E-03  6.966E-03  6.361E-03  5.642E-03  5.028E-03  4.508E-03  4.067E-03  3.628E-03  3.154E-03  2.814E-03  2.415E-03  2.071E-03  1.784E-03  1.545E-03  1.301E-03  1.092E-03  8.995E-04  7.365E-04  6.060E-04  4.999E-04  3.991E-04  3.255E-04  2.574E-04  2.046E-04  1.640E-04  1.279E-04  9.940E-05
  348.5000  4.530E-02  4.399E-02  4.269E-02  4.140E-02  4.012E-02  3.885E-02  3.759E-02  3.635E-02  3.511E-02  3.389E-02  3.268E-02  3.148E-02  3.030E-02  2.913E-02  2.797E-02  2.682E-02  2.569E-02  2.458E-02  2.347E-02  2.239E-02  2.132E-02  2.027E-02  1.923E-02  1.821E-02  1.721E-02  1.624E-02  1.528E-02  1.434E-02  1.343E-02  1.253E-02  1.167E-02  1.083E-02  1.002E-02  9.235E-03  8.486E-03  7.775E-03  7.102E-03  6.301E-03  5.617E-03  5.037E-03  4.546E-03  4.056E-03  3.528E-03  3.148E-03  2.702E-03  2.317E-03  1.997E-03  1.729E-03  1.456E-03  1.222E-03  1.006E-03  8.234E-04  6.773E-04  5.586E-04  4.457E-04  3.634E-04  2.872E-04  2.282E-04  1.829E-04  1.426E-04  1.108E-04
  349.5000  3.796E-02  3.686E-02  3.576E-02  3.469E-02  3.361E-02  3.255E-02  3.149E-02  3.045E-02  2.941E-02  2.839E-02  2.738E-02  2.637E-02  2.538E-02  2.440E-02  2.343E-02  2.247E-02  2.152E-02  2.058E-02  1.966E-02  1.875E-02  1.786E-02  1.697E-02  1.610E-02  1.525E-02  1.441E-02  1.359E-02  1.279E-02  1.201E-02  1.124E-02  1.049E-02  9.765E-03  9.063E-03  8.382E-03  7.727E-03  7.100E-03  6.505E-03  5.940E-03  5.270E-03  4.697E-03  4.212E-03  3.800E-03  3.390E-03  2.948E-03  2.631E-03  2.257E-03  1.935E-03  1.668E-03  1.444E-03  1.215E-03  1.020E-03  8.396E-04  6.871E-04  5.650E-04  4.659E-04  3.717E-04  3.029E-04  2.394E-04  1.902E-04  1.524E-04  1.189E-04  9.232E-05
  350.5000  5.325E-02  5.171E-02  5.018E-02  4.867E-02  4.716E-02  4.567E-02  4.420E-02  4.273E-02  4.128E-02  3.985E-02  3.843E-02  3.702E-02  3.562E-02  3.425E-02  3.288E-02  3.154E-02  3.021E-02  2.890E-02  2.760E-02  2.633E-02  2.507E-02  2.384E-02  2.262E-02  2.142E-02  2.025E-02  1.909E-02  1.797E-02  1.687E-02  1.579E-02  1.474E-02  1.372E-02  1.273E-02  1.178E-02  1.086E-02  9.979E-03  9.142E-03  8.349E-03  7.407E-03  6.602E-03  5.920E-03  5.342E-03  4.765E-03  4.143E-03  3.697E-03  3.172E-03  2.719E-03  2.343E-03  2.029E-03  1.708E-03  1.432E-03  1.179E-03  9.645E-04  7.929E-04  6.537E-04  5.213E-04  4.248E-04  3.356E-04  2.666E-04  2.136E-04  1.665E-04  1.293E-04
  351.5000  4.581E-02  4.449E-02  4.317E-02  4.186E-02  4.057E-02  3.928E-02  3.801E-02  3.675E-02  3.550E-02  3.427E-02  3.304E-02  3.183E-02  3.063E-02  2.944E-02  2.827E-02  2.711E-02  2.597E-02  2.484E-02  2.372E-02  2.262E-02  2.154E-02  2.048E-02  1.943E-02  1.840E-02  1.739E-02  1.640E-02  1.543E-02  1.448E-02  1.355E-02  1.265E-02  1.177E-02  1.092E-02  1.010E-02  9.312E-03  8.555E-03  7.836E-03  7.155E-03  6.346E-03  5.655E-03  5.070E-03  4.573E-03  4.079E-03  3.545E-03  3.163E-03  2.713E-03  2.325E-03  2.003E-03  1.734E-03  1.459E-03  1.223E-03  1.007E-03  8.237E-04  6.771E-04  5.581E-04  4.450E-04  3.626E-04  2.864E-04  2.275E-04  1.822E-04  1.421E-04  1.103E-04
  352.5000  4.143E-02  4.023E-02  3.904E-02  3.786E-02  3.669E-02  3.553E-02  3.438E-02  3.324E-02  3.211E-02  3.100E-02  2.989E-02  2.880E-02  2.771E-02  2.664E-02  2.558E-02  2.454E-02  2.350E-02  2.248E-02  2.147E-02  2.048E-02  1.950E-02  1.854E-02  1.759E-02  1.666E-02  1.575E-02  1.485E-02  1.398E-02  1.312E-02  1.228E-02  1.146E-02  1.067E-02  9.901E-03  9.158E-03  8.442E-03  7.756E-03  7.105E-03  6.488E-03  5.754E-03  5.128E-03  4.597E-03  4.147E-03  3.699E-03  3.215E-03  2.868E-03  2.460E-03  2.108E-03  1.816E-03  1.572E-03  1.323E-03  1.109E-03  9.126E-04  7.463E-04  6.132E-04  5.054E-04  4.028E-04  3.281E-04  2.591E-04  2.057E-04  1.648E-04  1.285E-04  9.976E-05
  353.5000  5.006E-02  4.861E-02  4.718E-02  4.576E-02  4.435E-02  4.295E-02  4.156E-02  4.019E-02  3.883E-02  3.748E-02  3.615E-02  3.483E-02  3.352E-02  3.223E-02  3.095E-02  2.969E-02  2.844E-02  2.721E-02  2.599E-02  2.479E-02  2.361E-02  2.245E-02  2.131E-02  2.018E-02  1.908E-02  1.799E-02  1.693E-02  1.590E-02  1.488E-02  1.390E-02  1.294E-02  1.201E-02  1.111E-02  1.024E-02  9.411E-03  8.622E-03  7.875E-03  6.985E-03  6.226E-03  5.582E-03  5.036E-03  4.492E-03  3.905E-03  3.484E-03  2.988E-03  2.561E-03  2.206E-03  1.910E-03  1.607E-03  1.346E-03  1.108E-03  9.057E-04  7.441E-04  6.130E-04  4.885E-04  3.978E-04  3.140E-04  2.492E-04  1.996E-04  1.555E-04  1.208E-04
  354.5000  5.435E-02  5.278E-02  5.123E-02  4.969E-02  4.816E-02  4.665E-02  4.514E-02  4.365E-02  4.218E-02  4.072E-02  3.928E-02  3.784E-02  3.643E-02  3.502E-02  3.364E-02  3.227E-02  3.092E-02  2.958E-02  2.826E-02  2.696E-02  2.568E-02  2.442E-02  2.318E-02  2.195E-02  2.076E-02  1.958E-02  1.843E-02  1.730E-02  1.620E-02  1.513E-02  1.409E-02  1.308E-02  1.210E-02  1.116E-02  1.025E-02  9.395E-03  8.582E-03  7.613E-03  6.786E-03  6.085E-03  5.490E-03  4.898E-03  4.257E-03  3.799E-03  3.258E-03  2.792E-03  2.405E-03  2.082E-03  1.751E-03  1.468E-03  1.207E-03  9.867E-04  8.104E-04  6.675E-04  5.317E-04  4.329E-04  3.416E-04  2.711E-04  2.170E-04  1.691E-04  1.313E-04
  355.5000  5.083E-02  4.937E-02  4.791E-02  4.648E-02  4.505E-02  4.363E-02  4.222E-02  4.083E-02  3.945E-02  3.809E-02  3.674E-02  3.540E-02  3.407E-02  3.276E-02  3.147E-02  3.019E-02  2.892E-02  2.767E-02  2.644E-02  2.522E-02  2.402E-02  2.284E-02  2.168E-02  2.054E-02  1.942E-02  1.832E-02  1.724E-02  1.619E-02  1.516E-02  1.416E-02  1.318E-02  1.223E-02  1.132E-02  1.044E-02  9.592E-03  8.789E-03  8.027E-03  7.121E-03  6.347E-03  5.690E-03  5.134E-03  4.579E-03  3.980E-03  3.551E-03  3.046E-03  2.609E-03  2.247E-03  1.945E-03  1.636E-03  1.371E-03  1.127E-03  9.212E-04  7.565E-04  6.230E-04  4.961E-04  4.038E-04  3.186E-04  2.527E-04  2.023E-04  1.576E-04  1.224E-04
  356.5000  4.719E-02  4.583E-02  4.448E-02  4.315E-02  4.182E-02  4.050E-02  3.920E-02  3.791E-02  3.663E-02  3.536E-02  3.411E-02  3.286E-02  3.163E-02  3.041E-02  2.921E-02  2.802E-02  2.685E-02  2.569E-02  2.454E-02  2.341E-02  2.230E-02  2.121E-02  2.013E-02  1.907E-02  1.802E-02  1.700E-02  1.600E-02  1.503E-02  1.407E-02  1.314E-02  1.223E-02  1.135E-02  1.050E-02  9.685E-03  8.900E-03  8.154E-03  7.448E-03  6.606E-03  5.888E-03  5.278E-03  4.761E-03  4.247E-03  3.690E-03  3.292E-03  2.823E-03  2.418E-03  2.083E-03  1.802E-03  1.515E-03  1.270E-03  1.044E-03  8.529E-04  7.002E-04  5.765E-04  4.590E-04  3.735E-04  2.946E-04  2.337E-04  1.870E-04  1.457E-04  1.131E-04
  357.5000  4.013E-02  3.897E-02  3.782E-02  3.669E-02  3.556E-02  3.444E-02  3.333E-02  3.223E-02  3.114E-02  3.007E-02  2.900E-02  2.794E-02  2.689E-02  2.586E-02  2.483E-02  2.383E-02  2.283E-02  2.184E-02  2.086E-02  1.990E-02  1.896E-02  1.803E-02  1.711E-02  1.621E-02  1.532E-02  1.445E-02  1.360E-02  1.277E-02  1.196E-02  1.116E-02  1.039E-02  9.648E-03  8.925E-03  8.228E-03  7.561E-03  6.927E-03  6.326E-03  5.610E-03  4.999E-03  4.481E-03  4.042E-03  3.604E-03  3.132E-03  2.794E-03  2.395E-03  2.051E-03  1.766E-03  1.528E-03  1.285E-03  1.076E-03  8.849E-04  7.227E-04  5.932E-04  4.883E-04  3.887E-04  3.162E-04  2.494E-04  1.978E-04  1.583E-04  1.233E-04  9.568E-05
  358.5000  3.102E-02  3.013E-02  2.924E-02  2.837E-02  2.749E-02  2.663E-02  2.577E-02  2.492E-02  2.408E-02  2.325E-02  2.243E-02  2.161E-02  2.080E-02  2.000E-02  1.921E-02  1.843E-02  1.766E-02  1.690E-02  1.614E-02  1.540E-02  1.467E-02  1.395E-02  1.324E-02  1.254E-02  1.186E-02  1.119E-02  1.053E-02  9.886E-03  9.257E-03  8.644E-03  8.048E-03  7.471E-03  6.911E-03  6.372E-03  5.855E-03  5.365E-03  4.899E-03  4.345E-03  3.872E-03  3.471E-03  3.131E-03  2.792E-03  2.425E-03  2.164E-03  1.855E-03  1.588E-03  1.368E-03  1.183E-03  9.948E-04  8.329E-04  6.847E-04  5.590E-04  4.588E-04  3.776E-04  3.004E-04  2.444E-04  1.927E-04  1.528E-04  1.222E-04  9.518E-05  7.387E-05
  359.5000  5.224E-02  5.073E-02  4.924E-02  4.777E-02  4.630E-02  4.484E-02  4.340E-02  4.197E-02  4.055E-02  3.915E-02  3.776E-02  3.639E-02  3.503E-02  3.368E-02  3.235E-02  3.104E-02  2.973E-02  2.845E-02  2.718E-02  2.593E-02  2.470E-02  2.349E-02  2.229E-02  2.112E-02  1.997E-02  1.884E-02  1.773E-02  1.665E-02  1.559E-02  1.455E-02  1.355E-02  1.258E-02  1.164E-02  1.073E-02  9.858E-03  9.031E-03  8.247E-03  7.314E-03  6.517E-03  5.841E-03  5.268E-03  4.697E-03  4.080E-03  3.640E-03  3.119E-03  2.671E-03  2.299E-03  1.989E-03  1.672E-03  1.400E-03  1.150E-03  9.392E-04  7.705E-04  6.340E-04  5.044E-04  4.102E-04  3.233E-04  2.563E-04  2.050E-04  1.596E-04  1.239E-04
  360.5000  4.845E-02  4.706E-02  4.567E-02  4.430E-02  4.294E-02  4.159E-02  4.026E-02  3.893E-02  3.762E-02  3.632E-02  3.503E-02  3.375E-02  3.249E-02  3.124E-02  3.001E-02  2.879E-02  2.758E-02  2.639E-02  2.522E-02  2.406E-02  2.292E-02  2.179E-02  2.068E-02  1.959E-02  1.852E-02  1.747E-02  1.645E-02  1.544E-02  1.446E-02  1.350E-02  1.257E-02  1.167E-02  1.079E-02  9.952E-03  9.144E-03  8.377E-03  7.649E-03  6.784E-03  6.044E-03  5.417E-03  4.885E-03  4.355E-03  3.783E-03  3.374E-03  2.891E-03  2.475E-03  2.131E-03  1.843E-03  1.548E-03  1.297E-03  1.065E-03  8.695E-04  7.132E-04  5.867E-04  4.666E-04  3.794E-04  2.990E-04  2.370E-04  1.895E-04  1.476E-04  1.145E-04
  361.5000  4.375E-02  4.249E-02  4.124E-02  4.000E-02  3.877E-02  3.756E-02  3.635E-02  3.515E-02  3.397E-02  3.280E-02  3.163E-02  3.048E-02  2.934E-02  2.822E-02  2.710E-02  2.600E-02  2.492E-02  2.384E-02  2.278E-02  2.173E-02  2.070E-02  1.969E-02  1.869E-02  1.770E-02  1.674E-02  1.579E-02  1.486E-02  1.396E-02  1.307E-02  1.220E-02  1.136E-02  1.055E-02  9.756E-03  8.995E-03  8.265E-03  7.572E-03  6.914E-03  6.132E-03  5.463E-03  4.896E-03  4.415E-03  3.936E-03  3.419E-03  3.049E-03  2.612E-03  2.236E-03  1.925E-03  1.665E-03  1.399E-03  1.171E-03  9.618E-04  7.848E-04  6.436E-04  5.293E-04  4.209E-04  3.421E-04  2.695E-04  2.136E-04  1.708E-04  1.329E-04  1.031E-04
  362.5000  5.142E-02  4.994E-02  4.848E-02  4.702E-02  4.558E-02  4.415E-02  4.273E-02  4.133E-02  3.993E-02  3.856E-02  3.719E-02  3.584E-02  3.450E-02  3.318E-02  3.187E-02  3.058E-02  2.930E-02  2.803E-02  2.679E-02  2.555E-02  2.435E-02  2.315E-02  2.198E-02  2.082E-02  1.968E-02  1.857E-02  1.748E-02  1.641E-02  1.537E-02  1.435E-02  1.336E-02  1.240E-02  1.148E-02  1.058E-02  9.721E-03  8.905E-03  8.132E-03  7.212E-03  6.425E-03  5.757E-03  5.191E-03  4.628E-03  4.019E-03  3.584E-03  3.071E-03  2.629E-03  2.262E-03  1.956E-03  1.643E-03  1.375E-03  1.130E-03  9.215E-04  7.555E-04  6.213E-04  4.938E-04  4.013E-04  3.161E-04  2.504E-04  2.002E-04  1.558E-04  1.209E-04
  363.5000  4.578E-02  4.446E-02  4.315E-02  4.186E-02  4.058E-02  3.930E-02  3.804E-02  3.679E-02  3.555E-02  3.432E-02  3.311E-02  3.191E-02  3.071E-02  2.954E-02  2.837E-02  2.722E-02  2.608E-02  2.496E-02  2.385E-02  2.275E-02  2.168E-02  2.061E-02  1.957E-02  1.854E-02  1.753E-02  1.653E-02  1.556E-02  1.461E-02  1.369E-02  1.278E-02  1.190E-02  1.104E-02  1.022E-02  9.419E-03  8.655E-03  7.928E-03  7.239E-03  6.420E-03  5.719E-03  5.124E-03  4.620E-03  4.119E-03  3.576E-03  3.189E-03  2.732E-03  2.338E-03  2.012E-03  1.740E-03  1.461E-03  1.223E-03  1.004E-03  8.188E-04  6.712E-04  5.518E-04  4.385E-04  3.563E-04  2.806E-04  2.222E-04  1.776E-04  1.382E-04  1.072E-04
  364.5000  4.995E-02  4.851E-02  4.708E-02  4.568E-02  4.427E-02  4.288E-02  4.151E-02  4.014E-02  3.879E-02  3.745E-02  3.613E-02  3.481E-02  3.351E-02  3.223E-02  3.095E-02  2.970E-02  2.846E-02  2.723E-02  2.602E-02  2.482E-02  2.365E-02  2.249E-02  2.135E-02  2.022E-02  1.912E-02  1.804E-02  1.698E-02  1.594E-02  1.493E-02  1.394E-02  1.298E-02  1.205E-02  1.114E-02  1.027E-02  9.439E-03  8.646E-03  7.894E-03  7.000E-03  6.236E-03  5.586E-03  5.036E-03  4.489E-03  3.897E-03  3.475E-03  2.976E-03  2.547E-03  2.191E-03  1.894E-03  1.591E-03  1.331E-03  1.093E-03  8.910E-04  7.302E-04  6.001E-04  4.768E-04  3.873E-04  3.050E-04  2.415E-04  1.930E-04  1.502E-04  1.165E-04
  365.5000  6.087E-02  5.911E-02  5.738E-02  5.566E-02  5.395E-02  5.225E-02  5.058E-02  4.891E-02  4.726E-02  4.564E-02  4.402E-02  4.242E-02  4.083E-02  3.927E-02  3.772E-02  3.619E-02  3.467E-02  3.318E-02  3.170E-02  3.024E-02  2.881E-02  2.740E-02  2.601E-02  2.464E-02  2.329E-02  2.197E-02  2.069E-02  1.942E-02  1.818E-02  1.698E-02  1.581E-02  1.467E-02  1.357E-02  1.251E-02  1.149E-02  1.053E-02  9.611E-03  8.522E-03  7.590E-03  6.799E-03  6.129E-03  5.462E-03  4.741E-03  4.226E-03  3.619E-03  3.097E-03  2.664E-03  2.302E-03  1.933E-03  1.617E-03  1.328E-03  1.082E-03  8.867E-04  7.286E-04  5.788E-04  4.701E-04  3.700E-04  2.930E-04  2.341E-04  1.821E-04  1.412E-04
  366.5000  6.448E-02  6.262E-02  6.078E-02  5.896E-02  5.715E-02  5.536E-02  5.358E-02  5.182E-02  5.007E-02  4.835E-02  4.664E-02  4.494E-02  4.326E-02  4.160E-02  3.996E-02  3.834E-02  3.674E-02  3.516E-02  3.359E-02  3.205E-02  3.053E-02  2.903E-02  2.756E-02  2.611E-02  2.469E-02  2.329E-02  2.192E-02  2.058E-02  1.927E-02  1.800E-02  1.675E-02  1.555E-02  1.438E-02  1.326E-02  1.218E-02  1.116E-02  1.019E-02  9.031E-03  8.044E-03  7.205E-03  6.494E-03  5.787E-03  5.023E-03  4.477E-03  3.833E-03  3.280E-03  2.821E-03  2.438E-03  2.047E-03  1.712E-03  1.405E-03  1.145E-03  9.379E-04  7.706E-04  6.119E-04  4.969E-04  3.910E-04  3.095E-04  2.473E-04  1.923E-04  1.492E-04
  367.5000  6.128E-02  5.951E-02  5.777E-02  5.604E-02  5.432E-02  5.261E-02  5.092E-02  4.925E-02  4.759E-02  4.595E-02  4.433E-02  4.272E-02  4.112E-02  3.955E-02  3.799E-02  3.645E-02  3.493E-02  3.342E-02  3.193E-02  3.047E-02  2.903E-02  2.760E-02  2.620E-02  2.483E-02  2.347E-02  2.214E-02  2.085E-02  1.957E-02  1.833E-02  1.711E-02  1.593E-02  1.479E-02  1.368E-02  1.261E-02  1.158E-02  1.061E-02  9.685E-03  8.587E-03  7.649E-03  6.850E-03  6.174E-03  5.501E-03  4.774E-03  4.255E-03  3.643E-03  3.116E-03  2.680E-03  2.316E-03  1.945E-03  1.625E-03  1.334E-03  1.087E-03  8.901E-04  7.311E-04  5.804E-04  4.712E-04  3.707E-04  2.934E-04  2.344E-04  1.823E-04  1.413E-04
  368.5000  5.386E-02  5.231E-02  5.077E-02  4.925E-02  4.774E-02  4.624E-02  4.476E-02  4.329E-02  4.183E-02  4.039E-02  3.896E-02  3.754E-02  3.614E-02  3.476E-02  3.339E-02  3.204E-02  3.070E-02  2.937E-02  2.807E-02  2.678E-02  2.551E-02  2.426E-02  2.303E-02  2.182E-02  2.063E-02  1.946E-02  1.832E-02  1.720E-02  1.611E-02  1.504E-02  1.400E-02  1.300E-02  1.202E-02  1.108E-02  1.018E-02  9.322E-03  8.510E-03  7.545E-03  6.719E-03  6.018E-03  5.423E-03  4.831E-03  4.192E-03  3.736E-03  3.198E-03  2.735E-03  2.352E-03  2.032E-03  1.705E-03  1.426E-03  1.170E-03  9.531E-04  7.804E-04  6.409E-04  5.087E-04  4.129E-04  3.247E-04  2.570E-04  2.052E-04  1.596E-04  1.237E-04
  369.5000  6.463E-02  6.277E-02  6.093E-02  5.911E-02  5.729E-02  5.549E-02  5.371E-02  5.195E-02  5.020E-02  4.847E-02  4.676E-02  4.506E-02  4.338E-02  4.172E-02  4.007E-02  3.845E-02  3.684E-02  3.525E-02  3.369E-02  3.214E-02  3.062E-02  2.912E-02  2.764E-02  2.619E-02  2.476E-02  2.336E-02  2.199E-02  2.065E-02  1.933E-02  1.805E-02  1.680E-02  1.560E-02  1.443E-02  1.330E-02  1.222E-02  1.119E-02  1.021E-02  9.053E-03  8.061E-03  7.219E-03  6.505E-03  5.795E-03  5.028E-03  4.480E-03  3.834E-03  3.279E-03  2.819E-03  2.435E-03  2.043E-03  1.709E-03  1.401E-03  1.141E-03  9.343E-04  7.671E-04  6.087E-04  4.939E-04  3.884E-04  3.073E-04  2.454E-04  1.908E-04  1.479E-04
  370.5000  5.867E-02  5.698E-02  5.530E-02  5.365E-02  5.200E-02  5.037E-02  4.875E-02  4.715E-02  4.557E-02  4.400E-02  4.244E-02  4.090E-02  3.937E-02  3.786E-02  3.637E-02  3.490E-02  3.344E-02  3.200E-02  3.058E-02  2.918E-02  2.780E-02  2.643E-02  2.509E-02  2.377E-02  2.248E-02  2.120E-02  1.996E-02  1.874E-02  1.755E-02  1.638E-02  1.525E-02  1.416E-02  1.309E-02  1.207E-02  1.109E-02  1.015E-02  9.266E-03  8.215E-03  7.314E-03  6.549E-03  5.901E-03  5.256E-03  4.560E-03  4.063E-03  3.477E-03  2.973E-03  2.555E-03  2.207E-03  1.851E-03  1.548E-03  1.269E-03  1.034E-03  8.459E-04  6.944E-04  5.509E-04  4.469E-04  3.514E-04  2.779E-04  2.219E-04  1.725E-04  1.337E-04
  371.5000  6.716E-02  6.523E-02  6.331E-02  6.142E-02  5.953E-02  5.767E-02  5.582E-02  5.398E-02  5.217E-02  5.037E-02  4.859E-02  4.683E-02  4.508E-02  4.335E-02  4.164E-02  3.996E-02  3.829E-02  3.664E-02  3.501E-02  3.341E-02  3.183E-02  3.027E-02  2.873E-02  2.722E-02  2.573E-02  2.428E-02  2.285E-02  2.146E-02  2.009E-02  1.876E-02  1.746E-02  1.621E-02  1.499E-02  1.382E-02  1.269E-02  1.162E-02  1.061E-02  9.403E-03  8.372E-03  7.496E-03  6.753E-03  6.015E-03  5.217E-03  4.648E-03  3.977E-03  3.400E-03  2.922E-03  2.524E-03  2.117E-03  1.769E-03  1.451E-03  1.181E-03  9.662E-04  7.930E-04  6.289E-04  5.101E-04  4.010E-04  3.171E-04  2.531E-04  1.967E-04  1.525E-04
  372.5000  4.964E-02  4.821E-02  4.679E-02  4.539E-02  4.400E-02  4.262E-02  4.125E-02  3.990E-02  3.856E-02  3.723E-02  3.591E-02  3.461E-02  3.332E-02  3.204E-02  3.078E-02  2.954E-02  2.830E-02  2.708E-02  2.588E-02  2.469E-02  2.353E-02  2.237E-02  2.124E-02  2.012E-02  1.902E-02  1.795E-02  1.689E-02  1.586E-02  1.485E-02  1.387E-02  1.291E-02  1.198E-02  1.108E-02  1.021E-02  9.381E-03  8.590E-03  7.840E-03  6.950E-03  6.187E-03  5.539E-03  4.990E-03  4.444E-03  3.854E-03  3.433E-03  2.937E-03  2.510E-03  2.157E-03  1.863E-03  1.563E-03  1.305E-03  1.070E-03  8.710E-04  7.125E-04  5.846E-04  4.636E-04  3.759E-04  2.954E-04  2.336E-04  1.864E-04  1.449E-04  1.123E-04
  373.5000  4.488E-02  4.359E-02  4.231E-02  4.104E-02  3.978E-02  3.854E-02  3.730E-02  3.607E-02  3.486E-02  3.366E-02  3.247E-02  3.129E-02  3.013E-02  2.897E-02  2.783E-02  2.670E-02  2.559E-02  2.449E-02  2.340E-02  2.233E-02  2.127E-02  2.023E-02  1.920E-02  1.819E-02  1.720E-02  1.623E-02  1.527E-02  1.434E-02  1.343E-02  1.254E-02  1.167E-02  1.083E-02  1.002E-02  9.232E-03  8.480E-03  7.764E-03  7.086E-03  6.281E-03  5.591E-03  5.005E-03  4.508E-03  4.014E-03  3.481E-03  3.101E-03  2.652E-03  2.266E-03  1.947E-03  1.681E-03  1.410E-03  1.178E-03  9.654E-04  7.855E-04  6.425E-04  5.270E-04  4.178E-04  3.387E-04  2.661E-04  2.104E-04  1.679E-04  1.304E-04  1.011E-04
  374.5000  4.928E-02  4.786E-02  4.645E-02  4.506E-02  4.368E-02  4.231E-02  4.095E-02  3.961E-02  3.827E-02  3.696E-02  3.565E-02  3.436E-02  3.308E-02  3.181E-02  3.056E-02  2.932E-02  2.809E-02  2.689E-02  2.569E-02  2.451E-02  2.335E-02  2.221E-02  2.108E-02  1.997E-02  1.888E-02  1.781E-02  1.677E-02  1.574E-02  1.474E-02  1.376E-02  1.281E-02  1.189E-02  1.100E-02  1.013E-02  9.308E-03  8.522E-03  7.777E-03  6.893E-03  6.136E-03  5.492E-03  4.946E-03  4.404E-03  3.818E-03  3.401E-03  2.908E-03  2.485E-03  2.135E-03  1.843E-03  1.545E-03  1.291E-03  1.058E-03  8.604E-04  7.035E-04  5.770E-04  4.573E-04  3.707E-04  2.912E-04  2.301E-04  1.836E-04  1.426E-04  1.105E-04
  375.5000  5.563E-02  5.403E-02  5.244E-02  5.087E-02  4.931E-02  4.776E-02  4.623E-02  4.471E-02  4.321E-02  4.172E-02  4.025E-02  3.879E-02  3.734E-02  3.591E-02  3.450E-02  3.310E-02  3.172E-02  3.035E-02  2.901E-02  2.768E-02  2.637E-02  2.508E-02  2.380E-02  2.255E-02  2.132E-02  2.012E-02  1.894E-02  1.778E-02  1.665E-02  1.554E-02  1.447E-02  1.343E-02  1.242E-02  1.144E-02  1.051E-02  9.621E-03  8.779E-03  7.782E-03  6.926E-03  6.199E-03  5.582E-03  4.970E-03  4.308E-03  3.837E-03  3.281E-03  2.803E-03  2.408E-03  2.078E-03  1.742E-03  1.455E-03  1.192E-03  9.694E-04  7.925E-04  6.498E-04  5.149E-04  4.173E-04  3.277E-04  2.589E-04  2.065E-04  1.604E-04  1.243E-04
  376.5000  5.558E-02  5.398E-02  5.240E-02  5.083E-02  4.927E-02  4.772E-02  4.619E-02  4.467E-02  4.317E-02  4.169E-02  4.021E-02  3.876E-02  3.731E-02  3.588E-02  3.447E-02  3.308E-02  3.169E-02  3.033E-02  2.898E-02  2.765E-02  2.635E-02  2.506E-02  2.379E-02  2.254E-02  2.131E-02  2.010E-02  1.892E-02  1.776E-02  1.663E-02  1.553E-02  1.446E-02  1.342E-02  1.241E-02  1.143E-02  1.050E-02  9.613E-03  8.771E-03  7.774E-03  6.920E-03  6.192E-03  5.575E-03  4.963E-03  4.302E-03  3.831E-03  3.275E-03  2.798E-03  2.403E-03  2.074E-03  1.738E-03  1.451E-03  1.189E-03  9.665E-04  7.900E-04  6.476E-04  5.130E-04  4.157E-04  3.263E-04  2.578E-04  2.056E-04  1.597E-04  1.237E-04
  377.5000  6.622E-02  6.431E-02  6.242E-02  6.055E-02  5.870E-02  5.686E-02  5.503E-02  5.323E-02  5.144E-02  4.967E-02  4.791E-02  4.617E-02  4.445E-02  4.275E-02  4.107E-02  3.941E-02  3.776E-02  3.614E-02  3.453E-02  3.295E-02  3.139E-02  2.986E-02  2.834E-02  2.685E-02  2.539E-02  2.395E-02  2.255E-02  2.117E-02  1.982E-02  1.850E-02  1.722E-02  1.598E-02  1.478E-02  1.362E-02  1.251E-02  1.145E-02  1.045E-02  9.261E-03  8.242E-03  7.375E-03  6.640E-03  5.910E-03  5.122E-03  4.561E-03  3.898E-03  3.330E-03  2.859E-03  2.467E-03  2.068E-03  1.725E-03  1.413E-03  1.149E-03  9.389E-04  7.696E-04  6.095E-04  4.937E-04  3.875E-04  3.061E-04  2.440E-04  1.895E-04  1.467E-04
  378.5000  7.220E-02  7.012E-02  6.806E-02  6.603E-02  6.400E-02  6.199E-02  6.001E-02  5.803E-02  5.608E-02  5.416E-02  5.224E-02  5.035E-02  4.847E-02  4.661E-02  4.478E-02  4.297E-02  4.118E-02  3.940E-02  3.766E-02  3.593E-02  3.423E-02  3.255E-02  3.090E-02  2.928E-02  2.768E-02  2.612E-02  2.458E-02  2.308E-02  2.161E-02  2.018E-02  1.878E-02  1.743E-02  1.612E-02  1.485E-02  1.364E-02  1.248E-02  1.139E-02  1.009E-02  8.984E-03  8.038E-03  7.236E-03  6.440E-03  5.581E-03  4.968E-03  4.246E-03  3.626E-03  3.113E-03  2.686E-03  2.251E-03  1.878E-03  1.538E-03  1.250E-03  1.021E-03  8.368E-04  6.626E-04  5.366E-04  4.211E-04  3.325E-04  2.651E-04  2.058E-04  1.594E-04
  379.5000  5.344E-02  5.190E-02  5.038E-02  4.887E-02  4.737E-02  4.588E-02  4.441E-02  4.295E-02  4.151E-02  4.008E-02  3.866E-02  3.726E-02  3.587E-02  3.450E-02  3.314E-02  3.180E-02  3.048E-02  2.916E-02  2.787E-02  2.659E-02  2.534E-02  2.410E-02  2.287E-02  2.167E-02  2.049E-02  1.933E-02  1.820E-02  1.708E-02  1.599E-02  1.493E-02  1.390E-02  1.290E-02  1.193E-02  1.099E-02  1.009E-02  9.238E-03  8.428E-03  7.469E-03  6.646E-03  5.946E-03  5.352E-03  4.763E-03  4.127E-03  3.673E-03  3.139E-03  2.680E-03  2.301E-03  1.985E-03  1.663E-03  1.387E-03  1.136E-03  9.229E-04  7.538E-04  6.176E-04  4.889E-04  3.958E-04  3.106E-04  2.452E-04  1.954E-04  1.517E-04  1.174E-04
  380.5000  6.430E-02  6.245E-02  6.061E-02  5.880E-02  5.699E-02  5.521E-02  5.344E-02  5.168E-02  4.994E-02  4.823E-02  4.652E-02  4.483E-02  4.317E-02  4.151E-02  3.988E-02  3.827E-02  3.667E-02  3.509E-02  3.354E-02  3.200E-02  3.049E-02  2.899E-02  2.752E-02  2.608E-02  2.465E-02  2.326E-02  2.189E-02  2.055E-02  1.925E-02  1.797E-02  1.672E-02  1.552E-02  1.435E-02  1.322E-02  1.214E-02  1.111E-02  1.014E-02  8.985E-03  7.995E-03  7.152E-03  6.437E-03  5.728E-03  4.962E-03  4.416E-03  3.773E-03  3.221E-03  2.765E-03  2.385E-03  1.998E-03  1.666E-03  1.364E-03  1.108E-03  9.048E-04  7.411E-04  5.865E-04  4.748E-04  3.724E-04  2.940E-04  2.343E-04  1.818E-04  1.407E-04
  381.5000  6.045E-02  5.871E-02  5.698E-02  5.528E-02  5.358E-02  5.190E-02  5.024E-02  4.859E-02  4.695E-02  4.534E-02  4.374E-02  4.215E-02  4.058E-02  3.903E-02  3.749E-02  3.598E-02  3.448E-02  3.299E-02  3.153E-02  3.008E-02  2.866E-02  2.726E-02  2.588E-02  2.452E-02  2.318E-02  2.187E-02  2.059E-02  1.933E-02  1.810E-02  1.689E-02  1.572E-02  1.459E-02  1.349E-02  1.243E-02  1.142E-02  1.045E-02  9.531E-03  8.446E-03  7.515E-03  6.722E-03  6.049E-03  5.382E-03  4.662E-03  4.149E-03  3.544E-03  3.025E-03  2.596E-03  2.239E-03  1.875E-03  1.564E-03  1.280E-03  1.039E-03  8.486E-04  6.949E-04  5.498E-04  4.450E-04  3.490E-04  2.754E-04  2.194E-04  1.703E-04  1.318E-04
  382.5000  4.030E-02  3.914E-02  3.799E-02  3.685E-02  3.572E-02  3.460E-02  3.349E-02  3.239E-02  3.130E-02  3.022E-02  2.916E-02  2.810E-02  2.705E-02  2.602E-02  2.499E-02  2.398E-02  2.298E-02  2.200E-02  2.102E-02  2.006E-02  1.911E-02  1.817E-02  1.725E-02  1.635E-02  1.545E-02  1.458E-02  1.372E-02  1.288E-02  1.206E-02  1.126E-02  1.048E-02  9.728E-03  8.994E-03  8.288E-03  7.610E-03  6.965E-03  6.353E-03  5.629E-03  5.009E-03  4.479E-03  4.031E-03  3.586E-03  3.106E-03  2.763E-03  2.360E-03  2.014E-03  1.729E-03  1.490E-03  1.248E-03  1.040E-03  8.514E-04  6.914E-04  5.643E-04  4.620E-04  3.655E-04  2.957E-04  2.318E-04  1.829E-04  1.457E-04  1.131E-04  8.750E-05
  383.5000  3.540E-02  3.438E-02  3.337E-02  3.237E-02  3.138E-02  3.039E-02  2.942E-02  2.845E-02  2.750E-02  2.655E-02  2.561E-02  2.468E-02  2.377E-02  2.286E-02  2.196E-02  2.107E-02  2.019E-02  1.932E-02  1.847E-02  1.762E-02  1.679E-02  1.597E-02  1.516E-02  1.436E-02  1.358E-02  1.281E-02  1.206E-02  1.132E-02  1.060E-02  9.894E-03  9.209E-03  8.546E-03  7.901E-03  7.280E-03  6.684E-03  6.117E-03  5.580E-03  4.944E-03  4.399E-03  3.934E-03  3.539E-03  3.148E-03  2.726E-03  2.425E-03  2.071E-03  1.767E-03  1.516E-03  1.307E-03  1.095E-03  9.123E-04  7.464E-04  6.060E-04  4.945E-04  4.048E-04  3.201E-04  2.590E-04  2.030E-04  1.601E-04  1.275E-04  9.892E-05  7.655E-05
  384.5000  5.315E-02  5.162E-02  5.010E-02  4.860E-02  4.711E-02  4.563E-02  4.417E-02  4.272E-02  4.128E-02  3.986E-02  3.845E-02  3.706E-02  3.568E-02  3.432E-02  3.297E-02  3.163E-02  3.032E-02  2.901E-02  2.773E-02  2.646E-02  2.521E-02  2.397E-02  2.276E-02  2.156E-02  2.039E-02  1.923E-02  1.810E-02  1.700E-02  1.591E-02  1.486E-02  1.383E-02  1.283E-02  1.186E-02  1.093E-02  1.004E-02  9.184E-03  8.376E-03  7.422E-03  6.602E-03  5.904E-03  5.311E-03  4.724E-03  4.091E-03  3.639E-03  3.107E-03  2.651E-03  2.274E-03  1.960E-03  1.641E-03  1.367E-03  1.118E-03  9.078E-04  7.407E-04  6.061E-04  4.792E-04  3.876E-04  3.037E-04  2.395E-04  1.907E-04  1.479E-04  1.145E-04
  385.5000  5.261E-02  5.109E-02  4.959E-02  4.810E-02  4.663E-02  4.517E-02  4.372E-02  4.228E-02  4.086E-02  3.946E-02  3.806E-02  3.668E-02  3.532E-02  3.397E-02  3.263E-02  3.131E-02  3.001E-02  2.872E-02  2.744E-02  2.619E-02  2.495E-02  2.373E-02  2.253E-02  2.134E-02  2.018E-02  1.904E-02  1.792E-02  1.682E-02  1.575E-02  1.471E-02  1.369E-02  1.270E-02  1.174E-02  1.082E-02  9.933E-03  9.090E-03  8.290E-03  7.345E-03  6.534E-03  5.842E-03  5.255E-03  4.673E-03  4.046E-03  3.599E-03  3.072E-03  2.621E-03  2.248E-03  1.937E-03  1.622E-03  1.351E-03  1.105E-03  8.966E-04  7.314E-04  5.984E-04  4.730E-04  3.824E-04  2.996E-04  2.363E-04  1.881E-04  1.459E-04  1.128E-04
  386.5000  5.365E-02  5.210E-02  5.057E-02  4.905E-02  4.755E-02  4.606E-02  4.458E-02  4.312E-02  4.167E-02  4.024E-02  3.881E-02  3.741E-02  3.602E-02  3.464E-02  3.328E-02  3.193E-02  3.060E-02  2.929E-02  2.799E-02  2.671E-02  2.545E-02  2.420E-02  2.297E-02  2.177E-02  2.058E-02  1.942E-02  1.828E-02  1.716E-02  1.606E-02  1.500E-02  1.396E-02  1.295E-02  1.197E-02  1.103E-02  1.013E-02  9.269E-03  8.453E-03  7.489E-03  6.662E-03  5.956E-03  5.357E-03  4.763E-03  4.124E-03  3.667E-03  3.130E-03  2.670E-03  2.290E-03  1.973E-03  1.651E-03  1.375E-03  1.124E-03  9.123E-04  7.440E-04  6.086E-04  4.809E-04  3.888E-04  3.045E-04  2.401E-04  1.911E-04  1.481E-04  1.146E-04
  387.5000  4.988E-02  4.844E-02  4.702E-02  4.561E-02  4.421E-02  4.282E-02  4.145E-02  4.009E-02  3.874E-02  3.741E-02  3.609E-02  3.478E-02  3.348E-02  3.220E-02  3.094E-02  2.969E-02  2.845E-02  2.723E-02  2.602E-02  2.483E-02  2.366E-02  2.250E-02  2.136E-02  2.024E-02  1.913E-02  1.805E-02  1.699E-02  1.595E-02  1.494E-02  1.394E-02  1.298E-02  1.204E-02  1.113E-02  1.026E-02  9.416E-03  8.616E-03  7.857E-03  6.962E-03  6.192E-03  5.535E-03  4.978E-03  4.426E-03  3.831E-03  3.407E-03  2.907E-03  2.479E-03  2.126E-03  1.832E-03  1.532E-03  1.276E-03  1.043E-03  8.463E-04  6.900E-04  5.643E-04  4.458E-04  3.603E-04  2.822E-04  2.224E-04  1.770E-04  1.372E-04  1.061E-04
  388.5000  5.002E-02  4.857E-02  4.714E-02  4.573E-02  4.433E-02  4.294E-02  4.156E-02  4.019E-02  3.884E-02  3.751E-02  3.618E-02  3.487E-02  3.357E-02  3.229E-02  3.102E-02  2.977E-02  2.853E-02  2.730E-02  2.609E-02  2.490E-02  2.372E-02  2.256E-02  2.142E-02  2.029E-02  1.919E-02  1.810E-02  1.704E-02  1.600E-02  1.498E-02  1.398E-02  1.301E-02  1.208E-02  1.116E-02  1.028E-02  9.441E-03  8.639E-03  7.877E-03  6.979E-03  6.207E-03  5.548E-03  4.989E-03  4.436E-03  3.839E-03  3.413E-03  2.912E-03  2.483E-03  2.129E-03  1.834E-03  1.534E-03  1.277E-03  1.044E-03  8.467E-04  6.902E-04  5.643E-04  4.457E-04  3.602E-04  2.820E-04  2.222E-04  1.768E-04  1.370E-04  1.060E-04
  389.5000  6.310E-02  6.128E-02  5.947E-02  5.769E-02  5.592E-02  5.417E-02  5.243E-02  5.071E-02  4.900E-02  4.732E-02  4.565E-02  4.399E-02  4.236E-02  4.074E-02  3.914E-02  3.756E-02  3.599E-02  3.445E-02  3.292E-02  3.141E-02  2.993E-02  2.847E-02  2.702E-02  2.560E-02  2.421E-02  2.284E-02  2.150E-02  2.018E-02  1.890E-02  1.764E-02  1.642E-02  1.523E-02  1.408E-02  1.297E-02  1.191E-02  1.090E-02  9.937E-03  8.803E-03  7.829E-03  6.998E-03  6.292E-03  5.593E-03  4.840E-03  4.303E-03  3.671E-03  3.129E-03  2.682E-03  2.310E-03  1.932E-03  1.609E-03  1.315E-03  1.066E-03  8.686E-04  7.101E-04  5.607E-04  4.529E-04  3.545E-04  2.793E-04  2.222E-04  1.722E-04  1.331E-04
  390.5000  6.201E-02  6.022E-02  5.844E-02  5.669E-02  5.495E-02  5.323E-02  5.152E-02  4.983E-02  4.815E-02  4.650E-02  4.486E-02  4.323E-02  4.162E-02  4.003E-02  3.846E-02  3.691E-02  3.537E-02  3.385E-02  3.235E-02  3.087E-02  2.941E-02  2.797E-02  2.656E-02  2.516E-02  2.379E-02  2.244E-02  2.113E-02  1.984E-02  1.857E-02  1.734E-02  1.614E-02  1.497E-02  1.384E-02  1.275E-02  1.170E-02  1.071E-02  9.764E-03  8.650E-03  7.692E-03  6.874E-03  6.180E-03  5.493E-03  4.753E-03  4.225E-03  3.604E-03  3.072E-03  2.633E-03  2.267E-03  1.896E-03  1.578E-03  1.289E-03  1.045E-03  8.515E-04  6.959E-04  5.494E-04  4.437E-04  3.472E-04  2.735E-04  2.175E-04  1.685E-04  1.303E-04
  391.5000  7.360E-02  7.147E-02  6.937E-02  6.729E-02  6.522E-02  6.317E-02  6.115E-02  5.914E-02  5.715E-02  5.519E-02  5.324E-02  5.131E-02  4.940E-02  4.751E-02  4.565E-02  4.381E-02  4.198E-02  4.018E-02  3.840E-02  3.664E-02  3.491E-02  3.321E-02  3.152E-02  2.987E-02  2.824E-02  2.664E-02  2.508E-02  2.354E-02  2.204E-02  2.058E-02  1.915E-02  1.777E-02  1.643E-02  1.513E-02  1.389E-02  1.271E-02  1.159E-02  1.027E-02  9.128E-03  8.157E-03  7.333E-03  6.517E-03  5.638E-03  5.011E-03  4.274E-03  3.642E-03  3.121E-03  2.687E-03  2.246E-03  1.870E-03  1.527E-03  1.238E-03  1.008E-03  8.239E-04  6.502E-04  5.250E-04  4.108E-04  3.235E-04  2.572E-04  1.992E-04  1.540E-04
  392.5000  5.522E-02  5.362E-02  5.204E-02  5.048E-02  4.893E-02  4.739E-02  4.587E-02  4.437E-02  4.288E-02  4.140E-02  3.994E-02  3.849E-02  3.706E-02  3.565E-02  3.425E-02  3.287E-02  3.150E-02  3.014E-02  2.881E-02  2.749E-02  2.619E-02  2.491E-02  2.365E-02  2.241E-02  2.119E-02  1.999E-02  1.882E-02  1.767E-02  1.654E-02  1.544E-02  1.437E-02  1.333E-02  1.233E-02  1.135E-02  1.042E-02  9.535E-03  8.693E-03  7.701E-03  6.847E-03  6.118E-03  5.499E-03  4.887E-03  4.227E-03  3.757E-03  3.203E-03  2.730E-03  2.339E-03  2.013E-03  1.683E-03  1.400E-03  1.144E-03  9.266E-04  7.546E-04  6.165E-04  4.864E-04  3.927E-04  3.071E-04  2.418E-04  1.922E-04  1.489E-04  1.151E-04
  393.5000  2.402E-02  2.332E-02  2.263E-02  2.196E-02  2.128E-02  2.061E-02  1.995E-02  1.930E-02  1.865E-02  1.801E-02  1.737E-02  1.674E-02  1.612E-02  1.550E-02  1.489E-02  1.429E-02  1.370E-02  1.311E-02  1.253E-02  1.196E-02  1.139E-02  1.084E-02  1.029E-02  9.747E-03  9.216E-03  8.695E-03  8.185E-03  7.684E-03  7.194E-03  6.716E-03  6.250E-03  5.799E-03  5.361E-03  4.938E-03  4.533E-03  4.147E-03  3.780E-03  3.349E-03  2.977E-03  2.660E-03  2.391E-03  2.124E-03  1.837E-03  1.633E-03  1.392E-03  1.186E-03  1.016E-03  8.743E-04  7.306E-04  6.080E-04  4.964E-04  4.021E-04  3.274E-04  2.674E-04  2.109E-04  1.702E-04  1.331E-04  1.048E-04  8.329E-05  6.450E-05  4.985E-05
  394.5000  5.654E-02  5.490E-02  5.328E-02  5.169E-02  5.010E-02  4.853E-02  4.697E-02  4.543E-02  4.390E-02  4.239E-02  4.089E-02  3.941E-02  3.795E-02  3.650E-02  3.506E-02  3.365E-02  3.225E-02  3.086E-02  2.950E-02  2.815E-02  2.682E-02  2.551E-02  2.422E-02  2.295E-02  2.170E-02  2.047E-02  1.927E-02  1.809E-02  1.694E-02  1.581E-02  1.471E-02  1.365E-02  1.262E-02  1.162E-02  1.067E-02  9.760E-03  8.897E-03  7.882E-03  7.007E-03  6.260E-03  5.626E-03  4.998E-03  4.322E-03  3.840E-03  3.273E-03  2.788E-03  2.388E-03  2.055E-03  1.717E-03  1.429E-03  1.166E-03  9.444E-04  7.688E-04  6.278E-04  4.951E-04  3.995E-04  3.123E-04  2.458E-04  1.953E-04  1.512E-04  1.169E-04
  395.5000  7.277E-02  7.067E-02  6.859E-02  6.653E-02  6.448E-02  6.246E-02  6.045E-02  5.847E-02  5.650E-02  5.456E-02  5.264E-02  5.073E-02  4.884E-02  4.698E-02  4.513E-02  4.331E-02  4.151E-02  3.973E-02  3.797E-02  3.623E-02  3.452E-02  3.284E-02  3.117E-02  2.954E-02  2.793E-02  2.635E-02  2.480E-02  2.328E-02  2.180E-02  2.035E-02  1.894E-02  1.757E-02  1.624E-02  1.496E-02  1.373E-02  1.256E-02  1.145E-02  1.014E-02  9.017E-03  8.056E-03  7.238E-03  6.430E-03  5.560E-03  4.939E-03  4.209E-03  3.585E-03  3.070E-03  2.641E-03  2.206E-03  1.836E-03  1.498E-03  1.213E-03  9.872E-04  8.059E-04  6.354E-04  5.126E-04  4.007E-04  3.153E-04  2.505E-04  1.939E-04  1.498E-04
  396.5000  4.275E-02  4.151E-02  4.029E-02  3.908E-02  3.788E-02  3.669E-02  3.551E-02  3.435E-02  3.319E-02  3.205E-02  3.092E-02  2.980E-02  2.869E-02  2.760E-02  2.651E-02  2.544E-02  2.438E-02  2.334E-02  2.230E-02  2.128E-02  2.028E-02  1.929E-02  1.831E-02  1.735E-02  1.641E-02  1.548E-02  1.457E-02  1.368E-02  1.281E-02  1.196E-02  1.113E-02  1.032E-02  9.543E-03  8.790E-03  8.067E-03  7.379E-03  6.726E-03  5.958E-03  5.296E-03  4.731E-03  4.251E-03  3.776E-03  3.265E-03  2.899E-03  2.471E-03  2.104E-03  1.801E-03  1.550E-03  1.294E-03  1.076E-03  8.784E-04  7.110E-04  5.786E-04  4.722E-04  3.722E-04  3.002E-04  2.346E-04  1.846E-04  1.466E-04  1.134E-04  8.764E-05
  397.5000  4.935E-02  4.792E-02  4.651E-02  4.511E-02  4.373E-02  4.235E-02  4.099E-02  3.965E-02  3.832E-02  3.700E-02  3.569E-02  3.440E-02  3.312E-02  3.186E-02  3.061E-02  2.937E-02  2.815E-02  2.694E-02  2.575E-02  2.457E-02  2.341E-02  2.227E-02  2.114E-02  2.003E-02  1.894E-02  1.787E-02  1.682E-02  1.579E-02  1.479E-02  1.380E-02  1.285E-02  1.192E-02  1.102E-02  1.015E-02  9.314E-03  8.519E-03  7.765E-03  6.878E-03  6.114E-03  5.461E-03  4.906E-03  4.357E-03  3.767E-03  3.345E-03  2.850E-03  2.427E-03  2.077E-03  1.787E-03  1.492E-03  1.241E-03  1.012E-03  8.192E-04  6.664E-04  5.437E-04  4.285E-04  3.455E-04  2.699E-04  2.123E-04  1.686E-04  1.305E-04  1.008E-04
  398.5000  8.484E-02  8.238E-02  7.995E-02  7.755E-02  7.517E-02  7.281E-02  7.047E-02  6.815E-02  6.586E-02  6.360E-02  6.136E-02  5.913E-02  5.694E-02  5.476E-02  5.261E-02  5.049E-02  4.839E-02  4.632E-02  4.427E-02  4.224E-02  4.025E-02  3.829E-02  3.635E-02  3.444E-02  3.257E-02  3.072E-02  2.892E-02  2.715E-02  2.542E-02  2.373E-02  2.209E-02  2.049E-02  1.894E-02  1.745E-02  1.601E-02  1.465E-02  1.335E-02  1.182E-02  1.051E-02  9.386E-03  8.431E-03  7.488E-03  6.472E-03  5.747E-03  4.896E-03  4.168E-03  3.567E-03  3.067E-03  2.561E-03  2.129E-03  1.737E-03  1.405E-03  1.143E-03  9.323E-04  7.346E-04  5.922E-04  4.625E-04  3.637E-04  2.888E-04  2.234E-04  1.725E-04
  399.5000  8.828E-02  8.572E-02  8.319E-02  8.069E-02  7.821E-02  7.576E-02  7.332E-02  7.091E-02  6.853E-02  6.618E-02  6.384E-02  6.153E-02  5.924E-02  5.698E-02  5.474E-02  5.254E-02  5.035E-02  4.819E-02  4.606E-02  4.396E-02  4.189E-02  3.984E-02  3.782E-02  3.584E-02  3.389E-02  3.197E-02  3.010E-02  2.826E-02  2.646E-02  2.470E-02  2.298E-02  2.132E-02  1.971E-02  1.815E-02  1.666E-02  1.524E-02  1.389E-02  1.230E-02  1.093E-02  9.764E-03  8.770E-03  7.788E-03  6.731E-03  5.976E-03  5.090E-03  4.332E-03  3.707E-03  3.187E-03  2.660E-03  2.212E-03  1.804E-03  1.459E-03  1.186E-03  9.676E-04  7.622E-04  6.143E-04  4.797E-04  3.771E-04  2.993E-04  2.315E-04  1.788E-04
------------------------------------------------------------
Dose rates,W m-2
   1 = UV index (WMO, 1994; Webb et al., 2011)           
   2 = Previtamin-D3 (CIE 2006)                          
values at z =      0.025 km
Columns: time,sza,weighting spectra
time,hrs.  sza,deg.          1          2
   18.0000     82.748  1.491E-01  2.642E-03
   18.0167     82.947  1.437E-01  2.521E-03
   18.0333     83.146  1.383E-01  2.405E-03
   18.0500     83.345  1.331E-01  2.293E-03
   18.0667     83.545  1.280E-01  2.185E-03
   18.0833     83.745  1.230E-01  2.082E-03
   18.1000     83.944  1.181E-01  1.982E-03
   18.1167     84.144  1.134E-01  1.886E-03
   18.1333     84.345  1.087E-01  1.795E-03
   18.1500     84.544  1.042E-01  1.707E-03
   18.1667     84.745  9.972E-02  1.622E-03
   18.1833     84.946  9.538E-02  1.541E-03
   18.2000     85.146  9.114E-02  1.463E-03
   18.2167     85.347  8.701E-02  1.388E-03
   18.2333     85.548  8.298E-02  1.316E-03
   18.2500     85.749  7.906E-02  1.247E-03
   18.2667     85.950  7.524E-02  1.181E-03
   18.2833     86.152  7.151E-02  1.118E-03
   18.3000     86.354  6.789E-02  1.058E-03
   18.3167     86.556  6.436E-02  9.996E-04
   18.3333     86.757  6.094E-02  9.441E-04
   18.3500     86.959  5.760E-02  8.908E-04
   18.3667     87.161  5.437E-02  8.398E-04
   18.3833     87.364  5.123E-02  7.909E-04
   18.4000     87.566  4.819E-02  7.441E-04
   18.4167     87.769  4.524E-02  6.993E-04
   18.4333     87.971  4.240E-02  6.565E-04
   18.4500     88.174  3.965E-02  6.155E-04
   18.4667     88.377  3.699E-02  5.762E-04
   18.4833     88.580  3.443E-02  5.386E-04
   18.5000     88.783  3.197E-02  5.027E-04
   18.5167     88.986  2.961E-02  4.686E-04
   18.5333     89.190  2.735E-02  4.359E-04
   18.5500     89.393  2.519E-02  4.047E-04
   18.5667     89.597  2.313E-02  3.752E-04
   18.5833     89.801  2.120E-02  3.474E-04
   18.6000     90.005  1.938E-02  3.211E-04
   18.6167     90.209  1.725E-02  2.900E-04
   18.6333     90.413  1.543E-02  2.633E-04
   18.6500     90.617  1.389E-02  2.405E-04
   18.6667     90.822  1.257E-02  2.210E-04
   18.6833     91.026  1.127E-02  2.012E-04
   18.7000     91.231  9.870E-03  1.798E-04
   18.7167     91.435  8.851E-03  1.638E-04
   18.7333     91.640  7.672E-03  1.451E-04
   18.7500     91.845  6.642E-03  1.283E-04
   18.7667     92.050  5.780E-03  1.138E-04
   18.7833     92.255  5.057E-03  1.016E-04
   18.8000     92.460  4.311E-03  8.850E-05
   18.8167     92.666  3.664E-03  7.676E-05
   18.8333     92.871  3.057E-03  6.524E-05
   18.8500     93.077  2.540E-03  5.527E-05
   18.8667     93.282  2.116E-03  4.681E-05
   18.8833     93.488  1.765E-03  3.958E-05
   18.9000     93.694  1.423E-03  3.224E-05
   18.9167     93.900  1.170E-03  2.670E-05
   18.9333     94.106  9.294E-04  2.127E-05
   18.9500     94.312  7.391E-04  1.688E-05
   18.9667     94.518  5.913E-04  1.344E-05
   18.9833     94.724  4.591E-04  1.035E-05
   19.0000     94.930  3.531E-04  7.849E-06
------------------------------------------------------------
