Spectral Irradiance,W m-2 nm-1
values at z =      0.025 km
Columns: wavelength (nm),times (hrs.) or sza (deg.)
    wc,nm     18.000     18.017     18.033     18.050     18.067     18.083     18.100     18.117     18.133     18.150     18.167     18.183     18.200     18.217     18.233     18.250     18.267     18.283     18.300     18.317     18.333     18.350     18.367     18.383     18.400     18.417     18.433     18.450     18.467     18.483     18.500     18.517     18.533     18.550     18.567     18.583     18.600     18.617     18.633     18.650     18.667     18.683     18.700     18.717     18.733     18.750     18.767     18.783     18.800     18.817     18.833     18.850     18.867     18.883     18.900     18.917     18.933     18.950     18.967     18.983     19.000
    sza =      85.215     85.408     85.601     85.793     85.987     86.181     86.374     86.568     86.763     86.957     87.151     87.346     87.541     87.736     87.932     88.127     88.322     88.518     88.715     88.911     89.107     89.303     89.500     89.697     89.894     90.092     90.289     90.486     90.684     90.882     91.081     91.278     91.477     91.675     91.874     92.073     92.272     92.471     92.671     92.870     93.070     93.270     93.470     93.669     93.870     94.070     94.271     94.472     94.672     94.873     95.074     95.275     95.477     95.678     95.880     96.081     96.283     96.486     96.688     96.890     97.092
  280.5000  8.297E-25  8.111E-25  7.925E-25  7.738E-25  7.550E-25  7.362E-25  7.172E-25  6.981E-25  6.789E-25  6.597E-25  6.403E-25  6.207E-25  6.011E-25  5.812E-25  5.613E-25  5.412E-25  5.210E-25  5.006E-25  4.801E-25  4.594E-25  4.388E-25  4.181E-25  3.973E-25  3.768E-25  3.565E-25  3.326E-25  3.071E-25  2.848E-25  2.653E-25  2.482E-25  2.253E-25  2.066E-25  1.867E-25  1.698E-25  1.502E-25  1.330E-25  1.177E-25  1.041E-25  8.985E-26  7.545E-26  6.329E-26  5.286E-26  4.392E-26  3.479E-26  2.738E-26  2.033E-26  1.490E-26  9.674E-27  5.561E-27  2.658E-27  8.804E-28  1.573E-28  7.682E-30  5.531E-32  1.420E-35  1.774E-42  0.000E+00  0.000E+00  0.000E+00  0.000E+00  0.000E+00
  281.5000  1.265E-22  1.236E-22  1.208E-22  1.179E-22  1.151E-22  1.122E-22  1.093E-22  1.064E-22  1.035E-22  1.005E-22  9.759E-23  9.461E-23  9.162E-23  8.860E-23  8.557E-23  8.252E-23  7.944E-23  7.634E-23  7.323E-23  7.009E-23  6.695E-23  6.380E-23  6.065E-23  5.752E-23  5.444E-23  5.081E-23  4.692E-23  4.354E-23  4.057E-23  3.797E-23  3.448E-23  3.163E-23  2.859E-23  2.600E-23  2.301E-23  2.039E-23  1.805E-23  1.597E-23  1.379E-23  1.158E-23  9.723E-24  8.127E-24  6.761E-24  5.371E-24  4.250E-24  3.183E-24  2.362E-24  1.567E-24  9.326E-25  4.700E-25  1.700E-25  3.513E-26  2.231E-27  2.480E-29  1.318E-32  6.917E-39  0.000E+00  0.000E+00  0.000E+00  0.000E+00  0.000E+00
  282.5000  6.504E-21  6.358E-21  6.211E-21  6.064E-21  5.917E-21  5.769E-21  5.620E-21  5.470E-21  5.320E-21  5.169E-21  5.017E-21  4.864E-21  4.710E-21  4.556E-21  4.400E-21  4.243E-21  4.085E-21  3.926E-21  3.766E-21  3.606E-21  3.445E-21  3.283E-21  3.122E-21  2.961E-21  2.803E-21  2.617E-21  2.417E-21  2.243E-21  2.092E-21  1.958E-21  1.779E-21  1.632E-21  1.476E-21  1.343E-21  1.188E-21  1.053E-21  9.330E-22  8.258E-22  7.130E-22  5.994E-22  5.034E-22  4.211E-22  3.507E-22  2.793E-22  2.219E-22  1.674E-22  1.255E-22  8.484E-23  5.202E-23  2.744E-23  1.072E-23  2.518E-24  2.020E-25  3.298E-27  3.331E-30  6.128E-36  3.363E-44  0.000E+00  0.000E+00  0.000E+00  0.000E+00
  283.5000  7.589E-20  7.418E-20  7.246E-20  7.075E-20  6.902E-20  6.729E-20  6.555E-20  6.380E-20  6.205E-20  6.029E-20  5.852E-20  5.673E-20  5.494E-20  5.313E-20  5.132E-20  4.949E-20  4.765E-20  4.580E-20  4.394E-20  4.206E-20  4.019E-20  3.831E-20  3.643E-20  3.456E-20  3.272E-20  3.055E-20  2.823E-20  2.620E-20  2.444E-20  2.288E-20  2.079E-20  1.908E-20  1.726E-20  1.570E-20  1.391E-20  1.233E-20  1.092E-20  9.668E-21  8.350E-21  7.022E-21  5.900E-21  4.938E-21  4.115E-21  3.283E-21  2.615E-21  1.983E-21  1.496E-21  1.023E-21  6.392E-22  3.474E-22  1.427E-22  3.646E-23  3.409E-24  7.172E-26  1.105E-28  4.612E-34  8.290E-42  0.000E+00  0.000E+00  0.000E+00  0.000E+00
  284.5000  4.101E-18  4.008E-18  3.914E-18  3.821E-18  3.727E-18  3.634E-18  3.539E-18  3.445E-18  3.350E-18  3.255E-18  3.159E-18  3.063E-18  2.966E-18  2.868E-18  2.770E-18  2.672E-18  2.573E-18  2.473E-18  2.373E-18  2.272E-18  2.171E-18  2.070E-18  1.969E-18  1.869E-18  1.770E-18  1.653E-18  1.528E-18  1.419E-18  1.324E-18  1.240E-18  1.127E-18  1.035E-18  9.370E-19  8.530E-19  7.559E-19  6.704E-19  5.943E-19  5.264E-19  4.549E-19  3.828E-19  3.219E-19  2.696E-19  2.250E-19  1.800E-19  1.440E-19  1.101E-19  8.395E-20  5.855E-20  3.777E-20  2.156E-20  9.633E-21  2.828E-21  3.414E-22  1.097E-23  3.451E-26  5.867E-31  8.167E-38  0.000E+00  0.000E+00  0.000E+00  0.000E+00
  285.5000  4.923E-17  4.811E-17  4.698E-17  4.586E-17  4.473E-17  4.359E-17  4.246E-17  4.132E-17  4.018E-17  3.903E-17  3.788E-17  3.672E-17  3.556E-17  3.439E-17  3.322E-17  3.204E-17  3.085E-17  2.966E-17  2.846E-17  2.725E-17  2.604E-17  2.483E-17  2.362E-17  2.242E-17  2.124E-17  1.985E-17  1.835E-17  1.705E-17  1.591E-17  1.491E-17  1.356E-17  1.246E-17  1.128E-17  1.027E-17  9.105E-18  8.082E-18  7.168E-18  6.351E-18  5.491E-18  4.623E-18  3.890E-18  3.261E-18  2.724E-18  2.184E-18  1.753E-18  1.347E-18  1.036E-18  7.330E-19  4.842E-19  2.870E-19  1.368E-19  4.476E-20  6.605E-21  2.964E-22  1.630E-24  8.190E-29  5.433E-35  0.000E+00  0.000E+00  0.000E+00  0.000E+00
  286.5000  1.501E-15  1.467E-15  1.432E-15  1.398E-15  1.363E-15  1.328E-15  1.294E-15  1.259E-15  1.224E-15  1.189E-15  1.154E-15  1.118E-15  1.083E-15  1.047E-15  1.011E-15  9.755E-16  9.393E-16  9.030E-16  8.664E-16  8.298E-16  7.931E-16  7.563E-16  7.196E-16  6.831E-16  6.473E-16  6.048E-16  5.593E-16  5.197E-16  4.852E-16  4.549E-16  4.138E-16  3.803E-16  3.445E-16  3.139E-16  2.784E-16  2.471E-16  2.193E-16  1.944E-16  1.681E-16  1.416E-16  1.192E-16  1.000E-16  8.360E-17  6.712E-17  5.402E-17  4.169E-17  3.225E-17  2.307E-17  1.551E-17  9.459E-18  4.735E-18  1.685E-18  2.906E-19  1.689E-20  1.435E-22  1.667E-26  3.690E-32  5.014E-42  0.000E+00  0.000E+00  0.000E+00
  287.5000  2.481E-14  2.423E-14  2.366E-14  2.308E-14  2.251E-14  2.193E-14  2.135E-14  2.077E-14  2.019E-14  1.961E-14  1.903E-14  1.844E-14  1.786E-14  1.727E-14  1.668E-14  1.608E-14  1.549E-14  1.489E-14  1.428E-14  1.368E-14  1.308E-14  1.247E-14  1.187E-14  1.127E-14  1.068E-14  9.980E-15  9.231E-15  8.581E-15  8.014E-15  7.516E-15  6.840E-15  6.289E-15  5.699E-15  5.196E-15  4.610E-15  4.095E-15  3.636E-15  3.224E-15  2.791E-15  2.352E-15  1.982E-15  1.664E-15  1.392E-15  1.119E-15  9.031E-16  7.002E-16  5.449E-16  3.942E-16  2.701E-16  1.697E-16  8.951E-17  3.481E-17  7.082E-18  5.431E-19  7.365E-21  2.123E-24  1.746E-29  2.460E-38  0.000E+00  0.000E+00  0.000E+00
  288.5000  3.969E-13  3.876E-13  3.783E-13  3.690E-13  3.596E-13  3.503E-13  3.410E-13  3.317E-13  3.223E-13  3.130E-13  3.036E-13  2.942E-13  2.848E-13  2.753E-13  2.659E-13  2.564E-13  2.468E-13  2.373E-13  2.277E-13  2.180E-13  2.084E-13  1.988E-13  1.892E-13  1.796E-13  1.703E-13  1.592E-13  1.473E-13  1.369E-13  1.280E-13  1.200E-13  1.093E-13  1.005E-13  9.117E-14  8.316E-14  7.384E-14  6.564E-14  5.832E-14  5.175E-14  4.482E-14  3.781E-14  3.188E-14  2.678E-14  2.243E-14  1.807E-14  1.462E-14  1.139E-14  8.921E-15  6.531E-15  4.565E-15  2.961E-15  1.651E-15  7.071E-16  1.723E-16  1.790E-17  4.061E-19  3.175E-22  1.099E-26  1.993E-34  2.803E-45  0.000E+00  0.000E+00
  289.5000  5.020E-12  4.901E-12  4.781E-12  4.663E-12  4.544E-12  4.425E-12  4.306E-12  4.187E-12  4.068E-12  3.949E-12  3.830E-12  3.710E-12  3.591E-12  3.471E-12  3.351E-12  3.231E-12  3.110E-12  2.989E-12  2.868E-12  2.746E-12  2.625E-12  2.503E-12  2.382E-12  2.262E-12  2.145E-12  2.005E-12  1.855E-12  1.726E-12  1.612E-12  1.513E-12  1.379E-12  1.269E-12  1.151E-12  1.050E-12  9.332E-13  8.300E-13  7.378E-13  6.550E-13  5.677E-13  4.793E-13  4.043E-13  3.399E-13  2.848E-13  2.298E-13  1.863E-13  1.456E-13  1.146E-13  8.458E-14  5.995E-14  3.978E-14  2.310E-14  1.062E-14  2.960E-15  3.853E-16  1.282E-17  2.088E-20  2.060E-24  2.356E-31  3.703E-41  0.000E+00  0.000E+00
  290.5000  4.068E-11  3.969E-11  3.871E-11  3.774E-11  3.677E-11  3.579E-11  3.482E-11  3.385E-11  3.288E-11  3.191E-11  3.094E-11  2.997E-11  2.900E-11  2.802E-11  2.705E-11  2.607E-11  2.509E-11  2.411E-11  2.313E-11  2.215E-11  2.117E-11  2.019E-11  1.921E-11  1.824E-11  1.729E-11  1.617E-11  1.497E-11  1.392E-11  1.301E-11  1.221E-11  1.113E-11  1.025E-11  9.299E-12  8.489E-12  7.546E-12  6.716E-12  5.973E-12  5.305E-12  4.600E-12  3.886E-12  3.280E-12  2.759E-12  2.314E-12  1.869E-12  1.518E-12  1.190E-12  9.393E-13  6.980E-13  5.004E-13  3.382E-13  2.030E-13  9.883E-14  3.076E-14  4.822E-15  2.205E-16  6.621E-19  1.570E-22  8.417E-29  1.204E-37  0.000E+00  0.000E+00
  291.5000  2.870E-10  2.800E-10  2.730E-10  2.660E-10  2.590E-10  2.521E-10  2.451E-10  2.382E-10  2.313E-10  2.244E-10  2.174E-10  2.105E-10  2.036E-10  1.967E-10  1.898E-10  1.829E-10  1.760E-10  1.691E-10  1.622E-10  1.552E-10  1.483E-10  1.414E-10  1.346E-10  1.278E-10  1.212E-10  1.133E-10  1.049E-10  9.755E-11  9.120E-11  8.564E-11  7.806E-11  7.189E-11  6.528E-11  5.962E-11  5.303E-11  4.723E-11  4.203E-11  3.736E-11  3.242E-11  2.741E-11  2.315E-11  1.949E-11  1.636E-11  1.323E-11  1.076E-11  8.461E-12  6.707E-12  5.020E-12  3.641E-12  2.509E-12  1.560E-12  8.079E-13  2.831E-13  5.433E-14  3.522E-15  2.084E-17  1.316E-20  3.997E-26  6.924E-34  2.803E-45  0.000E+00
  292.5000  1.339E-09  1.306E-09  1.272E-09  1.239E-09  1.206E-09  1.173E-09  1.140E-09  1.108E-09  1.075E-09  1.043E-09  1.010E-09  9.775E-10  9.451E-10  9.127E-10  8.803E-10  8.480E-10  8.157E-10  7.834E-10  7.510E-10  7.188E-10  6.867E-10  6.546E-10  6.228E-10  5.913E-10  5.605E-10  5.241E-10  4.851E-10  4.513E-10  4.220E-10  3.963E-10  3.613E-10  3.329E-10  3.024E-10  2.763E-10  2.459E-10  2.191E-10  1.951E-10  1.735E-10  1.507E-10  1.275E-10  1.078E-10  9.079E-11  7.626E-11  6.177E-11  5.031E-11  3.964E-11  3.152E-11  2.373E-11  1.738E-11  1.217E-11  7.785E-12  4.247E-12  1.646E-12  3.752E-13  3.272E-14  3.423E-16  4.886E-19  6.172E-24  8.163E-31  8.336E-41  0.000E+00
  293.5000  7.258E-09  7.072E-09  6.888E-09  6.705E-09  6.522E-09  6.341E-09  6.160E-09  5.980E-09  5.801E-09  5.623E-09  5.445E-09  5.267E-09  5.090E-09  4.913E-09  4.737E-09  4.561E-09  4.385E-09  4.210E-09  4.034E-09  3.860E-09  3.686E-09  3.513E-09  3.341E-09  3.172E-09  3.006E-09  2.810E-09  2.601E-09  2.420E-09  2.263E-09  2.125E-09  1.938E-09  1.786E-09  1.623E-09  1.483E-09  1.321E-09  1.178E-09  1.049E-09  9.337E-10  8.114E-10  6.872E-10  5.812E-10  4.901E-10  4.120E-10  3.341E-10  2.725E-10  2.152E-10  1.716E-10  1.298E-10  9.589E-11  6.808E-11  4.471E-11  2.556E-11  1.085E-11  2.895E-12  3.320E-13  5.908E-15  1.813E-17  8.763E-22  7.871E-28  1.359E-36  0.000E+00
  294.5000  2.277E-08  2.218E-08  2.159E-08  2.100E-08  2.042E-08  1.984E-08  1.927E-08  1.870E-08  1.813E-08  1.756E-08  1.700E-08  1.643E-08  1.587E-08  1.531E-08  1.476E-08  1.420E-08  1.365E-08  1.310E-08  1.255E-08  1.200E-08  1.145E-08  1.091E-08  1.038E-08  9.846E-09  9.329E-09  8.720E-09  8.070E-09  7.507E-09  7.018E-09  6.592E-09  6.013E-09  5.541E-09  5.036E-09  4.605E-09  4.102E-09  3.658E-09  3.263E-09  2.904E-09  2.525E-09  2.140E-09  1.812E-09  1.529E-09  1.286E-09  1.044E-09  8.525E-10  6.745E-10  5.389E-10  4.094E-10  3.044E-10  2.186E-10  1.466E-10  8.703E-11  3.983E-11  1.211E-11  1.741E-12  4.782E-14  2.729E-16  3.861E-20  1.583E-25  2.529E-33  1.233E-43
  295.5000  9.848E-08  9.583E-08  9.321E-08  9.062E-08  8.804E-08  8.548E-08  8.294E-08  8.042E-08  7.792E-08  7.544E-08  7.296E-08  7.050E-08  6.805E-08  6.561E-08  6.319E-08  6.078E-08  5.837E-08  5.598E-08  5.360E-08  5.122E-08  4.887E-08  4.654E-08  4.423E-08  4.195E-08  3.973E-08  3.713E-08  3.435E-08  3.195E-08  2.986E-08  2.805E-08  2.558E-08  2.358E-08  2.143E-08  1.960E-08  1.747E-08  1.559E-08  1.391E-08  1.239E-08  1.078E-08  9.146E-09  7.748E-09  6.543E-09  5.508E-09  4.477E-09  3.661E-09  2.902E-09  2.324E-09  1.772E-09  1.327E-09  9.629E-10  6.589E-10  4.061E-10  2.002E-10  6.930E-11  1.253E-11  5.369E-13  5.824E-15  2.524E-18  5.064E-23  8.331E-30  8.964E-39
  296.5000  2.733E-07  2.658E-07  2.583E-07  2.509E-07  2.436E-07  2.363E-07  2.291E-07  2.220E-07  2.149E-07  2.079E-07  2.009E-07  1.940E-07  1.871E-07  1.803E-07  1.735E-07  1.668E-07  1.601E-07  1.534E-07  1.468E-07  1.402E-07  1.337E-07  1.272E-07  1.208E-07  1.146E-07  1.084E-07  1.013E-07  9.369E-08  8.710E-08  8.139E-08  7.643E-08  6.971E-08  6.424E-08  5.841E-08  5.343E-08  4.763E-08  4.254E-08  3.796E-08  3.383E-08  2.945E-08  2.501E-08  2.120E-08  1.792E-08  1.510E-08  1.229E-08  1.006E-08  7.985E-09  6.407E-09  4.903E-09  3.690E-09  2.703E-09  1.881E-09  1.196E-09  6.284E-10  2.433E-10  5.361E-11  3.365E-12  6.328E-14  7.107E-17  5.442E-21  6.267E-27  8.823E-35
  297.5000  7.959E-07  7.732E-07  7.507E-07  7.286E-07  7.067E-07  6.850E-07  6.635E-07  6.423E-07  6.213E-07  6.005E-07  5.799E-07  5.594E-07  5.392E-07  5.191E-07  4.991E-07  4.794E-07  4.598E-07  4.403E-07  4.206E-07  4.018E-07  3.829E-07  3.641E-07  3.456E-07  3.275E-07  3.098E-07  2.892E-07  2.674E-07  2.485E-07  2.321E-07  2.179E-07  1.987E-07  1.831E-07  1.665E-07  1.523E-07  1.358E-07  1.213E-07  1.083E-07  9.654E-08  8.411E-08  7.149E-08  6.065E-08  5.130E-08  4.326E-08  3.524E-08  2.887E-08  2.296E-08  1.845E-08  1.416E-08  1.071E-08  7.902E-09  5.576E-09  3.641E-09  2.017E-09  8.588E-10  2.243E-10  1.958E-11  5.946E-13  1.533E-15  3.784E-19  2.393E-24  3.209E-31
  298.5000  1.368E-06  1.328E-06  1.288E-06  1.249E-06  1.210E-06  1.172E-06  1.134E-06  1.097E-06  1.060E-06  1.023E-06  9.874E-07  9.517E-07  9.164E-07  8.815E-07  8.469E-07  8.127E-07  7.788E-07  7.452E-07  7.119E-07  6.790E-07  6.465E-07  6.144E-07  5.827E-07  5.517E-07  5.216E-07  4.867E-07  4.496E-07  4.176E-07  3.899E-07  3.659E-07  3.335E-07  3.072E-07  2.793E-07  2.555E-07  2.279E-07  2.036E-07  1.819E-07  1.622E-07  1.414E-07  1.203E-07  1.021E-07  8.643E-08  7.293E-08  5.948E-08  4.878E-08  3.885E-08  3.127E-08  2.405E-08  1.826E-08  1.356E-08  9.679E-09  6.460E-09  3.745E-09  1.729E-09  5.224E-10  6.059E-11  2.777E-12  1.459E-14  9.774E-18  2.616E-22  2.348E-28
  299.5000  4.365E-06  4.231E-06  4.099E-06  3.970E-06  3.842E-06  3.716E-06  3.592E-06  3.470E-06  3.349E-06  3.231E-06  3.114E-06  2.998E-06  2.883E-06  2.771E-06  2.659E-06  2.549E-06  2.440E-06  2.333E-06  2.226E-06  2.121E-06  2.018E-06  1.916E-06  1.815E-06  1.718E-06  1.622E-06  1.513E-06  1.397E-06  1.296E-06  1.209E-06  1.134E-06  1.034E-06  9.517E-07  8.651E-07  7.911E-07  7.056E-07  6.305E-07  5.633E-07  5.025E-07  4.383E-07  3.732E-07  3.171E-07  2.686E-07  2.268E-07  1.852E-07  1.520E-07  1.213E-07  9.771E-08  7.534E-08  5.738E-08  4.284E-08  3.089E-08  2.101E-08  1.267E-08  6.285E-09  2.164E-09  3.244E-10  2.167E-11  2.197E-13  3.719E-16  3.856E-20  2.086E-25
  300.5000  5.469E-06  5.295E-06  5.124E-06  4.957E-06  4.792E-06  4.630E-06  4.470E-06  4.313E-06  4.159E-06  4.007E-06  3.858E-06  3.710E-06  3.565E-06  3.421E-06  3.280E-06  3.141E-06  3.004E-06  2.869E-06  2.735E-06  2.604E-06  2.474E-06  2.347E-06  2.222E-06  2.101E-06  1.982E-06  1.847E-06  1.704E-06  1.580E-06  1.474E-06  1.381E-06  1.258E-06  1.158E-06  1.052E-06  9.616E-07  8.577E-07  7.664E-07  6.848E-07  6.110E-07  5.332E-07  4.543E-07  3.863E-07  3.274E-07  2.767E-07  2.261E-07  1.858E-07  1.484E-07  1.197E-07  9.248E-08  7.063E-08  5.296E-08  3.850E-08  2.658E-08  1.654E-08  8.690E-09  3.325E-09  6.133E-10  5.554E-11  9.547E-13  3.380E-15  1.007E-18  2.168E-23
  301.5000  1.515E-05  1.465E-05  1.415E-05  1.367E-05  1.320E-05  1.273E-05  1.227E-05  1.182E-05  1.138E-05  1.095E-05  1.053E-05  1.011E-05  9.697E-06  9.293E-06  8.897E-06  8.508E-06  8.124E-06  7.747E-06  7.376E-06  7.012E-06  6.655E-06  6.304E-06  5.961E-06  5.627E-06  5.305E-06  4.938E-06  4.551E-06  4.216E-06  3.927E-06  3.677E-06  3.347E-06  3.078E-06  2.795E-06  2.554E-06  2.277E-06  2.035E-06  1.819E-06  1.622E-06  1.416E-06  1.208E-06  1.028E-06  8.718E-07  7.374E-07  6.034E-07  4.963E-07  3.969E-07  3.206E-07  2.482E-07  1.901E-07  1.432E-07  1.049E-07  7.351E-08  4.719E-08  2.629E-08  1.121E-08  2.564E-09  3.198E-10  9.623E-12  7.483E-14  6.899E-17  6.566E-21
  302.5000  2.384E-05  2.301E-05  2.221E-05  2.143E-05  2.066E-05  1.990E-05  1.916E-05  1.844E-05  1.773E-05  1.704E-05  1.635E-05  1.569E-05  1.503E-05  1.439E-05  1.376E-05  1.314E-05  1.253E-05  1.194E-05  1.135E-05  1.078E-05  1.022E-05  9.668E-06  9.133E-06  8.606E-06  8.109E-06  7.540E-06  6.944E-06  6.427E-06  5.981E-06  5.596E-06  5.090E-06  4.677E-06  4.246E-06  3.877E-06  3.456E-06  3.088E-06  2.757E-06  2.461E-06  2.149E-06  1.834E-06  1.561E-06  1.325E-06  1.122E-06  9.188E-07  7.563E-07  6.056E-07  4.895E-07  3.796E-07  2.914E-07  2.201E-07  1.621E-07  1.147E-07  7.520E-08  4.355E-08  1.998E-08  5.289E-09  8.195E-10  3.604E-11  4.750E-13  9.191E-16  2.299E-19
  303.5000  5.479E-05  5.281E-05  5.087E-05  4.899E-05  4.714E-05  4.534E-05  4.358E-05  4.186E-05  4.017E-05  3.853E-05  3.692E-05  3.535E-05  3.381E-05  3.230E-05  3.083E-05  2.940E-05  2.799E-05  2.661E-05  2.526E-05  2.394E-05  2.266E-05  2.141E-05  2.019E-05  1.901E-05  1.787E-05  1.659E-05  1.526E-05  1.410E-05  1.311E-05  1.225E-05  1.113E-05  1.022E-05  9.265E-06  8.453E-06  7.531E-06  6.725E-06  6.013E-06  5.358E-06  4.680E-06  3.996E-06  3.405E-06  2.892E-06  2.449E-06  2.009E-06  1.655E-06  1.327E-06  1.074E-06  8.345E-07  6.421E-07  4.867E-07  3.605E-07  2.579E-07  1.730E-07  1.046E-07  5.211E-08  1.628E-08  3.235E-09  2.203E-10  5.362E-12  2.493E-14  1.971E-17
  304.5000  7.213E-05  6.943E-05  6.680E-05  6.424E-05  6.174E-05  5.931E-05  5.693E-05  5.461E-05  5.235E-05  5.015E-05  4.800E-05  4.590E-05  4.384E-05  4.184E-05  3.988E-05  3.797E-05  3.611E-05  3.429E-05  3.251E-05  3.077E-05  2.909E-05  2.745E-05  2.585E-05  2.431E-05  2.283E-05  2.118E-05  1.946E-05  1.797E-05  1.668E-05  1.557E-05  1.414E-05  1.297E-05  1.175E-05  1.072E-05  9.542E-06  8.518E-06  7.631E-06  6.784E-06  5.924E-06  5.061E-06  4.313E-06  3.666E-06  3.106E-06  2.550E-06  2.102E-06  1.688E-06  1.367E-06  1.063E-06  8.194E-07  6.223E-07  4.626E-07  3.331E-07  2.265E-07  1.406E-07  7.356E-08  2.538E-08  5.847E-09  5.152E-10  1.798E-11  1.397E-13  2.162E-16
  305.5000  1.293E-04  1.241E-04  1.191E-04  1.142E-04  1.095E-04  1.050E-04  1.005E-04  9.619E-05  9.199E-05  8.792E-05  8.395E-05  8.008E-05  7.632E-05  7.266E-05  6.909E-05  6.564E-05  6.227E-05  5.899E-05  5.580E-05  5.270E-05  4.970E-05  4.679E-05  4.397E-05  4.126E-05  3.867E-05  3.579E-05  3.282E-05  3.025E-05  2.803E-05  2.614E-05  2.368E-05  2.168E-05  1.963E-05  1.787E-05  1.590E-05  1.418E-05  1.266E-05  1.128E-05  9.851E-06  8.419E-06  7.179E-06  6.105E-06  5.177E-06  4.256E-06  3.513E-06  2.824E-06  2.290E-06  1.785E-06  1.379E-06  1.050E-06  7.843E-07  5.695E-07  3.942E-07  2.533E-07  1.415E-07  5.588E-08  1.581E-08  2.003E-09  1.172E-10  1.946E-12  8.238E-15
  306.5000  1.555E-04  1.491E-04  1.429E-04  1.369E-04  1.311E-04  1.255E-04  1.200E-04  1.147E-04  1.096E-04  1.046E-04  9.975E-05  9.504E-05  9.047E-05  8.603E-05  8.172E-05  7.754E-05  7.347E-05  6.953E-05  6.568E-05  6.196E-05  5.837E-05  5.488E-05  5.152E-05  4.829E-05  4.520E-05  4.180E-05  3.829E-05  3.525E-05  3.264E-05  3.038E-05  2.752E-05  2.518E-05  2.278E-05  2.072E-05  1.843E-05  1.643E-05  1.466E-05  1.306E-05  1.140E-05  9.745E-06  8.310E-06  7.069E-06  5.997E-06  4.934E-06  4.074E-06  3.279E-06  2.660E-06  2.075E-06  1.605E-06  1.224E-06  9.165E-07  6.681E-07  4.663E-07  3.044E-07  1.753E-07  7.366E-08  2.286E-08  3.407E-09  2.499E-10  5.732E-12  3.708E-14
  307.5000  3.057E-04  2.920E-04  2.789E-04  2.663E-04  2.541E-04  2.424E-04  2.311E-04  2.202E-04  2.097E-04  1.996E-04  1.898E-04  1.803E-04  1.711E-04  1.622E-04  1.537E-04  1.454E-04  1.373E-04  1.296E-04  1.221E-04  1.148E-04  1.079E-04  1.011E-04  9.466E-05  8.847E-05  8.259E-05  7.617E-05  6.960E-05  6.392E-05  5.902E-05  5.481E-05  4.954E-05  4.524E-05  4.084E-05  3.709E-05  3.293E-05  2.932E-05  2.614E-05  2.325E-05  2.029E-05  1.735E-05  1.480E-05  1.259E-05  1.069E-05  8.808E-06  7.281E-06  5.869E-06  4.767E-06  3.727E-06  2.888E-06  2.209E-06  1.660E-06  1.218E-06  8.612E-07  5.766E-07  3.491E-07  1.628E-07  5.942E-08  1.184E-08  1.319E-09  5.621E-11  8.308E-13
  308.5000  3.905E-04  3.724E-04  3.551E-04  3.385E-04  3.225E-04  3.072E-04  2.924E-04  2.782E-04  2.646E-04  2.515E-04  2.388E-04  2.266E-04  2.147E-04  2.034E-04  1.924E-04  1.818E-04  1.715E-04  1.616E-04  1.521E-04  1.429E-04  1.340E-04  1.255E-04  1.173E-04  1.095E-04  1.021E-04  9.406E-05  8.583E-05  7.873E-05  7.262E-05  6.736E-05  6.081E-05  5.547E-05  5.004E-05  4.541E-05  4.028E-05  3.584E-05  3.194E-05  2.839E-05  2.477E-05  2.118E-05  1.806E-05  1.537E-05  1.305E-05  1.076E-05  8.900E-06  7.181E-06  5.835E-06  4.567E-06  3.543E-06  2.713E-06  2.042E-06  1.503E-06  1.069E-06  7.237E-07  4.477E-07  2.183E-07  8.530E-08  1.916E-08  2.523E-09  1.362E-10  2.745E-12
  309.5000  4.449E-04  4.229E-04  4.018E-04  3.818E-04  3.625E-04  3.441E-04  3.266E-04  3.097E-04  2.936E-04  2.782E-04  2.633E-04  2.491E-04  2.354E-04  2.223E-04  2.097E-04  1.976E-04  1.859E-04  1.747E-04  1.640E-04  1.536E-04  1.437E-04  1.342E-04  1.251E-04  1.165E-04  1.083E-04  9.951E-05  9.059E-05  8.288E-05  7.625E-05  7.055E-05  6.356E-05  5.784E-05  5.208E-05  4.716E-05  4.177E-05  3.711E-05  3.302E-05  2.932E-05  2.556E-05  2.185E-05  1.863E-05  1.586E-05  1.347E-05  1.112E-05  9.200E-06  7.433E-06  6.046E-06  4.740E-06  3.684E-06  2.827E-06  2.134E-06  1.577E-06  1.131E-06  7.777E-07  4.964E-07  2.587E-07  1.122E-07  3.046E-08  5.270E-09  4.269E-10  1.481E-11
  310.5000  7.476E-04  7.087E-04  6.717E-04  6.365E-04  6.028E-04  5.707E-04  5.401E-04  5.108E-04  4.830E-04  4.564E-04  4.309E-04  4.066E-04  3.833E-04  3.610E-04  3.397E-04  3.194E-04  2.998E-04  2.811E-04  2.631E-04  2.459E-04  2.296E-04  2.138E-04  1.989E-04  1.848E-04  1.714E-04  1.571E-04  1.427E-04  1.303E-04  1.196E-04  1.104E-04  9.926E-05  9.016E-05  8.102E-05  7.323E-05  6.476E-05  5.746E-05  5.106E-05  4.528E-05  3.943E-05  3.369E-05  2.873E-05  2.445E-05  2.077E-05  1.715E-05  1.420E-05  1.149E-05  9.354E-06  7.344E-06  5.717E-06  4.395E-06  3.324E-06  2.464E-06  1.778E-06  1.237E-06  8.078E-07  4.421E-07  2.071E-07  6.455E-08  1.361E-08  1.472E-09  7.492E-11
  311.5000  1.118E-03  1.058E-03  1.001E-03  9.465E-04  8.948E-04  8.455E-04  7.985E-04  7.538E-04  7.113E-04  6.708E-04  6.321E-04  5.952E-04  5.600E-04  5.265E-04  4.944E-04  4.639E-04  4.347E-04  4.068E-04  3.801E-04  3.547E-04  3.305E-04  3.075E-04  2.854E-04  2.646E-04  2.450E-04  2.243E-04  2.034E-04  1.853E-04  1.698E-04  1.565E-04  1.405E-04  1.274E-04  1.143E-04  1.032E-04  9.112E-05  8.074E-05  7.168E-05  6.349E-05  5.526E-05  4.720E-05  4.022E-05  3.423E-05  2.907E-05  2.402E-05  1.990E-05  1.611E-05  1.313E-05  1.032E-05  8.040E-06  6.188E-06  4.688E-06  3.483E-06  2.523E-06  1.768E-06  1.172E-06  6.615E-07  3.254E-07  1.109E-07  2.659E-08  3.465E-09  2.264E-10
  312.5000  1.485E-03  1.403E-03  1.324E-03  1.249E-03  1.177E-03  1.108E-03  1.043E-03  9.814E-04  9.225E-04  8.668E-04  8.136E-04  7.631E-04  7.151E-04  6.695E-04  6.262E-04  5.852E-04  5.461E-04  5.090E-04  4.738E-04  4.403E-04  4.087E-04  3.786E-04  3.502E-04  3.234E-04  2.983E-04  2.720E-04  2.457E-04  2.231E-04  2.036E-04  1.869E-04  1.672E-04  1.510E-04  1.351E-04  1.215E-04  1.070E-04  9.454E-05  8.371E-05  7.394E-05  6.424E-05  5.480E-05  4.665E-05  3.967E-05  3.368E-05  2.785E-05  2.309E-05  1.872E-05  1.527E-05  1.202E-05  9.393E-06  7.247E-06  5.506E-06  4.106E-06  2.994E-06  2.123E-06  1.440E-06  8.558E-07  4.574E-07  1.820E-07  5.464E-08  9.943E-09  1.017E-09
  313.5000  1.820E-03  1.718E-03  1.621E-03  1.528E-03  1.439E-03  1.355E-03  1.274E-03  1.198E-03  1.125E-03  1.056E-03  9.908E-04  9.285E-04  8.693E-04  8.132E-04  7.599E-04  7.095E-04  6.615E-04  6.160E-04  5.728E-04  5.319E-04  4.932E-04  4.565E-04  4.219E-04  3.893E-04  3.588E-04  3.268E-04  2.950E-04  2.675E-04  2.440E-04  2.238E-04  2.000E-04  1.805E-04  1.613E-04  1.449E-04  1.275E-04  1.126E-04  9.961E-05  8.789E-05  7.634E-05  6.510E-05  5.540E-05  4.710E-05  3.998E-05  3.307E-05  2.742E-05  2.224E-05  1.814E-05  1.430E-05  1.118E-05  8.633E-06  6.565E-06  4.902E-06  3.582E-06  2.550E-06  1.741E-06  1.051E-06  5.751E-07  2.386E-07  7.589E-08  1.493E-08  1.689E-09
  314.5000  2.489E-03  2.349E-03  2.214E-03  2.085E-03  1.962E-03  1.844E-03  1.731E-03  1.624E-03  1.522E-03  1.425E-03  1.332E-03  1.244E-03  1.161E-03  1.082E-03  1.007E-03  9.364E-04  8.695E-04  8.062E-04  7.465E-04  6.901E-04  6.371E-04  5.871E-04  5.401E-04  4.962E-04  4.553E-04  4.129E-04  3.711E-04  3.351E-04  3.042E-04  2.778E-04  2.471E-04  2.221E-04  1.976E-04  1.768E-04  1.550E-04  1.363E-04  1.202E-04  1.057E-04  9.155E-05  7.791E-05  6.617E-05  5.617E-05  4.763E-05  3.940E-05  3.267E-05  2.654E-05  2.167E-05  1.712E-05  1.341E-05  1.038E-05  7.920E-06  5.936E-06  4.362E-06  3.133E-06  2.178E-06  1.368E-06  7.986E-07  3.750E-07  1.433E-07  3.716E-08  6.122E-09
  315.5000  2.713E-03  2.560E-03  2.413E-03  2.273E-03  2.139E-03  2.010E-03  1.887E-03  1.770E-03  1.658E-03  1.552E-03  1.451E-03  1.355E-03  1.264E-03  1.177E-03  1.095E-03  1.018E-03  9.450E-04  8.758E-04  8.105E-04  7.489E-04  6.911E-04  6.365E-04  5.853E-04  5.373E-04  4.928E-04  4.467E-04  4.012E-04  3.621E-04  3.285E-04  2.998E-04  2.666E-04  2.394E-04  2.129E-04  1.904E-04  1.667E-04  1.466E-04  1.292E-04  1.136E-04  9.824E-05  8.357E-05  7.095E-05  6.021E-05  5.104E-05  4.222E-05  3.502E-05  2.845E-05  2.324E-05  1.837E-05  1.440E-05  1.116E-05  8.518E-06  6.390E-06  4.703E-06  3.387E-06  2.366E-06  1.500E-06  8.897E-07  4.292E-07  1.700E-07  4.614E-08  8.055E-09
  316.5000  3.560E-03  3.364E-03  3.175E-03  2.994E-03  2.819E-03  2.651E-03  2.489E-03  2.335E-03  2.186E-03  2.045E-03  1.910E-03  1.781E-03  1.659E-03  1.543E-03  1.432E-03  1.328E-03  1.229E-03  1.136E-03  1.048E-03  9.648E-04  8.870E-04  8.139E-04  7.455E-04  6.817E-04  6.226E-04  5.621E-04  5.028E-04  4.517E-04  4.081E-04  3.708E-04  3.283E-04  2.935E-04  2.599E-04  2.314E-04  2.018E-04  1.767E-04  1.551E-04  1.359E-04  1.171E-04  9.933E-05  8.410E-05  7.122E-05  6.027E-05  4.983E-05  4.130E-05  3.359E-05  2.745E-05  2.174E-05  1.708E-05  1.327E-05  1.016E-05  7.647E-06  5.654E-06  4.101E-06  2.901E-06  1.893E-06  1.176E-06  6.210E-07  2.820E-07  9.431E-08  2.194E-08
  317.5000  5.032E-03  4.755E-03  4.488E-03  4.232E-03  3.984E-03  3.746E-03  3.518E-03  3.299E-03  3.090E-03  2.891E-03  2.700E-03  2.518E-03  2.345E-03  2.180E-03  2.025E-03  1.877E-03  1.738E-03  1.606E-03  1.481E-03  1.364E-03  1.255E-03  1.151E-03  1.055E-03  9.647E-04  8.812E-04  7.957E-04  7.118E-04  6.397E-04  5.780E-04  5.253E-04  4.651E-04  4.160E-04  3.683E-04  3.280E-04  2.860E-04  2.505E-04  2.199E-04  1.928E-04  1.660E-04  1.409E-04  1.193E-04  1.010E-04  8.547E-05  7.067E-05  5.858E-05  4.764E-05  3.894E-05  3.085E-05  2.425E-05  1.884E-05  1.443E-05  1.086E-05  8.035E-06  5.833E-06  4.132E-06  2.704E-06  1.686E-06  8.952E-07  4.087E-07  1.370E-07  3.191E-08
  318.5000  5.210E-03  4.936E-03  4.671E-03  4.415E-03  4.166E-03  3.925E-03  3.693E-03  3.469E-03  3.253E-03  3.047E-03  2.848E-03  2.658E-03  2.476E-03  2.302E-03  2.136E-03  1.979E-03  1.830E-03  1.689E-03  1.555E-03  1.429E-03  1.310E-03  1.199E-03  1.095E-03  9.981E-04  9.084E-04  8.171E-04  7.280E-04  6.514E-04  5.860E-04  5.303E-04  4.673E-04  4.159E-04  3.665E-04  3.248E-04  2.819E-04  2.457E-04  2.147E-04  1.872E-04  1.606E-04  1.358E-04  1.145E-04  9.667E-05  8.160E-05  6.737E-05  5.578E-05  4.536E-05  3.708E-05  2.943E-05  2.319E-05  1.807E-05  1.388E-05  1.049E-05  7.794E-06  5.695E-06  4.079E-06  2.733E-06  1.772E-06  1.016E-06  5.218E-07  2.102E-07  6.326E-08
  319.5000  6.708E-03  6.360E-03  6.022E-03  5.694E-03  5.377E-03  5.069E-03  4.772E-03  4.485E-03  4.208E-03  3.943E-03  3.687E-03  3.442E-03  3.208E-03  2.984E-03  2.770E-03  2.567E-03  2.373E-03  2.190E-03  2.017E-03  1.853E-03  1.699E-03  1.555E-03  1.419E-03  1.293E-03  1.177E-03  1.058E-03  9.420E-04  8.424E-04  7.574E-04  6.849E-04  6.032E-04  5.365E-04  4.724E-04  4.183E-04  3.627E-04  3.158E-04  2.758E-04  2.402E-04  2.060E-04  1.739E-04  1.466E-04  1.237E-04  1.043E-04  8.608E-05  7.125E-05  5.795E-05  4.738E-05  3.761E-05  2.965E-05  2.312E-05  1.778E-05  1.345E-05  1.001E-05  7.327E-06  5.263E-06  3.548E-06  2.323E-06  1.356E-06  7.139E-07  2.979E-07  9.396E-08
  320.5000  8.717E-03  8.271E-03  7.838E-03  7.418E-03  7.009E-03  6.612E-03  6.229E-03  5.858E-03  5.501E-03  5.157E-03  4.825E-03  4.506E-03  4.201E-03  3.909E-03  3.629E-03  3.364E-03  3.111E-03  2.870E-03  2.643E-03  2.428E-03  2.226E-03  2.035E-03  1.857E-03  1.691E-03  1.538E-03  1.381E-03  1.229E-03  1.098E-03  9.861E-04  8.908E-04  7.836E-04  6.961E-04  6.122E-04  5.414E-04  4.688E-04  4.076E-04  3.555E-04  3.092E-04  2.648E-04  2.233E-04  1.880E-04  1.584E-04  1.335E-04  1.101E-04  9.109E-05  7.407E-05  6.055E-05  4.809E-05  3.794E-05  2.960E-05  2.278E-05  1.726E-05  1.286E-05  9.429E-06  6.793E-06  4.605E-06  3.041E-06  1.805E-06  9.759E-07  4.250E-07  1.425E-07
  321.5000  9.749E-03  9.290E-03  8.841E-03  8.402E-03  7.973E-03  7.554E-03  7.146E-03  6.749E-03  6.362E-03  5.988E-03  5.625E-03  5.273E-03  4.933E-03  4.605E-03  4.290E-03  3.988E-03  3.697E-03  3.419E-03  3.154E-03  2.902E-03  2.663E-03  2.437E-03  2.224E-03  2.025E-03  1.840E-03  1.651E-03  1.462E-03  1.306E-03  1.171E-03  1.055E-03  9.244E-04  8.182E-04  7.165E-04  6.309E-04  5.435E-04  4.701E-04  4.079E-04  3.528E-04  3.004E-04  2.520E-04  2.110E-04  1.769E-04  1.484E-04  1.220E-04  1.006E-04  8.166E-05  6.669E-05  5.300E-05  4.190E-05  3.279E-05  2.534E-05  1.928E-05  1.444E-05  1.067E-05  7.760E-06  5.366E-06  3.655E-06  2.306E-06  1.371E-06  6.940E-07  2.888E-07
  322.5000  7.913E-03  7.514E-03  7.125E-03  6.748E-03  6.381E-03  6.025E-03  5.679E-03  5.345E-03  5.021E-03  4.710E-03  4.410E-03  4.121E-03  3.843E-03  3.577E-03  3.323E-03  3.081E-03  2.849E-03  2.629E-03  2.421E-03  2.224E-03  2.039E-03  1.864E-03  1.700E-03  1.548E-03  1.407E-03  1.263E-03  1.123E-03  1.003E-03  8.999E-04  8.124E-04  7.140E-04  6.337E-04  5.568E-04  4.920E-04  4.255E-04  3.696E-04  3.220E-04  2.797E-04  2.393E-04  2.016E-04  1.695E-04  1.427E-04  1.202E-04  9.904E-05  8.189E-05  6.658E-05  5.443E-05  4.325E-05  3.414E-05  2.667E-05  2.055E-05  1.558E-05  1.163E-05  8.546E-06  6.177E-06  4.215E-06  2.812E-06  1.700E-06  9.439E-07  4.273E-07  1.512E-07
  323.5000  1.147E-02  1.095E-02  1.045E-02  9.951E-03  9.464E-03  8.987E-03  8.521E-03  8.066E-03  7.622E-03  7.191E-03  6.770E-03  6.361E-03  5.965E-03  5.581E-03  5.210E-03  4.853E-03  4.509E-03  4.178E-03  3.861E-03  3.558E-03  3.270E-03  2.997E-03  2.738E-03  2.496E-03  2.269E-03  2.036E-03  1.807E-03  1.611E-03  1.443E-03  1.300E-03  1.138E-03  1.006E-03  8.797E-04  7.733E-04  6.647E-04  5.737E-04  4.966E-04  4.283E-04  3.637E-04  3.042E-04  2.538E-04  2.121E-04  1.775E-04  1.455E-04  1.198E-04  9.709E-05  7.920E-05  6.294E-05  4.978E-05  3.902E-05  3.021E-05  2.304E-05  1.732E-05  1.283E-05  9.383E-06  6.545E-06  4.516E-06  2.922E-06  1.807E-06  9.760E-07  4.470E-07
  324.5000  1.328E-02  1.268E-02  1.209E-02  1.151E-02  1.095E-02  1.039E-02  9.851E-03  9.322E-03  8.807E-03  8.306E-03  7.818E-03  7.344E-03  6.884E-03  6.439E-03  6.010E-03  5.597E-03  5.198E-03  4.816E-03  4.449E-03  4.100E-03  3.768E-03  3.452E-03  3.154E-03  2.874E-03  2.613E-03  2.345E-03  2.080E-03  1.855E-03  1.662E-03  1.498E-03  1.311E-03  1.160E-03  1.014E-03  8.921E-04  7.671E-04  6.623E-04  5.736E-04  4.950E-04  4.204E-04  3.518E-04  2.936E-04  2.455E-04  2.056E-04  1.686E-04  1.388E-04  1.125E-04  9.183E-05  7.299E-05  5.773E-05  4.525E-05  3.504E-05  2.672E-05  2.008E-05  1.488E-05  1.088E-05  7.594E-06  5.241E-06  3.390E-06  2.093E-06  1.125E-06  5.109E-07
  325.5000  1.422E-02  1.356E-02  1.292E-02  1.229E-02  1.168E-02  1.108E-02  1.049E-02  9.916E-03  9.358E-03  8.817E-03  8.290E-03  7.780E-03  7.285E-03  6.808E-03  6.347E-03  5.905E-03  5.479E-03  5.071E-03  4.681E-03  4.309E-03  3.957E-03  3.622E-03  3.307E-03  3.012E-03  2.737E-03  2.455E-03  2.177E-03  1.941E-03  1.739E-03  1.566E-03  1.372E-03  1.213E-03  1.061E-03  9.337E-04  8.033E-04  6.940E-04  6.014E-04  5.193E-04  4.415E-04  3.697E-04  3.089E-04  2.585E-04  2.166E-04  1.778E-04  1.464E-04  1.188E-04  9.698E-05  7.709E-05  6.097E-05  4.777E-05  3.697E-05  2.818E-05  2.115E-05  1.566E-05  1.144E-05  7.962E-06  5.477E-06  3.518E-06  2.148E-06  1.133E-06  5.003E-07
  326.5000  2.188E-02  2.096E-02  2.006E-02  1.918E-02  1.831E-02  1.745E-02  1.661E-02  1.579E-02  1.498E-02  1.419E-02  1.341E-02  1.266E-02  1.192E-02  1.120E-02  1.050E-02  9.823E-03  9.165E-03  8.529E-03  7.914E-03  7.324E-03  6.758E-03  6.217E-03  5.701E-03  5.214E-03  4.756E-03  4.277E-03  3.804E-03  3.396E-03  3.048E-03  2.751E-03  2.409E-03  2.131E-03  1.863E-03  1.637E-03  1.405E-03  1.210E-03  1.045E-03  8.991E-04  7.606E-04  6.335E-04  5.259E-04  4.377E-04  3.648E-04  2.977E-04  2.441E-04  1.973E-04  1.606E-04  1.275E-04  1.008E-04  7.917E-05  6.147E-05  4.707E-05  3.553E-05  2.648E-05  1.951E-05  1.377E-05  9.660E-06  6.452E-06  4.193E-06  2.456E-06  1.271E-06
  327.5000  1.884E-02  1.803E-02  1.723E-02  1.644E-02  1.567E-02  1.491E-02  1.416E-02  1.344E-02  1.272E-02  1.203E-02  1.135E-02  1.069E-02  1.004E-02  9.419E-03  8.812E-03  8.227E-03  7.660E-03  7.113E-03  6.587E-03  6.083E-03  5.602E-03  5.143E-03  4.708E-03  4.297E-03  3.914E-03  3.515E-03  3.122E-03  2.785E-03  2.497E-03  2.251E-03  1.971E-03  1.742E-03  1.523E-03  1.338E-03  1.149E-03  9.906E-04  8.566E-04  7.376E-04  6.249E-04  5.214E-04  4.338E-04  3.617E-04  3.020E-04  2.470E-04  2.028E-04  1.642E-04  1.338E-04  1.063E-04  8.410E-05  6.600E-05  5.120E-05  3.915E-05  2.951E-05  2.195E-05  1.613E-05  1.134E-05  7.921E-06  5.237E-06  3.347E-06  1.903E-06  9.402E-07
  328.5000  1.744E-02  1.669E-02  1.595E-02  1.522E-02  1.450E-02  1.380E-02  1.311E-02  1.244E-02  1.178E-02  1.113E-02  1.051E-02  9.892E-03  9.296E-03  8.716E-03  8.154E-03  7.612E-03  7.086E-03  6.579E-03  6.092E-03  5.625E-03  5.180E-03  4.754E-03  4.351E-03  3.971E-03  3.615E-03  3.246E-03  2.882E-03  2.570E-03  2.304E-03  2.076E-03  1.817E-03  1.606E-03  1.403E-03  1.233E-03  1.058E-03  9.115E-04  7.879E-04  6.781E-04  5.743E-04  4.791E-04  3.984E-04  3.321E-04  2.772E-04  2.266E-04  1.861E-04  1.506E-04  1.227E-04  9.744E-05  7.710E-05  6.051E-05  4.694E-05  3.590E-05  2.706E-05  2.013E-05  1.480E-05  1.041E-05  7.268E-06  4.808E-06  3.076E-06  1.753E-06  8.702E-07
  329.5000  2.712E-02  2.604E-02  2.498E-02  2.394E-02  2.290E-02  2.188E-02  2.088E-02  1.990E-02  1.893E-02  1.798E-02  1.704E-02  1.613E-02  1.523E-02  1.436E-02  1.350E-02  1.267E-02  1.186E-02  1.107E-02  1.030E-02  9.564E-03  8.854E-03  8.170E-03  7.516E-03  6.894E-03  6.308E-03  5.686E-03  5.065E-03  4.534E-03  4.079E-03  3.691E-03  3.236E-03  2.867E-03  2.509E-03  2.207E-03  1.893E-03  1.631E-03  1.409E-03  1.210E-03  1.022E-03  8.495E-04  7.032E-04  5.836E-04  4.852E-04  3.948E-04  3.228E-04  2.602E-04  2.115E-04  1.676E-04  1.325E-04  1.041E-04  8.094E-05  6.212E-05  4.704E-05  3.519E-05  2.604E-05  1.849E-05  1.309E-05  8.884E-06  5.921E-06  3.617E-06  2.001E-06
  330.5000  2.286E-02  2.192E-02  2.099E-02  2.008E-02  1.918E-02  1.829E-02  1.742E-02  1.657E-02  1.573E-02  1.491E-02  1.410E-02  1.332E-02  1.255E-02  1.180E-02  1.107E-02  1.036E-02  9.675E-03  9.009E-03  8.366E-03  7.747E-03  7.153E-03  6.584E-03  6.042E-03  5.528E-03  5.046E-03  4.540E-03  4.037E-03  3.606E-03  3.238E-03  2.924E-03  2.560E-03  2.265E-03  1.980E-03  1.740E-03  1.493E-03  1.285E-03  1.110E-03  9.544E-04  8.069E-04  6.715E-04  5.568E-04  4.629E-04  3.854E-04  3.143E-04  2.574E-04  2.079E-04  1.691E-04  1.342E-04  1.061E-04  8.336E-05  6.477E-05  4.964E-05  3.752E-05  2.801E-05  2.068E-05  1.464E-05  1.032E-05  6.939E-06  4.558E-06  2.715E-06  1.442E-06
  331.5000  2.226E-02  2.133E-02  2.042E-02  1.952E-02  1.864E-02  1.777E-02  1.692E-02  1.608E-02  1.526E-02  1.446E-02  1.367E-02  1.290E-02  1.215E-02  1.142E-02  1.071E-02  1.002E-02  9.351E-03  8.702E-03  8.076E-03  7.474E-03  6.898E-03  6.345E-03  5.819E-03  5.321E-03  4.854E-03  4.365E-03  3.879E-03  3.464E-03  3.109E-03  2.805E-03  2.456E-03  2.172E-03  1.898E-03  1.667E-03  1.430E-03  1.231E-03  1.063E-03  9.137E-04  7.724E-04  6.429E-04  5.332E-04  4.433E-04  3.692E-04  3.011E-04  2.466E-04  1.992E-04  1.621E-04  1.286E-04  1.017E-04  7.989E-05  6.206E-05  4.756E-05  3.594E-05  2.682E-05  1.979E-05  1.400E-05  9.859E-06  6.622E-06  4.338E-06  2.573E-06  1.359E-06
  332.5000  2.503E-02  2.406E-02  2.310E-02  2.215E-02  2.122E-02  2.029E-02  1.938E-02  1.849E-02  1.761E-02  1.674E-02  1.589E-02  1.505E-02  1.423E-02  1.343E-02  1.265E-02  1.188E-02  1.114E-02  1.041E-02  9.703E-03  9.019E-03  8.361E-03  7.725E-03  7.116E-03  6.536E-03  5.989E-03  5.405E-03  4.819E-03  4.317E-03  3.889E-03  3.523E-03  3.091E-03  2.741E-03  2.400E-03  2.112E-03  1.812E-03  1.561E-03  1.349E-03  1.159E-03  9.778E-04  8.118E-04  6.711E-04  5.562E-04  4.619E-04  3.753E-04  3.064E-04  2.467E-04  2.003E-04  1.586E-04  1.254E-04  9.848E-05  7.662E-05  5.885E-05  4.463E-05  3.344E-05  2.480E-05  1.766E-05  1.256E-05  8.574E-06  5.772E-06  3.586E-06  2.039E-06
  333.5000  2.223E-02  2.134E-02  2.046E-02  1.960E-02  1.874E-02  1.790E-02  1.707E-02  1.626E-02  1.546E-02  1.468E-02  1.391E-02  1.315E-02  1.241E-02  1.169E-02  1.099E-02  1.030E-02  9.636E-03  8.989E-03  8.362E-03  7.756E-03  7.175E-03  6.615E-03  6.081E-03  5.573E-03  5.095E-03  4.590E-03  4.086E-03  3.654E-03  3.285E-03  2.970E-03  2.602E-03  2.304E-03  2.015E-03  1.771E-03  1.519E-03  1.308E-03  1.129E-03  9.698E-04  8.190E-04  6.805E-04  5.632E-04  4.673E-04  3.884E-04  3.161E-04  2.584E-04  2.083E-04  1.693E-04  1.341E-04  1.061E-04  8.332E-05  6.479E-05  4.972E-05  3.766E-05  2.818E-05  2.086E-05  1.482E-05  1.050E-05  7.127E-06  4.751E-06  2.902E-06  1.605E-06
  334.5000  2.559E-02  2.458E-02  2.358E-02  2.260E-02  2.163E-02  2.068E-02  1.974E-02  1.881E-02  1.790E-02  1.701E-02  1.613E-02  1.526E-02  1.442E-02  1.359E-02  1.279E-02  1.200E-02  1.124E-02  1.049E-02  9.768E-03  9.070E-03  8.398E-03  7.751E-03  7.131E-03  6.542E-03  5.987E-03  5.397E-03  4.808E-03  4.302E-03  3.871E-03  3.502E-03  3.070E-03  2.720E-03  2.379E-03  2.092E-03  1.794E-03  1.544E-03  1.334E-03  1.145E-03  9.665E-04  8.025E-04  6.635E-04  5.501E-04  4.568E-04  3.713E-04  3.033E-04  2.443E-04  1.984E-04  1.571E-04  1.242E-04  9.755E-05  7.588E-05  5.827E-05  4.416E-05  3.308E-05  2.451E-05  1.745E-05  1.238E-05  8.440E-06  5.661E-06  3.496E-06  1.970E-06
  335.5000  2.767E-02  2.661E-02  2.557E-02  2.455E-02  2.353E-02  2.253E-02  2.154E-02  2.056E-02  1.960E-02  1.866E-02  1.773E-02  1.681E-02  1.591E-02  1.503E-02  1.417E-02  1.333E-02  1.251E-02  1.171E-02  1.093E-02  1.017E-02  9.441E-03  8.735E-03  8.057E-03  7.410E-03  6.799E-03  6.142E-03  5.482E-03  4.916E-03  4.433E-03  4.022E-03  3.531E-03  3.134E-03  2.745E-03  2.418E-03  2.075E-03  1.787E-03  1.545E-03  1.327E-03  1.119E-03  9.283E-04  7.664E-04  6.345E-04  5.263E-04  4.270E-04  3.482E-04  2.800E-04  2.271E-04  1.796E-04  1.419E-04  1.114E-04  8.674E-05  6.668E-05  5.063E-05  3.800E-05  2.824E-05  2.016E-05  1.437E-05  9.868E-06  6.698E-06  4.222E-06  2.460E-06
  336.5000  2.124E-02  2.042E-02  1.962E-02  1.882E-02  1.803E-02  1.726E-02  1.649E-02  1.573E-02  1.499E-02  1.426E-02  1.354E-02  1.283E-02  1.214E-02  1.146E-02  1.080E-02  1.015E-02  9.518E-03  8.901E-03  8.302E-03  7.721E-03  7.161E-03  6.620E-03  6.101E-03  5.607E-03  5.139E-03  4.640E-03  4.138E-03  3.708E-03  3.341E-03  3.028E-03  2.657E-03  2.356E-03  2.063E-03  1.816E-03  1.558E-03  1.341E-03  1.158E-03  9.947E-04  8.391E-04  6.961E-04  5.748E-04  4.759E-04  3.948E-04  3.204E-04  2.614E-04  2.102E-04  1.705E-04  1.349E-04  1.066E-04  8.372E-05  6.515E-05  5.008E-05  3.801E-05  2.852E-05  2.118E-05  1.511E-05  1.076E-05  7.379E-06  4.997E-06  3.136E-06  1.814E-06
  337.5000  2.231E-02  2.143E-02  2.056E-02  1.970E-02  1.886E-02  1.802E-02  1.720E-02  1.639E-02  1.560E-02  1.482E-02  1.405E-02  1.330E-02  1.256E-02  1.184E-02  1.114E-02  1.046E-02  9.787E-03  9.137E-03  8.508E-03  7.898E-03  7.312E-03  6.747E-03  6.207E-03  5.693E-03  5.209E-03  4.695E-03  4.181E-03  3.741E-03  3.365E-03  3.044E-03  2.667E-03  2.362E-03  2.066E-03  1.816E-03  1.557E-03  1.340E-03  1.157E-03  9.929E-04  8.376E-04  6.951E-04  5.745E-04  4.760E-04  3.952E-04  3.211E-04  2.621E-04  2.111E-04  1.713E-04  1.357E-04  1.072E-04  8.421E-05  6.551E-05  5.032E-05  3.815E-05  2.859E-05  2.120E-05  1.510E-05  1.073E-05  7.324E-06  4.924E-06  3.053E-06  1.731E-06
  338.5000  2.520E-02  2.424E-02  2.330E-02  2.236E-02  2.144E-02  2.053E-02  1.963E-02  1.874E-02  1.786E-02  1.701E-02  1.616E-02  1.533E-02  1.451E-02  1.371E-02  1.292E-02  1.216E-02  1.141E-02  1.068E-02  9.967E-03  9.277E-03  8.611E-03  7.967E-03  7.349E-03  6.759E-03  6.201E-03  5.602E-03  4.998E-03  4.482E-03  4.042E-03  3.666E-03  3.217E-03  2.855E-03  2.501E-03  2.202E-03  1.889E-03  1.627E-03  1.405E-03  1.207E-03  1.017E-03  8.434E-04  6.958E-04  5.757E-04  4.773E-04  3.870E-04  3.153E-04  2.534E-04  2.054E-04  1.624E-04  1.282E-04  1.007E-04  7.839E-05  6.028E-05  4.578E-05  3.439E-05  2.557E-05  1.827E-05  1.304E-05  8.966E-06  6.100E-06  3.862E-06  2.268E-06
  339.5000  2.766E-02  2.662E-02  2.558E-02  2.457E-02  2.356E-02  2.256E-02  2.157E-02  2.060E-02  1.965E-02  1.871E-02  1.778E-02  1.687E-02  1.598E-02  1.510E-02  1.424E-02  1.340E-02  1.258E-02  1.177E-02  1.099E-02  1.024E-02  9.505E-03  8.797E-03  8.117E-03  7.468E-03  6.854E-03  6.193E-03  5.527E-03  4.958E-03  4.472E-03  4.057E-03  3.561E-03  3.161E-03  2.769E-03  2.439E-03  2.092E-03  1.801E-03  1.556E-03  1.336E-03  1.126E-03  9.335E-04  7.698E-04  6.367E-04  5.276E-04  4.276E-04  3.483E-04  2.798E-04  2.267E-04  1.792E-04  1.414E-04  1.111E-04  8.646E-05  6.649E-05  5.052E-05  3.796E-05  2.824E-05  2.019E-05  1.442E-05  9.929E-06  6.769E-06  4.301E-06  2.541E-06
  340.5000  2.888E-02  2.777E-02  2.667E-02  2.560E-02  2.453E-02  2.347E-02  2.244E-02  2.141E-02  2.040E-02  1.941E-02  1.844E-02  1.748E-02  1.654E-02  1.561E-02  1.471E-02  1.383E-02  1.297E-02  1.213E-02  1.132E-02  1.053E-02  9.763E-03  9.026E-03  8.319E-03  7.645E-03  7.008E-03  6.326E-03  5.641E-03  5.054E-03  4.554E-03  4.127E-03  3.620E-03  3.210E-03  2.809E-03  2.472E-03  2.120E-03  1.824E-03  1.575E-03  1.352E-03  1.140E-03  9.446E-04  7.793E-04  6.447E-04  5.344E-04  4.333E-04  3.531E-04  2.838E-04  2.300E-04  1.819E-04  1.436E-04  1.128E-04  8.778E-05  6.749E-05  5.125E-05  3.848E-05  2.861E-05  2.044E-05  1.458E-05  1.002E-05  6.808E-06  4.301E-06  2.517E-06
  341.5000  2.657E-02  2.557E-02  2.458E-02  2.361E-02  2.264E-02  2.169E-02  2.075E-02  1.982E-02  1.891E-02  1.801E-02  1.712E-02  1.625E-02  1.539E-02  1.455E-02  1.373E-02  1.292E-02  1.213E-02  1.136E-02  1.062E-02  9.888E-03  9.185E-03  8.504E-03  7.849E-03  7.224E-03  6.632E-03  5.995E-03  5.352E-03  4.801E-03  4.332E-03  3.932E-03  3.452E-03  3.064E-03  2.685E-03  2.365E-03  2.029E-03  1.747E-03  1.509E-03  1.296E-03  1.092E-03  9.046E-04  7.456E-04  6.164E-04  5.106E-04  4.135E-04  3.366E-04  2.702E-04  2.189E-04  1.729E-04  1.364E-04  1.071E-04  8.340E-05  6.416E-05  4.877E-05  3.666E-05  2.730E-05  1.953E-05  1.397E-05  9.634E-06  6.585E-06  4.204E-06  2.504E-06
  342.5000  2.964E-02  2.853E-02  2.743E-02  2.635E-02  2.528E-02  2.422E-02  2.317E-02  2.214E-02  2.112E-02  2.012E-02  1.913E-02  1.816E-02  1.721E-02  1.627E-02  1.535E-02  1.446E-02  1.358E-02  1.272E-02  1.188E-02  1.107E-02  1.029E-02  9.527E-03  8.796E-03  8.097E-03  7.436E-03  6.722E-03  6.002E-03  5.386E-03  4.860E-03  4.412E-03  3.874E-03  3.440E-03  3.014E-03  2.655E-03  2.278E-03  1.961E-03  1.694E-03  1.454E-03  1.226E-03  1.015E-03  8.364E-04  6.912E-04  5.724E-04  4.634E-04  3.771E-04  3.026E-04  2.450E-04  1.935E-04  1.527E-04  1.199E-04  9.331E-05  7.178E-05  5.458E-05  4.104E-05  3.057E-05  2.189E-05  1.566E-05  1.081E-05  7.401E-06  4.737E-06  2.835E-06
  343.5000  3.045E-02  2.930E-02  2.816E-02  2.704E-02  2.593E-02  2.484E-02  2.376E-02  2.269E-02  2.164E-02  2.061E-02  1.959E-02  1.859E-02  1.760E-02  1.664E-02  1.569E-02  1.477E-02  1.386E-02  1.298E-02  1.212E-02  1.129E-02  1.048E-02  9.701E-03  8.952E-03  8.236E-03  7.558E-03  6.829E-03  6.094E-03  5.465E-03  4.929E-03  4.471E-03  3.924E-03  3.482E-03  3.049E-03  2.685E-03  2.302E-03  1.982E-03  1.711E-03  1.468E-03  1.237E-03  1.025E-03  8.444E-04  6.978E-04  5.778E-04  4.678E-04  3.807E-04  3.056E-04  2.475E-04  1.954E-04  1.542E-04  1.211E-04  9.424E-05  7.249E-05  5.510E-05  4.143E-05  3.085E-05  2.208E-05  1.579E-05  1.089E-05  7.449E-06  4.757E-06  2.837E-06
  344.5000  2.107E-02  2.027E-02  1.948E-02  1.870E-02  1.793E-02  1.717E-02  1.641E-02  1.567E-02  1.494E-02  1.422E-02  1.351E-02  1.281E-02  1.213E-02  1.146E-02  1.080E-02  1.016E-02  9.533E-03  8.922E-03  8.326E-03  7.749E-03  7.191E-03  6.651E-03  6.133E-03  5.639E-03  5.171E-03  4.670E-03  4.165E-03  3.733E-03  3.364E-03  3.050E-03  2.675E-03  2.372E-03  2.076E-03  1.828E-03  1.566E-03  1.348E-03  1.164E-03  9.982E-04  8.409E-04  6.964E-04  5.738E-04  4.742E-04  3.927E-04  3.180E-04  2.589E-04  2.078E-04  1.683E-04  1.329E-04  1.049E-04  8.237E-05  6.411E-05  4.931E-05  3.747E-05  2.817E-05  2.097E-05  1.500E-05  1.072E-05  7.392E-06  5.046E-06  3.215E-06  1.910E-06
  345.5000  2.988E-02  2.877E-02  2.767E-02  2.659E-02  2.551E-02  2.445E-02  2.340E-02  2.236E-02  2.134E-02  2.033E-02  1.934E-02  1.836E-02  1.740E-02  1.646E-02  1.554E-02  1.463E-02  1.375E-02  1.288E-02  1.204E-02  1.122E-02  1.043E-02  9.662E-03  8.923E-03  8.217E-03  7.547E-03  6.825E-03  6.095E-03  5.469E-03  4.937E-03  4.482E-03  3.936E-03  3.495E-03  3.062E-03  2.698E-03  2.314E-03  1.993E-03  1.721E-03  1.478E-03  1.244E-03  1.030E-03  8.479E-04  7.003E-04  5.795E-04  4.687E-04  3.811E-04  3.056E-04  2.473E-04  1.951E-04  1.539E-04  1.208E-04  9.403E-05  7.236E-05  5.504E-05  4.142E-05  3.088E-05  2.213E-05  1.585E-05  1.097E-05  7.530E-06  4.844E-06  2.924E-06
  346.5000  2.741E-02  2.637E-02  2.535E-02  2.435E-02  2.335E-02  2.236E-02  2.139E-02  2.043E-02  1.948E-02  1.855E-02  1.763E-02  1.673E-02  1.585E-02  1.498E-02  1.412E-02  1.329E-02  1.248E-02  1.168E-02  1.091E-02  1.016E-02  9.431E-03  8.728E-03  8.052E-03  7.407E-03  6.796E-03  6.140E-03  5.478E-03  4.911E-03  4.428E-03  4.016E-03  3.523E-03  3.125E-03  2.736E-03  2.409E-03  2.065E-03  1.777E-03  1.534E-03  1.316E-03  1.108E-03  9.172E-04  7.553E-04  6.238E-04  5.163E-04  4.178E-04  3.398E-04  2.726E-04  2.207E-04  1.742E-04  1.374E-04  1.079E-04  8.397E-05  6.460E-05  4.911E-05  3.694E-05  2.752E-05  1.971E-05  1.411E-05  9.744E-06  6.672E-06  4.273E-06  2.561E-06
  347.5000  2.686E-02  2.585E-02  2.485E-02  2.386E-02  2.289E-02  2.192E-02  2.097E-02  2.003E-02  1.910E-02  1.819E-02  1.729E-02  1.641E-02  1.554E-02  1.469E-02  1.386E-02  1.304E-02  1.224E-02  1.146E-02  1.070E-02  9.968E-03  9.256E-03  8.567E-03  7.904E-03  7.271E-03  6.672E-03  6.028E-03  5.378E-03  4.822E-03  4.347E-03  3.943E-03  3.459E-03  3.069E-03  2.686E-03  2.365E-03  2.027E-03  1.744E-03  1.505E-03  1.291E-03  1.087E-03  8.997E-04  7.407E-04  6.117E-04  5.061E-04  4.094E-04  3.329E-04  2.670E-04  2.161E-04  1.705E-04  1.345E-04  1.056E-04  8.218E-05  6.323E-05  4.808E-05  3.617E-05  2.695E-05  1.931E-05  1.383E-05  9.554E-06  6.548E-06  4.200E-06  2.524E-06
  348.5000  2.976E-02  2.864E-02  2.754E-02  2.645E-02  2.538E-02  2.431E-02  2.326E-02  2.222E-02  2.120E-02  2.019E-02  1.920E-02  1.822E-02  1.726E-02  1.632E-02  1.540E-02  1.450E-02  1.361E-02  1.275E-02  1.191E-02  1.109E-02  1.030E-02  9.540E-03  8.805E-03  8.102E-03  7.437E-03  6.721E-03  5.998E-03  5.378E-03  4.851E-03  4.400E-03  3.861E-03  3.426E-03  3.000E-03  2.641E-03  2.264E-03  1.948E-03  1.682E-03  1.442E-03  1.214E-03  1.005E-03  8.267E-04  6.825E-04  5.645E-04  4.565E-04  3.710E-04  2.975E-04  2.407E-04  1.899E-04  1.497E-04  1.175E-04  9.146E-05  7.037E-05  5.353E-05  4.028E-05  3.003E-05  2.153E-05  1.542E-05  1.067E-05  7.322E-06  4.710E-06  2.844E-06
  349.5000  2.493E-02  2.400E-02  2.307E-02  2.216E-02  2.126E-02  2.036E-02  1.948E-02  1.861E-02  1.775E-02  1.691E-02  1.608E-02  1.526E-02  1.446E-02  1.367E-02  1.289E-02  1.214E-02  1.140E-02  1.067E-02  9.971E-03  9.286E-03  8.625E-03  7.984E-03  7.368E-03  6.780E-03  6.222E-03  5.622E-03  5.017E-03  4.498E-03  4.056E-03  3.679E-03  3.228E-03  2.864E-03  2.507E-03  2.207E-03  1.891E-03  1.627E-03  1.404E-03  1.204E-03  1.014E-03  8.385E-04  6.900E-04  5.694E-04  4.709E-04  3.807E-04  3.094E-04  2.480E-04  2.006E-04  1.582E-04  1.248E-04  9.792E-05  7.621E-05  5.864E-05  4.461E-05  3.357E-05  2.503E-05  1.795E-05  1.286E-05  8.897E-06  6.109E-06  3.932E-06  2.377E-06
  350.5000  3.499E-02  3.368E-02  3.238E-02  3.110E-02  2.984E-02  2.858E-02  2.735E-02  2.613E-02  2.493E-02  2.374E-02  2.258E-02  2.143E-02  2.030E-02  1.919E-02  1.811E-02  1.705E-02  1.601E-02  1.499E-02  1.401E-02  1.304E-02  1.212E-02  1.122E-02  1.035E-02  9.525E-03  8.742E-03  7.900E-03  7.049E-03  6.320E-03  5.699E-03  5.169E-03  4.535E-03  4.023E-03  3.521E-03  3.100E-03  2.656E-03  2.285E-03  1.972E-03  1.691E-03  1.423E-03  1.177E-03  9.682E-04  7.989E-04  6.605E-04  5.339E-04  4.338E-04  3.476E-04  2.811E-04  2.217E-04  1.748E-04  1.371E-04  1.067E-04  8.213E-05  6.248E-05  4.704E-05  3.508E-05  2.516E-05  1.803E-05  1.248E-05  8.575E-06  5.526E-06  3.349E-06
  351.5000  3.009E-02  2.896E-02  2.784E-02  2.674E-02  2.565E-02  2.457E-02  2.351E-02  2.246E-02  2.142E-02  2.041E-02  1.940E-02  1.841E-02  1.744E-02  1.649E-02  1.555E-02  1.464E-02  1.375E-02  1.287E-02  1.202E-02  1.120E-02  1.040E-02  9.624E-03  8.881E-03  8.170E-03  7.497E-03  6.773E-03  6.043E-03  5.417E-03  4.883E-03  4.428E-03  3.884E-03  3.444E-03  3.014E-03  2.653E-03  2.273E-03  1.955E-03  1.687E-03  1.446E-03  1.217E-03  1.006E-03  8.274E-04  6.826E-04  5.643E-04  4.560E-04  3.705E-04  2.968E-04  2.400E-04  1.893E-04  1.492E-04  1.171E-04  9.111E-05  7.011E-05  5.334E-05  4.015E-05  2.994E-05  2.148E-05  1.539E-05  1.066E-05  7.321E-06  4.719E-06  2.862E-06
  352.5000  2.722E-02  2.620E-02  2.519E-02  2.420E-02  2.321E-02  2.224E-02  2.127E-02  2.033E-02  1.939E-02  1.847E-02  1.756E-02  1.667E-02  1.579E-02  1.493E-02  1.408E-02  1.326E-02  1.245E-02  1.166E-02  1.089E-02  1.014E-02  9.421E-03  8.720E-03  8.047E-03  7.403E-03  6.794E-03  6.138E-03  5.476E-03  4.909E-03  4.426E-03  4.013E-03  3.520E-03  3.122E-03  2.732E-03  2.404E-03  2.060E-03  1.771E-03  1.528E-03  1.310E-03  1.102E-03  9.111E-04  7.492E-04  6.179E-04  5.107E-04  4.126E-04  3.351E-04  2.684E-04  2.170E-04  1.711E-04  1.348E-04  1.058E-04  8.232E-05  6.335E-05  4.820E-05  3.629E-05  2.707E-05  1.942E-05  1.393E-05  9.645E-06  6.632E-06  4.281E-06  2.602E-06
  353.5000  3.291E-02  3.168E-02  3.046E-02  2.926E-02  2.807E-02  2.690E-02  2.574E-02  2.459E-02  2.346E-02  2.235E-02  2.126E-02  2.018E-02  1.912E-02  1.808E-02  1.706E-02  1.606E-02  1.508E-02  1.413E-02  1.320E-02  1.229E-02  1.142E-02  1.057E-02  9.756E-03  8.977E-03  8.239E-03  7.445E-03  6.643E-03  5.955E-03  5.369E-03  4.870E-03  4.271E-03  3.788E-03  3.315E-03  2.918E-03  2.499E-03  2.149E-03  1.855E-03  1.589E-03  1.337E-03  1.105E-03  9.084E-04  7.491E-04  6.189E-04  4.999E-04  4.058E-04  3.250E-04  2.627E-04  2.070E-04  1.631E-04  1.280E-04  9.959E-05  7.664E-05  5.832E-05  4.392E-05  3.277E-05  2.352E-05  1.687E-05  1.169E-05  8.047E-06  5.203E-06  3.173E-06
  354.5000  3.575E-02  3.442E-02  3.310E-02  3.180E-02  3.051E-02  2.923E-02  2.797E-02  2.673E-02  2.551E-02  2.430E-02  2.311E-02  2.194E-02  2.079E-02  1.966E-02  1.855E-02  1.747E-02  1.641E-02  1.537E-02  1.436E-02  1.338E-02  1.243E-02  1.151E-02  1.062E-02  9.776E-03  8.973E-03  8.109E-03  7.235E-03  6.487E-03  5.849E-03  5.305E-03  4.653E-03  4.127E-03  3.612E-03  3.179E-03  2.723E-03  2.341E-03  2.020E-03  1.731E-03  1.456E-03  1.203E-03  9.889E-04  8.152E-04  6.734E-04  5.437E-04  4.413E-04  3.533E-04  2.855E-04  2.249E-04  1.772E-04  1.390E-04  1.082E-04  8.324E-05  6.335E-05  4.772E-05  3.562E-05  2.557E-05  1.835E-05  1.272E-05  8.764E-06  5.675E-06  3.471E-06
  355.5000  3.344E-02  3.219E-02  3.096E-02  2.974E-02  2.854E-02  2.734E-02  2.617E-02  2.501E-02  2.386E-02  2.273E-02  2.162E-02  2.053E-02  1.945E-02  1.839E-02  1.736E-02  1.634E-02  1.535E-02  1.438E-02  1.343E-02  1.252E-02  1.163E-02  1.077E-02  9.936E-03  9.144E-03  8.393E-03  7.584E-03  6.767E-03  6.066E-03  5.469E-03  4.961E-03  4.350E-03  3.858E-03  3.376E-03  2.971E-03  2.544E-03  2.188E-03  1.888E-03  1.617E-03  1.360E-03  1.124E-03  9.232E-04  7.609E-04  6.284E-04  5.072E-04  4.116E-04  3.294E-04  2.661E-04  2.097E-04  1.652E-04  1.295E-04  1.008E-04  7.758E-05  5.904E-05  4.448E-05  3.320E-05  2.384E-05  1.711E-05  1.187E-05  8.180E-06  5.301E-06  3.247E-06
  356.5000  3.104E-02  2.989E-02  2.874E-02  2.761E-02  2.649E-02  2.538E-02  2.429E-02  2.321E-02  2.215E-02  2.110E-02  2.007E-02  1.905E-02  1.805E-02  1.707E-02  1.611E-02  1.517E-02  1.425E-02  1.335E-02  1.247E-02  1.162E-02  1.079E-02  9.990E-03  9.221E-03  8.485E-03  7.787E-03  7.036E-03  6.278E-03  5.627E-03  5.073E-03  4.600E-03  4.034E-03  3.577E-03  3.130E-03  2.754E-03  2.358E-03  2.027E-03  1.749E-03  1.498E-03  1.260E-03  1.041E-03  8.547E-04  7.043E-04  5.816E-04  4.693E-04  3.808E-04  3.047E-04  2.461E-04  1.938E-04  1.527E-04  1.197E-04  9.317E-05  7.170E-05  5.458E-05  4.112E-05  3.070E-05  2.205E-05  1.583E-05  1.098E-05  7.570E-06  4.910E-06  3.011E-06
  357.5000  2.639E-02  2.541E-02  2.444E-02  2.348E-02  2.252E-02  2.158E-02  2.065E-02  1.974E-02  1.883E-02  1.794E-02  1.706E-02  1.620E-02  1.535E-02  1.451E-02  1.369E-02  1.289E-02  1.211E-02  1.134E-02  1.060E-02  9.871E-03  9.169E-03  8.489E-03  7.834E-03  7.208E-03  6.615E-03  5.977E-03  5.332E-03  4.779E-03  4.308E-03  3.906E-03  3.424E-03  3.036E-03  2.656E-03  2.337E-03  2.001E-03  1.720E-03  1.483E-03  1.270E-03  1.068E-03  8.820E-04  7.244E-04  5.968E-04  4.927E-04  3.975E-04  3.224E-04  2.580E-04  2.083E-04  1.641E-04  1.292E-04  1.013E-04  7.883E-05  6.067E-05  4.618E-05  3.480E-05  2.598E-05  1.866E-05  1.340E-05  9.299E-06  6.412E-06  4.161E-06  2.555E-06
  358.5000  2.041E-02  1.965E-02  1.890E-02  1.816E-02  1.742E-02  1.669E-02  1.598E-02  1.527E-02  1.457E-02  1.388E-02  1.320E-02  1.253E-02  1.188E-02  1.123E-02  1.060E-02  9.979E-03  9.372E-03  8.780E-03  8.203E-03  7.641E-03  7.098E-03  6.572E-03  6.065E-03  5.581E-03  5.122E-03  4.628E-03  4.129E-03  3.700E-03  3.335E-03  3.024E-03  2.651E-03  2.350E-03  2.056E-03  1.809E-03  1.548E-03  1.331E-03  1.148E-03  9.828E-04  8.262E-04  6.823E-04  5.602E-04  4.614E-04  3.808E-04  3.072E-04  2.491E-04  1.992E-04  1.609E-04  1.267E-04  9.973E-05  7.820E-05  6.084E-05  4.682E-05  3.564E-05  2.686E-05  2.006E-05  1.441E-05  1.035E-05  7.186E-06  4.958E-06  3.221E-06  1.982E-06
  359.5000  3.437E-02  3.309E-02  3.182E-02  3.058E-02  2.934E-02  2.811E-02  2.690E-02  2.571E-02  2.453E-02  2.337E-02  2.223E-02  2.110E-02  2.000E-02  1.891E-02  1.784E-02  1.680E-02  1.578E-02  1.478E-02  1.381E-02  1.287E-02  1.195E-02  1.106E-02  1.021E-02  9.395E-03  8.622E-03  7.789E-03  6.949E-03  6.227E-03  5.612E-03  5.088E-03  4.461E-03  3.954E-03  3.459E-03  3.042E-03  2.604E-03  2.238E-03  1.930E-03  1.652E-03  1.389E-03  1.146E-03  9.410E-04  7.749E-04  6.395E-04  5.157E-04  4.181E-04  3.343E-04  2.699E-04  2.125E-04  1.673E-04  1.311E-04  1.020E-04  7.852E-05  5.978E-05  4.505E-05  3.365E-05  2.418E-05  1.737E-05  1.206E-05  8.326E-06  5.413E-06  3.335E-06
  360.5000  3.188E-02  3.070E-02  2.952E-02  2.836E-02  2.721E-02  2.608E-02  2.496E-02  2.385E-02  2.276E-02  2.168E-02  2.062E-02  1.958E-02  1.855E-02  1.754E-02  1.655E-02  1.559E-02  1.464E-02  1.371E-02  1.281E-02  1.193E-02  1.108E-02  1.026E-02  9.471E-03  8.714E-03  7.997E-03  7.224E-03  6.445E-03  5.775E-03  5.204E-03  4.718E-03  4.135E-03  3.665E-03  3.206E-03  2.819E-03  2.413E-03  2.073E-03  1.788E-03  1.530E-03  1.286E-03  1.061E-03  8.711E-04  7.172E-04  5.917E-04  4.771E-04  3.867E-04  3.092E-04  2.495E-04  1.964E-04  1.546E-04  1.212E-04  9.428E-05  7.256E-05  5.524E-05  4.164E-05  3.111E-05  2.236E-05  1.606E-05  1.116E-05  7.704E-06  5.012E-06  3.093E-06
  361.5000  2.879E-02  2.772E-02  2.666E-02  2.561E-02  2.458E-02  2.355E-02  2.254E-02  2.154E-02  2.055E-02  1.959E-02  1.863E-02  1.769E-02  1.676E-02  1.585E-02  1.496E-02  1.408E-02  1.323E-02  1.239E-02  1.158E-02  1.078E-02  1.002E-02  9.274E-03  8.559E-03  7.875E-03  7.226E-03  6.529E-03  5.824E-03  5.218E-03  4.702E-03  4.263E-03  3.736E-03  3.312E-03  2.896E-03  2.547E-03  2.179E-03  1.872E-03  1.614E-03  1.382E-03  1.161E-03  9.580E-04  7.860E-04  6.470E-04  5.337E-04  4.302E-04  3.486E-04  2.786E-04  2.248E-04  1.769E-04  1.393E-04  1.092E-04  8.491E-05  6.535E-05  4.975E-05  3.751E-05  2.802E-05  2.015E-05  1.448E-05  1.006E-05  6.950E-06  4.526E-06  2.797E-06
  362.5000  3.385E-02  3.259E-02  3.134E-02  3.011E-02  2.890E-02  2.769E-02  2.650E-02  2.533E-02  2.417E-02  2.303E-02  2.190E-02  2.080E-02  1.971E-02  1.864E-02  1.759E-02  1.656E-02  1.556E-02  1.457E-02  1.361E-02  1.268E-02  1.178E-02  1.091E-02  1.007E-02  9.261E-03  8.498E-03  7.677E-03  6.847E-03  6.136E-03  5.529E-03  5.012E-03  4.392E-03  3.893E-03  3.404E-03  2.993E-03  2.561E-03  2.200E-03  1.896E-03  1.623E-03  1.363E-03  1.125E-03  9.229E-04  7.594E-04  6.263E-04  5.047E-04  4.089E-04  3.268E-04  2.636E-04  2.074E-04  1.632E-04  1.279E-04  9.950E-05  7.658E-05  5.830E-05  4.396E-05  3.285E-05  2.362E-05  1.698E-05  1.180E-05  8.156E-06  5.316E-06  3.291E-06
  363.5000  3.013E-02  2.901E-02  2.790E-02  2.681E-02  2.573E-02  2.465E-02  2.359E-02  2.255E-02  2.152E-02  2.050E-02  1.950E-02  1.852E-02  1.755E-02  1.659E-02  1.566E-02  1.475E-02  1.385E-02  1.297E-02  1.212E-02  1.129E-02  1.049E-02  9.710E-03  8.961E-03  8.244E-03  7.565E-03  6.834E-03  6.095E-03  5.462E-03  4.921E-03  4.460E-03  3.908E-03  3.463E-03  3.028E-03  2.662E-03  2.278E-03  1.956E-03  1.686E-03  1.443E-03  1.212E-03  9.998E-04  8.199E-04  6.746E-04  5.562E-04  4.481E-04  3.630E-04  2.900E-04  2.339E-04  1.840E-04  1.448E-04  1.135E-04  8.824E-05  6.791E-05  5.171E-05  3.899E-05  2.914E-05  2.096E-05  1.507E-05  1.048E-05  7.243E-06  4.724E-06  2.928E-06
  364.5000  3.288E-02  3.166E-02  3.045E-02  2.925E-02  2.807E-02  2.690E-02  2.574E-02  2.460E-02  2.348E-02  2.237E-02  2.128E-02  2.020E-02  1.914E-02  1.810E-02  1.708E-02  1.609E-02  1.511E-02  1.415E-02  1.322E-02  1.232E-02  1.144E-02  1.059E-02  9.774E-03  8.992E-03  8.250E-03  7.453E-03  6.646E-03  5.955E-03  5.365E-03  4.862E-03  4.260E-03  3.774E-03  3.299E-03  2.901E-03  2.481E-03  2.131E-03  1.836E-03  1.571E-03  1.319E-03  1.088E-03  8.923E-04  7.339E-04  6.050E-04  4.873E-04  3.946E-04  3.152E-04  2.542E-04  1.999E-04  1.573E-04  1.233E-04  9.586E-05  7.377E-05  5.617E-05  4.236E-05  3.166E-05  2.278E-05  1.638E-05  1.139E-05  7.876E-06  5.140E-06  3.190E-06
  365.5000  4.006E-02  3.857E-02  3.710E-02  3.564E-02  3.420E-02  3.278E-02  3.137E-02  2.998E-02  2.861E-02  2.726E-02  2.592E-02  2.461E-02  2.332E-02  2.206E-02  2.081E-02  1.960E-02  1.841E-02  1.724E-02  1.611E-02  1.500E-02  1.393E-02  1.290E-02  1.190E-02  1.095E-02  1.005E-02  9.074E-03  8.093E-03  7.248E-03  6.529E-03  5.916E-03  5.183E-03  4.592E-03  4.014E-03  3.528E-03  3.017E-03  2.591E-03  2.232E-03  1.909E-03  1.603E-03  1.322E-03  1.084E-03  8.914E-04  7.346E-04  5.916E-04  4.790E-04  3.826E-04  3.085E-04  2.425E-04  1.908E-04  1.495E-04  1.163E-04  8.946E-05  6.812E-05  5.138E-05  3.841E-05  2.763E-05  1.987E-05  1.382E-05  9.561E-06  6.243E-06  3.878E-06
  366.5000  4.244E-02  4.087E-02  3.931E-02  3.776E-02  3.624E-02  3.473E-02  3.324E-02  3.176E-02  3.031E-02  2.888E-02  2.747E-02  2.608E-02  2.472E-02  2.337E-02  2.206E-02  2.077E-02  1.951E-02  1.827E-02  1.707E-02  1.590E-02  1.477E-02  1.367E-02  1.261E-02  1.160E-02  1.065E-02  9.615E-03  8.573E-03  7.681E-03  6.918E-03  6.268E-03  5.491E-03  4.864E-03  4.251E-03  3.736E-03  3.195E-03  2.743E-03  2.363E-03  2.022E-03  1.697E-03  1.399E-03  1.147E-03  9.428E-04  7.768E-04  6.255E-04  5.063E-04  4.042E-04  3.259E-04  2.562E-04  2.015E-04  1.578E-04  1.227E-04  9.446E-05  7.193E-05  5.425E-05  4.056E-05  2.919E-05  2.099E-05  1.461E-05  1.011E-05  6.606E-06  4.109E-06
  367.5000  4.034E-02  3.884E-02  3.736E-02  3.590E-02  3.445E-02  3.301E-02  3.159E-02  3.020E-02  2.881E-02  2.746E-02  2.612E-02  2.480E-02  2.350E-02  2.222E-02  2.097E-02  1.975E-02  1.855E-02  1.737E-02  1.623E-02  1.512E-02  1.404E-02  1.300E-02  1.199E-02  1.103E-02  1.012E-02  9.142E-03  8.151E-03  7.302E-03  6.576E-03  5.958E-03  5.219E-03  4.623E-03  4.040E-03  3.550E-03  3.035E-03  2.606E-03  2.245E-03  1.919E-03  1.611E-03  1.328E-03  1.088E-03  8.947E-04  7.370E-04  5.933E-04  4.801E-04  3.833E-04  3.089E-04  2.428E-04  1.909E-04  1.495E-04  1.163E-04  8.949E-05  6.815E-05  5.141E-05  3.844E-05  2.767E-05  1.990E-05  1.385E-05  9.590E-06  6.271E-06  3.906E-06
  368.5000  3.546E-02  3.414E-02  3.284E-02  3.155E-02  3.028E-02  2.901E-02  2.777E-02  2.654E-02  2.533E-02  2.413E-02  2.295E-02  2.179E-02  2.065E-02  1.953E-02  1.843E-02  1.736E-02  1.630E-02  1.527E-02  1.426E-02  1.329E-02  1.234E-02  1.142E-02  1.054E-02  9.695E-03  8.894E-03  8.032E-03  7.162E-03  6.415E-03  5.777E-03  5.233E-03  4.584E-03  4.059E-03  3.547E-03  3.116E-03  2.664E-03  2.287E-03  1.970E-03  1.684E-03  1.414E-03  1.165E-03  9.544E-04  7.843E-04  6.460E-04  5.199E-04  4.206E-04  3.357E-04  2.705E-04  2.126E-04  1.671E-04  1.309E-04  1.018E-04  7.833E-05  5.965E-05  4.500E-05  3.365E-05  2.422E-05  1.743E-05  1.213E-05  8.403E-06  5.498E-06  3.429E-06
  369.5000  4.255E-02  4.097E-02  3.941E-02  3.787E-02  3.634E-02  3.482E-02  3.333E-02  3.185E-02  3.040E-02  2.896E-02  2.755E-02  2.616E-02  2.479E-02  2.344E-02  2.212E-02  2.083E-02  1.956E-02  1.833E-02  1.712E-02  1.595E-02  1.481E-02  1.371E-02  1.265E-02  1.163E-02  1.067E-02  9.638E-03  8.592E-03  7.696E-03  6.930E-03  6.277E-03  5.497E-03  4.868E-03  4.253E-03  3.736E-03  3.194E-03  2.741E-03  2.360E-03  2.018E-03  1.693E-03  1.395E-03  1.143E-03  9.390E-04  7.732E-04  6.221E-04  5.032E-04  4.016E-04  3.235E-04  2.542E-04  1.998E-04  1.565E-04  1.217E-04  9.362E-05  7.130E-05  5.379E-05  4.023E-05  2.897E-05  2.084E-05  1.452E-05  1.006E-05  6.583E-06  4.110E-06
  370.5000  3.863E-02  3.719E-02  3.577E-02  3.437E-02  3.298E-02  3.161E-02  3.025E-02  2.891E-02  2.759E-02  2.629E-02  2.501E-02  2.374E-02  2.250E-02  2.128E-02  2.008E-02  1.891E-02  1.776E-02  1.663E-02  1.554E-02  1.447E-02  1.344E-02  1.244E-02  1.148E-02  1.056E-02  9.684E-03  8.746E-03  7.797E-03  6.982E-03  6.287E-03  5.694E-03  4.986E-03  4.415E-03  3.856E-03  3.387E-03  2.895E-03  2.484E-03  2.139E-03  1.828E-03  1.534E-03  1.264E-03  1.035E-03  8.502E-04  6.999E-04  5.630E-04  4.553E-04  3.632E-04  2.926E-04  2.298E-04  1.806E-04  1.415E-04  1.100E-04  8.463E-05  6.445E-05  4.863E-05  3.638E-05  2.619E-05  1.885E-05  1.313E-05  9.099E-06  5.961E-06  3.726E-06
  371.5000  4.422E-02  4.258E-02  4.096E-02  3.935E-02  3.776E-02  3.619E-02  3.464E-02  3.310E-02  3.159E-02  3.010E-02  2.863E-02  2.719E-02  2.576E-02  2.436E-02  2.299E-02  2.165E-02  2.033E-02  1.905E-02  1.779E-02  1.657E-02  1.539E-02  1.424E-02  1.314E-02  1.209E-02  1.109E-02  1.001E-02  8.925E-03  7.992E-03  7.195E-03  6.516E-03  5.705E-03  5.051E-03  4.412E-03  3.875E-03  3.311E-03  2.841E-03  2.446E-03  2.090E-03  1.753E-03  1.444E-03  1.182E-03  9.711E-04  7.993E-04  6.428E-04  5.197E-04  4.145E-04  3.338E-04  2.622E-04  2.060E-04  1.613E-04  1.254E-04  9.650E-05  7.350E-05  5.546E-05  4.149E-05  2.988E-05  2.151E-05  1.499E-05  1.039E-05  6.809E-06  4.261E-06
  372.5000  3.269E-02  3.147E-02  3.027E-02  2.909E-02  2.791E-02  2.675E-02  2.560E-02  2.447E-02  2.335E-02  2.225E-02  2.116E-02  2.010E-02  1.904E-02  1.801E-02  1.699E-02  1.600E-02  1.503E-02  1.408E-02  1.315E-02  1.225E-02  1.138E-02  1.053E-02  9.713E-03  8.933E-03  8.194E-03  7.399E-03  6.595E-03  5.906E-03  5.317E-03  4.814E-03  4.215E-03  3.731E-03  3.258E-03  2.861E-03  2.445E-03  2.097E-03  1.805E-03  1.543E-03  1.294E-03  1.065E-03  8.721E-04  7.161E-04  5.893E-04  4.738E-04  3.830E-04  3.054E-04  2.459E-04  1.931E-04  1.517E-04  1.188E-04  9.233E-05  7.104E-05  5.411E-05  4.083E-05  3.055E-05  2.201E-05  1.584E-05  1.104E-05  7.656E-06  5.021E-06  3.146E-06
  373.5000  2.955E-02  2.846E-02  2.737E-02  2.630E-02  2.524E-02  2.419E-02  2.315E-02  2.212E-02  2.111E-02  2.012E-02  1.914E-02  1.817E-02  1.722E-02  1.628E-02  1.537E-02  1.447E-02  1.359E-02  1.273E-02  1.189E-02  1.107E-02  1.028E-02  9.518E-03  8.780E-03  8.075E-03  7.406E-03  6.687E-03  5.960E-03  5.337E-03  4.804E-03  4.350E-03  3.807E-03  3.370E-03  2.942E-03  2.584E-03  2.207E-03  1.893E-03  1.630E-03  1.392E-03  1.167E-03  9.612E-04  7.866E-04  6.457E-04  5.313E-04  4.271E-04  3.451E-04  2.752E-04  2.215E-04  1.739E-04  1.366E-04  1.069E-04  8.312E-05  6.396E-05  4.871E-05  3.676E-05  2.751E-05  1.982E-05  1.427E-05  9.948E-06  6.899E-06  4.527E-06  2.839E-06
  374.5000  3.245E-02  3.124E-02  3.005E-02  2.888E-02  2.771E-02  2.656E-02  2.542E-02  2.429E-02  2.318E-02  2.209E-02  2.101E-02  1.995E-02  1.890E-02  1.788E-02  1.687E-02  1.589E-02  1.492E-02  1.397E-02  1.305E-02  1.216E-02  1.129E-02  1.045E-02  9.638E-03  8.864E-03  8.129E-03  7.340E-03  6.542E-03  5.857E-03  5.271E-03  4.772E-03  4.177E-03  3.696E-03  3.227E-03  2.833E-03  2.420E-03  2.075E-03  1.786E-03  1.525E-03  1.279E-03  1.053E-03  8.615E-04  7.071E-04  5.816E-04  4.675E-04  3.777E-04  3.011E-04  2.423E-04  1.902E-04  1.494E-04  1.169E-04  9.087E-05  6.992E-05  5.326E-05  4.019E-05  3.008E-05  2.167E-05  1.561E-05  1.088E-05  7.550E-06  4.957E-06  3.112E-06
  375.5000  3.663E-02  3.527E-02  3.393E-02  3.260E-02  3.128E-02  2.998E-02  2.870E-02  2.743E-02  2.617E-02  2.494E-02  2.372E-02  2.252E-02  2.134E-02  2.019E-02  1.905E-02  1.794E-02  1.684E-02  1.578E-02  1.474E-02  1.373E-02  1.275E-02  1.180E-02  1.088E-02  1.001E-02  9.177E-03  8.285E-03  7.384E-03  6.611E-03  5.949E-03  5.386E-03  4.713E-03  4.170E-03  3.641E-03  3.196E-03  2.729E-03  2.340E-03  2.014E-03  1.720E-03  1.441E-03  1.187E-03  9.706E-04  7.965E-04  6.550E-04  5.263E-04  4.251E-04  3.388E-04  2.726E-04  2.140E-04  1.680E-04  1.315E-04  1.022E-04  7.862E-05  5.989E-05  4.520E-05  3.383E-05  2.438E-05  1.756E-05  1.225E-05  8.499E-06  5.583E-06  3.509E-06
  376.5000  3.660E-02  3.524E-02  3.390E-02  3.257E-02  3.126E-02  2.996E-02  2.867E-02  2.740E-02  2.615E-02  2.492E-02  2.370E-02  2.251E-02  2.133E-02  2.017E-02  1.903E-02  1.792E-02  1.683E-02  1.577E-02  1.473E-02  1.372E-02  1.274E-02  1.179E-02  1.087E-02  9.998E-03  9.168E-03  8.278E-03  7.377E-03  6.604E-03  5.942E-03  5.379E-03  4.707E-03  4.164E-03  3.635E-03  3.190E-03  2.724E-03  2.336E-03  2.010E-03  1.717E-03  1.438E-03  1.183E-03  9.677E-04  7.939E-04  6.528E-04  5.244E-04  4.235E-04  3.374E-04  2.715E-04  2.130E-04  1.673E-04  1.309E-04  1.017E-04  7.824E-05  5.960E-05  4.499E-05  3.368E-05  2.427E-05  1.749E-05  1.220E-05  8.467E-06  5.565E-06  3.501E-06
  377.5000  4.361E-02  4.199E-02  4.039E-02  3.881E-02  3.724E-02  3.569E-02  3.416E-02  3.265E-02  3.116E-02  2.969E-02  2.824E-02  2.682E-02  2.541E-02  2.403E-02  2.268E-02  2.135E-02  2.006E-02  1.878E-02  1.755E-02  1.634E-02  1.518E-02  1.404E-02  1.295E-02  1.191E-02  1.092E-02  9.860E-03  8.787E-03  7.865E-03  7.077E-03  6.405E-03  5.604E-03  4.958E-03  4.327E-03  3.797E-03  3.242E-03  2.779E-03  2.391E-03  2.042E-03  1.710E-03  1.407E-03  1.150E-03  9.436E-04  7.757E-04  6.230E-04  5.030E-04  4.007E-04  3.223E-04  2.528E-04  1.985E-04  1.553E-04  1.207E-04  9.284E-05  7.072E-05  5.338E-05  3.996E-05  2.881E-05  2.076E-05  1.448E-05  1.006E-05  6.613E-06  4.164E-06
  378.5000  4.755E-02  4.579E-02  4.404E-02  4.232E-02  4.061E-02  3.892E-02  3.725E-02  3.560E-02  3.398E-02  3.238E-02  3.080E-02  2.924E-02  2.771E-02  2.621E-02  2.473E-02  2.329E-02  2.187E-02  2.048E-02  1.913E-02  1.782E-02  1.655E-02  1.531E-02  1.412E-02  1.299E-02  1.191E-02  1.075E-02  9.579E-03  8.573E-03  7.713E-03  6.980E-03  6.107E-03  5.401E-03  4.713E-03  4.136E-03  3.531E-03  3.026E-03  2.603E-03  2.223E-03  1.861E-03  1.531E-03  1.251E-03  1.026E-03  8.435E-04  6.773E-04  5.467E-04  4.354E-04  3.501E-04  2.746E-04  2.156E-04  1.686E-04  1.310E-04  1.008E-04  7.678E-05  5.797E-05  4.340E-05  3.129E-05  2.255E-05  1.574E-05  1.093E-05  7.191E-06  4.533E-06
  379.5000  3.519E-02  3.389E-02  3.260E-02  3.132E-02  3.006E-02  2.881E-02  2.757E-02  2.635E-02  2.515E-02  2.397E-02  2.280E-02  2.164E-02  2.051E-02  1.940E-02  1.830E-02  1.723E-02  1.619E-02  1.516E-02  1.416E-02  1.319E-02  1.225E-02  1.133E-02  1.045E-02  9.609E-03  8.810E-03  7.953E-03  7.087E-03  6.342E-03  5.706E-03  5.163E-03  4.516E-03  3.994E-03  3.485E-03  3.057E-03  2.610E-03  2.236E-03  1.923E-03  1.642E-03  1.375E-03  1.131E-03  9.241E-04  7.577E-04  6.226E-04  4.998E-04  4.033E-04  3.212E-04  2.582E-04  2.025E-04  1.589E-04  1.243E-04  9.657E-05  7.429E-05  5.659E-05  4.272E-05  3.199E-05  2.307E-05  1.663E-05  1.161E-05  8.062E-06  5.307E-06  3.348E-06
  380.5000  4.234E-02  4.077E-02  3.922E-02  3.769E-02  3.617E-02  3.466E-02  3.318E-02  3.171E-02  3.026E-02  2.884E-02  2.743E-02  2.604E-02  2.468E-02  2.334E-02  2.202E-02  2.074E-02  1.948E-02  1.824E-02  1.704E-02  1.587E-02  1.474E-02  1.363E-02  1.257E-02  1.156E-02  1.060E-02  9.568E-03  8.526E-03  7.629E-03  6.863E-03  6.209E-03  5.431E-03  4.802E-03  4.190E-03  3.675E-03  3.136E-03  2.687E-03  2.311E-03  1.973E-03  1.651E-03  1.358E-03  1.109E-03  9.095E-04  7.471E-04  5.997E-04  4.838E-04  3.851E-04  3.096E-04  2.427E-04  1.905E-04  1.490E-04  1.157E-04  8.902E-05  6.781E-05  5.120E-05  3.834E-05  2.765E-05  1.993E-05  1.392E-05  9.670E-06  6.369E-06  4.022E-06
  381.5000  3.981E-02  3.833E-02  3.687E-02  3.543E-02  3.400E-02  3.259E-02  3.119E-02  2.981E-02  2.845E-02  2.711E-02  2.579E-02  2.449E-02  2.320E-02  2.194E-02  2.071E-02  1.950E-02  1.831E-02  1.715E-02  1.602E-02  1.492E-02  1.385E-02  1.282E-02  1.182E-02  1.087E-02  9.964E-03  8.994E-03  8.013E-03  7.171E-03  6.450E-03  5.835E-03  5.103E-03  4.512E-03  3.936E-03  3.452E-03  2.945E-03  2.523E-03  2.170E-03  1.852E-03  1.549E-03  1.274E-03  1.041E-03  8.530E-04  7.005E-04  5.622E-04  4.534E-04  3.609E-04  2.900E-04  2.274E-04  1.784E-04  1.395E-04  1.083E-04  8.334E-05  6.349E-05  4.794E-05  3.590E-05  2.590E-05  1.867E-05  1.304E-05  9.062E-06  5.972E-06  3.774E-06
  382.5000  2.654E-02  2.555E-02  2.458E-02  2.362E-02  2.267E-02  2.173E-02  2.079E-02  1.988E-02  1.897E-02  1.808E-02  1.719E-02  1.632E-02  1.547E-02  1.463E-02  1.381E-02  1.300E-02  1.221E-02  1.143E-02  1.068E-02  9.945E-03  9.235E-03  8.544E-03  7.880E-03  7.245E-03  6.641E-03  5.995E-03  5.341E-03  4.779E-03  4.298E-03  3.888E-03  3.400E-03  3.006E-03  2.621E-03  2.299E-03  1.961E-03  1.680E-03  1.444E-03  1.232E-03  1.031E-03  8.476E-04  6.923E-04  5.672E-04  4.658E-04  3.737E-04  3.013E-04  2.398E-04  1.927E-04  1.510E-04  1.184E-04  9.262E-05  7.193E-05  5.533E-05  4.215E-05  3.183E-05  2.384E-05  1.720E-05  1.240E-05  8.661E-06  6.021E-06  3.970E-06  2.512E-06
  383.5000  2.331E-02  2.245E-02  2.159E-02  2.075E-02  1.991E-02  1.909E-02  1.827E-02  1.746E-02  1.666E-02  1.588E-02  1.510E-02  1.434E-02  1.359E-02  1.285E-02  1.213E-02  1.142E-02  1.072E-02  1.004E-02  9.382E-03  8.737E-03  8.113E-03  7.506E-03  6.922E-03  6.364E-03  5.833E-03  5.265E-03  4.691E-03  4.197E-03  3.774E-03  3.413E-03  2.985E-03  2.638E-03  2.301E-03  2.017E-03  1.721E-03  1.474E-03  1.267E-03  1.081E-03  9.040E-04  7.431E-04  6.068E-04  4.971E-04  4.081E-04  3.273E-04  2.639E-04  2.099E-04  1.686E-04  1.321E-04  1.036E-04  8.103E-05  6.293E-05  4.840E-05  3.687E-05  2.784E-05  2.086E-05  1.505E-05  1.085E-05  7.582E-06  5.272E-06  3.478E-06  2.202E-06
  384.5000  3.500E-02  3.371E-02  3.242E-02  3.115E-02  2.990E-02  2.866E-02  2.743E-02  2.622E-02  2.502E-02  2.384E-02  2.268E-02  2.153E-02  2.041E-02  1.930E-02  1.821E-02  1.715E-02  1.610E-02  1.508E-02  1.409E-02  1.312E-02  1.218E-02  1.127E-02  1.039E-02  9.554E-03  8.757E-03  7.904E-03  7.041E-03  6.299E-03  5.664E-03  5.123E-03  4.479E-03  3.958E-03  3.451E-03  3.026E-03  2.581E-03  2.210E-03  1.899E-03  1.620E-03  1.355E-03  1.113E-03  9.090E-04  7.445E-04  6.110E-04  4.900E-04  3.950E-04  3.142E-04  2.523E-04  1.977E-04  1.550E-04  1.212E-04  9.409E-05  7.236E-05  5.512E-05  4.163E-05  3.119E-05  2.251E-05  1.623E-05  1.134E-05  7.890E-06  5.206E-06  3.300E-06
  385.5000  3.465E-02  3.336E-02  3.209E-02  3.084E-02  2.959E-02  2.836E-02  2.715E-02  2.595E-02  2.477E-02  2.360E-02  2.245E-02  2.132E-02  2.020E-02  1.910E-02  1.803E-02  1.697E-02  1.594E-02  1.493E-02  1.394E-02  1.298E-02  1.206E-02  1.115E-02  1.029E-02  9.456E-03  8.667E-03  7.822E-03  6.968E-03  6.234E-03  5.605E-03  5.068E-03  4.431E-03  3.915E-03  3.414E-03  2.992E-03  2.552E-03  2.185E-03  1.877E-03  1.601E-03  1.339E-03  1.100E-03  8.978E-04  7.351E-04  6.032E-04  4.836E-04  3.897E-04  3.099E-04  2.489E-04  1.949E-04  1.528E-04  1.195E-04  9.275E-05  7.133E-05  5.434E-05  4.104E-05  3.075E-05  2.219E-05  1.601E-05  1.119E-05  7.784E-06  5.139E-06  3.260E-06
  386.5000  3.533E-02  3.402E-02  3.273E-02  3.145E-02  3.018E-02  2.893E-02  2.769E-02  2.646E-02  2.526E-02  2.407E-02  2.289E-02  2.174E-02  2.060E-02  1.948E-02  1.838E-02  1.731E-02  1.626E-02  1.523E-02  1.422E-02  1.324E-02  1.230E-02  1.138E-02  1.049E-02  9.642E-03  8.838E-03  7.976E-03  7.105E-03  6.355E-03  5.713E-03  5.166E-03  4.516E-03  3.990E-03  3.478E-03  3.048E-03  2.599E-03  2.225E-03  1.912E-03  1.630E-03  1.363E-03  1.119E-03  9.135E-04  7.478E-04  6.135E-04  4.918E-04  3.962E-04  3.150E-04  2.529E-04  1.980E-04  1.552E-04  1.213E-04  9.419E-05  7.243E-05  5.518E-05  4.168E-05  3.123E-05  2.254E-05  1.626E-05  1.137E-05  7.911E-06  5.226E-06  3.317E-06
  387.5000  3.285E-02  3.163E-02  3.043E-02  2.924E-02  2.806E-02  2.689E-02  2.574E-02  2.461E-02  2.348E-02  2.238E-02  2.129E-02  2.021E-02  1.915E-02  1.811E-02  1.709E-02  1.610E-02  1.512E-02  1.416E-02  1.322E-02  1.231E-02  1.143E-02  1.058E-02  9.752E-03  8.964E-03  8.216E-03  7.414E-03  6.604E-03  5.907E-03  5.310E-03  4.801E-03  4.196E-03  3.707E-03  3.231E-03  2.831E-03  2.414E-03  2.066E-03  1.775E-03  1.513E-03  1.265E-03  1.039E-03  8.474E-04  6.936E-04  5.689E-04  4.559E-04  3.672E-04  2.919E-04  2.343E-04  1.834E-04  1.438E-04  1.123E-04  8.721E-05  6.706E-05  5.109E-05  3.859E-05  2.892E-05  2.088E-05  1.506E-05  1.053E-05  7.331E-06  4.844E-06  3.078E-06
  388.5000  3.294E-02  3.172E-02  3.051E-02  2.932E-02  2.814E-02  2.697E-02  2.581E-02  2.467E-02  2.355E-02  2.244E-02  2.135E-02  2.027E-02  1.921E-02  1.816E-02  1.714E-02  1.614E-02  1.516E-02  1.420E-02  1.326E-02  1.235E-02  1.146E-02  1.060E-02  9.778E-03  8.987E-03  8.237E-03  7.433E-03  6.621E-03  5.921E-03  5.322E-03  4.811E-03  4.205E-03  3.714E-03  3.237E-03  2.836E-03  2.417E-03  2.069E-03  1.777E-03  1.514E-03  1.266E-03  1.039E-03  8.478E-04  6.938E-04  5.689E-04  4.558E-04  3.671E-04  2.917E-04  2.341E-04  1.832E-04  1.436E-04  1.122E-04  8.708E-05  6.696E-05  5.101E-05  3.853E-05  2.888E-05  2.085E-05  1.505E-05  1.052E-05  7.326E-06  4.843E-06  3.080E-06
  389.5000  4.155E-02  4.001E-02  3.849E-02  3.699E-02  3.550E-02  3.402E-02  3.257E-02  3.113E-02  2.971E-02  2.831E-02  2.693E-02  2.557E-02  2.423E-02  2.292E-02  2.163E-02  2.036E-02  1.912E-02  1.791E-02  1.673E-02  1.558E-02  1.446E-02  1.338E-02  1.234E-02  1.134E-02  1.039E-02  9.376E-03  8.351E-03  7.469E-03  6.712E-03  6.067E-03  5.302E-03  4.683E-03  4.080E-03  3.575E-03  3.046E-03  2.607E-03  2.238E-03  1.908E-03  1.594E-03  1.309E-03  1.067E-03  8.732E-04  7.159E-04  5.734E-04  4.617E-04  3.668E-04  2.943E-04  2.303E-04  1.805E-04  1.410E-04  1.094E-04  8.412E-05  6.408E-05  4.841E-05  3.628E-05  2.620E-05  1.891E-05  1.323E-05  9.211E-06  6.092E-06  3.877E-06
  390.5000  4.083E-02  3.932E-02  3.782E-02  3.635E-02  3.488E-02  3.343E-02  3.200E-02  3.059E-02  2.920E-02  2.782E-02  2.647E-02  2.513E-02  2.382E-02  2.252E-02  2.125E-02  2.001E-02  1.879E-02  1.760E-02  1.644E-02  1.531E-02  1.421E-02  1.315E-02  1.212E-02  1.114E-02  1.021E-02  9.213E-03  8.206E-03  7.338E-03  6.594E-03  5.960E-03  5.207E-03  4.599E-03  4.007E-03  3.509E-03  2.990E-03  2.558E-03  2.196E-03  1.872E-03  1.564E-03  1.284E-03  1.047E-03  8.560E-04  7.016E-04  5.619E-04  4.523E-04  3.593E-04  2.882E-04  2.255E-04  1.766E-04  1.380E-04  1.071E-04  8.232E-05  6.271E-05  4.737E-05  3.551E-05  2.565E-05  1.851E-05  1.295E-05  9.021E-06  5.969E-06  3.801E-06
  391.5000  4.846E-02  4.667E-02  4.489E-02  4.314E-02  4.140E-02  3.969E-02  3.799E-02  3.631E-02  3.465E-02  3.303E-02  3.142E-02  2.983E-02  2.827E-02  2.674E-02  2.523E-02  2.376E-02  2.231E-02  2.089E-02  1.951E-02  1.817E-02  1.687E-02  1.560E-02  1.439E-02  1.322E-02  1.212E-02  1.093E-02  9.738E-03  8.707E-03  7.824E-03  7.071E-03  6.178E-03  5.455E-03  4.752E-03  4.162E-03  3.545E-03  3.033E-03  2.603E-03  2.218E-03  1.853E-03  1.521E-03  1.239E-03  1.014E-03  8.306E-04  6.650E-04  5.352E-04  4.250E-04  3.408E-04  2.666E-04  2.088E-04  1.631E-04  1.266E-04  9.730E-05  7.412E-05  5.599E-05  4.197E-05  3.032E-05  2.189E-05  1.532E-05  1.067E-05  7.064E-06  4.502E-06
  392.5000  3.636E-02  3.501E-02  3.368E-02  3.237E-02  3.106E-02  2.977E-02  2.850E-02  2.724E-02  2.600E-02  2.478E-02  2.357E-02  2.238E-02  2.121E-02  2.006E-02  1.893E-02  1.782E-02  1.674E-02  1.568E-02  1.464E-02  1.363E-02  1.266E-02  1.171E-02  1.079E-02  9.920E-03  9.090E-03  8.202E-03  7.305E-03  6.531E-03  5.868E-03  5.303E-03  4.632E-03  4.090E-03  3.562E-03  3.119E-03  2.657E-03  2.272E-03  1.950E-03  1.661E-03  1.387E-03  1.139E-03  9.279E-04  7.586E-04  6.215E-04  4.975E-04  4.003E-04  3.178E-04  2.548E-04  1.993E-04  1.561E-04  1.219E-04  9.456E-05  7.269E-05  5.537E-05  4.183E-05  3.136E-05  2.266E-05  1.636E-05  1.145E-05  7.978E-06  5.283E-06  3.370E-06
  393.5000  1.581E-02  1.523E-02  1.465E-02  1.408E-02  1.351E-02  1.295E-02  1.240E-02  1.185E-02  1.131E-02  1.078E-02  1.025E-02  9.735E-03  9.226E-03  8.725E-03  8.233E-03  7.753E-03  7.280E-03  6.819E-03  6.368E-03  5.929E-03  5.505E-03  5.092E-03  4.695E-03  4.314E-03  3.953E-03  3.567E-03  3.177E-03  2.840E-03  2.551E-03  2.305E-03  2.014E-03  1.778E-03  1.548E-03  1.355E-03  1.154E-03  9.871E-04  8.471E-04  7.213E-04  6.024E-04  4.943E-04  4.027E-04  3.291E-04  2.696E-04  2.158E-04  1.736E-04  1.378E-04  1.104E-04  8.635E-05  6.762E-05  5.279E-05  4.095E-05  3.148E-05  2.398E-05  1.812E-05  1.358E-05  9.816E-06  7.088E-06  4.962E-06  3.458E-06  2.291E-06  1.462E-06
  394.5000  3.723E-02  3.585E-02  3.449E-02  3.314E-02  3.181E-02  3.049E-02  2.918E-02  2.789E-02  2.662E-02  2.537E-02  2.414E-02  2.292E-02  2.172E-02  2.054E-02  1.938E-02  1.825E-02  1.714E-02  1.605E-02  1.499E-02  1.396E-02  1.296E-02  1.199E-02  1.105E-02  1.016E-02  9.305E-03  8.396E-03  7.476E-03  6.684E-03  6.004E-03  5.424E-03  4.737E-03  4.182E-03  3.641E-03  3.187E-03  2.714E-03  2.321E-03  1.991E-03  1.695E-03  1.416E-03  1.161E-03  9.458E-04  7.729E-04  6.330E-04  5.064E-04  4.073E-04  3.232E-04  2.590E-04  2.025E-04  1.585E-04  1.238E-04  9.600E-05  7.379E-05  5.621E-05  4.247E-05  3.184E-05  2.301E-05  1.662E-05  1.164E-05  8.112E-06  5.376E-06  3.434E-06
  395.5000  4.792E-02  4.614E-02  4.439E-02  4.266E-02  4.094E-02  3.924E-02  3.756E-02  3.591E-02  3.427E-02  3.266E-02  3.107E-02  2.950E-02  2.796E-02  2.644E-02  2.495E-02  2.349E-02  2.206E-02  2.066E-02  1.930E-02  1.797E-02  1.668E-02  1.543E-02  1.423E-02  1.307E-02  1.198E-02  1.081E-02  9.622E-03  8.601E-03  7.726E-03  6.979E-03  6.095E-03  5.379E-03  4.683E-03  4.099E-03  3.490E-03  2.983E-03  2.559E-03  2.178E-03  1.819E-03  1.492E-03  1.215E-03  9.925E-04  8.126E-04  6.500E-04  5.226E-04  4.146E-04  3.322E-04  2.597E-04  2.033E-04  1.586E-04  1.231E-04  9.458E-05  7.204E-05  5.443E-05  4.082E-05  2.950E-05  2.131E-05  1.492E-05  1.040E-05  6.898E-06  4.410E-06
  396.5000  2.815E-02  2.711E-02  2.607E-02  2.506E-02  2.405E-02  2.305E-02  2.207E-02  2.109E-02  2.013E-02  1.919E-02  1.825E-02  1.733E-02  1.642E-02  1.553E-02  1.466E-02  1.380E-02  1.296E-02  1.214E-02  1.134E-02  1.056E-02  9.800E-03  9.064E-03  8.357E-03  7.679E-03  7.035E-03  6.347E-03  5.652E-03  5.052E-03  4.537E-03  4.098E-03  3.579E-03  3.158E-03  2.749E-03  2.406E-03  2.048E-03  1.750E-03  1.501E-03  1.278E-03  1.067E-03  8.746E-04  7.121E-04  5.817E-04  4.761E-04  3.808E-04  3.061E-04  2.428E-04  1.945E-04  1.520E-04  1.189E-04  9.282E-05  7.199E-05  5.533E-05  4.214E-05  3.184E-05  2.388E-05  1.726E-05  1.247E-05  8.734E-06  6.091E-06  4.040E-06  2.585E-06
  397.5000  3.249E-02  3.129E-02  3.010E-02  2.893E-02  2.776E-02  2.661E-02  2.547E-02  2.435E-02  2.324E-02  2.215E-02  2.107E-02  2.001E-02  1.896E-02  1.793E-02  1.692E-02  1.594E-02  1.496E-02  1.402E-02  1.309E-02  1.219E-02  1.131E-02  1.047E-02  9.648E-03  8.865E-03  8.122E-03  7.327E-03  6.524E-03  5.831E-03  5.237E-03  4.730E-03  4.130E-03  3.644E-03  3.172E-03  2.775E-03  2.362E-03  2.018E-03  1.731E-03  1.473E-03  1.229E-03  1.008E-03  8.204E-04  6.700E-04  5.483E-04  4.384E-04  3.523E-04  2.794E-04  2.237E-04  1.748E-04  1.368E-04  1.067E-04  8.277E-05  6.361E-05  4.845E-05  3.661E-05  2.746E-05  1.985E-05  1.434E-05  1.005E-05  7.008E-06  4.650E-06  2.977E-06
  398.5000  5.586E-02  5.379E-02  5.175E-02  4.973E-02  4.773E-02  4.575E-02  4.379E-02  4.186E-02  3.996E-02  3.808E-02  3.623E-02  3.440E-02  3.260E-02  3.083E-02  2.910E-02  2.740E-02  2.573E-02  2.410E-02  2.250E-02  2.095E-02  1.945E-02  1.799E-02  1.659E-02  1.524E-02  1.396E-02  1.260E-02  1.121E-02  1.002E-02  9.001E-03  8.128E-03  7.096E-03  6.260E-03  5.449E-03  4.767E-03  4.056E-03  3.466E-03  2.972E-03  2.528E-03  2.110E-03  1.729E-03  1.407E-03  1.149E-03  9.402E-04  7.515E-04  6.038E-04  4.787E-04  3.833E-04  2.994E-04  2.342E-04  1.827E-04  1.417E-04  1.089E-04  8.293E-05  6.267E-05  4.701E-05  3.399E-05  2.456E-05  1.721E-05  1.201E-05  7.969E-06  5.106E-06
  399.5000  5.812E-02  5.597E-02  5.384E-02  5.174E-02  4.966E-02  4.760E-02  4.557E-02  4.356E-02  4.158E-02  3.962E-02  3.770E-02  3.579E-02  3.392E-02  3.208E-02  3.028E-02  2.851E-02  2.677E-02  2.507E-02  2.342E-02  2.180E-02  2.024E-02  1.872E-02  1.726E-02  1.586E-02  1.453E-02  1.310E-02  1.167E-02  1.043E-02  9.363E-03  8.454E-03  7.380E-03  6.510E-03  5.665E-03  4.955E-03  4.216E-03  3.602E-03  3.088E-03  2.627E-03  2.191E-03  1.796E-03  1.461E-03  1.193E-03  9.757E-04  7.798E-04  6.263E-04  4.965E-04  3.974E-04  3.104E-04  2.428E-04  1.894E-04  1.468E-04  1.128E-04  8.593E-05  6.493E-05  4.871E-05  3.523E-05  2.546E-05  1.784E-05  1.245E-05  8.266E-06  5.299E-06
------------------------------------------------------------
Dose rates,W m-2
   1 = UV index (WMO, 1994; Webb et al., 2011)           
   2 = Previtamin-D3 (CIE 2006)                          
values at z =      0.025 km
Columns: time,sza,weighting spectra
time,hrs.  sza,deg.          1          2
   18.0000     85.215  9.585E-02  1.736E-03
   18.0167     85.408  9.162E-02  1.650E-03
   18.0333     85.601  8.749E-02  1.567E-03
   18.0500     85.793  8.348E-02  1.488E-03
   18.0667     85.987  7.955E-02  1.412E-03
   18.0833     86.181  7.573E-02  1.338E-03
   18.1000     86.374  7.200E-02  1.268E-03
   18.1167     86.568  6.838E-02  1.200E-03
   18.1333     86.763  6.485E-02  1.136E-03
   18.1500     86.957  6.143E-02  1.074E-03
   18.1667     87.151  5.810E-02  1.014E-03
   18.1833     87.346  5.486E-02  9.566E-04
   18.2000     87.541  5.172E-02  9.017E-04
   18.2167     87.736  4.868E-02  8.490E-04
   18.2333     87.932  4.573E-02  7.985E-04
   18.2500     88.127  4.288E-02  7.503E-04
   18.2667     88.322  4.013E-02  7.039E-04
   18.2833     88.518  3.747E-02  6.595E-04
   18.3000     88.715  3.491E-02  6.170E-04
   18.3167     88.911  3.244E-02  5.764E-04
   18.3333     89.107  3.008E-02  5.377E-04
   18.3500     89.303  2.782E-02  5.006E-04
   18.3667     89.500  2.566E-02  4.654E-04
   18.3833     89.697  2.361E-02  4.319E-04
   18.4000     89.894  2.168E-02  4.005E-04
   18.4167     90.092  1.964E-02  3.669E-04
   18.4333     90.289  1.759E-02  3.330E-04
   18.4500     90.486  1.583E-02  3.038E-04
   18.4667     90.684  1.433E-02  2.786E-04
   18.4833     90.882  1.304E-02  2.571E-04
   18.5000     91.081  1.152E-02  2.309E-04
   18.5167     91.278  1.029E-02  2.095E-04
   18.5333     91.477  9.077E-03  1.881E-04
   18.5500     91.675  8.055E-03  1.699E-04
   18.5667     91.874  6.979E-03  1.500E-04
   18.5833     92.073  6.070E-03  1.329E-04
   18.6000     92.272  5.294E-03  1.180E-04
   18.6167     92.471  4.598E-03  1.045E-04
   18.6333     92.671  3.924E-03  9.088E-05
   18.6500     92.870  3.291E-03  7.751E-05
   18.6667     93.070  2.751E-03  6.596E-05
   18.6833     93.270  2.302E-03  5.604E-05
   18.7000     93.470  1.927E-03  4.752E-05
   18.7167     93.669  1.574E-03  3.918E-05
   18.7333     93.870  1.292E-03  3.240E-05
   18.7500     94.070  1.041E-03  2.617E-05
   18.7667     94.271  8.451E-04  2.129E-05
   18.7833     94.472  6.658E-04  1.670E-05
   18.8000     94.672  5.222E-04  1.298E-05
   18.8167     94.873  4.060E-04  9.969E-06
   18.8333     95.074  3.116E-04  7.522E-06
   18.8500     95.275  2.354E-04  5.549E-06
   18.8667     95.477  1.744E-04  3.961E-06
   18.8833     95.678  1.264E-04  2.705E-06
   18.9000     95.880  8.918E-05  1.719E-06
   18.9167     96.081  5.869E-05  9.221E-07
   18.9333     96.283  3.826E-05  4.499E-07
   18.9500     96.486  2.364E-05  1.762E-07
   18.9667     96.688  1.465E-05  6.426E-08
   18.9833     96.890  8.582E-06  2.049E-08
   19.0000     97.092  4.793E-06  6.030E-09
------------------------------------------------------------
