Spectral Irradiance,W m-2 nm-1
values at z =      0.025 km
Columns: wavelength (nm),times (hrs.) or sza (deg.)
    wc,nm     18.000     18.017     18.033     18.050     18.067     18.083     18.100     18.117     18.133     18.150     18.167     18.183     18.200     18.217     18.233     18.250     18.267     18.283     18.300     18.317     18.333     18.350     18.367     18.383     18.400     18.417     18.433     18.450     18.467     18.483     18.500     18.517     18.533     18.550     18.567     18.583     18.600     18.617     18.633     18.650     18.667     18.683     18.700     18.717     18.733     18.750     18.767     18.783     18.800     18.817     18.833     18.850     18.867     18.883     18.900     18.917     18.933     18.950     18.967     18.983     19.000
    sza =      84.786     84.979     85.174     85.367     85.562     85.757     85.951     86.146     86.342     86.537     86.732     86.928     87.124     87.320     87.517     87.713     87.909     88.106     88.303     88.501     88.698     88.895     89.093     89.291     89.489     89.687     89.885     90.084     90.283     90.481     90.680     90.879     91.079     91.278     91.478     91.678     91.878     92.077     92.278     92.478     92.678     92.879     93.080     93.281     93.482     93.683     93.884     94.086     94.287     94.489     94.691     94.893     95.095     95.297     95.499     95.702     95.905     96.108     96.310     96.514     96.716
  280.5000  8.699E-29  8.514E-29  8.328E-29  8.142E-29  7.955E-29  7.767E-29  7.578E-29  7.388E-29  7.197E-29  7.006E-29  6.813E-29  6.618E-29  6.423E-29  6.225E-29  6.027E-29  5.827E-29  5.626E-29  5.423E-29  5.218E-29  5.012E-29  4.806E-29  4.597E-29  4.388E-29  4.178E-29  3.969E-29  3.761E-29  3.557E-29  3.319E-29  3.060E-29  2.835E-29  2.638E-29  2.466E-29  2.237E-29  2.049E-29  1.849E-29  1.680E-29  1.483E-29  1.312E-29  1.158E-29  1.015E-29  8.716E-30  7.367E-30  6.179E-30  5.155E-30  4.272E-30  3.331E-30  2.598E-30  1.870E-30  1.303E-30  8.165E-31  4.243E-31  1.741E-31  4.438E-32  5.227E-33  1.202E-34  2.699E-37  1.867E-42  0.000E+00  0.000E+00  0.000E+00  0.000E+00
  281.5000  3.082E-26  3.016E-26  2.950E-26  2.884E-26  2.818E-26  2.751E-26  2.684E-26  2.617E-26  2.550E-26  2.482E-26  2.414E-26  2.345E-26  2.276E-26  2.206E-26  2.136E-26  2.065E-26  1.994E-26  1.922E-26  1.850E-26  1.777E-26  1.704E-26  1.631E-26  1.557E-26  1.483E-26  1.409E-26  1.335E-26  1.263E-26  1.179E-26  1.087E-26  1.008E-26  9.379E-27  8.770E-27  7.959E-27  7.290E-27  6.581E-27  5.980E-27  5.292E-27  4.675E-27  4.126E-27  3.618E-27  3.108E-27  2.628E-27  2.206E-27  1.842E-27  1.529E-27  1.197E-27  9.400E-28  6.847E-28  4.853E-28  3.125E-28  1.699E-28  7.462E-29  2.131E-29  3.015E-30  9.648E-32  3.704E-34  7.334E-39  0.000E+00  0.000E+00  0.000E+00  0.000E+00
  282.5000  3.270E-24  3.200E-24  3.130E-24  3.060E-24  2.989E-24  2.919E-24  2.848E-24  2.776E-24  2.705E-24  2.633E-24  2.560E-24  2.487E-24  2.414E-24  2.340E-24  2.266E-24  2.191E-24  2.116E-24  2.040E-24  1.963E-24  1.887E-24  1.809E-24  1.732E-24  1.653E-24  1.575E-24  1.496E-24  1.419E-24  1.342E-24  1.253E-24  1.156E-24  1.072E-24  9.979E-25  9.334E-25  8.473E-25  7.762E-25  7.009E-25  6.371E-25  5.633E-25  4.983E-25  4.399E-25  3.859E-25  3.316E-25  2.805E-25  2.356E-25  1.970E-25  1.637E-25  1.286E-25  1.015E-25  7.470E-26  5.372E-26  3.539E-26  2.000E-26  9.321E-27  2.940E-27  4.892E-28  2.099E-29  1.297E-31  6.484E-36  9.164E-43  0.000E+00  0.000E+00  0.000E+00
  283.5000  6.103E-23  5.972E-23  5.841E-23  5.710E-23  5.579E-23  5.446E-23  5.314E-23  5.181E-23  5.047E-23  4.913E-23  4.778E-23  4.642E-23  4.505E-23  4.367E-23  4.229E-23  4.089E-23  3.949E-23  3.807E-23  3.665E-23  3.521E-23  3.378E-23  3.232E-23  3.087E-23  2.941E-23  2.795E-23  2.650E-23  2.508E-23  2.342E-23  2.161E-23  2.003E-23  1.866E-23  1.745E-23  1.585E-23  1.452E-23  1.312E-23  1.192E-23  1.054E-23  9.331E-24  8.239E-24  7.228E-24  6.213E-24  5.258E-24  4.418E-24  3.695E-24  3.073E-24  2.421E-24  1.917E-24  1.420E-24  1.030E-24  6.889E-25  3.992E-25  1.933E-25  6.505E-26  1.204E-26  6.265E-28  5.297E-30  4.864E-34  1.839E-40  0.000E+00  0.000E+00  0.000E+00
  284.5000  7.769E-21  7.602E-21  7.434E-21  7.267E-21  7.099E-21  6.930E-21  6.761E-21  6.591E-21  6.421E-21  6.250E-21  6.078E-21  5.905E-21  5.731E-21  5.556E-21  5.380E-21  5.204E-21  5.026E-21  4.846E-21  4.665E-21  4.484E-21  4.301E-21  4.117E-21  3.933E-21  3.748E-21  3.563E-21  3.379E-21  3.199E-21  2.988E-21  2.758E-21  2.559E-21  2.384E-21  2.232E-21  2.027E-21  1.859E-21  1.679E-21  1.528E-21  1.351E-21  1.197E-21  1.057E-21  9.279E-22  7.980E-22  6.757E-22  5.683E-22  4.758E-22  3.963E-22  3.133E-22  2.497E-22  1.869E-22  1.377E-22  9.436E-23  5.702E-23  2.943E-23  1.104E-23  2.439E-24  1.751E-25  2.502E-27  6.433E-31  1.315E-36  1.401E-45  0.000E+00  0.000E+00
  285.5000  1.757E-19  1.719E-19  1.681E-19  1.643E-19  1.605E-19  1.567E-19  1.528E-19  1.490E-19  1.451E-19  1.412E-19  1.374E-19  1.334E-19  1.295E-19  1.256E-19  1.216E-19  1.176E-19  1.136E-19  1.095E-19  1.054E-19  1.013E-19  9.722E-20  9.308E-20  8.892E-20  8.475E-20  8.059E-20  7.645E-20  7.239E-20  6.765E-20  6.246E-20  5.795E-20  5.402E-20  5.059E-20  4.597E-20  4.217E-20  3.812E-20  3.468E-20  3.070E-20  2.719E-20  2.403E-20  2.111E-20  1.816E-20  1.539E-20  1.295E-20  1.085E-20  9.047E-21  7.173E-21  5.739E-21  4.329E-21  3.227E-21  2.252E-21  1.404E-21  7.611E-22  3.104E-22  7.877E-23  7.286E-24  1.574E-25  9.047E-29  6.778E-34  3.758E-42  0.000E+00  0.000E+00
  286.5000  8.716E-18  8.527E-18  8.337E-18  8.147E-18  7.957E-18  7.766E-18  7.575E-18  7.384E-18  7.192E-18  7.000E-18  6.806E-18  6.612E-18  6.417E-18  6.221E-18  6.024E-18  5.826E-18  5.627E-18  5.426E-18  5.224E-18  5.021E-18  4.818E-18  4.613E-18  4.407E-18  4.201E-18  3.995E-18  3.791E-18  3.590E-18  3.356E-18  3.099E-18  2.877E-18  2.682E-18  2.513E-18  2.284E-18  2.096E-18  1.895E-18  1.725E-18  1.528E-18  1.354E-18  1.197E-18  1.052E-18  9.052E-19  7.672E-19  6.460E-19  5.417E-19  4.521E-19  3.591E-19  2.883E-19  2.187E-19  1.644E-19  1.163E-19  7.426E-20  4.178E-20  1.817E-20  5.131E-21  5.778E-22  1.721E-23  1.847E-26  3.777E-31  1.059E-38  0.000E+00  0.000E+00
  287.5000  2.471E-16  2.417E-16  2.362E-16  2.308E-16  2.254E-16  2.200E-16  2.145E-16  2.091E-16  2.036E-16  1.982E-16  1.927E-16  1.871E-16  1.816E-16  1.760E-16  1.705E-16  1.649E-16  1.592E-16  1.535E-16  1.478E-16  1.421E-16  1.364E-16  1.306E-16  1.248E-16  1.189E-16  1.131E-16  1.074E-16  1.017E-16  9.510E-17  8.785E-17  8.157E-17  7.609E-17  7.130E-17  6.485E-17  5.953E-17  5.387E-17  4.906E-17  4.349E-17  3.853E-17  3.408E-17  2.997E-17  2.581E-17  2.188E-17  1.844E-17  1.547E-17  1.293E-17  1.029E-17  8.289E-18  6.327E-18  4.799E-18  3.443E-18  2.254E-18  1.319E-18  6.139E-19  1.942E-19  2.698E-20  1.134E-21  2.385E-24  1.448E-28  2.371E-35  0.000E+00  0.000E+00
  288.5000  7.104E-15  6.946E-15  6.788E-15  6.631E-15  6.474E-15  6.316E-15  6.159E-15  6.001E-15  5.843E-15  5.685E-15  5.526E-15  5.367E-15  5.208E-15  5.048E-15  4.887E-15  4.726E-15  4.564E-15  4.401E-15  4.237E-15  4.073E-15  3.908E-15  3.742E-15  3.576E-15  3.410E-15  3.244E-15  3.080E-15  2.918E-15  2.729E-15  2.522E-15  2.343E-15  2.186E-15  2.050E-15  1.865E-15  1.713E-15  1.551E-15  1.413E-15  1.253E-15  1.112E-15  9.841E-16  8.659E-16  7.461E-16  6.331E-16  5.339E-16  4.484E-16  3.750E-16  2.993E-16  2.419E-16  1.858E-16  1.423E-16  1.036E-16  6.964E-17  4.250E-17  2.128E-17  7.620E-18  1.331E-18  8.160E-20  3.603E-22  7.205E-26  8.137E-32  2.277E-41  0.000E+00
  289.5000  1.366E-13  1.335E-13  1.305E-13  1.274E-13  1.244E-13  1.213E-13  1.183E-13  1.152E-13  1.122E-13  1.091E-13  1.060E-13  1.030E-13  9.988E-14  9.680E-14  9.370E-14  9.060E-14  8.748E-14  8.435E-14  8.121E-14  7.805E-14  7.490E-14  7.173E-14  6.854E-14  6.536E-14  6.218E-14  5.904E-14  5.595E-14  5.233E-14  4.837E-14  4.494E-14  4.196E-14  3.935E-14  3.582E-14  3.292E-14  2.982E-14  2.718E-14  2.411E-14  2.140E-14  1.896E-14  1.669E-14  1.439E-14  1.222E-14  1.031E-14  8.665E-15  7.253E-15  5.798E-15  4.698E-15  3.624E-15  2.794E-15  2.056E-15  1.408E-15  8.854E-16  4.678E-16  1.835E-16  3.804E-17  3.089E-18  2.365E-20  1.136E-23  5.220E-29  1.434E-37  0.000E+00
  290.5000  1.574E-12  1.538E-12  1.502E-12  1.467E-12  1.431E-12  1.396E-12  1.360E-12  1.325E-12  1.290E-12  1.254E-12  1.219E-12  1.183E-12  1.148E-12  1.112E-12  1.076E-12  1.040E-12  1.004E-12  9.683E-13  9.321E-13  8.958E-13  8.596E-13  8.231E-13  7.866E-13  7.500E-13  7.136E-13  6.776E-13  6.422E-13  6.008E-13  5.554E-13  5.162E-13  4.820E-13  4.522E-13  4.118E-13  3.785E-13  3.430E-13  3.129E-13  2.777E-13  2.466E-13  2.186E-13  1.926E-13  1.661E-13  1.411E-13  1.191E-13  1.002E-13  8.392E-14  6.719E-14  5.455E-14  4.223E-14  3.273E-14  2.428E-14  1.688E-14  1.088E-14  6.003E-15  2.537E-15  6.052E-16  6.203E-17  7.506E-19  7.482E-22  1.112E-26  2.074E-34  1.401E-45
  291.5000  1.655E-11  1.616E-11  1.578E-11  1.540E-11  1.503E-11  1.465E-11  1.427E-11  1.389E-11  1.352E-11  1.314E-11  1.277E-11  1.239E-11  1.201E-11  1.164E-11  1.126E-11  1.088E-11  1.050E-11  1.013E-11  9.745E-12  9.364E-12  8.983E-12  8.601E-12  8.219E-12  7.837E-12  7.457E-12  7.081E-12  6.711E-12  6.280E-12  5.807E-12  5.398E-12  5.042E-12  4.732E-12  4.311E-12  3.965E-12  3.595E-12  3.281E-12  2.913E-12  2.589E-12  2.296E-12  2.025E-12  1.748E-12  1.486E-12  1.255E-12  1.057E-12  8.859E-13  7.104E-13  5.780E-13  4.493E-13  3.501E-13  2.620E-13  1.851E-13  1.224E-13  7.077E-14  3.241E-14  8.999E-15  1.188E-15  2.380E-17  5.331E-20  2.942E-24  4.711E-31  1.920E-41
  292.5000  1.069E-10  1.044E-10  1.019E-10  9.945E-11  9.696E-11  9.449E-11  9.202E-11  8.956E-11  8.710E-11  8.465E-11  8.220E-11  7.975E-11  7.731E-11  7.486E-11  7.241E-11  6.996E-11  6.751E-11  6.506E-11  6.260E-11  6.014E-11  5.768E-11  5.522E-11  5.276E-11  5.030E-11  4.786E-11  4.544E-11  4.307E-11  4.030E-11  3.727E-11  3.465E-11  3.237E-11  3.039E-11  2.770E-11  2.548E-11  2.312E-11  2.110E-11  1.875E-11  1.668E-11  1.480E-11  1.306E-11  1.128E-11  9.593E-12  8.111E-12  6.833E-12  5.734E-12  4.604E-12  3.753E-12  2.926E-12  2.291E-12  1.726E-12  1.235E-12  8.347E-13  5.014E-13  2.457E-13  7.765E-14  1.272E-14  3.910E-16  1.729E-18  2.835E-22  2.647E-28  1.678E-37
  293.5000  7.875E-10  7.686E-10  7.498E-10  7.312E-10  7.126E-10  6.941E-10  6.757E-10  6.573E-10  6.390E-10  6.207E-10  6.025E-10  5.843E-10  5.661E-10  5.480E-10  5.298E-10  5.118E-10  4.936E-10  4.755E-10  4.574E-10  4.393E-10  4.212E-10  4.031E-10  3.851E-10  3.671E-10  3.492E-10  3.315E-10  3.142E-10  2.940E-10  2.719E-10  2.528E-10  2.362E-10  2.218E-10  2.022E-10  1.861E-10  1.689E-10  1.543E-10  1.372E-10  1.221E-10  1.084E-10  9.573E-11  8.274E-11  7.042E-11  5.959E-11  5.023E-11  4.219E-11  3.392E-11  2.770E-11  2.166E-11  1.703E-11  1.291E-11  9.345E-12  6.434E-12  4.002E-12  2.084E-12  7.409E-13  1.479E-13  6.762E-15  5.638E-17  2.568E-20  1.261E-25  1.058E-33
  294.5000  3.140E-09  3.063E-09  2.987E-09  2.911E-09  2.836E-09  2.761E-09  2.686E-09  2.612E-09  2.538E-09  2.465E-09  2.391E-09  2.318E-09  2.245E-09  2.172E-09  2.099E-09  2.027E-09  1.954E-09  1.882E-09  1.810E-09  1.737E-09  1.665E-09  1.593E-09  1.521E-09  1.450E-09  1.379E-09  1.309E-09  1.240E-09  1.161E-09  1.073E-09  9.979E-10  9.326E-10  8.757E-10  7.986E-10  7.351E-10  6.674E-10  6.098E-10  5.424E-10  4.830E-10  4.292E-10  3.793E-10  3.280E-10  2.793E-10  2.365E-10  1.995E-10  1.677E-10  1.350E-10  1.104E-10  8.649E-11  6.823E-11  5.198E-11  3.797E-11  2.654E-11  1.697E-11  9.295E-12  3.641E-12  8.565E-13  5.435E-14  7.608E-16  7.924E-19  1.464E-23  9.471E-31
  295.5000  1.750E-08  1.707E-08  1.663E-08  1.620E-08  1.577E-08  1.534E-08  1.492E-08  1.450E-08  1.408E-08  1.366E-08  1.325E-08  1.283E-08  1.242E-08  1.201E-08  1.160E-08  1.120E-08  1.079E-08  1.038E-08  9.980E-09  9.577E-09  9.177E-09  8.775E-09  8.376E-09  7.979E-09  7.586E-09  7.198E-09  6.820E-09  6.380E-09  5.899E-09  5.485E-09  5.126E-09  4.813E-09  4.390E-09  4.042E-09  3.671E-09  3.356E-09  2.986E-09  2.668E-09  2.366E-09  2.092E-09  1.811E-09  1.543E-09  1.308E-09  1.104E-09  9.288E-10  7.486E-10  6.130E-10  4.815E-10  3.811E-10  2.917E-10  2.149E-10  1.524E-10  1.002E-10  5.765E-11  2.487E-11  6.896E-12  6.104E-13  1.454E-14  3.568E-17  2.625E-21  1.437E-27
  296.5000  5.997E-08  5.842E-08  5.689E-08  5.537E-08  5.386E-08  5.237E-08  5.089E-08  4.942E-08  4.796E-08  4.651E-08  4.507E-08  4.363E-08  4.221E-08  4.079E-08  3.938E-08  3.797E-08  3.657E-08  3.518E-08  3.379E-08  3.241E-08  3.106E-08  2.966E-08  2.830E-08  2.695E-08  2.561E-08  2.429E-08  2.300E-08  2.151E-08  1.989E-08  1.849E-08  1.727E-08  1.622E-08  1.479E-08  1.362E-08  1.238E-08  1.132E-08  1.007E-08  8.982E-09  7.990E-09  7.072E-09  6.125E-09  5.224E-09  4.430E-09  3.743E-09  3.151E-09  2.543E-09  2.085E-09  1.641E-09  1.303E-09  1.001E-09  7.427E-10  5.332E-10  3.586E-10  2.151E-10  1.008E-10  3.221E-11  3.803E-12  1.431E-13  7.315E-16  1.739E-19  5.743E-25
  297.5000  2.099E-07  2.043E-07  1.988E-07  1.933E-07  1.879E-07  1.826E-07  1.773E-07  1.720E-07  1.668E-07  1.616E-07  1.565E-07  1.514E-07  1.464E-07  1.413E-07  1.364E-07  1.314E-07  1.265E-07  1.216E-07  1.167E-07  1.118E-07  1.070E-07  1.022E-07  9.749E-08  9.278E-08  8.812E-08  8.354E-08  7.908E-08  7.393E-08  6.833E-08  6.349E-08  5.931E-08  5.568E-08  5.079E-08  4.677E-08  4.249E-08  3.886E-08  3.461E-08  3.085E-08  2.748E-08  2.434E-08  2.109E-08  1.800E-08  1.528E-08  1.292E-08  1.089E-08  8.794E-09  7.218E-09  5.691E-09  4.530E-09  3.490E-09  2.606E-09  1.890E-09  1.295E-09  8.047E-10  4.044E-10  1.459E-10  2.206E-11  1.233E-12  1.195E-14  7.912E-18  1.255E-22
  298.5000  4.211E-07  4.095E-07  3.981E-07  3.869E-07  3.757E-07  3.647E-07  3.538E-07  3.430E-07  3.323E-07  3.218E-07  3.114E-07  3.010E-07  2.907E-07  2.805E-07  2.704E-07  2.604E-07  2.504E-07  2.406E-07  2.307E-07  2.210E-07  2.114E-07  2.018E-07  1.922E-07  1.828E-07  1.736E-07  1.644E-07  1.556E-07  1.454E-07  1.343E-07  1.247E-07  1.165E-07  1.093E-07  9.971E-08  9.180E-08  8.342E-08  7.629E-08  6.797E-08  6.063E-08  5.401E-08  4.786E-08  4.151E-08  3.545E-08  3.011E-08  2.548E-08  2.149E-08  1.738E-08  1.428E-08  1.128E-08  8.995E-09  6.948E-09  5.215E-09  3.813E-09  2.655E-09  1.699E-09  9.058E-10  3.624E-10  6.788E-11  5.333E-12  8.963E-14  1.426E-16  8.601E-21
  299.5000  1.553E-06  1.509E-06  1.465E-06  1.422E-06  1.380E-06  1.338E-06  1.297E-06  1.256E-06  1.216E-06  1.176E-06  1.137E-06  1.098E-06  1.059E-06  1.021E-06  9.834E-07  9.462E-07  9.091E-07  8.725E-07  8.361E-07  8.002E-07  7.645E-07  7.293E-07  6.944E-07  6.599E-07  6.259E-07  5.926E-07  5.603E-07  5.232E-07  4.831E-07  4.485E-07  4.186E-07  3.927E-07  3.581E-07  3.296E-07  2.995E-07  2.738E-07  2.440E-07  2.178E-07  1.941E-07  1.721E-07  1.493E-07  1.276E-07  1.085E-07  9.188E-08  7.753E-08  6.278E-08  5.163E-08  4.084E-08  3.265E-08  2.527E-08  1.905E-08  1.403E-08  9.905E-09  6.500E-09  3.651E-09  1.602E-09  3.635E-10  3.890E-11  1.083E-12  3.873E-15  8.092E-19
  300.5000  2.174E-06  2.110E-06  2.046E-06  1.984E-06  1.923E-06  1.863E-06  1.804E-06  1.745E-06  1.687E-06  1.631E-06  1.575E-06  1.519E-06  1.465E-06  1.410E-06  1.357E-06  1.304E-06  1.252E-06  1.201E-06  1.150E-06  1.099E-06  1.050E-06  1.000E-06  9.515E-07  9.035E-07  8.564E-07  8.102E-07  7.655E-07  7.144E-07  6.592E-07  6.116E-07  5.705E-07  5.349E-07  4.876E-07  4.487E-07  4.076E-07  3.727E-07  3.322E-07  2.965E-07  2.642E-07  2.344E-07  2.035E-07  1.740E-07  1.481E-07  1.255E-07  1.060E-07  8.590E-08  7.071E-08  5.601E-08  4.485E-08  3.478E-08  2.631E-08  1.949E-08  1.390E-08  9.311E-09  5.453E-09  2.576E-09  6.832E-10  9.388E-11  3.931E-12  2.695E-14  1.507E-17
  301.5000  6.786E-06  6.576E-06  6.370E-06  6.169E-06  5.970E-06  5.775E-06  5.583E-06  5.395E-06  5.209E-06  5.027E-06  4.847E-06  4.671E-06  4.496E-06  4.325E-06  4.155E-06  3.989E-06  3.825E-06  3.662E-06  3.502E-06  3.345E-06  3.189E-06  3.036E-06  2.885E-06  2.736E-06  2.591E-06  2.449E-06  2.311E-06  2.155E-06  1.986E-06  1.841E-06  1.716E-06  1.608E-06  1.465E-06  1.347E-06  1.223E-06  1.118E-06  9.966E-07  8.897E-07  7.932E-07  7.040E-07  6.115E-07  5.233E-07  4.456E-07  3.779E-07  3.194E-07  2.592E-07  2.136E-07  1.695E-07  1.360E-07  1.057E-07  8.021E-08  5.976E-08  4.309E-08  2.944E-08  1.798E-08  9.158E-09  2.852E-09  5.085E-10  3.273E-11  4.480E-13  7.162E-16
  302.5000  1.154E-05  1.117E-05  1.081E-05  1.045E-05  1.010E-05  9.764E-06  9.429E-06  9.100E-06  8.777E-06  8.461E-06  8.149E-06  7.843E-06  7.542E-06  7.246E-06  6.955E-06  6.669E-06  6.387E-06  6.109E-06  5.836E-06  5.568E-06  5.304E-06  5.044E-06  4.788E-06  4.537E-06  4.291E-06  4.052E-06  3.821E-06  3.560E-06  3.279E-06  3.037E-06  2.829E-06  2.649E-06  2.412E-06  2.217E-06  2.012E-06  1.839E-06  1.638E-06  1.462E-06  1.304E-06  1.157E-06  1.006E-06  8.612E-07  7.337E-07  6.227E-07  5.266E-07  4.279E-07  3.528E-07  2.803E-07  2.253E-07  1.752E-07  1.333E-07  9.972E-08  7.241E-08  5.013E-08  3.148E-08  1.687E-08  5.859E-09  1.247E-09  1.075E-10  2.351E-12  7.582E-15
  303.5000  2.905E-05  2.807E-05  2.712E-05  2.619E-05  2.527E-05  2.438E-05  2.350E-05  2.265E-05  2.181E-05  2.099E-05  2.018E-05  1.939E-05  1.862E-05  1.785E-05  1.711E-05  1.638E-05  1.566E-05  1.496E-05  1.427E-05  1.359E-05  1.292E-05  1.227E-05  1.163E-05  1.101E-05  1.040E-05  9.802E-06  9.230E-06  8.589E-06  7.902E-06  7.311E-06  6.801E-06  6.361E-06  5.787E-06  5.314E-06  4.821E-06  4.402E-06  3.921E-06  3.500E-06  3.119E-06  2.771E-06  2.408E-06  2.063E-06  1.759E-06  1.494E-06  1.264E-06  1.029E-06  8.492E-07  6.756E-07  5.440E-07  4.237E-07  3.234E-07  2.429E-07  1.777E-07  1.249E-07  8.087E-08  4.588E-08  1.802E-08  4.691E-09  5.659E-10  2.126E-11  1.554E-13
  304.5000  4.028E-05  3.888E-05  3.752E-05  3.619E-05  3.489E-05  3.361E-05  3.237E-05  3.115E-05  2.996E-05  2.880E-05  2.766E-05  2.655E-05  2.546E-05  2.439E-05  2.334E-05  2.232E-05  2.132E-05  2.034E-05  1.938E-05  1.843E-05  1.751E-05  1.661E-05  1.573E-05  1.486E-05  1.403E-05  1.321E-05  1.243E-05  1.155E-05  1.062E-05  9.819E-06  9.126E-06  8.529E-06  7.754E-06  7.115E-06  6.452E-06  5.887E-06  5.243E-06  4.678E-06  4.172E-06  3.703E-06  3.219E-06  2.759E-06  2.353E-06  2.000E-06  1.694E-06  1.379E-06  1.139E-06  9.073E-07  7.316E-07  5.702E-07  4.361E-07  3.284E-07  2.414E-07  1.711E-07  1.128E-07  6.624E-08  2.802E-08  8.228E-09  1.212E-09  6.269E-11  7.407E-13
  305.5000  7.790E-05  7.502E-05  7.222E-05  6.950E-05  6.685E-05  6.427E-05  6.176E-05  5.931E-05  5.692E-05  5.460E-05  5.233E-05  5.011E-05  4.795E-05  4.583E-05  4.377E-05  4.177E-05  3.980E-05  3.789E-05  3.602E-05  3.419E-05  3.242E-05  3.068E-05  2.899E-05  2.735E-05  2.575E-05  2.421E-05  2.273E-05  2.110E-05  1.936E-05  1.787E-05  1.658E-05  1.547E-05  1.405E-05  1.287E-05  1.166E-05  1.063E-05  9.458E-06  8.435E-06  7.517E-06  6.675E-06  5.803E-06  4.975E-06  4.246E-06  3.611E-06  3.060E-06  2.496E-06  2.064E-06  1.647E-06  1.330E-06  1.038E-06  7.959E-07  6.015E-07  4.449E-07  3.189E-07  2.155E-07  1.323E-07  6.184E-08  2.142E-08  4.171E-09  3.385E-10  8.003E-12
  306.5000  9.682E-05  9.312E-05  8.954E-05  8.607E-05  8.269E-05  7.941E-05  7.622E-05  7.312E-05  7.009E-05  6.716E-05  6.430E-05  6.151E-05  5.879E-05  5.614E-05  5.356E-05  5.105E-05  4.859E-05  4.620E-05  4.387E-05  4.161E-05  3.940E-05  3.725E-05  3.516E-05  3.313E-05  3.116E-05  2.927E-05  2.746E-05  2.546E-05  2.335E-05  2.152E-05  1.996E-05  1.861E-05  1.688E-05  1.546E-05  1.399E-05  1.275E-05  1.134E-05  1.011E-05  8.989E-06  7.996E-06  6.951E-06  5.960E-06  5.089E-06  4.330E-06  3.671E-06  2.996E-06  2.479E-06  1.979E-06  1.601E-06  1.250E-06  9.596E-07  7.265E-07  5.389E-07  3.883E-07  2.653E-07  1.664E-07  8.145E-08  3.044E-08  6.725E-09  6.673E-10  2.134E-11
  307.5000  2.023E-04  1.939E-04  1.858E-04  1.781E-04  1.705E-04  1.633E-04  1.563E-04  1.495E-04  1.429E-04  1.365E-04  1.303E-04  1.243E-04  1.185E-04  1.129E-04  1.074E-04  1.021E-04  9.691E-05  9.189E-05  8.702E-05  8.230E-05  7.773E-05  7.329E-05  6.900E-05  6.484E-05  6.083E-05  5.698E-05  5.333E-05  4.933E-05  4.513E-05  4.152E-05  3.841E-05  3.573E-05  3.236E-05  2.958E-05  2.674E-05  2.432E-05  2.161E-05  1.924E-05  1.713E-05  1.521E-05  1.321E-05  1.133E-05  9.677E-06  8.238E-06  6.989E-06  5.714E-06  4.732E-06  3.785E-06  3.067E-06  2.398E-06  1.845E-06  1.401E-06  1.044E-06  7.589E-07  5.278E-07  3.423E-07  1.809E-07  7.689E-08  2.120E-08  3.023E-09  1.697E-10
  308.5000  2.645E-04  2.532E-04  2.423E-04  2.318E-04  2.217E-04  2.119E-04  2.025E-04  1.935E-04  1.847E-04  1.762E-04  1.681E-04  1.601E-04  1.524E-04  1.450E-04  1.378E-04  1.308E-04  1.241E-04  1.175E-04  1.111E-04  1.050E-04  9.904E-05  9.327E-05  8.770E-05  8.231E-05  7.714E-05  7.217E-05  6.746E-05  6.238E-05  5.697E-05  5.235E-05  4.838E-05  4.496E-05  4.069E-05  3.716E-05  3.356E-05  3.050E-05  2.708E-05  2.410E-05  2.144E-05  1.903E-05  1.654E-05  1.418E-05  1.211E-05  1.031E-05  8.753E-06  7.161E-06  5.933E-06  4.750E-06  3.853E-06  3.014E-06  2.322E-06  1.766E-06  1.319E-06  9.620E-07  6.743E-07  4.439E-07  2.425E-07  1.089E-07  3.296E-08  5.455E-09  3.827E-10
  309.5000  3.139E-04  2.994E-04  2.855E-04  2.723E-04  2.595E-04  2.473E-04  2.356E-04  2.244E-04  2.136E-04  2.032E-04  1.932E-04  1.836E-04  1.743E-04  1.653E-04  1.567E-04  1.484E-04  1.403E-04  1.326E-04  1.251E-04  1.178E-04  1.109E-04  1.041E-04  9.766E-05  9.142E-05  8.546E-05  7.976E-05  7.436E-05  6.855E-05  6.251E-05  5.731E-05  5.284E-05  4.900E-05  4.425E-05  4.033E-05  3.636E-05  3.299E-05  2.925E-05  2.601E-05  2.311E-05  2.050E-05  1.780E-05  1.526E-05  1.303E-05  1.110E-05  9.426E-06  7.722E-06  6.403E-06  5.134E-06  4.172E-06  3.267E-06  2.521E-06  1.922E-06  1.440E-06  1.056E-06  7.484E-07  5.030E-07  2.885E-07  1.407E-07  4.920E-08  1.032E-08  1.047E-09
  310.5000  5.441E-04  5.175E-04  4.921E-04  4.679E-04  4.448E-04  4.226E-04  4.015E-04  3.813E-04  3.620E-04  3.435E-04  3.258E-04  3.087E-04  2.924E-04  2.767E-04  2.616E-04  2.472E-04  2.333E-04  2.198E-04  2.069E-04  1.946E-04  1.827E-04  1.712E-04  1.602E-04  1.496E-04  1.395E-04  1.299E-04  1.209E-04  1.112E-04  1.012E-04  9.257E-05  8.517E-05  7.883E-05  7.105E-05  6.464E-05  5.818E-05  5.271E-05  4.667E-05  4.144E-05  3.680E-05  3.261E-05  2.829E-05  2.425E-05  2.071E-05  1.764E-05  1.498E-05  1.229E-05  1.019E-05  8.185E-06  6.659E-06  5.219E-06  4.035E-06  3.081E-06  2.315E-06  1.704E-06  1.218E-06  8.312E-07  4.939E-07  2.561E-07  9.952E-08  2.483E-08  3.289E-09
  311.5000  8.312E-04  7.890E-04  7.488E-04  7.106E-04  6.740E-04  6.391E-04  6.059E-04  5.742E-04  5.440E-04  5.151E-04  4.875E-04  4.611E-04  4.359E-04  4.117E-04  3.885E-04  3.664E-04  3.451E-04  3.247E-04  3.051E-04  2.863E-04  2.684E-04  2.511E-04  2.346E-04  2.187E-04  2.036E-04  1.893E-04  1.758E-04  1.615E-04  1.467E-04  1.340E-04  1.231E-04  1.137E-04  1.024E-04  9.298E-05  8.358E-05  7.562E-05  6.688E-05  5.933E-05  5.263E-05  4.663E-05  4.042E-05  3.462E-05  2.957E-05  2.519E-05  2.139E-05  1.755E-05  1.457E-05  1.171E-05  9.538E-06  7.481E-06  5.791E-06  4.427E-06  3.332E-06  2.460E-06  1.767E-06  1.218E-06  7.402E-07  3.990E-07  1.660E-07  4.634E-08  7.297E-09
  312.5000  1.155E-03  1.093E-03  1.034E-03  9.774E-04  9.237E-04  8.726E-04  8.239E-04  7.776E-04  7.336E-04  6.918E-04  6.519E-04  6.140E-04  5.779E-04  5.435E-04  5.108E-04  4.797E-04  4.500E-04  4.216E-04  3.946E-04  3.689E-04  3.444E-04  3.210E-04  2.987E-04  2.775E-04  2.573E-04  2.383E-04  2.205E-04  2.017E-04  1.826E-04  1.662E-04  1.521E-04  1.400E-04  1.256E-04  1.137E-04  1.019E-04  9.187E-05  8.104E-05  7.172E-05  6.348E-05  5.613E-05  4.858E-05  4.157E-05  3.547E-05  3.021E-05  2.565E-05  2.107E-05  1.751E-05  1.409E-05  1.150E-05  9.033E-06  7.008E-06  5.372E-06  4.056E-06  3.007E-06  2.178E-06  1.525E-06  9.617E-07  5.527E-07  2.584E-07  8.769E-08  1.875E-08
  313.5000  1.432E-03  1.354E-03  1.280E-03  1.210E-03  1.142E-03  1.078E-03  1.017E-03  9.593E-04  9.041E-04  8.518E-04  8.019E-04  7.545E-04  7.095E-04  6.666E-04  6.258E-04  5.872E-04  5.502E-04  5.151E-04  4.817E-04  4.498E-04  4.196E-04  3.907E-04  3.632E-04  3.369E-04  3.124E-04  2.890E-04  2.671E-04  2.442E-04  2.209E-04  2.008E-04  1.836E-04  1.689E-04  1.513E-04  1.369E-04  1.225E-04  1.104E-04  9.733E-05  8.607E-05  7.613E-05  6.730E-05  5.821E-05  4.978E-05  4.247E-05  3.616E-05  3.071E-05  2.524E-05  2.097E-05  1.689E-05  1.379E-05  1.084E-05  8.416E-06  6.456E-06  4.880E-06  3.624E-06  2.632E-06  1.852E-06  1.181E-06  6.918E-07  3.343E-07  1.196E-07  2.762E-08
  314.5000  2.054E-03  1.940E-03  1.831E-03  1.728E-03  1.628E-03  1.533E-03  1.442E-03  1.356E-03  1.274E-03  1.196E-03  1.122E-03  1.051E-03  9.842E-04  9.208E-04  8.606E-04  8.038E-04  7.497E-04  6.986E-04  6.502E-04  6.045E-04  5.610E-04  5.200E-04  4.812E-04  4.446E-04  4.101E-04  3.777E-04  3.475E-04  3.163E-04  2.848E-04  2.578E-04  2.346E-04  2.148E-04  1.917E-04  1.726E-04  1.540E-04  1.382E-04  1.213E-04  1.069E-04  9.428E-05  8.316E-05  7.172E-05  6.121E-05  5.215E-05  4.435E-05  3.764E-05  3.095E-05  2.573E-05  2.076E-05  1.697E-05  1.336E-05  1.040E-05  8.002E-06  6.066E-06  4.524E-06  3.307E-06  2.354E-06  1.545E-06  9.511E-07  5.040E-07  2.113E-07  6.274E-08
  315.5000  2.259E-03  2.134E-03  2.014E-03  1.900E-03  1.790E-03  1.685E-03  1.585E-03  1.490E-03  1.399E-03  1.313E-03  1.231E-03  1.153E-03  1.080E-03  1.009E-03  9.430E-04  8.803E-04  8.207E-04  7.642E-04  7.109E-04  6.603E-04  6.127E-04  5.676E-04  5.249E-04  4.847E-04  4.468E-04  4.113E-04  3.782E-04  3.440E-04  3.096E-04  2.800E-04  2.547E-04  2.331E-04  2.078E-04  1.870E-04  1.667E-04  1.495E-04  1.312E-04  1.155E-04  1.018E-04  8.974E-05  7.737E-05  6.600E-05  5.621E-05  4.779E-05  4.056E-05  3.335E-05  2.773E-05  2.239E-05  1.831E-05  1.443E-05  1.124E-05  8.650E-06  6.564E-06  4.901E-06  3.590E-06  2.564E-06  1.696E-06  1.057E-06  5.724E-07  2.483E-07  7.734E-08
  316.5000  3.102E-03  2.933E-03  2.770E-03  2.614E-03  2.463E-03  2.319E-03  2.181E-03  2.048E-03  1.922E-03  1.801E-03  1.686E-03  1.576E-03  1.472E-03  1.373E-03  1.279E-03  1.190E-03  1.105E-03  1.026E-03  9.503E-04  8.793E-04  8.124E-04  7.493E-04  6.900E-04  6.343E-04  5.821E-04  5.334E-04  4.883E-04  4.422E-04  3.961E-04  3.566E-04  3.229E-04  2.941E-04  2.611E-04  2.339E-04  2.075E-04  1.852E-04  1.619E-04  1.420E-04  1.247E-04  1.096E-04  9.413E-05  8.006E-05  6.803E-05  5.774E-05  4.893E-05  4.024E-05  3.345E-05  2.704E-05  2.214E-05  1.747E-05  1.365E-05  1.053E-05  8.017E-06  6.007E-06  4.424E-06  3.188E-06  2.152E-06  1.390E-06  8.052E-07  3.924E-07  1.477E-07
  317.5000  4.385E-03  4.146E-03  3.916E-03  3.695E-03  3.483E-03  3.278E-03  3.083E-03  2.896E-03  2.717E-03  2.546E-03  2.384E-03  2.229E-03  2.081E-03  1.941E-03  1.808E-03  1.683E-03  1.563E-03  1.451E-03  1.344E-03  1.244E-03  1.150E-03  1.061E-03  9.768E-04  8.981E-04  8.244E-04  7.556E-04  6.918E-04  6.266E-04  5.615E-04  5.056E-04  4.578E-04  4.171E-04  3.704E-04  3.318E-04  2.944E-04  2.629E-04  2.298E-04  2.016E-04  1.770E-04  1.557E-04  1.336E-04  1.137E-04  9.658E-05  8.197E-05  6.947E-05  5.713E-05  4.750E-05  3.840E-05  3.145E-05  2.483E-05  1.939E-05  1.497E-05  1.140E-05  8.545E-06  6.297E-06  4.543E-06  3.073E-06  1.992E-06  1.160E-06  5.693E-07  2.155E-07
  318.5000  4.761E-03  4.513E-03  4.272E-03  4.040E-03  3.815E-03  3.598E-03  3.388E-03  3.187E-03  2.993E-03  2.807E-03  2.628E-03  2.457E-03  2.294E-03  2.138E-03  1.990E-03  1.849E-03  1.715E-03  1.587E-03  1.467E-03  1.354E-03  1.247E-03  1.146E-03  1.051E-03  9.627E-04  8.799E-04  8.028E-04  7.317E-04  6.595E-04  5.881E-04  5.270E-04  4.747E-04  4.303E-04  3.801E-04  3.388E-04  2.990E-04  2.656E-04  2.309E-04  2.016E-04  1.762E-04  1.541E-04  1.319E-04  1.117E-04  9.461E-05  8.008E-05  6.771E-05  5.563E-05  4.621E-05  3.738E-05  3.064E-05  2.423E-05  1.898E-05  1.470E-05  1.123E-05  8.451E-06  6.260E-06  4.552E-06  3.134E-06  2.093E-06  1.290E-06  6.994E-07  3.122E-07
  319.5000  6.189E-03  5.870E-03  5.561E-03  5.262E-03  4.972E-03  4.692E-03  4.421E-03  4.160E-03  3.908E-03  3.668E-03  3.436E-03  3.213E-03  3.000E-03  2.797E-03  2.603E-03  2.419E-03  2.244E-03  2.077E-03  1.920E-03  1.771E-03  1.631E-03  1.499E-03  1.374E-03  1.258E-03  1.149E-03  1.048E-03  9.543E-04  8.597E-04  7.661E-04  6.859E-04  6.174E-04  5.593E-04  4.936E-04  4.395E-04  3.876E-04  3.440E-04  2.988E-04  2.606E-04  2.275E-04  1.991E-04  1.701E-04  1.439E-04  1.217E-04  1.030E-04  8.702E-05  7.147E-05  5.936E-05  4.802E-05  3.938E-05  3.116E-05  2.442E-05  1.893E-05  1.448E-05  1.091E-05  8.092E-06  5.898E-06  4.079E-06  2.745E-06  1.716E-06  9.518E-07  4.398E-07
  320.5000  8.139E-03  7.726E-03  7.325E-03  6.936E-03  6.559E-03  6.193E-03  5.840E-03  5.499E-03  5.169E-03  4.853E-03  4.548E-03  4.256E-03  3.975E-03  3.707E-03  3.450E-03  3.207E-03  2.974E-03  2.753E-03  2.544E-03  2.345E-03  2.159E-03  1.983E-03  1.817E-03  1.662E-03  1.516E-03  1.381E-03  1.257E-03  1.131E-03  1.007E-03  9.002E-04  8.093E-04  7.321E-04  6.452E-04  5.737E-04  5.053E-04  4.477E-04  3.883E-04  3.382E-04  2.948E-04  2.572E-04  2.198E-04  1.857E-04  1.569E-04  1.326E-04  1.120E-04  9.193E-05  7.632E-05  6.175E-05  5.064E-05  4.008E-05  3.144E-05  2.439E-05  1.867E-05  1.408E-05  1.047E-05  7.644E-06  5.310E-06  3.597E-06  2.278E-06  1.292E-06  6.193E-07
  321.5000  9.572E-03  9.128E-03  8.693E-03  8.269E-03  7.854E-03  7.450E-03  7.055E-03  6.672E-03  6.299E-03  5.938E-03  5.587E-03  5.247E-03  4.919E-03  4.602E-03  4.297E-03  4.005E-03  3.723E-03  3.454E-03  3.196E-03  2.951E-03  2.718E-03  2.497E-03  2.288E-03  2.091E-03  1.906E-03  1.734E-03  1.574E-03  1.412E-03  1.254E-03  1.116E-03  9.993E-04  9.003E-04  7.895E-04  6.985E-04  6.119E-04  5.391E-04  4.647E-04  4.022E-04  3.485E-04  3.024E-04  2.569E-04  2.155E-04  1.811E-04  1.522E-04  1.280E-04  1.047E-04  8.668E-05  7.006E-05  5.743E-05  4.552E-05  3.580E-05  2.788E-05  2.143E-05  1.625E-05  1.215E-05  8.945E-06  6.311E-06  4.378E-06  2.905E-06  1.783E-06  9.786E-07
  322.5000  7.470E-03  7.096E-03  6.733E-03  6.381E-03  6.039E-03  5.706E-03  5.384E-03  5.073E-03  4.772E-03  4.483E-03  4.204E-03  3.935E-03  3.677E-03  3.430E-03  3.194E-03  2.969E-03  2.754E-03  2.549E-03  2.355E-03  2.172E-03  1.998E-03  1.835E-03  1.681E-03  1.536E-03  1.401E-03  1.276E-03  1.160E-03  1.043E-03  9.276E-04  8.287E-04  7.444E-04  6.728E-04  5.923E-04  5.261E-04  4.629E-04  4.097E-04  3.549E-04  3.087E-04  2.688E-04  2.342E-04  2.000E-04  1.687E-04  1.424E-04  1.202E-04  1.014E-04  8.324E-05  6.908E-05  5.589E-05  4.585E-05  3.631E-05  2.851E-05  2.214E-05  1.697E-05  1.282E-05  9.542E-06  6.987E-06  4.879E-06  3.332E-06  2.141E-06  1.243E-06  6.183E-07
  323.5000  1.153E-02  1.102E-02  1.052E-02  1.003E-02  9.553E-03  9.084E-03  8.625E-03  8.176E-03  7.739E-03  7.314E-03  6.899E-03  6.495E-03  6.104E-03  5.725E-03  5.358E-03  5.004E-03  4.663E-03  4.334E-03  4.019E-03  3.717E-03  3.430E-03  3.155E-03  2.894E-03  2.648E-03  2.415E-03  2.198E-03  1.996E-03  1.790E-03  1.586E-03  1.412E-03  1.264E-03  1.137E-03  9.954E-04  8.791E-04  7.683E-04  6.754E-04  5.805E-04  5.010E-04  4.328E-04  3.745E-04  3.171E-04  2.649E-04  2.218E-04  1.858E-04  1.558E-04  1.271E-04  1.050E-04  8.477E-05  6.944E-05  5.504E-05  4.333E-05  3.380E-05  2.605E-05  1.981E-05  1.486E-05  1.099E-05  7.809E-06  5.474E-06  3.704E-06  2.348E-06  1.363E-06
  324.5000  1.332E-02  1.273E-02  1.215E-02  1.158E-02  1.102E-02  1.048E-02  9.945E-03  9.425E-03  8.918E-03  8.425E-03  7.945E-03  7.478E-03  7.026E-03  6.587E-03  6.163E-03  5.755E-03  5.361E-03  4.982E-03  4.619E-03  4.271E-03  3.940E-03  3.624E-03  3.324E-03  3.040E-03  2.774E-03  2.524E-03  2.292E-03  2.056E-03  1.823E-03  1.623E-03  1.452E-03  1.307E-03  1.145E-03  1.012E-03  8.845E-04  7.780E-04  6.690E-04  5.777E-04  4.994E-04  4.322E-04  3.662E-04  3.061E-04  2.565E-04  2.150E-04  1.803E-04  1.472E-04  1.217E-04  9.822E-05  8.049E-05  6.380E-05  5.024E-05  3.919E-05  3.020E-05  2.296E-05  1.723E-05  1.274E-05  9.055E-06  6.350E-06  4.297E-06  2.723E-06  1.576E-06
  325.5000  1.414E-02  1.350E-02  1.287E-02  1.226E-02  1.165E-02  1.107E-02  1.049E-02  9.934E-03  9.389E-03  8.861E-03  8.346E-03  7.848E-03  7.364E-03  6.897E-03  6.446E-03  6.013E-03  5.595E-03  5.195E-03  4.811E-03  4.444E-03  4.096E-03  3.765E-03  3.450E-03  3.154E-03  2.875E-03  2.615E-03  2.374E-03  2.129E-03  1.887E-03  1.680E-03  1.504E-03  1.354E-03  1.186E-03  1.048E-03  9.171E-04  8.071E-04  6.946E-04  6.003E-04  5.194E-04  4.503E-04  3.815E-04  3.193E-04  2.678E-04  2.248E-04  1.887E-04  1.542E-04  1.275E-04  1.030E-04  8.441E-05  6.691E-05  5.267E-05  4.107E-05  3.163E-05  2.403E-05  1.801E-05  1.330E-05  9.436E-06  6.599E-06  4.441E-06  2.789E-06  1.587E-06
  326.5000  2.275E-02  2.183E-02  2.092E-02  2.003E-02  1.915E-02  1.829E-02  1.744E-02  1.660E-02  1.579E-02  1.499E-02  1.420E-02  1.343E-02  1.268E-02  1.195E-02  1.124E-02  1.055E-02  9.875E-03  9.222E-03  8.591E-03  7.982E-03  7.398E-03  6.835E-03  6.296E-03  5.781E-03  5.293E-03  4.833E-03  4.402E-03  3.957E-03  3.511E-03  3.130E-03  2.805E-03  2.527E-03  2.212E-03  1.953E-03  1.705E-03  1.497E-03  1.283E-03  1.104E-03  9.510E-04  8.199E-04  6.917E-04  5.742E-04  4.782E-04  3.986E-04  3.326E-04  2.701E-04  2.222E-04  1.788E-04  1.462E-04  1.158E-04  9.121E-05  7.130E-05  5.515E-05  4.212E-05  3.178E-05  2.365E-05  1.698E-05  1.207E-05  8.380E-06  5.529E-06  3.443E-06
  327.5000  1.931E-02  1.849E-02  1.769E-02  1.691E-02  1.613E-02  1.538E-02  1.463E-02  1.390E-02  1.319E-02  1.250E-02  1.182E-02  1.115E-02  1.051E-02  9.878E-03  9.267E-03  8.677E-03  8.105E-03  7.552E-03  7.019E-03  6.507E-03  6.016E-03  5.546E-03  5.098E-03  4.672E-03  4.269E-03  3.891E-03  3.538E-03  3.177E-03  2.813E-03  2.508E-03  2.245E-03  2.022E-03  1.769E-03  1.562E-03  1.364E-03  1.198E-03  1.028E-03  8.859E-04  7.641E-04  6.598E-04  5.575E-04  4.641E-04  3.874E-04  3.237E-04  2.707E-04  2.203E-04  1.817E-04  1.464E-04  1.198E-04  9.496E-05  7.482E-05  5.845E-05  4.516E-05  3.444E-05  2.593E-05  1.926E-05  1.378E-05  9.755E-06  6.718E-06  4.377E-06  2.659E-06
  328.5000  1.788E-02  1.713E-02  1.639E-02  1.566E-02  1.494E-02  1.424E-02  1.355E-02  1.288E-02  1.222E-02  1.157E-02  1.094E-02  1.033E-02  9.728E-03  9.145E-03  8.579E-03  8.033E-03  7.502E-03  6.989E-03  6.495E-03  6.020E-03  5.565E-03  5.129E-03  4.714E-03  4.319E-03  3.946E-03  3.595E-03  3.268E-03  2.933E-03  2.601E-03  2.314E-03  2.071E-03  1.864E-03  1.630E-03  1.439E-03  1.256E-03  1.103E-03  9.459E-04  8.146E-04  7.023E-04  6.062E-04  5.120E-04  4.260E-04  3.555E-04  2.970E-04  2.482E-04  2.020E-04  1.665E-04  1.342E-04  1.098E-04  8.700E-05  6.854E-05  5.355E-05  4.137E-05  3.155E-05  2.376E-05  1.765E-05  1.263E-05  8.942E-06  6.160E-06  4.015E-06  2.443E-06
  329.5000  2.877E-02  2.768E-02  2.659E-02  2.553E-02  2.447E-02  2.343E-02  2.240E-02  2.139E-02  2.040E-02  1.942E-02  1.846E-02  1.752E-02  1.660E-02  1.569E-02  1.481E-02  1.394E-02  1.310E-02  1.228E-02  1.148E-02  1.071E-02  9.958E-03  9.234E-03  8.537E-03  7.868E-03  7.229E-03  6.622E-03  6.053E-03  5.455E-03  4.851E-03  4.334E-03  3.894E-03  3.519E-03  3.083E-03  2.726E-03  2.382E-03  2.094E-03  1.794E-03  1.543E-03  1.328E-03  1.144E-03  9.635E-04  7.966E-04  6.613E-04  5.496E-04  4.571E-04  3.698E-04  3.035E-04  2.434E-04  1.988E-04  1.571E-04  1.237E-04  9.680E-05  7.501E-05  5.745E-05  4.350E-05  3.253E-05  2.350E-05  1.682E-05  1.184E-05  7.962E-06  5.135E-06
  330.5000  2.391E-02  2.296E-02  2.202E-02  2.109E-02  2.018E-02  1.928E-02  1.840E-02  1.753E-02  1.668E-02  1.585E-02  1.503E-02  1.422E-02  1.344E-02  1.268E-02  1.193E-02  1.120E-02  1.050E-02  9.812E-03  9.148E-03  8.507E-03  7.890E-03  7.295E-03  6.724E-03  6.180E-03  5.662E-03  5.173E-03  4.715E-03  4.240E-03  3.763E-03  3.356E-03  3.008E-03  2.712E-03  2.374E-03  2.096E-03  1.830E-03  1.607E-03  1.377E-03  1.184E-03  1.020E-03  8.789E-04  7.410E-04  6.142E-04  5.109E-04  4.255E-04  3.546E-04  2.877E-04  2.365E-04  1.901E-04  1.554E-04  1.230E-04  9.689E-05  7.578E-05  5.866E-05  4.486E-05  3.390E-05  2.528E-05  1.820E-05  1.298E-05  9.068E-06  6.033E-06  3.811E-06
  331.5000  2.321E-02  2.227E-02  2.135E-02  2.045E-02  1.955E-02  1.868E-02  1.781E-02  1.696E-02  1.613E-02  1.532E-02  1.452E-02  1.374E-02  1.297E-02  1.223E-02  1.150E-02  1.080E-02  1.011E-02  9.443E-03  8.798E-03  8.176E-03  7.578E-03  7.002E-03  6.450E-03  5.924E-03  5.424E-03  4.952E-03  4.511E-03  4.054E-03  3.597E-03  3.205E-03  2.872E-03  2.588E-03  2.264E-03  1.998E-03  1.744E-03  1.531E-03  1.312E-03  1.128E-03  9.712E-04  8.368E-04  7.056E-04  5.851E-04  4.868E-04  4.055E-04  3.380E-04  2.743E-04  2.255E-04  1.813E-04  1.482E-04  1.173E-04  9.244E-05  7.229E-05  5.595E-05  4.278E-05  3.231E-05  2.409E-05  1.733E-05  1.235E-05  8.616E-06  5.721E-06  3.600E-06
  332.5000  2.677E-02  2.577E-02  2.479E-02  2.382E-02  2.286E-02  2.191E-02  2.097E-02  2.005E-02  1.914E-02  1.825E-02  1.737E-02  1.651E-02  1.566E-02  1.482E-02  1.401E-02  1.321E-02  1.243E-02  1.167E-02  1.093E-02  1.021E-02  9.508E-03  8.831E-03  8.177E-03  7.548E-03  6.947E-03  6.374E-03  5.835E-03  5.266E-03  4.688E-03  4.194E-03  3.773E-03  3.414E-03  2.993E-03  2.650E-03  2.317E-03  2.038E-03  1.746E-03  1.502E-03  1.293E-03  1.113E-03  9.373E-04  7.737E-04  6.413E-04  5.323E-04  4.422E-04  3.571E-04  2.926E-04  2.344E-04  1.912E-04  1.510E-04  1.188E-04  9.299E-05  7.211E-05  5.531E-05  4.195E-05  3.143E-05  2.277E-05  1.635E-05  1.158E-05  7.840E-06  5.126E-06
  333.5000  2.351E-02  2.261E-02  2.171E-02  2.083E-02  1.996E-02  1.910E-02  1.825E-02  1.742E-02  1.660E-02  1.580E-02  1.501E-02  1.424E-02  1.348E-02  1.273E-02  1.201E-02  1.130E-02  1.061E-02  9.935E-03  9.282E-03  8.648E-03  8.038E-03  7.447E-03  6.878E-03  6.334E-03  5.814E-03  5.322E-03  4.859E-03  4.376E-03  3.888E-03  3.472E-03  3.116E-03  2.814E-03  2.464E-03  2.177E-03  1.901E-03  1.670E-03  1.430E-03  1.230E-03  1.058E-03  9.114E-04  7.674E-04  6.345E-04  5.267E-04  4.377E-04  3.641E-04  2.946E-04  2.418E-04  1.939E-04  1.584E-04  1.252E-04  9.859E-05  7.713E-05  5.977E-05  4.579E-05  3.467E-05  2.593E-05  1.874E-05  1.342E-05  9.449E-06  6.354E-06  4.097E-06
  334.5000  2.722E-02  2.619E-02  2.517E-02  2.417E-02  2.318E-02  2.220E-02  2.123E-02  2.028E-02  1.935E-02  1.843E-02  1.752E-02  1.663E-02  1.576E-02  1.491E-02  1.407E-02  1.326E-02  1.246E-02  1.168E-02  1.092E-02  1.019E-02  9.482E-03  8.794E-03  8.132E-03  7.497E-03  6.890E-03  6.313E-03  5.771E-03  5.202E-03  4.625E-03  4.133E-03  3.713E-03  3.355E-03  2.939E-03  2.599E-03  2.270E-03  1.995E-03  1.709E-03  1.469E-03  1.264E-03  1.088E-03  9.157E-04  7.562E-04  6.270E-04  5.206E-04  4.326E-04  3.496E-04  2.866E-04  2.296E-04  1.874E-04  1.480E-04  1.165E-04  9.117E-05  7.068E-05  5.418E-05  4.107E-05  3.075E-05  2.226E-05  1.597E-05  1.128E-05  7.620E-06  4.955E-06
  335.5000  2.979E-02  2.871E-02  2.764E-02  2.658E-02  2.554E-02  2.450E-02  2.348E-02  2.247E-02  2.148E-02  2.050E-02  1.954E-02  1.859E-02  1.765E-02  1.674E-02  1.584E-02  1.496E-02  1.409E-02  1.325E-02  1.242E-02  1.162E-02  1.084E-02  1.009E-02  9.356E-03  8.650E-03  7.973E-03  7.328E-03  6.719E-03  6.072E-03  5.411E-03  4.847E-03  4.366E-03  3.957E-03  3.473E-03  3.078E-03  2.693E-03  2.371E-03  2.032E-03  1.748E-03  1.505E-03  1.296E-03  1.091E-03  8.989E-04  7.442E-04  6.169E-04  5.119E-04  4.126E-04  3.377E-04  2.700E-04  2.201E-04  1.736E-04  1.365E-04  1.068E-04  8.288E-05  6.363E-05  4.833E-05  3.629E-05  2.635E-05  1.898E-05  1.350E-05  9.195E-06  6.078E-06
  336.5000  2.279E-02  2.195E-02  2.112E-02  2.031E-02  1.950E-02  1.870E-02  1.791E-02  1.713E-02  1.636E-02  1.561E-02  1.486E-02  1.413E-02  1.341E-02  1.271E-02  1.201E-02  1.134E-02  1.067E-02  1.003E-02  9.394E-03  8.780E-03  8.184E-03  7.606E-03  7.048E-03  6.510E-03  5.995E-03  5.504E-03  5.041E-03  4.552E-03  4.053E-03  3.627E-03  3.264E-03  2.955E-03  2.592E-03  2.295E-03  2.007E-03  1.765E-03  1.512E-03  1.300E-03  1.119E-03  9.635E-04  8.107E-04  6.683E-04  5.534E-04  4.589E-04  3.808E-04  3.071E-04  2.514E-04  2.011E-04  1.640E-04  1.294E-04  1.018E-04  7.964E-05  6.178E-05  4.741E-05  3.600E-05  2.701E-05  1.960E-05  1.411E-05  1.002E-05  6.812E-06  4.488E-06
  337.5000  2.373E-02  2.283E-02  2.195E-02  2.107E-02  2.021E-02  1.935E-02  1.851E-02  1.768E-02  1.686E-02  1.606E-02  1.527E-02  1.450E-02  1.374E-02  1.299E-02  1.226E-02  1.155E-02  1.086E-02  1.018E-02  9.517E-03  8.877E-03  8.258E-03  7.659E-03  7.081E-03  6.527E-03  5.997E-03  5.494E-03  5.022E-03  4.525E-03  4.023E-03  3.594E-03  3.228E-03  2.916E-03  2.554E-03  2.257E-03  1.972E-03  1.732E-03  1.483E-03  1.274E-03  1.096E-03  9.434E-04  7.938E-04  6.552E-04  5.431E-04  4.507E-04  3.744E-04  3.024E-04  2.478E-04  1.985E-04  1.619E-04  1.279E-04  1.007E-04  7.876E-05  6.106E-05  4.682E-05  3.550E-05  2.660E-05  1.927E-05  1.383E-05  9.788E-06  6.621E-06  4.318E-06
  338.5000  2.716E-02  2.617E-02  2.520E-02  2.424E-02  2.329E-02  2.235E-02  2.142E-02  2.050E-02  1.959E-02  1.870E-02  1.783E-02  1.696E-02  1.611E-02  1.527E-02  1.445E-02  1.365E-02  1.287E-02  1.210E-02  1.135E-02  1.061E-02  9.904E-03  9.213E-03  8.545E-03  7.901E-03  7.283E-03  6.693E-03  6.137E-03  5.546E-03  4.942E-03  4.426E-03  3.987E-03  3.613E-03  3.170E-03  2.809E-03  2.457E-03  2.162E-03  1.853E-03  1.593E-03  1.371E-03  1.181E-03  9.932E-04  8.180E-04  6.768E-04  5.607E-04  4.650E-04  3.745E-04  3.063E-04  2.447E-04  1.994E-04  1.572E-04  1.236E-04  9.671E-05  7.503E-05  5.762E-05  4.379E-05  3.290E-05  2.391E-05  1.723E-05  1.228E-05  8.374E-06  5.552E-06
  339.5000  2.987E-02  2.879E-02  2.772E-02  2.667E-02  2.563E-02  2.460E-02  2.359E-02  2.258E-02  2.159E-02  2.062E-02  1.966E-02  1.871E-02  1.778E-02  1.686E-02  1.596E-02  1.508E-02  1.422E-02  1.337E-02  1.255E-02  1.174E-02  1.096E-02  1.020E-02  9.464E-03  8.755E-03  8.073E-03  7.422E-03  6.808E-03  6.155E-03  5.486E-03  4.915E-03  4.428E-03  4.015E-03  3.523E-03  3.122E-03  2.732E-03  2.405E-03  2.061E-03  1.772E-03  1.525E-03  1.313E-03  1.104E-03  9.091E-04  7.519E-04  6.226E-04  5.161E-04  4.155E-04  3.397E-04  2.713E-04  2.209E-04  1.741E-04  1.369E-04  1.071E-04  8.307E-05  6.381E-05  4.851E-05  3.647E-05  2.652E-05  1.913E-05  1.364E-05  9.316E-06  6.193E-06
  340.5000  3.103E-02  2.989E-02  2.877E-02  2.766E-02  2.656E-02  2.547E-02  2.440E-02  2.335E-02  2.230E-02  2.128E-02  2.027E-02  1.927E-02  1.830E-02  1.734E-02  1.640E-02  1.548E-02  1.457E-02  1.369E-02  1.283E-02  1.199E-02  1.118E-02  1.039E-02  9.632E-03  8.899E-03  8.195E-03  7.525E-03  6.893E-03  6.223E-03  5.541E-03  4.958E-03  4.462E-03  4.040E-03  3.542E-03  3.135E-03  2.741E-03  2.410E-03  2.064E-03  1.774E-03  1.526E-03  1.313E-03  1.105E-03  9.097E-04  7.526E-04  6.235E-04  5.170E-04  4.165E-04  3.407E-04  2.723E-04  2.218E-04  1.749E-04  1.375E-04  1.076E-04  8.348E-05  6.409E-05  4.869E-05  3.657E-05  2.657E-05  1.914E-05  1.363E-05  9.286E-06  6.145E-06
  341.5000  2.874E-02  2.771E-02  2.669E-02  2.569E-02  2.469E-02  2.371E-02  2.273E-02  2.177E-02  2.082E-02  1.989E-02  1.897E-02  1.806E-02  1.717E-02  1.629E-02  1.543E-02  1.458E-02  1.375E-02  1.294E-02  1.215E-02  1.137E-02  1.062E-02  9.889E-03  9.180E-03  8.495E-03  7.838E-03  7.209E-03  6.616E-03  5.983E-03  5.334E-03  4.781E-03  4.309E-03  3.909E-03  3.431E-03  3.042E-03  2.662E-03  2.344E-03  2.008E-03  1.727E-03  1.487E-03  1.280E-03  1.076E-03  8.855E-04  7.320E-04  6.058E-04  5.020E-04  4.038E-04  3.299E-04  2.633E-04  2.144E-04  1.688E-04  1.327E-04  1.038E-04  8.054E-05  6.188E-05  4.707E-05  3.541E-05  2.577E-05  1.860E-05  1.330E-05  9.093E-06  6.066E-06
  342.5000  3.210E-02  3.095E-02  2.982E-02  2.871E-02  2.760E-02  2.650E-02  2.542E-02  2.435E-02  2.330E-02  2.226E-02  2.123E-02  2.022E-02  1.922E-02  1.824E-02  1.728E-02  1.634E-02  1.541E-02  1.451E-02  1.362E-02  1.276E-02  1.192E-02  1.110E-02  1.031E-02  9.541E-03  8.805E-03  8.102E-03  7.437E-03  6.728E-03  5.999E-03  5.378E-03  4.849E-03  4.399E-03  3.862E-03  3.424E-03  2.997E-03  2.640E-03  2.262E-03  1.945E-03  1.674E-03  1.441E-03  1.212E-03  9.968E-04  8.236E-04  6.815E-04  5.645E-04  4.539E-04  3.707E-04  2.957E-04  2.407E-04  1.895E-04  1.489E-04  1.164E-04  9.036E-05  6.944E-05  5.284E-05  3.976E-05  2.895E-05  2.091E-05  1.496E-05  1.024E-05  6.844E-06
  343.5000  3.290E-02  3.172E-02  3.055E-02  2.939E-02  2.825E-02  2.712E-02  2.600E-02  2.490E-02  2.381E-02  2.274E-02  2.168E-02  2.064E-02  1.961E-02  1.860E-02  1.761E-02  1.664E-02  1.569E-02  1.476E-02  1.385E-02  1.297E-02  1.210E-02  1.127E-02  1.045E-02  9.672E-03  8.919E-03  8.201E-03  7.522E-03  6.800E-03  6.060E-03  5.429E-03  4.891E-03  4.434E-03  3.890E-03  3.447E-03  3.015E-03  2.654E-03  2.273E-03  1.954E-03  1.681E-03  1.446E-03  1.216E-03  1.000E-03  8.266E-04  6.840E-04  5.665E-04  4.556E-04  3.722E-04  2.970E-04  2.417E-04  1.903E-04  1.496E-04  1.170E-04  9.077E-05  6.974E-05  5.305E-05  3.991E-05  2.905E-05  2.097E-05  1.499E-05  1.025E-05  6.841E-06
  344.5000  2.272E-02  2.189E-02  2.108E-02  2.027E-02  1.948E-02  1.869E-02  1.791E-02  1.715E-02  1.639E-02  1.564E-02  1.491E-02  1.418E-02  1.347E-02  1.277E-02  1.209E-02  1.142E-02  1.076E-02  1.011E-02  9.483E-03  8.870E-03  8.275E-03  7.697E-03  7.137E-03  6.598E-03  6.080E-03  5.586E-03  5.120E-03  4.625E-03  4.119E-03  3.687E-03  3.319E-03  3.006E-03  2.636E-03  2.334E-03  2.041E-03  1.795E-03  1.537E-03  1.321E-03  1.136E-03  9.771E-04  8.213E-04  6.756E-04  5.583E-04  4.620E-04  3.827E-04  3.079E-04  2.516E-04  2.008E-04  1.635E-04  1.287E-04  1.012E-04  7.914E-05  6.140E-05  4.717E-05  3.587E-05  2.697E-05  1.962E-05  1.416E-05  1.011E-05  6.911E-06  4.601E-06
  345.5000  3.242E-02  3.127E-02  3.014E-02  2.901E-02  2.790E-02  2.680E-02  2.571E-02  2.464E-02  2.358E-02  2.253E-02  2.150E-02  2.048E-02  1.948E-02  1.850E-02  1.753E-02  1.658E-02  1.564E-02  1.473E-02  1.384E-02  1.296E-02  1.211E-02  1.129E-02  1.048E-02  9.711E-03  8.965E-03  8.252E-03  7.578E-03  6.857E-03  6.116E-03  5.484E-03  4.946E-03  4.489E-03  3.941E-03  3.495E-03  3.059E-03  2.695E-03  2.309E-03  1.985E-03  1.709E-03  1.471E-03  1.236E-03  1.016E-03  8.390E-04  6.937E-04  5.742E-04  4.612E-04  3.764E-04  3.000E-04  2.441E-04  1.920E-04  1.508E-04  1.179E-04  9.148E-05  7.032E-05  5.354E-05  4.032E-05  2.939E-05  2.125E-05  1.523E-05  1.044E-05  7.007E-06
  346.5000  2.962E-02  2.855E-02  2.750E-02  2.646E-02  2.543E-02  2.441E-02  2.341E-02  2.242E-02  2.144E-02  2.047E-02  1.952E-02  1.858E-02  1.766E-02  1.675E-02  1.586E-02  1.498E-02  1.413E-02  1.329E-02  1.247E-02  1.167E-02  1.089E-02  1.014E-02  9.408E-03  8.702E-03  8.024E-03  7.377E-03  6.765E-03  6.115E-03  5.448E-03  4.879E-03  4.395E-03  3.983E-03  3.494E-03  3.095E-03  2.706E-03  2.381E-03  2.039E-03  1.752E-03  1.507E-03  1.296E-03  1.089E-03  8.955E-04  7.396E-04  6.117E-04  5.064E-04  4.070E-04  3.323E-04  2.650E-04  2.157E-04  1.697E-04  1.334E-04  1.043E-04  8.091E-05  6.218E-05  4.731E-05  3.560E-05  2.593E-05  1.874E-05  1.340E-05  9.178E-06  6.134E-06
  347.5000  2.904E-02  2.800E-02  2.697E-02  2.595E-02  2.495E-02  2.395E-02  2.296E-02  2.199E-02  2.103E-02  2.009E-02  1.915E-02  1.823E-02  1.733E-02  1.644E-02  1.557E-02  1.471E-02  1.387E-02  1.305E-02  1.224E-02  1.146E-02  1.070E-02  9.960E-03  9.242E-03  8.550E-03  7.884E-03  7.249E-03  6.649E-03  6.010E-03  5.355E-03  4.796E-03  4.320E-03  3.915E-03  3.434E-03  3.042E-03  2.660E-03  2.340E-03  2.004E-03  1.722E-03  1.481E-03  1.274E-03  1.070E-03  8.795E-04  7.262E-04  6.004E-04  4.970E-04  3.993E-04  3.260E-04  2.599E-04  2.114E-04  1.664E-04  1.307E-04  1.022E-04  7.928E-05  6.093E-05  4.637E-05  3.490E-05  2.543E-05  1.838E-05  1.315E-05  9.012E-06  6.029E-06
  348.5000  3.222E-02  3.107E-02  2.993E-02  2.881E-02  2.770E-02  2.660E-02  2.551E-02  2.444E-02  2.337E-02  2.233E-02  2.130E-02  2.028E-02  1.928E-02  1.830E-02  1.733E-02  1.638E-02  1.545E-02  1.454E-02  1.365E-02  1.278E-02  1.194E-02  1.112E-02  1.032E-02  9.549E-03  8.809E-03  8.102E-03  7.434E-03  6.722E-03  5.991E-03  5.367E-03  4.836E-03  4.385E-03  3.847E-03  3.409E-03  2.981E-03  2.624E-03  2.246E-03  1.930E-03  1.660E-03  1.429E-03  1.200E-03  9.857E-04  8.136E-04  6.725E-04  5.564E-04  4.469E-04  3.646E-04  2.906E-04  2.363E-04  1.859E-04  1.460E-04  1.141E-04  8.854E-05  6.806E-05  5.181E-05  3.902E-05  2.844E-05  2.056E-05  1.474E-05  1.010E-05  6.774E-06
  349.5000  2.699E-02  2.602E-02  2.507E-02  2.413E-02  2.320E-02  2.228E-02  2.136E-02  2.046E-02  1.957E-02  1.870E-02  1.783E-02  1.698E-02  1.614E-02  1.532E-02  1.451E-02  1.372E-02  1.294E-02  1.217E-02  1.143E-02  1.070E-02  9.990E-03  9.301E-03  8.634E-03  7.989E-03  7.369E-03  6.777E-03  6.218E-03  5.621E-03  5.009E-03  4.487E-03  4.043E-03  3.665E-03  3.214E-03  2.848E-03  2.490E-03  2.191E-03  1.876E-03  1.612E-03  1.386E-03  1.192E-03  1.001E-03  8.224E-04  6.787E-04  5.608E-04  4.640E-04  3.725E-04  3.039E-04  2.421E-04  1.969E-04  1.548E-04  1.216E-04  9.505E-05  7.375E-05  5.669E-05  4.316E-05  3.250E-05  2.370E-05  1.714E-05  1.228E-05  8.423E-06  5.649E-06
  350.5000  3.789E-02  3.654E-02  3.520E-02  3.388E-02  3.257E-02  3.128E-02  3.000E-02  2.874E-02  2.749E-02  2.626E-02  2.505E-02  2.386E-02  2.268E-02  2.152E-02  2.038E-02  1.927E-02  1.818E-02  1.711E-02  1.606E-02  1.504E-02  1.404E-02  1.307E-02  1.214E-02  1.123E-02  1.036E-02  9.529E-03  8.743E-03  7.904E-03  7.044E-03  6.310E-03  5.684E-03  5.153E-03  4.520E-03  4.004E-03  3.501E-03  3.081E-03  2.637E-03  2.266E-03  1.948E-03  1.675E-03  1.407E-03  1.155E-03  9.532E-04  7.875E-04  6.513E-04  5.228E-04  4.264E-04  3.396E-04  2.761E-04  2.171E-04  1.705E-04  1.332E-04  1.034E-04  7.946E-05  6.050E-05  4.558E-05  3.323E-05  2.404E-05  1.724E-05  1.183E-05  7.939E-06
  351.5000  3.257E-02  3.140E-02  3.025E-02  2.912E-02  2.799E-02  2.688E-02  2.578E-02  2.469E-02  2.361E-02  2.256E-02  2.151E-02  2.049E-02  1.947E-02  1.848E-02  1.750E-02  1.654E-02  1.560E-02  1.468E-02  1.378E-02  1.290E-02  1.204E-02  1.121E-02  1.040E-02  9.627E-03  8.878E-03  8.164E-03  7.488E-03  6.769E-03  6.031E-03  5.401E-03  4.864E-03  4.408E-03  3.866E-03  3.424E-03  2.993E-03  2.633E-03  2.253E-03  1.935E-03  1.664E-03  1.431E-03  1.201E-03  9.861E-04  8.134E-04  6.719E-04  5.557E-04  4.460E-04  3.637E-04  2.896E-04  2.354E-04  1.851E-04  1.453E-04  1.136E-04  8.812E-05  6.774E-05  5.157E-05  3.885E-05  2.833E-05  2.050E-05  1.469E-05  1.008E-05  6.768E-06
  352.5000  2.947E-02  2.842E-02  2.738E-02  2.636E-02  2.534E-02  2.433E-02  2.334E-02  2.236E-02  2.138E-02  2.043E-02  1.949E-02  1.856E-02  1.764E-02  1.674E-02  1.585E-02  1.499E-02  1.414E-02  1.330E-02  1.249E-02  1.169E-02  1.092E-02  1.017E-02  9.436E-03  8.731E-03  8.053E-03  7.405E-03  6.793E-03  6.141E-03  5.472E-03  4.900E-03  4.414E-03  4.000E-03  3.508E-03  3.107E-03  2.716E-03  2.389E-03  2.044E-03  1.756E-03  1.509E-03  1.298E-03  1.090E-03  8.942E-04  7.374E-04  6.090E-04  5.035E-04  4.040E-04  3.293E-04  2.622E-04  2.131E-04  1.675E-04  1.315E-04  1.027E-04  7.972E-05  6.128E-05  4.666E-05  3.516E-05  2.565E-05  1.856E-05  1.331E-05  9.139E-06  6.140E-06
  353.5000  3.566E-02  3.439E-02  3.314E-02  3.190E-02  3.067E-02  2.946E-02  2.826E-02  2.707E-02  2.590E-02  2.475E-02  2.361E-02  2.248E-02  2.138E-02  2.029E-02  1.922E-02  1.817E-02  1.714E-02  1.613E-02  1.515E-02  1.418E-02  1.325E-02  1.234E-02  1.145E-02  1.060E-02  9.779E-03  8.994E-03  8.252E-03  7.461E-03  6.648E-03  5.955E-03  5.364E-03  4.863E-03  4.264E-03  3.777E-03  3.302E-03  2.905E-03  2.486E-03  2.135E-03  1.835E-03  1.578E-03  1.324E-03  1.087E-03  8.959E-04  7.397E-04  6.114E-04  4.904E-04  3.996E-04  3.181E-04  2.584E-04  2.031E-04  1.594E-04  1.245E-04  9.661E-05  7.427E-05  5.657E-05  4.263E-05  3.111E-05  2.252E-05  1.617E-05  1.110E-05  7.469E-06
  354.5000  3.876E-02  3.739E-02  3.603E-02  3.468E-02  3.335E-02  3.203E-02  3.073E-02  2.944E-02  2.817E-02  2.692E-02  2.568E-02  2.447E-02  2.326E-02  2.208E-02  2.092E-02  1.978E-02  1.867E-02  1.757E-02  1.650E-02  1.545E-02  1.444E-02  1.344E-02  1.248E-02  1.155E-02  1.066E-02  9.807E-03  8.999E-03  8.138E-03  7.252E-03  6.496E-03  5.853E-03  5.306E-03  4.653E-03  4.122E-03  3.604E-03  3.170E-03  2.713E-03  2.330E-03  2.002E-03  1.721E-03  1.445E-03  1.185E-03  9.770E-04  8.064E-04  6.664E-04  5.343E-04  4.353E-04  3.463E-04  2.813E-04  2.210E-04  1.734E-04  1.355E-04  1.051E-04  8.081E-05  6.155E-05  4.640E-05  3.387E-05  2.453E-05  1.762E-05  1.211E-05  8.152E-06
  355.5000  3.626E-02  3.497E-02  3.370E-02  3.245E-02  3.120E-02  2.997E-02  2.875E-02  2.754E-02  2.636E-02  2.519E-02  2.403E-02  2.289E-02  2.177E-02  2.066E-02  1.957E-02  1.851E-02  1.746E-02  1.644E-02  1.544E-02  1.446E-02  1.351E-02  1.258E-02  1.168E-02  1.081E-02  9.974E-03  9.174E-03  8.419E-03  7.612E-03  6.784E-03  6.076E-03  5.474E-03  4.962E-03  4.351E-03  3.854E-03  3.369E-03  2.963E-03  2.535E-03  2.177E-03  1.871E-03  1.608E-03  1.350E-03  1.107E-03  9.122E-04  7.528E-04  6.219E-04  4.985E-04  4.061E-04  3.230E-04  2.624E-04  2.061E-04  1.616E-04  1.263E-04  9.796E-05  7.532E-05  5.738E-05  4.326E-05  3.158E-05  2.287E-05  1.643E-05  1.130E-05  7.611E-06
  356.5000  3.366E-02  3.247E-02  3.128E-02  3.012E-02  2.896E-02  2.782E-02  2.669E-02  2.557E-02  2.447E-02  2.338E-02  2.231E-02  2.125E-02  2.020E-02  1.918E-02  1.817E-02  1.718E-02  1.621E-02  1.526E-02  1.433E-02  1.342E-02  1.253E-02  1.167E-02  1.084E-02  1.003E-02  9.255E-03  8.512E-03  7.811E-03  7.062E-03  6.293E-03  5.636E-03  5.076E-03  4.601E-03  4.034E-03  3.573E-03  3.123E-03  2.747E-03  2.349E-03  2.017E-03  1.734E-03  1.490E-03  1.250E-03  1.025E-03  8.445E-04  6.967E-04  5.755E-04  4.612E-04  3.756E-04  2.987E-04  2.426E-04  1.905E-04  1.494E-04  1.167E-04  9.054E-05  6.961E-05  5.303E-05  3.999E-05  2.920E-05  2.115E-05  1.520E-05  1.045E-05  7.044E-06
  357.5000  2.862E-02  2.760E-02  2.660E-02  2.561E-02  2.462E-02  2.365E-02  2.269E-02  2.174E-02  2.080E-02  1.987E-02  1.896E-02  1.806E-02  1.717E-02  1.630E-02  1.544E-02  1.460E-02  1.378E-02  1.297E-02  1.217E-02  1.140E-02  1.065E-02  9.918E-03  9.208E-03  8.522E-03  7.861E-03  7.230E-03  6.633E-03  5.997E-03  5.343E-03  4.785E-03  4.309E-03  3.905E-03  3.424E-03  3.031E-03  2.649E-03  2.330E-03  1.993E-03  1.711E-03  1.470E-03  1.263E-03  1.059E-03  8.685E-04  7.154E-04  5.901E-04  4.874E-04  3.905E-04  3.179E-04  2.528E-04  2.053E-04  1.612E-04  1.264E-04  9.872E-05  7.658E-05  5.888E-05  4.486E-05  3.383E-05  2.470E-05  1.790E-05  1.286E-05  8.845E-06  5.964E-06
  358.5000  2.214E-02  2.135E-02  2.058E-02  1.981E-02  1.905E-02  1.830E-02  1.755E-02  1.682E-02  1.609E-02  1.538E-02  1.467E-02  1.398E-02  1.329E-02  1.262E-02  1.195E-02  1.130E-02  1.067E-02  1.004E-02  9.428E-03  8.830E-03  8.249E-03  7.682E-03  7.132E-03  6.601E-03  6.090E-03  5.602E-03  5.139E-03  4.646E-03  4.140E-03  3.707E-03  3.339E-03  3.026E-03  2.653E-03  2.349E-03  2.053E-03  1.805E-03  1.544E-03  1.325E-03  1.138E-03  9.782E-04  8.204E-04  6.724E-04  5.537E-04  4.566E-04  3.770E-04  3.020E-04  2.458E-04  1.954E-04  1.586E-04  1.245E-04  9.763E-05  7.625E-05  5.915E-05  4.548E-05  3.465E-05  2.613E-05  1.909E-05  1.383E-05  9.947E-06  6.843E-06  4.617E-06
  359.5000  3.727E-02  3.596E-02  3.465E-02  3.336E-02  3.208E-02  3.081E-02  2.956E-02  2.832E-02  2.710E-02  2.590E-02  2.471E-02  2.354E-02  2.238E-02  2.125E-02  2.013E-02  1.904E-02  1.796E-02  1.691E-02  1.587E-02  1.487E-02  1.389E-02  1.293E-02  1.201E-02  1.111E-02  1.025E-02  9.430E-03  8.652E-03  7.821E-03  6.969E-03  6.240E-03  5.619E-03  5.092E-03  4.463E-03  3.951E-03  3.453E-03  3.036E-03  2.596E-03  2.228E-03  1.914E-03  1.644E-03  1.379E-03  1.130E-03  9.302E-04  7.670E-04  6.331E-04  5.070E-04  4.126E-04  3.279E-04  2.661E-04  2.089E-04  1.638E-04  1.279E-04  9.919E-05  7.627E-05  5.812E-05  4.384E-05  3.203E-05  2.321E-05  1.669E-05  1.149E-05  7.754E-06
  360.5000  3.458E-02  3.335E-02  3.214E-02  3.095E-02  2.976E-02  2.858E-02  2.742E-02  2.628E-02  2.514E-02  2.403E-02  2.293E-02  2.184E-02  2.077E-02  1.971E-02  1.868E-02  1.766E-02  1.666E-02  1.568E-02  1.473E-02  1.379E-02  1.289E-02  1.200E-02  1.114E-02  1.031E-02  9.512E-03  8.748E-03  8.025E-03  7.255E-03  6.464E-03  5.787E-03  5.211E-03  4.722E-03  4.138E-03  3.663E-03  3.201E-03  2.814E-03  2.406E-03  2.064E-03  1.773E-03  1.523E-03  1.277E-03  1.046E-03  8.612E-04  7.099E-04  5.859E-04  4.691E-04  3.817E-04  3.033E-04  2.461E-04  1.931E-04  1.514E-04  1.182E-04  9.167E-05  7.048E-05  5.371E-05  4.052E-05  2.961E-05  2.146E-05  1.544E-05  1.063E-05  7.177E-06
  361.5000  3.123E-02  3.013E-02  2.903E-02  2.795E-02  2.688E-02  2.582E-02  2.477E-02  2.374E-02  2.272E-02  2.171E-02  2.071E-02  1.973E-02  1.877E-02  1.781E-02  1.688E-02  1.596E-02  1.506E-02  1.418E-02  1.331E-02  1.247E-02  1.165E-02  1.085E-02  1.007E-02  9.322E-03  8.600E-03  7.909E-03  7.256E-03  6.559E-03  5.844E-03  5.232E-03  4.711E-03  4.269E-03  3.741E-03  3.311E-03  2.893E-03  2.543E-03  2.174E-03  1.866E-03  1.602E-03  1.376E-03  1.154E-03  9.448E-04  7.776E-04  6.409E-04  5.288E-04  4.232E-04  3.443E-04  2.735E-04  2.219E-04  1.741E-04  1.364E-04  1.065E-04  8.261E-05  6.352E-05  4.841E-05  3.652E-05  2.669E-05  1.935E-05  1.393E-05  9.588E-06  6.480E-06
  362.5000  3.672E-02  3.542E-02  3.414E-02  3.287E-02  3.161E-02  3.036E-02  2.913E-02  2.792E-02  2.671E-02  2.553E-02  2.436E-02  2.321E-02  2.207E-02  2.095E-02  1.985E-02  1.877E-02  1.771E-02  1.668E-02  1.566E-02  1.467E-02  1.370E-02  1.276E-02  1.185E-02  1.097E-02  1.012E-02  9.304E-03  8.535E-03  7.716E-03  6.875E-03  6.154E-03  5.541E-03  5.020E-03  4.400E-03  3.894E-03  3.402E-03  2.990E-03  2.556E-03  2.193E-03  1.883E-03  1.616E-03  1.356E-03  1.110E-03  9.133E-04  7.525E-04  6.208E-04  4.967E-04  4.040E-04  3.208E-04  2.602E-04  2.041E-04  1.599E-04  1.249E-04  9.683E-05  7.446E-05  5.675E-05  4.282E-05  3.130E-05  2.270E-05  1.634E-05  1.125E-05  7.609E-06
  363.5000  3.269E-02  3.154E-02  3.039E-02  2.926E-02  2.814E-02  2.703E-02  2.594E-02  2.486E-02  2.379E-02  2.273E-02  2.169E-02  2.066E-02  1.965E-02  1.866E-02  1.768E-02  1.672E-02  1.577E-02  1.485E-02  1.394E-02  1.306E-02  1.220E-02  1.136E-02  1.055E-02  9.763E-03  9.007E-03  8.283E-03  7.599E-03  6.869E-03  6.119E-03  5.478E-03  4.932E-03  4.468E-03  3.915E-03  3.465E-03  3.026E-03  2.660E-03  2.273E-03  1.950E-03  1.674E-03  1.438E-03  1.205E-03  9.865E-04  8.115E-04  6.685E-04  5.514E-04  4.411E-04  3.587E-04  2.848E-04  2.309E-04  1.811E-04  1.419E-04  1.108E-04  8.589E-05  6.604E-05  5.034E-05  3.799E-05  2.778E-05  2.014E-05  1.450E-05  9.990E-06  6.758E-06
  364.5000  3.567E-02  3.441E-02  3.316E-02  3.193E-02  3.071E-02  2.950E-02  2.830E-02  2.712E-02  2.595E-02  2.480E-02  2.366E-02  2.254E-02  2.144E-02  2.035E-02  1.928E-02  1.824E-02  1.721E-02  1.620E-02  1.521E-02  1.425E-02  1.331E-02  1.239E-02  1.151E-02  1.065E-02  9.823E-03  9.033E-03  8.287E-03  7.490E-03  6.673E-03  5.972E-03  5.376E-03  4.870E-03  4.267E-03  3.775E-03  3.297E-03  2.898E-03  2.476E-03  2.124E-03  1.823E-03  1.565E-03  1.312E-03  1.074E-03  8.830E-04  7.272E-04  5.997E-04  4.796E-04  3.899E-04  3.095E-04  2.510E-04  1.968E-04  1.541E-04  1.203E-04  9.329E-05  7.173E-05  5.468E-05  4.127E-05  3.018E-05  2.189E-05  1.576E-05  1.086E-05  7.349E-06
  365.5000  4.346E-02  4.192E-02  4.040E-02  3.890E-02  3.741E-02  3.594E-02  3.448E-02  3.304E-02  3.162E-02  3.022E-02  2.883E-02  2.746E-02  2.612E-02  2.479E-02  2.349E-02  2.221E-02  2.096E-02  1.973E-02  1.853E-02  1.735E-02  1.621E-02  1.509E-02  1.401E-02  1.297E-02  1.196E-02  1.100E-02  1.009E-02  9.118E-03  8.121E-03  7.269E-03  6.542E-03  5.925E-03  5.191E-03  4.592E-03  4.010E-03  3.523E-03  3.010E-03  2.582E-03  2.216E-03  1.902E-03  1.593E-03  1.304E-03  1.072E-03  8.829E-04  7.279E-04  5.821E-04  4.731E-04  3.755E-04  3.044E-04  2.386E-04  1.869E-04  1.459E-04  1.131E-04  8.696E-05  6.629E-05  5.003E-05  3.659E-05  2.654E-05  1.912E-05  1.318E-05  8.919E-06
  366.5000  4.605E-02  4.442E-02  4.281E-02  4.122E-02  3.964E-02  3.808E-02  3.654E-02  3.501E-02  3.350E-02  3.202E-02  3.055E-02  2.911E-02  2.768E-02  2.628E-02  2.490E-02  2.355E-02  2.222E-02  2.091E-02  1.964E-02  1.839E-02  1.718E-02  1.600E-02  1.485E-02  1.374E-02  1.268E-02  1.166E-02  1.069E-02  9.664E-03  8.607E-03  7.704E-03  6.934E-03  6.280E-03  5.500E-03  4.866E-03  4.248E-03  3.732E-03  3.188E-03  2.734E-03  2.346E-03  2.013E-03  1.687E-03  1.380E-03  1.135E-03  9.342E-04  7.700E-04  6.155E-04  5.002E-04  3.969E-04  3.217E-04  2.521E-04  1.974E-04  1.541E-04  1.195E-04  9.185E-05  7.002E-05  5.285E-05  3.866E-05  2.805E-05  2.021E-05  1.393E-05  9.435E-06
  367.5000  4.377E-02  4.223E-02  4.070E-02  3.918E-02  3.769E-02  3.620E-02  3.474E-02  3.329E-02  3.185E-02  3.044E-02  2.905E-02  2.767E-02  2.632E-02  2.499E-02  2.367E-02  2.239E-02  2.113E-02  1.989E-02  1.867E-02  1.749E-02  1.634E-02  1.522E-02  1.413E-02  1.307E-02  1.206E-02  1.109E-02  1.017E-02  9.191E-03  8.185E-03  7.326E-03  6.593E-03  5.971E-03  5.230E-03  4.626E-03  4.039E-03  3.548E-03  3.030E-03  2.598E-03  2.230E-03  1.914E-03  1.602E-03  1.311E-03  1.077E-03  8.867E-04  7.307E-04  5.840E-04  4.744E-04  3.764E-04  3.050E-04  2.390E-04  1.871E-04  1.460E-04  1.132E-04  8.703E-05  6.635E-05  5.009E-05  3.665E-05  2.659E-05  1.917E-05  1.321E-05  8.954E-06
  368.5000  3.847E-02  3.711E-02  3.577E-02  3.444E-02  3.312E-02  3.182E-02  3.053E-02  2.926E-02  2.800E-02  2.676E-02  2.553E-02  2.432E-02  2.313E-02  2.196E-02  2.081E-02  1.968E-02  1.857E-02  1.748E-02  1.641E-02  1.537E-02  1.436E-02  1.337E-02  1.241E-02  1.149E-02  1.060E-02  9.743E-03  8.936E-03  8.076E-03  7.192E-03  6.436E-03  5.792E-03  5.244E-03  4.593E-03  4.062E-03  3.546E-03  3.114E-03  2.660E-03  2.280E-03  1.957E-03  1.679E-03  1.406E-03  1.149E-03  9.446E-04  7.773E-04  6.404E-04  5.117E-04  4.157E-04  3.297E-04  2.671E-04  2.092E-04  1.638E-04  1.278E-04  9.908E-05  7.618E-05  5.808E-05  4.385E-05  3.209E-05  2.329E-05  1.679E-05  1.158E-05  7.847E-06
  369.5000  4.617E-02  4.454E-02  4.293E-02  4.133E-02  3.975E-02  3.819E-02  3.664E-02  3.511E-02  3.360E-02  3.212E-02  3.065E-02  2.919E-02  2.777E-02  2.636E-02  2.497E-02  2.362E-02  2.229E-02  2.098E-02  1.970E-02  1.845E-02  1.723E-02  1.605E-02  1.490E-02  1.379E-02  1.272E-02  1.169E-02  1.072E-02  9.690E-03  8.629E-03  7.722E-03  6.948E-03  6.291E-03  5.508E-03  4.871E-03  4.252E-03  3.734E-03  3.188E-03  2.733E-03  2.344E-03  2.010E-03  1.685E-03  1.377E-03  1.131E-03  9.308E-04  7.667E-04  6.125E-04  4.974E-04  3.944E-04  3.195E-04  2.502E-04  1.959E-04  1.528E-04  1.184E-04  9.106E-05  6.943E-05  5.243E-05  3.837E-05  2.785E-05  2.008E-05  1.385E-05  9.391E-06
  370.5000  4.191E-02  4.043E-02  3.896E-02  3.752E-02  3.608E-02  3.466E-02  3.326E-02  3.187E-02  3.050E-02  2.915E-02  2.782E-02  2.650E-02  2.520E-02  2.393E-02  2.267E-02  2.144E-02  2.023E-02  1.904E-02  1.788E-02  1.675E-02  1.564E-02  1.457E-02  1.352E-02  1.251E-02  1.154E-02  1.061E-02  9.730E-03  8.793E-03  7.830E-03  7.006E-03  6.303E-03  5.706E-03  4.996E-03  4.418E-03  3.855E-03  3.385E-03  2.890E-03  2.477E-03  2.125E-03  1.821E-03  1.526E-03  1.247E-03  1.025E-03  8.427E-04  6.940E-04  5.543E-04  4.500E-04  3.567E-04  2.889E-04  2.263E-04  1.771E-04  1.381E-04  1.071E-04  8.231E-05  6.276E-05  4.739E-05  3.469E-05  2.518E-05  1.816E-05  1.253E-05  8.499E-06
  371.5000  4.798E-02  4.629E-02  4.461E-02  4.296E-02  4.131E-02  3.969E-02  3.808E-02  3.649E-02  3.492E-02  3.338E-02  3.185E-02  3.034E-02  2.886E-02  2.740E-02  2.596E-02  2.455E-02  2.316E-02  2.180E-02  2.047E-02  1.917E-02  1.791E-02  1.668E-02  1.548E-02  1.433E-02  1.321E-02  1.215E-02  1.114E-02  1.007E-02  8.963E-03  8.019E-03  7.214E-03  6.531E-03  5.717E-03  5.055E-03  4.411E-03  3.872E-03  3.306E-03  2.833E-03  2.429E-03  2.082E-03  1.744E-03  1.425E-03  1.171E-03  9.626E-04  7.926E-04  6.328E-04  5.137E-04  4.071E-04  3.297E-04  2.581E-04  2.020E-04  1.575E-04  1.221E-04  9.387E-05  7.157E-05  5.405E-05  3.957E-05  2.873E-05  2.073E-05  1.430E-05  9.705E-06
  372.5000  3.546E-02  3.421E-02  3.297E-02  3.175E-02  3.054E-02  2.934E-02  2.815E-02  2.698E-02  2.582E-02  2.467E-02  2.354E-02  2.243E-02  2.133E-02  2.025E-02  1.919E-02  1.815E-02  1.712E-02  1.612E-02  1.514E-02  1.417E-02  1.324E-02  1.233E-02  1.145E-02  1.059E-02  9.767E-03  8.979E-03  8.234E-03  7.440E-03  6.624E-03  5.927E-03  5.331E-03  4.825E-03  4.224E-03  3.734E-03  3.258E-03  2.860E-03  2.441E-03  2.092E-03  1.794E-03  1.538E-03  1.287E-03  1.052E-03  8.634E-04  7.099E-04  5.844E-04  4.665E-04  3.786E-04  3.000E-04  2.429E-04  1.901E-04  1.488E-04  1.160E-04  8.990E-05  6.911E-05  5.270E-05  3.980E-05  2.914E-05  2.116E-05  1.527E-05  1.054E-05  7.154E-06
  373.5000  3.206E-02  3.093E-02  2.981E-02  2.871E-02  2.761E-02  2.652E-02  2.545E-02  2.439E-02  2.334E-02  2.231E-02  2.129E-02  2.028E-02  1.929E-02  1.831E-02  1.735E-02  1.641E-02  1.548E-02  1.457E-02  1.368E-02  1.281E-02  1.197E-02  1.115E-02  1.035E-02  9.573E-03  8.828E-03  8.116E-03  7.442E-03  6.724E-03  5.986E-03  5.355E-03  4.817E-03  4.359E-03  3.815E-03  3.372E-03  2.942E-03  2.582E-03  2.204E-03  1.888E-03  1.619E-03  1.387E-03  1.161E-03  9.486E-04  7.787E-04  6.401E-04  5.268E-04  4.204E-04  3.411E-04  2.702E-04  2.187E-04  1.712E-04  1.339E-04  1.044E-04  8.093E-05  6.221E-05  4.744E-05  3.583E-05  2.624E-05  1.906E-05  1.375E-05  9.492E-06  6.447E-06
  374.5000  3.520E-02  3.396E-02  3.273E-02  3.152E-02  3.031E-02  2.912E-02  2.794E-02  2.678E-02  2.563E-02  2.449E-02  2.337E-02  2.227E-02  2.118E-02  2.010E-02  1.905E-02  1.801E-02  1.700E-02  1.600E-02  1.502E-02  1.407E-02  1.314E-02  1.224E-02  1.136E-02  1.051E-02  9.691E-03  8.908E-03  8.168E-03  7.379E-03  6.570E-03  5.877E-03  5.285E-03  4.782E-03  4.185E-03  3.699E-03  3.226E-03  2.831E-03  2.416E-03  2.069E-03  1.774E-03  1.520E-03  1.272E-03  1.039E-03  8.528E-04  7.009E-04  5.767E-04  4.602E-04  3.733E-04  2.957E-04  2.393E-04  1.872E-04  1.464E-04  1.142E-04  8.847E-05  6.801E-05  5.186E-05  3.918E-05  2.869E-05  2.084E-05  1.504E-05  1.038E-05  7.055E-06
  375.5000  3.974E-02  3.834E-02  3.695E-02  3.558E-02  3.422E-02  3.288E-02  3.155E-02  3.023E-02  2.893E-02  2.766E-02  2.639E-02  2.514E-02  2.391E-02  2.270E-02  2.151E-02  2.034E-02  1.919E-02  1.806E-02  1.696E-02  1.589E-02  1.484E-02  1.382E-02  1.282E-02  1.186E-02  1.094E-02  1.006E-02  9.221E-03  8.331E-03  7.417E-03  6.634E-03  5.965E-03  5.398E-03  4.723E-03  4.174E-03  3.640E-03  3.194E-03  2.725E-03  2.334E-03  2.000E-03  1.714E-03  1.434E-03  1.171E-03  9.609E-04  7.895E-04  6.495E-04  5.181E-04  4.202E-04  3.328E-04  2.692E-04  2.106E-04  1.647E-04  1.284E-04  9.949E-05  7.648E-05  5.832E-05  4.406E-05  3.228E-05  2.345E-05  1.693E-05  1.169E-05  7.943E-06
  376.5000  3.971E-02  3.831E-02  3.692E-02  3.556E-02  3.420E-02  3.285E-02  3.152E-02  3.021E-02  2.891E-02  2.763E-02  2.637E-02  2.512E-02  2.389E-02  2.268E-02  2.149E-02  2.033E-02  1.918E-02  1.805E-02  1.695E-02  1.587E-02  1.483E-02  1.381E-02  1.282E-02  1.186E-02  1.093E-02  1.005E-02  9.213E-03  8.324E-03  7.409E-03  6.627E-03  5.959E-03  5.391E-03  4.717E-03  4.168E-03  3.635E-03  3.189E-03  2.720E-03  2.329E-03  1.996E-03  1.711E-03  1.431E-03  1.168E-03  9.581E-04  7.871E-04  6.474E-04  5.163E-04  4.186E-04  3.314E-04  2.681E-04  2.097E-04  1.640E-04  1.278E-04  9.902E-05  7.612E-05  5.805E-05  4.385E-05  3.213E-05  2.334E-05  1.686E-05  1.164E-05  7.914E-06
  377.5000  4.731E-02  4.564E-02  4.399E-02  4.236E-02  4.074E-02  3.914E-02  3.756E-02  3.600E-02  3.445E-02  3.293E-02  3.142E-02  2.993E-02  2.847E-02  2.703E-02  2.561E-02  2.422E-02  2.285E-02  2.151E-02  2.020E-02  1.891E-02  1.767E-02  1.645E-02  1.527E-02  1.413E-02  1.303E-02  1.197E-02  1.098E-02  9.916E-03  8.826E-03  7.894E-03  7.097E-03  6.420E-03  5.617E-03  4.962E-03  4.327E-03  3.796E-03  3.237E-03  2.772E-03  2.375E-03  2.036E-03  1.701E-03  1.389E-03  1.139E-03  9.355E-04  7.693E-04  6.134E-04  4.972E-04  3.936E-04  3.183E-04  2.489E-04  1.946E-04  1.517E-04  1.175E-04  9.032E-05  6.888E-05  5.204E-05  3.813E-05  2.771E-05  2.001E-05  1.382E-05  9.401E-06
  378.5000  5.159E-02  4.977E-02  4.797E-02  4.619E-02  4.443E-02  4.268E-02  4.096E-02  3.925E-02  3.756E-02  3.590E-02  3.426E-02  3.264E-02  3.104E-02  2.947E-02  2.792E-02  2.641E-02  2.492E-02  2.345E-02  2.202E-02  2.062E-02  1.926E-02  1.794E-02  1.665E-02  1.540E-02  1.420E-02  1.305E-02  1.197E-02  1.081E-02  9.621E-03  8.604E-03  7.735E-03  6.996E-03  6.120E-03  5.406E-03  4.713E-03  4.134E-03  3.525E-03  3.018E-03  2.586E-03  2.215E-03  1.852E-03  1.511E-03  1.239E-03  1.017E-03  8.365E-04  6.668E-04  5.404E-04  4.276E-04  3.458E-04  2.704E-04  2.114E-04  1.647E-04  1.276E-04  9.806E-05  7.478E-05  5.651E-05  4.141E-05  3.010E-05  2.174E-05  1.502E-05  1.022E-05
  379.5000  3.818E-02  3.683E-02  3.550E-02  3.419E-02  3.288E-02  3.159E-02  3.031E-02  2.905E-02  2.780E-02  2.657E-02  2.536E-02  2.416E-02  2.298E-02  2.181E-02  2.067E-02  1.955E-02  1.844E-02  1.736E-02  1.630E-02  1.526E-02  1.426E-02  1.327E-02  1.232E-02  1.140E-02  1.051E-02  9.658E-03  8.854E-03  7.998E-03  7.118E-03  6.365E-03  5.721E-03  5.175E-03  4.526E-03  3.998E-03  3.485E-03  3.056E-03  2.606E-03  2.230E-03  1.910E-03  1.636E-03  1.368E-03  1.116E-03  9.149E-04  7.511E-04  6.173E-04  4.920E-04  3.986E-04  3.154E-04  2.550E-04  1.993E-04  1.558E-04  1.214E-04  9.402E-05  7.227E-05  5.511E-05  4.165E-05  3.052E-05  2.219E-05  1.603E-05  1.108E-05  7.538E-06
  380.5000  4.594E-02  4.432E-02  4.272E-02  4.114E-02  3.956E-02  3.801E-02  3.647E-02  3.495E-02  3.345E-02  3.197E-02  3.051E-02  2.907E-02  2.765E-02  2.625E-02  2.487E-02  2.352E-02  2.219E-02  2.089E-02  1.961E-02  1.837E-02  1.716E-02  1.597E-02  1.483E-02  1.371E-02  1.264E-02  1.162E-02  1.065E-02  9.622E-03  8.563E-03  7.656E-03  6.882E-03  6.223E-03  5.443E-03  4.807E-03  4.189E-03  3.674E-03  3.132E-03  2.680E-03  2.295E-03  1.966E-03  1.643E-03  1.340E-03  1.098E-03  9.015E-04  7.409E-04  5.903E-04  4.782E-04  3.782E-04  3.057E-04  2.390E-04  1.867E-04  1.455E-04  1.127E-04  8.660E-05  6.604E-05  4.991E-05  3.659E-05  2.659E-05  1.922E-05  1.328E-05  9.042E-06
  381.5000  4.319E-02  4.167E-02  4.016E-02  3.867E-02  3.720E-02  3.574E-02  3.429E-02  3.286E-02  3.145E-02  3.006E-02  2.869E-02  2.733E-02  2.599E-02  2.468E-02  2.338E-02  2.211E-02  2.086E-02  1.964E-02  1.844E-02  1.727E-02  1.613E-02  1.502E-02  1.394E-02  1.289E-02  1.189E-02  1.092E-02  1.001E-02  9.044E-03  8.049E-03  7.196E-03  6.468E-03  5.848E-03  5.114E-03  4.516E-03  3.935E-03  3.450E-03  2.941E-03  2.516E-03  2.155E-03  1.846E-03  1.542E-03  1.257E-03  1.030E-03  8.455E-04  6.947E-04  5.534E-04  4.482E-04  3.544E-04  2.864E-04  2.238E-04  1.749E-04  1.362E-04  1.055E-04  8.108E-05  6.183E-05  4.673E-05  3.426E-05  2.491E-05  1.801E-05  1.245E-05  8.475E-06
  382.5000  2.879E-02  2.778E-02  2.677E-02  2.578E-02  2.480E-02  2.382E-02  2.286E-02  2.191E-02  2.097E-02  2.004E-02  1.912E-02  1.822E-02  1.733E-02  1.645E-02  1.559E-02  1.474E-02  1.391E-02  1.309E-02  1.229E-02  1.151E-02  1.075E-02  1.001E-02  9.292E-03  8.595E-03  7.924E-03  7.282E-03  6.674E-03  6.028E-03  5.365E-03  4.796E-03  4.310E-03  3.897E-03  3.407E-03  3.008E-03  2.621E-03  2.298E-03  1.958E-03  1.675E-03  1.435E-03  1.228E-03  1.026E-03  8.365E-04  6.854E-04  5.623E-04  4.619E-04  3.678E-04  2.978E-04  2.355E-04  1.903E-04  1.487E-04  1.161E-04  9.043E-05  7.003E-05  5.382E-05  4.105E-05  3.103E-05  2.275E-05  1.654E-05  1.196E-05  8.267E-06  5.632E-06
  383.5000  2.529E-02  2.440E-02  2.352E-02  2.265E-02  2.178E-02  2.093E-02  2.008E-02  1.925E-02  1.842E-02  1.761E-02  1.680E-02  1.601E-02  1.522E-02  1.445E-02  1.370E-02  1.295E-02  1.222E-02  1.150E-02  1.080E-02  1.011E-02  9.446E-03  8.795E-03  8.163E-03  7.550E-03  6.961E-03  6.396E-03  5.862E-03  5.295E-03  4.712E-03  4.212E-03  3.785E-03  3.421E-03  2.991E-03  2.641E-03  2.301E-03  2.016E-03  1.718E-03  1.470E-03  1.258E-03  1.077E-03  8.996E-04  7.333E-04  6.007E-04  4.927E-04  4.047E-04  3.222E-04  2.608E-04  2.062E-04  1.665E-04  1.301E-04  1.016E-04  7.912E-05  6.126E-05  4.708E-05  3.591E-05  2.714E-05  1.990E-05  1.447E-05  1.047E-05  7.237E-06  4.931E-06
  384.5000  3.797E-02  3.664E-02  3.531E-02  3.400E-02  3.271E-02  3.142E-02  3.015E-02  2.890E-02  2.766E-02  2.644E-02  2.523E-02  2.403E-02  2.286E-02  2.170E-02  2.056E-02  1.945E-02  1.835E-02  1.727E-02  1.622E-02  1.519E-02  1.418E-02  1.320E-02  1.226E-02  1.134E-02  1.045E-02  9.603E-03  8.801E-03  7.948E-03  7.073E-03  6.322E-03  5.680E-03  5.134E-03  4.489E-03  3.962E-03  3.451E-03  3.024E-03  2.577E-03  2.204E-03  1.886E-03  1.615E-03  1.348E-03  1.099E-03  8.999E-04  7.380E-04  6.059E-04  4.823E-04  3.904E-04  3.085E-04  2.492E-04  1.946E-04  1.520E-04  1.183E-04  9.160E-05  7.039E-05  5.369E-05  4.058E-05  2.977E-05  2.165E-05  1.566E-05  1.083E-05  7.380E-06
  385.5000  3.759E-02  3.626E-02  3.495E-02  3.366E-02  3.237E-02  3.110E-02  2.985E-02  2.860E-02  2.738E-02  2.617E-02  2.497E-02  2.379E-02  2.263E-02  2.148E-02  2.036E-02  1.925E-02  1.816E-02  1.710E-02  1.605E-02  1.503E-02  1.404E-02  1.307E-02  1.213E-02  1.122E-02  1.034E-02  9.505E-03  8.710E-03  7.866E-03  6.999E-03  6.256E-03  5.620E-03  5.080E-03  4.441E-03  3.919E-03  3.413E-03  2.991E-03  2.548E-03  2.179E-03  1.865E-03  1.596E-03  1.332E-03  1.085E-03  8.888E-04  7.287E-04  5.982E-04  4.761E-04  3.852E-04  3.044E-04  2.458E-04  1.919E-04  1.498E-04  1.166E-04  9.029E-05  6.939E-05  5.292E-05  4.001E-05  2.935E-05  2.134E-05  1.544E-05  1.068E-05  7.282E-06
  386.5000  3.833E-02  3.698E-02  3.564E-02  3.432E-02  3.301E-02  3.172E-02  3.044E-02  2.917E-02  2.792E-02  2.669E-02  2.547E-02  2.426E-02  2.308E-02  2.191E-02  2.076E-02  1.963E-02  1.852E-02  1.744E-02  1.637E-02  1.533E-02  1.432E-02  1.333E-02  1.237E-02  1.144E-02  1.055E-02  9.692E-03  8.882E-03  8.021E-03  7.136E-03  6.378E-03  5.729E-03  5.178E-03  4.526E-03  3.994E-03  3.478E-03  3.047E-03  2.595E-03  2.219E-03  1.899E-03  1.625E-03  1.356E-03  1.105E-03  9.043E-04  7.413E-04  6.084E-04  4.841E-04  3.916E-04  3.093E-04  2.497E-04  1.950E-04  1.522E-04  1.185E-04  9.170E-05  7.046E-05  5.374E-05  4.063E-05  2.981E-05  2.168E-05  1.569E-05  1.085E-05  7.402E-06
  387.5000  3.563E-02  3.438E-02  3.314E-02  3.191E-02  3.069E-02  2.949E-02  2.830E-02  2.712E-02  2.596E-02  2.481E-02  2.368E-02  2.256E-02  2.146E-02  2.037E-02  1.930E-02  1.825E-02  1.722E-02  1.621E-02  1.522E-02  1.425E-02  1.331E-02  1.239E-02  1.150E-02  1.064E-02  9.806E-03  9.010E-03  8.256E-03  7.456E-03  6.634E-03  5.928E-03  5.325E-03  4.812E-03  4.205E-03  3.710E-03  3.231E-03  2.830E-03  2.410E-03  2.060E-03  1.763E-03  1.508E-03  1.258E-03  1.025E-03  8.389E-04  6.875E-04  5.641E-04  4.487E-04  3.629E-04  2.866E-04  2.314E-04  1.806E-04  1.409E-04  1.097E-04  8.490E-05  6.524E-05  4.975E-05  3.762E-05  2.760E-05  2.008E-05  1.453E-05  1.005E-05  6.859E-06
  388.5000  3.573E-02  3.447E-02  3.323E-02  3.200E-02  3.078E-02  2.957E-02  2.838E-02  2.720E-02  2.603E-02  2.488E-02  2.374E-02  2.262E-02  2.152E-02  2.043E-02  1.935E-02  1.830E-02  1.727E-02  1.626E-02  1.526E-02  1.429E-02  1.335E-02  1.243E-02  1.153E-02  1.067E-02  9.832E-03  9.034E-03  8.278E-03  7.475E-03  6.650E-03  5.943E-03  5.337E-03  4.822E-03  4.214E-03  3.717E-03  3.237E-03  2.835E-03  2.414E-03  2.063E-03  1.765E-03  1.509E-03  1.260E-03  1.026E-03  8.393E-04  6.877E-04  5.641E-04  4.486E-04  3.628E-04  2.864E-04  2.311E-04  1.804E-04  1.408E-04  1.095E-04  8.477E-05  6.513E-05  4.968E-05  3.756E-05  2.756E-05  2.005E-05  1.452E-05  1.004E-05  6.854E-06
  389.5000  4.508E-02  4.349E-02  4.192E-02  4.037E-02  3.883E-02  3.730E-02  3.580E-02  3.431E-02  3.284E-02  3.139E-02  2.995E-02  2.854E-02  2.714E-02  2.577E-02  2.442E-02  2.309E-02  2.179E-02  2.051E-02  1.926E-02  1.803E-02  1.684E-02  1.568E-02  1.455E-02  1.346E-02  1.240E-02  1.140E-02  1.044E-02  9.429E-03  8.388E-03  7.495E-03  6.731E-03  6.081E-03  5.313E-03  4.687E-03  4.080E-03  3.573E-03  3.042E-03  2.599E-03  2.223E-03  1.901E-03  1.586E-03  1.291E-03  1.056E-03  8.654E-04  7.098E-04  5.644E-04  4.562E-04  3.601E-04  2.906E-04  2.267E-04  1.769E-04  1.376E-04  1.065E-04  8.182E-05  6.241E-05  4.719E-05  3.463E-05  2.520E-05  1.824E-05  1.263E-05  8.619E-06
  390.5000  4.430E-02  4.274E-02  4.119E-02  3.967E-02  3.816E-02  3.666E-02  3.518E-02  3.372E-02  3.227E-02  3.085E-02  2.944E-02  2.805E-02  2.668E-02  2.533E-02  2.400E-02  2.270E-02  2.141E-02  2.016E-02  1.893E-02  1.772E-02  1.655E-02  1.541E-02  1.430E-02  1.322E-02  1.219E-02  1.120E-02  1.026E-02  9.264E-03  8.242E-03  7.364E-03  6.612E-03  5.973E-03  5.219E-03  4.603E-03  4.006E-03  3.508E-03  2.986E-03  2.551E-03  2.182E-03  1.865E-03  1.556E-03  1.267E-03  1.036E-03  8.484E-04  6.957E-04  5.530E-04  4.469E-04  3.527E-04  2.845E-04  2.220E-04  1.731E-04  1.347E-04  1.042E-04  8.007E-05  6.107E-05  4.618E-05  3.389E-05  2.467E-05  1.786E-05  1.236E-05  8.442E-06
  391.5000  5.257E-02  5.072E-02  4.889E-02  4.708E-02  4.529E-02  4.351E-02  4.176E-02  4.002E-02  3.830E-02  3.661E-02  3.494E-02  3.329E-02  3.166E-02  3.006E-02  2.849E-02  2.694E-02  2.542E-02  2.393E-02  2.247E-02  2.104E-02  1.965E-02  1.829E-02  1.697E-02  1.570E-02  1.447E-02  1.329E-02  1.218E-02  1.100E-02  9.781E-03  8.739E-03  7.846E-03  7.087E-03  6.191E-03  5.460E-03  4.751E-03  4.160E-03  3.540E-03  3.024E-03  2.586E-03  2.210E-03  1.844E-03  1.500E-03  1.227E-03  1.005E-03  8.236E-04  6.545E-04  5.289E-04  4.173E-04  3.365E-04  2.625E-04  2.047E-04  1.592E-04  1.232E-04  9.464E-05  7.218E-05  5.459E-05  4.007E-05  2.916E-05  2.112E-05  1.462E-05  9.987E-06
  392.5000  3.944E-02  3.805E-02  3.668E-02  3.532E-02  3.398E-02  3.264E-02  3.133E-02  3.002E-02  2.874E-02  2.747E-02  2.621E-02  2.498E-02  2.376E-02  2.256E-02  2.137E-02  2.021E-02  1.907E-02  1.795E-02  1.686E-02  1.578E-02  1.474E-02  1.372E-02  1.273E-02  1.178E-02  1.085E-02  9.971E-03  9.135E-03  8.248E-03  7.337E-03  6.554E-03  5.885E-03  5.315E-03  4.642E-03  4.093E-03  3.562E-03  3.118E-03  2.653E-03  2.266E-03  1.937E-03  1.656E-03  1.381E-03  1.123E-03  9.185E-04  7.519E-04  6.163E-04  4.896E-04  3.955E-04  3.120E-04  2.516E-04  1.962E-04  1.530E-04  1.190E-04  9.204E-05  7.070E-05  5.392E-05  4.078E-05  2.994E-05  2.179E-05  1.579E-05  1.093E-05  7.467E-06
  393.5000  1.715E-02  1.655E-02  1.595E-02  1.536E-02  1.478E-02  1.420E-02  1.363E-02  1.306E-02  1.250E-02  1.195E-02  1.140E-02  1.086E-02  1.033E-02  9.810E-03  9.296E-03  8.792E-03  8.295E-03  7.808E-03  7.331E-03  6.865E-03  6.411E-03  5.968E-03  5.538E-03  5.122E-03  4.721E-03  4.337E-03  3.973E-03  3.587E-03  3.191E-03  2.850E-03  2.558E-03  2.311E-03  2.018E-03  1.779E-03  1.548E-03  1.355E-03  1.152E-03  9.842E-04  8.413E-04  7.188E-04  5.994E-04  4.876E-04  3.986E-04  3.262E-04  2.673E-04  2.123E-04  1.715E-04  1.352E-04  1.090E-04  8.500E-05  6.627E-05  5.153E-05  3.986E-05  3.062E-05  2.335E-05  1.766E-05  1.297E-05  9.441E-06  6.839E-06  4.736E-06  3.237E-06
  394.5000  4.038E-02  3.896E-02  3.755E-02  3.616E-02  3.479E-02  3.342E-02  3.207E-02  3.074E-02  2.942E-02  2.813E-02  2.684E-02  2.557E-02  2.433E-02  2.310E-02  2.188E-02  2.070E-02  1.953E-02  1.838E-02  1.726E-02  1.616E-02  1.509E-02  1.405E-02  1.304E-02  1.206E-02  1.111E-02  1.021E-02  9.351E-03  8.442E-03  7.509E-03  6.707E-03  6.021E-03  5.436E-03  4.748E-03  4.185E-03  3.641E-03  3.186E-03  2.710E-03  2.314E-03  1.977E-03  1.689E-03  1.409E-03  1.146E-03  9.361E-04  7.660E-04  6.276E-04  4.984E-04  4.024E-04  3.173E-04  2.557E-04  1.993E-04  1.554E-04  1.208E-04  9.344E-05  7.177E-05  5.474E-05  4.140E-05  3.040E-05  2.213E-05  1.604E-05  1.111E-05  7.592E-06
  395.5000  5.198E-02  5.015E-02  4.834E-02  4.655E-02  4.477E-02  4.302E-02  4.128E-02  3.957E-02  3.787E-02  3.620E-02  3.455E-02  3.292E-02  3.131E-02  2.973E-02  2.817E-02  2.664E-02  2.514E-02  2.366E-02  2.222E-02  2.080E-02  1.943E-02  1.809E-02  1.678E-02  1.552E-02  1.430E-02  1.314E-02  1.203E-02  1.086E-02  9.664E-03  8.631E-03  7.747E-03  6.994E-03  6.108E-03  5.383E-03  4.682E-03  4.096E-03  3.484E-03  2.974E-03  2.541E-03  2.170E-03  1.810E-03  1.472E-03  1.202E-03  9.835E-04  8.056E-04  6.396E-04  5.163E-04  4.070E-04  3.280E-04  2.556E-04  1.992E-04  1.549E-04  1.198E-04  9.198E-05  7.015E-05  5.306E-05  3.897E-05  2.837E-05  2.056E-05  1.424E-05  9.739E-06
  396.5000  3.053E-02  2.946E-02  2.839E-02  2.734E-02  2.630E-02  2.527E-02  2.425E-02  2.324E-02  2.225E-02  2.127E-02  2.030E-02  1.934E-02  1.839E-02  1.746E-02  1.655E-02  1.565E-02  1.477E-02  1.390E-02  1.305E-02  1.222E-02  1.141E-02  1.062E-02  9.859E-03  9.117E-03  8.402E-03  7.718E-03  7.069E-03  6.382E-03  5.676E-03  5.070E-03  4.550E-03  4.107E-03  3.586E-03  3.160E-03  2.749E-03  2.404E-03  2.045E-03  1.745E-03  1.491E-03  1.273E-03  1.061E-03  8.628E-04  7.048E-04  5.764E-04  4.720E-04  3.747E-04  3.024E-04  2.383E-04  1.920E-04  1.496E-04  1.166E-04  9.060E-05  7.006E-05  5.381E-05  4.104E-05  3.104E-05  2.280E-05  1.660E-05  1.203E-05  8.338E-06  5.702E-06
  397.5000  3.525E-02  3.401E-02  3.278E-02  3.157E-02  3.036E-02  2.917E-02  2.800E-02  2.683E-02  2.569E-02  2.455E-02  2.343E-02  2.233E-02  2.124E-02  2.016E-02  1.911E-02  1.807E-02  1.705E-02  1.605E-02  1.507E-02  1.411E-02  1.318E-02  1.227E-02  1.138E-02  1.053E-02  9.701E-03  8.910E-03  8.161E-03  7.367E-03  6.553E-03  5.852E-03  5.251E-03  4.740E-03  4.139E-03  3.647E-03  3.171E-03  2.773E-03  2.358E-03  2.013E-03  1.719E-03  1.468E-03  1.223E-03  9.942E-04  8.119E-04  6.639E-04  5.436E-04  4.314E-04  3.481E-04  2.742E-04  2.209E-04  1.721E-04  1.340E-04  1.042E-04  8.055E-05  6.186E-05  4.718E-05  3.569E-05  2.621E-05  1.909E-05  1.384E-05  9.591E-06  6.561E-06
  398.5000  6.059E-02  5.846E-02  5.635E-02  5.426E-02  5.220E-02  5.015E-02  4.813E-02  4.613E-02  4.416E-02  4.221E-02  4.028E-02  3.838E-02  3.651E-02  3.466E-02  3.285E-02  3.107E-02  2.931E-02  2.759E-02  2.591E-02  2.426E-02  2.266E-02  2.109E-02  1.957E-02  1.810E-02  1.668E-02  1.532E-02  1.403E-02  1.266E-02  1.126E-02  1.006E-02  9.026E-03  8.146E-03  7.111E-03  6.265E-03  5.447E-03  4.764E-03  4.050E-03  3.456E-03  2.951E-03  2.519E-03  2.099E-03  1.706E-03  1.393E-03  1.139E-03  9.320E-04  7.395E-04  5.965E-04  4.699E-04  3.784E-04  2.947E-04  2.295E-04  1.784E-04  1.379E-04  1.059E-04  8.076E-05  6.109E-05  4.488E-05  3.269E-05  2.370E-05  1.643E-05  1.124E-05
  399.5000  6.304E-02  6.082E-02  5.863E-02  5.646E-02  5.431E-02  5.218E-02  5.008E-02  4.800E-02  4.595E-02  4.392E-02  4.192E-02  3.994E-02  3.799E-02  3.607E-02  3.418E-02  3.233E-02  3.050E-02  2.871E-02  2.696E-02  2.524E-02  2.358E-02  2.195E-02  2.036E-02  1.883E-02  1.735E-02  1.594E-02  1.460E-02  1.318E-02  1.172E-02  1.046E-02  9.389E-03  8.473E-03  7.396E-03  6.515E-03  5.664E-03  4.952E-03  4.209E-03  3.591E-03  3.067E-03  2.617E-03  2.181E-03  1.772E-03  1.446E-03  1.182E-03  9.673E-04  7.672E-04  6.188E-04  4.873E-04  3.924E-04  3.055E-04  2.379E-04  1.848E-04  1.429E-04  1.097E-04  8.368E-05  6.330E-05  4.650E-05  3.388E-05  2.457E-05  1.703E-05  1.166E-05
------------------------------------------------------------
Dose rates,W m-2
   1 = UV index (WMO, 1994; Webb et al., 2011)           
   2 = Previtamin-D3 (CIE 2006)                          
values at z =      0.025 km
Columns: time,sza,weighting spectra
time,hrs.  sza,deg.          1          2
   18.0000     84.786  9.147E-02  1.293E-03
   18.0167     84.979  8.764E-02  1.231E-03
   18.0333     85.174  8.389E-02  1.171E-03
   18.0500     85.367  8.024E-02  1.113E-03
   18.0667     85.562  7.666E-02  1.058E-03
   18.0833     85.757  7.316E-02  1.005E-03
   18.1000     85.951  6.975E-02  9.538E-04
   18.1167     86.146  6.643E-02  9.047E-04
   18.1333     86.342  6.318E-02  8.576E-04
   18.1500     86.537  6.003E-02  8.125E-04
   18.1667     86.732  5.695E-02  7.691E-04
   18.1833     86.928  5.395E-02  7.274E-04
   18.2000     87.124  5.104E-02  6.874E-04
   18.2167     87.320  4.820E-02  6.490E-04
   18.2333     87.517  4.545E-02  6.122E-04
   18.2500     87.713  4.279E-02  5.770E-04
   18.2667     87.909  4.020E-02  5.430E-04
   18.2833     88.106  3.769E-02  5.105E-04
   18.3000     88.303  3.527E-02  4.793E-04
   18.3167     88.501  3.292E-02  4.495E-04
   18.3333     88.698  3.067E-02  4.209E-04
   18.3500     88.895  2.850E-02  3.935E-04
   18.3667     89.093  2.641E-02  3.673E-04
   18.3833     89.291  2.441E-02  3.422E-04
   18.4000     89.489  2.250E-02  3.184E-04
   18.4167     89.687  2.069E-02  2.957E-04
   18.4333     89.885  1.898E-02  2.744E-04
   18.4500     90.084  1.719E-02  2.518E-04
   18.4667     90.283  1.537E-02  2.286E-04
   18.4833     90.481  1.381E-02  2.086E-04
   18.5000     90.680  1.248E-02  1.914E-04
   18.5167     90.879  1.135E-02  1.767E-04
   18.5333     91.079  1.001E-02  1.589E-04
   18.5500     91.278  8.917E-03  1.442E-04
   18.5667     91.478  7.851E-03  1.295E-04
   18.5833     91.678  6.956E-03  1.170E-04
   18.6000     91.878  6.011E-03  1.034E-04
   18.6167     92.077  5.214E-03  9.158E-05
   18.6333     92.278  4.526E-03  8.111E-05
   18.6500     92.478  3.930E-03  7.176E-05
   18.6667     92.678  3.336E-03  6.211E-05
   18.6833     92.879  2.783E-03  5.311E-05
   18.7000     93.080  2.327E-03  4.527E-05
   18.7167     93.281  1.946E-03  3.850E-05
   18.7333     93.482  1.627E-03  3.264E-05
   18.7500     93.683  1.319E-03  2.673E-05
   18.7667     93.884  1.085E-03  2.216E-05
   18.7833     94.086  8.683E-04  1.779E-05
   18.8000     94.287  7.069E-04  1.446E-05
   18.8167     94.489  5.560E-04  1.134E-05
   18.8333     94.691  4.344E-04  8.768E-06
   18.8500     94.893  3.366E-04  6.693E-06
   18.8667     95.095  2.579E-04  5.022E-06
   18.8833     95.297  1.948E-04  3.685E-06
   18.9000     95.499  1.447E-04  2.612E-06
   18.9167     95.702  1.053E-04  1.762E-06
   18.9333     95.905  7.245E-05  1.037E-06
   18.9500     96.108  4.885E-05  5.525E-07
   18.9667     96.310  3.200E-05  2.492E-07
   18.9833     96.514  2.006E-05  9.528E-08
   19.0000     96.716  1.232E-05  3.217E-08
------------------------------------------------------------
