Spectral Irradiance,W m-2 nm-1
values at z =      0.025 km
Columns: wavelength (nm),times (hrs.) or sza (deg.)
    wc,nm     18.000     18.017     18.033     18.050     18.067     18.083     18.100     18.117     18.133     18.150     18.167     18.183     18.200     18.217     18.233     18.250     18.267     18.283     18.300     18.317     18.333     18.350     18.367     18.383     18.400     18.417     18.433     18.450     18.467     18.483     18.500     18.517     18.533     18.550     18.567     18.583     18.600     18.617     18.633     18.650     18.667     18.683     18.700     18.717     18.733     18.750     18.767     18.783     18.800     18.817     18.833     18.850     18.867     18.883     18.900     18.917     18.933     18.950     18.967     18.983     19.000
    sza =      84.497     84.692     84.887     85.081     85.276     85.472     85.667     85.863     86.059     86.255     86.451     86.647     86.844     87.041     87.238     87.435     87.632     87.830     88.027     88.225     88.423     88.621     88.819     89.018     89.217     89.416     89.614     89.813     90.013     90.212     90.412     90.611     90.811     91.011     91.212     91.412     91.613     91.813     92.014     92.215     92.416     92.617     92.818     93.019     93.221     93.423     93.625     93.827     94.029     94.231     94.433     94.636     94.839     95.042     95.244     95.447     95.650     95.854     96.057     96.261     96.464
  280.5000  1.081E-26  1.059E-26  1.036E-26  1.014E-26  9.913E-27  9.686E-27  9.459E-27  9.231E-27  9.002E-27  8.772E-27  8.541E-27  8.308E-27  8.073E-27  7.837E-27  7.600E-27  7.362E-27  7.121E-27  6.878E-27  6.634E-27  6.388E-27  6.140E-27  5.891E-27  5.640E-27  5.388E-27  5.135E-27  4.882E-27  4.631E-27  4.382E-27  4.131E-27  3.801E-27  3.515E-27  3.266E-27  3.048E-27  2.846E-27  2.544E-27  2.360E-27  2.088E-27  1.862E-27  1.689E-27  1.474E-27  1.281E-27  1.106E-27  9.480E-28  8.065E-28  6.598E-28  5.431E-28  4.441E-28  3.393E-28  2.605E-28  1.819E-28  1.182E-28  6.836E-29  3.418E-29  1.149E-29  2.039E-30  8.687E-32  4.607E-34  7.254E-38  1.401E-44  0.000E+00  0.000E+00
  281.5000  2.470E-24  2.419E-24  2.367E-24  2.316E-24  2.264E-24  2.212E-24  2.160E-24  2.108E-24  2.056E-24  2.004E-24  1.951E-24  1.898E-24  1.844E-24  1.790E-24  1.736E-24  1.682E-24  1.627E-24  1.572E-24  1.516E-24  1.460E-24  1.404E-24  1.347E-24  1.290E-24  1.232E-24  1.174E-24  1.117E-24  1.060E-24  1.003E-24  9.458E-25  8.704E-25  8.052E-25  7.486E-25  6.989E-25  6.526E-25  5.835E-25  5.414E-25  4.793E-25  4.275E-25  3.879E-25  3.387E-25  2.943E-25  2.542E-25  2.180E-25  1.856E-25  1.520E-25  1.253E-25  1.027E-25  7.891E-26  6.107E-26  4.327E-26  2.876E-26  1.722E-26  9.053E-27  3.319E-27  6.824E-28  3.821E-29  3.215E-31  1.094E-34  8.800E-41  0.000E+00  0.000E+00
  282.5000  1.798E-22  1.761E-22  1.723E-22  1.686E-22  1.648E-22  1.610E-22  1.572E-22  1.534E-22  1.496E-22  1.458E-22  1.419E-22  1.381E-22  1.342E-22  1.303E-22  1.263E-22  1.224E-22  1.184E-22  1.144E-22  1.103E-22  1.063E-22  1.022E-22  9.805E-23  9.390E-23  8.973E-23  8.555E-23  8.137E-23  7.722E-23  7.310E-23  6.895E-23  6.347E-23  5.874E-23  5.462E-23  5.101E-23  4.765E-23  4.262E-23  3.955E-23  3.503E-23  3.125E-23  2.836E-23  2.477E-23  2.154E-23  1.861E-23  1.596E-23  1.360E-23  1.114E-23  9.196E-24  7.552E-24  5.832E-24  4.544E-24  3.259E-24  2.208E-24  1.362E-24  7.477E-25  2.957E-25  6.919E-26  4.937E-27  6.256E-29  4.202E-32  1.141E-37  0.000E+00  0.000E+00
  283.5000  2.629E-21  2.574E-21  2.519E-21  2.464E-21  2.409E-21  2.353E-21  2.298E-21  2.242E-21  2.186E-21  2.130E-21  2.074E-21  2.018E-21  1.961E-21  1.904E-21  1.846E-21  1.788E-21  1.730E-21  1.671E-21  1.612E-21  1.553E-21  1.493E-21  1.433E-21  1.373E-21  1.312E-21  1.251E-21  1.190E-21  1.129E-21  1.069E-21  1.009E-21  9.287E-22  8.596E-22  7.996E-22  7.468E-22  6.978E-22  6.242E-22  5.794E-22  5.133E-22  4.580E-22  4.158E-22  3.632E-22  3.159E-22  2.730E-22  2.343E-22  1.996E-22  1.637E-22  1.352E-22  1.112E-22  8.611E-23  6.738E-23  4.869E-23  3.339E-23  2.100E-23  1.185E-23  4.926E-24  1.254E-24  1.050E-25  1.742E-27  1.830E-30  1.101E-35  3.083E-44  0.000E+00
  284.5000  2.143E-19  2.098E-19  2.053E-19  2.008E-19  1.963E-19  1.917E-19  1.872E-19  1.827E-19  1.781E-19  1.735E-19  1.689E-19  1.643E-19  1.597E-19  1.550E-19  1.503E-19  1.456E-19  1.409E-19  1.361E-19  1.313E-19  1.265E-19  1.217E-19  1.168E-19  1.119E-19  1.069E-19  1.020E-19  9.704E-20  9.213E-20  8.726E-20  8.235E-20  7.586E-20  7.024E-20  6.537E-20  6.109E-20  5.712E-20  5.111E-20  4.747E-20  4.208E-20  3.756E-20  3.412E-20  2.982E-20  2.595E-20  2.244E-20  1.926E-20  1.643E-20  1.349E-20  1.115E-20  9.190E-21  7.156E-21  5.641E-21  4.128E-21  2.889E-21  1.877E-21  1.110E-21  5.008E-22  1.467E-22  1.603E-23  4.173E-25  9.331E-28  2.184E-32  5.866E-40  0.000E+00
  285.5000  3.488E-18  3.414E-18  3.340E-18  3.266E-18  3.192E-18  3.118E-18  3.044E-18  2.970E-18  2.895E-18  2.821E-18  2.746E-18  2.671E-18  2.595E-18  2.519E-18  2.443E-18  2.367E-18  2.290E-18  2.212E-18  2.134E-18  2.056E-18  1.977E-18  1.898E-18  1.818E-18  1.738E-18  1.658E-18  1.578E-18  1.498E-18  1.420E-18  1.340E-18  1.235E-18  1.144E-18  1.065E-18  9.954E-19  9.312E-19  8.336E-19  7.745E-19  6.868E-19  6.134E-19  5.574E-19  4.874E-19  4.243E-19  3.671E-19  3.153E-19  2.690E-19  2.211E-19  1.830E-19  1.510E-19  1.180E-19  9.355E-20  6.911E-20  4.909E-20  3.267E-20  2.002E-20  9.620E-21  3.145E-21  4.235E-22  1.572E-23  6.357E-26  4.254E-30  6.434E-37  0.000E+00
  286.5000  1.344E-16  1.315E-16  1.286E-16  1.258E-16  1.229E-16  1.200E-16  1.172E-16  1.143E-16  1.114E-16  1.085E-16  1.056E-16  1.027E-16  9.983E-17  9.690E-17  9.397E-17  9.102E-17  8.806E-17  8.508E-17  8.208E-17  7.907E-17  7.605E-17  7.300E-17  6.994E-17  6.687E-17  6.379E-17  6.072E-17  5.766E-17  5.464E-17  5.159E-17  4.754E-17  4.405E-17  4.102E-17  3.836E-17  3.590E-17  3.215E-17  2.988E-17  2.651E-17  2.369E-17  2.153E-17  1.884E-17  1.640E-17  1.420E-17  1.220E-17  1.041E-17  8.565E-18  7.093E-18  5.863E-18  4.595E-18  3.656E-18  2.719E-18  1.954E-18  1.324E-18  8.332E-19  4.203E-19  1.495E-19  2.367E-20  1.157E-21  7.415E-24  1.119E-27  6.421E-34  1.079E-43
  287.5000  2.878E-15  2.816E-15  2.754E-15  2.692E-15  2.630E-15  2.569E-15  2.507E-15  2.445E-15  2.383E-15  2.321E-15  2.259E-15  2.196E-15  2.134E-15  2.071E-15  2.008E-15  1.945E-15  1.881E-15  1.818E-15  1.754E-15  1.689E-15  1.625E-15  1.560E-15  1.494E-15  1.429E-15  1.363E-15  1.298E-15  1.233E-15  1.168E-15  1.103E-15  1.017E-15  9.426E-16  8.781E-16  8.215E-16  7.692E-16  6.891E-16  6.407E-16  5.687E-16  5.085E-16  4.624E-16  4.048E-16  3.527E-16  3.054E-16  2.626E-16  2.243E-16  1.846E-16  1.530E-16  1.267E-16  9.956E-17  7.954E-17  5.960E-17  4.332E-17  2.992E-17  1.937E-17  1.028E-17  4.000E-18  7.524E-19  4.938E-20  5.193E-22  1.890E-25  4.631E-31  7.862E-40
  288.5000  6.104E-14  5.971E-14  5.837E-14  5.705E-14  5.572E-14  5.440E-14  5.307E-14  5.174E-14  5.042E-14  4.910E-14  4.777E-14  4.644E-14  4.511E-14  4.377E-14  4.243E-14  4.110E-14  3.975E-14  3.840E-14  3.704E-14  3.567E-14  3.431E-14  3.294E-14  3.156E-14  3.018E-14  2.879E-14  2.741E-14  2.604E-14  2.469E-14  2.332E-14  2.150E-14  1.994E-14  1.858E-14  1.739E-14  1.629E-14  1.460E-14  1.358E-14  1.207E-14  1.080E-14  9.825E-15  8.605E-15  7.503E-15  6.501E-15  5.594E-15  4.782E-15  3.940E-15  3.269E-15  2.710E-15  2.137E-15  1.715E-15  1.295E-15  9.526E-16  6.712E-16  4.478E-16  2.511E-16  1.076E-16  2.443E-17  2.214E-18  4.017E-20  3.841E-23  4.613E-28  9.844E-36
  289.5000  9.446E-13  9.236E-13  9.028E-13  8.821E-13  8.613E-13  8.406E-13  8.199E-13  7.992E-13  7.785E-13  7.579E-13  7.373E-13  7.166E-13  6.959E-13  6.751E-13  6.544E-13  6.336E-13  6.127E-13  5.918E-13  5.708E-13  5.497E-13  5.286E-13  5.074E-13  4.862E-13  4.648E-13  4.435E-13  4.223E-13  4.012E-13  3.803E-13  3.593E-13  3.314E-13  3.073E-13  2.865E-13  2.682E-13  2.514E-13  2.254E-13  2.098E-13  1.864E-13  1.669E-13  1.520E-13  1.332E-13  1.162E-13  1.007E-13  8.673E-14  7.418E-14  6.116E-14  5.079E-14  4.215E-14  3.331E-14  2.681E-14  2.035E-14  1.510E-14  1.079E-14  7.357E-15  4.293E-15  1.975E-15  5.159E-16  5.944E-17  1.618E-18  3.155E-21  1.207E-25  1.601E-32
  290.5000  9.067E-12  8.864E-12  8.661E-12  8.460E-12  8.258E-12  8.058E-12  7.857E-12  7.657E-12  7.457E-12  7.258E-12  7.058E-12  6.858E-12  6.658E-12  6.458E-12  6.258E-12  6.058E-12  5.858E-12  5.656E-12  5.455E-12  5.252E-12  5.050E-12  4.847E-12  4.644E-12  4.440E-12  4.236E-12  4.033E-12  3.832E-12  3.633E-12  3.433E-12  3.166E-12  2.937E-12  2.738E-12  2.565E-12  2.405E-12  2.156E-12  2.008E-12  1.785E-12  1.599E-12  1.458E-12  1.277E-12  1.115E-12  9.670E-13  8.331E-13  7.130E-13  5.883E-13  4.888E-13  4.061E-13  3.215E-13  2.594E-13  1.977E-13  1.478E-13  1.068E-13  7.408E-14  4.463E-14  2.176E-14  6.376E-15  8.954E-16  3.414E-17  1.205E-19  1.215E-23  7.450E-30
  291.5000  7.756E-11  7.578E-11  7.402E-11  7.227E-11  7.052E-11  6.877E-11  6.703E-11  6.530E-11  6.357E-11  6.185E-11  6.012E-11  5.840E-11  5.668E-11  5.496E-11  5.324E-11  5.152E-11  4.980E-11  4.807E-11  4.635E-11  4.462E-11  4.289E-11  4.116E-11  3.942E-11  3.769E-11  3.596E-11  3.423E-11  3.252E-11  3.083E-11  2.914E-11  2.688E-11  2.493E-11  2.326E-11  2.179E-11  2.044E-11  1.833E-11  1.708E-11  1.519E-11  1.362E-11  1.241E-11  1.089E-11  9.513E-12  8.258E-12  7.119E-12  6.098E-12  5.035E-12  4.188E-12  3.483E-12  2.763E-12  2.235E-12  1.712E-12  1.289E-12  9.429E-13  6.659E-13  4.152E-13  2.154E-13  7.143E-14  1.244E-14  6.864E-16  4.674E-18  1.390E-21  4.743E-27
  292.5000  4.235E-10  4.137E-10  4.039E-10  3.941E-10  3.844E-10  3.747E-10  3.651E-10  3.555E-10  3.460E-10  3.365E-10  3.269E-10  3.175E-10  3.080E-10  2.985E-10  2.891E-10  2.796E-10  2.702E-10  2.607E-10  2.513E-10  2.419E-10  2.324E-10  2.230E-10  2.135E-10  2.041E-10  1.947E-10  1.853E-10  1.760E-10  1.669E-10  1.577E-10  1.455E-10  1.350E-10  1.259E-10  1.180E-10  1.107E-10  9.934E-11  9.257E-11  8.240E-11  7.388E-11  6.738E-11  5.915E-11  5.171E-11  4.492E-11  3.875E-11  3.321E-11  2.745E-11  2.285E-11  1.902E-11  1.512E-11  1.225E-11  9.418E-12  7.131E-12  5.270E-12  3.777E-12  2.423E-12  1.324E-12  4.878E-13  1.020E-13  7.708E-15  9.133E-17  6.683E-20  9.368E-25
  293.5000  2.663E-09  2.599E-09  2.536E-09  2.474E-09  2.412E-09  2.350E-09  2.288E-09  2.227E-09  2.166E-09  2.105E-09  2.045E-09  1.984E-09  1.924E-09  1.864E-09  1.804E-09  1.745E-09  1.685E-09  1.626E-09  1.566E-09  1.507E-09  1.447E-09  1.388E-09  1.329E-09  1.270E-09  1.211E-09  1.152E-09  1.094E-09  1.037E-09  9.802E-10  9.043E-10  8.390E-10  7.826E-10  7.334E-10  6.886E-10  6.179E-10  5.760E-10  5.129E-10  4.601E-10  4.199E-10  3.689E-10  3.227E-10  2.805E-10  2.422E-10  2.077E-10  1.718E-10  1.431E-10  1.193E-10  9.494E-11  7.712E-11  5.947E-11  4.527E-11  3.374E-11  2.450E-11  1.612E-11  9.233E-12  3.741E-12  9.250E-13  9.347E-14  1.854E-15  3.157E-18  1.671E-22
  294.5000  9.386E-09  9.157E-09  8.930E-09  8.706E-09  8.482E-09  8.260E-09  8.040E-09  7.821E-09  7.602E-09  7.386E-09  7.170E-09  6.956E-09  6.742E-09  6.528E-09  6.316E-09  6.105E-09  5.893E-09  5.682E-09  5.472E-09  5.262E-09  5.053E-09  4.844E-09  4.636E-09  4.428E-09  4.221E-09  4.016E-09  3.813E-09  3.614E-09  3.414E-09  3.149E-09  2.922E-09  2.725E-09  2.554E-09  2.399E-09  2.153E-09  2.007E-09  1.788E-09  1.604E-09  1.465E-09  1.288E-09  1.127E-09  9.803E-10  8.468E-10  7.268E-10  6.017E-10  5.016E-10  4.184E-10  3.335E-10  2.713E-10  2.098E-10  1.603E-10  1.203E-10  8.830E-11  5.928E-11  3.527E-11  1.546E-11  4.391E-12  5.641E-13  1.708E-14  5.769E-17  8.861E-21
  295.5000  4.593E-08  4.478E-08  4.364E-08  4.251E-08  4.139E-08  4.028E-08  3.917E-08  3.808E-08  3.699E-08  3.592E-08  3.484E-08  3.378E-08  3.272E-08  3.166E-08  3.061E-08  2.957E-08  2.853E-08  2.749E-08  2.646E-08  2.543E-08  2.441E-08  2.338E-08  2.237E-08  2.135E-08  2.035E-08  1.935E-08  1.837E-08  1.740E-08  1.643E-08  1.516E-08  1.405E-08  1.311E-08  1.229E-08  1.154E-08  1.036E-08  9.657E-09  8.607E-09  7.728E-09  7.058E-09  6.208E-09  5.437E-09  4.733E-09  4.092E-09  3.515E-09  2.913E-09  2.430E-09  2.029E-09  1.620E-09  1.320E-09  1.023E-09  7.853E-10  5.933E-10  4.398E-10  3.012E-10  1.860E-10  8.813E-11  2.874E-11  4.708E-12  2.196E-13  1.507E-15  7.013E-19
  296.5000  1.413E-07  1.377E-07  1.340E-07  1.305E-07  1.269E-07  1.234E-07  1.200E-07  1.165E-07  1.131E-07  1.097E-07  1.064E-07  1.031E-07  9.975E-08  9.647E-08  9.321E-08  8.997E-08  8.674E-08  8.354E-08  8.035E-08  7.717E-08  7.402E-08  7.088E-08  6.775E-08  6.465E-08  6.156E-08  5.851E-08  5.552E-08  5.257E-08  4.963E-08  4.576E-08  4.243E-08  3.957E-08  3.707E-08  3.483E-08  3.125E-08  2.914E-08  2.598E-08  2.333E-08  2.131E-08  1.876E-08  1.644E-08  1.432E-08  1.239E-08  1.065E-08  8.837E-09  7.378E-09  6.165E-09  4.928E-09  4.022E-09  3.125E-09  2.407E-09  1.829E-09  1.367E-09  9.514E-10  6.065E-10  3.070E-10  1.128E-10  2.280E-11  1.542E-12  1.942E-14  2.324E-17
  297.5000  4.505E-07  4.384E-07  4.265E-07  4.148E-07  4.032E-07  3.917E-07  3.804E-07  3.692E-07  3.581E-07  3.471E-07  3.362E-07  3.254E-07  3.147E-07  3.041E-07  2.936E-07  2.832E-07  2.728E-07  2.626E-07  2.523E-07  2.422E-07  2.321E-07  2.221E-07  2.122E-07  2.023E-07  1.926E-07  1.829E-07  1.734E-07  1.642E-07  1.549E-07  1.428E-07  1.324E-07  1.234E-07  1.155E-07  1.085E-07  9.737E-08  9.080E-08  8.096E-08  7.274E-08  6.645E-08  5.852E-08  5.132E-08  4.474E-08  3.873E-08  3.332E-08  2.767E-08  2.312E-08  1.933E-08  1.548E-08  1.265E-08  9.846E-09  7.605E-09  5.805E-09  4.368E-09  3.082E-09  2.017E-09  1.080E-09  4.390E-10  1.063E-10  9.918E-12  2.119E-13  5.775E-16
  298.5000  8.360E-07  8.129E-07  7.901E-07  7.676E-07  7.455E-07  7.236E-07  7.020E-07  6.806E-07  6.595E-07  6.388E-07  6.182E-07  5.978E-07  5.777E-07  5.577E-07  5.380E-07  5.185E-07  4.991E-07  4.799E-07  4.609E-07  4.420E-07  4.233E-07  4.047E-07  3.864E-07  3.681E-07  3.501E-07  3.324E-07  3.149E-07  2.979E-07  2.809E-07  2.588E-07  2.397E-07  2.234E-07  2.092E-07  1.964E-07  1.762E-07  1.643E-07  1.465E-07  1.316E-07  1.203E-07  1.060E-07  9.297E-08  8.109E-08  7.025E-08  6.047E-08  5.027E-08  4.204E-08  3.518E-08  2.820E-08  2.307E-08  1.799E-08  1.393E-08  1.068E-08  8.078E-09  5.765E-09  3.857E-09  2.165E-09  9.596E-10  2.712E-10  3.339E-11  1.123E-12  6.205E-15
  299.5000  2.868E-06  2.785E-06  2.704E-06  2.624E-06  2.545E-06  2.468E-06  2.391E-06  2.316E-06  2.242E-06  2.169E-06  2.097E-06  2.026E-06  1.955E-06  1.886E-06  1.817E-06  1.749E-06  1.682E-06  1.616E-06  1.550E-06  1.485E-06  1.421E-06  1.358E-06  1.295E-06  1.233E-06  1.171E-06  1.111E-06  1.052E-06  9.942E-07  9.369E-07  8.625E-07  7.988E-07  7.437E-07  6.957E-07  6.535E-07  5.858E-07  5.460E-07  4.869E-07  4.375E-07  3.998E-07  3.523E-07  3.093E-07  2.699E-07  2.340E-07  2.016E-07  1.677E-07  1.404E-07  1.176E-07  9.435E-08  7.727E-08  6.038E-08  4.687E-08  3.604E-08  2.740E-08  1.974E-08  1.346E-08  7.876E-09  3.767E-09  1.223E-09  1.934E-10  9.861E-12  1.044E-13
  300.5000  3.799E-06  3.686E-06  3.574E-06  3.465E-06  3.358E-06  3.252E-06  3.148E-06  3.045E-06  2.944E-06  2.846E-06  2.748E-06  2.652E-06  2.557E-06  2.463E-06  2.371E-06  2.281E-06  2.191E-06  2.102E-06  2.015E-06  1.929E-06  1.844E-06  1.759E-06  1.677E-06  1.595E-06  1.514E-06  1.435E-06  1.357E-06  1.282E-06  1.207E-06  1.111E-06  1.093E-06  9.563E-07  8.935E-07  8.395E-07  7.522E-07  7.008E-07  6.248E-07  5.615E-07  5.130E-07  4.478E-07  3.971E-07  3.467E-07  3.007E-07  2.592E-07  2.159E-07  1.808E-07  1.516E-07  1.218E-07  9.982E-08  7.812E-08  6.075E-08  4.685E-08  3.574E-08  2.596E-08  1.797E-08  1.086E-08  5.527E-09  2.008E-09  3.889E-10  2.772E-11  4.957E-13
  301.5000  1.119E-05  1.084E-05  1.050E-05  1.016E-05  9.829E-06  9.505E-06  9.187E-06  8.875E-06  8.569E-06  8.269E-06  7.974E-06  7.683E-06  7.398E-06  7.117E-06  6.841E-06  6.570E-06  6.303E-06  6.040E-06  5.781E-06  5.525E-06  5.275E-06  5.028E-06  4.785E-06  4.545E-06  4.310E-06  4.079E-06  3.855E-06  3.636E-06  3.420E-06  3.144E-06  2.906E-06  2.702E-06  2.525E-06  2.368E-06  2.120E-06  1.974E-06  1.760E-06  1.581E-06  1.444E-06  1.273E-06  1.118E-06  9.768E-07  8.478E-07  7.313E-07  6.097E-07  5.112E-07  4.288E-07  3.450E-07  2.831E-07  2.219E-07  1.730E-07  1.338E-07  1.024E-07  7.497E-08  5.267E-08  3.292E-08  1.782E-08  7.262E-09  1.736E-09  1.761E-10  5.486E-12
  302.5000  1.833E-05  1.773E-05  1.715E-05  1.658E-05  1.602E-05  1.548E-05  1.494E-05  1.442E-05  1.390E-05  1.340E-05  1.290E-05  1.242E-05  1.194E-05  1.148E-05  1.102E-05  1.057E-05  1.013E-05  9.694E-06  9.267E-06  8.848E-06  8.438E-06  8.034E-06  7.636E-06  7.246E-06  6.864E-06  6.490E-06  6.125E-06  5.773E-06  5.426E-06  4.983E-06  4.603E-06  4.275E-06  3.992E-06  3.742E-06  3.348E-06  3.116E-06  2.776E-06  2.493E-06  2.277E-06  2.005E-06  1.763E-06  1.541E-06  1.338E-06  1.154E-06  9.634E-07  8.082E-07  6.784E-07  5.464E-07  4.487E-07  3.522E-07  2.749E-07  2.131E-07  1.636E-07  1.203E-07  8.536E-08  5.454E-08  3.078E-08  1.356E-08  3.740E-09  4.820E-10  2.187E-11
  303.5000  4.420E-05  4.269E-05  4.121E-05  3.978E-05  3.837E-05  3.700E-05  3.566E-05  3.435E-05  3.306E-05  3.181E-05  3.059E-05  2.939E-05  2.821E-05  2.706E-05  2.594E-05  2.484E-05  2.376E-05  2.270E-05  2.166E-05  2.065E-05  1.966E-05  1.868E-05  1.773E-05  1.680E-05  1.589E-05  1.500E-05  1.414E-05  1.330E-05  1.248E-05  1.145E-05  1.056E-05  9.798E-06  9.137E-06  8.557E-06  7.649E-06  7.111E-06  6.331E-06  5.684E-06  5.187E-06  4.574E-06  4.017E-06  3.510E-06  3.049E-06  2.633E-06  2.200E-06  1.847E-06  1.552E-06  1.251E-06  1.029E-06  8.089E-07  6.325E-07  4.914E-07  3.783E-07  2.798E-07  2.007E-07  1.314E-07  7.766E-08  3.735E-08  1.212E-08  2.054E-09  1.438E-10
  304.5000  5.985E-05  5.773E-05  5.567E-05  5.366E-05  5.170E-05  4.979E-05  4.792E-05  4.611E-05  4.433E-05  4.260E-05  4.091E-05  3.926E-05  3.764E-05  3.606E-05  3.452E-05  3.302E-05  3.154E-05  3.010E-05  2.869E-05  2.731E-05  2.597E-05  2.466E-05  2.337E-05  2.211E-05  2.089E-05  1.970E-05  1.855E-05  1.743E-05  1.634E-05  1.498E-05  1.380E-05  1.279E-05  1.192E-05  1.116E-05  9.962E-06  9.255E-06  8.236E-06  7.391E-06  6.742E-06  5.942E-06  5.219E-06  4.561E-06  3.963E-06  3.423E-06  2.862E-06  2.404E-06  2.021E-06  1.632E-06  1.342E-06  1.057E-06  8.272E-07  6.436E-07  4.963E-07  3.684E-07  2.659E-07  1.766E-07  1.074E-07  5.443E-08  1.946E-08  3.884E-09  3.515E-10
  305.5000  1.120E-04  1.077E-04  1.036E-04  9.963E-05  9.575E-05  9.199E-05  8.833E-05  8.478E-05  8.133E-05  7.798E-05  7.471E-05  7.153E-05  6.843E-05  6.541E-05  6.247E-05  5.961E-05  5.682E-05  5.410E-05  5.145E-05  4.887E-05  4.636E-05  4.391E-05  4.153E-05  3.921E-05  3.696E-05  3.477E-05  3.268E-05  3.065E-05  2.868E-05  2.624E-05  2.413E-05  2.233E-05  2.077E-05  1.941E-05  1.731E-05  1.606E-05  1.427E-05  1.280E-05  1.166E-05  1.027E-05  9.020E-06  7.883E-06  6.849E-06  5.918E-06  4.953E-06  4.165E-06  3.504E-06  2.834E-06  2.333E-06  1.840E-06  1.443E-06  1.126E-06  8.698E-07  6.486E-07  4.722E-07  3.197E-07  2.015E-07  1.096E-07  4.475E-08  1.120E-08  1.454E-09
  306.5000  1.374E-04  1.320E-04  1.267E-04  1.217E-04  1.168E-04  1.121E-04  1.075E-04  1.030E-04  9.872E-05  9.454E-05  9.047E-05  8.652E-05  8.268E-05  7.894E-05  7.531E-05  7.178E-05  6.834E-05  6.500E-05  6.174E-05  5.858E-05  5.551E-05  5.252E-05  4.961E-05  4.679E-05  4.405E-05  4.141E-05  3.886E-05  3.641E-05  3.403E-05  3.110E-05  2.858E-05  2.642E-05  2.455E-05  2.293E-05  2.043E-05  1.894E-05  1.682E-05  1.507E-05  1.373E-05  1.209E-05  1.061E-05  9.274E-06  8.058E-06  6.964E-06  5.832E-06  4.906E-06  4.129E-06  3.342E-06  2.753E-06  2.173E-06  1.706E-06  1.332E-06  1.031E-06  7.703E-07  5.629E-07  3.846E-07  2.466E-07  1.386E-07  6.013E-08  1.667E-08  2.544E-09
  307.5000  2.807E-04  2.686E-04  2.570E-04  2.459E-04  2.352E-04  2.249E-04  2.150E-04  2.054E-04  1.962E-04  1.873E-04  1.787E-04  1.704E-04  1.624E-04  1.546E-04  1.471E-04  1.398E-04  1.327E-04  1.258E-04  1.192E-04  1.128E-04  1.066E-04  1.005E-04  9.471E-05  8.907E-05  8.363E-05  7.839E-05  7.337E-05  6.856E-05  6.391E-05  5.828E-05  5.342E-05  4.927E-05  4.568E-05  4.256E-05  3.785E-05  3.502E-05  3.106E-05  2.779E-05  2.528E-05  2.224E-05  1.951E-05  1.704E-05  1.480E-05  1.279E-05  1.072E-05  9.026E-06  7.603E-06  6.164E-06  5.083E-06  4.020E-06  3.162E-06  2.474E-06  1.918E-06  1.438E-06  1.058E-06  7.332E-07  4.830E-07  2.863E-07  1.377E-07  4.564E-08  9.294E-09
  308.5000  3.642E-04  3.480E-04  3.324E-04  3.175E-04  3.032E-04  2.894E-04  2.762E-04  2.636E-04  2.514E-04  2.396E-04  2.283E-04  2.174E-04  2.069E-04  1.967E-04  1.869E-04  1.774E-04  1.682E-04  1.593E-04  1.507E-04  1.424E-04  1.344E-04  1.267E-04  1.192E-04  1.119E-04  1.050E-04  9.826E-05  9.186E-05  8.573E-05  7.982E-05  7.270E-05  6.658E-05  6.132E-05  5.679E-05  5.287E-05  4.696E-05  4.341E-05  3.847E-05  3.440E-05  3.126E-05  2.749E-05  2.410E-05  2.105E-05  1.828E-05  1.580E-05  1.325E-05  1.115E-05  9.400E-06  7.626E-06  6.293E-06  4.981E-06  3.922E-06  3.072E-06  2.383E-06  1.791E-06  1.321E-06  9.212E-07  6.141E-07  3.726E-07  1.872E-07  6.692E-08  1.536E-08
  309.5000  4.271E-04  4.066E-04  3.871E-04  3.684E-04  3.506E-04  3.336E-04  3.173E-04  3.017E-04  2.868E-04  2.725E-04  2.588E-04  2.457E-04  2.331E-04  2.210E-04  2.093E-04  1.982E-04  1.874E-04  1.770E-04  1.670E-04  1.574E-04  1.481E-04  1.392E-04  1.306E-04  1.223E-04  1.144E-04  1.068E-04  9.960E-05  9.271E-05  8.609E-05  7.823E-05  7.146E-05  6.566E-05  6.066E-05  5.634E-05  4.995E-05  4.607E-05  4.076E-05  3.639E-05  3.302E-05  2.900E-05  2.542E-05  2.217E-05  1.924E-05  1.663E-05  1.395E-05  1.175E-05  9.905E-06  8.047E-06  6.646E-06  5.269E-06  4.156E-06  3.260E-06  2.533E-06  1.908E-06  1.413E-06  9.949E-07  6.745E-07  4.231E-07  2.270E-07  9.107E-08  2.523E-08
  310.5000  7.335E-04  6.965E-04  6.613E-04  6.278E-04  5.958E-04  5.653E-04  5.362E-04  5.084E-04  4.820E-04  4.568E-04  4.326E-04  4.096E-04  3.875E-04  3.664E-04  3.462E-04  3.269E-04  3.084E-04  2.906E-04  2.735E-04  2.571E-04  2.415E-04  2.264E-04  2.120E-04  1.981E-04  1.848E-04  1.722E-04  1.602E-04  1.487E-04  1.378E-04  1.250E-04  1.139E-04  1.044E-04  9.626E-05  8.923E-05  7.894E-05  7.268E-05  6.420E-05  5.723E-05  5.184E-05  4.547E-05  3.983E-05  3.469E-05  3.010E-05  2.600E-05  2.181E-05  1.838E-05  1.550E-05  1.261E-05  1.042E-05  8.272E-06  6.534E-06  5.134E-06  3.993E-06  3.015E-06  2.240E-06  1.588E-06  1.090E-06  7.005E-07  3.944E-07  1.722E-07  5.478E-08
  311.5000  1.113E-03  1.055E-03  1.000E-03  9.479E-04  8.979E-04  8.502E-04  8.049E-04  7.617E-04  7.205E-04  6.815E-04  6.441E-04  6.085E-04  5.746E-04  5.422E-04  5.113E-04  4.818E-04  4.536E-04  4.266E-04  4.008E-04  3.761E-04  3.526E-04  3.300E-04  3.084E-04  2.877E-04  2.680E-04  2.492E-04  2.314E-04  2.145E-04  1.984E-04  1.796E-04  1.634E-04  1.496E-04  1.377E-04  1.274E-04  1.125E-04  1.035E-04  9.127E-05  8.125E-05  7.352E-05  6.442E-05  5.625E-05  4.907E-05  4.255E-05  3.674E-05  3.083E-05  2.598E-05  2.191E-05  1.784E-05  1.475E-05  1.172E-05  9.267E-06  7.290E-06  5.674E-06  4.290E-06  3.195E-06  2.275E-06  1.573E-06  1.027E-06  5.965E-07  2.750E-07  9.564E-08
  312.5000  1.521E-03  1.439E-03  1.361E-03  1.286E-03  1.215E-03  1.147E-03  1.082E-03  1.021E-03  9.620E-04  9.064E-04  8.534E-04  8.029E-04  7.550E-04  7.095E-04  6.662E-04  6.252E-04  5.862E-04  5.490E-04  5.137E-04  4.801E-04  4.482E-04  4.178E-04  3.889E-04  3.614E-04  3.355E-04  3.106E-04  2.873E-04  2.653E-04  2.444E-04  2.204E-04  1.998E-04  1.822E-04  1.670E-04  1.540E-04  1.356E-04  1.242E-04  1.092E-04  9.694E-05  8.744E-05  7.643E-05  6.671E-05  5.799E-05  5.021E-05  4.330E-05  3.633E-05  3.061E-05  2.582E-05  2.104E-05  1.741E-05  1.386E-05  1.098E-05  8.659E-06  6.750E-06  5.118E-06  3.826E-06  2.745E-06  1.923E-06  1.287E-06  7.858E-07  3.972E-07  1.611E-07
  313.5000  1.877E-03  1.775E-03  1.678E-03  1.585E-03  1.496E-03  1.412E-03  1.331E-03  1.255E-03  1.182E-03  1.113E-03  1.047E-03  9.840E-04  9.245E-04  8.679E-04  8.142E-04  7.634E-04  7.150E-04  6.690E-04  6.254E-04  5.839E-04  5.446E-04  5.072E-04  4.717E-04  4.379E-04  4.060E-04  3.757E-04  3.472E-04  3.203E-04  2.949E-04  2.657E-04  2.406E-04  2.192E-04  2.007E-04  1.849E-04  1.626E-04  1.489E-04  1.308E-04  1.160E-04  1.045E-04  9.130E-05  7.949E-05  6.918E-05  5.987E-05  5.161E-05  4.330E-05  3.648E-05  3.077E-05  2.509E-05  2.077E-05  1.655E-05  1.312E-05  1.035E-05  8.072E-06  6.127E-06  4.585E-06  3.298E-06  2.319E-06  1.565E-06  9.699E-07  5.032E-07  2.130E-07
  314.5000  2.629E-03  2.487E-03  2.350E-03  2.219E-03  2.093E-03  1.972E-03  1.857E-03  1.747E-03  1.642E-03  1.542E-03  1.447E-03  1.356E-03  1.270E-03  1.188E-03  1.110E-03  1.037E-03  9.669E-04  9.008E-04  8.383E-04  7.792E-04  7.235E-04  6.707E-04  6.209E-04  5.738E-04  5.295E-04  4.878E-04  4.487E-04  4.122E-04  3.777E-04  3.388E-04  3.055E-04  2.770E-04  2.526E-04  2.316E-04  2.028E-04  1.848E-04  1.617E-04  1.429E-04  1.283E-04  1.116E-04  9.706E-05  8.411E-05  7.261E-05  6.247E-05  5.236E-05  4.407E-05  3.716E-05  3.032E-05  2.511E-05  2.005E-05  1.593E-05  1.259E-05  9.838E-06  7.489E-06  5.624E-06  4.072E-06  2.892E-06  1.988E-06  1.281E-06  7.145E-07  3.422E-07
  315.5000  2.877E-03  2.722E-03  2.572E-03  2.429E-03  2.291E-03  2.159E-03  2.033E-03  1.912E-03  1.797E-03  1.688E-03  1.583E-03  1.483E-03  1.389E-03  1.299E-03  1.213E-03  1.132E-03  1.056E-03  9.832E-04  9.146E-04  8.496E-04  7.885E-04  7.305E-04  6.759E-04  6.243E-04  5.758E-04  5.301E-04  4.874E-04  4.474E-04  4.097E-04  3.672E-04  3.310E-04  3.000E-04  2.733E-04  2.506E-04  2.192E-04  1.996E-04  1.745E-04  1.541E-04  1.383E-04  1.203E-04  1.045E-04  9.050E-05  7.809E-05  6.716E-05  5.627E-05  4.736E-05  3.993E-05  3.259E-05  2.699E-05  2.156E-05  1.714E-05  1.356E-05  1.060E-05  8.075E-06  6.071E-06  4.403E-06  3.136E-06  2.167E-06  1.410E-06  8.001E-07  3.939E-07
  316.5000  3.845E-03  3.644E-03  3.449E-03  3.261E-03  3.080E-03  2.905E-03  2.737E-03  2.575E-03  2.420E-03  2.272E-03  2.130E-03  1.995E-03  1.865E-03  1.742E-03  1.624E-03  1.513E-03  1.407E-03  1.307E-03  1.212E-03  1.122E-03  1.038E-03  9.581E-04  8.830E-04  8.124E-04  7.460E-04  6.840E-04  6.262E-04  5.723E-04  5.218E-04  4.659E-04  4.179E-04  3.770E-04  3.420E-04  3.120E-04  2.718E-04  2.464E-04  2.145E-04  1.885E-04  1.684E-04  1.459E-04  1.263E-04  1.090E-04  9.378E-05  8.043E-05  6.728E-05  5.653E-05  4.761E-05  3.886E-05  3.219E-05  2.575E-05  2.051E-05  1.627E-05  1.273E-05  9.729E-06  7.339E-06  5.353E-06  3.841E-06  2.691E-06  1.800E-06  1.076E-06  5.801E-07
  317.5000  5.436E-03  5.151E-03  4.875E-03  4.610E-03  4.353E-03  4.106E-03  3.868E-03  3.640E-03  3.421E-03  3.212E-03  3.011E-03  2.819E-03  2.636E-03  2.462E-03  2.296E-03  2.139E-03  1.990E-03  1.848E-03  1.714E-03  1.587E-03  1.468E-03  1.355E-03  1.249E-03  1.149E-03  1.056E-03  9.682E-04  8.865E-04  8.104E-04  7.391E-04  6.600E-04  5.921E-04  5.342E-04  4.847E-04  4.424E-04  3.854E-04  3.494E-04  3.042E-04  2.674E-04  2.390E-04  2.070E-04  1.792E-04  1.547E-04  1.331E-04  1.141E-04  9.546E-05  8.021E-05  6.756E-05  5.515E-05  4.569E-05  3.655E-05  2.912E-05  2.310E-05  1.809E-05  1.382E-05  1.043E-05  7.613E-06  5.467E-06  3.836E-06  2.574E-06  1.545E-06  8.378E-07
  318.5000  5.719E-03  5.435E-03  5.158E-03  4.891E-03  4.630E-03  4.378E-03  4.134E-03  3.898E-03  3.670E-03  3.451E-03  3.240E-03  3.037E-03  2.842E-03  2.655E-03  2.476E-03  2.307E-03  2.144E-03  1.990E-03  1.843E-03  1.704E-03  1.572E-03  1.448E-03  1.331E-03  1.221E-03  1.118E-03  1.021E-03  9.312E-04  8.478E-04  7.698E-04  6.843E-04  6.111E-04  5.487E-04  4.955E-04  4.500E-04  3.900E-04  3.519E-04  3.047E-04  2.666E-04  2.370E-04  2.043E-04  1.760E-04  1.513E-04  1.296E-04  1.107E-04  9.237E-05  7.742E-05  6.507E-05  5.309E-05  4.395E-05  3.520E-05  2.809E-05  2.234E-05  1.752E-05  1.344E-05  1.017E-05  7.469E-06  5.400E-06  3.834E-06  2.633E-06  1.651E-06  9.669E-07
  319.5000  7.385E-03  7.023E-03  6.670E-03  6.328E-03  5.995E-03  5.672E-03  5.359E-03  5.056E-03  4.763E-03  4.481E-03  4.209E-03  3.947E-03  3.696E-03  3.454E-03  3.223E-03  3.003E-03  2.792E-03  2.591E-03  2.400E-03  2.219E-03  2.048E-03  1.886E-03  1.733E-03  1.590E-03  1.455E-03  1.329E-03  1.211E-03  1.102E-03  1.000E-03  8.887E-04  7.931E-04  7.117E-04  6.421E-04  5.829E-04  5.047E-04  4.550E-04  3.937E-04  3.441E-04  3.056E-04  2.632E-04  2.265E-04  1.945E-04  1.665E-04  1.422E-04  1.185E-04  9.924E-05  8.337E-05  6.801E-05  5.629E-05  4.510E-05  3.601E-05  2.866E-05  2.249E-05  1.726E-05  1.308E-05  9.621E-06  6.969E-06  4.964E-06  3.429E-06  2.174E-06  1.296E-06
  320.5000  9.632E-03  9.167E-03  8.714E-03  8.274E-03  7.845E-03  7.428E-03  7.023E-03  6.631E-03  6.252E-03  5.886E-03  5.532E-03  5.191E-03  4.862E-03  4.547E-03  4.245E-03  3.956E-03  3.679E-03  3.415E-03  3.163E-03  2.925E-03  2.699E-03  2.485E-03  2.283E-03  2.092E-03  1.914E-03  1.747E-03  1.591E-03  1.447E-03  1.312E-03  1.164E-03  1.038E-03  9.301E-04  8.382E-04  7.600E-04  6.571E-04  5.916E-04  5.111E-04  4.461E-04  3.957E-04  3.403E-04  2.925E-04  2.508E-04  2.144E-04  1.828E-04  1.522E-04  1.274E-04  1.069E-04  8.720E-05  7.216E-05  5.782E-05  4.618E-05  3.677E-05  2.888E-05  2.218E-05  1.683E-05  1.240E-05  8.998E-06  6.428E-06  4.465E-06  2.858E-06  1.734E-06
  321.5000  1.092E-02  1.043E-02  9.962E-03  9.500E-03  9.047E-03  8.605E-03  8.172E-03  7.750E-03  7.338E-03  6.939E-03  6.549E-03  6.171E-03  5.804E-03  5.448E-03  5.105E-03  4.774E-03  4.455E-03  4.147E-03  3.853E-03  3.570E-03  3.301E-03  3.044E-03  2.800E-03  2.568E-03  2.350E-03  2.144E-03  1.952E-03  1.772E-03  1.604E-03  1.420E-03  1.262E-03  1.128E-03  1.013E-03  9.152E-04  7.874E-04  7.060E-04  6.066E-04  5.266E-04  4.646E-04  3.972E-04  3.392E-04  2.891E-04  2.457E-04  2.084E-04  1.726E-04  1.437E-04  1.202E-04  9.773E-05  8.069E-05  6.463E-05  5.166E-05  4.125E-05  3.244E-05  2.502E-05  1.908E-05  1.415E-05  1.034E-05  7.467E-06  5.286E-06  3.504E-06  2.261E-06
  322.5000  8.773E-03  8.356E-03  7.949E-03  7.554E-03  7.167E-03  6.792E-03  6.427E-03  6.072E-03  5.729E-03  5.397E-03  5.076E-03  4.766E-03  4.467E-03  4.180E-03  3.903E-03  3.639E-03  3.386E-03  3.144E-03  2.913E-03  2.694E-03  2.486E-03  2.288E-03  2.102E-03  1.926E-03  1.761E-03  1.607E-03  1.463E-03  1.330E-03  1.205E-03  1.069E-03  9.517E-04  8.524E-04  7.676E-04  6.954E-04  6.006E-04  5.403E-04  4.662E-04  4.065E-04  3.602E-04  3.094E-04  2.656E-04  2.274E-04  1.942E-04  1.654E-04  1.376E-04  1.150E-04  9.652E-05  7.867E-05  6.508E-05  5.215E-05  4.167E-05  3.322E-05  2.610E-05  2.007E-05  1.525E-05  1.126E-05  8.186E-06  5.869E-06  4.103E-06  2.656E-06  1.642E-06
  323.5000  1.292E-02  1.237E-02  1.184E-02  1.132E-02  1.080E-02  1.030E-02  9.803E-03  9.319E-03  8.846E-03  8.384E-03  7.933E-03  7.493E-03  7.065E-03  6.648E-03  6.244E-03  5.853E-03  5.474E-03  5.108E-03  4.755E-03  4.416E-03  4.091E-03  3.780E-03  3.482E-03  3.199E-03  2.930E-03  2.676E-03  2.438E-03  2.216E-03  2.006E-03  1.775E-03  1.577E-03  1.408E-03  1.264E-03  1.141E-03  9.800E-04  8.775E-04  7.522E-04  6.514E-04  5.735E-04  4.888E-04  4.162E-04  3.536E-04  2.996E-04  2.532E-04  2.091E-04  1.736E-04  1.448E-04  1.174E-04  9.681E-05  7.746E-05  6.191E-05  4.949E-05  3.894E-05  3.009E-05  2.301E-05  1.713E-05  1.257E-05  9.120E-06  6.511E-06  4.381E-06  2.899E-06
  324.5000  1.495E-02  1.432E-02  1.370E-02  1.309E-02  1.249E-02  1.190E-02  1.133E-02  1.076E-02  1.021E-02  9.679E-03  9.156E-03  8.645E-03  8.148E-03  7.666E-03  7.198E-03  6.745E-03  6.307E-03  5.884E-03  5.476E-03  5.084E-03  4.709E-03  4.349E-03  4.006E-03  3.680E-03  3.370E-03  3.078E-03  2.804E-03  2.548E-03  2.307E-03  2.041E-03  1.814E-03  1.620E-03  1.455E-03  1.314E-03  1.129E-03  1.011E-03  8.669E-04  7.511E-04  6.616E-04  5.641E-04  4.806E-04  4.085E-04  3.463E-04  2.929E-04  2.419E-04  2.009E-04  1.676E-04  1.361E-04  1.122E-04  8.978E-05  7.177E-05  5.738E-05  4.516E-05  3.490E-05  2.668E-05  1.987E-05  1.457E-05  1.058E-05  7.554E-06  5.083E-06  3.363E-06
  325.5000  1.598E-02  1.529E-02  1.461E-02  1.395E-02  1.330E-02  1.266E-02  1.204E-02  1.143E-02  1.083E-02  1.026E-02  9.690E-03  9.140E-03  8.606E-03  8.088E-03  7.586E-03  7.101E-03  6.633E-03  6.181E-03  5.747E-03  5.330E-03  4.932E-03  4.551E-03  4.188E-03  3.843E-03  3.517E-03  3.210E-03  2.923E-03  2.654E-03  2.402E-03  2.125E-03  1.888E-03  1.686E-03  1.514E-03  1.367E-03  1.175E-03  1.053E-03  9.032E-04  7.830E-04  6.900E-04  5.889E-04  5.022E-04  4.272E-04  3.625E-04  3.068E-04  2.537E-04  2.109E-04  1.761E-04  1.430E-04  1.180E-04  9.448E-05  7.554E-05  6.037E-05  4.751E-05  3.669E-05  2.803E-05  2.085E-05  1.527E-05  1.107E-05  7.890E-06  5.288E-06  3.474E-06
  326.5000  2.482E-02  2.386E-02  2.291E-02  2.198E-02  2.106E-02  2.015E-02  1.926E-02  1.838E-02  1.752E-02  1.667E-02  1.584E-02  1.503E-02  1.423E-02  1.345E-02  1.269E-02  1.195E-02  1.123E-02  1.052E-02  9.842E-03  9.181E-03  8.544E-03  7.927E-03  7.335E-03  6.766E-03  6.223E-03  5.705E-03  5.216E-03  4.756E-03  4.319E-03  3.826E-03  3.405E-03  3.046E-03  2.739E-03  2.477E-03  2.125E-03  1.904E-03  1.629E-03  1.408E-03  1.238E-03  1.052E-03  8.927E-04  7.554E-04  6.372E-04  5.362E-04  4.405E-04  3.639E-04  3.022E-04  2.441E-04  2.006E-04  1.601E-04  1.278E-04  1.023E-04  8.050E-05  6.238E-05  4.788E-05  3.588E-05  2.645E-05  1.935E-05  1.398E-05  9.581E-06  6.548E-06
  327.5000  2.131E-02  2.045E-02  1.961E-02  1.878E-02  1.796E-02  1.716E-02  1.637E-02  1.559E-02  1.483E-02  1.409E-02  1.336E-02  1.265E-02  1.195E-02  1.128E-02  1.061E-02  9.974E-03  9.351E-03  8.746E-03  8.161E-03  7.596E-03  7.053E-03  6.530E-03  6.029E-03  5.550E-03  5.094E-03  4.661E-03  4.254E-03  3.871E-03  3.510E-03  3.107E-03  2.762E-03  2.468E-03  2.218E-03  2.003E-03  1.719E-03  1.539E-03  1.318E-03  1.140E-03  1.003E-03  8.533E-04  7.252E-04  6.146E-04  5.194E-04  4.380E-04  3.607E-04  2.986E-04  2.484E-04  2.011E-04  1.655E-04  1.323E-04  1.057E-04  8.457E-05  6.657E-05  5.154E-05  3.950E-05  2.954E-05  2.174E-05  1.586E-05  1.142E-05  7.783E-06  5.266E-06
  328.5000  1.973E-02  1.894E-02  1.816E-02  1.739E-02  1.663E-02  1.589E-02  1.516E-02  1.444E-02  1.373E-02  1.305E-02  1.237E-02  1.171E-02  1.107E-02  1.044E-02  9.826E-03  9.233E-03  8.655E-03  8.094E-03  7.552E-03  7.028E-03  6.525E-03  6.041E-03  5.576E-03  5.132E-03  4.709E-03  4.308E-03  3.931E-03  3.576E-03  3.241E-03  2.868E-03  2.549E-03  2.277E-03  2.045E-03  1.847E-03  1.584E-03  1.418E-03  1.214E-03  1.049E-03  9.228E-04  7.847E-04  6.666E-04  5.648E-04  4.771E-04  4.022E-04  3.310E-04  2.740E-04  2.279E-04  1.844E-04  1.517E-04  1.212E-04  9.685E-05  7.751E-05  6.100E-05  4.723E-05  3.621E-05  2.708E-05  1.993E-05  1.454E-05  1.047E-05  7.138E-06  4.831E-06
  329.5000  3.089E-02  2.976E-02  2.864E-02  2.753E-02  2.644E-02  2.536E-02  2.430E-02  2.325E-02  2.222E-02  2.120E-02  2.020E-02  1.922E-02  1.826E-02  1.731E-02  1.638E-02  1.547E-02  1.458E-02  1.372E-02  1.287E-02  1.205E-02  1.125E-02  1.047E-02  9.723E-03  9.000E-03  8.306E-03  7.641E-03  7.009E-03  6.411E-03  5.840E-03  5.183E-03  4.623E-03  4.146E-03  3.739E-03  3.390E-03  2.909E-03  2.612E-03  2.235E-03  1.933E-03  1.700E-03  1.443E-03  1.223E-03  1.033E-03  8.694E-04  7.300E-04  5.976E-04  4.921E-04  4.076E-04  3.281E-04  2.690E-04  2.141E-04  1.707E-04  1.367E-04  1.075E-04  8.342E-05  6.418E-05  4.830E-05  3.572E-05  2.625E-05  1.909E-05  1.321E-05  9.178E-06
  330.5000  2.597E-02  2.498E-02  2.400E-02  2.303E-02  2.208E-02  2.114E-02  2.022E-02  1.931E-02  1.841E-02  1.754E-02  1.668E-02  1.583E-02  1.500E-02  1.419E-02  1.340E-02  1.262E-02  1.187E-02  1.114E-02  1.042E-02  9.729E-03  9.061E-03  8.413E-03  7.790E-03  7.191E-03  6.618E-03  6.072E-03  5.555E-03  5.068E-03  4.605E-03  4.080E-03  3.632E-03  3.251E-03  2.925E-03  2.646E-03  2.269E-03  2.034E-03  1.740E-03  1.504E-03  1.322E-03  1.123E-03  9.521E-04  8.051E-04  6.786E-04  5.706E-04  4.682E-04  3.863E-04  3.205E-04  2.586E-04  2.123E-04  1.693E-04  1.351E-04  1.082E-04  8.514E-05  6.602E-05  5.073E-05  3.808E-05  2.811E-05  2.061E-05  1.493E-05  1.028E-05  7.080E-06
  331.5000  2.527E-02  2.429E-02  2.333E-02  2.239E-02  2.145E-02  2.053E-02  1.963E-02  1.874E-02  1.786E-02  1.700E-02  1.616E-02  1.533E-02  1.452E-02  1.373E-02  1.296E-02  1.220E-02  1.147E-02  1.075E-02  1.006E-02  9.383E-03  8.733E-03  8.104E-03  7.499E-03  6.918E-03  6.363E-03  5.834E-03  5.334E-03  4.863E-03  4.416E-03  3.911E-03  3.480E-03  3.113E-03  2.799E-03  2.531E-03  2.170E-03  1.944E-03  1.662E-03  1.437E-03  1.263E-03  1.072E-03  9.092E-04  7.688E-04  6.480E-04  5.449E-04  4.472E-04  3.691E-04  3.063E-04  2.472E-04  2.030E-04  1.619E-04  1.292E-04  1.035E-04  8.142E-05  6.312E-05  4.849E-05  3.639E-05  2.685E-05  1.968E-05  1.425E-05  9.804E-06  6.738E-06
  332.5000  2.855E-02  2.753E-02  2.652E-02  2.552E-02  2.453E-02  2.355E-02  2.259E-02  2.164E-02  2.070E-02  1.977E-02  1.886E-02  1.797E-02  1.708E-02  1.622E-02  1.537E-02  1.453E-02  1.372E-02  1.292E-02  1.214E-02  1.138E-02  1.064E-02  9.922E-03  9.225E-03  8.552E-03  7.904E-03  7.282E-03  6.690E-03  6.128E-03  5.590E-03  4.967E-03  4.434E-03  3.982E-03  3.595E-03  3.265E-03  2.802E-03  2.519E-03  2.156E-03  1.865E-03  1.642E-03  1.393E-03  1.180E-03  9.958E-04  8.376E-04  7.026E-04  5.743E-04  4.722E-04  3.906E-04  3.139E-04  2.571E-04  2.043E-04  1.628E-04  1.304E-04  1.025E-04  7.955E-05  6.127E-05  4.619E-05  3.421E-05  2.519E-05  1.838E-05  1.277E-05  8.931E-06
  333.5000  2.531E-02  2.437E-02  2.344E-02  2.253E-02  2.163E-02  2.074E-02  1.986E-02  1.899E-02  1.814E-02  1.730E-02  1.648E-02  1.567E-02  1.487E-02  1.409E-02  1.333E-02  1.258E-02  1.185E-02  1.114E-02  1.044E-02  9.769E-03  9.115E-03  8.480E-03  7.867E-03  7.276E-03  6.709E-03  6.166E-03  5.652E-03  5.165E-03  4.701E-03  4.170E-03  3.716E-03  3.330E-03  3.000E-03  2.718E-03  2.331E-03  2.091E-03  1.789E-03  1.546E-03  1.360E-03  1.154E-03  9.771E-04  8.252E-04  6.945E-04  5.830E-04  4.773E-04  3.930E-04  3.255E-04  2.620E-04  2.148E-04  1.710E-04  1.363E-04  1.092E-04  8.586E-05  6.663E-05  5.126E-05  3.858E-05  2.853E-05  2.097E-05  1.526E-05  1.057E-05  7.344E-06
  334.5000  2.917E-02  2.810E-02  2.705E-02  2.602E-02  2.499E-02  2.398E-02  2.298E-02  2.200E-02  2.102E-02  2.007E-02  1.913E-02  1.820E-02  1.729E-02  1.640E-02  1.553E-02  1.467E-02  1.383E-02  1.301E-02  1.221E-02  1.144E-02  1.068E-02  9.949E-03  9.239E-03  8.554E-03  7.896E-03  7.265E-03  6.666E-03  6.098E-03  5.555E-03  4.931E-03  4.397E-03  3.944E-03  3.556E-03  3.225E-03  2.766E-03  2.484E-03  2.124E-03  1.836E-03  1.615E-03  1.370E-03  1.160E-03  9.790E-04  8.234E-04  6.907E-04  5.648E-04  4.646E-04  3.844E-04  3.090E-04  2.532E-04  2.013E-04  1.604E-04  1.285E-04  1.010E-04  7.839E-05  6.035E-05  4.547E-05  3.366E-05  2.477E-05  1.805E-05  1.253E-05  8.741E-06
  335.5000  3.160E-02  3.049E-02  2.940E-02  2.831E-02  2.724E-02  2.618E-02  2.513E-02  2.409E-02  2.307E-02  2.206E-02  2.107E-02  2.009E-02  1.912E-02  1.817E-02  1.724E-02  1.633E-02  1.543E-02  1.455E-02  1.369E-02  1.285E-02  1.203E-02  1.124E-02  1.046E-02  9.713E-03  8.990E-03  8.294E-03  7.631E-03  7.000E-03  6.395E-03  5.687E-03  5.083E-03  4.570E-03  4.132E-03  3.758E-03  3.227E-03  2.904E-03  2.486E-03  2.151E-03  1.895E-03  1.608E-03  1.361E-03  1.149E-03  9.654E-04  8.092E-04  6.604E-04  5.422E-04  4.480E-04  3.594E-04  2.940E-04  2.333E-04  1.857E-04  1.488E-04  1.168E-04  9.072E-05  6.992E-05  5.281E-05  3.915E-05  2.890E-05  2.114E-05  1.474E-05  1.036E-05
  336.5000  2.425E-02  2.339E-02  2.254E-02  2.170E-02  2.086E-02  2.004E-02  1.923E-02  1.843E-02  1.763E-02  1.686E-02  1.609E-02  1.533E-02  1.458E-02  1.385E-02  1.313E-02  1.243E-02  1.174E-02  1.106E-02  1.040E-02  9.751E-03  9.123E-03  8.512E-03  7.919E-03  7.345E-03  6.792E-03  6.261E-03  5.756E-03  5.275E-03  4.814E-03  4.278E-03  3.821E-03  3.432E-03  3.100E-03  2.816E-03  2.417E-03  2.174E-03  1.860E-03  1.609E-03  1.416E-03  1.201E-03  1.017E-03  8.578E-04  7.209E-04  6.042E-04  4.933E-04  4.051E-04  3.348E-04  2.687E-04  2.199E-04  1.746E-04  1.390E-04  1.113E-04  8.743E-05  6.789E-05  5.231E-05  3.949E-05  2.927E-05  2.159E-05  1.578E-05  1.099E-05  7.715E-06
  337.5000  2.543E-02  2.450E-02  2.358E-02  2.268E-02  2.179E-02  2.090E-02  2.003E-02  1.917E-02  1.833E-02  1.749E-02  1.667E-02  1.587E-02  1.507E-02  1.429E-02  1.353E-02  1.279E-02  1.205E-02  1.134E-02  1.064E-02  9.963E-03  9.305E-03  8.665E-03  8.046E-03  7.449E-03  6.874E-03  6.324E-03  5.801E-03  5.306E-03  4.833E-03  4.289E-03  3.824E-03  3.428E-03  3.090E-03  2.802E-03  2.403E-03  2.157E-03  1.844E-03  1.594E-03  1.401E-03  1.188E-03  1.006E-03  8.485E-04  7.134E-04  5.982E-04  4.890E-04  4.020E-04  3.325E-04  2.672E-04  2.188E-04  1.739E-04  1.385E-04  1.110E-04  8.721E-05  6.770E-05  5.213E-05  3.930E-05  2.910E-05  2.143E-05  1.563E-05  1.086E-05  7.588E-06
  338.5000  2.879E-02  2.778E-02  2.678E-02  2.580E-02  2.482E-02  2.386E-02  2.290E-02  2.196E-02  2.103E-02  2.011E-02  1.921E-02  1.832E-02  1.744E-02  1.657E-02  1.573E-02  1.489E-02  1.408E-02  1.327E-02  1.249E-02  1.173E-02  1.098E-02  1.025E-02  9.548E-03  8.865E-03  8.205E-03  7.570E-03  6.965E-03  6.389E-03  5.837E-03  5.190E-03  4.638E-03  4.170E-03  3.769E-03  3.428E-03  2.943E-03  2.648E-03  2.266E-03  1.960E-03  1.727E-03  1.464E-03  1.239E-03  1.045E-03  8.779E-04  7.354E-04  5.998E-04  4.921E-04  4.064E-04  3.258E-04  2.663E-04  2.113E-04  1.680E-04  1.346E-04  1.057E-04  8.206E-05  6.326E-05  4.781E-05  3.546E-05  2.618E-05  1.917E-05  1.338E-05  9.420E-06
  339.5000  3.161E-02  3.051E-02  2.942E-02  2.835E-02  2.728E-02  2.623E-02  2.518E-02  2.415E-02  2.314E-02  2.213E-02  2.114E-02  2.017E-02  1.921E-02  1.826E-02  1.733E-02  1.642E-02  1.552E-02  1.464E-02  1.378E-02  1.294E-02  1.212E-02  1.133E-02  1.055E-02  9.800E-03  9.073E-03  8.375E-03  7.708E-03  7.074E-03  6.464E-03  5.749E-03  5.140E-03  4.622E-03  4.179E-03  3.802E-03  3.264E-03  2.938E-03  2.515E-03  2.175E-03  1.917E-03  1.625E-03  1.375E-03  1.159E-03  9.738E-04  8.155E-04  6.648E-04  5.452E-04  4.500E-04  3.605E-04  2.946E-04  2.336E-04  1.857E-04  1.488E-04  1.168E-04  9.067E-05  6.991E-05  5.286E-05  3.921E-05  2.897E-05  2.123E-05  1.483E-05  1.045E-05
  340.5000  3.297E-02  3.181E-02  3.065E-02  2.952E-02  2.839E-02  2.727E-02  2.617E-02  2.508E-02  2.401E-02  2.295E-02  2.191E-02  2.088E-02  1.987E-02  1.887E-02  1.790E-02  1.694E-02  1.600E-02  1.508E-02  1.418E-02  1.330E-02  1.245E-02  1.162E-02  1.081E-02  1.003E-02  9.272E-03  8.548E-03  7.858E-03  7.202E-03  6.573E-03  5.841E-03  5.216E-03  4.685E-03  4.231E-03  3.844E-03  3.298E-03  2.965E-03  2.536E-03  2.193E-03  1.930E-03  1.636E-03  1.384E-03  1.167E-03  9.799E-04  8.207E-04  6.694E-04  5.492E-04  4.535E-04  3.636E-04  2.973E-04  2.358E-04  1.876E-04  1.503E-04  1.180E-04  9.159E-05  7.060E-05  5.334E-05  3.956E-05  2.920E-05  2.137E-05  1.491E-05  1.049E-05
  341.5000  3.037E-02  2.932E-02  2.828E-02  2.725E-02  2.623E-02  2.523E-02  2.423E-02  2.324E-02  2.227E-02  2.131E-02  2.037E-02  1.943E-02  1.851E-02  1.760E-02  1.671E-02  1.584E-02  1.498E-02  1.414E-02  1.331E-02  1.251E-02  1.172E-02  1.095E-02  1.021E-02  9.485E-03  8.786E-03  8.113E-03  7.470E-03  6.858E-03  6.270E-03  5.578E-03  4.988E-03  4.486E-03  4.059E-03  3.693E-03  3.171E-03  2.856E-03  2.444E-03  2.115E-03  1.863E-03  1.580E-03  1.337E-03  1.127E-03  9.460E-04  7.920E-04  6.452E-04  5.288E-04  4.363E-04  3.493E-04  2.853E-04  2.261E-04  1.797E-04  1.440E-04  1.129E-04  8.767E-05  6.761E-05  5.115E-05  3.797E-05  2.807E-05  2.059E-05  1.440E-05  1.017E-05
  342.5000  3.389E-02  3.272E-02  3.157E-02  3.042E-02  2.929E-02  2.817E-02  2.706E-02  2.597E-02  2.488E-02  2.382E-02  2.276E-02  2.172E-02  2.070E-02  1.969E-02  1.870E-02  1.772E-02  1.677E-02  1.583E-02  1.491E-02  1.401E-02  1.313E-02  1.227E-02  1.144E-02  1.063E-02  9.854E-03  9.101E-03  8.383E-03  7.698E-03  7.039E-03  6.264E-03  5.602E-03  5.040E-03  4.561E-03  4.151E-03  3.564E-03  3.211E-03  2.748E-03  2.378E-03  2.095E-03  1.776E-03  1.503E-03  1.267E-03  1.063E-03  8.899E-04  7.247E-04  5.938E-04  4.897E-04  3.919E-04  3.200E-04  2.534E-04  2.014E-04  1.613E-04  1.265E-04  9.822E-05  7.576E-05  5.734E-05  4.256E-05  3.148E-05  2.310E-05  1.616E-05  1.143E-05
  343.5000  3.480E-02  3.359E-02  3.239E-02  3.121E-02  3.004E-02  2.888E-02  2.774E-02  2.661E-02  2.549E-02  2.439E-02  2.330E-02  2.223E-02  2.117E-02  2.013E-02  1.911E-02  1.810E-02  1.712E-02  1.615E-02  1.520E-02  1.428E-02  1.338E-02  1.250E-02  1.164E-02  1.082E-02  1.001E-02  9.244E-03  8.508E-03  7.808E-03  7.135E-03  6.345E-03  5.672E-03  5.099E-03  4.611E-03  4.194E-03  3.599E-03  3.240E-03  2.772E-03  2.397E-03  2.111E-03  1.789E-03  1.513E-03  1.275E-03  1.070E-03  8.957E-04  7.295E-04  5.978E-04  4.930E-04  3.946E-04  3.223E-04  2.553E-04  2.028E-04  1.625E-04  1.274E-04  9.894E-05  7.630E-05  5.773E-05  4.285E-05  3.169E-05  2.324E-05  1.625E-05  1.148E-05
  344.5000  2.408E-02  2.323E-02  2.240E-02  2.158E-02  2.076E-02  1.995E-02  1.915E-02  1.837E-02  1.759E-02  1.682E-02  1.606E-02  1.532E-02  1.458E-02  1.386E-02  1.315E-02  1.245E-02  1.177E-02  1.110E-02  1.044E-02  9.800E-03  9.176E-03  8.568E-03  7.977E-03  7.404E-03  6.851E-03  6.320E-03  5.813E-03  5.330E-03  4.867E-03  4.326E-03  3.864E-03  3.472E-03  3.137E-03  2.851E-03  2.446E-03  2.200E-03  1.881E-03  1.626E-03  1.432E-03  1.213E-03  1.026E-03  8.641E-04  7.251E-04  6.068E-04  4.943E-04  4.051E-04  3.342E-04  2.675E-04  2.185E-04  1.731E-04  1.376E-04  1.102E-04  8.645E-05  6.712E-05  5.176E-05  3.915E-05  2.905E-05  2.148E-05  1.574E-05  1.101E-05  7.766E-06
  345.5000  3.418E-02  3.301E-02  3.185E-02  3.070E-02  2.957E-02  2.844E-02  2.733E-02  2.623E-02  2.514E-02  2.407E-02  2.301E-02  2.197E-02  2.094E-02  1.992E-02  1.893E-02  1.795E-02  1.698E-02  1.604E-02  1.511E-02  1.420E-02  1.332E-02  1.245E-02  1.161E-02  1.080E-02  1.001E-02  9.248E-03  8.520E-03  7.827E-03  7.160E-03  6.372E-03  5.700E-03  5.129E-03  4.642E-03  4.227E-03  3.629E-03  3.270E-03  2.798E-03  2.421E-03  2.134E-03  1.809E-03  1.530E-03  1.289E-03  1.081E-03  9.045E-04  7.361E-04  6.026E-04  4.967E-04  3.970E-04  3.240E-04  2.564E-04  2.036E-04  1.631E-04  1.278E-04  9.921E-05  7.653E-05  5.796E-05  4.305E-05  3.187E-05  2.341E-05  1.640E-05  1.161E-05
  346.5000  3.133E-02  3.024E-02  2.916E-02  2.810E-02  2.705E-02  2.600E-02  2.497E-02  2.395E-02  2.295E-02  2.196E-02  2.098E-02  2.001E-02  1.906E-02  1.812E-02  1.720E-02  1.630E-02  1.541E-02  1.454E-02  1.369E-02  1.285E-02  1.204E-02  1.125E-02  1.048E-02  9.732E-03  9.010E-03  8.316E-03  7.653E-03  7.022E-03  6.416E-03  5.705E-03  5.098E-03  4.582E-03  4.142E-03  3.767E-03  3.231E-03  2.908E-03  2.487E-03  2.150E-03  1.893E-03  1.604E-03  1.356E-03  1.142E-03  9.582E-04  8.015E-04  6.524E-04  5.343E-04  4.405E-04  3.523E-04  2.876E-04  2.277E-04  1.809E-04  1.449E-04  1.136E-04  8.817E-05  6.801E-05  5.147E-05  3.822E-05  2.827E-05  2.075E-05  1.452E-05  1.027E-05
  347.5000  3.070E-02  2.964E-02  2.859E-02  2.755E-02  2.652E-02  2.549E-02  2.449E-02  2.349E-02  2.250E-02  2.153E-02  2.057E-02  1.963E-02  1.870E-02  1.778E-02  1.688E-02  1.599E-02  1.512E-02  1.427E-02  1.343E-02  1.261E-02  1.182E-02  1.104E-02  1.029E-02  9.555E-03  8.848E-03  8.167E-03  7.516E-03  6.897E-03  6.302E-03  5.604E-03  5.007E-03  4.501E-03  4.069E-03  3.700E-03  3.174E-03  2.857E-03  2.443E-03  2.112E-03  1.860E-03  1.575E-03  1.331E-03  1.121E-03  9.406E-04  7.866E-04  6.401E-04  5.241E-04  4.319E-04  3.454E-04  2.819E-04  2.231E-04  1.772E-04  1.419E-04  1.112E-04  8.635E-05  6.660E-05  5.042E-05  3.744E-05  2.771E-05  2.034E-05  1.424E-05  1.007E-05
  348.5000  3.403E-02  3.285E-02  3.169E-02  3.054E-02  2.940E-02  2.828E-02  2.716E-02  2.606E-02  2.498E-02  2.391E-02  2.285E-02  2.180E-02  2.077E-02  1.976E-02  1.876E-02  1.778E-02  1.682E-02  1.587E-02  1.495E-02  1.404E-02  1.316E-02  1.230E-02  1.146E-02  1.065E-02  9.866E-03  9.109E-03  8.387E-03  7.698E-03  7.037E-03  6.259E-03  5.594E-03  5.030E-03  4.548E-03  4.138E-03  3.550E-03  3.196E-03  2.733E-03  2.363E-03  2.081E-03  1.763E-03  1.490E-03  1.255E-03  1.052E-03  8.797E-04  7.156E-04  5.856E-04  4.825E-04  3.856E-04  3.146E-04  2.489E-04  1.976E-04  1.582E-04  1.240E-04  9.626E-05  7.425E-05  5.624E-05  4.177E-05  3.092E-05  2.271E-05  1.591E-05  1.127E-05
  349.5000  2.850E-02  2.752E-02  2.655E-02  2.558E-02  2.463E-02  2.369E-02  2.275E-02  2.183E-02  2.092E-02  2.002E-02  1.913E-02  1.826E-02  1.739E-02  1.654E-02  1.571E-02  1.489E-02  1.408E-02  1.329E-02  1.251E-02  1.176E-02  1.102E-02  1.030E-02  9.594E-03  8.914E-03  8.256E-03  7.622E-03  7.017E-03  6.440E-03  5.886E-03  5.234E-03  4.678E-03  4.205E-03  3.802E-03  3.459E-03  2.967E-03  2.670E-03  2.283E-03  1.974E-03  1.738E-03  1.472E-03  1.244E-03  1.047E-03  8.781E-04  7.340E-04  5.970E-04  4.884E-04  4.024E-04  3.215E-04  2.623E-04  2.075E-04  1.647E-04  1.319E-04  1.033E-04  8.020E-05  6.186E-05  4.686E-05  3.480E-05  2.577E-05  1.893E-05  1.327E-05  9.396E-06
  350.5000  4.000E-02  3.862E-02  3.726E-02  3.591E-02  3.457E-02  3.325E-02  3.194E-02  3.065E-02  2.937E-02  2.811E-02  2.687E-02  2.564E-02  2.443E-02  2.323E-02  2.206E-02  2.091E-02  1.978E-02  1.867E-02  1.758E-02  1.652E-02  1.548E-02  1.447E-02  1.348E-02  1.253E-02  1.160E-02  1.071E-02  9.862E-03  9.051E-03  8.273E-03  7.357E-03  6.575E-03  5.911E-03  5.344E-03  4.861E-03  4.169E-03  3.753E-03  3.208E-03  2.773E-03  2.442E-03  2.068E-03  1.747E-03  1.471E-03  1.233E-03  1.031E-03  8.379E-04  6.854E-04  5.645E-04  4.509E-04  3.677E-04  2.908E-04  2.308E-04  1.848E-04  1.447E-04  1.124E-04  8.668E-05  6.566E-05  4.877E-05  3.612E-05  2.654E-05  1.861E-05  1.318E-05
  351.5000  3.440E-02  3.321E-02  3.204E-02  3.088E-02  2.972E-02  2.858E-02  2.746E-02  2.634E-02  2.524E-02  2.416E-02  2.308E-02  2.203E-02  2.098E-02  1.996E-02  1.895E-02  1.796E-02  1.698E-02  1.603E-02  1.509E-02  1.418E-02  1.328E-02  1.241E-02  1.157E-02  1.074E-02  9.951E-03  9.185E-03  8.455E-03  7.758E-03  7.089E-03  6.303E-03  5.632E-03  5.062E-03  4.575E-03  4.161E-03  3.568E-03  3.210E-03  2.744E-03  2.372E-03  2.088E-03  1.768E-03  1.493E-03  1.257E-03  1.053E-03  8.801E-04  7.155E-04  5.852E-04  4.819E-04  3.849E-04  3.138E-04  2.482E-04  1.969E-04  1.577E-04  1.235E-04  9.585E-05  7.394E-05  5.601E-05  4.161E-05  3.082E-05  2.264E-05  1.587E-05  1.125E-05
  352.5000  3.112E-02  3.005E-02  2.899E-02  2.794E-02  2.690E-02  2.587E-02  2.485E-02  2.384E-02  2.285E-02  2.187E-02  2.090E-02  1.994E-02  1.900E-02  1.807E-02  1.716E-02  1.626E-02  1.538E-02  1.452E-02  1.367E-02  1.284E-02  1.204E-02  1.125E-02  1.048E-02  9.739E-03  9.020E-03  8.327E-03  7.665E-03  7.034E-03  6.428E-03  5.716E-03  5.107E-03  4.590E-03  4.149E-03  3.773E-03  3.236E-03  2.912E-03  2.488E-03  2.150E-03  1.893E-03  1.603E-03  1.354E-03  1.139E-03  9.545E-04  7.975E-04  6.481E-04  5.299E-04  4.363E-04  3.483E-04  2.840E-04  2.245E-04  1.781E-04  1.426E-04  1.116E-04  8.665E-05  6.685E-05  5.065E-05  3.763E-05  2.788E-05  2.049E-05  1.437E-05  1.019E-05
  353.5000  3.763E-02  3.634E-02  3.506E-02  3.379E-02  3.253E-02  3.129E-02  3.006E-02  2.885E-02  2.765E-02  2.647E-02  2.530E-02  2.414E-02  2.300E-02  2.188E-02  2.078E-02  1.970E-02  1.864E-02  1.759E-02  1.657E-02  1.557E-02  1.459E-02  1.364E-02  1.271E-02  1.181E-02  1.094E-02  1.010E-02  9.301E-03  8.537E-03  7.803E-03  6.939E-03  6.201E-03  5.574E-03  5.039E-03  4.583E-03  3.930E-03  3.537E-03  3.023E-03  2.612E-03  2.300E-03  1.947E-03  1.644E-03  1.383E-03  1.159E-03  9.680E-04  7.865E-04  6.428E-04  5.291E-04  4.223E-04  3.442E-04  2.720E-04  2.157E-04  1.727E-04  1.352E-04  1.049E-04  8.094E-05  6.134E-05  4.558E-05  3.378E-05  2.483E-05  1.742E-05  1.236E-05
  354.5000  4.088E-02  3.948E-02  3.809E-02  3.672E-02  3.536E-02  3.401E-02  3.268E-02  3.136E-02  3.006E-02  2.878E-02  2.751E-02  2.625E-02  2.502E-02  2.380E-02  2.261E-02  2.143E-02  2.028E-02  1.914E-02  1.803E-02  1.695E-02  1.589E-02  1.485E-02  1.384E-02  1.286E-02  1.192E-02  1.101E-02  1.013E-02  9.303E-03  8.504E-03  7.563E-03  6.759E-03  6.076E-03  5.493E-03  4.997E-03  4.285E-03  3.856E-03  3.296E-03  2.848E-03  2.507E-03  2.122E-03  1.792E-03  1.508E-03  1.263E-03  1.055E-03  8.568E-04  7.001E-04  5.760E-04  4.596E-04  3.745E-04  2.958E-04  2.346E-04  1.878E-04  1.469E-04  1.140E-04  8.798E-05  6.670E-05  4.956E-05  3.674E-05  2.702E-05  1.897E-05  1.346E-05
  355.5000  3.824E-02  3.693E-02  3.563E-02  3.435E-02  3.307E-02  3.181E-02  3.057E-02  2.934E-02  2.812E-02  2.692E-02  2.573E-02  2.456E-02  2.341E-02  2.227E-02  2.115E-02  2.005E-02  1.897E-02  1.791E-02  1.687E-02  1.585E-02  1.486E-02  1.389E-02  1.295E-02  1.203E-02  1.115E-02  1.030E-02  9.480E-03  8.702E-03  7.954E-03  7.074E-03  6.321E-03  5.682E-03  5.137E-03  4.672E-03  4.006E-03  3.605E-03  3.081E-03  2.662E-03  2.343E-03  1.983E-03  1.674E-03  1.408E-03  1.179E-03  9.848E-04  7.998E-04  6.533E-04  5.375E-04  4.288E-04  3.493E-04  2.758E-04  2.187E-04  1.750E-04  1.370E-04  1.063E-04  8.200E-05  6.217E-05  4.620E-05  3.425E-05  2.520E-05  1.769E-05  1.256E-05
  356.5000  3.550E-02  3.428E-02  3.308E-02  3.189E-02  3.070E-02  2.953E-02  2.838E-02  2.723E-02  2.610E-02  2.499E-02  2.389E-02  2.280E-02  2.173E-02  2.067E-02  1.963E-02  1.861E-02  1.761E-02  1.662E-02  1.566E-02  1.471E-02  1.379E-02  1.289E-02  1.202E-02  1.117E-02  1.035E-02  9.554E-03  8.796E-03  8.074E-03  7.380E-03  6.562E-03  5.864E-03  5.270E-03  4.764E-03  4.333E-03  3.714E-03  3.342E-03  2.855E-03  2.467E-03  2.171E-03  1.837E-03  1.551E-03  1.304E-03  1.092E-03  9.118E-04  7.403E-04  6.046E-04  4.973E-04  3.966E-04  3.230E-04  2.551E-04  2.022E-04  1.618E-04  1.266E-04  9.824E-05  7.579E-05  5.746E-05  4.271E-05  3.166E-05  2.330E-05  1.636E-05  1.162E-05
  357.5000  3.018E-02  2.915E-02  2.812E-02  2.711E-02  2.610E-02  2.511E-02  2.413E-02  2.315E-02  2.219E-02  2.124E-02  2.031E-02  1.938E-02  1.847E-02  1.757E-02  1.669E-02  1.582E-02  1.497E-02  1.413E-02  1.331E-02  1.251E-02  1.172E-02  1.096E-02  1.021E-02  9.490E-03  8.791E-03  8.117E-03  7.473E-03  6.858E-03  6.268E-03  5.573E-03  4.979E-03  4.475E-03  4.044E-03  3.678E-03  3.152E-03  2.836E-03  2.423E-03  2.093E-03  1.842E-03  1.558E-03  1.315E-03  1.106E-03  9.258E-04  7.727E-04  6.272E-04  5.122E-04  4.212E-04  3.358E-04  2.734E-04  2.159E-04  1.711E-04  1.369E-04  1.071E-04  8.311E-05  6.412E-05  4.862E-05  3.613E-05  2.679E-05  1.972E-05  1.385E-05  9.836E-06
  358.5000  2.334E-02  2.254E-02  2.175E-02  2.097E-02  2.019E-02  1.942E-02  1.866E-02  1.791E-02  1.717E-02  1.644E-02  1.571E-02  1.500E-02  1.429E-02  1.360E-02  1.292E-02  1.225E-02  1.159E-02  1.094E-02  1.030E-02  9.681E-03  9.076E-03  8.484E-03  7.908E-03  7.348E-03  6.807E-03  6.286E-03  5.787E-03  5.312E-03  4.854E-03  4.317E-03  3.857E-03  3.466E-03  3.132E-03  2.848E-03  2.441E-03  2.196E-03  1.876E-03  1.620E-03  1.426E-03  1.206E-03  1.018E-03  8.557E-04  7.163E-04  5.978E-04  4.851E-04  3.960E-04  3.256E-04  2.595E-04  2.113E-04  1.668E-04  1.321E-04  1.057E-04  8.269E-05  6.416E-05  4.950E-05  3.754E-05  2.790E-05  2.069E-05  1.523E-05  1.070E-05  7.604E-06
  359.5000  3.931E-02  3.796E-02  3.663E-02  3.531E-02  3.400E-02  3.271E-02  3.143E-02  3.016E-02  2.891E-02  2.768E-02  2.646E-02  2.525E-02  2.407E-02  2.290E-02  2.175E-02  2.062E-02  1.951E-02  1.842E-02  1.735E-02  1.630E-02  1.528E-02  1.429E-02  1.331E-02  1.237E-02  1.146E-02  1.058E-02  9.743E-03  8.942E-03  8.172E-03  7.266E-03  6.491E-03  5.833E-03  5.271E-03  4.793E-03  4.107E-03  3.695E-03  3.155E-03  2.725E-03  2.398E-03  2.028E-03  1.711E-03  1.438E-03  1.204E-03  1.004E-03  8.149E-04  6.651E-04  5.466E-04  4.357E-04  3.546E-04  2.798E-04  2.217E-04  1.773E-04  1.387E-04  1.076E-04  8.301E-05  6.296E-05  4.680E-05  3.471E-05  2.556E-05  1.796E-05  1.276E-05
  360.5000  3.646E-02  3.521E-02  3.397E-02  3.275E-02  3.154E-02  3.034E-02  2.915E-02  2.798E-02  2.682E-02  2.568E-02  2.454E-02  2.343E-02  2.233E-02  2.124E-02  2.018E-02  1.913E-02  1.810E-02  1.709E-02  1.609E-02  1.512E-02  1.418E-02  1.325E-02  1.235E-02  1.148E-02  1.063E-02  9.817E-03  9.037E-03  8.294E-03  7.579E-03  6.739E-03  6.020E-03  5.409E-03  4.888E-03  4.444E-03  3.807E-03  3.425E-03  2.924E-03  2.525E-03  2.222E-03  1.879E-03  1.585E-03  1.332E-03  1.115E-03  9.299E-04  7.543E-04  6.155E-04  5.058E-04  4.030E-04  3.279E-04  2.587E-04  2.049E-04  1.639E-04  1.282E-04  9.944E-05  7.671E-05  5.819E-05  4.326E-05  3.209E-05  2.363E-05  1.661E-05  1.181E-05
  361.5000  3.292E-02  3.180E-02  3.068E-02  2.958E-02  2.849E-02  2.740E-02  2.633E-02  2.527E-02  2.422E-02  2.319E-02  2.217E-02  2.116E-02  2.017E-02  1.919E-02  1.823E-02  1.728E-02  1.635E-02  1.544E-02  1.454E-02  1.367E-02  1.281E-02  1.198E-02  1.116E-02  1.037E-02  9.610E-03  8.873E-03  8.169E-03  7.497E-03  6.851E-03  6.091E-03  5.441E-03  4.889E-03  4.418E-03  4.016E-03  3.441E-03  3.095E-03  2.643E-03  2.282E-03  2.007E-03  1.697E-03  1.432E-03  1.203E-03  1.006E-03  8.394E-04  6.807E-04  5.553E-04  4.562E-04  3.634E-04  2.957E-04  2.332E-04  1.847E-04  1.477E-04  1.155E-04  8.958E-05  6.911E-05  5.243E-05  3.898E-05  2.892E-05  2.130E-05  1.497E-05  1.065E-05
  362.5000  3.871E-02  3.738E-02  3.607E-02  3.478E-02  3.349E-02  3.222E-02  3.096E-02  2.971E-02  2.848E-02  2.727E-02  2.607E-02  2.489E-02  2.372E-02  2.257E-02  2.144E-02  2.033E-02  1.923E-02  1.816E-02  1.710E-02  1.607E-02  1.507E-02  1.409E-02  1.313E-02  1.220E-02  1.130E-02  1.044E-02  9.608E-03  8.818E-03  8.058E-03  7.164E-03  6.399E-03  5.749E-03  5.195E-03  4.722E-03  4.045E-03  3.639E-03  3.106E-03  2.682E-03  2.359E-03  1.994E-03  1.682E-03  1.413E-03  1.182E-03  9.857E-04  7.992E-04  6.518E-04  5.354E-04  4.264E-04  3.468E-04  2.735E-04  2.165E-04  1.732E-04  1.354E-04  1.050E-04  8.099E-05  6.145E-05  4.569E-05  3.390E-05  2.497E-05  1.756E-05  1.249E-05
  363.5000  3.446E-02  3.328E-02  3.211E-02  3.096E-02  2.982E-02  2.868E-02  2.756E-02  2.646E-02  2.536E-02  2.428E-02  2.321E-02  2.216E-02  2.112E-02  2.010E-02  1.909E-02  1.810E-02  1.712E-02  1.617E-02  1.523E-02  1.431E-02  1.342E-02  1.254E-02  1.169E-02  1.086E-02  1.006E-02  9.292E-03  8.554E-03  7.850E-03  7.173E-03  6.377E-03  5.696E-03  5.117E-03  4.623E-03  4.203E-03  3.600E-03  3.237E-03  2.763E-03  2.385E-03  2.098E-03  1.773E-03  1.496E-03  1.256E-03  1.051E-03  8.759E-04  7.100E-04  5.790E-04  4.755E-04  3.785E-04  3.078E-04  2.427E-04  1.921E-04  1.536E-04  1.201E-04  9.312E-05  7.184E-05  5.451E-05  4.053E-05  3.008E-05  2.216E-05  1.558E-05  1.109E-05
  364.5000  3.760E-02  3.631E-02  3.504E-02  3.378E-02  3.253E-02  3.130E-02  3.007E-02  2.886E-02  2.767E-02  2.649E-02  2.533E-02  2.418E-02  2.304E-02  2.192E-02  2.082E-02  1.975E-02  1.868E-02  1.764E-02  1.661E-02  1.561E-02  1.464E-02  1.368E-02  1.275E-02  1.185E-02  1.098E-02  1.013E-02  9.329E-03  8.561E-03  7.822E-03  6.954E-03  6.211E-03  5.579E-03  5.039E-03  4.580E-03  3.923E-03  3.527E-03  3.010E-03  2.598E-03  2.285E-03  1.931E-03  1.628E-03  1.368E-03  1.144E-03  9.532E-04  7.725E-04  6.297E-04  5.170E-04  4.116E-04  3.346E-04  2.637E-04  2.088E-04  1.669E-04  1.304E-04  1.012E-04  7.803E-05  5.921E-05  4.403E-05  3.268E-05  2.408E-05  1.694E-05  1.205E-05
  365.5000  4.581E-02  4.425E-02  4.269E-02  4.116E-02  3.964E-02  3.813E-02  3.664E-02  3.517E-02  3.371E-02  3.228E-02  3.086E-02  2.946E-02  2.807E-02  2.671E-02  2.537E-02  2.405E-02  2.276E-02  2.149E-02  2.024E-02  1.902E-02  1.783E-02  1.666E-02  1.553E-02  1.443E-02  1.337E-02  1.234E-02  1.136E-02  1.042E-02  9.523E-03  8.465E-03  7.559E-03  6.789E-03  6.132E-03  5.573E-03  4.772E-03  4.290E-03  3.661E-03  3.159E-03  2.778E-03  2.347E-03  1.979E-03  1.662E-03  1.389E-03  1.158E-03  9.381E-04  7.646E-04  6.277E-04  4.995E-04  4.060E-04  3.200E-04  2.532E-04  2.024E-04  1.582E-04  1.227E-04  9.461E-05  7.180E-05  5.339E-05  3.963E-05  2.921E-05  2.055E-05  1.463E-05
  366.5000  4.854E-02  4.688E-02  4.523E-02  4.361E-02  4.200E-02  4.040E-02  3.883E-02  3.726E-02  3.572E-02  3.420E-02  3.270E-02  3.121E-02  2.975E-02  2.831E-02  2.689E-02  2.549E-02  2.412E-02  2.277E-02  2.145E-02  2.016E-02  1.890E-02  1.766E-02  1.646E-02  1.530E-02  1.417E-02  1.308E-02  1.204E-02  1.105E-02  1.009E-02  8.971E-03  8.012E-03  7.195E-03  6.498E-03  5.905E-03  5.056E-03  4.545E-03  3.878E-03  3.346E-03  2.942E-03  2.486E-03  2.095E-03  1.759E-03  1.470E-03  1.225E-03  9.924E-04  8.086E-04  6.637E-04  5.280E-04  4.291E-04  3.381E-04  2.675E-04  2.138E-04  1.670E-04  1.295E-04  9.991E-05  7.583E-05  5.639E-05  4.187E-05  3.086E-05  2.171E-05  1.546E-05
  367.5000  4.613E-02  4.456E-02  4.300E-02  4.145E-02  3.992E-02  3.841E-02  3.691E-02  3.543E-02  3.396E-02  3.252E-02  3.109E-02  2.968E-02  2.828E-02  2.691E-02  2.556E-02  2.424E-02  2.293E-02  2.165E-02  2.040E-02  1.917E-02  1.797E-02  1.680E-02  1.565E-02  1.455E-02  1.347E-02  1.244E-02  1.145E-02  1.050E-02  9.597E-03  8.531E-03  7.618E-03  6.841E-03  6.178E-03  5.614E-03  4.806E-03  4.320E-03  3.686E-03  3.180E-03  2.796E-03  2.362E-03  1.991E-03  1.670E-03  1.396E-03  1.163E-03  9.419E-04  7.673E-04  6.296E-04  5.008E-04  4.069E-04  3.205E-04  2.535E-04  2.027E-04  1.583E-04  1.227E-04  9.466E-05  7.185E-05  5.343E-05  3.968E-05  2.925E-05  2.059E-05  1.466E-05
  368.5000  4.055E-02  3.916E-02  3.779E-02  3.643E-02  3.509E-02  3.376E-02  3.244E-02  3.114E-02  2.985E-02  2.858E-02  2.732E-02  2.608E-02  2.486E-02  2.365E-02  2.247E-02  2.130E-02  2.016E-02  1.903E-02  1.793E-02  1.685E-02  1.579E-02  1.476E-02  1.376E-02  1.278E-02  1.184E-02  1.093E-02  1.006E-02  9.230E-03  8.432E-03  7.495E-03  6.692E-03  6.009E-03  5.426E-03  4.930E-03  4.220E-03  3.793E-03  3.236E-03  2.791E-03  2.453E-03  2.072E-03  1.746E-03  1.466E-03  1.225E-03  1.020E-03  8.259E-04  6.726E-04  5.518E-04  4.388E-04  3.565E-04  2.807E-04  2.220E-04  1.774E-04  1.386E-04  1.074E-04  8.286E-05  6.290E-05  4.678E-05  3.474E-05  2.561E-05  1.803E-05  1.284E-05
  369.5000  4.866E-02  4.700E-02  4.535E-02  4.373E-02  4.211E-02  4.051E-02  3.893E-02  3.737E-02  3.582E-02  3.430E-02  3.279E-02  3.130E-02  2.984E-02  2.839E-02  2.697E-02  2.557E-02  2.419E-02  2.284E-02  2.152E-02  2.022E-02  1.896E-02  1.772E-02  1.651E-02  1.534E-02  1.421E-02  1.312E-02  1.207E-02  1.108E-02  1.012E-02  8.993E-03  8.029E-03  7.209E-03  6.509E-03  5.913E-03  5.061E-03  4.549E-03  3.879E-03  3.346E-03  2.941E-03  2.483E-03  2.092E-03  1.756E-03  1.467E-03  1.222E-03  9.888E-04  8.052E-04  6.604E-04  5.250E-04  4.264E-04  3.357E-04  2.655E-04  2.122E-04  1.656E-04  1.284E-04  9.904E-05  7.518E-05  5.592E-05  4.153E-05  3.062E-05  2.156E-05  1.536E-05
  370.5000  4.417E-02  4.266E-02  4.116E-02  3.969E-02  3.822E-02  3.677E-02  3.534E-02  3.392E-02  3.252E-02  3.113E-02  2.977E-02  2.842E-02  2.708E-02  2.577E-02  2.448E-02  2.321E-02  2.196E-02  2.073E-02  1.953E-02  1.835E-02  1.721E-02  1.608E-02  1.499E-02  1.393E-02  1.290E-02  1.190E-02  1.096E-02  1.005E-02  9.182E-03  8.160E-03  7.285E-03  6.540E-03  5.905E-03  5.364E-03  4.590E-03  4.125E-03  3.517E-03  3.033E-03  2.666E-03  2.251E-03  1.896E-03  1.591E-03  1.329E-03  1.106E-03  8.953E-04  7.289E-04  5.977E-04  4.750E-04  3.857E-04  3.037E-04  2.401E-04  1.918E-04  1.497E-04  1.161E-04  8.952E-05  6.796E-05  5.055E-05  3.755E-05  2.769E-05  1.950E-05  1.390E-05
  371.5000  5.057E-02  4.884E-02  4.713E-02  4.544E-02  4.376E-02  4.210E-02  4.046E-02  3.884E-02  3.723E-02  3.565E-02  3.408E-02  3.253E-02  3.101E-02  2.951E-02  2.803E-02  2.657E-02  2.514E-02  2.374E-02  2.236E-02  2.101E-02  1.970E-02  1.841E-02  1.716E-02  1.594E-02  1.477E-02  1.363E-02  1.254E-02  1.151E-02  1.051E-02  9.341E-03  8.339E-03  7.486E-03  6.758E-03  6.138E-03  5.252E-03  4.719E-03  4.023E-03  3.469E-03  3.048E-03  2.573E-03  2.167E-03  1.818E-03  1.518E-03  1.264E-03  1.023E-03  8.324E-04  6.824E-04  5.423E-04  4.403E-04  3.465E-04  2.739E-04  2.188E-04  1.708E-04  1.324E-04  1.021E-04  7.751E-05  5.765E-05  4.283E-05  3.159E-05  2.225E-05  1.586E-05
  372.5000  3.737E-02  3.610E-02  3.483E-02  3.359E-02  3.235E-02  3.112E-02  2.991E-02  2.871E-02  2.752E-02  2.635E-02  2.519E-02  2.405E-02  2.292E-02  2.181E-02  2.072E-02  1.964E-02  1.859E-02  1.755E-02  1.653E-02  1.553E-02  1.456E-02  1.361E-02  1.268E-02  1.179E-02  1.091E-02  1.007E-02  9.272E-03  8.505E-03  7.768E-03  6.904E-03  6.163E-03  5.532E-03  4.993E-03  4.535E-03  3.880E-03  3.486E-03  2.971E-03  2.562E-03  2.251E-03  1.900E-03  1.600E-03  1.342E-03  1.120E-03  9.324E-04  7.543E-04  6.138E-04  5.031E-04  3.997E-04  3.244E-04  2.552E-04  2.017E-04  1.611E-04  1.257E-04  9.745E-05  7.516E-05  5.707E-05  4.245E-05  3.154E-05  2.327E-05  1.639E-05  1.169E-05
  373.5000  3.379E-02  3.264E-02  3.150E-02  3.037E-02  2.925E-02  2.814E-02  2.704E-02  2.595E-02  2.488E-02  2.382E-02  2.278E-02  2.174E-02  2.072E-02  1.972E-02  1.873E-02  1.776E-02  1.680E-02  1.587E-02  1.495E-02  1.404E-02  1.317E-02  1.230E-02  1.147E-02  1.065E-02  9.866E-03  9.107E-03  8.381E-03  7.687E-03  7.021E-03  6.239E-03  5.569E-03  4.998E-03  4.511E-03  4.096E-03  3.504E-03  3.148E-03  2.683E-03  2.313E-03  2.032E-03  1.715E-03  1.444E-03  1.211E-03  1.011E-03  8.410E-04  6.802E-04  5.533E-04  4.534E-04  3.601E-04  2.923E-04  2.299E-04  1.817E-04  1.451E-04  1.132E-04  8.773E-05  6.766E-05  5.138E-05  3.822E-05  2.840E-05  2.095E-05  1.476E-05  1.053E-05
  374.5000  3.710E-02  3.583E-02  3.458E-02  3.334E-02  3.211E-02  3.089E-02  2.969E-02  2.850E-02  2.732E-02  2.616E-02  2.501E-02  2.387E-02  2.275E-02  2.165E-02  2.057E-02  1.950E-02  1.845E-02  1.742E-02  1.641E-02  1.542E-02  1.445E-02  1.351E-02  1.259E-02  1.170E-02  1.083E-02  9.997E-03  9.199E-03  8.438E-03  7.706E-03  6.847E-03  6.111E-03  5.485E-03  4.949E-03  4.494E-03  3.844E-03  3.452E-03  2.942E-03  2.536E-03  2.227E-03  1.879E-03  1.582E-03  1.327E-03  1.107E-03  9.211E-04  7.449E-04  6.058E-04  4.963E-04  3.941E-04  3.198E-04  2.515E-04  1.987E-04  1.587E-04  1.238E-04  9.591E-05  7.396E-05  5.617E-05  4.178E-05  3.105E-05  2.291E-05  1.615E-05  1.152E-05
  375.5000  4.188E-02  4.046E-02  3.904E-02  3.764E-02  3.625E-02  3.488E-02  3.352E-02  3.217E-02  3.084E-02  2.953E-02  2.824E-02  2.696E-02  2.569E-02  2.445E-02  2.322E-02  2.202E-02  2.083E-02  1.967E-02  1.853E-02  1.741E-02  1.632E-02  1.525E-02  1.421E-02  1.321E-02  1.223E-02  1.129E-02  1.039E-02  9.526E-03  8.699E-03  7.730E-03  6.899E-03  6.191E-03  5.586E-03  5.072E-03  4.337E-03  3.895E-03  3.319E-03  2.861E-03  2.512E-03  2.119E-03  1.784E-03  1.495E-03  1.248E-03  1.038E-03  8.391E-04  6.823E-04  5.589E-04  4.437E-04  3.599E-04  2.830E-04  2.235E-04  1.785E-04  1.392E-04  1.079E-04  8.317E-05  6.317E-05  4.699E-05  3.492E-05  2.577E-05  1.817E-05  1.296E-05
  376.5000  4.185E-02  4.042E-02  3.901E-02  3.761E-02  3.622E-02  3.485E-02  3.349E-02  3.215E-02  3.082E-02  2.951E-02  2.821E-02  2.693E-02  2.567E-02  2.443E-02  2.320E-02  2.200E-02  2.082E-02  1.965E-02  1.851E-02  1.740E-02  1.631E-02  1.524E-02  1.420E-02  1.320E-02  1.222E-02  1.128E-02  1.038E-02  9.518E-03  8.691E-03  7.723E-03  6.892E-03  6.184E-03  5.579E-03  5.065E-03  4.331E-03  3.889E-03  3.314E-03  2.855E-03  2.507E-03  2.115E-03  1.780E-03  1.491E-03  1.244E-03  1.035E-03  8.365E-04  6.800E-04  5.569E-04  4.420E-04  3.585E-04  2.818E-04  2.226E-04  1.777E-04  1.386E-04  1.073E-04  8.277E-05  6.286E-05  4.677E-05  3.476E-05  2.566E-05  1.809E-05  1.291E-05
  377.5000  4.986E-02  4.816E-02  4.647E-02  4.481E-02  4.316E-02  4.152E-02  3.990E-02  3.830E-02  3.672E-02  3.516E-02  3.362E-02  3.209E-02  3.059E-02  2.911E-02  2.765E-02  2.622E-02  2.480E-02  2.342E-02  2.206E-02  2.073E-02  1.943E-02  1.816E-02  1.692E-02  1.572E-02  1.456E-02  1.344E-02  1.236E-02  1.134E-02  1.035E-02  9.199E-03  8.209E-03  7.365E-03  6.644E-03  6.031E-03  5.157E-03  4.630E-03  3.944E-03  3.398E-03  2.984E-03  2.516E-03  2.118E-03  1.774E-03  1.480E-03  1.230E-03  9.943E-04  8.081E-04  6.617E-04  5.250E-04  4.257E-04  3.346E-04  2.642E-04  2.109E-04  1.644E-04  1.274E-04  9.821E-05  7.460E-05  5.549E-05  4.125E-05  3.045E-05  2.147E-05  1.532E-05
  378.5000  5.436E-02  5.251E-02  5.067E-02  4.886E-02  4.706E-02  4.527E-02  4.351E-02  4.176E-02  4.004E-02  3.834E-02  3.666E-02  3.499E-02  3.335E-02  3.174E-02  3.015E-02  2.859E-02  2.705E-02  2.554E-02  2.405E-02  2.260E-02  2.119E-02  1.980E-02  1.845E-02  1.714E-02  1.587E-02  1.465E-02  1.348E-02  1.236E-02  1.129E-02  1.003E-02  8.948E-03  8.027E-03  7.241E-03  6.572E-03  5.618E-03  5.044E-03  4.296E-03  3.701E-03  3.249E-03  2.740E-03  2.305E-03  1.930E-03  1.610E-03  1.339E-03  1.081E-03  8.788E-04  7.194E-04  5.707E-04  4.626E-04  3.635E-04  2.870E-04  2.291E-04  1.785E-04  1.383E-04  1.066E-04  8.100E-05  6.026E-05  4.480E-05  3.308E-05  2.333E-05  1.665E-05
  379.5000  4.024E-02  3.886E-02  3.750E-02  3.616E-02  3.483E-02  3.351E-02  3.220E-02  3.091E-02  2.963E-02  2.838E-02  2.713E-02  2.590E-02  2.469E-02  2.349E-02  2.231E-02  2.116E-02  2.002E-02  1.890E-02  1.780E-02  1.673E-02  1.568E-02  1.466E-02  1.366E-02  1.269E-02  1.175E-02  1.084E-02  9.974E-03  9.147E-03  8.351E-03  7.420E-03  6.620E-03  5.938E-03  5.356E-03  4.861E-03  4.155E-03  3.729E-03  3.176E-03  2.736E-03  2.401E-03  2.024E-03  1.703E-03  1.426E-03  1.189E-03  9.884E-04  7.984E-04  6.486E-04  5.308E-04  4.210E-04  3.412E-04  2.681E-04  2.116E-04  1.689E-04  1.316E-04  1.019E-04  7.859E-05  5.970E-05  4.441E-05  3.302E-05  2.438E-05  1.720E-05  1.228E-05
  380.5000  4.841E-02  4.676E-02  4.512E-02  4.351E-02  4.191E-02  4.032E-02  3.875E-02  3.719E-02  3.566E-02  3.414E-02  3.265E-02  3.117E-02  2.971E-02  2.827E-02  2.685E-02  2.546E-02  2.409E-02  2.274E-02  2.142E-02  2.013E-02  1.887E-02  1.763E-02  1.643E-02  1.527E-02  1.413E-02  1.304E-02  1.200E-02  1.100E-02  1.005E-02  8.926E-03  7.963E-03  7.143E-03  6.442E-03  5.845E-03  4.996E-03  4.484E-03  3.818E-03  3.288E-03  2.886E-03  2.432E-03  2.046E-03  1.713E-03  1.428E-03  1.187E-03  9.584E-04  7.784E-04  6.369E-04  5.051E-04  4.092E-04  3.214E-04  2.537E-04  2.024E-04  1.577E-04  1.221E-04  9.417E-05  7.153E-05  5.322E-05  3.958E-05  2.923E-05  2.062E-05  1.472E-05
  381.5000  4.551E-02  4.396E-02  4.242E-02  4.091E-02  3.940E-02  3.791E-02  3.643E-02  3.497E-02  3.352E-02  3.210E-02  3.069E-02  2.930E-02  2.793E-02  2.658E-02  2.524E-02  2.394E-02  2.265E-02  2.138E-02  2.014E-02  1.893E-02  1.774E-02  1.658E-02  1.545E-02  1.435E-02  1.329E-02  1.226E-02  1.128E-02  1.034E-02  9.444E-03  8.390E-03  7.485E-03  6.713E-03  6.054E-03  5.492E-03  4.694E-03  4.212E-03  3.586E-03  3.088E-03  2.710E-03  2.284E-03  1.920E-03  1.608E-03  1.340E-03  1.113E-03  8.990E-04  7.300E-04  5.971E-04  4.734E-04  3.835E-04  3.012E-04  2.376E-04  1.896E-04  1.477E-04  1.144E-04  8.816E-05  6.698E-05  4.983E-05  3.706E-05  2.737E-05  1.931E-05  1.379E-05
  382.5000  3.034E-02  2.931E-02  2.828E-02  2.727E-02  2.626E-02  2.527E-02  2.428E-02  2.331E-02  2.235E-02  2.140E-02  2.046E-02  1.953E-02  1.862E-02  1.772E-02  1.683E-02  1.596E-02  1.510E-02  1.426E-02  1.343E-02  1.262E-02  1.183E-02  1.105E-02  1.030E-02  9.568E-03  8.859E-03  8.175E-03  7.520E-03  6.896E-03  6.295E-03  5.592E-03  4.989E-03  4.473E-03  4.034E-03  3.659E-03  3.127E-03  2.806E-03  2.388E-03  2.056E-03  1.804E-03  1.520E-03  1.278E-03  1.070E-03  8.916E-04  7.406E-04  5.979E-04  4.854E-04  3.969E-04  3.146E-04  2.548E-04  2.001E-04  1.578E-04  1.259E-04  9.806E-05  7.593E-05  5.853E-05  4.447E-05  3.308E-05  2.461E-05  1.818E-05  1.283E-05  9.162E-06
  383.5000  2.665E-02  2.574E-02  2.484E-02  2.395E-02  2.307E-02  2.220E-02  2.133E-02  2.048E-02  1.963E-02  1.880E-02  1.798E-02  1.716E-02  1.636E-02  1.557E-02  1.479E-02  1.402E-02  1.327E-02  1.252E-02  1.180E-02  1.108E-02  1.039E-02  9.710E-03  9.048E-03  8.405E-03  7.782E-03  7.181E-03  6.606E-03  6.057E-03  5.529E-03  4.911E-03  4.381E-03  3.928E-03  3.542E-03  3.213E-03  2.745E-03  2.463E-03  2.096E-03  1.804E-03  1.583E-03  1.334E-03  1.121E-03  9.380E-04  7.817E-04  6.492E-04  5.239E-04  4.252E-04  3.477E-04  2.755E-04  2.231E-04  1.751E-04  1.381E-04  1.102E-04  8.579E-05  6.642E-05  5.120E-05  3.890E-05  2.894E-05  2.153E-05  1.590E-05  1.123E-05  8.020E-06
  384.5000  4.002E-02  3.865E-02  3.730E-02  3.597E-02  3.464E-02  3.333E-02  3.203E-02  3.075E-02  2.948E-02  2.823E-02  2.699E-02  2.577E-02  2.456E-02  2.337E-02  2.220E-02  2.105E-02  1.992E-02  1.880E-02  1.771E-02  1.664E-02  1.560E-02  1.458E-02  1.359E-02  1.262E-02  1.168E-02  1.078E-02  9.918E-03  9.093E-03  8.300E-03  7.373E-03  6.576E-03  5.896E-03  5.315E-03  4.821E-03  4.118E-03  3.694E-03  3.144E-03  2.706E-03  2.373E-03  1.999E-03  1.680E-03  1.406E-03  1.171E-03  9.726E-04  7.848E-04  6.368E-04  5.206E-04  4.124E-04  3.339E-04  2.620E-04  2.066E-04  1.648E-04  1.283E-04  9.932E-05  7.655E-05  5.816E-05  4.328E-05  3.219E-05  2.378E-05  1.679E-05  1.200E-05
  385.5000  3.961E-02  3.826E-02  3.692E-02  3.560E-02  3.429E-02  3.299E-02  3.171E-02  3.043E-02  2.918E-02  2.794E-02  2.672E-02  2.551E-02  2.431E-02  2.313E-02  2.198E-02  2.084E-02  1.972E-02  1.861E-02  1.753E-02  1.648E-02  1.544E-02  1.443E-02  1.345E-02  1.249E-02  1.157E-02  1.067E-02  9.816E-03  8.999E-03  8.214E-03  7.297E-03  6.508E-03  5.834E-03  5.259E-03  4.769E-03  4.074E-03  3.654E-03  3.109E-03  2.676E-03  2.346E-03  1.976E-03  1.661E-03  1.389E-03  1.157E-03  9.606E-04  7.750E-04  6.287E-04  5.138E-04  4.070E-04  3.294E-04  2.584E-04  2.037E-04  1.625E-04  1.265E-04  9.790E-05  7.545E-05  5.733E-05  4.266E-05  3.174E-05  2.345E-05  1.656E-05  1.183E-05
  386.5000  4.039E-02  3.901E-02  3.765E-02  3.630E-02  3.497E-02  3.364E-02  3.233E-02  3.104E-02  2.976E-02  2.849E-02  2.724E-02  2.601E-02  2.479E-02  2.359E-02  2.241E-02  2.125E-02  2.011E-02  1.898E-02  1.788E-02  1.680E-02  1.575E-02  1.472E-02  1.371E-02  1.274E-02  1.179E-02  1.088E-02  1.001E-02  9.177E-03  8.376E-03  7.440E-03  6.635E-03  5.948E-03  5.361E-03  4.861E-03  4.152E-03  3.723E-03  3.168E-03  2.725E-03  2.390E-03  2.013E-03  1.691E-03  1.414E-03  1.178E-03  9.775E-04  7.884E-04  6.395E-04  5.225E-04  4.137E-04  3.348E-04  2.626E-04  2.070E-04  1.650E-04  1.285E-04  9.943E-05  7.662E-05  5.822E-05  4.332E-05  3.223E-05  2.382E-05  1.682E-05  1.202E-05
  387.5000  3.755E-02  3.627E-02  3.500E-02  3.375E-02  3.251E-02  3.128E-02  3.006E-02  2.886E-02  2.767E-02  2.649E-02  2.533E-02  2.418E-02  2.305E-02  2.194E-02  2.084E-02  1.976E-02  1.870E-02  1.765E-02  1.663E-02  1.562E-02  1.464E-02  1.369E-02  1.275E-02  1.184E-02  1.097E-02  1.012E-02  9.306E-03  8.531E-03  7.786E-03  6.915E-03  6.167E-03  5.528E-03  4.982E-03  4.517E-03  3.857E-03  3.459E-03  2.942E-03  2.531E-03  2.219E-03  1.868E-03  1.570E-03  1.312E-03  1.093E-03  9.069E-04  7.313E-04  5.930E-04  4.844E-04  3.835E-04  3.103E-04  2.433E-04  1.917E-04  1.528E-04  1.190E-04  9.206E-05  7.094E-05  5.390E-05  4.011E-05  2.985E-05  2.206E-05  1.558E-05  1.114E-05
  388.5000  3.765E-02  3.637E-02  3.510E-02  3.384E-02  3.260E-02  3.136E-02  3.014E-02  2.894E-02  2.774E-02  2.657E-02  2.540E-02  2.425E-02  2.312E-02  2.200E-02  2.090E-02  1.981E-02  1.875E-02  1.770E-02  1.667E-02  1.567E-02  1.468E-02  1.372E-02  1.279E-02  1.188E-02  1.099E-02  1.014E-02  9.330E-03  8.553E-03  7.806E-03  6.933E-03  6.182E-03  5.541E-03  4.993E-03  4.527E-03  3.865E-03  3.465E-03  2.947E-03  2.535E-03  2.222E-03  1.871E-03  1.571E-03  1.314E-03  1.094E-03  9.074E-04  7.315E-04  5.930E-04  4.844E-04  3.833E-04  3.101E-04  2.431E-04  1.916E-04  1.527E-04  1.188E-04  9.192E-05  7.083E-05  5.382E-05  4.005E-05  2.980E-05  2.203E-05  1.556E-05  1.113E-05
  389.5000  4.750E-02  4.588E-02  4.428E-02  4.269E-02  4.112E-02  3.957E-02  3.803E-02  3.650E-02  3.500E-02  3.352E-02  3.205E-02  3.060E-02  2.916E-02  2.775E-02  2.636E-02  2.500E-02  2.365E-02  2.233E-02  2.104E-02  1.977E-02  1.853E-02  1.731E-02  1.613E-02  1.498E-02  1.387E-02  1.280E-02  1.177E-02  1.079E-02  9.846E-03  8.745E-03  7.798E-03  6.988E-03  6.297E-03  5.708E-03  4.873E-03  4.369E-03  3.715E-03  3.195E-03  2.800E-03  2.357E-03  1.979E-03  1.654E-03  1.377E-03  1.142E-03  9.207E-04  7.462E-04  6.093E-04  4.821E-04  3.899E-04  3.056E-04  2.408E-04  1.919E-04  1.493E-04  1.155E-04  8.898E-05  6.762E-05  5.032E-05  3.745E-05  2.768E-05  1.956E-05  1.399E-05
  390.5000  4.668E-02  4.509E-02  4.351E-02  4.195E-02  4.041E-02  3.888E-02  3.737E-02  3.587E-02  3.439E-02  3.294E-02  3.149E-02  3.007E-02  2.866E-02  2.727E-02  2.591E-02  2.457E-02  2.325E-02  2.195E-02  2.067E-02  1.942E-02  1.821E-02  1.701E-02  1.585E-02  1.473E-02  1.363E-02  1.258E-02  1.157E-02  1.060E-02  9.675E-03  8.593E-03  7.661E-03  6.865E-03  6.185E-03  5.606E-03  4.786E-03  4.290E-03  3.647E-03  3.136E-03  2.748E-03  2.313E-03  1.942E-03  1.623E-03  1.351E-03  1.120E-03  9.026E-04  7.314E-04  5.971E-04  4.724E-04  3.819E-04  2.993E-04  2.357E-04  1.878E-04  1.461E-04  1.130E-04  8.708E-05  6.617E-05  4.924E-05  3.665E-05  2.710E-05  1.915E-05  1.370E-05
  391.5000  5.540E-02  5.351E-02  5.164E-02  4.980E-02  4.796E-02  4.615E-02  4.435E-02  4.258E-02  4.082E-02  3.909E-02  3.738E-02  3.569E-02  3.402E-02  3.237E-02  3.075E-02  2.916E-02  2.759E-02  2.605E-02  2.454E-02  2.306E-02  2.161E-02  2.020E-02  1.882E-02  1.748E-02  1.618E-02  1.493E-02  1.373E-02  1.258E-02  1.148E-02  1.020E-02  9.092E-03  8.147E-03  7.339E-03  6.651E-03  5.677E-03  5.088E-03  4.325E-03  3.719E-03  3.258E-03  2.741E-03  2.301E-03  1.923E-03  1.600E-03  1.327E-03  1.069E-03  8.659E-04  7.068E-04  5.590E-04  4.518E-04  3.540E-04  2.788E-04  2.221E-04  1.727E-04  1.336E-04  1.029E-04  7.822E-05  5.820E-05  4.332E-05  3.203E-05  2.264E-05  1.620E-05
  392.5000  4.156E-02  4.015E-02  3.874E-02  3.736E-02  3.598E-02  3.462E-02  3.328E-02  3.194E-02  3.063E-02  2.933E-02  2.804E-02  2.678E-02  2.552E-02  2.429E-02  2.307E-02  2.188E-02  2.070E-02  1.955E-02  1.841E-02  1.730E-02  1.622E-02  1.515E-02  1.412E-02  1.311E-02  1.214E-02  1.120E-02  1.030E-02  9.440E-03  8.613E-03  7.650E-03  6.820E-03  6.110E-03  5.504E-03  4.987E-03  4.257E-03  3.814E-03  3.242E-03  2.787E-03  2.441E-03  2.054E-03  1.724E-03  1.440E-03  1.198E-03  9.932E-04  8.000E-04  6.480E-04  5.288E-04  4.181E-04  3.379E-04  2.647E-04  2.084E-04  1.660E-04  1.290E-04  9.981E-05  7.689E-05  5.843E-05  4.348E-05  3.237E-05  2.394E-05  1.692E-05  1.211E-05
  393.5000  1.808E-02  1.746E-02  1.685E-02  1.625E-02  1.565E-02  1.506E-02  1.447E-02  1.389E-02  1.332E-02  1.276E-02  1.220E-02  1.165E-02  1.110E-02  1.056E-02  1.004E-02  9.517E-03  9.005E-03  8.502E-03  8.008E-03  7.525E-03  7.054E-03  6.591E-03  6.141E-03  5.704E-03  5.280E-03  4.871E-03  4.479E-03  4.105E-03  3.746E-03  3.326E-03  2.965E-03  2.657E-03  2.393E-03  2.168E-03  1.850E-03  1.658E-03  1.409E-03  1.211E-03  1.061E-03  8.920E-04  7.485E-04  6.253E-04  5.201E-04  4.311E-04  3.471E-04  2.811E-04  2.293E-04  1.813E-04  1.465E-04  1.147E-04  9.029E-05  7.190E-05  5.590E-05  4.323E-05  3.330E-05  2.531E-05  1.883E-05  1.402E-05  1.037E-05  7.331E-06  5.246E-06
  394.5000  4.255E-02  4.110E-02  3.967E-02  3.825E-02  3.684E-02  3.545E-02  3.407E-02  3.271E-02  3.136E-02  3.003E-02  2.872E-02  2.742E-02  2.613E-02  2.487E-02  2.363E-02  2.240E-02  2.120E-02  2.001E-02  1.885E-02  1.771E-02  1.661E-02  1.552E-02  1.446E-02  1.343E-02  1.243E-02  1.147E-02  1.054E-02  9.663E-03  8.816E-03  7.829E-03  6.979E-03  6.252E-03  5.630E-03  5.101E-03  4.352E-03  3.899E-03  3.313E-03  2.847E-03  2.493E-03  2.097E-03  1.759E-03  1.470E-03  1.222E-03  1.013E-03  8.152E-04  6.600E-04  5.383E-04  4.254E-04  3.436E-04  2.691E-04  2.117E-04  1.686E-04  1.310E-04  1.013E-04  7.805E-05  5.932E-05  4.414E-05  3.286E-05  2.431E-05  1.719E-05  1.230E-05
  395.5000  5.477E-02  5.290E-02  5.106E-02  4.923E-02  4.742E-02  4.563E-02  4.385E-02  4.210E-02  4.036E-02  3.866E-02  3.696E-02  3.529E-02  3.364E-02  3.201E-02  3.041E-02  2.884E-02  2.729E-02  2.576E-02  2.427E-02  2.280E-02  2.137E-02  1.997E-02  1.861E-02  1.728E-02  1.600E-02  1.476E-02  1.357E-02  1.244E-02  1.135E-02  1.008E-02  8.981E-03  8.045E-03  7.244E-03  6.562E-03  5.599E-03  5.015E-03  4.261E-03  3.661E-03  3.205E-03  2.695E-03  2.261E-03  1.888E-03  1.570E-03  1.300E-03  1.047E-03  8.473E-04  6.909E-04  5.459E-04  4.409E-04  3.451E-04  2.715E-04  2.162E-04  1.680E-04  1.299E-04  1.000E-04  7.603E-05  5.658E-05  4.213E-05  3.116E-05  2.204E-05  1.577E-05
  396.5000  3.217E-02  3.108E-02  2.999E-02  2.892E-02  2.786E-02  2.680E-02  2.576E-02  2.473E-02  2.371E-02  2.271E-02  2.171E-02  2.073E-02  1.976E-02  1.881E-02  1.787E-02  1.694E-02  1.603E-02  1.514E-02  1.426E-02  1.340E-02  1.256E-02  1.173E-02  1.093E-02  1.015E-02  9.399E-03  8.670E-03  7.973E-03  7.306E-03  6.665E-03  5.919E-03  5.275E-03  4.725E-03  4.254E-03  3.853E-03  3.287E-03  2.944E-03  2.501E-03  2.149E-03  1.881E-03  1.581E-03  1.326E-03  1.107E-03  9.204E-04  7.624E-04  6.136E-04  4.965E-04  4.048E-04  3.197E-04  2.581E-04  2.020E-04  1.589E-04  1.265E-04  9.829E-05  7.599E-05  5.852E-05  4.448E-05  3.310E-05  2.464E-05  1.823E-05  1.290E-05  9.233E-06
  397.5000  3.714E-02  3.588E-02  3.462E-02  3.339E-02  3.216E-02  3.094E-02  2.974E-02  2.855E-02  2.737E-02  2.622E-02  2.507E-02  2.393E-02  2.282E-02  2.171E-02  2.063E-02  1.956E-02  1.851E-02  1.747E-02  1.646E-02  1.547E-02  1.450E-02  1.355E-02  1.262E-02  1.172E-02  1.085E-02  1.001E-02  9.204E-03  8.434E-03  7.694E-03  6.833E-03  6.089E-03  5.454E-03  4.910E-03  4.447E-03  3.793E-03  3.397E-03  2.885E-03  2.478E-03  2.169E-03  1.823E-03  1.529E-03  1.276E-03  1.061E-03  8.784E-04  7.067E-04  5.717E-04  4.660E-04  3.680E-04  2.971E-04  2.324E-04  1.828E-04  1.455E-04  1.130E-04  8.737E-05  6.728E-05  5.113E-05  3.805E-05  2.834E-05  2.097E-05  1.483E-05  1.062E-05
  398.5000  6.385E-02  6.167E-02  5.952E-02  5.739E-02  5.528E-02  5.319E-02  5.112E-02  4.908E-02  4.706E-02  4.507E-02  4.309E-02  4.115E-02  3.922E-02  3.733E-02  3.546E-02  3.363E-02  3.182E-02  3.004E-02  2.830E-02  2.659E-02  2.493E-02  2.329E-02  2.170E-02  2.015E-02  1.866E-02  1.721E-02  1.582E-02  1.450E-02  1.323E-02  1.174E-02  1.047E-02  9.374E-03  8.438E-03  7.641E-03  6.517E-03  5.835E-03  4.956E-03  4.256E-03  3.725E-03  3.130E-03  2.624E-03  2.190E-03  1.820E-03  1.507E-03  1.212E-03  9.804E-04  7.989E-04  6.308E-04  5.091E-04  3.982E-04  3.131E-04  2.492E-04  1.935E-04  1.496E-04  1.152E-04  8.754E-05  6.514E-05  4.851E-05  3.590E-05  2.540E-05  1.819E-05
  399.5000  6.643E-02  6.417E-02  6.193E-02  5.971E-02  5.752E-02  5.534E-02  5.319E-02  5.107E-02  4.896E-02  4.689E-02  4.484E-02  4.281E-02  4.081E-02  3.884E-02  3.690E-02  3.499E-02  3.311E-02  3.126E-02  2.945E-02  2.767E-02  2.594E-02  2.424E-02  2.258E-02  2.097E-02  1.941E-02  1.791E-02  1.646E-02  1.509E-02  1.376E-02  1.222E-02  1.089E-02  9.751E-03  8.777E-03  7.947E-03  6.778E-03  6.068E-03  5.152E-03  4.424E-03  3.871E-03  3.253E-03  2.726E-03  2.275E-03  1.890E-03  1.565E-03  1.258E-03  1.018E-03  8.290E-04  6.544E-04  5.280E-04  4.129E-04  3.246E-04  2.583E-04  2.006E-04  1.550E-04  1.193E-04  9.070E-05  6.749E-05  5.027E-05  3.720E-05  2.633E-05  1.885E-05
------------------------------------------------------------
Dose rates,W m-2
   1 = UV index (WMO, 1994; Webb et al., 2011)           
   2 = Previtamin-D3 (CIE 2006)                          
values at z =      0.025 km
Columns: time,sza,weighting spectra
time,hrs.  sza,deg.          1          2
   18.0000     84.497  1.045E-01  1.709E-03
   18.0167     84.692  1.002E-01  1.627E-03
   18.0333     84.887  9.600E-02  1.548E-03
   18.0500     85.081  9.189E-02  1.472E-03
   18.0667     85.276  8.787E-02  1.399E-03
   18.0833     85.472  8.395E-02  1.329E-03
   18.1000     85.667  8.011E-02  1.262E-03
   18.1167     85.863  7.638E-02  1.197E-03
   18.1333     86.059  7.274E-02  1.135E-03
   18.1500     86.255  6.920E-02  1.076E-03
   18.1667     86.451  6.574E-02  1.019E-03
   18.1833     86.647  6.237E-02  9.637E-04
   18.2000     86.844  5.910E-02  9.112E-04
   18.2167     87.041  5.591E-02  8.608E-04
   18.2333     87.238  5.282E-02  8.124E-04
   18.2500     87.435  4.982E-02  7.662E-04
   18.2667     87.632  4.691E-02  7.217E-04
   18.2833     87.830  4.409E-02  6.791E-04
   18.3000     88.027  4.135E-02  6.382E-04
   18.3167     88.225  3.871E-02  5.991E-04
   18.3333     88.423  3.617E-02  5.617E-04
   18.3500     88.621  3.370E-02  5.258E-04
   18.3667     88.819  3.133E-02  4.914E-04
   18.3833     89.018  2.906E-02  4.586E-04
   18.4000     89.217  2.688E-02  4.272E-04
   18.4167     89.416  2.479E-02  3.973E-04
   18.4333     89.614  2.282E-02  3.690E-04
   18.4500     89.813  2.095E-02  3.422E-04
   18.4667     90.013  1.916E-02  3.165E-04
   18.4833     90.212  1.710E-02  2.865E-04
   18.5000     90.412  1.534E-02  2.608E-04
   18.5167     90.611  1.384E-02  2.387E-04
   18.5333     90.811  1.255E-02  2.197E-04
   18.5500     91.011  1.145E-02  2.033E-04
   18.5667     91.212  9.907E-03  1.795E-04
   18.5833     91.412  8.961E-03  1.650E-04
   18.6000     91.613  7.736E-03  1.455E-04
   18.6167     91.813  6.749E-03  1.295E-04
   18.6333     92.014  5.992E-03  1.171E-04
   18.6500     92.215  5.135E-03  1.025E-04
   18.6667     92.416  4.393E-03  8.953E-05
   18.6833     92.617  3.746E-03  7.791E-05
   18.7000     92.818  3.182E-03  6.747E-05
   18.7167     93.019  2.695E-03  5.817E-05
   18.7333     93.221  2.221E-03  4.871E-05
   18.7500     93.423  1.841E-03  4.097E-05
   18.7667     93.625  1.532E-03  3.451E-05
   18.7833     93.827  1.235E-03  2.802E-05
   18.8000     94.029  1.014E-03  2.314E-05
   18.8167     94.231  8.048E-04  1.836E-05
   18.8333     94.433  6.382E-04  1.449E-05
   18.8500     94.636  5.070E-04  1.138E-05
   18.8667     94.839  3.962E-04  8.847E-06
   18.8833     95.042  3.039E-04  6.669E-06
   18.9000     95.244  2.306E-04  4.938E-06
   18.9167     95.447  1.696E-04  3.470E-06
   18.9333     95.650  1.220E-04  2.346E-06
   18.9500     95.854  8.585E-05  1.478E-06
   18.9667     96.057  5.858E-05  8.267E-07
   18.9833     96.261  3.748E-05  3.860E-07
   19.0000     96.464  2.403E-05  1.588E-07
------------------------------------------------------------
