Spectral Irradiance,W m-2 nm-1
values at z =      0.025 km
Columns: wavelength (nm),times (hrs.) or sza (deg.)
    wc,nm     18.000     18.017     18.033     18.050     18.067     18.083     18.100     18.117     18.133     18.150     18.167     18.183     18.200     18.217     18.233     18.250     18.267     18.283     18.300     18.317     18.333     18.350     18.367     18.383     18.400     18.417     18.433     18.450     18.467     18.483     18.500     18.517     18.533     18.550     18.567     18.583     18.600     18.617     18.633     18.650     18.667     18.683     18.700     18.717     18.733     18.750     18.767     18.783     18.800     18.817     18.833     18.850     18.867     18.883     18.900     18.917     18.933     18.950     18.967     18.983     19.000
    sza =      83.187     83.385     83.583     83.780     83.979     84.178     84.376     84.575     84.774     84.973     85.173     85.372     85.572     85.772     85.972     86.172     86.372     86.573     86.773     86.974     87.175     87.376     87.577     87.779     87.980     88.182     88.383     88.585     88.787     88.990     89.192     89.394     89.597     89.799     90.002     90.205     90.409     90.611     90.815     91.018     91.222     91.426     91.630     91.833     92.037     92.241     92.446     92.650     92.854     93.059     93.264     93.469     93.674     93.879     94.083     94.289     94.494     94.700     94.905     95.111     95.316
  280.5000  4.181E-27  4.104E-27  4.026E-27  3.949E-27  3.872E-27  3.794E-27  3.717E-27  3.639E-27  3.562E-27  3.484E-27  3.406E-27  3.327E-27  3.249E-27  3.170E-27  3.090E-27  3.011E-27  2.931E-27  2.850E-27  2.769E-27  2.688E-27  2.606E-27  2.523E-27  2.440E-27  2.356E-27  2.272E-27  2.186E-27  2.101E-27  2.015E-27  1.928E-27  1.841E-27  1.753E-27  1.666E-27  1.579E-27  1.493E-27  1.408E-27  1.293E-27  1.194E-27  1.108E-27  1.033E-27  9.555E-28  8.591E-28  7.965E-28  7.030E-28  6.237E-28  5.559E-28  4.938E-28  4.278E-28  3.683E-28  3.150E-28  2.591E-28  2.149E-28  1.776E-28  1.392E-28  1.084E-28  7.859E-29  5.494E-29  3.498E-29  1.853E-29  7.794E-30  2.054E-30  2.557E-31
  281.5000  1.055E-24  1.036E-24  1.016E-24  9.965E-25  9.770E-25  9.574E-25  9.377E-25  9.181E-25  8.985E-25  8.788E-25  8.591E-25  8.393E-25  8.194E-25  7.995E-25  7.795E-25  7.594E-25  7.393E-25  7.189E-25  6.985E-25  6.780E-25  6.574E-25  6.366E-25  6.156E-25  5.945E-25  5.733E-25  5.518E-25  5.303E-25  5.086E-25  4.868E-25  4.649E-25  4.429E-25  4.209E-25  3.990E-25  3.773E-25  3.560E-25  3.271E-25  3.021E-25  2.804E-25  2.615E-25  2.420E-25  2.176E-25  2.018E-25  1.782E-25  1.582E-25  1.410E-25  1.253E-25  1.086E-25  9.351E-26  8.002E-26  6.587E-26  5.469E-26  4.524E-26  3.560E-26  2.790E-26  2.044E-26  1.452E-26  9.482E-27  5.241E-27  2.353E-27  6.922E-28  1.030E-28
  282.5000  8.371E-23  8.214E-23  8.058E-23  7.902E-23  7.746E-23  7.590E-23  7.434E-23  7.278E-23  7.122E-23  6.966E-23  6.809E-23  6.651E-23  6.494E-23  6.336E-23  6.177E-23  6.018E-23  5.858E-23  5.697E-23  5.535E-23  5.372E-23  5.209E-23  5.044E-23  4.879E-23  4.712E-23  4.544E-23  4.374E-23  4.204E-23  4.033E-23  3.860E-23  3.687E-23  3.513E-23  3.339E-23  3.166E-23  2.995E-23  2.826E-23  2.597E-23  2.400E-23  2.228E-23  2.078E-23  1.924E-23  1.731E-23  1.606E-23  1.418E-23  1.259E-23  1.123E-23  9.978E-24  8.649E-24  7.453E-24  6.380E-24  5.256E-24  4.367E-24  3.617E-24  2.855E-24  2.249E-24  1.663E-24  1.197E-24  7.987E-25  4.579E-25  2.176E-25  7.047E-26  1.227E-26
  283.5000  1.294E-21  1.270E-21  1.245E-21  1.221E-21  1.197E-21  1.173E-21  1.149E-21  1.124E-21  1.100E-21  1.076E-21  1.052E-21  1.027E-21  1.003E-21  9.785E-22  9.540E-22  9.294E-22  9.046E-22  8.798E-22  8.548E-22  8.296E-22  8.045E-22  7.790E-22  7.534E-22  7.277E-22  7.017E-22  6.756E-22  6.494E-22  6.230E-22  5.964E-22  5.696E-22  5.428E-22  5.161E-22  4.893E-22  4.629E-22  4.369E-22  4.016E-22  3.711E-22  3.447E-22  3.216E-22  2.978E-22  2.680E-22  2.486E-22  2.196E-22  1.951E-22  1.740E-22  1.546E-22  1.341E-22  1.156E-22  9.895E-23  8.156E-23  6.781E-23  5.621E-23  4.445E-23  3.512E-23  2.613E-23  1.897E-23  1.283E-23  7.531E-24  3.711E-24  1.280E-24  2.471E-25
  284.5000  1.168E-19  1.146E-19  1.124E-19  1.102E-19  1.080E-19  1.058E-19  1.036E-19  1.014E-19  9.919E-20  9.700E-20  9.480E-20  9.259E-20  9.038E-20  8.817E-20  8.595E-20  8.373E-20  8.150E-20  7.925E-20  7.700E-20  7.474E-20  7.247E-20  7.018E-20  6.788E-20  6.556E-20  6.323E-20  6.088E-20  5.853E-20  5.615E-20  5.377E-20  5.137E-20  4.896E-20  4.656E-20  4.417E-20  4.180E-20  3.946E-20  3.629E-20  3.355E-20  3.118E-20  2.910E-20  2.696E-20  2.427E-20  2.253E-20  1.992E-20  1.770E-20  1.579E-20  1.404E-20  1.218E-20  1.051E-20  9.002E-21  7.426E-21  6.180E-21  5.130E-21  4.071E-21  3.234E-21  2.429E-21  1.790E-21  1.238E-21  7.559E-22  3.961E-22  1.517E-22  3.476E-23
  285.5000  2.050E-18  2.011E-18  1.972E-18  1.933E-18  1.894E-18  1.855E-18  1.816E-18  1.777E-18  1.739E-18  1.700E-18  1.661E-18  1.622E-18  1.583E-18  1.544E-18  1.505E-18  1.466E-18  1.427E-18  1.388E-18  1.348E-18  1.308E-18  1.269E-18  1.229E-18  1.188E-18  1.148E-18  1.107E-18  1.066E-18  1.025E-18  9.833E-19  9.415E-19  8.997E-19  8.577E-19  8.158E-19  7.739E-19  7.326E-19  6.919E-19  6.364E-19  5.886E-19  5.472E-19  5.110E-19  4.736E-19  4.265E-19  3.961E-19  3.503E-19  3.114E-19  2.780E-19  2.473E-19  2.147E-19  1.852E-19  1.588E-19  1.311E-19  1.092E-19  9.072E-20  7.216E-20  5.755E-20  4.353E-20  3.241E-20  2.280E-20  1.434E-20  7.873E-21  3.270E-21  8.572E-22
  286.5000  8.374E-17  8.212E-17  8.050E-17  7.890E-17  7.730E-17  7.570E-17  7.410E-17  7.250E-17  7.091E-17  6.932E-17  6.773E-17  6.614E-17  6.454E-17  6.295E-17  6.135E-17  5.975E-17  5.815E-17  5.654E-17  5.492E-17  5.330E-17  5.168E-17  5.004E-17  4.840E-17  4.674E-17  4.508E-17  4.341E-17  4.174E-17  4.005E-17  3.835E-17  3.665E-17  3.494E-17  3.324E-17  3.154E-17  2.986E-17  2.821E-17  2.595E-17  2.401E-17  2.232E-17  2.085E-17  1.934E-17  1.742E-17  1.618E-17  1.432E-17  1.273E-17  1.137E-17  1.012E-17  8.789E-18  7.586E-18  6.506E-18  5.374E-18  4.479E-18  3.725E-18  2.968E-18  2.374E-18  1.806E-18  1.355E-18  9.652E-19  6.209E-19  3.531E-19  1.561E-19  4.539E-20
  287.5000  1.914E-15  1.876E-15  1.839E-15  1.802E-15  1.765E-15  1.728E-15  1.691E-15  1.654E-15  1.618E-15  1.581E-15  1.545E-15  1.508E-15  1.471E-15  1.435E-15  1.398E-15  1.361E-15  1.325E-15  1.288E-15  1.251E-15  1.214E-15  1.177E-15  1.139E-15  1.102E-15  1.064E-15  1.026E-15  9.883E-16  9.501E-16  9.117E-16  8.731E-16  8.345E-16  7.957E-16  7.570E-16  7.184E-16  6.803E-16  6.428E-16  5.916E-16  5.474E-16  5.093E-16  4.759E-16  4.415E-16  3.980E-16  3.698E-16  3.274E-16  2.913E-16  2.604E-16  2.318E-16  2.014E-16  1.739E-16  1.492E-16  1.234E-16  1.029E-16  8.567E-17  6.839E-17  5.488E-17  4.196E-17  3.175E-17  2.292E-17  1.509E-17  8.912E-18  4.205E-18  1.365E-18
  288.5000  4.358E-14  4.271E-14  4.185E-14  4.099E-14  4.014E-14  3.928E-14  3.843E-14  3.759E-14  3.674E-14  3.590E-14  3.506E-14  3.422E-14  3.338E-14  3.254E-14  3.170E-14  3.086E-14  3.002E-14  2.918E-14  2.833E-14  2.749E-14  2.664E-14  2.579E-14  2.494E-14  2.409E-14  2.323E-14  2.236E-14  2.150E-14  2.063E-14  1.976E-14  1.888E-14  1.801E-14  1.713E-14  1.626E-14  1.540E-14  1.456E-14  1.340E-14  1.241E-14  1.155E-14  1.080E-14  1.002E-14  9.037E-15  8.403E-15  7.444E-15  6.628E-15  5.927E-15  5.282E-15  4.592E-15  3.968E-15  3.408E-15  2.819E-15  2.354E-15  1.962E-15  1.569E-15  1.263E-15  9.716E-16  7.417E-16  5.427E-16  3.664E-16  2.252E-16  1.140E-16  4.173E-17
  289.5000  7.098E-13  6.954E-13  6.812E-13  6.670E-13  6.529E-13  6.388E-13  6.248E-13  6.109E-13  5.970E-13  5.832E-13  5.693E-13  5.555E-13  5.417E-13  5.280E-13  5.142E-13  5.005E-13  4.868E-13  4.730E-13  4.592E-13  4.454E-13  4.316E-13  4.178E-13  4.039E-13  3.900E-13  3.760E-13  3.620E-13  3.480E-13  3.339E-13  3.198E-13  3.056E-13  2.914E-13  2.773E-13  2.633E-13  2.494E-13  2.357E-13  2.170E-13  2.010E-13  1.871E-13  1.750E-13  1.625E-13  1.466E-13  1.363E-13  1.209E-13  1.077E-13  9.635E-14  8.589E-14  7.472E-14  6.460E-14  5.551E-14  4.596E-14  3.840E-14  3.203E-14  2.566E-14  2.071E-14  1.599E-14  1.228E-14  9.072E-15  6.233E-15  3.942E-15  2.102E-15  8.406E-16
  290.5000  7.116E-12  6.970E-12  6.825E-12  6.681E-12  6.537E-12  6.395E-12  6.253E-12  6.111E-12  5.970E-12  5.830E-12  5.690E-12  5.551E-12  5.412E-12  5.273E-12  5.134E-12  4.996E-12  4.857E-12  4.719E-12  4.580E-12  4.442E-12  4.303E-12  4.164E-12  4.025E-12  3.886E-12  3.746E-12  3.606E-12  3.466E-12  3.325E-12  3.184E-12  3.043E-12  2.902E-12  2.761E-12  2.621E-12  2.483E-12  2.347E-12  2.162E-12  2.002E-12  1.864E-12  1.744E-12  1.620E-12  1.462E-12  1.360E-12  1.206E-12  1.075E-12  9.628E-13  8.587E-13  7.474E-13  6.466E-13  5.559E-13  4.606E-13  3.850E-13  3.214E-13  2.579E-13  2.085E-13  1.615E-13  1.246E-13  9.280E-14  6.466E-14  4.185E-14  2.327E-14  1.000E-14
  291.5000  6.398E-11  6.263E-11  6.130E-11  5.998E-11  5.866E-11  5.736E-11  5.606E-11  5.476E-11  5.348E-11  5.220E-11  5.093E-11  4.966E-11  4.839E-11  4.713E-11  4.587E-11  4.462E-11  4.337E-11  4.212E-11  4.087E-11  3.961E-11  3.837E-11  3.712E-11  3.587E-11  3.461E-11  3.336E-11  3.210E-11  3.085E-11  2.959E-11  2.833E-11  2.707E-11  2.581E-11  2.456E-11  2.332E-11  2.209E-11  2.088E-11  1.923E-11  1.782E-11  1.659E-11  1.553E-11  1.443E-11  1.303E-11  1.213E-11  1.076E-11  9.600E-12  8.600E-12  7.677E-12  6.687E-12  5.789E-12  4.981E-12  4.130E-12  3.455E-12  2.887E-12  2.320E-12  1.879E-12  1.461E-12  1.134E-12  8.508E-13  6.018E-13  3.992E-13  2.322E-13  1.078E-13
  292.5000  3.641E-10  3.563E-10  3.485E-10  3.409E-10  3.332E-10  3.257E-10  3.181E-10  3.107E-10  3.032E-10  2.959E-10  2.885E-10  2.812E-10  2.739E-10  2.667E-10  2.594E-10  2.523E-10  2.451E-10  2.379E-10  2.308E-10  2.236E-10  2.165E-10  2.094E-10  2.022E-10  1.951E-10  1.880E-10  1.809E-10  1.737E-10  1.666E-10  1.595E-10  1.523E-10  1.452E-10  1.382E-10  1.312E-10  1.242E-10  1.175E-10  1.082E-10  1.002E-10  9.338E-11  8.739E-11  8.123E-11  7.337E-11  6.834E-11  6.067E-11  5.414E-11  4.852E-11  4.334E-11  3.778E-11  3.273E-11  2.818E-11  2.339E-11  1.958E-11  1.637E-11  1.317E-11  1.069E-11  8.333E-12  6.494E-12  4.905E-12  3.512E-12  2.377E-12  1.435E-12  7.116E-13
  293.5000  2.382E-09  2.329E-09  2.277E-09  2.226E-09  2.175E-09  2.124E-09  2.074E-09  2.024E-09  1.975E-09  1.926E-09  1.877E-09  1.828E-09  1.780E-09  1.732E-09  1.684E-09  1.637E-09  1.589E-09  1.542E-09  1.495E-09  1.448E-09  1.401E-09  1.355E-09  1.308E-09  1.261E-09  1.215E-09  1.168E-09  1.122E-09  1.075E-09  1.029E-09  9.827E-10  9.366E-10  8.909E-10  8.455E-10  8.008E-10  7.571E-10  6.973E-10  6.460E-10  6.018E-10  5.634E-10  5.238E-10  4.733E-10  4.409E-10  3.917E-10  3.497E-10  3.137E-10  2.803E-10  2.445E-10  2.120E-10  1.826E-10  1.517E-10  1.271E-10  1.064E-10  8.570E-11  6.965E-11  5.444E-11  4.259E-11  3.235E-11  2.341E-11  1.613E-11  1.007E-11  5.298E-12
  294.5000  8.668E-09  8.471E-09  8.277E-09  8.085E-09  7.895E-09  7.707E-09  7.520E-09  7.336E-09  7.152E-09  6.971E-09  6.791E-09  6.612E-09  6.434E-09  6.257E-09  6.081E-09  5.907E-09  5.733E-09  5.560E-09  5.388E-09  5.216E-09  5.045E-09  4.875E-09  4.705E-09  4.535E-09  4.366E-09  4.197E-09  4.029E-09  3.860E-09  3.693E-09  3.525E-09  3.359E-09  3.194E-09  3.030E-09  2.870E-09  2.713E-09  2.498E-09  2.314E-09  2.156E-09  2.018E-09  1.877E-09  1.696E-09  1.581E-09  1.405E-09  1.255E-09  1.126E-09  1.007E-09  8.786E-10  7.622E-10  6.571E-10  5.463E-10  4.581E-10  3.836E-10  3.094E-10  2.518E-10  1.972E-10  1.548E-10  1.181E-10  8.619E-11  6.024E-11  3.862E-11  2.133E-11
  295.5000  4.392E-08  4.289E-08  4.187E-08  4.087E-08  3.988E-08  3.890E-08  3.793E-08  3.697E-08  3.602E-08  3.508E-08  3.415E-08  3.322E-08  3.231E-08  3.140E-08  3.049E-08  2.960E-08  2.871E-08  2.782E-08  2.694E-08  2.607E-08  2.520E-08  2.433E-08  2.347E-08  2.261E-08  2.175E-08  2.090E-08  2.005E-08  1.920E-08  1.836E-08  1.752E-08  1.668E-08  1.586E-08  1.504E-08  1.424E-08  1.345E-08  1.239E-08  1.148E-08  1.069E-08  1.001E-08  9.306E-09  8.411E-09  7.839E-09  6.969E-09  6.228E-09  5.594E-09  5.003E-09  4.370E-09  3.794E-09  3.273E-09  2.724E-09  2.286E-09  1.916E-09  1.547E-09  1.261E-09  9.897E-10  7.791E-10  5.971E-10  4.394E-10  3.114E-10  2.049E-10  1.187E-10
  296.5000  1.392E-07  1.359E-07  1.325E-07  1.293E-07  1.260E-07  1.228E-07  1.197E-07  1.165E-07  1.134E-07  1.104E-07  1.074E-07  1.044E-07  1.014E-07  9.850E-08  9.560E-08  9.273E-08  8.987E-08  8.704E-08  8.423E-08  8.143E-08  7.866E-08  7.591E-08  7.316E-08  7.044E-08  6.772E-08  6.502E-08  6.235E-08  5.968E-08  5.702E-08  5.438E-08  5.176E-08  4.917E-08  4.661E-08  4.411E-08  4.166E-08  3.835E-08  3.542E-08  3.307E-08  3.096E-08  2.879E-08  2.602E-08  2.425E-08  2.157E-08  1.928E-08  1.733E-08  1.550E-08  1.355E-08  1.177E-08  1.017E-08  8.468E-09  7.111E-09  5.965E-09  4.823E-09  3.935E-09  3.095E-09  2.443E-09  1.879E-09  1.392E-09  9.979E-10  6.713E-10  4.048E-10
  297.5000  4.563E-07  4.448E-07  4.335E-07  4.224E-07  4.114E-07  4.005E-07  3.899E-07  3.794E-07  3.690E-07  3.588E-07  3.486E-07  3.386E-07  3.287E-07  3.190E-07  3.093E-07  2.998E-07  2.903E-07  2.809E-07  2.716E-07  2.624E-07  2.533E-07  2.442E-07  2.352E-07  2.263E-07  2.174E-07  2.086E-07  1.998E-07  1.911E-07  1.825E-07  1.740E-07  1.655E-07  1.571E-07  1.488E-07  1.408E-07  1.329E-07  1.223E-07  1.132E-07  1.054E-07  9.861E-08  9.169E-08  8.288E-08  7.725E-08  6.871E-08  6.145E-08  5.523E-08  4.944E-08  4.324E-08  3.759E-08  3.248E-08  2.708E-08  2.276E-08  1.911E-08  1.547E-08  1.263E-08  9.955E-09  7.875E-09  6.075E-09  4.526E-09  3.276E-09  2.244E-09  1.400E-09
  298.5000  8.677E-07  8.450E-07  8.227E-07  8.008E-07  7.792E-07  7.580E-07  7.371E-07  7.165E-07  6.962E-07  6.763E-07  6.566E-07  6.371E-07  6.179E-07  5.990E-07  5.803E-07  5.619E-07  5.437E-07  5.256E-07  5.078E-07  4.901E-07  4.727E-07  4.554E-07  4.382E-07  4.212E-07  4.044E-07  3.877E-07  3.712E-07  3.547E-07  3.385E-07  3.224E-07  3.064E-07  2.907E-07  2.753E-07  2.601E-07  2.455E-07  2.258E-07  2.089E-07  1.944E-07  1.818E-07  1.690E-07  1.527E-07  1.424E-07  1.266E-07  1.133E-07  1.018E-07  9.119E-08  7.979E-08  6.941E-08  6.002E-08  5.009E-08  4.214E-08  3.540E-08  2.869E-08  2.345E-08  1.851E-08  1.467E-08  1.135E-08  8.494E-09  6.196E-09  4.310E-09  2.765E-09
  299.5000  3.050E-06  2.967E-06  2.885E-06  2.805E-06  2.726E-06  2.649E-06  2.573E-06  2.498E-06  2.424E-06  2.352E-06  2.281E-06  2.211E-06  2.142E-06  2.074E-06  2.007E-06  1.941E-06  1.876E-06  1.812E-06  1.749E-06  1.686E-06  1.624E-06  1.563E-06  1.503E-06  1.443E-06  1.384E-06  1.326E-06  1.268E-06  1.211E-06  1.154E-06  1.098E-06  1.043E-06  9.888E-07  9.354E-07  8.834E-07  8.330E-07  7.657E-07  7.080E-07  6.584E-07  6.156E-07  5.720E-07  5.168E-07  4.815E-07  4.283E-07  3.832E-07  3.446E-07  3.086E-07  2.701E-07  2.351E-07  2.035E-07  1.700E-07  1.431E-07  1.203E-07  9.761E-08  7.989E-08  6.314E-08  5.015E-08  3.886E-08  2.921E-08  2.146E-08  1.512E-08  9.943E-09
  300.5000  4.123E-06  4.006E-06  3.891E-06  3.779E-06  3.669E-06  3.561E-06  3.455E-06  3.350E-06  3.248E-06  3.148E-06  3.049E-06  2.953E-06  2.857E-06  2.764E-06  2.672E-06  2.581E-06  2.492E-06  2.404E-06  2.317E-06  2.232E-06  2.148E-06  2.065E-06  1.983E-06  1.903E-06  1.823E-06  1.744E-06  1.667E-06  1.590E-06  1.514E-06  1.440E-06  1.366E-06  1.294E-06  1.223E-06  1.154E-06  1.087E-06  9.989E-07  9.230E-07  8.579E-07  8.016E-07  7.446E-07  6.723E-07  6.262E-07  5.570E-07  4.983E-07  4.481E-07  4.013E-07  3.515E-07  3.061E-07  2.650E-07  2.216E-07  1.867E-07  1.571E-07  1.276E-07  1.045E-07  8.271E-08  6.581E-08  5.108E-08  3.853E-08  2.845E-08  2.026E-08  1.358E-08
  301.5000  1.243E-05  1.206E-05  1.170E-05  1.134E-05  1.100E-05  1.066E-05  1.032E-05  9.996E-06  9.677E-06  9.364E-06  9.057E-06  8.756E-06  8.461E-06  8.172E-06  7.887E-06  7.609E-06  7.335E-06  7.066E-06  6.801E-06  6.541E-06  6.287E-06  6.035E-06  5.788E-06  5.544E-06  5.305E-06  5.069E-06  4.837E-06  4.608E-06  4.383E-06  4.162E-06  3.944E-06  3.732E-06  3.523E-06  3.321E-06  3.125E-06  2.868E-06  2.648E-06  2.459E-06  2.295E-06  2.130E-06  1.923E-06  1.790E-06  1.591E-06  1.423E-06  1.280E-06  1.143E-06  1.004E-06  8.750E-07  7.580E-07  6.346E-07  5.350E-07  4.505E-07  3.664E-07  3.004E-07  2.381E-07  1.898E-07  1.476E-07  1.117E-07  8.296E-08  5.967E-08  4.078E-08
  302.5000  2.071E-05  2.007E-05  1.944E-05  1.883E-05  1.823E-05  1.764E-05  1.707E-05  1.651E-05  1.596E-05  1.543E-05  1.490E-05  1.439E-05  1.389E-05  1.340E-05  1.292E-05  1.245E-05  1.198E-05  1.153E-05  1.109E-05  1.065E-05  1.022E-05  9.801E-06  9.388E-06  8.982E-06  8.584E-06  8.193E-06  7.810E-06  7.447E-06  7.061E-06  6.697E-06  6.340E-06  5.992E-06  5.652E-06  5.322E-06  5.004E-06  4.588E-06  4.233E-06  3.927E-06  3.663E-06  3.398E-06  3.064E-06  2.850E-06  2.534E-06  2.266E-06  2.037E-06  1.824E-06  1.599E-06  1.393E-06  1.207E-06  1.012E-06  8.534E-07  7.192E-07  5.855E-07  4.804E-07  3.813E-07  3.043E-07  2.369E-07  1.798E-07  1.340E-07  9.701E-08  6.716E-08
  303.5000  5.112E-05  4.943E-05  4.778E-05  4.618E-05  4.463E-05  4.311E-05  4.164E-05  4.020E-05  3.880E-05  3.743E-05  3.610E-05  3.480E-05  3.352E-05  3.228E-05  3.107E-05  2.988E-05  2.872E-05  2.759E-05  2.647E-05  2.539E-05  2.433E-05  2.328E-05  2.226E-05  2.126E-05  2.029E-05  1.933E-05  1.839E-05  1.748E-05  1.657E-05  1.570E-05  1.483E-05  1.400E-05  1.318E-05  1.240E-05  1.164E-05  1.066E-05  9.818E-06  9.098E-06  8.476E-06  7.854E-06  7.076E-06  6.577E-06  5.842E-06  5.222E-06  4.694E-06  4.203E-06  3.682E-06  3.210E-06  2.783E-06  2.334E-06  1.971E-06  1.662E-06  1.355E-06  1.113E-06  8.845E-07  7.073E-07  5.514E-07  4.195E-07  3.139E-07  2.290E-07  1.608E-07
  304.5000  7.029E-05  6.785E-05  6.549E-05  6.321E-05  6.099E-05  5.884E-05  5.675E-05  5.472E-05  5.274E-05  5.082E-05  4.895E-05  4.713E-05  4.535E-05  4.361E-05  4.192E-05  4.027E-05  3.866E-05  3.709E-05  3.555E-05  3.405E-05  3.258E-05  3.115E-05  2.975E-05  2.838E-05  2.704E-05  2.573E-05  2.446E-05  2.321E-05  2.199E-05  2.079E-05  1.963E-05  1.850E-05  1.740E-05  1.635E-05  1.533E-05  1.403E-05  1.291E-05  1.195E-05  1.113E-05  1.030E-05  9.275E-06  8.614E-06  7.648E-06  6.833E-06  6.140E-06  5.494E-06  4.815E-06  4.198E-06  3.640E-06  3.055E-06  2.581E-06  2.178E-06  1.777E-06  1.460E-06  1.162E-06  9.303E-07  7.260E-07  5.533E-07  4.151E-07  3.042E-07  2.153E-07
  305.5000  1.353E-04  1.301E-04  1.252E-04  1.205E-04  1.159E-04  1.115E-04  1.072E-04  1.031E-04  9.914E-05  9.529E-05  9.154E-05  8.792E-05  8.439E-05  8.097E-05  7.765E-05  7.442E-05  7.128E-05  6.822E-05  6.524E-05  6.234E-05  5.952E-05  5.677E-05  5.410E-05  5.149E-05  4.894E-05  4.647E-05  4.407E-05  4.172E-05  3.943E-05  3.721E-05  3.506E-05  3.297E-05  3.095E-05  2.901E-05  2.716E-05  2.480E-05  2.279E-05  2.106E-05  1.957E-05  1.809E-05  1.626E-05  1.508E-05  1.338E-05  1.194E-05  1.072E-05  9.589E-06  8.399E-06  7.322E-06  6.351E-06  5.335E-06  4.510E-06  3.809E-06  3.112E-06  2.561E-06  2.041E-06  1.637E-06  1.279E-06  9.774E-07  7.358E-07  5.423E-07  3.881E-07
  306.5000  1.683E-04  1.616E-04  1.552E-04  1.491E-04  1.432E-04  1.376E-04  1.321E-04  1.268E-04  1.218E-04  1.169E-04  1.121E-04  1.075E-04  1.031E-04  9.881E-05  9.463E-05  9.060E-05  8.667E-05  8.285E-05  7.914E-05  7.554E-05  7.204E-05  6.864E-05  6.532E-05  6.210E-05  5.897E-05  5.592E-05  5.297E-05  5.010E-05  4.729E-05  4.458E-05  4.194E-05  3.941E-05  3.695E-05  3.460E-05  3.235E-05  2.952E-05  2.709E-05  2.501E-05  2.322E-05  2.145E-05  1.927E-05  1.786E-05  1.583E-05  1.412E-05  1.267E-05  1.133E-05  9.922E-06  8.649E-06  7.502E-06  6.305E-06  5.332E-06  4.505E-06  3.684E-06  3.033E-06  2.419E-06  1.942E-06  1.519E-06  1.162E-06  8.762E-07  6.476E-07  4.659E-07
  307.5000  3.555E-04  3.400E-04  3.252E-04  3.111E-04  2.976E-04  2.846E-04  2.723E-04  2.604E-04  2.490E-04  2.382E-04  2.277E-04  2.176E-04  2.079E-04  1.986E-04  1.896E-04  1.809E-04  1.726E-04  1.645E-04  1.566E-04  1.491E-04  1.418E-04  1.347E-04  1.278E-04  1.212E-04  1.147E-04  1.085E-04  1.025E-04  9.661E-05  9.096E-05  8.549E-05  8.022E-05  7.516E-05  7.028E-05  6.562E-05  6.120E-05  5.572E-05  5.101E-05  4.698E-05  4.351E-05  4.012E-05  3.596E-05  3.327E-05  2.944E-05  2.623E-05  2.351E-05  2.099E-05  1.837E-05  1.601E-05  1.389E-05  1.168E-05  9.880E-06  8.352E-06  6.840E-06  5.637E-06  4.505E-06  3.624E-06  2.837E-06  2.176E-06  1.645E-06  1.222E-06  8.860E-07
  308.5000  4.678E-04  4.466E-04  4.264E-04  4.072E-04  3.888E-04  3.712E-04  3.545E-04  3.384E-04  3.231E-04  3.085E-04  2.944E-04  2.809E-04  2.680E-04  2.556E-04  2.436E-04  2.322E-04  2.211E-04  2.105E-04  2.002E-04  1.903E-04  1.807E-04  1.714E-04  1.625E-04  1.538E-04  1.455E-04  1.374E-04  1.296E-04  1.221E-04  1.148E-04  1.077E-04  1.010E-04  9.453E-05  8.823E-05  8.229E-05  7.664E-05  6.970E-05  6.374E-05  5.863E-05  5.425E-05  4.996E-05  4.475E-05  4.135E-05  3.656E-05  3.256E-05  2.916E-05  2.602E-05  2.277E-05  1.983E-05  1.720E-05  1.447E-05  1.224E-05  1.035E-05  8.485E-06  6.997E-06  5.596E-06  4.506E-06  3.530E-06  2.710E-06  2.052E-06  1.527E-06  1.111E-06
  309.5000  5.632E-04  5.360E-04  5.101E-04  4.855E-04  4.619E-04  4.395E-04  4.182E-04  3.979E-04  3.785E-04  3.600E-04  3.424E-04  3.256E-04  3.095E-04  2.942E-04  2.795E-04  2.655E-04  2.520E-04  2.391E-04  2.267E-04  2.148E-04  2.034E-04  1.925E-04  1.819E-04  1.717E-04  1.620E-04  1.526E-04  1.435E-04  1.348E-04  1.264E-04  1.183E-04  1.106E-04  1.032E-04  9.612E-05  8.940E-05  8.305E-05  7.535E-05  6.873E-05  6.307E-05  5.822E-05  5.350E-05  4.781E-05  4.409E-05  3.892E-05  3.460E-05  3.095E-05  2.758E-05  2.411E-05  2.099E-05  1.819E-05  1.530E-05  1.296E-05  1.096E-05  8.992E-06  7.421E-06  5.944E-06  4.794E-06  3.759E-06  2.892E-06  2.195E-06  1.638E-06  1.199E-06
  310.5000  9.845E-04  9.352E-04  8.883E-04  8.436E-04  8.009E-04  7.602E-04  7.215E-04  6.846E-04  6.495E-04  6.162E-04  5.844E-04  5.541E-04  5.253E-04  4.978E-04  4.716E-04  4.467E-04  4.228E-04  4.001E-04  3.784E-04  3.576E-04  3.377E-04  3.187E-04  3.005E-04  2.830E-04  2.662E-04  2.502E-04  2.348E-04  2.200E-04  2.058E-04  1.923E-04  1.793E-04  1.669E-04  1.551E-04  1.439E-04  1.334E-04  1.208E-04  1.099E-04  1.006E-04  9.268E-05  8.499E-05  7.581E-05  6.978E-05  6.149E-05  5.459E-05  4.876E-05  4.339E-05  3.788E-05  3.296E-05  2.855E-05  2.402E-05  2.034E-05  1.721E-05  1.413E-05  1.167E-05  9.359E-06  7.559E-06  5.933E-06  4.571E-06  3.476E-06  2.601E-06  1.910E-06
  311.5000  1.510E-03  1.433E-03  1.360E-03  1.290E-03  1.223E-03  1.159E-03  1.099E-03  1.041E-03  9.856E-04  9.333E-04  8.834E-04  8.359E-04  7.908E-04  7.479E-04  7.070E-04  6.683E-04  6.312E-04  5.960E-04  5.624E-04  5.304E-04  5.000E-04  4.709E-04  4.431E-04  4.165E-04  3.911E-04  3.668E-04  3.436E-04  3.214E-04  3.002E-04  2.799E-04  2.605E-04  2.421E-04  2.246E-04  2.080E-04  1.924E-04  1.739E-04  1.580E-04  1.445E-04  1.328E-04  1.216E-04  1.083E-04  9.954E-05  8.760E-05  7.766E-05  6.930E-05  6.160E-05  5.372E-05  4.672E-05  4.045E-05  3.403E-05  2.881E-05  2.438E-05  2.003E-05  1.655E-05  1.328E-05  1.074E-05  8.435E-06  6.506E-06  4.954E-06  3.714E-06  2.735E-06
  312.5000  2.092E-03  1.984E-03  1.881E-03  1.782E-03  1.688E-03  1.597E-03  1.511E-03  1.428E-03  1.349E-03  1.274E-03  1.203E-03  1.134E-03  1.069E-03  1.008E-03  9.491E-04  8.936E-04  8.407E-04  7.905E-04  7.428E-04  6.975E-04  6.547E-04  6.139E-04  5.751E-04  5.383E-04  5.034E-04  4.701E-04  4.386E-04  4.086E-04  3.800E-04  3.529E-04  3.272E-04  3.029E-04  2.798E-04  2.582E-04  2.379E-04  2.143E-04  1.939E-04  1.766E-04  1.617E-04  1.475E-04  1.309E-04  1.199E-04  1.052E-04  9.297E-05  8.273E-05  7.334E-05  6.388E-05  5.540E-05  4.789E-05  4.027E-05  3.407E-05  2.883E-05  2.371E-05  1.960E-05  1.576E-05  1.277E-05  1.004E-05  7.763E-06  5.926E-06  4.456E-06  3.296E-06
  313.5000  2.585E-03  2.452E-03  2.325E-03  2.203E-03  2.086E-03  1.974E-03  1.866E-03  1.764E-03  1.666E-03  1.572E-03  1.483E-03  1.398E-03  1.318E-03  1.241E-03  1.168E-03  1.098E-03  1.033E-03  9.700E-04  9.106E-04  8.543E-04  8.011E-04  7.504E-04  7.024E-04  6.568E-04  6.135E-04  5.724E-04  5.336E-04  4.965E-04  4.614E-04  4.281E-04  3.965E-04  3.667E-04  3.385E-04  3.120E-04  2.873E-04  2.585E-04  2.337E-04  2.126E-04  1.945E-04  1.773E-04  1.572E-04  1.438E-04  1.260E-04  1.113E-04  9.899E-05  8.768E-05  7.624E-05  6.615E-05  5.717E-05  4.806E-05  4.065E-05  3.439E-05  2.829E-05  2.340E-05  1.883E-05  1.526E-05  1.201E-05  9.289E-06  7.097E-06  5.342E-06  3.957E-06
  314.5000  3.624E-03  3.443E-03  3.268E-03  3.100E-03  2.937E-03  2.781E-03  2.630E-03  2.485E-03  2.347E-03  2.214E-03  2.086E-03  1.965E-03  1.848E-03  1.737E-03  1.631E-03  1.531E-03  1.435E-03  1.343E-03  1.257E-03  1.175E-03  1.097E-03  1.024E-03  9.541E-04  8.882E-04  8.259E-04  7.671E-04  7.116E-04  6.592E-04  6.096E-04  5.630E-04  5.189E-04  4.778E-04  4.390E-04  4.028E-04  3.691E-04  3.306E-04  2.976E-04  2.695E-04  2.454E-04  2.227E-04  1.965E-04  1.790E-04  1.563E-04  1.375E-04  1.218E-04  1.075E-04  9.317E-05  8.062E-05  6.951E-05  5.836E-05  4.931E-05  4.167E-05  3.430E-05  2.837E-05  2.286E-05  1.857E-05  1.463E-05  1.135E-05  8.692E-06  6.563E-06  4.881E-06
  315.5000  3.962E-03  3.765E-03  3.575E-03  3.392E-03  3.215E-03  3.045E-03  2.881E-03  2.723E-03  2.571E-03  2.426E-03  2.286E-03  2.153E-03  2.025E-03  1.903E-03  1.787E-03  1.677E-03  1.571E-03  1.471E-03  1.376E-03  1.286E-03  1.200E-03  1.119E-03  1.043E-03  9.702E-04  9.017E-04  8.370E-04  7.761E-04  7.185E-04  6.641E-04  6.129E-04  5.646E-04  5.196E-04  4.771E-04  4.375E-04  4.007E-04  3.587E-04  3.227E-04  2.920E-04  2.658E-04  2.410E-04  2.125E-04  1.935E-04  1.688E-04  1.484E-04  1.314E-04  1.159E-04  1.005E-04  8.680E-05  7.480E-05  6.277E-05  5.302E-05  4.481E-05  3.688E-05  3.051E-05  2.460E-05  1.999E-05  1.575E-05  1.223E-05  9.375E-06  7.085E-06  5.275E-06
  316.5000  5.250E-03  5.002E-03  4.761E-03  4.528E-03  4.301E-03  4.081E-03  3.869E-03  3.663E-03  3.464E-03  3.273E-03  3.088E-03  2.911E-03  2.740E-03  2.576E-03  2.419E-03  2.269E-03  2.125E-03  1.988E-03  1.857E-03  1.733E-03  1.615E-03  1.502E-03  1.396E-03  1.295E-03  1.200E-03  1.110E-03  1.026E-03  9.458E-04  8.707E-04  8.003E-04  7.342E-04  6.725E-04  6.148E-04  5.612E-04  5.117E-04  4.560E-04  4.084E-04  3.678E-04  3.332E-04  3.008E-04  2.640E-04  2.393E-04  2.078E-04  1.819E-04  1.603E-04  1.408E-04  1.216E-04  1.047E-04  8.999E-05  7.536E-05  6.353E-05  5.360E-05  4.410E-05  3.647E-05  2.944E-05  2.396E-05  1.891E-05  1.471E-05  1.131E-05  8.573E-06  6.406E-06
  317.5000  7.423E-03  7.073E-03  6.732E-03  6.402E-03  6.081E-03  5.770E-03  5.469E-03  5.178E-03  4.897E-03  4.627E-03  4.366E-03  4.114E-03  3.873E-03  3.641E-03  3.419E-03  3.207E-03  3.004E-03  2.810E-03  2.625E-03  2.449E-03  2.283E-03  2.124E-03  1.974E-03  1.831E-03  1.697E-03  1.570E-03  1.451E-03  1.338E-03  1.232E-03  1.132E-03  1.039E-03  9.520E-04  8.705E-04  7.948E-04  7.249E-04  6.461E-04  5.786E-04  5.213E-04  4.724E-04  4.266E-04  3.744E-04  3.394E-04  2.947E-04  2.580E-04  2.275E-04  1.998E-04  1.726E-04  1.486E-04  1.277E-04  1.069E-04  9.015E-05  7.607E-05  6.259E-05  5.177E-05  4.179E-05  3.402E-05  2.685E-05  2.090E-05  1.607E-05  1.218E-05  9.107E-06
  318.5000  7.698E-03  7.358E-03  7.026E-03  6.704E-03  6.388E-03  6.080E-03  5.780E-03  5.489E-03  5.206E-03  4.932E-03  4.666E-03  4.408E-03  4.159E-03  3.918E-03  3.686E-03  3.463E-03  3.249E-03  3.042E-03  2.844E-03  2.655E-03  2.474E-03  2.302E-03  2.137E-03  1.981E-03  1.833E-03  1.693E-03  1.561E-03  1.436E-03  1.318E-03  1.208E-03  1.104E-03  1.008E-03  9.176E-04  8.342E-04  7.573E-04  6.719E-04  5.989E-04  5.369E-04  4.841E-04  4.350E-04  3.798E-04  3.424E-04  2.958E-04  2.576E-04  2.261E-04  1.975E-04  1.697E-04  1.456E-04  1.246E-04  1.040E-04  8.738E-05  7.354E-05  6.044E-05  4.994E-05  4.033E-05  3.287E-05  2.597E-05  2.027E-05  1.563E-05  1.189E-05  8.925E-06
  319.5000  9.907E-03  9.476E-03  9.055E-03  8.645E-03  8.244E-03  7.852E-03  7.471E-03  7.099E-03  6.738E-03  6.388E-03  6.047E-03  5.717E-03  5.397E-03  5.088E-03  4.790E-03  4.502E-03  4.225E-03  3.959E-03  3.703E-03  3.458E-03  3.224E-03  3.000E-03  2.786E-03  2.583E-03  2.390E-03  2.208E-03  2.035E-03  1.872E-03  1.718E-03  1.574E-03  1.439E-03  1.312E-03  1.195E-03  1.085E-03  9.849E-04  8.732E-04  7.778E-04  6.968E-04  6.278E-04  5.637E-04  4.917E-04  4.431E-04  3.824E-04  3.327E-04  2.917E-04  2.546E-04  2.186E-04  1.873E-04  1.601E-04  1.335E-04  1.121E-04  9.432E-05  7.749E-05  6.401E-05  5.169E-05  4.216E-05  3.332E-05  2.602E-05  2.008E-05  1.530E-05  1.149E-05
  320.5000  1.287E-02  1.232E-02  1.178E-02  1.126E-02  1.074E-02  1.024E-02  9.754E-03  9.277E-03  8.812E-03  8.362E-03  7.922E-03  7.496E-03  7.082E-03  6.682E-03  6.294E-03  5.921E-03  5.560E-03  5.213E-03  4.879E-03  4.558E-03  4.251E-03  3.957E-03  3.676E-03  3.409E-03  3.155E-03  2.913E-03  2.685E-03  2.469E-03  2.266E-03  2.074E-03  1.894E-03  1.727E-03  1.571E-03  1.426E-03  1.293E-03  1.145E-03  1.019E-03  9.114E-04  8.201E-04  7.355E-04  6.407E-04  5.765E-04  4.967E-04  4.316E-04  3.778E-04  3.293E-04  2.823E-04  2.416E-04  2.062E-04  1.718E-04  1.441E-04  1.211E-04  9.945E-05  8.212E-05  6.631E-05  5.409E-05  4.276E-05  3.342E-05  2.582E-05  1.968E-05  1.480E-05
  321.5000  1.427E-02  1.372E-02  1.318E-02  1.265E-02  1.212E-02  1.161E-02  1.110E-02  1.061E-02  1.012E-02  9.646E-03  9.180E-03  8.726E-03  8.282E-03  7.849E-03  7.427E-03  7.018E-03  6.619E-03  6.232E-03  5.856E-03  5.493E-03  5.143E-03  4.805E-03  4.479E-03  4.166E-03  3.865E-03  3.578E-03  3.305E-03  3.044E-03  2.796E-03  2.561E-03  2.340E-03  2.132E-03  1.938E-03  1.757E-03  1.589E-03  1.404E-03  1.245E-03  1.110E-03  9.955E-04  8.893E-04  7.707E-04  6.904E-04  5.915E-04  5.110E-04  4.449E-04  3.854E-04  3.284E-04  2.792E-04  2.369E-04  1.963E-04  1.638E-04  1.370E-04  1.121E-04  9.226E-05  7.441E-05  6.070E-05  4.800E-05  3.761E-05  2.916E-05  2.233E-05  1.688E-05
  322.5000  1.167E-02  1.118E-02  1.071E-02  1.024E-02  9.779E-03  9.331E-03  8.892E-03  8.464E-03  8.047E-03  7.642E-03  7.246E-03  6.861E-03  6.488E-03  6.126E-03  5.775E-03  5.436E-03  5.108E-03  4.792E-03  4.488E-03  4.195E-03  3.915E-03  3.645E-03  3.388E-03  3.142E-03  2.909E-03  2.686E-03  2.476E-03  2.277E-03  2.089E-03  1.912E-03  1.746E-03  1.591E-03  1.446E-03  1.312E-03  1.189E-03  1.052E-03  9.351E-04  8.360E-04  7.517E-04  6.736E-04  5.860E-04  5.269E-04  4.534E-04  3.935E-04  3.441E-04  2.996E-04  2.565E-04  2.192E-04  1.869E-04  1.555E-04  1.304E-04  1.095E-04  8.982E-05  7.413E-05  5.986E-05  4.885E-05  3.862E-05  3.021E-05  2.337E-05  1.784E-05  1.343E-05
  323.5000  1.671E-02  1.610E-02  1.549E-02  1.490E-02  1.431E-02  1.373E-02  1.316E-02  1.260E-02  1.205E-02  1.151E-02  1.098E-02  1.047E-02  9.958E-03  9.460E-03  8.974E-03  8.501E-03  8.038E-03  7.587E-03  7.148E-03  6.721E-03  6.309E-03  5.908E-03  5.520E-03  5.146E-03  4.786E-03  4.440E-03  4.109E-03  3.791E-03  3.488E-03  3.200E-03  2.927E-03  2.671E-03  2.429E-03  2.203E-03  1.994E-03  1.760E-03  1.560E-03  1.390E-03  1.246E-03  1.112E-03  9.618E-04  8.604E-04  7.353E-04  6.336E-04  5.502E-04  4.753E-04  4.036E-04  3.421E-04  2.893E-04  2.388E-04  1.986E-04  1.657E-04  1.352E-04  1.110E-04  8.944E-05  7.292E-05  5.764E-05  4.520E-05  3.511E-05  2.694E-05  2.042E-05
  324.5000  1.936E-02  1.865E-02  1.794E-02  1.725E-02  1.656E-02  1.589E-02  1.523E-02  1.458E-02  1.394E-02  1.331E-02  1.270E-02  1.209E-02  1.150E-02  1.093E-02  1.036E-02  9.811E-03  9.274E-03  8.751E-03  8.242E-03  7.748E-03  7.270E-03  6.806E-03  6.358E-03  5.925E-03  5.509E-03  5.109E-03  4.727E-03  4.361E-03  4.012E-03  3.680E-03  3.366E-03  3.070E-03  2.792E-03  2.533E-03  2.293E-03  2.024E-03  1.794E-03  1.599E-03  1.433E-03  1.280E-03  1.107E-03  9.910E-04  8.473E-04  7.305E-04  6.347E-04  5.485E-04  4.661E-04  3.952E-04  3.345E-04  2.762E-04  2.298E-04  1.918E-04  1.566E-04  1.286E-04  1.036E-04  8.452E-05  6.683E-05  5.241E-05  4.071E-05  3.124E-05  2.368E-05
  325.5000  2.078E-02  2.000E-02  1.923E-02  1.847E-02  1.772E-02  1.699E-02  1.626E-02  1.555E-02  1.486E-02  1.418E-02  1.351E-02  1.285E-02  1.221E-02  1.159E-02  1.098E-02  1.039E-02  9.807E-03  9.243E-03  8.696E-03  8.166E-03  7.654E-03  7.158E-03  6.679E-03  6.218E-03  5.775E-03  5.350E-03  4.945E-03  4.558E-03  4.189E-03  3.839E-03  3.509E-03  3.198E-03  2.907E-03  2.635E-03  2.384E-03  2.104E-03  1.865E-03  1.663E-03  1.490E-03  1.330E-03  1.152E-03  1.031E-03  8.819E-04  7.608E-04  6.615E-04  5.721E-04  4.866E-04  4.130E-04  3.499E-04  2.892E-04  2.409E-04  2.012E-04  1.644E-04  1.352E-04  1.089E-04  8.887E-05  7.027E-05  5.510E-05  4.278E-05  3.281E-05  2.485E-05
  326.5000  3.157E-02  3.050E-02  2.945E-02  2.841E-02  2.738E-02  2.636E-02  2.535E-02  2.436E-02  2.339E-02  2.242E-02  2.148E-02  2.054E-02  1.962E-02  1.872E-02  1.783E-02  1.696E-02  1.611E-02  1.527E-02  1.445E-02  1.365E-02  1.287E-02  1.211E-02  1.137E-02  1.065E-02  9.953E-03  9.276E-03  8.624E-03  7.993E-03  7.387E-03  6.807E-03  6.252E-03  5.725E-03  5.226E-03  4.757E-03  4.318E-03  3.816E-03  3.389E-03  3.025E-03  2.715E-03  2.427E-03  2.097E-03  1.877E-03  1.601E-03  1.377E-03  1.193E-03  1.028E-03  8.697E-04  7.340E-04  6.181E-04  5.075E-04  4.199E-04  3.486E-04  2.831E-04  2.316E-04  1.859E-04  1.514E-04  1.195E-04  9.375E-05  7.296E-05  5.618E-05  4.278E-05
  327.5000  2.732E-02  2.636E-02  2.541E-02  2.448E-02  2.355E-02  2.264E-02  2.175E-02  2.086E-02  1.999E-02  1.914E-02  1.830E-02  1.747E-02  1.666E-02  1.586E-02  1.508E-02  1.432E-02  1.357E-02  1.284E-02  1.212E-02  1.143E-02  1.075E-02  1.009E-02  9.453E-03  8.834E-03  8.236E-03  7.658E-03  7.103E-03  6.569E-03  6.058E-03  5.569E-03  5.105E-03  4.665E-03  4.250E-03  3.862E-03  3.500E-03  3.091E-03  2.741E-03  2.445E-03  2.192E-03  1.958E-03  1.692E-03  1.514E-03  1.292E-03  1.112E-03  9.647E-04  8.319E-04  7.050E-04  5.961E-04  5.029E-04  4.139E-04  3.432E-04  2.856E-04  2.324E-04  1.905E-04  1.532E-04  1.248E-04  9.863E-05  7.739E-05  6.020E-05  4.631E-05  3.520E-05
  328.5000  2.530E-02  2.441E-02  2.353E-02  2.267E-02  2.181E-02  2.097E-02  2.014E-02  1.932E-02  1.851E-02  1.772E-02  1.694E-02  1.618E-02  1.542E-02  1.469E-02  1.396E-02  1.326E-02  1.256E-02  1.188E-02  1.122E-02  1.058E-02  9.952E-03  9.342E-03  8.750E-03  8.176E-03  7.622E-03  7.086E-03  6.572E-03  6.077E-03  5.603E-03  5.150E-03  4.719E-03  4.312E-03  3.927E-03  3.567E-03  3.232E-03  2.853E-03  2.530E-03  2.255E-03  2.022E-03  1.805E-03  1.559E-03  1.394E-03  1.190E-03  1.023E-03  8.874E-04  7.649E-04  6.479E-04  5.476E-04  4.619E-04  3.800E-04  3.150E-04  2.620E-04  2.132E-04  1.747E-04  1.404E-04  1.144E-04  9.038E-05  7.092E-05  5.516E-05  4.244E-05  3.226E-05
  329.5000  3.888E-02  3.764E-02  3.640E-02  3.519E-02  3.398E-02  3.278E-02  3.160E-02  3.043E-02  2.928E-02  2.814E-02  2.702E-02  2.590E-02  2.481E-02  2.373E-02  2.267E-02  2.162E-02  2.059E-02  1.958E-02  1.859E-02  1.761E-02  1.666E-02  1.573E-02  1.481E-02  1.392E-02  1.305E-02  1.221E-02  1.139E-02  1.060E-02  9.827E-03  9.086E-03  8.375E-03  7.697E-03  7.049E-03  6.438E-03  5.864E-03  5.192E-03  4.621E-03  4.136E-03  3.722E-03  3.334E-03  2.884E-03  2.587E-03  2.206E-03  1.897E-03  1.645E-03  1.416E-03  1.196E-03  1.008E-03  8.468E-04  6.928E-04  5.714E-04  4.730E-04  3.829E-04  3.123E-04  2.500E-04  2.032E-04  1.601E-04  1.256E-04  9.782E-05  7.546E-05  5.762E-05
  330.5000  3.295E-02  3.185E-02  3.076E-02  2.969E-02  2.863E-02  2.758E-02  2.654E-02  2.552E-02  2.451E-02  2.352E-02  2.253E-02  2.157E-02  2.061E-02  1.968E-02  1.876E-02  1.786E-02  1.697E-02  1.610E-02  1.525E-02  1.441E-02  1.360E-02  1.281E-02  1.203E-02  1.128E-02  1.055E-02  9.838E-03  9.154E-03  8.491E-03  7.853E-03  7.241E-03  6.656E-03  6.099E-03  5.571E-03  5.074E-03  4.609E-03  4.075E-03  3.619E-03  3.232E-03  2.903E-03  2.595E-03  2.242E-03  2.008E-03  1.712E-03  1.472E-03  1.276E-03  1.098E-03  9.287E-04  7.832E-04  6.590E-04  5.404E-04  4.466E-04  3.704E-04  3.005E-04  2.456E-04  1.970E-04  1.603E-04  1.265E-04  9.923E-05  7.726E-05  5.954E-05  4.539E-05
  331.5000  3.211E-02  3.103E-02  2.996E-02  2.891E-02  2.787E-02  2.684E-02  2.582E-02  2.481E-02  2.382E-02  2.285E-02  2.189E-02  2.094E-02  2.001E-02  1.909E-02  1.819E-02  1.731E-02  1.644E-02  1.559E-02  1.476E-02  1.394E-02  1.315E-02  1.238E-02  1.162E-02  1.089E-02  1.017E-02  9.484E-03  8.819E-03  8.175E-03  7.556E-03  6.963E-03  6.396E-03  5.857E-03  5.346E-03  4.866E-03  4.418E-03  3.903E-03  3.465E-03  3.093E-03  2.776E-03  2.480E-03  2.143E-03  1.918E-03  1.635E-03  1.405E-03  1.218E-03  1.048E-03  8.862E-04  7.474E-04  6.289E-04  5.158E-04  4.264E-04  3.537E-04  2.870E-04  2.346E-04  1.882E-04  1.532E-04  1.209E-04  9.485E-05  7.384E-05  5.690E-05  4.336E-05
  332.5000  3.579E-02  3.467E-02  3.356E-02  3.247E-02  3.138E-02  3.030E-02  2.923E-02  2.817E-02  2.713E-02  2.610E-02  2.508E-02  2.407E-02  2.308E-02  2.210E-02  2.113E-02  2.018E-02  1.924E-02  1.832E-02  1.741E-02  1.652E-02  1.565E-02  1.479E-02  1.395E-02  1.313E-02  1.233E-02  1.155E-02  1.079E-02  1.005E-02  9.337E-03  8.647E-03  7.982E-03  7.347E-03  6.739E-03  6.164E-03  5.623E-03  4.984E-03  4.440E-03  3.979E-03  3.586E-03  3.217E-03  2.784E-03  2.500E-03  2.132E-03  1.834E-03  1.591E-03  1.370E-03  1.156E-03  9.735E-04  8.174E-04  6.677E-04  5.499E-04  4.547E-04  3.674E-04  2.993E-04  2.392E-04  1.943E-04  1.530E-04  1.199E-04  9.340E-05  7.211E-05  5.513E-05
  333.5000  3.191E-02  3.088E-02  2.986E-02  2.885E-02  2.785E-02  2.686E-02  2.588E-02  2.492E-02  2.396E-02  2.302E-02  2.209E-02  2.117E-02  2.027E-02  1.938E-02  1.850E-02  1.764E-02  1.679E-02  1.596E-02  1.514E-02  1.434E-02  1.355E-02  1.278E-02  1.203E-02  1.130E-02  1.059E-02  9.896E-03  9.225E-03  8.575E-03  7.946E-03  7.341E-03  6.761E-03  6.208E-03  5.680E-03  5.183E-03  4.717E-03  4.174E-03  3.711E-03  3.319E-03  2.985E-03  2.671E-03  2.309E-03  2.070E-03  1.764E-03  1.517E-03  1.314E-03  1.131E-03  9.553E-04  8.045E-04  6.759E-04  5.530E-04  4.561E-04  3.775E-04  3.056E-04  2.493E-04  1.995E-04  1.622E-04  1.278E-04  1.003E-04  7.808E-05  6.024E-05  4.600E-05
  334.5000  3.667E-02  3.550E-02  3.435E-02  3.321E-02  3.207E-02  3.095E-02  2.985E-02  2.875E-02  2.767E-02  2.660E-02  2.554E-02  2.450E-02  2.347E-02  2.245E-02  2.145E-02  2.047E-02  1.950E-02  1.855E-02  1.761E-02  1.670E-02  1.580E-02  1.492E-02  1.406E-02  1.321E-02  1.239E-02  1.160E-02  1.082E-02  1.007E-02  9.342E-03  8.640E-03  7.966E-03  7.322E-03  6.707E-03  6.126E-03  5.581E-03  4.942E-03  4.397E-03  3.936E-03  3.542E-03  3.173E-03  2.744E-03  2.461E-03  2.098E-03  1.804E-03  1.563E-03  1.345E-03  1.135E-03  9.557E-04  8.024E-04  6.558E-04  5.402E-04  4.468E-04  3.612E-04  2.943E-04  2.354E-04  1.912E-04  1.506E-04  1.181E-04  9.195E-05  7.097E-05  5.423E-05
  335.5000  3.946E-02  3.825E-02  3.705E-02  3.587E-02  3.469E-02  3.352E-02  3.237E-02  3.122E-02  3.009E-02  2.897E-02  2.787E-02  2.677E-02  2.569E-02  2.462E-02  2.357E-02  2.253E-02  2.151E-02  2.050E-02  1.950E-02  1.853E-02  1.757E-02  1.663E-02  1.571E-02  1.480E-02  1.392E-02  1.305E-02  1.221E-02  1.140E-02  1.060E-02  9.833E-03  9.091E-03  8.380E-03  7.699E-03  7.053E-03  6.444E-03  5.717E-03  5.099E-03  4.575E-03  4.130E-03  3.709E-03  3.211E-03  2.888E-03  2.464E-03  2.120E-03  1.840E-03  1.584E-03  1.337E-03  1.125E-03  9.440E-04  7.701E-04  6.333E-04  5.231E-04  4.219E-04  3.433E-04  2.739E-04  2.223E-04  1.748E-04  1.369E-04  1.067E-04  8.238E-05  6.305E-05
  336.5000  3.034E-02  2.940E-02  2.847E-02  2.755E-02  2.663E-02  2.573E-02  2.483E-02  2.394E-02  2.306E-02  2.220E-02  2.134E-02  2.049E-02  1.965E-02  1.882E-02  1.801E-02  1.721E-02  1.642E-02  1.564E-02  1.487E-02  1.411E-02  1.338E-02  1.265E-02  1.194E-02  1.124E-02  1.056E-02  9.900E-03  9.256E-03  8.628E-03  8.020E-03  7.431E-03  6.864E-03  6.322E-03  5.802E-03  5.310E-03  4.846E-03  4.297E-03  3.829E-03  3.433E-03  3.095E-03  2.777E-03  2.403E-03  2.159E-03  1.841E-03  1.584E-03  1.374E-03  1.182E-03  9.976E-04  8.393E-04  7.042E-04  5.746E-04  4.727E-04  3.905E-04  3.151E-04  2.564E-04  2.047E-04  1.662E-04  1.307E-04  1.024E-04  7.976E-05  6.160E-05  4.712E-05
  337.5000  3.197E-02  3.095E-02  2.994E-02  2.895E-02  2.796E-02  2.699E-02  2.602E-02  2.506E-02  2.412E-02  2.319E-02  2.227E-02  2.136E-02  2.046E-02  1.957E-02  1.870E-02  1.784E-02  1.700E-02  1.617E-02  1.535E-02  1.455E-02  1.377E-02  1.300E-02  1.225E-02  1.151E-02  1.080E-02  1.010E-02  9.427E-03  8.770E-03  8.136E-03  7.524E-03  6.935E-03  6.374E-03  5.838E-03  5.331E-03  4.856E-03  4.298E-03  3.824E-03  3.422E-03  3.079E-03  2.757E-03  2.383E-03  2.137E-03  1.821E-03  1.565E-03  1.356E-03  1.167E-03  9.845E-04  8.284E-04  6.952E-04  5.679E-04  4.676E-04  3.866E-04  3.124E-04  2.545E-04  2.034E-04  1.652E-04  1.301E-04  1.020E-04  7.941E-05  6.129E-05  4.685E-05
  338.5000  3.594E-02  3.484E-02  3.375E-02  3.267E-02  3.160E-02  3.054E-02  2.949E-02  2.845E-02  2.742E-02  2.640E-02  2.540E-02  2.440E-02  2.342E-02  2.245E-02  2.149E-02  2.054E-02  1.961E-02  1.869E-02  1.779E-02  1.690E-02  1.603E-02  1.517E-02  1.433E-02  1.351E-02  1.270E-02  1.191E-02  1.115E-02  1.040E-02  9.677E-03  8.976E-03  8.299E-03  7.650E-03  7.028E-03  6.438E-03  5.882E-03  5.218E-03  4.653E-03  4.175E-03  3.768E-03  3.384E-03  2.929E-03  2.634E-03  2.246E-03  1.933E-03  1.677E-03  1.443E-03  1.218E-03  1.024E-03  8.586E-04  6.999E-04  5.753E-04  4.748E-04  3.827E-04  3.112E-04  2.481E-04  2.013E-04  1.582E-04  1.239E-04  9.649E-05  7.454E-05  5.706E-05
  339.5000  3.943E-02  3.823E-02  3.704E-02  3.586E-02  3.469E-02  3.353E-02  3.239E-02  3.125E-02  3.013E-02  2.902E-02  2.792E-02  2.683E-02  2.575E-02  2.469E-02  2.364E-02  2.261E-02  2.159E-02  2.059E-02  1.960E-02  1.862E-02  1.767E-02  1.673E-02  1.580E-02  1.490E-02  1.402E-02  1.315E-02  1.231E-02  1.149E-02  1.070E-02  9.926E-03  9.181E-03  8.467E-03  7.781E-03  7.131E-03  6.517E-03  5.783E-03  5.159E-03  4.630E-03  4.180E-03  3.755E-03  3.251E-03  2.924E-03  2.494E-03  2.146E-03  1.862E-03  1.602E-03  1.352E-03  1.137E-03  9.528E-04  7.763E-04  6.378E-04  5.262E-04  4.239E-04  3.445E-04  2.746E-04  2.227E-04  1.749E-04  1.370E-04  1.067E-04  8.240E-05  6.309E-05
  340.5000  4.123E-02  3.996E-02  3.869E-02  3.745E-02  3.621E-02  3.498E-02  3.376E-02  3.256E-02  3.137E-02  3.020E-02  2.904E-02  2.789E-02  2.675E-02  2.563E-02  2.452E-02  2.344E-02  2.236E-02  2.130E-02  2.026E-02  1.924E-02  1.823E-02  1.725E-02  1.628E-02  1.534E-02  1.441E-02  1.351E-02  1.263E-02  1.178E-02  1.095E-02  1.015E-02  9.373E-03  8.633E-03  7.924E-03  7.252E-03  6.620E-03  5.868E-03  5.229E-03  4.687E-03  4.226E-03  3.791E-03  3.280E-03  2.946E-03  2.512E-03  2.159E-03  1.872E-03  1.611E-03  1.358E-03  1.142E-03  9.574E-04  7.805E-04  6.415E-04  5.294E-04  4.268E-04  3.470E-04  2.768E-04  2.246E-04  1.765E-04  1.382E-04  1.076E-04  8.314E-05  6.363E-05
  341.5000  3.783E-02  3.669E-02  3.555E-02  3.443E-02  3.332E-02  3.221E-02  3.112E-02  3.003E-02  2.896E-02  2.790E-02  2.685E-02  2.581E-02  2.478E-02  2.377E-02  2.276E-02  2.178E-02  2.080E-02  1.984E-02  1.889E-02  1.796E-02  1.704E-02  1.614E-02  1.526E-02  1.439E-02  1.354E-02  1.271E-02  1.191E-02  1.112E-02  1.035E-02  9.611E-03  8.893E-03  8.205E-03  7.544E-03  6.916E-03  6.324E-03  5.613E-03  5.009E-03  4.497E-03  4.061E-03  3.650E-03  3.160E-03  2.843E-03  2.426E-03  2.087E-03  1.811E-03  1.559E-03  1.315E-03  1.105E-03  9.262E-04  7.543E-04  6.193E-04  5.107E-04  4.112E-04  3.340E-04  2.660E-04  2.157E-04  1.693E-04  1.325E-04  1.032E-04  7.972E-05  6.106E-05
  342.5000  4.219E-02  4.091E-02  3.965E-02  3.841E-02  3.717E-02  3.594E-02  3.472E-02  3.352E-02  3.232E-02  3.115E-02  2.998E-02  2.882E-02  2.768E-02  2.655E-02  2.544E-02  2.434E-02  2.325E-02  2.218E-02  2.113E-02  2.009E-02  1.907E-02  1.807E-02  1.708E-02  1.611E-02  1.517E-02  1.424E-02  1.334E-02  1.246E-02  1.161E-02  1.078E-02  9.977E-03  9.207E-03  8.468E-03  7.765E-03  7.102E-03  6.305E-03  5.627E-03  5.053E-03  4.565E-03  4.103E-03  3.553E-03  3.198E-03  2.728E-03  2.347E-03  2.037E-03  1.753E-03  1.479E-03  1.243E-03  1.041E-03  8.477E-04  6.958E-04  5.736E-04  4.616E-04  3.748E-04  2.984E-04  2.419E-04  1.898E-04  1.485E-04  1.156E-04  8.934E-05  6.844E-05
  343.5000  4.337E-02  4.206E-02  4.075E-02  3.946E-02  3.818E-02  3.691E-02  3.565E-02  3.440E-02  3.317E-02  3.195E-02  3.074E-02  2.955E-02  2.837E-02  2.720E-02  2.605E-02  2.492E-02  2.379E-02  2.269E-02  2.160E-02  2.053E-02  1.948E-02  1.845E-02  1.743E-02  1.644E-02  1.546E-02  1.451E-02  1.359E-02  1.268E-02  1.181E-02  1.096E-02  1.014E-02  9.347E-03  8.590E-03  7.872E-03  7.195E-03  6.384E-03  5.694E-03  5.110E-03  4.612E-03  4.143E-03  3.585E-03  3.225E-03  2.750E-03  2.365E-03  2.051E-03  1.765E-03  1.488E-03  1.250E-03  1.047E-03  8.528E-04  7.000E-04  5.770E-04  4.645E-04  3.771E-04  3.003E-04  2.435E-04  1.911E-04  1.495E-04  1.164E-04  8.994E-05  6.889E-05
  344.5000  3.005E-02  2.913E-02  2.822E-02  2.732E-02  2.643E-02  2.554E-02  2.466E-02  2.379E-02  2.293E-02  2.208E-02  2.124E-02  2.041E-02  1.958E-02  1.877E-02  1.797E-02  1.718E-02  1.640E-02  1.563E-02  1.488E-02  1.413E-02  1.340E-02  1.268E-02  1.198E-02  1.129E-02  1.062E-02  9.957E-03  9.317E-03  8.692E-03  8.085E-03  7.497E-03  6.930E-03  6.387E-03  5.866E-03  5.371E-03  4.905E-03  4.350E-03  3.877E-03  3.477E-03  3.136E-03  2.814E-03  2.434E-03  2.188E-03  1.865E-03  1.603E-03  1.390E-03  1.195E-03  1.008E-03  8.465E-04  7.091E-04  5.774E-04  4.740E-04  3.908E-04  3.146E-04  2.555E-04  2.035E-04  1.650E-04  1.295E-04  1.014E-04  7.894E-05  6.098E-05  4.669E-05
  345.5000  4.250E-02  4.123E-02  3.997E-02  3.872E-02  3.747E-02  3.624E-02  3.502E-02  3.382E-02  3.262E-02  3.144E-02  3.027E-02  2.911E-02  2.796E-02  2.683E-02  2.571E-02  2.460E-02  2.351E-02  2.244E-02  2.138E-02  2.033E-02  1.931E-02  1.830E-02  1.730E-02  1.633E-02  1.538E-02  1.445E-02  1.354E-02  1.265E-02  1.179E-02  1.095E-02  1.014E-02  9.359E-03  8.610E-03  7.899E-03  7.227E-03  6.417E-03  5.728E-03  5.145E-03  4.649E-03  4.180E-03  3.620E-03  3.259E-03  2.780E-03  2.392E-03  2.075E-03  1.786E-03  1.506E-03  1.265E-03  1.060E-03  8.619E-04  7.069E-04  5.824E-04  4.683E-04  3.799E-04  3.022E-04  2.448E-04  1.919E-04  1.501E-04  1.169E-04  9.029E-05  6.919E-05
  346.5000  3.904E-02  3.786E-02  3.668E-02  3.552E-02  3.437E-02  3.322E-02  3.209E-02  3.097E-02  2.986E-02  2.876E-02  2.768E-02  2.660E-02  2.554E-02  2.449E-02  2.345E-02  2.243E-02  2.142E-02  2.043E-02  1.945E-02  1.848E-02  1.754E-02  1.661E-02  1.569E-02  1.480E-02  1.392E-02  1.306E-02  1.223E-02  1.142E-02  1.063E-02  9.859E-03  9.119E-03  8.409E-03  7.727E-03  7.080E-03  6.470E-03  5.740E-03  5.118E-03  4.591E-03  4.143E-03  3.721E-03  3.219E-03  2.894E-03  2.467E-03  2.121E-03  1.839E-03  1.582E-03  1.333E-03  1.120E-03  9.377E-04  7.630E-04  6.259E-04  5.157E-04  4.149E-04  3.367E-04  2.680E-04  2.172E-04  1.704E-04  1.333E-04  1.038E-04  8.016E-05  6.140E-05
  347.5000  3.826E-02  3.710E-02  3.595E-02  3.481E-02  3.368E-02  3.257E-02  3.146E-02  3.036E-02  2.927E-02  2.820E-02  2.714E-02  2.608E-02  2.504E-02  2.401E-02  2.300E-02  2.200E-02  2.101E-02  2.004E-02  1.908E-02  1.813E-02  1.721E-02  1.630E-02  1.540E-02  1.452E-02  1.366E-02  1.282E-02  1.201E-02  1.121E-02  1.043E-02  9.682E-03  8.956E-03  8.259E-03  7.590E-03  6.955E-03  6.356E-03  5.639E-03  5.028E-03  4.511E-03  4.071E-03  3.656E-03  3.162E-03  2.844E-03  2.424E-03  2.083E-03  1.807E-03  1.554E-03  1.309E-03  1.100E-03  9.206E-04  7.488E-04  6.142E-04  5.059E-04  4.069E-04  3.301E-04  2.627E-04  2.128E-04  1.669E-04  1.306E-04  1.016E-04  7.851E-05  6.014E-05
  348.5000  4.236E-02  4.108E-02  3.982E-02  3.856E-02  3.732E-02  3.608E-02  3.486E-02  3.365E-02  3.245E-02  3.127E-02  3.010E-02  2.893E-02  2.779E-02  2.665E-02  2.553E-02  2.443E-02  2.334E-02  2.226E-02  2.120E-02  2.015E-02  1.913E-02  1.812E-02  1.713E-02  1.616E-02  1.521E-02  1.428E-02  1.337E-02  1.249E-02  1.163E-02  1.079E-02  9.989E-03  9.215E-03  8.472E-03  7.766E-03  7.099E-03  6.300E-03  5.619E-03  5.043E-03  4.552E-03  4.090E-03  3.538E-03  3.183E-03  2.713E-03  2.332E-03  2.023E-03  1.740E-03  1.466E-03  1.231E-03  1.030E-03  8.377E-04  6.868E-04  5.656E-04  4.546E-04  3.687E-04  2.932E-04  2.375E-04  1.862E-04  1.456E-04  1.133E-04  8.756E-05  6.709E-05
  349.5000  3.549E-02  3.442E-02  3.336E-02  3.231E-02  3.126E-02  3.023E-02  2.920E-02  2.819E-02  2.718E-02  2.619E-02  2.521E-02  2.424E-02  2.327E-02  2.232E-02  2.138E-02  2.046E-02  1.954E-02  1.864E-02  1.775E-02  1.688E-02  1.602E-02  1.517E-02  1.434E-02  1.353E-02  1.273E-02  1.195E-02  1.119E-02  1.045E-02  9.733E-03  9.034E-03  8.359E-03  7.710E-03  7.088E-03  6.496E-03  5.938E-03  5.269E-03  4.699E-03  4.216E-03  3.805E-03  3.418E-03  2.957E-03  2.659E-03  2.266E-03  1.948E-03  1.689E-03  1.453E-03  1.224E-03  1.027E-03  8.597E-04  6.989E-04  5.729E-04  4.717E-04  3.791E-04  3.074E-04  2.444E-04  1.979E-04  1.552E-04  1.213E-04  9.442E-05  7.294E-05  5.589E-05
  350.5000  4.980E-02  4.830E-02  4.681E-02  4.534E-02  4.387E-02  4.242E-02  4.099E-02  3.956E-02  3.816E-02  3.677E-02  3.539E-02  3.402E-02  3.267E-02  3.134E-02  3.002E-02  2.872E-02  2.744E-02  2.618E-02  2.493E-02  2.370E-02  2.250E-02  2.131E-02  2.015E-02  1.901E-02  1.789E-02  1.679E-02  1.573E-02  1.469E-02  1.368E-02  1.270E-02  1.175E-02  1.084E-02  9.962E-03  9.131E-03  8.347E-03  7.406E-03  6.605E-03  5.926E-03  5.349E-03  4.805E-03  4.156E-03  3.738E-03  3.185E-03  2.737E-03  2.373E-03  2.041E-03  1.719E-03  1.443E-03  1.207E-03  9.813E-04  8.041E-04  6.619E-04  5.318E-04  4.311E-04  3.427E-04  2.775E-04  2.175E-04  1.700E-04  1.323E-04  1.022E-04  7.832E-05
  351.5000  4.283E-02  4.154E-02  4.026E-02  3.899E-02  3.773E-02  3.648E-02  3.524E-02  3.402E-02  3.281E-02  3.161E-02  3.042E-02  2.925E-02  2.808E-02  2.693E-02  2.580E-02  2.468E-02  2.358E-02  2.249E-02  2.142E-02  2.036E-02  1.932E-02  1.830E-02  1.730E-02  1.632E-02  1.535E-02  1.441E-02  1.350E-02  1.260E-02  1.173E-02  1.089E-02  1.007E-02  9.291E-03  8.540E-03  7.826E-03  7.152E-03  6.345E-03  5.657E-03  5.074E-03  4.579E-03  4.112E-03  3.556E-03  3.197E-03  2.724E-03  2.340E-03  2.029E-03  1.744E-03  1.469E-03  1.232E-03  1.031E-03  8.379E-04  6.865E-04  5.650E-04  4.539E-04  3.679E-04  2.924E-04  2.367E-04  1.855E-04  1.450E-04  1.128E-04  8.717E-05  6.680E-05
  352.5000  3.874E-02  3.757E-02  3.641E-02  3.527E-02  3.413E-02  3.300E-02  3.189E-02  3.078E-02  2.968E-02  2.860E-02  2.753E-02  2.647E-02  2.542E-02  2.438E-02  2.335E-02  2.235E-02  2.135E-02  2.036E-02  1.939E-02  1.844E-02  1.750E-02  1.658E-02  1.567E-02  1.478E-02  1.391E-02  1.306E-02  1.223E-02  1.142E-02  1.063E-02  9.871E-03  9.133E-03  8.424E-03  7.743E-03  7.096E-03  6.486E-03  5.754E-03  5.130E-03  4.602E-03  4.153E-03  3.729E-03  3.225E-03  2.900E-03  2.470E-03  2.123E-03  1.840E-03  1.582E-03  1.332E-03  1.117E-03  9.346E-04  7.593E-04  6.219E-04  5.117E-04  4.110E-04  3.330E-04  2.646E-04  2.142E-04  1.678E-04  1.312E-04  1.020E-04  7.882E-05  6.040E-05
  353.5000  4.682E-02  4.541E-02  4.402E-02  4.264E-02  4.126E-02  3.990E-02  3.856E-02  3.722E-02  3.590E-02  3.460E-02  3.330E-02  3.202E-02  3.075E-02  2.950E-02  2.826E-02  2.705E-02  2.584E-02  2.465E-02  2.348E-02  2.233E-02  2.120E-02  2.008E-02  1.899E-02  1.791E-02  1.686E-02  1.583E-02  1.483E-02  1.385E-02  1.290E-02  1.197E-02  1.108E-02  1.022E-02  9.397E-03  8.614E-03  7.874E-03  6.986E-03  6.230E-03  5.589E-03  5.044E-03  4.531E-03  3.918E-03  3.523E-03  3.001E-03  2.579E-03  2.235E-03  1.921E-03  1.618E-03  1.357E-03  1.135E-03  9.218E-04  7.548E-04  6.209E-04  4.985E-04  4.038E-04  3.207E-04  2.595E-04  2.033E-04  1.589E-04  1.236E-04  9.545E-05  7.315E-05
  354.5000  5.085E-02  4.932E-02  4.781E-02  4.631E-02  4.482E-02  4.335E-02  4.189E-02  4.044E-02  3.901E-02  3.760E-02  3.619E-02  3.480E-02  3.343E-02  3.207E-02  3.073E-02  2.941E-02  2.810E-02  2.681E-02  2.554E-02  2.429E-02  2.306E-02  2.185E-02  2.066E-02  1.950E-02  1.835E-02  1.723E-02  1.615E-02  1.508E-02  1.405E-02  1.304E-02  1.207E-02  1.114E-02  1.024E-02  9.388E-03  8.583E-03  7.616E-03  6.792E-03  6.094E-03  5.500E-03  4.941E-03  4.272E-03  3.842E-03  3.273E-03  2.812E-03  2.438E-03  2.095E-03  1.764E-03  1.480E-03  1.237E-03  1.005E-03  8.223E-04  6.763E-04  5.427E-04  4.395E-04  3.490E-04  2.823E-04  2.211E-04  1.727E-04  1.343E-04  1.038E-04  7.954E-05
  355.5000  4.756E-02  4.613E-02  4.472E-02  4.332E-02  4.193E-02  4.055E-02  3.918E-02  3.783E-02  3.649E-02  3.517E-02  3.385E-02  3.256E-02  3.127E-02  3.000E-02  2.875E-02  2.751E-02  2.629E-02  2.508E-02  2.389E-02  2.272E-02  2.157E-02  2.044E-02  1.933E-02  1.824E-02  1.717E-02  1.612E-02  1.511E-02  1.411E-02  1.314E-02  1.220E-02  1.129E-02  1.042E-02  9.580E-03  8.782E-03  8.028E-03  7.123E-03  6.352E-03  5.699E-03  5.144E-03  4.620E-03  3.994E-03  3.592E-03  3.059E-03  2.628E-03  2.278E-03  1.958E-03  1.648E-03  1.382E-03  1.155E-03  9.379E-04  7.676E-04  6.311E-04  5.064E-04  4.100E-04  3.255E-04  2.633E-04  2.061E-04  1.610E-04  1.252E-04  9.672E-05  7.413E-05
  356.5000  4.415E-02  4.283E-02  4.151E-02  4.021E-02  3.892E-02  3.764E-02  3.637E-02  3.512E-02  3.387E-02  3.265E-02  3.143E-02  3.022E-02  2.903E-02  2.785E-02  2.669E-02  2.554E-02  2.440E-02  2.328E-02  2.218E-02  2.109E-02  2.003E-02  1.898E-02  1.794E-02  1.693E-02  1.594E-02  1.497E-02  1.402E-02  1.310E-02  1.220E-02  1.132E-02  1.048E-02  9.668E-03  8.889E-03  8.148E-03  7.448E-03  6.608E-03  5.893E-03  5.286E-03  4.770E-03  4.284E-03  3.703E-03  3.330E-03  2.836E-03  2.436E-03  2.111E-03  1.814E-03  1.526E-03  1.280E-03  1.070E-03  8.683E-04  7.105E-04  5.841E-04  4.685E-04  3.792E-04  3.010E-04  2.434E-04  1.905E-04  1.488E-04  1.157E-04  8.939E-05  6.851E-05
  357.5000  3.754E-02  3.641E-02  3.530E-02  3.419E-02  3.309E-02  3.201E-02  3.093E-02  2.986E-02  2.880E-02  2.776E-02  2.672E-02  2.569E-02  2.468E-02  2.368E-02  2.269E-02  2.171E-02  2.075E-02  1.979E-02  1.886E-02  1.793E-02  1.702E-02  1.613E-02  1.525E-02  1.439E-02  1.354E-02  1.272E-02  1.191E-02  1.113E-02  1.036E-02  9.621E-03  8.904E-03  8.214E-03  7.551E-03  6.921E-03  6.326E-03  5.612E-03  5.004E-03  4.488E-03  4.049E-03  3.636E-03  3.143E-03  2.826E-03  2.406E-03  2.066E-03  1.790E-03  1.538E-03  1.294E-03  1.085E-03  9.068E-04  7.358E-04  6.019E-04  4.947E-04  3.967E-04  3.210E-04  2.548E-04  2.060E-04  1.612E-04  1.259E-04  9.791E-05  7.562E-05  5.796E-05
  358.5000  2.903E-02  2.816E-02  2.729E-02  2.644E-02  2.559E-02  2.475E-02  2.392E-02  2.309E-02  2.228E-02  2.147E-02  2.067E-02  1.988E-02  1.909E-02  1.832E-02  1.755E-02  1.680E-02  1.605E-02  1.532E-02  1.459E-02  1.388E-02  1.317E-02  1.248E-02  1.180E-02  1.114E-02  1.049E-02  9.847E-03  9.225E-03  8.617E-03  8.025E-03  7.451E-03  6.895E-03  6.361E-03  5.848E-03  5.361E-03  4.900E-03  4.347E-03  3.876E-03  3.476E-03  3.137E-03  2.816E-03  2.434E-03  2.188E-03  1.863E-03  1.600E-03  1.386E-03  1.191E-03  1.002E-03  8.398E-04  7.017E-04  5.692E-04  4.656E-04  3.825E-04  3.067E-04  2.481E-04  1.969E-04  1.592E-04  1.245E-04  9.724E-05  7.560E-05  5.839E-05  4.475E-05
  359.5000  4.888E-02  4.741E-02  4.596E-02  4.452E-02  4.309E-02  4.168E-02  4.028E-02  3.889E-02  3.751E-02  3.615E-02  3.480E-02  3.347E-02  3.215E-02  3.085E-02  2.956E-02  2.829E-02  2.703E-02  2.579E-02  2.457E-02  2.337E-02  2.219E-02  2.102E-02  1.988E-02  1.876E-02  1.766E-02  1.658E-02  1.553E-02  1.451E-02  1.351E-02  1.254E-02  1.161E-02  1.071E-02  9.846E-03  9.024E-03  8.248E-03  7.317E-03  6.524E-03  5.850E-03  5.278E-03  4.739E-03  4.095E-03  3.681E-03  3.134E-03  2.691E-03  2.331E-03  2.002E-03  1.684E-03  1.411E-03  1.179E-03  9.563E-04  7.820E-04  6.424E-04  5.149E-04  4.165E-04  3.304E-04  2.670E-04  2.089E-04  1.631E-04  1.268E-04  9.791E-05  7.505E-05
  360.5000  4.534E-02  4.398E-02  4.263E-02  4.130E-02  3.997E-02  3.866E-02  3.736E-02  3.607E-02  3.479E-02  3.354E-02  3.228E-02  3.105E-02  2.982E-02  2.861E-02  2.742E-02  2.624E-02  2.508E-02  2.393E-02  2.279E-02  2.168E-02  2.058E-02  1.950E-02  1.844E-02  1.740E-02  1.638E-02  1.538E-02  1.441E-02  1.346E-02  1.254E-02  1.164E-02  1.077E-02  9.935E-03  9.133E-03  8.371E-03  7.651E-03  6.787E-03  6.050E-03  5.425E-03  4.894E-03  4.394E-03  3.797E-03  3.412E-03  2.904E-03  2.494E-03  2.160E-03  1.855E-03  1.560E-03  1.307E-03  1.092E-03  8.854E-04  7.238E-04  5.945E-04  4.764E-04  3.853E-04  3.055E-04  2.469E-04  1.931E-04  1.507E-04  1.172E-04  9.049E-05  6.936E-05
  361.5000  4.093E-02  3.971E-02  3.849E-02  3.729E-02  3.610E-02  3.491E-02  3.374E-02  3.257E-02  3.142E-02  3.029E-02  2.916E-02  2.804E-02  2.694E-02  2.585E-02  2.477E-02  2.370E-02  2.265E-02  2.162E-02  2.059E-02  1.958E-02  1.860E-02  1.762E-02  1.666E-02  1.572E-02  1.480E-02  1.390E-02  1.302E-02  1.216E-02  1.133E-02  1.052E-02  9.735E-03  8.980E-03  8.256E-03  7.567E-03  6.916E-03  6.135E-03  5.469E-03  4.904E-03  4.424E-03  3.971E-03  3.431E-03  3.084E-03  2.625E-03  2.253E-03  1.952E-03  1.676E-03  1.409E-03  1.181E-03  9.859E-04  7.992E-04  6.532E-04  5.364E-04  4.298E-04  3.474E-04  2.755E-04  2.226E-04  1.740E-04  1.358E-04  1.056E-04  8.152E-05  6.249E-05
  362.5000  4.812E-02  4.668E-02  4.525E-02  4.384E-02  4.243E-02  4.104E-02  3.966E-02  3.830E-02  3.694E-02  3.561E-02  3.428E-02  3.297E-02  3.167E-02  3.039E-02  2.912E-02  2.787E-02  2.664E-02  2.542E-02  2.422E-02  2.303E-02  2.187E-02  2.072E-02  1.960E-02  1.849E-02  1.741E-02  1.635E-02  1.532E-02  1.431E-02  1.333E-02  1.237E-02  1.145E-02  1.056E-02  9.711E-03  8.900E-03  8.134E-03  7.216E-03  6.431E-03  5.767E-03  5.202E-03  4.670E-03  4.034E-03  3.626E-03  3.085E-03  2.648E-03  2.294E-03  1.969E-03  1.655E-03  1.387E-03  1.158E-03  9.386E-04  7.669E-04  6.296E-04  5.043E-04  4.076E-04  3.231E-04  2.610E-04  2.040E-04  1.592E-04  1.237E-04  9.554E-05  7.324E-05
  363.5000  4.284E-02  4.155E-02  4.028E-02  3.903E-02  3.778E-02  3.654E-02  3.531E-02  3.409E-02  3.289E-02  3.170E-02  3.052E-02  2.935E-02  2.820E-02  2.706E-02  2.593E-02  2.482E-02  2.372E-02  2.263E-02  2.156E-02  2.051E-02  1.947E-02  1.845E-02  1.745E-02  1.647E-02  1.550E-02  1.456E-02  1.364E-02  1.274E-02  1.187E-02  1.102E-02  1.019E-02  9.404E-03  8.645E-03  7.923E-03  7.241E-03  6.423E-03  5.725E-03  5.133E-03  4.630E-03  4.156E-03  3.590E-03  3.226E-03  2.745E-03  2.356E-03  2.040E-03  1.751E-03  1.472E-03  1.233E-03  1.029E-03  8.340E-04  6.813E-04  5.592E-04  4.478E-04  3.619E-04  2.868E-04  2.316E-04  1.810E-04  1.412E-04  1.098E-04  8.474E-05  6.496E-05
  364.5000  4.674E-02  4.534E-02  4.395E-02  4.258E-02  4.122E-02  3.987E-02  3.853E-02  3.720E-02  3.589E-02  3.459E-02  3.330E-02  3.203E-02  3.077E-02  2.952E-02  2.829E-02  2.708E-02  2.588E-02  2.469E-02  2.352E-02  2.237E-02  2.124E-02  2.013E-02  1.904E-02  1.796E-02  1.691E-02  1.588E-02  1.488E-02  1.390E-02  1.294E-02  1.202E-02  1.112E-02  1.026E-02  9.429E-03  8.641E-03  7.896E-03  7.004E-03  6.242E-03  5.596E-03  5.047E-03  4.529E-03  3.912E-03  3.515E-03  2.990E-03  2.566E-03  2.222E-03  1.907E-03  1.603E-03  1.342E-03  1.120E-03  9.075E-04  7.412E-04  6.082E-04  4.870E-04  3.934E-04  3.117E-04  2.517E-04  1.967E-04  1.534E-04  1.192E-04  9.205E-05  7.056E-05
  365.5000  5.695E-02  5.525E-02  5.356E-02  5.189E-02  5.022E-02  4.858E-02  4.694E-02  4.533E-02  4.373E-02  4.214E-02  4.057E-02  3.902E-02  3.749E-02  3.597E-02  3.447E-02  3.299E-02  3.153E-02  3.008E-02  2.866E-02  2.726E-02  2.588E-02  2.452E-02  2.319E-02  2.188E-02  2.060E-02  1.935E-02  1.812E-02  1.693E-02  1.576E-02  1.463E-02  1.354E-02  1.249E-02  1.148E-02  1.052E-02  9.613E-03  8.526E-03  7.598E-03  6.811E-03  6.141E-03  5.511E-03  4.759E-03  4.275E-03  3.636E-03  3.120E-03  2.701E-03  2.318E-03  1.948E-03  1.630E-03  1.361E-03  1.102E-03  9.000E-04  7.384E-04  5.910E-04  4.774E-04  3.782E-04  3.053E-04  2.385E-04  1.861E-04  1.446E-04  1.116E-04  8.555E-05
  366.5000  6.034E-02  5.853E-02  5.674E-02  5.497E-02  5.321E-02  5.146E-02  4.973E-02  4.802E-02  4.633E-02  4.465E-02  4.299E-02  4.135E-02  3.972E-02  3.811E-02  3.652E-02  3.496E-02  3.341E-02  3.188E-02  3.037E-02  2.889E-02  2.743E-02  2.599E-02  2.458E-02  2.319E-02  2.183E-02  2.050E-02  1.921E-02  1.794E-02  1.671E-02  1.551E-02  1.435E-02  1.324E-02  1.217E-02  1.115E-02  1.019E-02  9.036E-03  8.052E-03  7.218E-03  6.508E-03  5.839E-03  5.042E-03  4.529E-03  3.852E-03  3.304E-03  2.860E-03  2.454E-03  2.062E-03  1.726E-03  1.440E-03  1.166E-03  9.521E-04  7.810E-04  6.250E-04  5.047E-04  3.997E-04  3.226E-04  2.520E-04  1.966E-04  1.527E-04  1.179E-04  9.035E-05
  367.5000  5.734E-02  5.563E-02  5.393E-02  5.224E-02  5.057E-02  4.891E-02  4.727E-02  4.565E-02  4.403E-02  4.244E-02  4.087E-02  3.930E-02  3.776E-02  3.623E-02  3.472E-02  3.323E-02  3.176E-02  3.031E-02  2.887E-02  2.746E-02  2.608E-02  2.471E-02  2.337E-02  2.205E-02  2.076E-02  1.950E-02  1.827E-02  1.706E-02  1.589E-02  1.475E-02  1.365E-02  1.259E-02  1.157E-02  1.060E-02  9.688E-03  8.592E-03  7.657E-03  6.863E-03  6.187E-03  5.551E-03  4.793E-03  4.305E-03  3.661E-03  3.140E-03  2.718E-03  2.332E-03  1.959E-03  1.639E-03  1.367E-03  1.107E-03  9.036E-04  7.410E-04  5.929E-04  4.786E-04  3.790E-04  3.058E-04  2.389E-04  1.863E-04  1.447E-04  1.117E-04  8.560E-05
  368.5000  5.040E-02  4.889E-02  4.739E-02  4.592E-02  4.445E-02  4.299E-02  4.155E-02  4.012E-02  3.870E-02  3.730E-02  3.592E-02  3.454E-02  3.319E-02  3.184E-02  3.052E-02  2.921E-02  2.791E-02  2.664E-02  2.538E-02  2.414E-02  2.292E-02  2.172E-02  2.054E-02  1.938E-02  1.825E-02  1.714E-02  1.605E-02  1.499E-02  1.396E-02  1.296E-02  1.199E-02  1.106E-02  1.017E-02  9.317E-03  8.513E-03  7.549E-03  6.727E-03  6.029E-03  5.435E-03  4.876E-03  4.209E-03  3.780E-03  3.214E-03  2.756E-03  2.385E-03  2.046E-03  1.719E-03  1.438E-03  1.199E-03  9.708E-04  7.922E-04  6.495E-04  5.195E-04  4.193E-04  3.319E-04  2.678E-04  2.091E-04  1.631E-04  1.266E-04  9.774E-05  7.492E-05
  369.5000  6.048E-02  5.867E-02  5.688E-02  5.511E-02  5.334E-02  5.159E-02  4.986E-02  4.815E-02  4.645E-02  4.477E-02  4.311E-02  4.146E-02  3.983E-02  3.822E-02  3.663E-02  3.506E-02  3.350E-02  3.197E-02  3.046E-02  2.897E-02  2.751E-02  2.607E-02  2.465E-02  2.326E-02  2.190E-02  2.057E-02  1.927E-02  1.800E-02  1.676E-02  1.556E-02  1.439E-02  1.328E-02  1.220E-02  1.118E-02  1.021E-02  9.058E-03  8.070E-03  7.232E-03  6.519E-03  5.848E-03  5.047E-03  4.533E-03  3.853E-03  3.304E-03  2.859E-03  2.452E-03  2.059E-03  1.723E-03  1.437E-03  1.163E-03  9.486E-04  7.775E-04  6.218E-04  5.017E-04  3.971E-04  3.203E-04  2.501E-04  1.950E-04  1.514E-04  1.168E-04  8.956E-05
  370.5000  5.490E-02  5.326E-02  5.163E-02  5.002E-02  4.842E-02  4.683E-02  4.526E-02  4.370E-02  4.216E-02  4.064E-02  3.913E-02  3.763E-02  3.615E-02  3.469E-02  3.324E-02  3.182E-02  3.041E-02  2.902E-02  2.765E-02  2.630E-02  2.497E-02  2.366E-02  2.238E-02  2.112E-02  1.988E-02  1.867E-02  1.749E-02  1.633E-02  1.521E-02  1.412E-02  1.306E-02  1.205E-02  1.107E-02  1.015E-02  9.269E-03  8.220E-03  7.322E-03  6.561E-03  5.914E-03  5.304E-03  4.578E-03  4.110E-03  3.493E-03  2.995E-03  2.591E-03  2.222E-03  1.865E-03  1.561E-03  1.302E-03  1.053E-03  8.588E-04  7.038E-04  5.627E-04  4.540E-04  3.592E-04  2.897E-04  2.261E-04  1.763E-04  1.369E-04  1.056E-04  8.095E-05
  371.5000  6.285E-02  6.097E-02  5.911E-02  5.726E-02  5.543E-02  5.361E-02  5.182E-02  5.003E-02  4.827E-02  4.653E-02  4.480E-02  4.309E-02  4.139E-02  3.972E-02  3.806E-02  3.643E-02  3.482E-02  3.323E-02  3.166E-02  3.011E-02  2.859E-02  2.709E-02  2.562E-02  2.418E-02  2.276E-02  2.138E-02  2.003E-02  1.870E-02  1.742E-02  1.617E-02  1.496E-02  1.380E-02  1.268E-02  1.162E-02  1.061E-02  9.409E-03  8.382E-03  7.510E-03  6.768E-03  6.070E-03  5.238E-03  4.703E-03  3.996E-03  3.426E-03  2.963E-03  2.541E-03  2.133E-03  1.784E-03  1.487E-03  1.203E-03  9.810E-04  8.038E-04  6.425E-04  5.182E-04  4.099E-04  3.306E-04  2.580E-04  2.010E-04  1.561E-04  1.204E-04  9.232E-05
  372.5000  4.645E-02  4.506E-02  4.368E-02  4.232E-02  4.097E-02  3.963E-02  3.830E-02  3.698E-02  3.568E-02  3.439E-02  3.311E-02  3.185E-02  3.059E-02  2.936E-02  2.814E-02  2.693E-02  2.574E-02  2.456E-02  2.340E-02  2.226E-02  2.114E-02  2.003E-02  1.894E-02  1.787E-02  1.683E-02  1.580E-02  1.480E-02  1.383E-02  1.287E-02  1.195E-02  1.106E-02  1.020E-02  9.372E-03  8.585E-03  7.843E-03  6.954E-03  6.194E-03  5.549E-03  5.001E-03  4.485E-03  3.869E-03  3.473E-03  2.951E-03  2.530E-03  2.188E-03  1.876E-03  1.574E-03  1.317E-03  1.097E-03  8.874E-04  7.235E-04  5.926E-04  4.736E-04  3.819E-04  3.020E-04  2.435E-04  1.900E-04  1.480E-04  1.149E-04  8.868E-05  6.797E-05
  373.5000  4.200E-02  4.074E-02  3.950E-02  3.827E-02  3.704E-02  3.583E-02  3.463E-02  3.344E-02  3.226E-02  3.109E-02  2.994E-02  2.879E-02  2.766E-02  2.654E-02  2.544E-02  2.435E-02  2.327E-02  2.221E-02  2.116E-02  2.012E-02  1.911E-02  1.811E-02  1.712E-02  1.616E-02  1.521E-02  1.429E-02  1.338E-02  1.250E-02  1.164E-02  1.080E-02  9.995E-03  9.218E-03  8.471E-03  7.760E-03  7.088E-03  6.285E-03  5.597E-03  5.014E-03  4.518E-03  4.051E-03  3.495E-03  3.137E-03  2.665E-03  2.284E-03  1.975E-03  1.693E-03  1.421E-03  1.188E-03  9.899E-04  8.003E-04  6.524E-04  5.342E-04  4.268E-04  3.441E-04  2.721E-04  2.193E-04  1.711E-04  1.333E-04  1.035E-04  7.983E-05  6.118E-05
  374.5000  4.611E-02  4.473E-02  4.336E-02  4.201E-02  4.067E-02  3.934E-02  3.802E-02  3.671E-02  3.542E-02  3.414E-02  3.287E-02  3.161E-02  3.037E-02  2.914E-02  2.793E-02  2.673E-02  2.555E-02  2.438E-02  2.323E-02  2.210E-02  2.098E-02  1.988E-02  1.880E-02  1.774E-02  1.670E-02  1.568E-02  1.469E-02  1.372E-02  1.278E-02  1.186E-02  1.097E-02  1.012E-02  9.298E-03  8.517E-03  7.779E-03  6.897E-03  6.143E-03  5.502E-03  4.957E-03  4.444E-03  3.833E-03  3.440E-03  2.922E-03  2.504E-03  2.165E-03  1.856E-03  1.557E-03  1.302E-03  1.084E-03  8.766E-04  7.143E-04  5.849E-04  4.672E-04  3.766E-04  2.977E-04  2.399E-04  1.871E-04  1.458E-04  1.131E-04  8.727E-05  6.689E-05
  375.5000  5.206E-02  5.050E-02  4.896E-02  4.743E-02  4.591E-02  4.441E-02  4.292E-02  4.144E-02  3.998E-02  3.854E-02  3.711E-02  3.569E-02  3.429E-02  3.290E-02  3.153E-02  3.018E-02  2.885E-02  2.753E-02  2.623E-02  2.495E-02  2.369E-02  2.245E-02  2.123E-02  2.003E-02  1.886E-02  1.771E-02  1.659E-02  1.549E-02  1.443E-02  1.339E-02  1.239E-02  1.143E-02  1.050E-02  9.616E-03  8.783E-03  7.786E-03  6.934E-03  6.210E-03  5.594E-03  5.016E-03  4.325E-03  3.882E-03  3.297E-03  2.824E-03  2.442E-03  2.092E-03  1.755E-03  1.467E-03  1.222E-03  9.877E-04  8.047E-04  6.587E-04  5.260E-04  4.239E-04  3.350E-04  2.700E-04  2.105E-04  1.639E-04  1.272E-04  9.814E-05  7.522E-05
  376.5000  5.201E-02  5.046E-02  4.891E-02  4.739E-02  4.587E-02  4.437E-02  4.288E-02  4.141E-02  3.995E-02  3.851E-02  3.708E-02  3.566E-02  3.426E-02  3.288E-02  3.151E-02  3.016E-02  2.883E-02  2.751E-02  2.621E-02  2.493E-02  2.367E-02  2.243E-02  2.121E-02  2.002E-02  1.884E-02  1.770E-02  1.658E-02  1.548E-02  1.442E-02  1.338E-02  1.238E-02  1.142E-02  1.049E-02  9.608E-03  8.774E-03  7.779E-03  6.927E-03  6.204E-03  5.588E-03  5.009E-03  4.319E-03  3.876E-03  3.291E-03  2.819E-03  2.437E-03  2.088E-03  1.752E-03  1.463E-03  1.219E-03  9.848E-04  8.022E-04  6.565E-04  5.241E-04  4.223E-04  3.337E-04  2.688E-04  2.096E-04  1.632E-04  1.266E-04  9.767E-05  7.485E-05
  377.5000  6.197E-02  6.011E-02  5.827E-02  5.646E-02  5.465E-02  5.286E-02  5.109E-02  4.933E-02  4.760E-02  4.588E-02  4.418E-02  4.249E-02  4.082E-02  3.917E-02  3.754E-02  3.594E-02  3.435E-02  3.278E-02  3.123E-02  2.970E-02  2.821E-02  2.673E-02  2.528E-02  2.385E-02  2.245E-02  2.109E-02  1.975E-02  1.845E-02  1.718E-02  1.594E-02  1.475E-02  1.360E-02  1.250E-02  1.145E-02  1.045E-02  9.266E-03  8.252E-03  7.389E-03  6.654E-03  5.965E-03  5.143E-03  4.614E-03  3.917E-03  3.355E-03  2.900E-03  2.484E-03  2.084E-03  1.740E-03  1.449E-03  1.171E-03  9.534E-04  7.801E-04  6.227E-04  5.016E-04  3.962E-04  3.191E-04  2.488E-04  1.937E-04  1.502E-04  1.159E-04  8.882E-05
  378.5000  6.757E-02  6.554E-02  6.354E-02  6.156E-02  5.959E-02  5.764E-02  5.571E-02  5.379E-02  5.190E-02  5.003E-02  4.817E-02  4.633E-02  4.451E-02  4.271E-02  4.093E-02  3.918E-02  3.745E-02  3.574E-02  3.405E-02  3.239E-02  3.076E-02  2.914E-02  2.756E-02  2.601E-02  2.448E-02  2.299E-02  2.154E-02  2.011E-02  1.873E-02  1.738E-02  1.608E-02  1.483E-02  1.362E-02  1.248E-02  1.139E-02  1.010E-02  8.994E-03  8.053E-03  7.252E-03  6.499E-03  5.603E-03  5.026E-03  4.267E-03  3.654E-03  3.158E-03  2.705E-03  2.268E-03  1.894E-03  1.577E-03  1.274E-03  1.037E-03  8.483E-04  6.770E-04  5.451E-04  4.306E-04  3.467E-04  2.702E-04  2.103E-04  1.631E-04  1.258E-04  9.643E-05
  379.5000  5.001E-02  4.851E-02  4.703E-02  4.556E-02  4.410E-02  4.266E-02  4.123E-02  3.981E-02  3.841E-02  3.702E-02  3.565E-02  3.429E-02  3.294E-02  3.161E-02  3.030E-02  2.900E-02  2.772E-02  2.645E-02  2.520E-02  2.397E-02  2.276E-02  2.157E-02  2.040E-02  1.925E-02  1.812E-02  1.702E-02  1.594E-02  1.489E-02  1.386E-02  1.287E-02  1.190E-02  1.097E-02  1.008E-02  9.233E-03  8.431E-03  7.474E-03  6.654E-03  5.957E-03  5.364E-03  4.807E-03  4.143E-03  3.716E-03  3.154E-03  2.701E-03  2.334E-03  1.999E-03  1.676E-03  1.399E-03  1.165E-03  9.404E-04  7.655E-04  6.261E-04  4.995E-04  4.022E-04  3.176E-04  2.557E-04  1.992E-04  1.550E-04  1.202E-04  9.274E-05  7.107E-05
  380.5000  6.017E-02  5.837E-02  5.658E-02  5.482E-02  5.307E-02  5.133E-02  4.961E-02  4.790E-02  4.622E-02  4.455E-02  4.289E-02  4.126E-02  3.964E-02  3.804E-02  3.646E-02  3.490E-02  3.335E-02  3.183E-02  3.033E-02  2.885E-02  2.739E-02  2.596E-02  2.455E-02  2.316E-02  2.181E-02  2.048E-02  1.918E-02  1.791E-02  1.668E-02  1.548E-02  1.432E-02  1.320E-02  1.213E-02  1.111E-02  1.014E-02  8.991E-03  8.005E-03  7.166E-03  6.451E-03  5.781E-03  4.982E-03  4.468E-03  3.792E-03  3.246E-03  2.805E-03  2.401E-03  2.013E-03  1.681E-03  1.399E-03  1.129E-03  9.189E-04  7.514E-04  5.993E-04  4.824E-04  3.808E-04  3.066E-04  2.388E-04  1.858E-04  1.441E-04  1.111E-04  8.516E-05
  381.5000  5.657E-02  5.487E-02  5.319E-02  5.154E-02  4.989E-02  4.825E-02  4.664E-02  4.504E-02  4.345E-02  4.188E-02  4.033E-02  3.879E-02  3.727E-02  3.576E-02  3.427E-02  3.281E-02  3.136E-02  2.993E-02  2.851E-02  2.712E-02  2.575E-02  2.441E-02  2.308E-02  2.178E-02  2.050E-02  1.925E-02  1.804E-02  1.684E-02  1.568E-02  1.456E-02  1.346E-02  1.241E-02  1.140E-02  1.044E-02  9.535E-03  8.451E-03  7.524E-03  6.734E-03  6.063E-03  5.432E-03  4.681E-03  4.197E-03  3.561E-03  3.049E-03  2.633E-03  2.255E-03  1.890E-03  1.577E-03  1.312E-03  1.059E-03  8.618E-04  7.045E-04  5.618E-04  4.521E-04  3.569E-04  2.872E-04  2.237E-04  1.740E-04  1.349E-04  1.040E-04  7.973E-05
  382.5000  3.771E-02  3.658E-02  3.546E-02  3.436E-02  3.326E-02  3.217E-02  3.109E-02  3.002E-02  2.896E-02  2.792E-02  2.688E-02  2.586E-02  2.484E-02  2.384E-02  2.285E-02  2.187E-02  2.090E-02  1.995E-02  1.901E-02  1.808E-02  1.717E-02  1.627E-02  1.539E-02  1.452E-02  1.367E-02  1.284E-02  1.202E-02  1.123E-02  1.045E-02  9.703E-03  8.975E-03  8.275E-03  7.602E-03  6.961E-03  6.355E-03  5.633E-03  5.014E-03  4.488E-03  4.040E-03  3.619E-03  3.118E-03  2.796E-03  2.372E-03  2.030E-03  1.753E-03  1.501E-03  1.258E-03  1.049E-03  8.731E-04  7.046E-04  5.731E-04  4.684E-04  3.735E-04  3.005E-04  2.371E-04  1.908E-04  1.486E-04  1.156E-04  8.959E-05  6.907E-05  5.293E-05
  383.5000  3.313E-02  3.213E-02  3.115E-02  3.018E-02  2.921E-02  2.826E-02  2.731E-02  2.637E-02  2.544E-02  2.453E-02  2.362E-02  2.272E-02  2.182E-02  2.094E-02  2.007E-02  1.921E-02  1.837E-02  1.753E-02  1.670E-02  1.588E-02  1.508E-02  1.429E-02  1.352E-02  1.276E-02  1.201E-02  1.128E-02  1.056E-02  9.864E-03  9.184E-03  8.524E-03  7.884E-03  7.269E-03  6.677E-03  6.114E-03  5.582E-03  4.947E-03  4.404E-03  3.941E-03  3.547E-03  3.177E-03  2.737E-03  2.454E-03  2.081E-03  1.781E-03  1.538E-03  1.316E-03  1.103E-03  9.203E-04  7.654E-04  6.175E-04  5.022E-04  4.104E-04  3.271E-04  2.631E-04  2.076E-04  1.670E-04  1.300E-04  1.011E-04  7.838E-05  6.043E-05  4.630E-05
  384.5000  4.973E-02  4.825E-02  4.677E-02  4.531E-02  4.386E-02  4.243E-02  4.100E-02  3.960E-02  3.820E-02  3.682E-02  3.546E-02  3.411E-02  3.277E-02  3.144E-02  3.014E-02  2.885E-02  2.757E-02  2.632E-02  2.507E-02  2.385E-02  2.265E-02  2.146E-02  2.030E-02  1.915E-02  1.803E-02  1.693E-02  1.586E-02  1.481E-02  1.379E-02  1.280E-02  1.184E-02  1.091E-02  1.002E-02  9.179E-03  8.379E-03  7.427E-03  6.610E-03  5.915E-03  5.323E-03  4.768E-03  4.107E-03  3.681E-03  3.122E-03  2.671E-03  2.307E-03  1.974E-03  1.653E-03  1.379E-03  1.147E-03  9.251E-04  7.522E-04  6.145E-04  4.897E-04  3.938E-04  3.106E-04  2.498E-04  1.945E-04  1.512E-04  1.172E-04  9.035E-05  6.922E-05
  385.5000  4.923E-02  4.775E-02  4.629E-02  4.485E-02  4.341E-02  4.199E-02  4.059E-02  3.919E-02  3.781E-02  3.645E-02  3.510E-02  3.376E-02  3.243E-02  3.113E-02  2.983E-02  2.856E-02  2.729E-02  2.605E-02  2.482E-02  2.361E-02  2.242E-02  2.125E-02  2.009E-02  1.896E-02  1.785E-02  1.676E-02  1.570E-02  1.466E-02  1.365E-02  1.267E-02  1.172E-02  1.080E-02  9.923E-03  9.085E-03  8.293E-03  7.350E-03  6.542E-03  5.853E-03  5.267E-03  4.717E-03  4.063E-03  3.641E-03  3.088E-03  2.641E-03  2.280E-03  1.951E-03  1.634E-03  1.363E-03  1.133E-03  9.137E-04  7.428E-04  6.067E-04  4.834E-04  3.886E-04  3.064E-04  2.464E-04  1.918E-04  1.491E-04  1.155E-04  8.906E-05  6.823E-05
  386.5000  5.020E-02  4.870E-02  4.721E-02  4.573E-02  4.427E-02  4.282E-02  4.139E-02  3.997E-02  3.856E-02  3.717E-02  3.579E-02  3.443E-02  3.308E-02  3.174E-02  3.042E-02  2.912E-02  2.783E-02  2.656E-02  2.531E-02  2.408E-02  2.286E-02  2.167E-02  2.049E-02  1.934E-02  1.820E-02  1.709E-02  1.601E-02  1.495E-02  1.392E-02  1.292E-02  1.195E-02  1.102E-02  1.012E-02  9.264E-03  8.456E-03  7.494E-03  6.669E-03  5.967E-03  5.369E-03  4.807E-03  4.140E-03  3.710E-03  3.146E-03  2.691E-03  2.322E-03  1.987E-03  1.664E-03  1.387E-03  1.153E-03  9.298E-04  7.556E-04  6.171E-04  4.915E-04  3.951E-04  3.115E-04  2.504E-04  1.948E-04  1.514E-04  1.173E-04  9.044E-05  6.929E-05
  387.5000  4.667E-02  4.527E-02  4.389E-02  4.252E-02  4.116E-02  3.981E-02  3.848E-02  3.716E-02  3.585E-02  3.456E-02  3.327E-02  3.201E-02  3.075E-02  2.951E-02  2.828E-02  2.708E-02  2.588E-02  2.470E-02  2.353E-02  2.239E-02  2.126E-02  2.015E-02  1.905E-02  1.798E-02  1.692E-02  1.589E-02  1.489E-02  1.390E-02  1.294E-02  1.201E-02  1.111E-02  1.024E-02  9.407E-03  8.612E-03  7.860E-03  6.966E-03  6.199E-03  5.546E-03  4.989E-03  4.467E-03  3.847E-03  3.446E-03  2.922E-03  2.499E-03  2.156E-03  1.844E-03  1.544E-03  1.287E-03  1.070E-03  8.625E-04  7.008E-04  5.722E-04  4.556E-04  3.661E-04  2.886E-04  2.320E-04  1.804E-04  1.402E-04  1.087E-04  8.374E-05  6.415E-05
  388.5000  4.680E-02  4.540E-02  4.401E-02  4.263E-02  4.127E-02  3.992E-02  3.858E-02  3.726E-02  3.595E-02  3.465E-02  3.336E-02  3.209E-02  3.084E-02  2.959E-02  2.836E-02  2.715E-02  2.595E-02  2.477E-02  2.360E-02  2.245E-02  2.132E-02  2.020E-02  1.910E-02  1.803E-02  1.697E-02  1.594E-02  1.493E-02  1.394E-02  1.298E-02  1.204E-02  1.114E-02  1.027E-02  9.432E-03  8.634E-03  7.880E-03  6.984E-03  6.214E-03  5.559E-03  5.000E-03  4.477E-03  3.854E-03  3.453E-03  2.927E-03  2.503E-03  2.160E-03  1.847E-03  1.546E-03  1.289E-03  1.071E-03  8.629E-04  7.010E-04  5.722E-04  4.555E-04  3.660E-04  2.884E-04  2.318E-04  1.802E-04  1.401E-04  1.085E-04  8.361E-05  6.405E-05
  389.5000  5.904E-02  5.727E-02  5.552E-02  5.379E-02  5.207E-02  5.036E-02  4.867E-02  4.700E-02  4.535E-02  4.371E-02  4.209E-02  4.049E-02  3.890E-02  3.733E-02  3.578E-02  3.425E-02  3.274E-02  3.125E-02  2.977E-02  2.832E-02  2.689E-02  2.549E-02  2.410E-02  2.274E-02  2.141E-02  2.011E-02  1.883E-02  1.759E-02  1.637E-02  1.520E-02  1.405E-02  1.296E-02  1.190E-02  1.089E-02  9.940E-03  8.809E-03  7.838E-03  7.011E-03  6.306E-03  5.645E-03  4.859E-03  4.353E-03  3.689E-03  3.154E-03  2.721E-03  2.326E-03  1.947E-03  1.623E-03  1.348E-03  1.086E-03  8.823E-04  7.200E-04  5.731E-04  4.603E-04  3.626E-04  2.914E-04  2.265E-04  1.760E-04  1.363E-04  1.050E-04  8.046E-05
  390.5000  5.802E-02  5.628E-02  5.455E-02  5.285E-02  5.116E-02  4.949E-02  4.783E-02  4.619E-02  4.456E-02  4.296E-02  4.136E-02  3.979E-02  3.823E-02  3.669E-02  3.516E-02  3.366E-02  3.217E-02  3.071E-02  2.926E-02  2.783E-02  2.643E-02  2.505E-02  2.369E-02  2.235E-02  2.104E-02  1.976E-02  1.851E-02  1.728E-02  1.609E-02  1.493E-02  1.381E-02  1.273E-02  1.169E-02  1.070E-02  9.767E-03  8.655E-03  7.701E-03  6.888E-03  6.194E-03  5.544E-03  4.772E-03  4.274E-03  3.622E-03  3.096E-03  2.671E-03  2.283E-03  1.910E-03  1.592E-03  1.322E-03  1.065E-03  8.649E-04  7.057E-04  5.615E-04  4.509E-04  3.552E-04  2.853E-04  2.218E-04  1.723E-04  1.334E-04  1.028E-04  7.874E-05
  391.5000  6.886E-02  6.680E-02  6.475E-02  6.273E-02  6.072E-02  5.874E-02  5.677E-02  5.482E-02  5.289E-02  5.098E-02  4.909E-02  4.722E-02  4.537E-02  4.354E-02  4.174E-02  3.995E-02  3.819E-02  3.645E-02  3.473E-02  3.304E-02  3.137E-02  2.973E-02  2.812E-02  2.653E-02  2.498E-02  2.346E-02  2.197E-02  2.052E-02  1.910E-02  1.773E-02  1.639E-02  1.511E-02  1.388E-02  1.270E-02  1.159E-02  1.027E-02  9.139E-03  8.173E-03  7.350E-03  6.578E-03  5.661E-03  5.069E-03  4.295E-03  3.671E-03  3.166E-03  2.706E-03  2.264E-03  1.886E-03  1.566E-03  1.262E-03  1.024E-03  8.354E-04  6.646E-04  5.336E-04  4.202E-04  3.374E-04  2.623E-04  2.037E-04  1.577E-04  1.215E-04  9.307E-05
  392.5000  5.166E-02  5.011E-02  4.858E-02  4.706E-02  4.556E-02  4.407E-02  4.259E-02  4.113E-02  3.968E-02  3.825E-02  3.683E-02  3.543E-02  3.404E-02  3.267E-02  3.131E-02  2.998E-02  2.865E-02  2.735E-02  2.606E-02  2.479E-02  2.354E-02  2.231E-02  2.110E-02  1.991E-02  1.874E-02  1.760E-02  1.648E-02  1.539E-02  1.433E-02  1.330E-02  1.230E-02  1.134E-02  1.041E-02  9.529E-03  8.696E-03  7.705E-03  6.855E-03  6.130E-03  5.512E-03  4.932E-03  4.244E-03  3.800E-03  3.219E-03  2.751E-03  2.372E-03  2.027E-03  1.696E-03  1.413E-03  1.173E-03  9.445E-04  7.665E-04  6.251E-04  4.972E-04  3.991E-04  3.142E-04  2.523E-04  1.960E-04  1.522E-04  1.178E-04  9.078E-05  6.953E-05
  393.5000  2.247E-02  2.180E-02  2.113E-02  2.047E-02  1.981E-02  1.917E-02  1.852E-02  1.789E-02  1.726E-02  1.664E-02  1.602E-02  1.541E-02  1.481E-02  1.421E-02  1.362E-02  1.304E-02  1.246E-02  1.189E-02  1.133E-02  1.078E-02  1.024E-02  9.703E-03  9.176E-03  8.659E-03  8.152E-03  7.655E-03  7.170E-03  6.696E-03  6.233E-03  5.784E-03  5.349E-03  4.931E-03  4.528E-03  4.144E-03  3.782E-03  3.351E-03  2.981E-03  2.665E-03  2.396E-03  2.144E-03  1.845E-03  1.652E-03  1.399E-03  1.195E-03  1.031E-03  8.804E-04  7.363E-04  6.133E-04  5.091E-04  4.099E-04  3.326E-04  2.711E-04  2.156E-04  1.730E-04  1.362E-04  1.093E-04  8.493E-05  6.594E-05  5.104E-05  3.932E-05  3.011E-05
  394.5000  5.289E-02  5.131E-02  4.974E-02  4.818E-02  4.664E-02  4.512E-02  4.360E-02  4.211E-02  4.062E-02  3.916E-02  3.771E-02  3.627E-02  3.485E-02  3.345E-02  3.206E-02  3.069E-02  2.934E-02  2.800E-02  2.668E-02  2.538E-02  2.410E-02  2.284E-02  2.160E-02  2.038E-02  1.919E-02  1.802E-02  1.688E-02  1.576E-02  1.467E-02  1.362E-02  1.259E-02  1.161E-02  1.066E-02  9.755E-03  8.901E-03  7.887E-03  7.015E-03  6.272E-03  5.638E-03  5.045E-03  4.340E-03  3.885E-03  3.290E-03  2.810E-03  2.423E-03  2.069E-03  1.730E-03  1.441E-03  1.196E-03  9.627E-04  7.810E-04  6.366E-04  5.061E-04  4.060E-04  3.195E-04  2.564E-04  1.992E-04  1.546E-04  1.197E-04  9.216E-05  7.058E-05
  395.5000  6.808E-02  6.604E-02  6.402E-02  6.202E-02  6.003E-02  5.807E-02  5.612E-02  5.420E-02  5.229E-02  5.041E-02  4.854E-02  4.669E-02  4.486E-02  4.305E-02  4.127E-02  3.950E-02  3.776E-02  3.604E-02  3.434E-02  3.267E-02  3.102E-02  2.940E-02  2.781E-02  2.624E-02  2.470E-02  2.320E-02  2.173E-02  2.029E-02  1.889E-02  1.753E-02  1.621E-02  1.494E-02  1.372E-02  1.256E-02  1.146E-02  1.015E-02  9.028E-03  8.071E-03  7.255E-03  6.490E-03  5.583E-03  4.996E-03  4.231E-03  3.614E-03  3.115E-03  2.660E-03  2.224E-03  1.852E-03  1.536E-03  1.236E-03  1.003E-03  8.172E-04  6.495E-04  5.210E-04  4.099E-04  3.289E-04  2.554E-04  1.982E-04  1.534E-04  1.181E-04  9.045E-05
  396.5000  3.999E-02  3.879E-02  3.761E-02  3.643E-02  3.527E-02  3.411E-02  3.297E-02  3.184E-02  3.072E-02  2.961E-02  2.851E-02  2.743E-02  2.635E-02  2.529E-02  2.424E-02  2.321E-02  2.218E-02  2.117E-02  2.017E-02  1.919E-02  1.823E-02  1.727E-02  1.634E-02  1.542E-02  1.451E-02  1.363E-02  1.277E-02  1.192E-02  1.110E-02  1.030E-02  9.522E-03  8.777E-03  8.059E-03  7.375E-03  6.729E-03  5.962E-03  5.303E-03  4.740E-03  4.260E-03  3.811E-03  3.278E-03  2.933E-03  2.483E-03  2.121E-03  1.828E-03  1.561E-03  1.304E-03  1.086E-03  9.009E-04  7.248E-04  5.877E-04  4.788E-04  3.805E-04  3.051E-04  2.400E-04  1.925E-04  1.495E-04  1.160E-04  8.975E-05  6.910E-05  5.291E-05
  397.5000  4.617E-02  4.478E-02  4.341E-02  4.206E-02  4.071E-02  3.938E-02  3.806E-02  3.675E-02  3.546E-02  3.418E-02  3.291E-02  3.166E-02  3.042E-02  2.920E-02  2.799E-02  2.679E-02  2.561E-02  2.444E-02  2.329E-02  2.216E-02  2.104E-02  1.994E-02  1.886E-02  1.780E-02  1.676E-02  1.573E-02  1.474E-02  1.376E-02  1.281E-02  1.189E-02  1.099E-02  1.013E-02  9.304E-03  8.515E-03  7.768E-03  6.883E-03  6.121E-03  5.471E-03  4.917E-03  4.398E-03  3.782E-03  3.384E-03  2.864E-03  2.446E-03  2.108E-03  1.799E-03  1.504E-03  1.252E-03  1.038E-03  8.350E-04  6.770E-04  5.514E-04  4.381E-04  3.512E-04  2.762E-04  2.215E-04  1.719E-04  1.334E-04  1.032E-04  7.945E-05  6.083E-05
  398.5000  7.937E-02  7.699E-02  7.463E-02  7.230E-02  6.998E-02  6.769E-02  6.542E-02  6.318E-02  6.095E-02  5.876E-02  5.658E-02  5.443E-02  5.230E-02  5.019E-02  4.811E-02  4.606E-02  4.402E-02  4.202E-02  4.004E-02  3.809E-02  3.618E-02  3.428E-02  3.242E-02  3.060E-02  2.881E-02  2.705E-02  2.534E-02  2.366E-02  2.203E-02  2.044E-02  1.890E-02  1.742E-02  1.599E-02  1.464E-02  1.335E-02  1.183E-02  1.052E-02  9.404E-03  8.450E-03  7.557E-03  6.498E-03  5.814E-03  4.920E-03  4.201E-03  3.619E-03  3.089E-03  2.581E-03  2.148E-03  1.781E-03  1.433E-03  1.161E-03  9.455E-04  7.510E-04  6.019E-04  4.732E-04  3.794E-04  2.945E-04  2.284E-04  1.767E-04  1.360E-04  1.041E-04
  399.5000  8.258E-02  8.010E-02  7.765E-02  7.522E-02  7.282E-02  7.043E-02  6.807E-02  6.573E-02  6.342E-02  6.114E-02  5.887E-02  5.663E-02  5.441E-02  5.222E-02  5.006E-02  4.792E-02  4.581E-02  4.372E-02  4.167E-02  3.964E-02  3.764E-02  3.568E-02  3.374E-02  3.184E-02  2.998E-02  2.815E-02  2.637E-02  2.462E-02  2.292E-02  2.127E-02  1.967E-02  1.813E-02  1.664E-02  1.523E-02  1.389E-02  1.231E-02  1.095E-02  9.783E-03  8.790E-03  7.860E-03  6.758E-03  6.045E-03  5.115E-03  4.367E-03  3.761E-03  3.210E-03  2.681E-03  2.231E-03  1.850E-03  1.487E-03  1.205E-03  9.813E-04  7.792E-04  6.243E-04  4.907E-04  3.934E-04  3.053E-04  2.367E-04  1.831E-04  1.409E-04  1.079E-04
------------------------------------------------------------
Dose rates,W m-2
   1 = UV index (WMO, 1994; Webb et al., 2011)           
   2 = Previtamin-D3 (CIE 2006)                          
values at z =      0.025 km
Columns: time,sza,weighting spectra
time,hrs.  sza,deg.          1          2
   18.0000     83.187  1.344E-01  2.253E-03
   18.0167     83.385  1.294E-01  2.149E-03
   18.0333     83.583  1.244E-01  2.049E-03
   18.0500     83.780  1.196E-01  1.953E-03
   18.0667     83.979  1.149E-01  1.860E-03
   18.0833     84.178  1.103E-01  1.771E-03
   18.1000     84.376  1.058E-01  1.685E-03
   18.1167     84.575  1.014E-01  1.603E-03
   18.1333     84.774  9.709E-02  1.524E-03
   18.1500     84.973  9.290E-02  1.448E-03
   18.1667     85.173  8.880E-02  1.375E-03
   18.1833     85.372  8.480E-02  1.305E-03
   18.2000     85.572  8.089E-02  1.238E-03
   18.2167     85.772  7.709E-02  1.174E-03
   18.2333     85.972  7.337E-02  1.112E-03
   18.2500     86.172  6.977E-02  1.053E-03
   18.2667     86.372  6.625E-02  9.968E-04
   18.2833     86.573  6.283E-02  9.424E-04
   18.3000     86.773  5.950E-02  8.904E-04
   18.3167     86.974  5.626E-02  8.405E-04
   18.3333     87.175  5.312E-02  7.928E-04
   18.3500     87.376  5.007E-02  7.470E-04
   18.3667     87.577  4.711E-02  7.031E-04
   18.3833     87.779  4.425E-02  6.610E-04
   18.4000     87.980  4.147E-02  6.208E-04
   18.4167     88.182  3.879E-02  5.822E-04
   18.4333     88.383  3.621E-02  5.454E-04
   18.4500     88.585  3.372E-02  5.101E-04
   18.4667     88.787  3.132E-02  4.764E-04
   18.4833     88.990  2.901E-02  4.441E-04
   18.5000     89.192  2.680E-02  4.133E-04
   18.5167     89.394  2.470E-02  3.841E-04
   18.5333     89.597  2.270E-02  3.563E-04
   18.5500     89.799  2.081E-02  3.300E-04
   18.5667     90.002  1.904E-02  3.054E-04
   18.5833     90.205  1.695E-02  2.759E-04
   18.6000     90.409  1.517E-02  2.506E-04
   18.6167     90.611  1.366E-02  2.291E-04
   18.6333     90.815  1.237E-02  2.106E-04
   18.6500     91.018  1.115E-02  1.928E-04
   18.6667     91.222  9.721E-03  1.716E-04
   18.6833     91.426  8.785E-03  1.577E-04
   18.7000     91.630  7.560E-03  1.387E-04
   18.7167     91.833  6.560E-03  1.228E-04
   18.7333     92.037  5.738E-03  1.095E-04
   18.7500     92.241  4.989E-03  9.727E-05
   18.7667     92.446  4.255E-03  8.476E-05
   18.7833     92.650  3.618E-03  7.358E-05
   18.8000     92.854  3.068E-03  6.362E-05
   18.8167     93.059  2.529E-03  5.341E-05
   18.8333     93.264  2.101E-03  4.514E-05
   18.8500     93.469  1.750E-03  3.813E-05
   18.8667     93.674  1.421E-03  3.126E-05
   18.8833     93.879  1.162E-03  2.579E-05
   18.9000     94.083  9.288E-04  2.067E-05
   18.9167     94.289  7.521E-04  1.668E-05
   18.9333     94.494  5.906E-04  1.309E-05
   18.9500     94.700  4.593E-04  1.008E-05
   18.9667     94.905  3.541E-04  7.660E-06
   18.9833     95.111  2.699E-04  5.721E-06
   19.0000     95.316  2.030E-04  4.183E-06
------------------------------------------------------------
