Spectral Irradiance,W m-2 nm-1
values at z =      0.025 km
Columns: wavelength (nm),times (hrs.) or sza (deg.)
    wc,nm     18.000     18.017     18.033     18.050     18.067     18.083     18.100     18.117     18.133     18.150     18.167     18.183     18.200     18.217     18.233     18.250     18.267     18.283     18.300     18.317     18.333     18.350     18.367     18.383     18.400     18.417     18.433     18.450     18.467     18.483     18.500     18.517     18.533     18.550     18.567     18.583     18.600     18.617     18.633     18.650     18.667     18.683     18.700     18.717     18.733     18.750     18.767     18.783     18.800     18.817     18.833     18.850     18.867     18.883     18.900     18.917     18.933     18.950     18.967     18.983     19.000
    sza =      82.602     82.802     83.001     83.200     83.400     83.600     83.800     84.001     84.201     84.402     84.602     84.803     85.004     85.206     85.407     85.608     85.810     86.012     86.214     86.416     86.618     86.820     87.023     87.225     87.428     87.631     87.833     88.037     88.240     88.443     88.647     88.850     89.054     89.258     89.462     89.666     89.870     90.074     90.279     90.483     90.688     90.893     91.098     91.302     91.507     91.713     91.918     92.124     92.329     92.534     92.740     92.946     93.152     93.358     93.563     93.770     93.976     94.182     94.389     94.595     94.802
  280.5000  2.820E-28  2.770E-28  2.720E-28  2.670E-28  2.620E-28  2.570E-28  2.521E-28  2.471E-28  2.421E-28  2.371E-28  2.321E-28  2.271E-28  2.221E-28  2.170E-28  2.120E-28  2.069E-28  2.018E-28  1.967E-28  1.915E-28  1.864E-28  1.812E-28  1.759E-28  1.707E-28  1.653E-28  1.600E-28  1.546E-28  1.492E-28  1.437E-28  1.382E-28  1.327E-28  1.271E-28  1.215E-28  1.159E-28  1.102E-28  1.046E-28  9.898E-29  9.346E-29  8.721E-29  8.019E-29  7.413E-29  6.886E-29  6.425E-29  5.797E-29  5.313E-29  4.756E-29  4.337E-29  3.809E-29  3.340E-29  2.913E-29  2.518E-29  2.154E-29  1.825E-29  1.533E-29  1.256E-29  1.007E-29  8.030E-30  5.883E-30  4.161E-30  2.806E-30  1.585E-30  7.369E-31
  281.5000  9.159E-26  8.996E-26  8.833E-26  8.670E-26  8.508E-26  8.345E-26  8.183E-26  8.020E-26  7.858E-26  7.696E-26  7.533E-26  7.370E-26  7.207E-26  7.043E-26  6.879E-26  6.714E-26  6.549E-26  6.383E-26  6.216E-26  6.048E-26  5.879E-26  5.710E-26  5.539E-26  5.367E-26  5.194E-26  5.020E-26  4.844E-26  4.668E-26  4.489E-26  4.310E-26  4.130E-26  3.949E-26  3.766E-26  3.583E-26  3.401E-26  3.219E-26  3.040E-26  2.838E-26  2.610E-26  2.414E-26  2.243E-26  2.094E-26  1.889E-26  1.732E-26  1.551E-26  1.414E-26  1.243E-26  1.090E-26  9.510E-27  8.222E-27  7.037E-27  5.966E-27  5.017E-27  4.114E-27  3.306E-27  2.649E-27  1.959E-27  1.405E-27  9.671E-28  5.666E-28  2.785E-28
  282.5000  9.022E-24  8.860E-24  8.699E-24  8.538E-24  8.377E-24  8.216E-24  8.056E-24  7.895E-24  7.735E-24  7.575E-24  7.414E-24  7.253E-24  7.092E-24  6.930E-24  6.768E-24  6.606E-24  6.443E-24  6.280E-24  6.115E-24  5.950E-24  5.785E-24  5.618E-24  5.450E-24  5.281E-24  5.111E-24  4.940E-24  4.768E-24  4.594E-24  4.419E-24  4.243E-24  4.066E-24  3.888E-24  3.709E-24  3.530E-24  3.350E-24  3.172E-24  2.997E-24  2.798E-24  2.574E-24  2.381E-24  2.213E-24  2.066E-24  1.866E-24  1.711E-24  1.532E-24  1.398E-24  1.228E-24  1.078E-24  9.406E-25  8.135E-25  6.965E-25  5.907E-25  4.972E-25  4.082E-25  3.286E-25  2.643E-25  1.970E-25  1.430E-25  1.001E-25  6.050E-26  3.120E-26
  283.5000  1.605E-22  1.576E-22  1.547E-22  1.519E-22  1.490E-22  1.461E-22  1.432E-22  1.404E-22  1.375E-22  1.347E-22  1.318E-22  1.289E-22  1.261E-22  1.232E-22  1.203E-22  1.174E-22  1.145E-22  1.116E-22  1.087E-22  1.057E-22  1.028E-22  9.983E-23  9.685E-23  9.385E-23  9.083E-23  8.779E-23  8.473E-23  8.165E-23  7.855E-23  7.542E-23  7.228E-23  6.913E-23  6.595E-23  6.277E-23  5.959E-23  5.643E-23  5.332E-23  4.979E-23  4.582E-23  4.239E-23  3.941E-23  3.680E-23  3.323E-23  3.048E-23  2.731E-23  2.491E-23  2.190E-23  1.922E-23  1.678E-23  1.451E-23  1.243E-23  1.055E-23  8.880E-24  7.296E-24  5.881E-24  4.741E-24  3.552E-24  2.598E-24  1.839E-24  1.133E-24  6.030E-25
  284.5000  1.872E-20  1.838E-20  1.804E-20  1.771E-20  1.737E-20  1.703E-20  1.669E-20  1.636E-20  1.602E-20  1.569E-20  1.535E-20  1.501E-20  1.468E-20  1.434E-20  1.401E-20  1.367E-20  1.333E-20  1.299E-20  1.265E-20  1.231E-20  1.196E-20  1.162E-20  1.127E-20  1.092E-20  1.057E-20  1.022E-20  9.864E-21  9.507E-21  9.146E-21  8.784E-21  8.419E-21  8.054E-21  7.686E-21  7.317E-21  6.948E-21  6.582E-21  6.221E-21  5.811E-21  5.351E-21  4.953E-21  4.607E-21  4.304E-21  3.889E-21  3.568E-21  3.198E-21  2.920E-21  2.568E-21  2.255E-21  1.969E-21  1.704E-21  1.461E-21  1.240E-21  1.045E-21  8.599E-22  6.946E-22  5.622E-22  4.249E-22  3.147E-22  2.269E-22  1.446E-22  8.101E-23
  285.5000  3.973E-19  3.900E-19  3.827E-19  3.755E-19  3.682E-19  3.610E-19  3.538E-19  3.466E-19  3.395E-19  3.323E-19  3.251E-19  3.180E-19  3.108E-19  3.037E-19  2.965E-19  2.893E-19  2.821E-19  2.749E-19  2.677E-19  2.604E-19  2.531E-19  2.458E-19  2.385E-19  2.311E-19  2.237E-19  2.162E-19  2.087E-19  2.011E-19  1.935E-19  1.859E-19  1.782E-19  1.705E-19  1.627E-19  1.549E-19  1.471E-19  1.394E-19  1.318E-19  1.232E-19  1.134E-19  1.050E-19  9.773E-20  9.135E-20  8.257E-20  7.580E-20  6.797E-20  6.208E-20  5.463E-20  4.798E-20  4.192E-20  3.630E-20  3.112E-20  2.644E-20  2.230E-20  1.837E-20  1.486E-20  1.206E-20  9.172E-21  6.857E-21  5.010E-21  3.272E-21  1.908E-21
  286.5000  1.877E-17  1.842E-17  1.807E-17  1.773E-17  1.738E-17  1.704E-17  1.670E-17  1.636E-17  1.602E-17  1.568E-17  1.534E-17  1.500E-17  1.466E-17  1.432E-17  1.398E-17  1.364E-17  1.330E-17  1.296E-17  1.261E-17  1.227E-17  1.193E-17  1.158E-17  1.123E-17  1.089E-17  1.054E-17  1.018E-17  9.830E-18  9.474E-18  9.116E-18  8.756E-18  8.394E-18  8.030E-18  7.666E-18  7.300E-18  6.935E-18  6.572E-18  6.215E-18  5.808E-18  5.351E-18  4.956E-18  4.613E-18  4.313E-18  3.900E-18  3.582E-18  3.213E-18  2.936E-18  2.584E-18  2.271E-18  1.985E-18  1.719E-18  1.475E-18  1.254E-18  1.058E-18  8.721E-19  7.064E-19  5.747E-19  4.390E-19  3.304E-19  2.439E-19  1.623E-19  9.746E-20
  287.5000  5.043E-16  4.948E-16  4.854E-16  4.760E-16  4.666E-16  4.573E-16  4.480E-16  4.388E-16  4.295E-16  4.203E-16  4.111E-16  4.019E-16  3.928E-16  3.836E-16  3.744E-16  3.653E-16  3.561E-16  3.469E-16  3.377E-16  3.284E-16  3.192E-16  3.099E-16  3.006E-16  2.913E-16  2.819E-16  2.724E-16  2.630E-16  2.535E-16  2.439E-16  2.343E-16  2.246E-16  2.149E-16  2.052E-16  1.954E-16  1.857E-16  1.760E-16  1.664E-16  1.556E-16  1.434E-16  1.329E-16  1.237E-16  1.157E-16  1.047E-16  9.619E-17  8.633E-17  7.891E-17  6.951E-17  6.111E-17  5.344E-17  4.632E-17  3.975E-17  3.381E-17  2.855E-17  2.356E-17  1.911E-17  1.558E-17  1.196E-17  9.068E-18  6.764E-18  4.590E-18  2.845E-18
  288.5000  1.369E-14  1.343E-14  1.317E-14  1.291E-14  1.265E-14  1.239E-14  1.214E-14  1.188E-14  1.163E-14  1.138E-14  1.113E-14  1.087E-14  1.062E-14  1.037E-14  1.012E-14  9.871E-15  9.620E-15  9.369E-15  9.118E-15  8.867E-15  8.616E-15  8.364E-15  8.112E-15  7.858E-15  7.604E-15  7.348E-15  7.093E-15  6.835E-15  6.577E-15  6.317E-15  6.056E-15  5.795E-15  5.533E-15  5.271E-15  5.009E-15  4.748E-15  4.492E-15  4.201E-15  3.873E-15  3.590E-15  3.345E-15  3.130E-15  2.833E-15  2.604E-15  2.339E-15  2.139E-15  1.886E-15  1.659E-15  1.452E-15  1.259E-15  1.081E-15  9.204E-16  7.780E-16  6.428E-16  5.221E-16  4.268E-16  3.292E-16  2.515E-16  1.897E-16  1.314E-16  8.419E-17
  289.5000  2.529E-13  2.480E-13  2.431E-13  2.382E-13  2.334E-13  2.286E-13  2.238E-13  2.190E-13  2.143E-13  2.096E-13  2.049E-13  2.002E-13  1.955E-13  1.909E-13  1.862E-13  1.815E-13  1.769E-13  1.722E-13  1.676E-13  1.629E-13  1.583E-13  1.536E-13  1.490E-13  1.443E-13  1.396E-13  1.349E-13  1.302E-13  1.254E-13  1.207E-13  1.159E-13  1.111E-13  1.063E-13  1.015E-13  9.670E-14  9.190E-14  8.714E-14  8.245E-14  7.711E-14  7.110E-14  6.593E-14  6.143E-14  5.752E-14  5.208E-14  4.790E-14  4.304E-14  3.939E-14  3.472E-14  3.058E-14  2.678E-14  2.324E-14  1.997E-14  1.701E-14  1.438E-14  1.189E-14  9.671E-15  7.920E-15  6.130E-15  4.707E-15  3.578E-15  2.515E-15  1.650E-15
  290.5000  2.818E-12  2.763E-12  2.707E-12  2.652E-12  2.598E-12  2.544E-12  2.490E-12  2.436E-12  2.383E-12  2.329E-12  2.277E-12  2.224E-12  2.171E-12  2.119E-12  2.066E-12  2.014E-12  1.962E-12  1.910E-12  1.858E-12  1.806E-12  1.754E-12  1.702E-12  1.650E-12  1.598E-12  1.546E-12  1.493E-12  1.441E-12  1.388E-12  1.335E-12  1.282E-12  1.229E-12  1.176E-12  1.123E-12  1.070E-12  1.017E-12  9.641E-13  9.123E-13  8.534E-13  7.870E-13  7.299E-13  6.804E-13  6.372E-13  5.772E-13  5.311E-13  4.774E-13  4.371E-13  3.857E-13  3.397E-13  2.976E-13  2.584E-13  2.222E-13  1.893E-13  1.603E-13  1.326E-13  1.079E-13  8.851E-14  6.871E-14  5.299E-14  4.052E-14  2.881E-14  1.928E-14
  291.5000  2.857E-11  2.799E-11  2.742E-11  2.685E-11  2.628E-11  2.572E-11  2.517E-11  2.461E-11  2.406E-11  2.352E-11  2.297E-11  2.243E-11  2.189E-11  2.135E-11  2.082E-11  2.029E-11  1.975E-11  1.922E-11  1.869E-11  1.816E-11  1.764E-11  1.711E-11  1.658E-11  1.605E-11  1.552E-11  1.499E-11  1.446E-11  1.393E-11  1.339E-11  1.286E-11  1.233E-11  1.179E-11  1.126E-11  1.072E-11  1.019E-11  9.665E-12  9.146E-12  8.557E-12  7.893E-12  7.322E-12  6.827E-12  6.396E-12  5.797E-12  5.336E-12  4.800E-12  4.397E-12  3.883E-12  3.422E-12  3.000E-12  2.607E-12  2.243E-12  1.913E-12  1.620E-12  1.342E-12  1.094E-12  8.983E-13  6.994E-13  5.418E-13  4.171E-13  3.003E-13  2.050E-13
  292.5000  1.794E-10  1.757E-10  1.720E-10  1.684E-10  1.648E-10  1.612E-10  1.576E-10  1.541E-10  1.506E-10  1.471E-10  1.436E-10  1.402E-10  1.367E-10  1.333E-10  1.299E-10  1.266E-10  1.232E-10  1.198E-10  1.165E-10  1.131E-10  1.098E-10  1.065E-10  1.031E-10  9.981E-11  9.648E-11  9.316E-11  8.984E-11  8.651E-11  8.318E-11  7.985E-11  7.651E-11  7.319E-11  6.985E-11  6.653E-11  6.322E-11  5.995E-11  5.673E-11  5.308E-11  4.897E-11  4.543E-11  4.237E-11  3.970E-11  3.599E-11  3.315E-11  2.983E-11  2.734E-11  2.415E-11  2.130E-11  1.869E-11  1.625E-11  1.399E-11  1.194E-11  1.012E-11  8.393E-12  6.844E-12  5.630E-12  4.394E-12  3.417E-12  2.644E-12  1.922E-12  1.335E-12
  293.5000  1.288E-09  1.260E-09  1.233E-09  1.206E-09  1.180E-09  1.153E-09  1.127E-09  1.101E-09  1.076E-09  1.050E-09  1.025E-09  9.998E-10  9.748E-10  9.500E-10  9.254E-10  9.009E-10  8.765E-10  8.521E-10  8.279E-10  8.038E-10  7.798E-10  7.558E-10  7.318E-10  7.079E-10  6.840E-10  6.602E-10  6.364E-10  6.126E-10  5.888E-10  5.650E-10  5.412E-10  5.175E-10  4.939E-10  4.703E-10  4.468E-10  4.236E-10  4.009E-10  3.750E-10  3.460E-10  3.210E-10  2.994E-10  2.807E-10  2.545E-10  2.345E-10  2.111E-10  1.936E-10  1.711E-10  1.510E-10  1.326E-10  1.154E-10  9.941E-11  8.490E-11  7.203E-11  5.979E-11  4.879E-11  4.019E-11  3.144E-11  2.453E-11  1.907E-11  1.399E-11  9.855E-12
  294.5000  5.040E-09  4.929E-09  4.820E-09  4.713E-09  4.606E-09  4.501E-09  4.396E-09  4.293E-09  4.190E-09  4.089E-09  3.989E-09  3.889E-09  3.790E-09  3.691E-09  3.594E-09  3.497E-09  3.400E-09  3.304E-09  3.209E-09  3.114E-09  3.020E-09  2.925E-09  2.831E-09  2.737E-09  2.644E-09  2.551E-09  2.458E-09  2.365E-09  2.272E-09  2.180E-09  2.087E-09  1.995E-09  1.903E-09  1.812E-09  1.721E-09  1.631E-09  1.543E-09  1.444E-09  1.332E-09  1.236E-09  1.153E-09  1.081E-09  9.802E-10  9.032E-10  8.136E-10  7.462E-10  6.601E-10  5.829E-10  5.120E-10  4.458E-10  3.844E-10  3.285E-10  2.789E-10  2.317E-10  1.892E-10  1.560E-10  1.223E-10  9.567E-11  7.464E-11  5.513E-11  3.930E-11
  295.5000  2.760E-08  2.697E-08  2.635E-08  2.574E-08  2.514E-08  2.455E-08  2.396E-08  2.338E-08  2.280E-08  2.224E-08  2.167E-08  2.112E-08  2.056E-08  2.002E-08  1.947E-08  1.894E-08  1.840E-08  1.787E-08  1.734E-08  1.682E-08  1.630E-08  1.578E-08  1.526E-08  1.475E-08  1.424E-08  1.373E-08  1.322E-08  1.271E-08  1.221E-08  1.170E-08  1.120E-08  1.070E-08  1.021E-08  9.711E-09  9.221E-09  8.737E-09  8.265E-09  7.730E-09  7.130E-09  6.615E-09  6.170E-09  5.784E-09  5.247E-09  4.836E-09  4.357E-09  3.998E-09  3.539E-09  3.127E-09  2.749E-09  2.395E-09  2.067E-09  1.768E-09  1.502E-09  1.249E-09  1.021E-09  8.430E-10  6.621E-10  5.192E-10  4.065E-10  3.023E-10  2.180E-10
  296.5000  9.333E-08  9.113E-08  8.897E-08  8.685E-08  8.475E-08  8.267E-08  8.063E-08  7.861E-08  7.662E-08  7.465E-08  7.271E-08  7.078E-08  6.888E-08  6.699E-08  6.513E-08  6.328E-08  6.145E-08  5.963E-08  5.783E-08  5.604E-08  5.427E-08  5.251E-08  5.076E-08  4.902E-08  4.728E-08  4.556E-08  4.385E-08  4.214E-08  4.044E-08  3.875E-08  3.707E-08  3.540E-08  3.374E-08  3.208E-08  3.045E-08  2.884E-08  2.727E-08  2.550E-08  2.351E-08  2.181E-08  2.034E-08  1.907E-08  1.730E-08  1.594E-08  1.437E-08  1.319E-08  1.168E-08  1.032E-08  9.082E-09  7.920E-09  6.838E-09  5.853E-09  4.977E-09  4.143E-09  3.390E-09  2.802E-09  2.204E-09  1.733E-09  1.361E-09  1.018E-09  7.406E-10
  297.5000  3.237E-07  3.158E-07  3.080E-07  3.004E-07  2.929E-07  2.854E-07  2.781E-07  2.709E-07  2.638E-07  2.568E-07  2.499E-07  2.431E-07  2.363E-07  2.297E-07  2.231E-07  2.166E-07  2.101E-07  2.038E-07  1.974E-07  1.912E-07  1.850E-07  1.788E-07  1.727E-07  1.667E-07  1.607E-07  1.547E-07  1.488E-07  1.429E-07  1.370E-07  1.312E-07  1.254E-07  1.197E-07  1.140E-07  1.084E-07  1.028E-07  9.731E-08  9.197E-08  8.596E-08  7.923E-08  7.347E-08  6.850E-08  6.420E-08  5.825E-08  5.368E-08  4.839E-08  4.442E-08  3.935E-08  3.482E-08  3.064E-08  2.673E-08  2.310E-08  1.979E-08  1.684E-08  1.403E-08  1.149E-08  9.506E-09  7.491E-09  5.901E-09  4.645E-09  3.490E-09  2.560E-09
  298.5000  6.460E-07  6.296E-07  6.135E-07  5.977E-07  5.822E-07  5.669E-07  5.518E-07  5.370E-07  5.224E-07  5.081E-07  4.939E-07  4.800E-07  4.662E-07  4.526E-07  4.393E-07  4.261E-07  4.130E-07  4.001E-07  3.874E-07  3.748E-07  3.624E-07  3.500E-07  3.378E-07  3.257E-07  3.137E-07  3.018E-07  2.900E-07  2.783E-07  2.667E-07  2.552E-07  2.438E-07  2.325E-07  2.213E-07  2.102E-07  1.992E-07  1.885E-07  1.780E-07  1.663E-07  1.532E-07  1.420E-07  1.324E-07  1.240E-07  1.125E-07  1.037E-07  9.347E-08  8.579E-08  7.602E-08  6.729E-08  5.925E-08  5.173E-08  4.473E-08  3.834E-08  3.265E-08  2.724E-08  2.232E-08  1.848E-08  1.459E-08  1.151E-08  9.081E-09  6.850E-09  5.056E-09
  299.5000  2.378E-06  2.314E-06  2.253E-06  2.192E-06  2.132E-06  2.074E-06  2.017E-06  1.960E-06  1.905E-06  1.850E-06  1.797E-06  1.744E-06  1.692E-06  1.641E-06  1.591E-06  1.541E-06  1.493E-06  1.444E-06  1.397E-06  1.350E-06  1.304E-06  1.258E-06  1.213E-06  1.168E-06  1.124E-06  1.081E-06  1.037E-06  9.946E-07  9.523E-07  9.104E-07  8.691E-07  8.279E-07  7.873E-07  7.472E-07  7.077E-07  6.690E-07  6.314E-07  5.895E-07  5.429E-07  5.029E-07  4.684E-07  4.387E-07  3.978E-07  3.665E-07  3.304E-07  3.033E-07  2.688E-07  2.383E-07  2.096E-07  1.831E-07  1.585E-07  1.359E-07  1.159E-07  9.675E-08  7.936E-08  6.577E-08  5.198E-08  4.109E-08  3.247E-08  2.458E-08  1.825E-08
  300.5000  3.330E-06  3.238E-06  3.148E-06  3.060E-06  2.973E-06  2.888E-06  2.805E-06  2.724E-06  2.644E-06  2.566E-06  2.489E-06  2.413E-06  2.339E-06  2.266E-06  2.194E-06  2.124E-06  2.054E-06  1.986E-06  1.918E-06  1.852E-06  1.787E-06  1.722E-06  1.659E-06  1.596E-06  1.534E-06  1.473E-06  1.413E-06  1.354E-06  1.295E-06  1.237E-06  1.179E-06  1.123E-06  1.067E-06  1.011E-06  9.573E-07  9.042E-07  8.528E-07  7.956E-07  7.322E-07  6.778E-07  6.310E-07  5.906E-07  5.355E-07  4.931E-07  4.445E-07  4.079E-07  3.616E-07  3.201E-07  2.821E-07  2.466E-07  2.135E-07  1.833E-07  1.563E-07  1.306E-07  1.072E-07  8.895E-08  7.039E-08  5.573E-08  4.411E-08  3.348E-08  2.497E-08
  301.5000  1.044E-05  1.013E-05  9.838E-06  9.548E-06  9.264E-06  8.987E-06  8.715E-06  8.450E-06  8.190E-06  7.936E-06  7.686E-06  7.441E-06  7.202E-06  6.967E-06  6.736E-06  6.510E-06  6.288E-06  6.070E-06  5.855E-06  5.645E-06  5.438E-06  5.235E-06  5.035E-06  4.838E-06  4.644E-06  4.453E-06  4.265E-06  4.080E-06  3.897E-06  3.718E-06  3.541E-06  3.366E-06  3.195E-06  3.026E-06  2.860E-06  2.699E-06  2.542E-06  2.370E-06  2.179E-06  2.015E-06  1.875E-06  1.753E-06  1.588E-06  1.462E-06  1.317E-06  1.208E-06  1.071E-06  9.484E-07  8.363E-07  7.312E-07  6.334E-07  5.441E-07  4.644E-07  3.886E-07  3.193E-07  2.651E-07  2.101E-07  1.666E-07  1.321E-07  1.006E-07  7.532E-08
  302.5000  1.785E-05  1.730E-05  1.677E-05  1.626E-05  1.576E-05  1.527E-05  1.479E-05  1.432E-05  1.386E-05  1.342E-05  1.298E-05  1.255E-05  1.213E-05  1.172E-05  1.132E-05  1.093E-05  1.054E-05  1.017E-05  9.796E-06  9.432E-06  9.076E-06  8.726E-06  8.383E-06  8.045E-06  7.714E-06  7.388E-06  7.069E-06  6.754E-06  6.445E-06  6.141E-06  5.842E-06  5.548E-06  5.260E-06  4.977E-06  4.700E-06  4.431E-06  4.170E-06  3.883E-06  3.568E-06  3.297E-06  3.064E-06  2.864E-06  2.593E-06  2.386E-06  2.149E-06  1.970E-06  1.746E-06  1.546E-06  1.363E-06  1.192E-06  1.033E-06  8.881E-07  7.585E-07  6.353E-07  5.224E-07  4.340E-07  3.444E-07  2.734E-07  2.170E-07  1.656E-07  1.244E-07
  303.5000  4.546E-05  4.398E-05  4.255E-05  4.116E-05  3.981E-05  3.850E-05  3.722E-05  3.597E-05  3.476E-05  3.358E-05  3.243E-05  3.131E-05  3.021E-05  2.914E-05  2.809E-05  2.707E-05  2.607E-05  2.510E-05  2.414E-05  2.320E-05  2.229E-05  2.139E-05  2.052E-05  1.966E-05  1.881E-05  1.799E-05  1.718E-05  1.639E-05  1.561E-05  1.485E-05  1.411E-05  1.338E-05  1.266E-05  1.196E-05  1.128E-05  1.061E-05  9.978E-06  9.280E-06  8.515E-06  7.860E-06  7.296E-06  6.811E-06  6.162E-06  5.663E-06  5.098E-06  4.671E-06  4.138E-06  3.664E-06  3.231E-06  2.826E-06  2.450E-06  2.107E-06  1.801E-06  1.510E-06  1.243E-06  1.033E-06  8.213E-07  6.531E-07  5.191E-07  3.970E-07  2.993E-07
  304.5000  6.369E-05  6.151E-05  5.942E-05  5.739E-05  5.543E-05  5.352E-05  5.167E-05  4.988E-05  4.814E-05  4.644E-05  4.479E-05  4.319E-05  4.162E-05  4.010E-05  3.861E-05  3.717E-05  3.575E-05  3.437E-05  3.302E-05  3.170E-05  3.042E-05  2.916E-05  2.793E-05  2.673E-05  2.555E-05  2.440E-05  2.328E-05  2.218E-05  2.110E-05  2.005E-05  1.902E-05  1.801E-05  1.703E-05  1.607E-05  1.518E-05  1.423E-05  1.337E-05  1.242E-05  1.138E-05  1.050E-05  9.736E-06  9.082E-06  8.210E-06  7.540E-06  6.783E-06  6.212E-06  5.502E-06  4.870E-06  4.294E-06  3.756E-06  3.257E-06  2.802E-06  2.396E-06  2.011E-06  1.656E-06  1.378E-06  1.096E-06  8.726E-07  6.941E-07  5.317E-07  4.017E-07
  305.5000  1.262E-04  1.215E-04  1.170E-04  1.126E-04  1.084E-04  1.044E-04  1.005E-04  9.674E-05  9.310E-05  8.959E-05  8.619E-05  8.289E-05  7.969E-05  7.659E-05  7.357E-05  7.065E-05  6.780E-05  6.503E-05  6.234E-05  5.971E-05  5.717E-05  5.468E-05  5.225E-05  4.989E-05  4.758E-05  4.534E-05  4.316E-05  4.102E-05  3.894E-05  3.692E-05  3.494E-05  3.303E-05  3.116E-05  2.934E-05  2.758E-05  2.588E-05  2.425E-05  2.250E-05  2.058E-05  1.895E-05  1.754E-05  1.634E-05  1.475E-05  1.353E-05  1.216E-05  1.112E-05  9.842E-06  8.707E-06  7.676E-06  6.713E-06  5.823E-06  5.011E-06  4.287E-06  3.602E-06  2.970E-06  2.473E-06  1.971E-06  1.572E-06  1.252E-06  9.610E-07  7.283E-07
  306.5000  1.592E-04  1.529E-04  1.470E-04  1.413E-04  1.358E-04  1.305E-04  1.254E-04  1.205E-04  1.158E-04  1.113E-04  1.069E-04  1.027E-04  9.860E-05  9.464E-05  9.080E-05  8.709E-05  8.348E-05  7.997E-05  7.657E-05  7.326E-05  7.006E-05  6.693E-05  6.389E-05  6.093E-05  5.805E-05  5.525E-05  5.253E-05  4.988E-05  4.730E-05  4.479E-05  4.234E-05  3.998E-05  3.767E-05  3.544E-05  3.328E-05  3.119E-05  2.920E-05  2.704E-05  2.473E-05  2.275E-05  2.104E-05  1.958E-05  1.766E-05  1.619E-05  1.454E-05  1.329E-05  1.176E-05  1.040E-05  9.209E-06  8.013E-06  6.950E-06  5.982E-06  5.119E-06  4.303E-06  3.550E-06  2.958E-06  2.360E-06  1.883E-06  1.501E-06  1.154E-06  8.755E-07
  307.5000  3.458E-04  3.308E-04  3.165E-04  3.029E-04  2.899E-04  2.774E-04  2.656E-04  2.542E-04  2.433E-04  2.329E-04  2.229E-04  2.133E-04  2.041E-04  1.952E-04  1.866E-04  1.784E-04  1.705E-04  1.628E-04  1.554E-04  1.483E-04  1.414E-04  1.347E-04  1.282E-04  1.219E-04  1.158E-04  1.099E-04  1.042E-04  9.869E-05  9.332E-05  8.811E-05  8.308E-05  7.821E-05  7.350E-05  6.894E-05  6.456E-05  6.035E-05  5.635E-05  5.205E-05  4.751E-05  4.359E-05  4.023E-05  3.735E-05  3.364E-05  3.077E-05  2.759E-05  2.518E-05  2.225E-05  1.965E-05  1.731E-05  1.513E-05  1.312E-05  1.130E-05  9.669E-06  8.136E-06  6.719E-06  5.603E-06  4.477E-06  3.579E-06  2.857E-06  2.201E-06  1.674E-06
  308.5000  4.602E-04  4.394E-04  4.197E-04  4.009E-04  3.830E-04  3.659E-04  3.496E-04  3.340E-04  3.191E-04  3.049E-04  2.913E-04  2.783E-04  2.658E-04  2.538E-04  2.424E-04  2.314E-04  2.207E-04  2.105E-04  2.007E-04  1.912E-04  1.820E-04  1.732E-04  1.646E-04  1.564E-04  1.484E-04  1.406E-04  1.332E-04  1.259E-04  1.189E-04  1.122E-04  1.056E-04  9.932E-05  9.322E-05  8.734E-05  8.169E-05  7.627E-05  7.112E-05  6.567E-05  5.983E-05  5.483E-05  5.055E-05  4.663E-05  4.218E-05  3.854E-05  3.453E-05  3.149E-05  2.780E-05  2.455E-05  2.162E-05  1.889E-05  1.638E-05  1.410E-05  1.207E-05  1.016E-05  8.395E-06  7.004E-06  5.602E-06  4.482E-06  3.579E-06  2.760E-06  2.103E-06
  309.5000  5.652E-04  5.381E-04  5.123E-04  4.878E-04  4.644E-04  4.421E-04  4.209E-04  4.007E-04  3.814E-04  3.632E-04  3.457E-04  3.290E-04  3.132E-04  2.980E-04  2.835E-04  2.697E-04  2.565E-04  2.438E-04  2.316E-04  2.200E-04  2.088E-04  1.981E-04  1.878E-04  1.778E-04  1.683E-04  1.591E-04  1.502E-04  1.417E-04  1.334E-04  1.255E-04  1.179E-04  1.105E-04  1.035E-04  9.667E-05  9.016E-05  8.396E-05  7.809E-05  7.192E-05  6.538E-05  5.977E-05  5.497E-05  5.084E-05  4.567E-05  4.165E-05  3.725E-05  3.391E-05  2.990E-05  2.637E-05  2.318E-05  2.025E-05  1.755E-05  1.510E-05  1.293E-05  1.089E-05  9.006E-06  7.520E-06  6.023E-06  4.826E-06  3.858E-06  2.981E-06  2.276E-06
  310.5000  1.002E-03  9.527E-04  9.054E-04  8.604E-04  8.173E-04  7.763E-04  7.373E-04  7.001E-04  6.648E-04  6.312E-04  5.992E-04  5.687E-04  5.397E-04  5.120E-04  4.857E-04  4.607E-04  4.369E-04  4.141E-04  3.923E-04  3.716E-04  3.518E-04  3.328E-04  3.146E-04  2.972E-04  2.806E-04  2.646E-04  2.493E-04  2.345E-04  2.204E-04  2.068E-04  1.937E-04  1.813E-04  1.693E-04  1.578E-04  1.469E-04  1.364E-04  1.266E-04  1.163E-04  1.055E-04  9.628E-05  8.835E-05  8.158E-05  7.311E-05  6.654E-05  5.941E-05  5.400E-05  4.754E-05  4.188E-05  3.679E-05  3.210E-05  2.780E-05  2.392E-05  2.048E-05  1.726E-05  1.428E-05  1.193E-05  9.564E-06  7.674E-06  6.140E-06  4.751E-06  3.634E-06
  311.5000  1.552E-03  1.474E-03  1.400E-03  1.329E-03  1.261E-03  1.196E-03  1.134E-03  1.075E-03  1.019E-03  9.662E-04  9.154E-04  8.671E-04  8.212E-04  7.776E-04  7.361E-04  6.967E-04  6.592E-04  6.235E-04  5.894E-04  5.570E-04  5.263E-04  4.968E-04  4.687E-04  4.419E-04  4.163E-04  3.918E-04  3.684E-04  3.460E-04  3.245E-04  3.040E-04  2.843E-04  2.655E-04  2.475E-04  2.302E-04  2.140E-04  1.985E-04  1.838E-04  1.686E-04  1.527E-04  1.391E-04  1.274E-04  1.175E-04  1.051E-04  9.552E-05  8.517E-05  7.730E-05  6.799E-05  5.983E-05  5.251E-05  4.579E-05  3.963E-05  3.409E-05  2.918E-05  2.460E-05  2.035E-05  1.701E-05  1.365E-05  1.096E-05  8.778E-06  6.800E-06  5.207E-06
  312.5000  2.184E-03  2.074E-03  1.968E-03  1.867E-03  1.770E-03  1.677E-03  1.588E-03  1.503E-03  1.422E-03  1.344E-03  1.270E-03  1.200E-03  1.133E-03  1.069E-03  1.008E-03  9.509E-04  8.961E-04  8.441E-04  7.947E-04  7.478E-04  7.034E-04  6.611E-04  6.210E-04  5.829E-04  5.467E-04  5.123E-04  4.797E-04  4.486E-04  4.190E-04  3.909E-04  3.641E-04  3.387E-04  3.145E-04  2.915E-04  2.697E-04  2.492E-04  2.299E-04  2.101E-04  1.895E-04  1.719E-04  1.569E-04  1.441E-04  1.285E-04  1.164E-04  1.034E-04  9.356E-05  8.206E-05  7.203E-05  6.307E-05  5.490E-05  4.745E-05  4.076E-05  3.486E-05  2.939E-05  2.433E-05  2.034E-05  1.635E-05  1.316E-05  1.055E-05  8.189E-06  6.286E-06
  313.5000  2.709E-03  2.573E-03  2.442E-03  2.317E-03  2.196E-03  2.081E-03  1.970E-03  1.864E-03  1.763E-03  1.666E-03  1.574E-03  1.486E-03  1.402E-03  1.322E-03  1.247E-03  1.175E-03  1.106E-03  1.041E-03  9.792E-04  9.205E-04  8.650E-04  8.123E-04  7.622E-04  7.147E-04  6.696E-04  6.269E-04  5.864E-04  5.478E-04  5.112E-04  4.764E-04  4.433E-04  4.120E-04  3.822E-04  3.539E-04  3.272E-04  3.020E-04  2.784E-04  2.542E-04  2.291E-04  2.076E-04  1.893E-04  1.737E-04  1.547E-04  1.400E-04  1.243E-04  1.123E-04  9.845E-05  8.636E-05  7.557E-05  6.574E-05  5.679E-05  4.877E-05  4.170E-05  3.516E-05  2.910E-05  2.433E-05  1.958E-05  1.576E-05  1.264E-05  9.822E-06  7.545E-06
  314.5000  3.844E-03  3.657E-03  3.477E-03  3.303E-03  3.134E-03  2.972E-03  2.816E-03  2.666E-03  2.521E-03  2.383E-03  2.250E-03  2.122E-03  2.000E-03  1.884E-03  1.772E-03  1.667E-03  1.565E-03  1.469E-03  1.378E-03  1.291E-03  1.209E-03  1.131E-03  1.057E-03  9.865E-04  9.201E-04  8.574E-04  7.983E-04  7.422E-04  6.893E-04  6.393E-04  5.921E-04  5.476E-04  5.056E-04  4.663E-04  4.287E-04  3.939E-04  3.613E-04  3.284E-04  2.947E-04  2.659E-04  2.413E-04  2.203E-04  1.954E-04  1.760E-04  1.556E-04  1.401E-04  1.223E-04  1.069E-04  9.327E-05  8.091E-05  6.972E-05  5.976E-05  5.102E-05  4.299E-05  3.558E-05  2.974E-05  2.396E-05  1.932E-05  1.552E-05  1.209E-05  9.310E-06
  315.5000  4.210E-03  4.007E-03  3.811E-03  3.622E-03  3.438E-03  3.261E-03  3.091E-03  2.926E-03  2.768E-03  2.617E-03  2.471E-03  2.331E-03  2.198E-03  2.070E-03  1.947E-03  1.831E-03  1.720E-03  1.614E-03  1.513E-03  1.417E-03  1.326E-03  1.240E-03  1.158E-03  1.081E-03  1.008E-03  9.387E-04  8.735E-04  8.117E-04  7.533E-04  6.982E-04  6.463E-04  5.974E-04  5.512E-04  5.077E-04  4.669E-04  4.287E-04  3.931E-04  3.570E-04  3.202E-04  2.886E-04  2.618E-04  2.389E-04  2.117E-04  1.906E-04  1.684E-04  1.515E-04  1.322E-04  1.154E-04  1.007E-04  8.725E-05  7.516E-05  6.439E-05  5.495E-05  4.631E-05  3.832E-05  3.204E-05  2.582E-05  2.083E-05  1.674E-05  1.304E-05  1.006E-05
  316.5000  5.622E-03  5.366E-03  5.116E-03  4.875E-03  4.639E-03  4.410E-03  4.189E-03  3.974E-03  3.767E-03  3.567E-03  3.373E-03  3.187E-03  3.007E-03  2.834E-03  2.668E-03  2.509E-03  2.356E-03  2.210E-03  2.071E-03  1.938E-03  1.811E-03  1.691E-03  1.576E-03  1.467E-03  1.364E-03  1.267E-03  1.175E-03  1.088E-03  1.006E-03  9.286E-04  8.558E-04  7.877E-04  7.236E-04  6.635E-04  6.073E-04  5.550E-04  5.065E-04  4.580E-04  4.088E-04  3.668E-04  3.311E-04  3.008E-04  2.653E-04  2.377E-04  2.091E-04  1.872E-04  1.626E-04  1.415E-04  1.229E-04  1.061E-04  9.114E-05  7.787E-05  6.631E-05  5.581E-05  4.613E-05  3.854E-05  3.109E-05  2.511E-05  2.020E-05  1.578E-05  1.220E-05
  317.5000  7.952E-03  7.589E-03  7.236E-03  6.893E-03  6.560E-03  6.236E-03  5.923E-03  5.619E-03  5.326E-03  5.043E-03  4.769E-03  4.505E-03  4.251E-03  4.006E-03  3.771E-03  3.547E-03  3.331E-03  3.125E-03  2.927E-03  2.739E-03  2.561E-03  2.390E-03  2.228E-03  2.075E-03  1.929E-03  1.791E-03  1.661E-03  1.539E-03  1.423E-03  1.314E-03  1.211E-03  1.115E-03  1.024E-03  9.394E-04  8.600E-04  7.861E-04  7.176E-04  6.490E-04  5.794E-04  5.200E-04  4.695E-04  4.265E-04  3.763E-04  3.372E-04  2.967E-04  2.657E-04  2.308E-04  2.008E-04  1.744E-04  1.507E-04  1.294E-04  1.105E-04  9.412E-05  7.923E-05  6.548E-05  5.472E-05  4.415E-05  3.566E-05  2.869E-05  2.242E-05  1.733E-05
  318.5000  8.297E-03  7.945E-03  7.601E-03  7.265E-03  6.937E-03  6.616E-03  6.304E-03  6.000E-03  5.704E-03  5.417E-03  5.137E-03  4.866E-03  4.604E-03  4.350E-03  4.104E-03  3.868E-03  3.639E-03  3.419E-03  3.207E-03  3.004E-03  2.810E-03  2.624E-03  2.446E-03  2.277E-03  2.115E-03  1.962E-03  1.817E-03  1.679E-03  1.549E-03  1.426E-03  1.310E-03  1.202E-03  1.100E-03  1.005E-03  9.161E-04  8.336E-04  7.574E-04  6.817E-04  6.057E-04  5.408E-04  4.857E-04  4.389E-04  3.852E-04  3.433E-04  3.005E-04  2.676E-04  2.313E-04  2.002E-04  1.730E-04  1.488E-04  1.272E-04  1.083E-04  9.190E-05  7.719E-05  6.367E-05  5.312E-05  4.287E-05  3.466E-05  2.791E-05  2.187E-05  1.695E-05
  319.5000  1.069E-02  1.024E-02  9.806E-03  9.380E-03  8.963E-03  8.555E-03  8.157E-03  7.769E-03  7.391E-03  7.024E-03  6.667E-03  6.319E-03  5.983E-03  5.656E-03  5.340E-03  5.036E-03  4.741E-03  4.457E-03  4.183E-03  3.920E-03  3.669E-03  3.427E-03  3.196E-03  2.975E-03  2.765E-03  2.565E-03  2.375E-03  2.195E-03  2.025E-03  1.864E-03  1.713E-03  1.571E-03  1.437E-03  1.312E-03  1.196E-03  1.087E-03  9.873E-04  8.880E-04  7.884E-04  7.034E-04  6.313E-04  5.701E-04  4.999E-04  4.452E-04  3.892E-04  3.464E-04  2.990E-04  2.586E-04  2.233E-04  1.918E-04  1.639E-04  1.393E-04  1.182E-04  9.920E-05  8.177E-05  6.821E-05  5.504E-05  4.451E-05  3.585E-05  2.811E-05  2.181E-05
  320.5000  1.390E-02  1.333E-02  1.278E-02  1.223E-02  1.170E-02  1.118E-02  1.067E-02  1.017E-02  9.681E-03  9.209E-03  8.748E-03  8.299E-03  7.864E-03  7.441E-03  7.031E-03  6.635E-03  6.251E-03  5.881E-03  5.524E-03  5.180E-03  4.850E-03  4.533E-03  4.229E-03  3.938E-03  3.660E-03  3.396E-03  3.145E-03  2.906E-03  2.680E-03  2.467E-03  2.265E-03  2.076E-03  1.899E-03  1.732E-03  1.577E-03  1.433E-03  1.300E-03  1.168E-03  1.035E-03  9.226E-04  8.269E-04  7.458E-04  6.530E-04  5.807E-04  5.070E-04  4.505E-04  3.883E-04  3.353E-04  2.891E-04  2.480E-04  2.116E-04  1.797E-04  1.522E-04  1.277E-04  1.051E-04  8.766E-05  7.072E-05  5.720E-05  4.608E-05  3.615E-05  2.807E-05
  321.5000  1.549E-02  1.492E-02  1.435E-02  1.380E-02  1.325E-02  1.272E-02  1.219E-02  1.167E-02  1.117E-02  1.067E-02  1.018E-02  9.706E-03  9.239E-03  8.783E-03  8.338E-03  7.905E-03  7.482E-03  7.071E-03  6.671E-03  6.283E-03  5.907E-03  5.543E-03  5.192E-03  4.852E-03  4.526E-03  4.212E-03  3.911E-03  3.623E-03  3.348E-03  3.083E-03  2.837E-03  2.602E-03  2.379E-03  2.170E-03  1.973E-03  1.790E-03  1.621E-03  1.452E-03  1.283E-03  1.139E-03  1.017E-03  9.136E-04  7.960E-04  7.042E-04  6.114E-04  5.403E-04  4.628E-04  3.970E-04  3.401E-04  2.900E-04  2.458E-04  2.075E-04  1.748E-04  1.460E-04  1.197E-04  9.941E-05  8.006E-05  6.472E-05  5.213E-05  4.098E-05  3.193E-05
  322.5000  1.263E-02  1.212E-02  1.162E-02  1.114E-02  1.066E-02  1.019E-02  9.736E-03  9.289E-03  8.853E-03  8.428E-03  8.013E-03  7.608E-03  7.215E-03  6.832E-03  6.461E-03  6.102E-03  5.753E-03  5.416E-03  5.091E-03  4.777E-03  4.475E-03  4.185E-03  3.906E-03  3.639E-03  3.384E-03  3.140E-03  2.909E-03  2.688E-03  2.479E-03  2.282E-03  2.095E-03  1.920E-03  1.755E-03  1.600E-03  1.456E-03  1.322E-03  1.198E-03  1.076E-03  9.533E-04  8.487E-04  7.600E-04  6.848E-04  5.990E-04  5.321E-04  4.640E-04  4.119E-04  3.546E-04  3.057E-04  2.633E-04  2.256E-04  1.922E-04  1.631E-04  1.380E-04  1.157E-04  9.517E-05  7.930E-05  6.397E-05  5.175E-05  4.170E-05  3.274E-05  2.545E-05
  323.5000  1.816E-02  1.753E-02  1.690E-02  1.628E-02  1.567E-02  1.507E-02  1.448E-02  1.389E-02  1.332E-02  1.276E-02  1.220E-02  1.166E-02  1.113E-02  1.060E-02  1.009E-02  9.592E-03  9.102E-03  8.624E-03  8.157E-03  7.702E-03  7.261E-03  6.831E-03  6.414E-03  6.010E-03  5.619E-03  5.242E-03  4.879E-03  4.530E-03  4.194E-03  3.873E-03  3.567E-03  3.277E-03  3.000E-03  2.739E-03  2.493E-03  2.263E-03  2.049E-03  1.836E-03  1.620E-03  1.438E-03  1.283E-03  1.151E-03  1.001E-03  8.841E-04  7.658E-04  6.752E-04  5.767E-04  4.932E-04  4.212E-04  3.578E-04  3.023E-04  2.543E-04  2.135E-04  1.779E-04  1.452E-04  1.204E-04  9.677E-05  7.816E-05  6.292E-05  4.949E-05  3.861E-05
  324.5000  2.105E-02  2.031E-02  1.957E-02  1.885E-02  1.814E-02  1.744E-02  1.675E-02  1.607E-02  1.540E-02  1.475E-02  1.411E-02  1.347E-02  1.285E-02  1.225E-02  1.165E-02  1.107E-02  1.050E-02  9.946E-03  9.405E-03  8.878E-03  8.367E-03  7.869E-03  7.386E-03  6.919E-03  6.467E-03  6.031E-03  5.612E-03  5.209E-03  4.822E-03  4.453E-03  4.100E-03  3.765E-03  3.447E-03  3.146E-03  2.864E-03  2.599E-03  2.354E-03  2.109E-03  1.864E-03  1.653E-03  1.475E-03  1.324E-03  1.152E-03  1.018E-03  8.818E-04  7.779E-04  6.647E-04  5.688E-04  4.860E-04  4.132E-04  3.492E-04  2.940E-04  2.469E-04  2.059E-04  1.681E-04  1.394E-04  1.121E-04  9.058E-05  7.293E-05  5.737E-05  4.476E-05
  325.5000  2.258E-02  2.177E-02  2.097E-02  2.018E-02  1.940E-02  1.863E-02  1.788E-02  1.714E-02  1.642E-02  1.570E-02  1.500E-02  1.432E-02  1.364E-02  1.299E-02  1.234E-02  1.171E-02  1.110E-02  1.050E-02  9.920E-03  9.354E-03  8.805E-03  8.272E-03  7.756E-03  7.257E-03  6.775E-03  6.312E-03  5.867E-03  5.439E-03  5.030E-03  4.640E-03  4.268E-03  3.917E-03  3.583E-03  3.268E-03  2.972E-03  2.697E-03  2.441E-03  2.186E-03  1.931E-03  1.713E-03  1.529E-03  1.372E-03  1.194E-03  1.056E-03  9.152E-04  8.078E-04  6.908E-04  5.917E-04  5.060E-04  4.305E-04  3.643E-04  3.070E-04  2.581E-04  2.154E-04  1.761E-04  1.462E-04  1.176E-04  9.504E-05  7.655E-05  6.021E-05  4.696E-05
  326.5000  3.439E-02  3.329E-02  3.219E-02  3.111E-02  3.004E-02  2.899E-02  2.794E-02  2.691E-02  2.589E-02  2.489E-02  2.390E-02  2.292E-02  2.196E-02  2.101E-02  2.008E-02  1.916E-02  1.826E-02  1.738E-02  1.651E-02  1.566E-02  1.484E-02  1.402E-02  1.323E-02  1.246E-02  1.170E-02  1.097E-02  1.026E-02  9.573E-03  8.907E-03  8.264E-03  7.647E-03  7.055E-03  6.487E-03  5.946E-03  5.433E-03  4.949E-03  4.496E-03  4.037E-03  3.569E-03  3.172E-03  2.834E-03  2.547E-03  2.213E-03  1.955E-03  1.691E-03  1.490E-03  1.269E-03  1.082E-03  9.202E-04  7.785E-04  6.546E-04  5.480E-04  4.578E-04  3.801E-04  3.082E-04  2.544E-04  2.037E-04  1.641E-04  1.319E-04  1.037E-04  8.104E-05
  327.5000  2.974E-02  2.874E-02  2.776E-02  2.679E-02  2.583E-02  2.488E-02  2.395E-02  2.303E-02  2.212E-02  2.123E-02  2.035E-02  1.948E-02  1.863E-02  1.779E-02  1.697E-02  1.617E-02  1.538E-02  1.460E-02  1.385E-02  1.311E-02  1.239E-02  1.168E-02  1.100E-02  1.033E-02  9.682E-03  9.055E-03  8.449E-03  7.864E-03  7.299E-03  6.757E-03  6.237E-03  5.741E-03  5.268E-03  4.818E-03  4.394E-03  3.995E-03  3.623E-03  3.249E-03  2.870E-03  2.548E-03  2.274E-03  2.042E-03  1.775E-03  1.567E-03  1.356E-03  1.195E-03  1.019E-03  8.697E-04  7.412E-04  6.282E-04  5.293E-04  4.441E-04  3.718E-04  3.092E-04  2.516E-04  2.080E-04  1.669E-04  1.347E-04  1.083E-04  8.523E-05  6.657E-05
  328.5000  2.754E-02  2.662E-02  2.571E-02  2.481E-02  2.392E-02  2.305E-02  2.218E-02  2.133E-02  2.049E-02  1.966E-02  1.885E-02  1.804E-02  1.726E-02  1.648E-02  1.572E-02  1.497E-02  1.424E-02  1.353E-02  1.282E-02  1.214E-02  1.147E-02  1.082E-02  1.018E-02  9.563E-03  8.963E-03  8.382E-03  7.821E-03  7.278E-03  6.754E-03  6.251E-03  5.770E-03  5.310E-03  4.871E-03  4.454E-03  4.061E-03  3.691E-03  3.346E-03  2.999E-03  2.649E-03  2.351E-03  2.097E-03  1.882E-03  1.635E-03  1.443E-03  1.249E-03  1.100E-03  9.372E-04  7.997E-04  6.812E-04  5.770E-04  4.861E-04  4.077E-04  3.412E-04  2.837E-04  2.307E-04  1.907E-04  1.530E-04  1.234E-04  9.926E-05  7.809E-05  6.099E-05
  329.5000  4.241E-02  4.112E-02  3.984E-02  3.858E-02  3.732E-02  3.608E-02  3.485E-02  3.364E-02  3.244E-02  3.125E-02  3.008E-02  2.892E-02  2.777E-02  2.664E-02  2.553E-02  2.443E-02  2.335E-02  2.228E-02  2.124E-02  2.021E-02  1.920E-02  1.820E-02  1.723E-02  1.628E-02  1.535E-02  1.444E-02  1.355E-02  1.269E-02  1.185E-02  1.103E-02  1.025E-02  9.490E-03  8.759E-03  8.058E-03  7.389E-03  6.754E-03  6.157E-03  5.544E-03  4.913E-03  4.376E-03  3.920E-03  3.533E-03  3.074E-03  2.720E-03  2.354E-03  2.076E-03  1.767E-03  1.505E-03  1.279E-03  1.080E-03  9.064E-04  7.568E-04  6.304E-04  5.223E-04  4.215E-04  3.470E-04  2.768E-04  2.226E-04  1.785E-04  1.403E-04  1.096E-04
  330.5000  3.591E-02  3.477E-02  3.364E-02  3.253E-02  3.143E-02  3.034E-02  2.926E-02  2.819E-02  2.714E-02  2.611E-02  2.508E-02  2.407E-02  2.307E-02  2.209E-02  2.113E-02  2.018E-02  1.924E-02  1.833E-02  1.743E-02  1.654E-02  1.568E-02  1.483E-02  1.400E-02  1.320E-02  1.241E-02  1.164E-02  1.090E-02  1.017E-02  9.474E-03  8.796E-03  8.146E-03  7.521E-03  6.922E-03  6.349E-03  5.805E-03  5.292E-03  4.810E-03  4.321E-03  3.822E-03  3.397E-03  3.037E-03  2.730E-03  2.373E-03  2.097E-03  1.813E-03  1.598E-03  1.360E-03  1.159E-03  9.855E-04  8.331E-04  7.000E-04  5.854E-04  4.886E-04  4.053E-04  3.282E-04  2.707E-04  2.164E-04  1.743E-04  1.400E-04  1.101E-04  8.603E-05
  331.5000  3.499E-02  3.387E-02  3.276E-02  3.167E-02  3.059E-02  2.952E-02  2.846E-02  2.741E-02  2.638E-02  2.537E-02  2.436E-02  2.337E-02  2.239E-02  2.143E-02  2.049E-02  1.956E-02  1.865E-02  1.775E-02  1.687E-02  1.600E-02  1.516E-02  1.433E-02  1.353E-02  1.274E-02  1.197E-02  1.122E-02  1.050E-02  9.798E-03  9.118E-03  8.461E-03  7.830E-03  7.225E-03  6.644E-03  6.090E-03  5.565E-03  5.069E-03  4.605E-03  4.134E-03  3.655E-03  3.247E-03  2.900E-03  2.606E-03  2.265E-03  2.000E-03  1.729E-03  1.523E-03  1.296E-03  1.104E-03  9.391E-04  7.939E-04  6.670E-04  5.580E-04  4.657E-04  3.864E-04  3.130E-04  2.582E-04  2.065E-04  1.664E-04  1.336E-04  1.051E-04  8.211E-05
  332.5000  3.905E-02  3.789E-02  3.674E-02  3.560E-02  3.447E-02  3.335E-02  3.225E-02  3.115E-02  3.006E-02  2.899E-02  2.793E-02  2.688E-02  2.584E-02  2.481E-02  2.380E-02  2.280E-02  2.182E-02  2.085E-02  1.989E-02  1.895E-02  1.803E-02  1.712E-02  1.622E-02  1.535E-02  1.449E-02  1.365E-02  1.283E-02  1.203E-02  1.126E-02  1.052E-02  9.767E-03  9.059E-03  8.375E-03  7.717E-03  7.088E-03  6.490E-03  5.926E-03  5.343E-03  4.740E-03  4.227E-03  3.792E-03  3.422E-03  2.980E-03  2.639E-03  2.285E-03  2.018E-03  1.717E-03  1.463E-03  1.243E-03  1.049E-03  8.793E-04  7.334E-04  6.102E-04  5.052E-04  4.067E-04  3.344E-04  2.663E-04  2.139E-04  1.714E-04  1.346E-04  1.051E-04
  333.5000  3.480E-02  3.373E-02  3.268E-02  3.163E-02  3.059E-02  2.956E-02  2.855E-02  2.754E-02  2.655E-02  2.557E-02  2.460E-02  2.364E-02  2.269E-02  2.176E-02  2.084E-02  1.993E-02  1.904E-02  1.816E-02  1.730E-02  1.645E-02  1.562E-02  1.480E-02  1.400E-02  1.322E-02  1.245E-02  1.171E-02  1.098E-02  1.027E-02  9.587E-03  8.918E-03  8.278E-03  7.659E-03  7.063E-03  6.492E-03  5.947E-03  5.432E-03  4.947E-03  4.451E-03  3.941E-03  3.507E-03  3.139E-03  2.826E-03  2.458E-03  2.173E-03  1.880E-03  1.657E-03  1.410E-03  1.201E-03  1.020E-03  8.612E-04  7.224E-04  6.031E-04  5.024E-04  4.162E-04  3.359E-04  2.765E-04  2.206E-04  1.774E-04  1.423E-04  1.118E-04  8.738E-05
  334.5000  4.000E-02  3.879E-02  3.760E-02  3.641E-02  3.524E-02  3.407E-02  3.292E-02  3.178E-02  3.065E-02  2.954E-02  2.844E-02  2.735E-02  2.627E-02  2.521E-02  2.417E-02  2.314E-02  2.212E-02  2.111E-02  2.013E-02  1.916E-02  1.821E-02  1.727E-02  1.635E-02  1.545E-02  1.458E-02  1.372E-02  1.288E-02  1.206E-02  1.127E-02  1.049E-02  9.753E-03  9.034E-03  8.340E-03  7.675E-03  7.039E-03  6.436E-03  5.868E-03  5.284E-03  4.682E-03  4.170E-03  3.736E-03  3.367E-03  2.929E-03  2.592E-03  2.242E-03  1.978E-03  1.682E-03  1.432E-03  1.216E-03  1.026E-03  8.604E-04  7.177E-04  5.973E-04  4.946E-04  3.985E-04  3.277E-04  2.611E-04  2.098E-04  1.682E-04  1.321E-04  1.032E-04
  335.5000  4.307E-02  4.182E-02  4.057E-02  3.935E-02  3.812E-02  3.691E-02  3.571E-02  3.452E-02  3.335E-02  3.218E-02  3.103E-02  2.989E-02  2.876E-02  2.765E-02  2.654E-02  2.546E-02  2.438E-02  2.332E-02  2.228E-02  2.125E-02  2.024E-02  1.924E-02  1.826E-02  1.730E-02  1.635E-02  1.543E-02  1.452E-02  1.364E-02  1.278E-02  1.194E-02  1.112E-02  1.033E-02  9.566E-03  8.829E-03  8.123E-03  7.449E-03  6.813E-03  6.152E-03  5.463E-03  4.878E-03  4.382E-03  3.961E-03  3.452E-03  3.061E-03  2.652E-03  2.344E-03  1.995E-03  1.700E-03  1.444E-03  1.218E-03  1.020E-03  8.503E-04  7.068E-04  5.847E-04  4.696E-04  3.856E-04  3.065E-04  2.459E-04  1.968E-04  1.544E-04  1.206E-04
  336.5000  3.311E-02  3.214E-02  3.117E-02  3.021E-02  2.927E-02  2.832E-02  2.739E-02  2.647E-02  2.556E-02  2.466E-02  2.376E-02  2.288E-02  2.200E-02  2.114E-02  2.028E-02  1.944E-02  1.861E-02  1.779E-02  1.699E-02  1.619E-02  1.541E-02  1.464E-02  1.388E-02  1.314E-02  1.242E-02  1.170E-02  1.101E-02  1.033E-02  9.669E-03  9.036E-03  8.401E-03  7.797E-03  7.213E-03  6.651E-03  6.112E-03  5.600E-03  5.116E-03  4.615E-03  4.095E-03  3.653E-03  3.279E-03  2.960E-03  2.578E-03  2.284E-03  1.978E-03  1.747E-03  1.486E-03  1.265E-03  1.075E-03  9.063E-04  7.593E-04  6.328E-04  5.261E-04  4.352E-04  3.498E-04  2.873E-04  2.285E-04  1.834E-04  1.468E-04  1.152E-04  8.996E-05
  337.5000  3.488E-02  3.382E-02  3.278E-02  3.175E-02  3.072E-02  2.971E-02  2.870E-02  2.771E-02  2.672E-02  2.576E-02  2.479E-02  2.384E-02  2.291E-02  2.198E-02  2.107E-02  2.017E-02  1.928E-02  1.841E-02  1.755E-02  1.670E-02  1.587E-02  1.505E-02  1.425E-02  1.347E-02  1.270E-02  1.195E-02  1.122E-02  1.051E-02  9.817E-03  9.150E-03  8.494E-03  7.867E-03  7.262E-03  6.682E-03  6.127E-03  5.601E-03  5.106E-03  4.597E-03  4.072E-03  3.626E-03  3.248E-03  2.926E-03  2.545E-03  2.251E-03  1.947E-03  1.717E-03  1.460E-03  1.243E-03  1.055E-03  8.900E-04  7.457E-04  6.218E-04  5.172E-04  4.281E-04  3.447E-04  2.834E-04  2.257E-04  1.813E-04  1.453E-04  1.141E-04  8.912E-05
  338.5000  3.923E-02  3.809E-02  3.696E-02  3.584E-02  3.473E-02  3.363E-02  3.254E-02  3.146E-02  3.039E-02  2.933E-02  2.828E-02  2.724E-02  2.622E-02  2.520E-02  2.420E-02  2.321E-02  2.224E-02  2.127E-02  2.032E-02  1.938E-02  1.846E-02  1.755E-02  1.666E-02  1.578E-02  1.492E-02  1.408E-02  1.326E-02  1.245E-02  1.166E-02  1.090E-02  1.015E-02  9.434E-03  8.736E-03  8.063E-03  7.418E-03  6.803E-03  6.222E-03  5.618E-03  4.988E-03  4.454E-03  4.000E-03  3.616E-03  3.150E-03  2.793E-03  2.419E-03  2.138E-03  1.819E-03  1.549E-03  1.315E-03  1.109E-03  9.287E-04  7.734E-04  6.425E-04  5.314E-04  4.263E-04  3.498E-04  2.779E-04  2.228E-04  1.783E-04  1.398E-04  1.091E-04
  339.5000  4.303E-02  4.179E-02  4.056E-02  3.934E-02  3.813E-02  3.693E-02  3.574E-02  3.456E-02  3.339E-02  3.223E-02  3.109E-02  2.995E-02  2.883E-02  2.772E-02  2.663E-02  2.555E-02  2.448E-02  2.342E-02  2.238E-02  2.136E-02  2.035E-02  1.935E-02  1.837E-02  1.741E-02  1.647E-02  1.555E-02  1.464E-02  1.376E-02  1.289E-02  1.205E-02  1.123E-02  1.044E-02  9.671E-03  8.931E-03  8.219E-03  7.541E-03  6.900E-03  6.232E-03  5.535E-03  4.943E-03  4.442E-03  4.016E-03  3.500E-03  3.104E-03  2.689E-03  2.377E-03  2.023E-03  1.722E-03  1.462E-03  1.233E-03  1.032E-03  8.591E-04  7.135E-04  5.899E-04  4.729E-04  3.879E-04  3.079E-04  2.468E-04  1.974E-04  1.547E-04  1.208E-04
  340.5000  4.500E-02  4.368E-02  4.237E-02  4.108E-02  3.979E-02  3.852E-02  3.725E-02  3.601E-02  3.477E-02  3.355E-02  3.234E-02  3.114E-02  2.995E-02  2.878E-02  2.762E-02  2.648E-02  2.536E-02  2.424E-02  2.315E-02  2.207E-02  2.101E-02  1.996E-02  1.894E-02  1.793E-02  1.694E-02  1.597E-02  1.503E-02  1.410E-02  1.320E-02  1.232E-02  1.147E-02  1.065E-02  9.855E-03  9.088E-03  8.353E-03  7.654E-03  6.993E-03  6.308E-03  5.597E-03  4.993E-03  4.480E-03  4.045E-03  3.522E-03  3.120E-03  2.701E-03  2.384E-03  2.028E-03  1.726E-03  1.465E-03  1.235E-03  1.034E-03  8.608E-04  7.150E-04  5.912E-04  4.745E-04  3.893E-04  3.093E-04  2.481E-04  1.985E-04  1.556E-04  1.215E-04
  341.5000  4.130E-02  4.011E-02  3.894E-02  3.777E-02  3.662E-02  3.547E-02  3.433E-02  3.321E-02  3.209E-02  3.099E-02  2.990E-02  2.881E-02  2.774E-02  2.668E-02  2.564E-02  2.460E-02  2.358E-02  2.257E-02  2.157E-02  2.059E-02  1.963E-02  1.867E-02  1.774E-02  1.682E-02  1.591E-02  1.502E-02  1.416E-02  1.331E-02  1.248E-02  1.167E-02  1.088E-02  1.012E-02  9.376E-03  8.662E-03  7.976E-03  7.321E-03  6.702E-03  6.055E-03  5.380E-03  4.807E-03  4.321E-03  3.908E-03  3.407E-03  3.022E-03  2.619E-03  2.315E-03  1.970E-03  1.678E-03  1.424E-03  1.201E-03  1.005E-03  8.362E-04  6.941E-04  5.737E-04  4.595E-04  3.768E-04  2.989E-04  2.394E-04  1.914E-04  1.499E-04  1.170E-04
  342.5000  4.605E-02  4.474E-02  4.343E-02  4.214E-02  4.085E-02  3.958E-02  3.832E-02  3.707E-02  3.583E-02  3.460E-02  3.338E-02  3.218E-02  3.099E-02  2.981E-02  2.865E-02  2.750E-02  2.636E-02  2.524E-02  2.413E-02  2.303E-02  2.196E-02  2.090E-02  1.985E-02  1.883E-02  1.782E-02  1.683E-02  1.586E-02  1.491E-02  1.399E-02  1.308E-02  1.220E-02  1.135E-02  1.052E-02  9.726E-03  8.958E-03  8.225E-03  7.531E-03  6.807E-03  6.049E-03  5.405E-03  4.860E-03  4.398E-03  3.833E-03  3.402E-03  2.948E-03  2.607E-03  2.218E-03  1.889E-03  1.603E-03  1.351E-03  1.131E-03  9.408E-04  7.808E-04  6.452E-04  5.165E-04  4.233E-04  3.356E-04  2.688E-04  2.147E-04  1.682E-04  1.313E-04
  343.5000  4.735E-02  4.598E-02  4.463E-02  4.329E-02  4.196E-02  4.064E-02  3.934E-02  3.804E-02  3.676E-02  3.549E-02  3.424E-02  3.299E-02  3.176E-02  3.054E-02  2.934E-02  2.815E-02  2.698E-02  2.582E-02  2.467E-02  2.355E-02  2.244E-02  2.134E-02  2.027E-02  1.921E-02  1.817E-02  1.715E-02  1.616E-02  1.519E-02  1.423E-02  1.331E-02  1.240E-02  1.153E-02  1.068E-02  9.864E-03  9.079E-03  8.330E-03  7.622E-03  6.884E-03  6.113E-03  5.459E-03  4.905E-03  4.434E-03  3.863E-03  3.426E-03  2.967E-03  2.622E-03  2.230E-03  1.898E-03  1.611E-03  1.358E-03  1.136E-03  9.448E-04  7.840E-04  6.478E-04  5.188E-04  4.252E-04  3.372E-04  2.701E-04  2.158E-04  1.691E-04  1.319E-04
  344.5000  3.280E-02  3.185E-02  3.091E-02  2.997E-02  2.904E-02  2.812E-02  2.721E-02  2.631E-02  2.541E-02  2.453E-02  2.365E-02  2.279E-02  2.193E-02  2.108E-02  2.024E-02  1.942E-02  1.860E-02  1.779E-02  1.699E-02  1.621E-02  1.544E-02  1.468E-02  1.393E-02  1.320E-02  1.248E-02  1.177E-02  1.108E-02  1.041E-02  9.750E-03  9.109E-03  8.485E-03  7.882E-03  7.297E-03  6.733E-03  6.193E-03  5.677E-03  5.190E-03  4.685E-03  4.158E-03  3.710E-03  3.330E-03  3.009E-03  2.620E-03  2.321E-03  2.009E-03  1.774E-03  1.509E-03  1.284E-03  1.089E-03  9.176E-04  7.674E-04  6.385E-04  5.298E-04  4.378E-04  3.507E-04  2.875E-04  2.281E-04  1.827E-04  1.460E-04  1.144E-04  8.931E-05
  345.5000  4.640E-02  4.508E-02  4.377E-02  4.248E-02  4.119E-02  3.991E-02  3.865E-02  3.739E-02  3.615E-02  3.492E-02  3.370E-02  3.250E-02  3.130E-02  3.012E-02  2.895E-02  2.779E-02  2.665E-02  2.552E-02  2.441E-02  2.331E-02  2.223E-02  2.116E-02  2.011E-02  1.908E-02  1.806E-02  1.707E-02  1.609E-02  1.514E-02  1.420E-02  1.329E-02  1.240E-02  1.154E-02  1.070E-02  9.894E-03  9.116E-03  8.374E-03  7.670E-03  6.935E-03  6.164E-03  5.509E-03  4.955E-03  4.485E-03  3.910E-03  3.470E-03  3.007E-03  2.660E-03  2.263E-03  1.927E-03  1.635E-03  1.377E-03  1.152E-03  9.583E-04  7.948E-04  6.565E-04  5.249E-04  4.299E-04  3.405E-04  2.725E-04  2.175E-04  1.703E-04  1.328E-04
  346.5000  4.262E-02  4.139E-02  4.018E-02  3.897E-02  3.777E-02  3.659E-02  3.541E-02  3.425E-02  3.309E-02  3.195E-02  3.082E-02  2.970E-02  2.859E-02  2.750E-02  2.641E-02  2.535E-02  2.429E-02  2.324E-02  2.221E-02  2.120E-02  2.020E-02  1.922E-02  1.825E-02  1.729E-02  1.636E-02  1.544E-02  1.455E-02  1.367E-02  1.281E-02  1.198E-02  1.116E-02  1.038E-02  9.612E-03  8.875E-03  8.168E-03  7.493E-03  6.855E-03  6.190E-03  5.496E-03  4.907E-03  4.407E-03  3.983E-03  3.469E-03  3.075E-03  2.663E-03  2.352E-03  2.000E-03  1.702E-03  1.444E-03  1.216E-03  1.017E-03  8.456E-04  7.014E-04  5.793E-04  4.636E-04  3.798E-04  3.010E-04  2.410E-04  1.925E-04  1.507E-04  1.176E-04
  347.5000  4.176E-02  4.056E-02  3.937E-02  3.819E-02  3.702E-02  3.586E-02  3.471E-02  3.357E-02  3.244E-02  3.133E-02  3.022E-02  2.912E-02  2.804E-02  2.696E-02  2.590E-02  2.486E-02  2.382E-02  2.280E-02  2.179E-02  2.080E-02  1.982E-02  1.886E-02  1.791E-02  1.697E-02  1.606E-02  1.516E-02  1.428E-02  1.342E-02  1.258E-02  1.176E-02  1.096E-02  1.019E-02  9.442E-03  8.719E-03  8.025E-03  7.362E-03  6.736E-03  6.083E-03  5.401E-03  4.822E-03  4.331E-03  3.915E-03  3.410E-03  3.023E-03  2.617E-03  2.312E-03  1.966E-03  1.672E-03  1.419E-03  1.195E-03  9.987E-04  8.303E-04  6.885E-04  5.686E-04  4.548E-04  3.725E-04  2.952E-04  2.363E-04  1.887E-04  1.477E-04  1.152E-04
  348.5000  4.624E-02  4.492E-02  4.361E-02  4.231E-02  4.102E-02  3.974E-02  3.847E-02  3.721E-02  3.597E-02  3.474E-02  3.351E-02  3.230E-02  3.111E-02  2.992E-02  2.875E-02  2.760E-02  2.645E-02  2.533E-02  2.421E-02  2.311E-02  2.203E-02  2.097E-02  1.992E-02  1.888E-02  1.787E-02  1.688E-02  1.590E-02  1.495E-02  1.402E-02  1.311E-02  1.223E-02  1.137E-02  1.054E-02  9.735E-03  8.963E-03  8.226E-03  7.529E-03  6.802E-03  6.041E-03  5.395E-03  4.848E-03  4.383E-03  3.818E-03  3.386E-03  2.932E-03  2.591E-03  2.203E-03  1.874E-03  1.590E-03  1.338E-03  1.119E-03  9.300E-04  7.710E-04  6.366E-04  5.089E-04  4.166E-04  3.300E-04  2.640E-04  2.107E-04  1.649E-04  1.287E-04
  349.5000  3.874E-02  3.763E-02  3.653E-02  3.544E-02  3.436E-02  3.329E-02  3.223E-02  3.117E-02  3.013E-02  2.910E-02  2.807E-02  2.706E-02  2.605E-02  2.506E-02  2.408E-02  2.311E-02  2.216E-02  2.121E-02  2.028E-02  1.935E-02  1.845E-02  1.756E-02  1.668E-02  1.581E-02  1.496E-02  1.413E-02  1.331E-02  1.252E-02  1.173E-02  1.097E-02  1.023E-02  9.514E-03  8.817E-03  8.145E-03  7.498E-03  6.881E-03  6.297E-03  5.688E-03  5.052E-03  4.511E-03  4.052E-03  3.664E-03  3.191E-03  2.829E-03  2.449E-03  2.164E-03  1.840E-03  1.565E-03  1.327E-03  1.117E-03  9.337E-04  7.759E-04  6.431E-04  5.309E-04  4.243E-04  3.473E-04  2.750E-04  2.200E-04  1.756E-04  1.374E-04  1.072E-04
  350.5000  5.436E-02  5.281E-02  5.126E-02  4.974E-02  4.822E-02  4.672E-02  4.523E-02  4.375E-02  4.229E-02  4.084E-02  3.941E-02  3.798E-02  3.658E-02  3.519E-02  3.381E-02  3.245E-02  3.111E-02  2.978E-02  2.847E-02  2.718E-02  2.591E-02  2.466E-02  2.342E-02  2.221E-02  2.102E-02  1.985E-02  1.871E-02  1.759E-02  1.649E-02  1.542E-02  1.438E-02  1.337E-02  1.239E-02  1.145E-02  1.054E-02  9.674E-03  8.853E-03  7.998E-03  7.103E-03  6.342E-03  5.697E-03  5.151E-03  4.486E-03  3.977E-03  3.443E-03  3.042E-03  2.586E-03  2.199E-03  1.865E-03  1.570E-03  1.312E-03  1.090E-03  9.031E-04  7.454E-04  5.955E-04  4.873E-04  3.858E-04  3.086E-04  2.462E-04  1.926E-04  1.502E-04
  351.5000  4.676E-02  4.542E-02  4.409E-02  4.278E-02  4.147E-02  4.017E-02  3.889E-02  3.762E-02  3.636E-02  3.511E-02  3.388E-02  3.265E-02  3.144E-02  3.024E-02  2.906E-02  2.789E-02  2.673E-02  2.559E-02  2.446E-02  2.335E-02  2.226E-02  2.118E-02  2.012E-02  1.907E-02  1.805E-02  1.704E-02  1.606E-02  1.509E-02  1.415E-02  1.323E-02  1.234E-02  1.147E-02  1.063E-02  9.815E-03  9.034E-03  8.289E-03  7.584E-03  6.850E-03  6.082E-03  5.429E-03  4.876E-03  4.407E-03  3.837E-03  3.401E-03  2.943E-03  2.600E-03  2.210E-03  1.879E-03  1.593E-03  1.340E-03  1.120E-03  9.303E-04  7.708E-04  6.361E-04  5.081E-04  4.157E-04  3.290E-04  2.632E-04  2.099E-04  1.643E-04  1.281E-04
  352.5000  4.229E-02  4.108E-02  3.988E-02  3.869E-02  3.751E-02  3.634E-02  3.518E-02  3.403E-02  3.290E-02  3.177E-02  3.065E-02  2.955E-02  2.845E-02  2.737E-02  2.630E-02  2.525E-02  2.420E-02  2.317E-02  2.215E-02  2.114E-02  2.016E-02  1.918E-02  1.822E-02  1.728E-02  1.635E-02  1.544E-02  1.455E-02  1.368E-02  1.282E-02  1.199E-02  1.118E-02  1.040E-02  9.636E-03  8.900E-03  8.193E-03  7.519E-03  6.880E-03  6.214E-03  5.517E-03  4.925E-03  4.424E-03  3.999E-03  3.482E-03  3.086E-03  2.671E-03  2.359E-03  2.005E-03  1.704E-03  1.445E-03  1.216E-03  1.016E-03  8.434E-04  6.986E-04  5.765E-04  4.603E-04  3.765E-04  2.979E-04  2.382E-04  1.900E-04  1.486E-04  1.159E-04
  353.5000  5.111E-02  4.966E-02  4.821E-02  4.678E-02  4.535E-02  4.394E-02  4.255E-02  4.116E-02  3.979E-02  3.843E-02  3.708E-02  3.575E-02  3.443E-02  3.312E-02  3.183E-02  3.056E-02  2.930E-02  2.805E-02  2.682E-02  2.561E-02  2.441E-02  2.323E-02  2.207E-02  2.093E-02  1.981E-02  1.871E-02  1.764E-02  1.658E-02  1.555E-02  1.455E-02  1.357E-02  1.262E-02  1.169E-02  1.080E-02  9.947E-03  9.130E-03  8.355E-03  7.548E-03  6.703E-03  5.985E-03  5.376E-03  4.860E-03  4.232E-03  3.751E-03  3.246E-03  2.868E-03  2.437E-03  2.072E-03  1.756E-03  1.477E-03  1.234E-03  1.025E-03  8.486E-04  7.000E-04  5.587E-04  4.569E-04  3.614E-04  2.888E-04  2.303E-04  1.801E-04  1.404E-04
  354.5000  5.551E-02  5.393E-02  5.236E-02  5.081E-02  4.927E-02  4.774E-02  4.622E-02  4.472E-02  4.323E-02  4.176E-02  4.030E-02  3.885E-02  3.742E-02  3.601E-02  3.461E-02  3.322E-02  3.186E-02  3.050E-02  2.917E-02  2.785E-02  2.656E-02  2.528E-02  2.402E-02  2.278E-02  2.157E-02  2.037E-02  1.920E-02  1.806E-02  1.694E-02  1.584E-02  1.478E-02  1.375E-02  1.274E-02  1.177E-02  1.084E-02  9.953E-03  9.111E-03  8.231E-03  7.310E-03  6.527E-03  5.864E-03  5.302E-03  4.617E-03  4.093E-03  3.542E-03  3.129E-03  2.659E-03  2.261E-03  1.916E-03  1.613E-03  1.346E-03  1.117E-03  9.251E-04  7.631E-04  6.087E-04  4.977E-04  3.934E-04  3.144E-04  2.506E-04  1.959E-04  1.527E-04
  355.5000  5.192E-02  5.044E-02  4.898E-02  4.753E-02  4.608E-02  4.465E-02  4.324E-02  4.183E-02  4.044E-02  3.906E-02  3.770E-02  3.635E-02  3.501E-02  3.368E-02  3.237E-02  3.108E-02  2.980E-02  2.854E-02  2.729E-02  2.606E-02  2.485E-02  2.365E-02  2.247E-02  2.131E-02  2.018E-02  1.906E-02  1.797E-02  1.689E-02  1.585E-02  1.482E-02  1.383E-02  1.286E-02  1.192E-02  1.102E-02  1.014E-02  9.311E-03  8.523E-03  7.700E-03  6.838E-03  6.105E-03  5.484E-03  4.958E-03  4.317E-03  3.826E-03  3.311E-03  2.925E-03  2.485E-03  2.112E-03  1.790E-03  1.506E-03  1.257E-03  1.043E-03  8.637E-04  7.123E-04  5.680E-04  4.643E-04  3.670E-04  2.932E-04  2.337E-04  1.827E-04  1.424E-04
  356.5000  4.820E-02  4.683E-02  4.547E-02  4.412E-02  4.278E-02  4.145E-02  4.014E-02  3.883E-02  3.754E-02  3.626E-02  3.500E-02  3.374E-02  3.250E-02  3.127E-02  3.005E-02  2.885E-02  2.766E-02  2.649E-02  2.533E-02  2.419E-02  2.306E-02  2.195E-02  2.086E-02  1.979E-02  1.873E-02  1.769E-02  1.668E-02  1.568E-02  1.471E-02  1.376E-02  1.283E-02  1.194E-02  1.106E-02  1.022E-02  9.413E-03  8.640E-03  7.907E-03  7.143E-03  6.343E-03  5.663E-03  5.086E-03  4.598E-03  4.003E-03  3.547E-03  3.069E-03  2.711E-03  2.303E-03  1.957E-03  1.658E-03  1.395E-03  1.164E-03  9.661E-04  7.995E-04  6.593E-04  5.256E-04  4.295E-04  3.394E-04  2.711E-04  2.161E-04  1.689E-04  1.316E-04
  357.5000  4.098E-02  3.982E-02  3.866E-02  3.751E-02  3.637E-02  3.525E-02  3.413E-02  3.302E-02  3.192E-02  3.083E-02  2.975E-02  2.869E-02  2.763E-02  2.658E-02  2.555E-02  2.453E-02  2.352E-02  2.252E-02  2.153E-02  2.056E-02  1.961E-02  1.866E-02  1.773E-02  1.682E-02  1.592E-02  1.504E-02  1.417E-02  1.333E-02  1.250E-02  1.169E-02  1.090E-02  1.014E-02  9.400E-03  8.684E-03  7.996E-03  7.338E-03  6.716E-03  6.066E-03  5.386E-03  4.808E-03  4.318E-03  3.903E-03  3.397E-03  3.010E-03  2.604E-03  2.300E-03  1.953E-03  1.660E-03  1.406E-03  1.182E-03  9.865E-04  8.185E-04  6.773E-04  5.584E-04  4.450E-04  3.636E-04  2.873E-04  2.295E-04  1.828E-04  1.429E-04  1.113E-04
  358.5000  3.169E-02  3.079E-02  2.989E-02  2.901E-02  2.813E-02  2.726E-02  2.639E-02  2.554E-02  2.469E-02  2.385E-02  2.301E-02  2.219E-02  2.137E-02  2.056E-02  1.977E-02  1.898E-02  1.820E-02  1.743E-02  1.666E-02  1.591E-02  1.517E-02  1.444E-02  1.372E-02  1.302E-02  1.232E-02  1.164E-02  1.097E-02  1.032E-02  9.678E-03  9.054E-03  8.444E-03  7.854E-03  7.281E-03  6.727E-03  6.194E-03  5.685E-03  5.203E-03  4.700E-03  4.173E-03  3.725E-03  3.345E-03  3.024E-03  2.632E-03  2.332E-03  2.017E-03  1.781E-03  1.513E-03  1.285E-03  1.089E-03  9.153E-04  7.638E-04  6.336E-04  5.241E-04  4.320E-04  3.442E-04  2.812E-04  2.221E-04  1.773E-04  1.413E-04  1.104E-04  8.597E-05
  359.5000  5.336E-02  5.184E-02  5.034E-02  4.885E-02  4.736E-02  4.590E-02  4.444E-02  4.300E-02  4.157E-02  4.016E-02  3.875E-02  3.736E-02  3.599E-02  3.463E-02  3.328E-02  3.196E-02  3.064E-02  2.934E-02  2.806E-02  2.680E-02  2.555E-02  2.432E-02  2.311E-02  2.192E-02  2.075E-02  1.960E-02  1.848E-02  1.737E-02  1.630E-02  1.524E-02  1.422E-02  1.322E-02  1.226E-02  1.133E-02  1.043E-02  9.571E-03  8.758E-03  7.911E-03  7.024E-03  6.269E-03  5.630E-03  5.088E-03  4.428E-03  3.923E-03  3.393E-03  2.996E-03  2.544E-03  2.161E-03  1.831E-03  1.538E-03  1.283E-03  1.065E-03  8.804E-04  7.256E-04  5.780E-04  4.720E-04  3.727E-04  2.976E-04  2.370E-04  1.851E-04  1.442E-04
  360.5000  4.949E-02  4.809E-02  4.669E-02  4.531E-02  4.393E-02  4.257E-02  4.122E-02  3.988E-02  3.856E-02  3.725E-02  3.595E-02  3.466E-02  3.338E-02  3.212E-02  3.088E-02  2.965E-02  2.843E-02  2.722E-02  2.603E-02  2.486E-02  2.370E-02  2.256E-02  2.144E-02  2.034E-02  1.925E-02  1.819E-02  1.714E-02  1.612E-02  1.512E-02  1.415E-02  1.319E-02  1.227E-02  1.137E-02  1.051E-02  9.674E-03  8.878E-03  8.124E-03  7.338E-03  6.515E-03  5.814E-03  5.221E-03  4.718E-03  4.105E-03  3.637E-03  3.145E-03  2.777E-03  2.358E-03  2.003E-03  1.696E-03  1.425E-03  1.189E-03  9.856E-04  8.151E-04  6.716E-04  5.348E-04  4.367E-04  3.447E-04  2.752E-04  2.191E-04  1.711E-04  1.333E-04
  361.5000  4.469E-02  4.342E-02  4.216E-02  4.091E-02  3.967E-02  3.844E-02  3.723E-02  3.602E-02  3.482E-02  3.364E-02  3.247E-02  3.130E-02  3.015E-02  2.902E-02  2.789E-02  2.678E-02  2.568E-02  2.459E-02  2.352E-02  2.246E-02  2.142E-02  2.039E-02  1.937E-02  1.838E-02  1.740E-02  1.643E-02  1.549E-02  1.457E-02  1.366E-02  1.279E-02  1.192E-02  1.109E-02  1.028E-02  9.498E-03  8.746E-03  8.026E-03  7.345E-03  6.634E-03  5.890E-03  5.257E-03  4.720E-03  4.265E-03  3.711E-03  3.287E-03  2.843E-03  2.510E-03  2.131E-03  1.810E-03  1.532E-03  1.287E-03  1.074E-03  8.901E-04  7.359E-04  6.062E-04  4.826E-04  3.939E-04  3.109E-04  2.481E-04  1.975E-04  1.542E-04  1.201E-04
  362.5000  5.253E-02  5.104E-02  4.956E-02  4.810E-02  4.664E-02  4.520E-02  4.376E-02  4.235E-02  4.094E-02  3.955E-02  3.817E-02  3.681E-02  3.545E-02  3.412E-02  3.279E-02  3.149E-02  3.019E-02  2.892E-02  2.766E-02  2.641E-02  2.519E-02  2.398E-02  2.278E-02  2.161E-02  2.046E-02  1.933E-02  1.822E-02  1.714E-02  1.607E-02  1.503E-02  1.403E-02  1.305E-02  1.209E-02  1.117E-02  1.029E-02  9.442E-03  8.640E-03  7.804E-03  6.928E-03  6.183E-03  5.551E-03  5.016E-03  4.364E-03  3.865E-03  3.342E-03  2.950E-03  2.504E-03  2.127E-03  1.800E-03  1.514E-03  1.261E-03  1.045E-03  8.642E-04  7.118E-04  5.664E-04  4.623E-04  3.648E-04  2.910E-04  2.316E-04  1.808E-04  1.408E-04
  363.5000  4.677E-02  4.544E-02  4.412E-02  4.281E-02  4.152E-02  4.023E-02  3.896E-02  3.770E-02  3.645E-02  3.521E-02  3.398E-02  3.277E-02  3.156E-02  3.037E-02  2.920E-02  2.803E-02  2.688E-02  2.575E-02  2.462E-02  2.351E-02  2.242E-02  2.135E-02  2.029E-02  1.924E-02  1.822E-02  1.721E-02  1.623E-02  1.526E-02  1.431E-02  1.338E-02  1.249E-02  1.162E-02  1.077E-02  9.948E-03  9.160E-03  8.406E-03  7.692E-03  6.947E-03  6.167E-03  5.504E-03  4.941E-03  4.464E-03  3.884E-03  3.439E-03  2.974E-03  2.625E-03  2.228E-03  1.891E-03  1.601E-03  1.345E-03  1.121E-03  9.291E-04  7.678E-04  6.323E-04  5.031E-04  4.105E-04  3.238E-04  2.583E-04  2.055E-04  1.604E-04  1.249E-04
  364.5000  5.103E-02  4.958E-02  4.814E-02  4.672E-02  4.530E-02  4.390E-02  4.251E-02  4.113E-02  3.977E-02  3.842E-02  3.708E-02  3.575E-02  3.444E-02  3.314E-02  3.185E-02  3.059E-02  2.933E-02  2.809E-02  2.686E-02  2.566E-02  2.447E-02  2.329E-02  2.213E-02  2.099E-02  1.988E-02  1.878E-02  1.770E-02  1.665E-02  1.561E-02  1.460E-02  1.362E-02  1.267E-02  1.174E-02  1.085E-02  9.990E-03  9.167E-03  8.388E-03  7.575E-03  6.725E-03  6.000E-03  5.386E-03  4.865E-03  4.232E-03  3.748E-03  3.240E-03  2.859E-03  2.426E-03  2.060E-03  1.743E-03  1.465E-03  1.220E-03  1.011E-03  8.354E-04  6.878E-04  5.471E-04  4.463E-04  3.520E-04  2.807E-04  2.233E-04  1.743E-04  1.357E-04
  365.5000  6.218E-02  6.041E-02  5.866E-02  5.692E-02  5.520E-02  5.349E-02  5.180E-02  5.012E-02  4.845E-02  4.681E-02  4.518E-02  4.356E-02  4.196E-02  4.038E-02  3.881E-02  3.727E-02  3.574E-02  3.422E-02  3.273E-02  3.126E-02  2.981E-02  2.837E-02  2.696E-02  2.558E-02  2.421E-02  2.287E-02  2.156E-02  2.027E-02  1.902E-02  1.778E-02  1.659E-02  1.543E-02  1.430E-02  1.321E-02  1.216E-02  1.116E-02  1.021E-02  9.221E-03  8.185E-03  7.302E-03  6.554E-03  5.920E-03  5.149E-03  4.558E-03  3.940E-03  3.477E-03  2.950E-03  2.504E-03  2.119E-03  1.778E-03  1.482E-03  1.228E-03  1.014E-03  8.351E-04  6.640E-04  5.416E-04  4.270E-04  3.405E-04  2.708E-04  2.113E-04  1.645E-04
  366.5000  6.587E-02  6.400E-02  6.214E-02  6.030E-02  5.848E-02  5.667E-02  5.487E-02  5.310E-02  5.133E-02  4.959E-02  4.787E-02  4.615E-02  4.446E-02  4.278E-02  4.112E-02  3.949E-02  3.787E-02  3.627E-02  3.468E-02  3.312E-02  3.159E-02  3.007E-02  2.858E-02  2.711E-02  2.566E-02  2.424E-02  2.285E-02  2.149E-02  2.016E-02  1.885E-02  1.759E-02  1.636E-02  1.516E-02  1.400E-02  1.289E-02  1.183E-02  1.082E-02  9.774E-03  8.675E-03  7.740E-03  6.946E-03  6.273E-03  5.456E-03  4.830E-03  4.174E-03  3.683E-03  3.124E-03  2.651E-03  2.243E-03  1.884E-03  1.569E-03  1.300E-03  1.073E-03  8.835E-04  7.023E-04  5.727E-04  4.514E-04  3.599E-04  2.862E-04  2.233E-04  1.737E-04
  367.5000  6.260E-02  6.083E-02  5.906E-02  5.732E-02  5.558E-02  5.386E-02  5.216E-02  5.047E-02  4.879E-02  4.714E-02  4.550E-02  4.387E-02  4.226E-02  4.067E-02  3.909E-02  3.754E-02  3.600E-02  3.448E-02  3.297E-02  3.149E-02  3.003E-02  2.859E-02  2.717E-02  2.577E-02  2.440E-02  2.305E-02  2.173E-02  2.044E-02  1.917E-02  1.793E-02  1.672E-02  1.555E-02  1.442E-02  1.332E-02  1.226E-02  1.125E-02  1.029E-02  9.295E-03  8.249E-03  7.360E-03  6.605E-03  5.965E-03  5.187E-03  4.591E-03  3.968E-03  3.500E-03  2.969E-03  2.519E-03  2.131E-03  1.787E-03  1.490E-03  1.234E-03  1.019E-03  8.386E-04  6.664E-04  5.433E-04  4.281E-04  3.412E-04  2.713E-04  2.116E-04  1.647E-04
  368.5000  5.502E-02  5.346E-02  5.191E-02  5.037E-02  4.885E-02  4.734E-02  4.584E-02  4.436E-02  4.289E-02  4.143E-02  3.999E-02  3.856E-02  3.714E-02  3.574E-02  3.436E-02  3.299E-02  3.164E-02  3.030E-02  2.898E-02  2.768E-02  2.640E-02  2.513E-02  2.388E-02  2.265E-02  2.145E-02  2.026E-02  1.910E-02  1.796E-02  1.685E-02  1.576E-02  1.470E-02  1.367E-02  1.267E-02  1.170E-02  1.078E-02  9.887E-03  9.045E-03  8.167E-03  7.248E-03  6.466E-03  5.802E-03  5.239E-03  4.555E-03  4.032E-03  3.484E-03  3.073E-03  2.606E-03  2.211E-03  1.870E-03  1.568E-03  1.307E-03  1.082E-03  8.934E-04  7.351E-04  5.840E-04  4.760E-04  3.750E-04  2.989E-04  2.376E-04  1.853E-04  1.441E-04
  369.5000  6.603E-02  6.416E-02  6.230E-02  6.046E-02  5.863E-02  5.681E-02  5.501E-02  5.323E-02  5.147E-02  4.972E-02  4.799E-02  4.628E-02  4.458E-02  4.290E-02  4.124E-02  3.960E-02  3.797E-02  3.637E-02  3.478E-02  3.322E-02  3.168E-02  3.016E-02  2.866E-02  2.719E-02  2.574E-02  2.432E-02  2.293E-02  2.156E-02  2.022E-02  1.891E-02  1.764E-02  1.641E-02  1.521E-02  1.405E-02  1.293E-02  1.186E-02  1.085E-02  9.800E-03  8.696E-03  7.757E-03  6.960E-03  6.284E-03  5.463E-03  4.835E-03  4.177E-03  3.684E-03  3.124E-03  2.650E-03  2.241E-03  1.883E-03  1.566E-03  1.296E-03  1.070E-03  8.802E-04  6.990E-04  5.697E-04  4.487E-04  3.575E-04  2.841E-04  2.215E-04  1.723E-04
  370.5000  5.994E-02  5.823E-02  5.654E-02  5.487E-02  5.321E-02  5.157E-02  4.994E-02  4.832E-02  4.672E-02  4.513E-02  4.356E-02  4.201E-02  4.046E-02  3.894E-02  3.743E-02  3.594E-02  3.447E-02  3.301E-02  3.157E-02  3.015E-02  2.876E-02  2.738E-02  2.602E-02  2.468E-02  2.336E-02  2.207E-02  2.081E-02  1.957E-02  1.835E-02  1.716E-02  1.601E-02  1.489E-02  1.380E-02  1.275E-02  1.174E-02  1.077E-02  9.849E-03  8.893E-03  7.891E-03  7.038E-03  6.314E-03  5.700E-03  4.955E-03  4.385E-03  3.787E-03  3.340E-03  2.832E-03  2.402E-03  2.030E-03  1.706E-03  1.419E-03  1.174E-03  9.688E-04  7.969E-04  6.327E-04  5.155E-04  4.059E-04  3.234E-04  2.569E-04  2.003E-04  1.558E-04
  371.5000  6.862E-02  6.667E-02  6.473E-02  6.282E-02  6.092E-02  5.904E-02  5.717E-02  5.532E-02  5.348E-02  5.167E-02  4.987E-02  4.809E-02  4.633E-02  4.458E-02  4.286E-02  4.115E-02  3.947E-02  3.780E-02  3.615E-02  3.453E-02  3.293E-02  3.135E-02  2.979E-02  2.826E-02  2.675E-02  2.527E-02  2.383E-02  2.241E-02  2.102E-02  1.965E-02  1.833E-02  1.705E-02  1.580E-02  1.460E-02  1.344E-02  1.233E-02  1.128E-02  1.018E-02  9.033E-03  8.056E-03  7.227E-03  6.524E-03  5.670E-03  5.017E-03  4.333E-03  3.821E-03  3.238E-03  2.746E-03  2.322E-03  1.950E-03  1.622E-03  1.342E-03  1.107E-03  9.102E-04  7.225E-04  5.885E-04  4.633E-04  3.690E-04  2.931E-04  2.285E-04  1.777E-04
  372.5000  5.072E-02  4.927E-02  4.785E-02  4.643E-02  4.503E-02  4.363E-02  4.225E-02  4.089E-02  3.953E-02  3.819E-02  3.686E-02  3.555E-02  3.424E-02  3.295E-02  3.168E-02  3.042E-02  2.917E-02  2.794E-02  2.672E-02  2.552E-02  2.434E-02  2.317E-02  2.202E-02  2.089E-02  1.978E-02  1.868E-02  1.761E-02  1.656E-02  1.554E-02  1.453E-02  1.355E-02  1.260E-02  1.168E-02  1.079E-02  9.932E-03  9.112E-03  8.334E-03  7.524E-03  6.676E-03  5.954E-03  5.340E-03  4.820E-03  4.189E-03  3.706E-03  3.200E-03  2.822E-03  2.391E-03  2.028E-03  1.714E-03  1.438E-03  1.196E-03  9.897E-04  8.164E-04  6.713E-04  5.327E-04  4.338E-04  3.414E-04  2.719E-04  2.159E-04  1.683E-04  1.308E-04
  373.5000  4.586E-02  4.455E-02  4.326E-02  4.198E-02  4.071E-02  3.945E-02  3.820E-02  3.697E-02  3.574E-02  3.453E-02  3.333E-02  3.214E-02  3.096E-02  2.979E-02  2.864E-02  2.750E-02  2.638E-02  2.526E-02  2.416E-02  2.307E-02  2.201E-02  2.095E-02  1.991E-02  1.889E-02  1.788E-02  1.689E-02  1.592E-02  1.497E-02  1.405E-02  1.314E-02  1.225E-02  1.139E-02  1.056E-02  9.754E-03  8.978E-03  8.236E-03  7.533E-03  6.800E-03  6.033E-03  5.380E-03  4.825E-03  4.355E-03  3.784E-03  3.347E-03  2.890E-03  2.547E-03  2.159E-03  1.830E-03  1.547E-03  1.298E-03  1.079E-03  8.927E-04  7.362E-04  6.052E-04  4.801E-04  3.909E-04  3.076E-04  2.449E-04  1.945E-04  1.515E-04  1.178E-04
  374.5000  5.035E-02  4.891E-02  4.750E-02  4.609E-02  4.470E-02  4.331E-02  4.194E-02  4.059E-02  3.924E-02  3.791E-02  3.659E-02  3.529E-02  3.399E-02  3.271E-02  3.145E-02  3.020E-02  2.896E-02  2.774E-02  2.653E-02  2.533E-02  2.416E-02  2.300E-02  2.186E-02  2.074E-02  1.963E-02  1.855E-02  1.748E-02  1.644E-02  1.542E-02  1.442E-02  1.345E-02  1.251E-02  1.159E-02  1.071E-02  9.855E-03  9.040E-03  8.268E-03  7.463E-03  6.621E-03  5.903E-03  5.294E-03  4.777E-03  4.151E-03  3.671E-03  3.169E-03  2.793E-03  2.367E-03  2.006E-03  1.695E-03  1.423E-03  1.183E-03  9.778E-04  8.062E-04  6.627E-04  5.255E-04  4.278E-04  3.366E-04  2.679E-04  2.127E-04  1.657E-04  1.288E-04
  375.5000  5.684E-02  5.522E-02  5.362E-02  5.203E-02  5.046E-02  4.890E-02  4.735E-02  4.582E-02  4.430E-02  4.280E-02  4.131E-02  3.984E-02  3.838E-02  3.693E-02  3.550E-02  3.409E-02  3.270E-02  3.131E-02  2.995E-02  2.860E-02  2.728E-02  2.597E-02  2.468E-02  2.341E-02  2.217E-02  2.094E-02  1.974E-02  1.856E-02  1.741E-02  1.629E-02  1.519E-02  1.413E-02  1.309E-02  1.209E-02  1.113E-02  1.021E-02  9.334E-03  8.426E-03  7.475E-03  6.664E-03  5.975E-03  5.392E-03  4.684E-03  4.142E-03  3.576E-03  3.151E-03  2.669E-03  2.262E-03  1.911E-03  1.603E-03  1.333E-03  1.102E-03  9.083E-04  7.465E-04  5.918E-04  4.817E-04  3.789E-04  3.015E-04  2.393E-04  1.864E-04  1.449E-04
  376.5000  5.679E-02  5.517E-02  5.357E-02  5.199E-02  5.042E-02  4.886E-02  4.731E-02  4.578E-02  4.426E-02  4.277E-02  4.128E-02  3.980E-02  3.834E-02  3.690E-02  3.547E-02  3.407E-02  3.267E-02  3.129E-02  2.993E-02  2.858E-02  2.726E-02  2.595E-02  2.466E-02  2.340E-02  2.215E-02  2.093E-02  1.973E-02  1.855E-02  1.740E-02  1.627E-02  1.518E-02  1.411E-02  1.308E-02  1.208E-02  1.112E-02  1.020E-02  9.326E-03  8.418E-03  7.467E-03  6.657E-03  5.969E-03  5.385E-03  4.678E-03  4.136E-03  3.570E-03  3.146E-03  2.664E-03  2.258E-03  1.907E-03  1.598E-03  1.329E-03  1.099E-03  9.056E-04  7.441E-04  5.898E-04  4.799E-04  3.774E-04  3.002E-04  2.382E-04  1.855E-04  1.442E-04
  377.5000  6.766E-02  6.573E-02  6.383E-02  6.194E-02  6.007E-02  5.821E-02  5.637E-02  5.454E-02  5.274E-02  5.095E-02  4.918E-02  4.742E-02  4.569E-02  4.397E-02  4.226E-02  4.059E-02  3.892E-02  3.728E-02  3.566E-02  3.406E-02  3.248E-02  3.092E-02  2.939E-02  2.788E-02  2.639E-02  2.493E-02  2.351E-02  2.210E-02  2.073E-02  1.939E-02  1.808E-02  1.682E-02  1.559E-02  1.439E-02  1.325E-02  1.215E-02  1.111E-02  1.003E-02  8.895E-03  7.930E-03  7.109E-03  6.413E-03  5.570E-03  4.925E-03  4.250E-03  3.744E-03  3.171E-03  2.687E-03  2.269E-03  1.900E-03  1.581E-03  1.306E-03  1.077E-03  8.844E-04  7.008E-04  5.701E-04  4.482E-04  3.565E-04  2.828E-04  2.202E-04  1.711E-04
  378.5000  7.377E-02  7.167E-02  6.959E-02  6.754E-02  6.549E-02  6.347E-02  6.146E-02  5.947E-02  5.750E-02  5.555E-02  5.362E-02  5.171E-02  4.981E-02  4.794E-02  4.608E-02  4.426E-02  4.244E-02  4.065E-02  3.888E-02  3.714E-02  3.542E-02  3.372E-02  3.204E-02  3.040E-02  2.878E-02  2.719E-02  2.563E-02  2.410E-02  2.261E-02  2.114E-02  1.972E-02  1.834E-02  1.699E-02  1.569E-02  1.444E-02  1.325E-02  1.211E-02  1.093E-02  9.696E-03  8.643E-03  7.747E-03  6.989E-03  6.069E-03  5.365E-03  4.629E-03  4.078E-03  3.453E-03  2.925E-03  2.470E-03  2.069E-03  1.720E-03  1.421E-03  1.171E-03  9.618E-04  7.619E-04  6.197E-04  4.871E-04  3.873E-04  3.072E-04  2.392E-04  1.858E-04
  379.5000  5.460E-02  5.305E-02  5.151E-02  4.999E-02  4.847E-02  4.697E-02  4.549E-02  4.401E-02  4.256E-02  4.112E-02  3.969E-02  3.827E-02  3.687E-02  3.548E-02  3.411E-02  3.275E-02  3.141E-02  3.009E-02  2.878E-02  2.748E-02  2.621E-02  2.496E-02  2.372E-02  2.250E-02  2.130E-02  2.012E-02  1.897E-02  1.784E-02  1.673E-02  1.565E-02  1.459E-02  1.357E-02  1.258E-02  1.161E-02  1.069E-02  9.802E-03  8.962E-03  8.088E-03  7.174E-03  6.394E-03  5.731E-03  5.169E-03  4.488E-03  3.967E-03  3.422E-03  3.014E-03  2.552E-03  2.162E-03  1.825E-03  1.529E-03  1.271E-03  1.050E-03  8.646E-04  7.100E-04  5.623E-04  4.572E-04  3.593E-04  2.857E-04  2.265E-04  1.763E-04  1.370E-04
  380.5000  6.570E-02  6.383E-02  6.197E-02  6.014E-02  5.832E-02  5.652E-02  5.473E-02  5.296E-02  5.120E-02  4.947E-02  4.775E-02  4.605E-02  4.436E-02  4.269E-02  4.104E-02  3.941E-02  3.780E-02  3.620E-02  3.463E-02  3.307E-02  3.154E-02  3.003E-02  2.854E-02  2.707E-02  2.563E-02  2.421E-02  2.283E-02  2.147E-02  2.013E-02  1.883E-02  1.756E-02  1.633E-02  1.513E-02  1.397E-02  1.286E-02  1.179E-02  1.078E-02  9.731E-03  8.630E-03  7.691E-03  6.893E-03  6.217E-03  5.398E-03  4.770E-03  4.115E-03  3.624E-03  3.067E-03  2.597E-03  2.193E-03  1.836E-03  1.526E-03  1.260E-03  1.038E-03  8.522E-04  6.747E-04  5.485E-04  4.309E-04  3.425E-04  2.716E-04  2.113E-04  1.641E-04
  381.5000  6.176E-02  6.001E-02  5.826E-02  5.654E-02  5.483E-02  5.313E-02  5.145E-02  4.979E-02  4.814E-02  4.651E-02  4.489E-02  4.329E-02  4.170E-02  4.014E-02  3.858E-02  3.705E-02  3.554E-02  3.404E-02  3.256E-02  3.109E-02  2.966E-02  2.823E-02  2.683E-02  2.545E-02  2.410E-02  2.277E-02  2.146E-02  2.018E-02  1.893E-02  1.770E-02  1.651E-02  1.535E-02  1.423E-02  1.314E-02  1.209E-02  1.109E-02  1.014E-02  9.147E-03  8.112E-03  7.229E-03  6.478E-03  5.842E-03  5.072E-03  4.481E-03  3.865E-03  3.403E-03  2.880E-03  2.439E-03  2.058E-03  1.723E-03  1.432E-03  1.183E-03  9.736E-04  7.992E-04  6.326E-04  5.141E-04  4.038E-04  3.210E-04  2.544E-04  1.979E-04  1.537E-04
  382.5000  4.117E-02  4.000E-02  3.884E-02  3.769E-02  3.655E-02  3.542E-02  3.430E-02  3.319E-02  3.209E-02  3.100E-02  2.993E-02  2.886E-02  2.780E-02  2.676E-02  2.572E-02  2.470E-02  2.369E-02  2.269E-02  2.170E-02  2.073E-02  1.977E-02  1.882E-02  1.789E-02  1.697E-02  1.607E-02  1.518E-02  1.431E-02  1.345E-02  1.262E-02  1.180E-02  1.101E-02  1.024E-02  9.484E-03  8.758E-03  8.059E-03  7.390E-03  6.756E-03  6.097E-03  5.407E-03  4.818E-03  4.317E-03  3.892E-03  3.379E-03  2.985E-03  2.574E-03  2.266E-03  1.918E-03  1.624E-03  1.370E-03  1.146E-03  9.528E-04  7.866E-04  6.475E-04  5.314E-04  4.206E-04  3.417E-04  2.683E-04  2.132E-04  1.690E-04  1.314E-04  1.021E-04
  383.5000  3.617E-02  3.514E-02  3.412E-02  3.311E-02  3.211E-02  3.112E-02  3.013E-02  2.916E-02  2.819E-02  2.724E-02  2.629E-02  2.535E-02  2.442E-02  2.350E-02  2.260E-02  2.170E-02  2.081E-02  1.993E-02  1.907E-02  1.821E-02  1.737E-02  1.654E-02  1.572E-02  1.491E-02  1.411E-02  1.333E-02  1.257E-02  1.182E-02  1.109E-02  1.037E-02  9.670E-03  8.992E-03  8.332E-03  7.693E-03  7.079E-03  6.491E-03  5.934E-03  5.355E-03  4.748E-03  4.231E-03  3.791E-03  3.417E-03  2.966E-03  2.620E-03  2.259E-03  1.989E-03  1.683E-03  1.424E-03  1.202E-03  1.005E-03  8.354E-04  6.896E-04  5.675E-04  4.657E-04  3.684E-04  2.993E-04  2.350E-04  1.867E-04  1.479E-04  1.150E-04  8.929E-05
  384.5000  5.431E-02  5.276E-02  5.123E-02  4.971E-02  4.821E-02  4.672E-02  4.524E-02  4.377E-02  4.232E-02  4.089E-02  3.947E-02  3.806E-02  3.667E-02  3.529E-02  3.393E-02  3.258E-02  3.125E-02  2.993E-02  2.863E-02  2.734E-02  2.608E-02  2.483E-02  2.360E-02  2.238E-02  2.119E-02  2.002E-02  1.888E-02  1.775E-02  1.665E-02  1.557E-02  1.452E-02  1.350E-02  1.251E-02  1.155E-02  1.063E-02  9.746E-03  8.909E-03  8.038E-03  7.128E-03  6.351E-03  5.689E-03  5.129E-03  4.451E-03  3.931E-03  3.389E-03  2.983E-03  2.523E-03  2.136E-03  1.802E-03  1.507E-03  1.252E-03  1.033E-03  8.501E-04  6.974E-04  5.516E-04  4.480E-04  3.516E-04  2.793E-04  2.212E-04  1.720E-04  1.335E-04
  385.5000  5.375E-02  5.222E-02  5.070E-02  4.921E-02  4.772E-02  4.624E-02  4.478E-02  4.333E-02  4.189E-02  4.047E-02  3.907E-02  3.767E-02  3.629E-02  3.493E-02  3.358E-02  3.225E-02  3.093E-02  2.963E-02  2.834E-02  2.707E-02  2.581E-02  2.458E-02  2.336E-02  2.216E-02  2.098E-02  1.982E-02  1.868E-02  1.757E-02  1.648E-02  1.541E-02  1.437E-02  1.336E-02  1.238E-02  1.143E-02  1.052E-02  9.646E-03  8.817E-03  7.956E-03  7.054E-03  6.284E-03  5.629E-03  5.074E-03  4.403E-03  3.889E-03  3.352E-03  2.950E-03  2.495E-03  2.111E-03  1.781E-03  1.489E-03  1.237E-03  1.021E-03  8.395E-04  6.886E-04  5.445E-04  4.421E-04  3.469E-04  2.755E-04  2.182E-04  1.696E-04  1.316E-04
  386.5000  5.482E-02  5.325E-02  5.171E-02  5.018E-02  4.866E-02  4.715E-02  4.566E-02  4.418E-02  4.272E-02  4.127E-02  3.984E-02  3.842E-02  3.701E-02  3.562E-02  3.424E-02  3.289E-02  3.154E-02  3.021E-02  2.890E-02  2.760E-02  2.633E-02  2.506E-02  2.382E-02  2.260E-02  2.139E-02  2.021E-02  1.906E-02  1.792E-02  1.680E-02  1.571E-02  1.466E-02  1.363E-02  1.263E-02  1.166E-02  1.073E-02  9.836E-03  8.991E-03  8.112E-03  7.192E-03  6.407E-03  5.739E-03  5.172E-03  4.488E-03  3.963E-03  3.415E-03  3.005E-03  2.541E-03  2.150E-03  1.813E-03  1.516E-03  1.259E-03  1.039E-03  8.542E-04  7.005E-04  5.537E-04  4.495E-04  3.527E-04  2.800E-04  2.217E-04  1.723E-04  1.337E-04
  387.5000  5.096E-02  4.951E-02  4.807E-02  4.665E-02  4.524E-02  4.384E-02  4.245E-02  4.108E-02  3.972E-02  3.837E-02  3.704E-02  3.572E-02  3.441E-02  3.312E-02  3.184E-02  3.058E-02  2.932E-02  2.809E-02  2.687E-02  2.566E-02  2.448E-02  2.330E-02  2.215E-02  2.101E-02  1.989E-02  1.879E-02  1.772E-02  1.666E-02  1.562E-02  1.461E-02  1.363E-02  1.267E-02  1.174E-02  1.084E-02  9.973E-03  9.144E-03  8.358E-03  7.540E-03  6.686E-03  5.955E-03  5.333E-03  4.806E-03  4.170E-03  3.681E-03  3.172E-03  2.791E-03  2.360E-03  1.996E-03  1.683E-03  1.407E-03  1.168E-03  9.636E-04  7.923E-04  6.497E-04  5.134E-04  4.167E-04  3.268E-04  2.594E-04  2.054E-04  1.596E-04  1.238E-04
  388.5000  5.110E-02  4.965E-02  4.820E-02  4.678E-02  4.536E-02  4.396E-02  4.257E-02  4.119E-02  3.982E-02  3.848E-02  3.714E-02  3.581E-02  3.450E-02  3.321E-02  3.192E-02  3.066E-02  2.940E-02  2.817E-02  2.694E-02  2.573E-02  2.454E-02  2.337E-02  2.221E-02  2.107E-02  1.995E-02  1.885E-02  1.777E-02  1.671E-02  1.567E-02  1.465E-02  1.367E-02  1.271E-02  1.177E-02  1.087E-02  1.000E-02  9.168E-03  8.379E-03  7.559E-03  6.702E-03  5.970E-03  5.346E-03  4.817E-03  4.178E-03  3.689E-03  3.178E-03  2.796E-03  2.363E-03  1.999E-03  1.685E-03  1.409E-03  1.169E-03  9.641E-04  7.926E-04  6.498E-04  5.133E-04  4.165E-04  3.266E-04  2.592E-04  2.052E-04  1.594E-04  1.236E-04
  389.5000  6.447E-02  6.263E-02  6.081E-02  5.901E-02  5.722E-02  5.545E-02  5.370E-02  5.196E-02  5.024E-02  4.854E-02  4.685E-02  4.518E-02  4.353E-02  4.189E-02  4.027E-02  3.868E-02  3.710E-02  3.553E-02  3.399E-02  3.246E-02  3.096E-02  2.948E-02  2.802E-02  2.658E-02  2.517E-02  2.378E-02  2.242E-02  2.108E-02  1.977E-02  1.848E-02  1.724E-02  1.603E-02  1.485E-02  1.371E-02  1.262E-02  1.157E-02  1.057E-02  9.536E-03  8.454E-03  7.529E-03  6.742E-03  6.074E-03  5.268E-03  4.650E-03  4.006E-03  3.523E-03  2.978E-03  2.518E-03  2.123E-03  1.775E-03  1.472E-03  1.214E-03  9.977E-04  8.177E-04  6.459E-04  5.239E-04  4.107E-04  3.259E-04  2.579E-04  2.003E-04  1.554E-04
  390.5000  6.336E-02  6.155E-02  5.976E-02  5.799E-02  5.623E-02  5.449E-02  5.277E-02  5.106E-02  4.937E-02  4.770E-02  4.604E-02  4.440E-02  4.277E-02  4.117E-02  3.958E-02  3.801E-02  3.645E-02  3.492E-02  3.340E-02  3.190E-02  3.043E-02  2.897E-02  2.754E-02  2.612E-02  2.473E-02  2.337E-02  2.203E-02  2.071E-02  1.943E-02  1.817E-02  1.694E-02  1.575E-02  1.460E-02  1.348E-02  1.240E-02  1.137E-02  1.039E-02  9.370E-03  8.306E-03  7.397E-03  6.623E-03  5.966E-03  5.175E-03  4.567E-03  3.934E-03  3.459E-03  2.923E-03  2.471E-03  2.083E-03  1.741E-03  1.444E-03  1.190E-03  9.782E-04  8.016E-04  6.329E-04  5.134E-04  4.023E-04  3.192E-04  2.525E-04  1.961E-04  1.521E-04
  391.5000  7.520E-02  7.305E-02  7.093E-02  6.883E-02  6.674E-02  6.468E-02  6.263E-02  6.060E-02  5.860E-02  5.661E-02  5.465E-02  5.270E-02  5.077E-02  4.886E-02  4.697E-02  4.511E-02  4.327E-02  4.145E-02  3.965E-02  3.787E-02  3.612E-02  3.439E-02  3.269E-02  3.101E-02  2.936E-02  2.774E-02  2.615E-02  2.459E-02  2.306E-02  2.157E-02  2.011E-02  1.870E-02  1.733E-02  1.600E-02  1.471E-02  1.349E-02  1.233E-02  1.112E-02  9.858E-03  8.778E-03  7.859E-03  7.079E-03  6.139E-03  5.417E-03  4.665E-03  4.102E-03  3.466E-03  2.930E-03  2.469E-03  2.063E-03  1.711E-03  1.410E-03  1.158E-03  9.491E-04  7.492E-04  6.075E-04  4.760E-04  3.775E-04  2.986E-04  2.319E-04  1.798E-04
  392.5000  5.642E-02  5.481E-02  5.321E-02  5.164E-02  5.007E-02  4.852E-02  4.699E-02  4.546E-02  4.396E-02  4.247E-02  4.100E-02  3.953E-02  3.809E-02  3.666E-02  3.524E-02  3.385E-02  3.246E-02  3.109E-02  2.974E-02  2.841E-02  2.710E-02  2.580E-02  2.452E-02  2.326E-02  2.203E-02  2.081E-02  1.962E-02  1.845E-02  1.730E-02  1.618E-02  1.509E-02  1.403E-02  1.300E-02  1.200E-02  1.104E-02  1.012E-02  9.247E-03  8.341E-03  7.394E-03  6.584E-03  5.894E-03  5.308E-03  4.603E-03  4.061E-03  3.497E-03  3.074E-03  2.597E-03  2.195E-03  1.849E-03  1.545E-03  1.281E-03  1.056E-03  8.671E-04  7.103E-04  5.606E-04  4.544E-04  3.560E-04  2.823E-04  2.232E-04  1.733E-04  1.343E-04
  393.5000  2.454E-02  2.384E-02  2.314E-02  2.246E-02  2.178E-02  2.110E-02  2.044E-02  1.977E-02  1.912E-02  1.847E-02  1.783E-02  1.719E-02  1.657E-02  1.594E-02  1.533E-02  1.472E-02  1.412E-02  1.352E-02  1.294E-02  1.236E-02  1.179E-02  1.122E-02  1.067E-02  1.012E-02  9.581E-03  9.051E-03  8.533E-03  8.024E-03  7.526E-03  7.038E-03  6.563E-03  6.102E-03  5.654E-03  5.219E-03  4.801E-03  4.401E-03  4.022E-03  3.627E-03  3.215E-03  2.863E-03  2.563E-03  2.308E-03  2.001E-03  1.765E-03  1.520E-03  1.336E-03  1.128E-03  9.534E-04  8.030E-04  6.711E-04  5.562E-04  4.582E-04  3.763E-04  3.082E-04  2.431E-04  1.970E-04  1.543E-04  1.223E-04  9.672E-05  7.508E-05  5.819E-05
  394.5000  5.777E-02  5.612E-02  5.448E-02  5.287E-02  5.127E-02  4.968E-02  4.811E-02  4.655E-02  4.501E-02  4.348E-02  4.197E-02  4.048E-02  3.900E-02  3.753E-02  3.608E-02  3.465E-02  3.324E-02  3.184E-02  3.045E-02  2.909E-02  2.775E-02  2.642E-02  2.511E-02  2.382E-02  2.255E-02  2.131E-02  2.009E-02  1.889E-02  1.772E-02  1.657E-02  1.545E-02  1.437E-02  1.331E-02  1.229E-02  1.130E-02  1.036E-02  9.466E-03  8.538E-03  7.568E-03  6.738E-03  6.030E-03  5.430E-03  4.707E-03  4.152E-03  3.574E-03  3.141E-03  2.653E-03  2.241E-03  1.887E-03  1.577E-03  1.307E-03  1.076E-03  8.837E-04  7.236E-04  5.707E-04  4.625E-04  3.621E-04  2.870E-04  2.268E-04  1.760E-04  1.364E-04
  395.5000  7.436E-02  7.223E-02  7.013E-02  6.805E-02  6.599E-02  6.394E-02  6.192E-02  5.991E-02  5.793E-02  5.597E-02  5.402E-02  5.210E-02  5.019E-02  4.831E-02  4.644E-02  4.460E-02  4.278E-02  4.098E-02  3.920E-02  3.744E-02  3.572E-02  3.401E-02  3.232E-02  3.066E-02  2.903E-02  2.743E-02  2.586E-02  2.432E-02  2.281E-02  2.133E-02  1.989E-02  1.849E-02  1.713E-02  1.581E-02  1.455E-02  1.333E-02  1.218E-02  1.099E-02  9.740E-03  8.670E-03  7.759E-03  6.986E-03  6.056E-03  5.341E-03  4.597E-03  4.039E-03  3.411E-03  2.881E-03  2.426E-03  2.027E-03  1.679E-03  1.382E-03  1.135E-03  9.290E-04  7.326E-04  5.935E-04  4.645E-04  3.681E-04  2.909E-04  2.257E-04  1.749E-04
  396.5000  4.368E-02  4.243E-02  4.120E-02  3.998E-02  3.876E-02  3.756E-02  3.637E-02  3.519E-02  3.403E-02  3.288E-02  3.173E-02  3.060E-02  2.948E-02  2.838E-02  2.728E-02  2.620E-02  2.513E-02  2.407E-02  2.303E-02  2.200E-02  2.098E-02  1.998E-02  1.899E-02  1.801E-02  1.706E-02  1.611E-02  1.519E-02  1.429E-02  1.340E-02  1.253E-02  1.168E-02  1.086E-02  1.006E-02  9.291E-03  8.546E-03  7.833E-03  7.157E-03  6.454E-03  5.721E-03  5.093E-03  4.557E-03  4.102E-03  3.556E-03  3.135E-03  2.699E-03  2.371E-03  2.001E-03  1.690E-03  1.423E-03  1.189E-03  9.846E-04  8.105E-04  6.652E-04  5.444E-04  4.292E-04  3.476E-04  2.720E-04  2.155E-04  1.703E-04  1.321E-04  1.023E-04
  397.5000  5.043E-02  4.899E-02  4.756E-02  4.615E-02  4.475E-02  4.336E-02  4.199E-02  4.063E-02  3.928E-02  3.795E-02  3.663E-02  3.533E-02  3.404E-02  3.276E-02  3.149E-02  3.025E-02  2.901E-02  2.779E-02  2.659E-02  2.539E-02  2.422E-02  2.306E-02  2.192E-02  2.080E-02  1.969E-02  1.860E-02  1.754E-02  1.649E-02  1.547E-02  1.447E-02  1.349E-02  1.254E-02  1.162E-02  1.073E-02  9.866E-03  9.043E-03  8.262E-03  7.451E-03  6.604E-03  5.878E-03  5.260E-03  4.735E-03  4.103E-03  3.618E-03  3.113E-03  2.735E-03  2.308E-03  1.949E-03  1.641E-03  1.370E-03  1.135E-03  9.339E-04  7.662E-04  6.270E-04  4.942E-04  4.002E-04  3.131E-04  2.480E-04  1.959E-04  1.519E-04  1.177E-04
  398.5000  8.669E-02  8.421E-02  8.176E-02  7.933E-02  7.692E-02  7.454E-02  7.218E-02  6.984E-02  6.753E-02  6.524E-02  6.297E-02  6.073E-02  5.851E-02  5.631E-02  5.414E-02  5.200E-02  4.987E-02  4.777E-02  4.570E-02  4.366E-02  4.164E-02  3.965E-02  3.769E-02  3.575E-02  3.385E-02  3.198E-02  3.015E-02  2.836E-02  2.659E-02  2.487E-02  2.319E-02  2.156E-02  1.998E-02  1.844E-02  1.696E-02  1.555E-02  1.420E-02  1.281E-02  1.135E-02  1.010E-02  9.040E-03  8.136E-03  7.051E-03  6.216E-03  5.348E-03  4.697E-03  3.964E-03  3.347E-03  2.816E-03  2.352E-03  1.947E-03  1.602E-03  1.314E-03  1.075E-03  8.473E-04  6.859E-04  5.365E-04  4.249E-04  3.355E-04  2.602E-04  2.015E-04
  399.5000  9.020E-02  8.762E-02  8.507E-02  8.255E-02  8.004E-02  7.756E-02  7.510E-02  7.267E-02  7.026E-02  6.788E-02  6.552E-02  6.319E-02  6.088E-02  5.859E-02  5.633E-02  5.410E-02  5.189E-02  4.971E-02  4.755E-02  4.542E-02  4.333E-02  4.126E-02  3.922E-02  3.721E-02  3.523E-02  3.328E-02  3.138E-02  2.951E-02  2.767E-02  2.588E-02  2.414E-02  2.244E-02  2.079E-02  1.919E-02  1.765E-02  1.618E-02  1.478E-02  1.333E-02  1.181E-02  1.051E-02  9.404E-03  8.463E-03  7.333E-03  6.464E-03  5.561E-03  4.883E-03  4.120E-03  3.478E-03  2.926E-03  2.443E-03  2.022E-03  1.664E-03  1.365E-03  1.116E-03  8.792E-04  7.116E-04  5.565E-04  4.406E-04  3.478E-04  2.697E-04  2.088E-04
------------------------------------------------------------
Dose rates,W m-2
   1 = UV index (WMO, 1994; Webb et al., 2011)           
   2 = Previtamin-D3 (CIE 2006)                          
values at z =      0.025 km
Columns: time,sza,weighting spectra
time,hrs.  sza,deg.          1          2
   18.0000     82.602  1.440E-01  2.301E-03
   18.0167     82.802  1.388E-01  2.196E-03
   18.0333     83.001  1.337E-01  2.095E-03
   18.0500     83.200  1.288E-01  1.998E-03
   18.0667     83.400  1.239E-01  1.905E-03
   18.0833     83.600  1.192E-01  1.816E-03
   18.1000     83.800  1.145E-01  1.729E-03
   18.1167     84.001  1.100E-01  1.647E-03
   18.1333     84.201  1.056E-01  1.567E-03
   18.1500     84.402  1.012E-01  1.491E-03
   18.1667     84.602  9.699E-02  1.418E-03
   18.1833     84.803  9.284E-02  1.347E-03
   18.2000     85.004  8.879E-02  1.280E-03
   18.2167     85.206  8.484E-02  1.215E-03
   18.2333     85.407  8.098E-02  1.153E-03
   18.2500     85.608  7.723E-02  1.093E-03
   18.2667     85.810  7.356E-02  1.036E-03
   18.2833     86.012  6.999E-02  9.815E-04
   18.3000     86.214  6.651E-02  9.290E-04
   18.3167     86.416  6.312E-02  8.787E-04
   18.3333     86.618  5.983E-02  8.306E-04
   18.3500     86.820  5.662E-02  7.844E-04
   18.3667     87.023  5.350E-02  7.401E-04
   18.3833     87.225  5.047E-02  6.977E-04
   18.4000     87.428  4.753E-02  6.571E-04
   18.4167     87.631  4.469E-02  6.182E-04
   18.4333     87.833  4.194E-02  5.810E-04
   18.4500     88.037  3.927E-02  5.453E-04
   18.4667     88.240  3.669E-02  5.112E-04
   18.4833     88.443  3.420E-02  4.785E-04
   18.5000     88.647  3.181E-02  4.472E-04
   18.5167     88.850  2.951E-02  4.174E-04
   18.5333     89.054  2.730E-02  3.889E-04
   18.5500     89.258  2.518E-02  3.616E-04
   18.5667     89.462  2.317E-02  3.358E-04
   18.5833     89.666  2.125E-02  3.112E-04
   18.6000     89.870  1.946E-02  2.881E-04
   18.6167     90.074  1.760E-02  2.641E-04
   18.6333     90.279  1.569E-02  2.390E-04
   18.6500     90.483  1.405E-02  2.175E-04
   18.6667     90.688  1.266E-02  1.991E-04
   18.6833     90.893  1.148E-02  1.834E-04
   18.7000     91.098  1.007E-02  1.640E-04
   18.7167     91.302  8.973E-03  1.489E-04
   18.7333     91.507  7.829E-03  1.326E-04
   18.7500     91.713  6.963E-03  1.203E-04
   18.7667     91.918  5.980E-03  1.056E-04
   18.7833     92.124  5.140E-03  9.284E-05
   18.8000     92.329  4.408E-03  8.139E-05
   18.8167     92.534  3.756E-03  7.085E-05
   18.8333     92.740  3.179E-03  6.123E-05
   18.8500     92.946  2.675E-03  5.257E-05
   18.8667     93.152  2.245E-03  4.492E-05
   18.8833     93.358  1.868E-03  3.779E-05
   18.9000     93.563  1.516E-03  3.121E-05
   18.9167     93.770  1.252E-03  2.604E-05
   18.9333     93.976  9.982E-04  2.087E-05
   18.9500     94.182  8.006E-04  1.674E-05
   18.9667     94.389  6.403E-04  1.339E-05
   18.9833     94.595  4.995E-04  1.036E-05
   19.0000     94.802  3.868E-04  7.922E-06
------------------------------------------------------------
