Spectral Irradiance,W m-2 nm-1
values at z =      0.025 km
Columns: wavelength (nm),times (hrs.) or sza (deg.)
    wc,nm     18.000     18.017     18.033     18.050     18.067     18.083     18.100     18.117     18.133     18.150     18.167     18.183     18.200     18.217     18.233     18.250     18.267     18.283     18.300     18.317     18.333     18.350     18.367     18.383     18.400     18.417     18.433     18.450     18.467     18.483     18.500     18.517     18.533     18.550     18.567     18.583     18.600     18.617     18.633     18.650     18.667     18.683     18.700     18.717     18.733     18.750     18.767     18.783     18.800     18.817     18.833     18.850     18.867     18.883     18.900     18.917     18.933     18.950     18.967     18.983     19.000
    sza =      82.164     82.365     82.565     82.766     82.967     83.168     83.369     83.570     83.772     83.973     84.175     84.377     84.579     84.781     84.984     85.186     85.388     85.591     85.794     85.997     86.200     86.403     86.607     86.810     87.014     87.218     87.421     87.625     87.829     88.034     88.238     88.442     88.647     88.851     89.056     89.261     89.466     89.671     89.876     90.082     90.287     90.493     90.698     90.904     91.109     91.315     91.522     91.728     91.933     92.140     92.346     92.553     92.759     92.966     93.172     93.379     93.586     93.793     94.000     94.207     94.414
  280.5000  3.959E-27  3.891E-27  3.822E-27  3.754E-27  3.686E-27  3.618E-27  3.550E-27  3.482E-27  3.414E-27  3.347E-27  3.279E-27  3.211E-27  3.143E-27  3.074E-27  3.006E-27  2.938E-27  2.869E-27  2.800E-27  2.731E-27  2.661E-27  2.591E-27  2.521E-27  2.450E-27  2.379E-27  2.308E-27  2.236E-27  2.163E-27  2.090E-27  2.017E-27  1.943E-27  1.868E-27  1.793E-27  1.718E-27  1.642E-27  1.565E-27  1.489E-27  1.412E-27  1.336E-27  1.261E-27  1.176E-27  1.081E-27  9.992E-28  9.282E-28  8.663E-28  7.799E-28  7.155E-28  6.389E-28  5.837E-28  5.121E-28  4.482E-28  3.900E-28  3.367E-28  2.879E-28  2.439E-28  2.052E-28  1.657E-28  1.340E-28  1.039E-28  7.823E-29  5.478E-29  3.587E-29
  281.5000  1.014E-24  9.960E-25  9.783E-25  9.608E-25  9.433E-25  9.258E-25  9.083E-25  8.908E-25  8.734E-25  8.560E-25  8.386E-25  8.211E-25  8.037E-25  7.862E-25  7.687E-25  7.512E-25  7.336E-25  7.159E-25  6.982E-25  6.804E-25  6.626E-25  6.446E-25  6.266E-25  6.084E-25  5.902E-25  5.718E-25  5.533E-25  5.347E-25  5.159E-25  4.970E-25  4.780E-25  4.589E-25  4.396E-25  4.202E-25  4.008E-25  3.812E-25  3.617E-25  3.424E-25  3.233E-25  3.014E-25  2.772E-25  2.563E-25  2.382E-25  2.224E-25  2.003E-25  1.838E-25  1.641E-25  1.500E-25  1.317E-25  1.153E-25  1.003E-25  8.664E-26  7.411E-26  6.284E-26  5.289E-26  4.278E-26  3.467E-26  2.703E-26  2.052E-26  1.458E-26  9.759E-27
  282.5000  8.140E-23  7.997E-23  7.855E-23  7.713E-23  7.572E-23  7.430E-23  7.289E-23  7.148E-23  7.008E-23  6.868E-23  6.727E-23  6.587E-23  6.446E-23  6.305E-23  6.164E-23  6.024E-23  5.882E-23  5.740E-23  5.598E-23  5.455E-23  5.312E-23  5.168E-23  5.024E-23  4.878E-23  4.732E-23  4.585E-23  4.437E-23  4.288E-23  4.137E-23  3.986E-23  3.834E-23  3.681E-23  3.527E-23  3.372E-23  3.216E-23  3.060E-23  2.904E-23  2.749E-23  2.597E-23  2.421E-23  2.228E-23  2.061E-23  1.915E-23  1.789E-23  1.611E-23  1.479E-23  1.322E-23  1.208E-23  1.061E-23  9.287E-24  8.088E-24  6.986E-24  5.978E-24  5.071E-24  4.272E-24  3.459E-24  2.809E-24  2.199E-24  1.682E-24  1.209E-24  8.245E-25
  283.5000  1.269E-21  1.246E-21  1.224E-21  1.202E-21  1.179E-21  1.157E-21  1.135E-21  1.113E-21  1.091E-21  1.069E-21  1.047E-21  1.025E-21  1.004E-21  9.815E-22  9.596E-22  9.376E-22  9.155E-22  8.934E-22  8.712E-22  8.490E-22  8.267E-22  8.043E-22  7.817E-22  7.591E-22  7.363E-22  7.134E-22  6.904E-22  6.672E-22  6.439E-22  6.204E-22  5.967E-22  5.730E-22  5.490E-22  5.249E-22  5.007E-22  4.764E-22  4.522E-22  4.282E-22  4.045E-22  3.772E-22  3.471E-22  3.212E-22  2.986E-22  2.789E-22  2.513E-22  2.308E-22  2.062E-22  1.885E-22  1.655E-22  1.450E-22  1.263E-22  1.091E-22  9.342E-23  7.928E-23  6.681E-23  5.414E-23  4.402E-23  3.457E-23  2.655E-23  1.923E-23  1.327E-23
  284.5000  1.162E-19  1.142E-19  1.121E-19  1.100E-19  1.080E-19  1.059E-19  1.039E-19  1.019E-19  9.984E-20  9.782E-20  9.579E-20  9.377E-20  9.175E-20  8.973E-20  8.771E-20  8.569E-20  8.366E-20  8.163E-20  7.960E-20  7.756E-20  7.552E-20  7.347E-20  7.141E-20  6.934E-20  6.726E-20  6.517E-20  6.307E-20  6.095E-20  5.882E-20  5.668E-20  5.453E-20  5.236E-20  5.018E-20  4.799E-20  4.579E-20  4.358E-20  4.138E-20  3.919E-20  3.704E-20  3.455E-20  3.181E-20  2.944E-20  2.739E-20  2.560E-20  2.308E-20  2.120E-20  1.896E-20  1.734E-20  1.523E-20  1.335E-20  1.164E-20  1.006E-20  8.615E-21  7.316E-21  6.172E-21  5.008E-21  4.080E-21  3.219E-21  2.492E-21  1.828E-21  1.287E-21
  285.5000  2.063E-18  2.026E-18  1.989E-18  1.952E-18  1.915E-18  1.879E-18  1.842E-18  1.806E-18  1.770E-18  1.733E-18  1.697E-18  1.661E-18  1.625E-18  1.589E-18  1.553E-18  1.517E-18  1.481E-18  1.445E-18  1.409E-18  1.372E-18  1.336E-18  1.300E-18  1.263E-18  1.227E-18  1.190E-18  1.153E-18  1.116E-18  1.078E-18  1.040E-18  1.003E-18  9.645E-19  9.263E-19  8.878E-19  8.491E-19  8.103E-19  7.713E-19  7.325E-19  6.940E-19  6.559E-19  6.121E-19  5.637E-19  5.220E-19  4.857E-19  4.542E-19  4.096E-19  3.765E-19  3.368E-19  3.082E-19  2.709E-19  2.375E-19  2.071E-19  1.791E-19  1.535E-19  1.304E-19  1.101E-19  8.943E-20  7.298E-20  5.778E-20  4.497E-20  3.329E-20  2.378E-20
  286.5000  8.502E-17  8.347E-17  8.192E-17  8.039E-17  7.886E-17  7.733E-17  7.582E-17  7.431E-17  7.280E-17  7.130E-17  6.980E-17  6.831E-17  6.681E-17  6.532E-17  6.383E-17  6.234E-17  6.085E-17  5.936E-17  5.787E-17  5.637E-17  5.488E-17  5.338E-17  5.187E-17  5.036E-17  4.884E-17  4.732E-17  4.579E-17  4.425E-17  4.271E-17  4.116E-17  3.959E-17  3.803E-17  3.645E-17  3.485E-17  3.327E-17  3.167E-17  3.008E-17  2.851E-17  2.695E-17  2.515E-17  2.317E-17  2.146E-17  1.998E-17  1.869E-17  1.686E-17  1.550E-17  1.387E-17  1.270E-17  1.117E-17  9.796E-18  8.545E-18  7.393E-18  6.338E-18  5.388E-18  4.552E-18  3.700E-18  3.023E-18  2.400E-18  1.875E-18  1.398E-18  1.010E-18
  287.5000  1.963E-15  1.926E-15  1.890E-15  1.854E-15  1.819E-15  1.783E-15  1.748E-15  1.712E-15  1.677E-15  1.642E-15  1.608E-15  1.573E-15  1.538E-15  1.503E-15  1.469E-15  1.434E-15  1.400E-15  1.365E-15  1.331E-15  1.296E-15  1.261E-15  1.227E-15  1.192E-15  1.157E-15  1.122E-15  1.087E-15  1.052E-15  1.016E-15  9.809E-16  9.451E-16  9.093E-16  8.733E-16  8.371E-16  8.007E-16  7.642E-16  7.277E-16  6.912E-16  6.551E-16  6.195E-16  5.784E-16  5.329E-16  4.938E-16  4.598E-16  4.303E-16  3.884E-16  3.573E-16  3.199E-16  2.930E-16  2.578E-16  2.263E-16  1.975E-16  1.710E-16  1.466E-16  1.247E-16  1.054E-16  8.580E-17  7.020E-17  5.588E-17  4.385E-17  3.293E-17  2.406E-17
  288.5000  4.520E-14  4.435E-14  4.350E-14  4.266E-14  4.182E-14  4.099E-14  4.016E-14  3.934E-14  3.852E-14  3.770E-14  3.689E-14  3.608E-14  3.527E-14  3.447E-14  3.366E-14  3.286E-14  3.206E-14  3.126E-14  3.046E-14  2.966E-14  2.886E-14  2.806E-14  2.726E-14  2.646E-14  2.565E-14  2.485E-14  2.404E-14  2.323E-14  2.241E-14  2.159E-14  2.077E-14  1.995E-14  1.912E-14  1.829E-14  1.746E-14  1.663E-14  1.580E-14  1.497E-14  1.416E-14  1.323E-14  1.219E-14  1.130E-14  1.053E-14  9.856E-15  8.902E-15  8.193E-15  7.341E-15  6.728E-15  5.924E-15  5.203E-15  4.544E-15  3.937E-15  3.379E-15  2.877E-15  2.434E-15  1.983E-15  1.625E-15  1.297E-15  1.022E-15  7.734E-16  5.719E-16
  289.5000  7.425E-13  7.283E-13  7.141E-13  7.000E-13  6.861E-13  6.722E-13  6.584E-13  6.447E-13  6.311E-13  6.175E-13  6.040E-13  5.906E-13  5.772E-13  5.639E-13  5.506E-13  5.373E-13  5.241E-13  5.109E-13  4.977E-13  4.845E-13  4.713E-13  4.581E-13  4.449E-13  4.317E-13  4.185E-13  4.053E-13  3.920E-13  3.787E-13  3.654E-13  3.520E-13  3.386E-13  3.251E-13  3.116E-13  2.981E-13  2.845E-13  2.709E-13  2.574E-13  2.440E-13  2.308E-13  2.156E-13  1.988E-13  1.843E-13  1.718E-13  1.609E-13  1.453E-13  1.338E-13  1.200E-13  1.100E-13  9.696E-14  8.517E-14  7.443E-14  6.451E-14  5.541E-14  4.720E-14  3.996E-14  3.258E-14  2.673E-14  2.138E-14  1.691E-14  1.286E-14  9.587E-15
  290.5000  7.500E-12  7.353E-12  7.208E-12  7.064E-12  6.920E-12  6.778E-12  6.637E-12  6.496E-12  6.357E-12  6.219E-12  6.081E-12  5.944E-12  5.807E-12  5.671E-12  5.536E-12  5.401E-12  5.266E-12  5.132E-12  4.998E-12  4.864E-12  4.731E-12  4.597E-12  4.464E-12  4.330E-12  4.197E-12  4.063E-12  3.929E-12  3.795E-12  3.661E-12  3.526E-12  3.391E-12  3.256E-12  3.121E-12  2.984E-12  2.849E-12  2.713E-12  2.577E-12  2.444E-12  2.312E-12  2.160E-12  1.991E-12  1.847E-12  1.721E-12  1.613E-12  1.458E-12  1.343E-12  1.204E-12  1.105E-12  9.735E-13  8.562E-13  7.487E-13  6.492E-13  5.579E-13  4.756E-13  4.029E-13  3.287E-13  2.699E-13  2.163E-13  1.715E-13  1.310E-13  9.832E-14
  291.5000  6.804E-11  6.667E-11  6.532E-11  6.398E-11  6.265E-11  6.133E-11  6.002E-11  5.873E-11  5.744E-11  5.616E-11  5.489E-11  5.363E-11  5.237E-11  5.113E-11  4.988E-11  4.865E-11  4.742E-11  4.619E-11  4.496E-11  4.374E-11  4.253E-11  4.131E-11  4.010E-11  3.888E-11  3.767E-11  3.646E-11  3.525E-11  3.404E-11  3.282E-11  3.160E-11  3.039E-11  2.917E-11  2.795E-11  2.673E-11  2.551E-11  2.429E-11  2.308E-11  2.188E-11  2.070E-11  1.934E-11  1.784E-11  1.654E-11  1.543E-11  1.446E-11  1.307E-11  1.205E-11  1.081E-11  9.922E-12  8.753E-12  7.702E-12  6.739E-12  5.849E-12  5.030E-12  4.291E-12  3.638E-12  2.971E-12  2.442E-12  1.961E-12  1.559E-12  1.196E-12  9.043E-13
  292.5000  3.903E-10  3.823E-10  3.743E-10  3.665E-10  3.587E-10  3.509E-10  3.433E-10  3.357E-10  3.282E-10  3.207E-10  3.133E-10  3.060E-10  2.987E-10  2.914E-10  2.842E-10  2.771E-10  2.699E-10  2.628E-10  2.557E-10  2.487E-10  2.417E-10  2.347E-10  2.277E-10  2.207E-10  2.138E-10  2.068E-10  1.999E-10  1.929E-10  1.860E-10  1.790E-10  1.721E-10  1.651E-10  1.582E-10  1.512E-10  1.443E-10  1.374E-10  1.305E-10  1.237E-10  1.171E-10  1.094E-10  1.009E-10  9.358E-11  8.727E-11  8.180E-11  7.400E-11  6.821E-11  6.124E-11  5.624E-11  4.964E-11  4.370E-11  3.827E-11  3.323E-11  2.860E-11  2.441E-11  2.072E-11  1.693E-11  1.393E-11  1.121E-11  8.928E-12  6.874E-12  5.228E-12
  293.5000  2.574E-09  2.520E-09  2.465E-09  2.412E-09  2.359E-09  2.307E-09  2.255E-09  2.204E-09  2.154E-09  2.104E-09  2.054E-09  2.005E-09  1.956E-09  1.907E-09  1.859E-09  1.811E-09  1.763E-09  1.716E-09  1.669E-09  1.622E-09  1.576E-09  1.529E-09  1.483E-09  1.437E-09  1.391E-09  1.345E-09  1.299E-09  1.254E-09  1.208E-09  1.162E-09  1.117E-09  1.071E-09  1.026E-09  9.807E-10  9.354E-10  8.904E-10  8.456E-10  8.015E-10  7.582E-10  7.083E-10  6.533E-10  6.061E-10  5.654E-10  5.300E-10  4.796E-10  4.423E-10  3.972E-10  3.649E-10  3.223E-10  2.840E-10  2.488E-10  2.163E-10  1.862E-10  1.591E-10  1.351E-10  1.105E-10  9.104E-11  7.334E-11  5.855E-11  4.523E-11  3.458E-11
  294.5000  9.433E-09  9.227E-09  9.023E-09  8.823E-09  8.624E-09  8.428E-09  8.234E-09  8.043E-09  7.853E-09  7.666E-09  7.481E-09  7.297E-09  7.115E-09  6.934E-09  6.755E-09  6.578E-09  6.402E-09  6.227E-09  6.053E-09  5.880E-09  5.709E-09  5.538E-09  5.368E-09  5.198E-09  5.029E-09  4.861E-09  4.694E-09  4.527E-09  4.360E-09  4.194E-09  4.028E-09  3.862E-09  3.697E-09  3.533E-09  3.368E-09  3.205E-09  3.043E-09  2.884E-09  2.727E-09  2.548E-09  2.350E-09  2.180E-09  2.033E-09  1.906E-09  1.725E-09  1.591E-09  1.430E-09  1.314E-09  1.161E-09  1.024E-09  8.975E-10  7.805E-10  6.726E-10  5.750E-10  4.886E-10  4.001E-10  3.298E-10  2.660E-10  2.127E-10  1.648E-10  1.265E-10
  295.5000  4.820E-08  4.711E-08  4.603E-08  4.497E-08  4.392E-08  4.289E-08  4.187E-08  4.086E-08  3.986E-08  3.888E-08  3.791E-08  3.695E-08  3.600E-08  3.506E-08  3.413E-08  3.321E-08  3.230E-08  3.139E-08  3.050E-08  2.960E-08  2.872E-08  2.784E-08  2.697E-08  2.610E-08  2.524E-08  2.438E-08  2.352E-08  2.267E-08  2.182E-08  2.098E-08  2.014E-08  1.930E-08  1.847E-08  1.763E-08  1.681E-08  1.598E-08  1.517E-08  1.437E-08  1.359E-08  1.269E-08  1.170E-08  1.085E-08  1.012E-08  9.490E-09  8.591E-09  7.925E-09  7.123E-09  6.548E-09  5.789E-09  5.107E-09  4.481E-09  3.900E-09  3.363E-09  2.878E-09  2.447E-09  2.006E-09  1.655E-09  1.337E-09  1.071E-09  8.317E-10  6.410E-10
  296.5000  1.540E-07  1.504E-07  1.468E-07  1.433E-07  1.398E-07  1.364E-07  1.331E-07  1.298E-07  1.265E-07  1.233E-07  1.201E-07  1.170E-07  1.139E-07  1.108E-07  1.078E-07  1.048E-07  1.018E-07  9.890E-08  9.599E-08  9.312E-08  9.027E-08  8.745E-08  8.464E-08  8.186E-08  7.909E-08  7.634E-08  7.362E-08  7.091E-08  6.821E-08  6.553E-08  6.286E-08  6.021E-08  5.757E-08  5.494E-08  5.233E-08  4.975E-08  4.719E-08  4.468E-08  4.223E-08  3.942E-08  3.634E-08  3.370E-08  3.143E-08  2.946E-08  2.667E-08  2.460E-08  2.212E-08  2.034E-08  1.799E-08  1.588E-08  1.394E-08  1.214E-08  1.048E-08  8.972E-09  7.636E-09  6.266E-09  5.174E-09  4.186E-09  3.357E-09  2.613E-09  2.021E-09
  297.5000  5.087E-07  4.962E-07  4.839E-07  4.719E-07  4.601E-07  4.484E-07  4.370E-07  4.257E-07  4.146E-07  4.037E-07  3.929E-07  3.823E-07  3.718E-07  3.614E-07  3.513E-07  3.412E-07  3.313E-07  3.215E-07  3.117E-07  3.021E-07  2.927E-07  2.833E-07  2.740E-07  2.647E-07  2.556E-07  2.465E-07  2.375E-07  2.286E-07  2.197E-07  2.109E-07  2.022E-07  1.935E-07  1.849E-07  1.764E-07  1.679E-07  1.595E-07  1.512E-07  1.431E-07  1.351E-07  1.261E-07  1.162E-07  1.077E-07  1.004E-07  9.412E-08  8.520E-08  7.859E-08  7.067E-08  6.499E-08  5.751E-08  5.078E-08  4.461E-08  3.887E-08  3.358E-08  2.877E-08  2.451E-08  2.013E-08  1.664E-08  1.347E-08  1.082E-08  8.442E-09  6.548E-09
  298.5000  9.749E-07  9.500E-07  9.255E-07  9.016E-07  8.781E-07  8.550E-07  8.322E-07  8.099E-07  7.880E-07  7.665E-07  7.453E-07  7.244E-07  7.039E-07  6.837E-07  6.637E-07  6.441E-07  6.248E-07  6.057E-07  5.868E-07  5.682E-07  5.499E-07  5.318E-07  5.138E-07  4.961E-07  4.785E-07  4.611E-07  4.440E-07  4.269E-07  4.100E-07  3.933E-07  3.767E-07  3.603E-07  3.440E-07  3.278E-07  3.118E-07  2.960E-07  2.804E-07  2.652E-07  2.503E-07  2.335E-07  2.151E-07  1.993E-07  1.857E-07  1.740E-07  1.574E-07  1.452E-07  1.306E-07  1.201E-07  1.063E-07  9.392E-08  8.251E-08  7.195E-08  6.219E-08  5.333E-08  4.545E-08  3.737E-08  3.092E-08  2.507E-08  2.016E-08  1.575E-08  1.225E-08
  299.5000  3.456E-06  3.364E-06  3.273E-06  3.185E-06  3.098E-06  3.013E-06  2.929E-06  2.847E-06  2.767E-06  2.688E-06  2.611E-06  2.535E-06  2.460E-06  2.386E-06  2.314E-06  2.243E-06  2.173E-06  2.104E-06  2.036E-06  1.970E-06  1.904E-06  1.839E-06  1.775E-06  1.712E-06  1.650E-06  1.588E-06  1.527E-06  1.467E-06  1.408E-06  1.349E-06  1.291E-06  1.233E-06  1.176E-06  1.120E-06  1.065E-06  1.010E-06  9.558E-07  9.032E-07  8.519E-07  7.940E-07  7.309E-07  6.768E-07  6.303E-07  5.902E-07  5.340E-07  4.924E-07  4.427E-07  4.071E-07  3.604E-07  3.184E-07  2.800E-07  2.443E-07  2.113E-07  1.813E-07  1.547E-07  1.273E-07  1.054E-07  8.557E-08  6.888E-08  5.392E-08  4.203E-08
  300.5000  4.708E-06  4.577E-06  4.448E-06  4.323E-06  4.200E-06  4.080E-06  3.962E-06  3.847E-06  3.734E-06  3.624E-06  3.515E-06  3.409E-06  3.305E-06  3.202E-06  3.102E-06  3.004E-06  2.907E-06  2.811E-06  2.718E-06  2.626E-06  2.536E-06  2.446E-06  2.359E-06  2.272E-06  2.187E-06  2.103E-06  2.021E-06  1.939E-06  1.859E-06  1.779E-06  1.701E-06  1.624E-06  1.547E-06  1.472E-06  1.398E-06  1.325E-06  1.253E-06  1.183E-06  1.115E-06  1.038E-06  9.550E-07  8.838E-07  8.225E-07  7.698E-07  6.962E-07  6.417E-07  5.769E-07  5.303E-07  4.695E-07  4.151E-07  3.650E-07  3.185E-07  2.757E-07  2.367E-07  2.020E-07  1.665E-07  1.379E-07  1.121E-07  9.034E-08  7.083E-08  5.530E-08
  301.5000  1.435E-05  1.392E-05  1.351E-05  1.311E-05  1.271E-05  1.233E-05  1.195E-05  1.159E-05  1.123E-05  1.088E-05  1.054E-05  1.021E-05  9.878E-06  9.558E-06  9.244E-06  8.937E-06  8.636E-06  8.340E-06  8.050E-06  7.766E-06  7.487E-06  7.213E-06  6.944E-06  6.680E-06  6.420E-06  6.165E-06  5.915E-06  5.668E-06  5.425E-06  5.186E-06  4.950E-06  4.719E-06  4.491E-06  4.267E-06  4.047E-06  3.830E-06  3.618E-06  3.412E-06  3.211E-06  2.989E-06  2.747E-06  2.539E-06  2.361E-06  2.208E-06  1.995E-06  1.838E-06  1.652E-06  1.518E-06  1.344E-06  1.188E-06  1.045E-06  9.123E-07  7.900E-07  6.788E-07  5.799E-07  4.783E-07  3.967E-07  3.229E-07  2.604E-07  2.045E-07  1.600E-07
  302.5000  2.410E-05  2.335E-05  2.262E-05  2.192E-05  2.123E-05  2.056E-05  1.991E-05  1.928E-05  1.866E-05  1.806E-05  1.747E-05  1.689E-05  1.633E-05  1.578E-05  1.525E-05  1.472E-05  1.421E-05  1.371E-05  1.321E-05  1.273E-05  1.226E-05  1.180E-05  1.134E-05  1.090E-05  1.046E-05  1.003E-05  9.615E-06  9.202E-06  8.797E-06  8.399E-06  8.009E-06  7.626E-06  7.248E-06  6.880E-06  6.517E-06  6.162E-06  5.815E-06  5.478E-06  5.152E-06  4.789E-06  4.398E-06  4.062E-06  3.774E-06  3.527E-06  3.185E-06  2.932E-06  2.634E-06  2.419E-06  2.141E-06  1.893E-06  1.665E-06  1.455E-06  1.260E-06  1.083E-06  9.257E-07  7.643E-07  6.344E-07  5.168E-07  4.173E-07  3.281E-07  2.571E-07
  303.5000  6.026E-05  5.825E-05  5.630E-05  5.442E-05  5.260E-05  5.084E-05  4.912E-05  4.746E-05  4.585E-05  4.428E-05  4.276E-05  4.127E-05  3.983E-05  3.842E-05  3.704E-05  3.571E-05  3.440E-05  3.312E-05  3.188E-05  3.066E-05  2.947E-05  2.831E-05  2.717E-05  2.606E-05  2.497E-05  2.390E-05  2.287E-05  2.185E-05  2.085E-05  1.987E-05  1.891E-05  1.798E-05  1.706E-05  1.617E-05  1.529E-05  1.443E-05  1.360E-05  1.279E-05  1.201E-05  1.115E-05  1.023E-05  9.433E-06  8.753E-06  8.169E-06  7.372E-06  6.779E-06  6.085E-06  5.585E-06  4.941E-06  4.366E-06  3.842E-06  3.357E-06  2.908E-06  2.502E-06  2.140E-06  1.769E-06  1.469E-06  1.199E-06  9.688E-07  7.631E-07  5.991E-07
  304.5000  8.367E-05  8.072E-05  7.788E-05  7.515E-05  7.251E-05  6.996E-05  6.749E-05  6.511E-05  6.280E-05  6.057E-05  5.841E-05  5.630E-05  5.425E-05  5.227E-05  5.033E-05  4.845E-05  4.662E-05  4.484E-05  4.309E-05  4.140E-05  3.974E-05  3.813E-05  3.655E-05  3.501E-05  3.351E-05  3.204E-05  3.061E-05  2.921E-05  2.784E-05  2.650E-05  2.519E-05  2.392E-05  2.267E-05  2.145E-05  2.026E-05  1.911E-05  1.798E-05  1.690E-05  1.585E-05  1.470E-05  1.347E-05  1.241E-05  1.151E-05  1.073E-05  9.675E-06  8.890E-06  7.975E-06  7.315E-06  6.470E-06  5.716E-06  5.028E-06  4.393E-06  3.808E-06  3.276E-06  2.803E-06  2.319E-06  1.928E-06  1.574E-06  1.273E-06  1.004E-06  7.892E-07
  305.5000  1.642E-04  1.578E-04  1.517E-04  1.458E-04  1.402E-04  1.348E-04  1.296E-04  1.246E-04  1.199E-04  1.153E-04  1.108E-04  1.065E-04  1.024E-04  9.834E-05  9.446E-05  9.071E-05  8.706E-05  8.352E-05  8.008E-05  7.674E-05  7.351E-05  7.036E-05  6.729E-05  6.430E-05  6.140E-05  5.857E-05  5.582E-05  5.314E-05  5.053E-05  4.799E-05  4.552E-05  4.312E-05  4.078E-05  3.850E-05  3.628E-05  3.414E-05  3.206E-05  3.006E-05  2.814E-05  2.603E-05  2.382E-05  2.191E-05  2.028E-05  1.888E-05  1.700E-05  1.560E-05  1.398E-05  1.280E-05  1.132E-05  9.992E-06  8.789E-06  7.675E-06  6.653E-06  5.726E-06  4.903E-06  4.061E-06  3.379E-06  2.763E-06  2.238E-06  1.767E-06  1.392E-06
  306.5000  2.063E-04  1.979E-04  1.899E-04  1.822E-04  1.748E-04  1.678E-04  1.611E-04  1.546E-04  1.484E-04  1.425E-04  1.368E-04  1.313E-04  1.260E-04  1.208E-04  1.159E-04  1.112E-04  1.065E-04  1.021E-04  9.775E-05  9.357E-05  8.951E-05  8.557E-05  8.174E-05  7.803E-05  7.442E-05  7.091E-05  6.750E-05  6.419E-05  6.097E-05  5.783E-05  5.479E-05  5.184E-05  4.896E-05  4.617E-05  4.347E-05  4.085E-05  3.831E-05  3.589E-05  3.356E-05  3.103E-05  2.835E-05  2.606E-05  2.409E-05  2.241E-05  2.016E-05  1.848E-05  1.655E-05  1.515E-05  1.339E-05  1.181E-05  1.039E-05  9.073E-06  7.864E-06  6.770E-06  5.797E-06  4.805E-06  4.000E-06  3.274E-06  2.653E-06  2.097E-06  1.653E-06
  307.5000  4.460E-04  4.260E-04  4.069E-04  3.888E-04  3.715E-04  3.550E-04  3.392E-04  3.242E-04  3.099E-04  2.963E-04  2.832E-04  2.707E-04  2.588E-04  2.473E-04  2.363E-04  2.258E-04  2.157E-04  2.060E-04  1.966E-04  1.876E-04  1.789E-04  1.705E-04  1.623E-04  1.545E-04  1.469E-04  1.396E-04  1.325E-04  1.256E-04  1.190E-04  1.125E-04  1.063E-04  1.003E-04  9.446E-05  8.882E-05  8.337E-05  7.813E-05  7.308E-05  6.826E-05  6.366E-05  5.713E-05  5.352E-05  4.906E-05  4.525E-05  4.199E-05  3.771E-05  3.450E-05  3.085E-05  2.819E-05  2.487E-05  2.193E-05  1.926E-05  1.682E-05  1.457E-05  1.255E-05  1.075E-05  8.918E-06  7.431E-06  6.090E-06  4.941E-06  3.913E-06  3.091E-06
  308.5000  5.920E-04  5.646E-04  5.384E-04  5.136E-04  4.899E-04  4.673E-04  4.458E-04  4.253E-04  4.058E-04  3.873E-04  3.695E-04  3.526E-04  3.364E-04  3.210E-04  3.062E-04  2.921E-04  2.785E-04  2.655E-04  2.530E-04  2.410E-04  2.295E-04  2.185E-04  2.078E-04  1.975E-04  1.875E-04  1.779E-04  1.687E-04  1.597E-04  1.511E-04  1.427E-04  1.346E-04  1.269E-04  1.193E-04  1.121E-04  1.051E-04  9.833E-05  9.185E-05  8.569E-05  7.981E-05  7.353E-05  6.694E-05  6.130E-05  5.647E-05  5.235E-05  4.696E-05  4.293E-05  3.835E-05  3.502E-05  3.087E-05  2.720E-05  2.386E-05  2.085E-05  1.806E-05  1.555E-05  1.332E-05  1.106E-05  9.218E-06  7.561E-06  6.137E-06  4.866E-06  3.846E-06
  309.5000  7.230E-04  6.879E-04  6.544E-04  6.225E-04  5.921E-04  5.631E-04  5.355E-04  5.092E-04  4.842E-04  4.605E-04  4.378E-04  4.162E-04  3.957E-04  3.761E-04  3.575E-04  3.398E-04  3.229E-04  3.067E-04  2.913E-04  2.765E-04  2.625E-04  2.490E-04  2.360E-04  2.236E-04  2.117E-04  2.003E-04  1.894E-04  1.788E-04  1.686E-04  1.589E-04  1.495E-04  1.404E-04  1.317E-04  1.234E-04  1.154E-04  1.077E-04  1.003E-04  9.332E-05  8.668E-05  7.965E-05  7.234E-05  6.608E-05  6.072E-05  5.614E-05  5.027E-05  4.585E-05  4.089E-05  3.727E-05  3.281E-05  2.887E-05  2.532E-05  2.208E-05  1.912E-05  1.646E-05  1.410E-05  1.171E-05  9.770E-06  8.023E-06  6.519E-06  5.176E-06  4.098E-06
  310.5000  1.273E-03  1.210E-03  1.150E-03  1.092E-03  1.037E-03  9.850E-04  9.350E-04  8.873E-04  8.419E-04  7.987E-04  7.576E-04  7.184E-04  6.812E-04  6.457E-04  6.120E-04  5.801E-04  5.496E-04  5.206E-04  4.930E-04  4.666E-04  4.417E-04  4.178E-04  3.949E-04  3.732E-04  3.524E-04  3.325E-04  3.135E-04  2.953E-04  2.778E-04  2.611E-04  2.450E-04  2.297E-04  2.150E-04  2.009E-04  1.874E-04  1.744E-04  1.622E-04  1.505E-04  1.395E-04  1.279E-04  1.159E-04  1.056E-04  9.682E-05  8.939E-05  7.983E-05  7.267E-05  6.469E-05  5.886E-05  5.174E-05  4.548E-05  3.986E-05  3.471E-05  3.004E-05  2.585E-05  2.214E-05  1.840E-05  1.535E-05  1.262E-05  1.026E-05  8.160E-06  6.469E-06
  311.5000  1.960E-03  1.862E-03  1.769E-03  1.679E-03  1.594E-03  1.512E-03  1.434E-03  1.359E-03  1.288E-03  1.220E-03  1.156E-03  1.094E-03  1.036E-03  9.800E-04  9.271E-04  8.770E-04  8.292E-04  7.838E-04  7.406E-04  6.996E-04  6.607E-04  6.236E-04  5.883E-04  5.547E-04  5.227E-04  4.921E-04  4.631E-04  4.353E-04  4.088E-04  3.834E-04  3.592E-04  3.361E-04  3.140E-04  2.928E-04  2.727E-04  2.535E-04  2.351E-04  2.178E-04  2.015E-04  1.844E-04  1.668E-04  1.518E-04  1.389E-04  1.280E-04  1.142E-04  1.038E-04  9.224E-05  8.381E-05  7.359E-05  6.461E-05  5.657E-05  4.925E-05  4.259E-05  3.662E-05  3.136E-05  2.608E-05  2.176E-05  1.790E-05  1.457E-05  1.159E-05  9.199E-06
  312.5000  2.713E-03  2.580E-03  2.451E-03  2.328E-03  2.210E-03  2.096E-03  1.986E-03  1.881E-03  1.781E-03  1.685E-03  1.593E-03  1.506E-03  1.422E-03  1.342E-03  1.266E-03  1.194E-03  1.126E-03  1.060E-03  9.981E-04  9.392E-04  8.834E-04  8.304E-04  7.800E-04  7.323E-04  6.870E-04  6.441E-04  6.034E-04  5.647E-04  5.280E-04  4.932E-04  4.601E-04  4.287E-04  3.988E-04  3.705E-04  3.435E-04  3.180E-04  2.939E-04  2.712E-04  2.499E-04  2.278E-04  2.053E-04  1.860E-04  1.696E-04  1.556E-04  1.384E-04  1.253E-04  1.110E-04  1.005E-04  8.800E-05  7.707E-05  6.731E-05  5.848E-05  5.050E-05  4.338E-05  3.711E-05  3.086E-05  2.576E-05  2.121E-05  1.728E-05  1.378E-05  1.095E-05
  313.5000  3.349E-03  3.186E-03  3.028E-03  2.877E-03  2.731E-03  2.590E-03  2.455E-03  2.326E-03  2.202E-03  2.083E-03  1.969E-03  1.860E-03  1.757E-03  1.657E-03  1.563E-03  1.473E-03  1.388E-03  1.306E-03  1.229E-03  1.155E-03  1.086E-03  1.020E-03  9.572E-04  8.977E-04  8.414E-04  7.880E-04  7.376E-04  6.896E-04  6.441E-04  6.010E-04  5.601E-04  5.214E-04  4.846E-04  4.497E-04  4.166E-04  3.854E-04  3.558E-04  3.280E-04  3.019E-04  2.750E-04  2.476E-04  2.242E-04  2.042E-04  1.872E-04  1.662E-04  1.504E-04  1.331E-04  1.204E-04  1.053E-04  9.219E-05  8.046E-05  6.987E-05  6.030E-05  5.177E-05  4.428E-05  3.683E-05  3.074E-05  2.532E-05  2.063E-05  1.646E-05  1.310E-05
  314.5000  4.653E-03  4.436E-03  4.226E-03  4.023E-03  3.825E-03  3.634E-03  3.450E-03  3.272E-03  3.101E-03  2.936E-03  2.777E-03  2.624E-03  2.477E-03  2.337E-03  2.202E-03  2.074E-03  1.951E-03  1.833E-03  1.721E-03  1.615E-03  1.513E-03  1.417E-03  1.326E-03  1.239E-03  1.157E-03  1.079E-03  1.006E-03  9.362E-04  8.705E-04  8.084E-04  7.499E-04  6.948E-04  6.427E-04  5.935E-04  5.473E-04  5.037E-04  4.629E-04  4.248E-04  3.892E-04  3.529E-04  3.163E-04  2.850E-04  2.584E-04  2.358E-04  2.084E-04  1.877E-04  1.655E-04  1.491E-04  1.299E-04  1.133E-04  9.854E-05  8.532E-05  7.346E-05  6.293E-05  5.374E-05  4.467E-05  3.728E-05  3.072E-05  2.505E-05  2.002E-05  1.596E-05
  315.5000  5.077E-03  4.842E-03  4.615E-03  4.394E-03  4.181E-03  3.974E-03  3.774E-03  3.580E-03  3.394E-03  3.214E-03  3.041E-03  2.874E-03  2.714E-03  2.561E-03  2.413E-03  2.273E-03  2.138E-03  2.009E-03  1.886E-03  1.769E-03  1.658E-03  1.552E-03  1.452E-03  1.356E-03  1.266E-03  1.180E-03  1.100E-03  1.023E-03  9.509E-04  8.826E-04  8.182E-04  7.577E-04  7.005E-04  6.465E-04  5.958E-04  5.481E-04  5.034E-04  4.616E-04  4.227E-04  3.831E-04  3.431E-04  3.090E-04  2.799E-04  2.553E-04  2.255E-04  2.030E-04  1.788E-04  1.610E-04  1.402E-04  1.221E-04  1.062E-04  9.188E-05  7.906E-05  6.771E-05  5.780E-05  4.804E-05  4.008E-05  3.304E-05  2.694E-05  2.155E-05  1.719E-05
  316.5000  6.639E-03  6.350E-03  6.069E-03  5.795E-03  5.528E-03  5.269E-03  5.016E-03  4.771E-03  4.533E-03  4.303E-03  4.079E-03  3.863E-03  3.655E-03  3.453E-03  3.259E-03  3.073E-03  2.893E-03  2.720E-03  2.555E-03  2.396E-03  2.245E-03  2.101E-03  1.963E-03  1.831E-03  1.706E-03  1.588E-03  1.476E-03  1.370E-03  1.269E-03  1.174E-03  1.085E-03  1.001E-03  9.213E-04  8.469E-04  7.771E-04  7.117E-04  6.507E-04  5.941E-04  5.415E-04  4.885E-04  4.356E-04  3.904E-04  3.520E-04  3.195E-04  2.810E-04  2.517E-04  2.207E-04  1.978E-04  1.715E-04  1.488E-04  1.289E-04  1.111E-04  9.530E-05  8.139E-05  6.931E-05  5.754E-05  4.795E-05  3.952E-05  3.224E-05  2.581E-05  2.063E-05
  317.5000  9.389E-03  8.981E-03  8.583E-03  8.196E-03  7.818E-03  7.450E-03  7.093E-03  6.746E-03  6.409E-03  6.083E-03  5.767E-03  5.462E-03  5.166E-03  4.882E-03  4.607E-03  4.343E-03  4.089E-03  3.845E-03  3.611E-03  3.387E-03  3.174E-03  2.969E-03  2.774E-03  2.589E-03  2.412E-03  2.245E-03  2.087E-03  1.936E-03  1.794E-03  1.660E-03  1.534E-03  1.415E-03  1.303E-03  1.198E-03  1.100E-03  1.007E-03  9.212E-04  8.412E-04  7.669E-04  6.920E-04  6.171E-04  5.532E-04  4.990E-04  4.530E-04  3.984E-04  3.570E-04  3.130E-04  2.806E-04  2.433E-04  2.111E-04  1.829E-04  1.577E-04  1.352E-04  1.155E-04  9.836E-05  8.165E-05  6.805E-05  5.609E-05  4.576E-05  3.665E-05  2.930E-05
  318.5000  9.581E-03  9.194E-03  8.816E-03  8.447E-03  8.084E-03  7.730E-03  7.384E-03  7.046E-03  6.716E-03  6.395E-03  6.082E-03  5.778E-03  5.482E-03  5.194E-03  4.916E-03  4.647E-03  4.386E-03  4.134E-03  3.890E-03  3.656E-03  3.431E-03  3.214E-03  3.006E-03  2.807E-03  2.617E-03  2.435E-03  2.263E-03  2.098E-03  1.942E-03  1.794E-03  1.654E-03  1.523E-03  1.398E-03  1.281E-03  1.172E-03  1.070E-03  9.741E-04  8.857E-04  8.039E-04  7.220E-04  6.408E-04  5.716E-04  5.130E-04  4.634E-04  4.054E-04  3.613E-04  3.152E-04  2.810E-04  2.424E-04  2.093E-04  1.804E-04  1.548E-04  1.322E-04  1.125E-04  9.547E-05  7.907E-05  6.576E-05  5.416E-05  4.416E-05  3.540E-05  2.834E-05
  319.5000  1.229E-02  1.180E-02  1.132E-02  1.086E-02  1.040E-02  9.949E-03  9.510E-03  9.081E-03  8.662E-03  8.255E-03  7.856E-03  7.468E-03  7.091E-03  6.724E-03  6.368E-03  6.023E-03  5.689E-03  5.365E-03  5.053E-03  4.751E-03  4.461E-03  4.181E-03  3.913E-03  3.655E-03  3.409E-03  3.173E-03  2.949E-03  2.736E-03  2.532E-03  2.340E-03  2.157E-03  1.985E-03  1.823E-03  1.671E-03  1.527E-03  1.393E-03  1.269E-03  1.153E-03  1.046E-03  9.388E-04  8.326E-04  7.423E-04  6.656E-04  6.008E-04  5.252E-04  4.678E-04  4.076E-04  3.632E-04  3.129E-04  2.699E-04  2.324E-04  1.992E-04  1.700E-04  1.445E-04  1.226E-04  1.014E-04  8.433E-05  6.944E-05  5.660E-05  4.539E-05  3.636E-05
  320.5000  1.589E-02  1.528E-02  1.467E-02  1.408E-02  1.349E-02  1.292E-02  1.236E-02  1.182E-02  1.128E-02  1.076E-02  1.025E-02  9.753E-03  9.268E-03  8.797E-03  8.338E-03  7.893E-03  7.461E-03  7.042E-03  6.637E-03  6.245E-03  5.869E-03  5.504E-03  5.154E-03  4.817E-03  4.495E-03  4.186E-03  3.891E-03  3.610E-03  3.342E-03  3.088E-03  2.847E-03  2.620E-03  2.405E-03  2.203E-03  2.013E-03  1.835E-03  1.669E-03  1.516E-03  1.374E-03  1.232E-03  1.091E-03  9.717E-04  8.702E-04  7.845E-04  6.849E-04  6.091E-04  5.300E-04  4.715E-04  4.057E-04  3.494E-04  3.004E-04  2.572E-04  2.192E-04  1.861E-04  1.576E-04  1.303E-04  1.083E-04  8.911E-05  7.261E-05  5.823E-05  4.667E-05
  321.5000  1.729E-02  1.668E-02  1.608E-02  1.550E-02  1.491E-02  1.434E-02  1.378E-02  1.323E-02  1.268E-02  1.215E-02  1.163E-02  1.111E-02  1.061E-02  1.011E-02  9.630E-03  9.159E-03  8.697E-03  8.247E-03  7.808E-03  7.381E-03  6.966E-03  6.563E-03  6.172E-03  5.793E-03  5.426E-03  5.073E-03  4.733E-03  4.405E-03  4.091E-03  3.790E-03  3.502E-03  3.229E-03  2.968E-03  2.721E-03  2.488E-03  2.268E-03  2.062E-03  1.870E-03  1.692E-03  1.514E-03  1.338E-03  1.187E-03  1.059E-03  9.513E-04  8.266E-04  7.317E-04  6.332E-04  5.604E-04  4.792E-04  4.102E-04  3.505E-04  2.982E-04  2.526E-04  2.131E-04  1.796E-04  1.478E-04  1.222E-04  1.003E-04  8.154E-05  6.536E-05  5.243E-05
  322.5000  1.436E-02  1.382E-02  1.328E-02  1.275E-02  1.223E-02  1.173E-02  1.123E-02  1.074E-02  1.026E-02  9.796E-03  9.339E-03  8.894E-03  8.459E-03  8.035E-03  7.622E-03  7.222E-03  6.832E-03  6.453E-03  6.086E-03  5.732E-03  5.389E-03  5.058E-03  4.739E-03  4.433E-03  4.138E-03  3.855E-03  3.586E-03  3.328E-03  3.082E-03  2.848E-03  2.626E-03  2.416E-03  2.218E-03  2.031E-03  1.855E-03  1.691E-03  1.538E-03  1.395E-03  1.264E-03  1.133E-03  1.002E-03  8.919E-04  7.981E-04  7.189E-04  6.269E-04  5.570E-04  4.841E-04  4.303E-04  3.697E-04  3.180E-04  2.731E-04  2.335E-04  1.988E-04  1.685E-04  1.426E-04  1.178E-04  9.781E-05  8.047E-05  6.556E-05  5.258E-05  4.216E-05
  323.5000  2.005E-02  1.939E-02  1.872E-02  1.807E-02  1.743E-02  1.679E-02  1.617E-02  1.555E-02  1.494E-02  1.435E-02  1.376E-02  1.318E-02  1.261E-02  1.205E-02  1.150E-02  1.097E-02  1.044E-02  9.923E-03  9.418E-03  8.925E-03  8.446E-03  7.977E-03  7.521E-03  7.077E-03  6.646E-03  6.229E-03  5.826E-03  5.436E-03  5.059E-03  4.698E-03  4.350E-03  4.018E-03  3.701E-03  3.398E-03  3.111E-03  2.840E-03  2.585E-03  2.346E-03  2.124E-03  1.900E-03  1.677E-03  1.487E-03  1.327E-03  1.191E-03  1.033E-03  9.128E-04  7.883E-04  6.963E-04  5.937E-04  5.067E-04  4.316E-04  3.660E-04  3.089E-04  2.598E-04  2.182E-04  1.790E-04  1.476E-04  1.209E-04  9.807E-05  7.853E-05  6.299E-05
  324.5000  2.327E-02  2.249E-02  2.171E-02  2.095E-02  2.020E-02  1.946E-02  1.873E-02  1.801E-02  1.730E-02  1.661E-02  1.592E-02  1.525E-02  1.459E-02  1.394E-02  1.330E-02  1.267E-02  1.206E-02  1.146E-02  1.088E-02  1.030E-02  9.747E-03  9.203E-03  8.674E-03  8.160E-03  7.661E-03  7.177E-03  6.711E-03  6.260E-03  5.825E-03  5.407E-03  5.006E-03  4.624E-03  4.257E-03  3.908E-03  3.578E-03  3.265E-03  2.971E-03  2.697E-03  2.442E-03  2.184E-03  1.929E-03  1.711E-03  1.526E-03  1.370E-03  1.189E-03  1.051E-03  9.081E-04  8.025E-04  6.846E-04  5.846E-04  4.982E-04  4.227E-04  3.570E-04  3.004E-04  2.524E-04  2.072E-04  1.709E-04  1.401E-04  1.136E-04  9.101E-05  7.302E-05
  325.5000  2.506E-02  2.420E-02  2.336E-02  2.252E-02  2.170E-02  2.089E-02  2.009E-02  1.930E-02  1.853E-02  1.777E-02  1.702E-02  1.628E-02  1.556E-02  1.485E-02  1.416E-02  1.348E-02  1.282E-02  1.217E-02  1.153E-02  1.092E-02  1.031E-02  9.728E-03  9.159E-03  8.606E-03  8.071E-03  7.553E-03  7.054E-03  6.573E-03  6.109E-03  5.665E-03  5.239E-03  4.823E-03  4.447E-03  4.079E-03  3.731E-03  3.402E-03  3.094E-03  2.806E-03  2.539E-03  2.271E-03  2.004E-03  1.778E-03  1.586E-03  1.424E-03  1.236E-03  1.093E-03  9.448E-04  8.353E-04  7.132E-04  6.095E-04  5.198E-04  4.415E-04  3.732E-04  3.144E-04  2.644E-04  2.172E-04  1.794E-04  1.471E-04  1.194E-04  9.568E-05  7.677E-05
  326.5000  3.737E-02  3.622E-02  3.508E-02  3.396E-02  3.284E-02  3.174E-02  3.065E-02  2.958E-02  2.851E-02  2.747E-02  2.643E-02  2.541E-02  2.440E-02  2.340E-02  2.242E-02  2.146E-02  2.051E-02  1.958E-02  1.866E-02  1.776E-02  1.688E-02  1.601E-02  1.516E-02  1.433E-02  1.352E-02  1.273E-02  1.197E-02  1.122E-02  1.049E-02  9.789E-03  9.108E-03  8.453E-03  7.820E-03  7.213E-03  6.632E-03  6.078E-03  5.553E-03  5.058E-03  4.595E-03  4.119E-03  3.642E-03  3.236E-03  2.891E-03  2.599E-03  2.253E-03  1.992E-03  1.718E-03  1.517E-03  1.290E-03  1.098E-03  9.317E-04  7.870E-04  6.613E-04  5.536E-04  4.627E-04  3.776E-04  3.099E-04  2.529E-04  2.043E-04  1.631E-04  1.308E-04
  327.5000  3.254E-02  3.150E-02  3.047E-02  2.946E-02  2.845E-02  2.746E-02  2.648E-02  2.552E-02  2.456E-02  2.362E-02  2.270E-02  2.178E-02  2.088E-02  2.000E-02  1.913E-02  1.827E-02  1.743E-02  1.661E-02  1.580E-02  1.501E-02  1.423E-02  1.347E-02  1.273E-02  1.201E-02  1.131E-02  1.062E-02  9.962E-03  9.317E-03  8.694E-03  8.092E-03  7.512E-03  6.954E-03  6.420E-03  5.908E-03  5.421E-03  4.958E-03  4.520E-03  4.110E-03  3.726E-03  3.337E-03  2.947E-03  2.616E-03  2.334E-03  2.097E-03  1.818E-03  1.607E-03  1.386E-03  1.224E-03  1.042E-03  8.877E-04  7.546E-04  6.385E-04  5.376E-04  4.510E-04  3.777E-04  3.090E-04  2.541E-04  2.078E-04  1.681E-04  1.345E-04  1.079E-04
  328.5000  3.013E-02  2.916E-02  2.821E-02  2.728E-02  2.635E-02  2.543E-02  2.452E-02  2.363E-02  2.275E-02  2.188E-02  2.102E-02  2.017E-02  1.934E-02  1.852E-02  1.771E-02  1.692E-02  1.614E-02  1.538E-02  1.463E-02  1.390E-02  1.318E-02  1.248E-02  1.179E-02  1.112E-02  1.047E-02  9.836E-03  9.222E-03  8.624E-03  8.047E-03  7.488E-03  6.951E-03  6.435E-03  5.939E-03  5.464E-03  5.012E-03  4.583E-03  4.177E-03  3.797E-03  3.442E-03  3.081E-03  2.720E-03  2.413E-03  2.153E-03  1.933E-03  1.675E-03  1.480E-03  1.276E-03  1.127E-03  9.586E-04  8.164E-04  6.937E-04  5.866E-04  4.938E-04  4.140E-04  3.467E-04  2.835E-04  2.331E-04  1.905E-04  1.542E-04  1.233E-04  9.885E-05
  329.5000  4.563E-02  4.430E-02  4.298E-02  4.168E-02  4.038E-02  3.910E-02  3.783E-02  3.657E-02  3.533E-02  3.410E-02  3.288E-02  3.168E-02  3.049E-02  2.931E-02  2.815E-02  2.701E-02  2.588E-02  2.477E-02  2.367E-02  2.259E-02  2.153E-02  2.048E-02  1.946E-02  1.845E-02  1.746E-02  1.650E-02  1.556E-02  1.463E-02  1.373E-02  1.286E-02  1.201E-02  1.118E-02  1.038E-02  9.611E-03  8.869E-03  8.157E-03  7.478E-03  6.836E-03  6.230E-03  5.601E-03  4.962E-03  4.419E-03  3.959E-03  3.569E-03  3.098E-03  2.744E-03  2.368E-03  2.093E-03  1.779E-03  1.513E-03  1.282E-03  1.081E-03  9.068E-04  7.572E-04  6.313E-04  5.133E-04  4.199E-04  3.417E-04  2.751E-04  2.192E-04  1.755E-04
  330.5000  3.891E-02  3.773E-02  3.656E-02  3.541E-02  3.426E-02  3.313E-02  3.201E-02  3.090E-02  2.980E-02  2.872E-02  2.765E-02  2.660E-02  2.556E-02  2.453E-02  2.351E-02  2.252E-02  2.154E-02  2.057E-02  1.962E-02  1.868E-02  1.777E-02  1.687E-02  1.599E-02  1.512E-02  1.428E-02  1.346E-02  1.266E-02  1.187E-02  1.111E-02  1.038E-02  9.663E-03  8.975E-03  8.310E-03  7.671E-03  7.058E-03  6.474E-03  5.918E-03  5.395E-03  4.903E-03  4.398E-03  3.889E-03  3.457E-03  3.090E-03  2.779E-03  2.410E-03  2.131E-03  1.838E-03  1.623E-03  1.379E-03  1.173E-03  9.951E-04  8.400E-04  7.053E-04  5.899E-04  4.926E-04  4.015E-04  3.291E-04  2.683E-04  2.165E-04  1.728E-04  1.385E-04
  331.5000  3.797E-02  3.681E-02  3.566E-02  3.453E-02  3.340E-02  3.229E-02  3.118E-02  3.009E-02  2.902E-02  2.796E-02  2.691E-02  2.587E-02  2.485E-02  2.384E-02  2.285E-02  2.187E-02  2.091E-02  1.996E-02  1.903E-02  1.811E-02  1.722E-02  1.634E-02  1.548E-02  1.464E-02  1.381E-02  1.301E-02  1.223E-02  1.147E-02  1.073E-02  1.001E-02  9.313E-03  8.645E-03  7.999E-03  7.379E-03  6.785E-03  6.219E-03  5.681E-03  5.175E-03  4.701E-03  4.214E-03  3.725E-03  3.309E-03  2.956E-03  2.657E-03  2.303E-03  2.035E-03  1.755E-03  1.549E-03  1.316E-03  1.119E-03  9.496E-04  8.015E-04  6.731E-04  5.630E-04  4.702E-04  3.834E-04  3.143E-04  2.563E-04  2.069E-04  1.651E-04  1.323E-04
  332.5000  4.187E-02  4.068E-02  3.949E-02  3.832E-02  3.715E-02  3.600E-02  3.485E-02  3.372E-02  3.260E-02  3.149E-02  3.039E-02  2.930E-02  2.823E-02  2.717E-02  2.611E-02  2.508E-02  2.406E-02  2.304E-02  2.205E-02  2.106E-02  2.010E-02  1.915E-02  1.821E-02  1.729E-02  1.639E-02  1.550E-02  1.464E-02  1.379E-02  1.296E-02  1.215E-02  1.136E-02  1.061E-02  9.856E-03  9.138E-03  8.446E-03  7.780E-03  7.144E-03  6.541E-03  5.970E-03  5.374E-03  4.766E-03  4.250E-03  3.812E-03  3.442E-03  2.989E-03  2.651E-03  2.288E-03  2.025E-03  1.721E-03  1.463E-03  1.240E-03  1.045E-03  8.755E-04  7.304E-04  6.083E-04  4.938E-04  4.033E-04  3.278E-04  2.635E-04  2.096E-04  1.678E-04
  333.5000  3.751E-02  3.641E-02  3.531E-02  3.423E-02  3.316E-02  3.209E-02  3.104E-02  3.000E-02  2.897E-02  2.795E-02  2.694E-02  2.595E-02  2.496E-02  2.399E-02  2.303E-02  2.208E-02  2.115E-02  2.023E-02  1.933E-02  1.843E-02  1.756E-02  1.670E-02  1.585E-02  1.502E-02  1.421E-02  1.342E-02  1.264E-02  1.188E-02  1.114E-02  1.043E-02  9.728E-03  9.053E-03  8.400E-03  7.769E-03  7.163E-03  6.582E-03  6.029E-03  5.506E-03  5.014E-03  4.504E-03  3.987E-03  3.548E-03  3.176E-03  2.860E-03  2.481E-03  2.196E-03  1.894E-03  1.673E-03  1.422E-03  1.208E-03  1.024E-03  8.634E-04  7.238E-04  6.044E-04  5.038E-04  4.097E-04  3.351E-04  2.727E-04  2.196E-04  1.749E-04  1.401E-04
  334.5000  4.300E-02  4.175E-02  4.051E-02  3.929E-02  3.808E-02  3.688E-02  3.569E-02  3.451E-02  3.334E-02  3.219E-02  3.105E-02  2.992E-02  2.880E-02  2.770E-02  2.661E-02  2.554E-02  2.448E-02  2.343E-02  2.240E-02  2.138E-02  2.038E-02  1.940E-02  1.844E-02  1.749E-02  1.656E-02  1.565E-02  1.476E-02  1.389E-02  1.304E-02  1.221E-02  1.140E-02  1.062E-02  9.868E-03  9.138E-03  8.434E-03  7.759E-03  7.115E-03  6.505E-03  5.929E-03  5.331E-03  4.723E-03  4.206E-03  3.768E-03  3.397E-03  2.948E-03  2.611E-03  2.252E-03  1.991E-03  1.691E-03  1.437E-03  1.218E-03  1.026E-03  8.595E-04  7.171E-04  5.973E-04  4.851E-04  3.963E-04  3.222E-04  2.591E-04  2.062E-04  1.651E-04
  335.5000  4.602E-02  4.474E-02  4.346E-02  4.219E-02  4.094E-02  3.969E-02  3.846E-02  3.723E-02  3.602E-02  3.482E-02  3.363E-02  3.245E-02  3.129E-02  3.013E-02  2.899E-02  2.787E-02  2.676E-02  2.566E-02  2.457E-02  2.350E-02  2.245E-02  2.141E-02  2.038E-02  1.938E-02  1.839E-02  1.742E-02  1.646E-02  1.553E-02  1.462E-02  1.372E-02  1.285E-02  1.201E-02  1.118E-02  1.038E-02  9.611E-03  8.868E-03  8.155E-03  7.478E-03  6.836E-03  6.162E-03  5.471E-03  4.884E-03  4.387E-03  3.967E-03  3.448E-03  3.061E-03  2.644E-03  2.342E-03  1.991E-03  1.692E-03  1.434E-03  1.208E-03  1.011E-03  8.430E-04  7.014E-04  5.685E-04  4.636E-04  3.763E-04  3.020E-04  2.399E-04  1.919E-04
  336.5000  3.544E-02  3.444E-02  3.345E-02  3.246E-02  3.148E-02  3.052E-02  2.956E-02  2.860E-02  2.766E-02  2.673E-02  2.581E-02  2.489E-02  2.399E-02  2.309E-02  2.221E-02  2.134E-02  2.048E-02  1.962E-02  1.878E-02  1.796E-02  1.714E-02  1.634E-02  1.555E-02  1.477E-02  1.400E-02  1.325E-02  1.252E-02  1.180E-02  1.110E-02  1.041E-02  9.744E-03  9.102E-03  8.463E-03  7.851E-03  7.261E-03  6.693E-03  6.149E-03  5.633E-03  5.144E-03  4.633E-03  4.110E-03  3.666E-03  3.290E-03  2.971E-03  2.581E-03  2.289E-03  1.976E-03  1.749E-03  1.486E-03  1.263E-03  1.070E-03  9.012E-04  7.545E-04  6.289E-04  5.233E-04  4.243E-04  3.461E-04  2.810E-04  2.256E-04  1.793E-04  1.434E-04
  337.5000  3.749E-02  3.640E-02  3.532E-02  3.426E-02  3.320E-02  3.215E-02  3.111E-02  3.008E-02  2.907E-02  2.806E-02  2.707E-02  2.608E-02  2.511E-02  2.415E-02  2.320E-02  2.226E-02  2.134E-02  2.042E-02  1.952E-02  1.864E-02  1.777E-02  1.691E-02  1.607E-02  1.524E-02  1.443E-02  1.364E-02  1.286E-02  1.210E-02  1.136E-02  1.064E-02  9.935E-03  9.256E-03  8.595E-03  7.958E-03  7.344E-03  6.755E-03  6.193E-03  5.661E-03  5.159E-03  4.638E-03  4.107E-03  3.657E-03  3.275E-03  2.952E-03  2.561E-03  2.267E-03  1.955E-03  1.728E-03  1.468E-03  1.247E-03  1.056E-03  8.893E-04  7.448E-04  6.211E-04  5.171E-04  4.198E-04  3.428E-04  2.786E-04  2.240E-04  1.782E-04  1.426E-04
  338.5000  4.190E-02  4.073E-02  3.957E-02  3.842E-02  3.728E-02  3.615E-02  3.502E-02  3.391E-02  3.281E-02  3.172E-02  3.064E-02  2.957E-02  2.851E-02  2.746E-02  2.642E-02  2.540E-02  2.439E-02  2.339E-02  2.240E-02  2.143E-02  2.047E-02  1.952E-02  1.859E-02  1.767E-02  1.677E-02  1.589E-02  1.502E-02  1.417E-02  1.334E-02  1.252E-02  1.173E-02  1.095E-02  1.021E-02  9.478E-03  8.774E-03  8.095E-03  7.445E-03  6.826E-03  6.241E-03  5.625E-03  4.993E-03  4.457E-03  4.003E-03  3.619E-03  3.145E-03  2.791E-03  2.410E-03  2.135E-03  1.814E-03  1.542E-03  1.306E-03  1.100E-03  9.201E-04  7.665E-04  6.373E-04  5.162E-04  4.206E-04  3.413E-04  2.736E-04  2.172E-04  1.737E-04
  339.5000  4.593E-02  4.465E-02  4.339E-02  4.214E-02  4.089E-02  3.965E-02  3.843E-02  3.721E-02  3.601E-02  3.482E-02  3.364E-02  3.247E-02  3.132E-02  3.017E-02  2.904E-02  2.792E-02  2.682E-02  2.572E-02  2.464E-02  2.358E-02  2.253E-02  2.149E-02  2.047E-02  1.947E-02  1.848E-02  1.751E-02  1.656E-02  1.563E-02  1.472E-02  1.382E-02  1.295E-02  1.211E-02  1.128E-02  1.048E-02  9.704E-03  8.958E-03  8.241E-03  7.559E-03  6.913E-03  6.234E-03  5.535E-03  4.942E-03  4.440E-03  4.016E-03  3.490E-03  3.098E-03  2.676E-03  2.371E-03  2.014E-03  1.712E-03  1.450E-03  1.221E-03  1.021E-03  8.503E-04  7.068E-04  5.722E-04  4.660E-04  3.779E-04  3.029E-04  2.403E-04  1.921E-04
  340.5000  4.813E-02  4.678E-02  4.543E-02  4.410E-02  4.278E-02  4.147E-02  4.017E-02  3.888E-02  3.760E-02  3.634E-02  3.509E-02  3.385E-02  3.263E-02  3.142E-02  3.022E-02  2.904E-02  2.787E-02  2.672E-02  2.558E-02  2.445E-02  2.335E-02  2.226E-02  2.118E-02  2.013E-02  1.909E-02  1.807E-02  1.707E-02  1.610E-02  1.514E-02  1.421E-02  1.330E-02  1.237E-02  1.155E-02  1.072E-02  9.914E-03  9.140E-03  8.398E-03  7.693E-03  7.027E-03  6.328E-03  5.613E-03  5.006E-03  4.492E-03  4.057E-03  3.523E-03  3.124E-03  2.696E-03  2.386E-03  2.026E-03  1.721E-03  1.457E-03  1.226E-03  1.026E-03  8.546E-04  7.105E-04  5.755E-04  4.690E-04  3.805E-04  3.052E-04  2.423E-04  1.938E-04
  341.5000  4.404E-02  4.282E-02  4.161E-02  4.042E-02  3.923E-02  3.805E-02  3.688E-02  3.573E-02  3.458E-02  3.344E-02  3.232E-02  3.120E-02  3.010E-02  2.900E-02  2.792E-02  2.686E-02  2.580E-02  2.475E-02  2.372E-02  2.270E-02  2.170E-02  2.071E-02  1.973E-02  1.877E-02  1.783E-02  1.690E-02  1.599E-02  1.509E-02  1.422E-02  1.336E-02  1.252E-02  1.171E-02  1.091E-02  1.014E-02  9.398E-03  8.679E-03  7.988E-03  7.330E-03  6.707E-03  6.050E-03  5.373E-03  4.799E-03  4.314E-03  3.903E-03  3.392E-03  3.013E-03  2.602E-03  2.306E-03  1.960E-03  1.665E-03  1.410E-03  1.187E-03  9.927E-04  8.264E-04  6.867E-04  5.555E-04  4.522E-04  3.665E-04  2.935E-04  2.328E-04  1.860E-04
  342.5000  4.908E-02  4.773E-02  4.639E-02  4.506E-02  4.374E-02  4.243E-02  4.113E-02  3.985E-02  3.857E-02  3.731E-02  3.606E-02  3.482E-02  3.359E-02  3.238E-02  3.118E-02  2.999E-02  2.881E-02  2.765E-02  2.650E-02  2.537E-02  2.426E-02  2.315E-02  2.207E-02  2.100E-02  1.994E-02  1.891E-02  1.789E-02  1.690E-02  1.592E-02  1.496E-02  1.403E-02  1.312E-02  1.224E-02  1.137E-02  1.054E-02  9.737E-03  8.965E-03  8.229E-03  7.532E-03  6.795E-03  6.037E-03  5.393E-03  4.848E-03  4.388E-03  3.814E-03  3.388E-03  2.927E-03  2.594E-03  2.204E-03  1.873E-03  1.586E-03  1.335E-03  1.116E-03  9.290E-04  7.717E-04  6.240E-04  5.078E-04  4.114E-04  3.293E-04  2.611E-04  2.086E-04
  343.5000  5.051E-02  4.911E-02  4.772E-02  4.635E-02  4.498E-02  4.362E-02  4.228E-02  4.095E-02  3.963E-02  3.833E-02  3.703E-02  3.575E-02  3.448E-02  3.322E-02  3.198E-02  3.075E-02  2.954E-02  2.834E-02  2.715E-02  2.598E-02  2.483E-02  2.369E-02  2.257E-02  2.146E-02  2.038E-02  1.931E-02  1.827E-02  1.724E-02  1.624E-02  1.525E-02  1.429E-02  1.336E-02  1.245E-02  1.157E-02  1.071E-02  9.889E-03  9.098E-03  8.346E-03  7.633E-03  6.882E-03  6.110E-03  5.455E-03  4.900E-03  4.431E-03  3.850E-03  3.417E-03  2.951E-03  2.613E-03  2.220E-03  1.885E-03  1.596E-03  1.343E-03  1.123E-03  9.344E-04  7.761E-04  6.277E-04  5.108E-04  4.139E-04  3.314E-04  2.628E-04  2.100E-04
  344.5000  3.504E-02  3.406E-02  3.309E-02  3.213E-02  3.117E-02  3.023E-02  2.929E-02  2.836E-02  2.744E-02  2.653E-02  2.562E-02  2.473E-02  2.384E-02  2.297E-02  2.210E-02  2.124E-02  2.040E-02  1.956E-02  1.874E-02  1.792E-02  1.712E-02  1.633E-02  1.555E-02  1.478E-02  1.403E-02  1.328E-02  1.256E-02  1.185E-02  1.115E-02  1.047E-02  9.804E-03  9.152E-03  8.528E-03  7.918E-03  7.328E-03  6.760E-03  6.215E-03  5.696E-03  5.206E-03  4.690E-03  4.162E-03  3.713E-03  3.333E-03  3.011E-03  2.615E-03  2.319E-03  2.002E-03  1.772E-03  1.504E-03  1.277E-03  1.081E-03  9.092E-04  7.601E-04  6.326E-04  5.254E-04  4.250E-04  3.459E-04  2.804E-04  2.245E-04  1.781E-04  1.423E-04
  345.5000  4.941E-02  4.805E-02  4.671E-02  4.538E-02  4.406E-02  4.275E-02  4.145E-02  4.016E-02  3.888E-02  3.762E-02  3.637E-02  3.512E-02  3.389E-02  3.267E-02  3.147E-02  3.028E-02  2.910E-02  2.793E-02  2.678E-02  2.564E-02  2.452E-02  2.341E-02  2.232E-02  2.125E-02  2.019E-02  1.915E-02  1.812E-02  1.712E-02  1.614E-02  1.517E-02  1.423E-02  1.331E-02  1.242E-02  1.155E-02  1.071E-02  9.896E-03  9.114E-03  8.369E-03  7.663E-03  6.916E-03  6.145E-03  5.491E-03  4.937E-03  4.469E-03  3.886E-03  3.452E-03  2.982E-03  2.644E-03  2.246E-03  1.908E-03  1.616E-03  1.359E-03  1.136E-03  9.449E-04  7.845E-04  6.338E-04  5.153E-04  4.172E-04  3.336E-04  2.643E-04  2.111E-04
  346.5000  4.547E-02  4.421E-02  4.296E-02  4.172E-02  4.049E-02  3.927E-02  3.806E-02  3.686E-02  3.567E-02  3.450E-02  3.334E-02  3.218E-02  3.104E-02  2.991E-02  2.879E-02  2.768E-02  2.659E-02  2.551E-02  2.444E-02  2.339E-02  2.235E-02  2.133E-02  2.032E-02  1.932E-02  1.835E-02  1.739E-02  1.645E-02  1.552E-02  1.462E-02  1.373E-02  1.287E-02  1.203E-02  1.120E-02  1.041E-02  9.639E-03  8.897E-03  8.185E-03  7.507E-03  6.864E-03  6.188E-03  5.492E-03  4.902E-03  4.403E-03  3.980E-03  3.457E-03  3.068E-03  2.648E-03  2.345E-03  1.991E-03  1.690E-03  1.430E-03  1.203E-03  1.005E-03  8.362E-04  6.942E-04  5.612E-04  4.564E-04  3.697E-04  2.958E-04  2.344E-04  1.873E-04
  347.5000  4.454E-02  4.331E-02  4.209E-02  4.088E-02  3.967E-02  3.848E-02  3.730E-02  3.612E-02  3.496E-02  3.381E-02  3.267E-02  3.154E-02  3.043E-02  2.932E-02  2.822E-02  2.714E-02  2.607E-02  2.501E-02  2.397E-02  2.294E-02  2.192E-02  2.092E-02  1.993E-02  1.896E-02  1.800E-02  1.706E-02  1.614E-02  1.523E-02  1.434E-02  1.348E-02  1.263E-02  1.181E-02  1.100E-02  1.022E-02  9.466E-03  8.738E-03  8.039E-03  7.374E-03  6.743E-03  6.079E-03  5.396E-03  4.816E-03  4.326E-03  3.911E-03  3.396E-03  3.014E-03  2.601E-03  2.303E-03  1.956E-03  1.660E-03  1.405E-03  1.181E-03  9.870E-04  8.208E-04  6.813E-04  5.505E-04  4.476E-04  3.625E-04  2.899E-04  2.297E-04  1.835E-04
  348.5000  4.929E-02  4.793E-02  4.658E-02  4.525E-02  4.392E-02  4.261E-02  4.130E-02  4.001E-02  3.873E-02  3.746E-02  3.621E-02  3.496E-02  3.373E-02  3.251E-02  3.130E-02  3.011E-02  2.892E-02  2.776E-02  2.660E-02  2.546E-02  2.434E-02  2.323E-02  2.214E-02  2.107E-02  2.001E-02  1.897E-02  1.795E-02  1.695E-02  1.596E-02  1.500E-02  1.406E-02  1.315E-02  1.226E-02  1.139E-02  1.056E-02  9.748E-03  8.971E-03  8.232E-03  7.531E-03  6.791E-03  6.030E-03  5.384E-03  4.837E-03  4.374E-03  3.800E-03  3.373E-03  2.911E-03  2.579E-03  2.189E-03  1.859E-03  1.573E-03  1.322E-03  1.105E-03  9.184E-04  7.621E-04  6.156E-04  5.003E-04  4.050E-04  3.238E-04  2.564E-04  2.047E-04
  349.5000  4.129E-02  4.016E-02  3.903E-02  3.791E-02  3.680E-02  3.570E-02  3.460E-02  3.352E-02  3.244E-02  3.138E-02  3.033E-02  2.929E-02  2.825E-02  2.723E-02  2.622E-02  2.522E-02  2.423E-02  2.325E-02  2.228E-02  2.133E-02  2.039E-02  1.946E-02  1.854E-02  1.764E-02  1.675E-02  1.588E-02  1.503E-02  1.419E-02  1.336E-02  1.256E-02  1.177E-02  1.101E-02  1.026E-02  9.536E-03  8.834E-03  8.157E-03  7.506E-03  6.887E-03  6.299E-03  5.680E-03  5.043E-03  4.502E-03  4.043E-03  3.656E-03  3.176E-03  2.818E-03  2.432E-03  2.154E-03  1.829E-03  1.552E-03  1.313E-03  1.103E-03  9.218E-04  7.663E-04  6.358E-04  5.134E-04  4.172E-04  3.376E-04  2.699E-04  2.137E-04  1.706E-04
  350.5000  5.793E-02  5.634E-02  5.475E-02  5.319E-02  5.163E-02  5.009E-02  4.855E-02  4.704E-02  4.553E-02  4.404E-02  4.257E-02  4.110E-02  3.965E-02  3.822E-02  3.680E-02  3.540E-02  3.401E-02  3.264E-02  3.128E-02  2.994E-02  2.863E-02  2.732E-02  2.604E-02  2.478E-02  2.353E-02  2.231E-02  2.111E-02  1.993E-02  1.878E-02  1.765E-02  1.654E-02  1.547E-02  1.442E-02  1.340E-02  1.241E-02  1.146E-02  1.055E-02  9.680E-03  8.855E-03  7.985E-03  7.089E-03  6.328E-03  5.684E-03  5.140E-03  4.464E-03  3.961E-03  3.419E-03  3.027E-03  2.570E-03  2.181E-03  1.845E-03  1.550E-03  1.295E-03  1.076E-03  8.926E-04  7.206E-04  5.854E-04  4.736E-04  3.785E-04  2.996E-04  2.392E-04
  351.5000  4.985E-02  4.847E-02  4.711E-02  4.576E-02  4.441E-02  4.308E-02  4.176E-02  4.045E-02  3.916E-02  3.788E-02  3.660E-02  3.534E-02  3.409E-02  3.286E-02  3.164E-02  3.043E-02  2.923E-02  2.805E-02  2.689E-02  2.573E-02  2.460E-02  2.348E-02  2.237E-02  2.128E-02  2.021E-02  1.916E-02  1.813E-02  1.711E-02  1.612E-02  1.515E-02  1.420E-02  1.327E-02  1.237E-02  1.150E-02  1.065E-02  9.830E-03  9.045E-03  8.297E-03  7.588E-03  6.841E-03  6.072E-03  5.419E-03  4.866E-03  4.399E-03  3.819E-03  3.389E-03  2.924E-03  2.588E-03  2.197E-03  1.864E-03  1.576E-03  1.324E-03  1.106E-03  9.189E-04  7.621E-04  6.151E-04  4.996E-04  4.042E-04  3.229E-04  2.556E-04  2.040E-04
  352.5000  4.507E-02  4.383E-02  4.260E-02  4.138E-02  4.017E-02  3.896E-02  3.777E-02  3.659E-02  3.542E-02  3.426E-02  3.311E-02  3.197E-02  3.085E-02  2.973E-02  2.863E-02  2.754E-02  2.646E-02  2.539E-02  2.434E-02  2.329E-02  2.227E-02  2.125E-02  2.026E-02  1.927E-02  1.830E-02  1.735E-02  1.642E-02  1.550E-02  1.460E-02  1.372E-02  1.286E-02  1.203E-02  1.121E-02  1.042E-02  9.652E-03  8.912E-03  8.200E-03  7.523E-03  6.881E-03  6.204E-03  5.507E-03  4.915E-03  4.413E-03  3.990E-03  3.464E-03  3.074E-03  2.652E-03  2.348E-03  1.992E-03  1.690E-03  1.429E-03  1.201E-03  1.002E-03  8.328E-04  6.905E-04  5.572E-04  4.524E-04  3.659E-04  2.923E-04  2.313E-04  1.846E-04
  353.5000  5.446E-02  5.296E-02  5.147E-02  5.000E-02  4.854E-02  4.709E-02  4.566E-02  4.423E-02  4.282E-02  4.142E-02  4.004E-02  3.867E-02  3.731E-02  3.596E-02  3.463E-02  3.331E-02  3.201E-02  3.072E-02  2.945E-02  2.819E-02  2.695E-02  2.573E-02  2.453E-02  2.334E-02  2.217E-02  2.102E-02  1.989E-02  1.878E-02  1.770E-02  1.663E-02  1.559E-02  1.458E-02  1.360E-02  1.264E-02  1.171E-02  1.081E-02  9.952E-03  9.131E-03  8.353E-03  7.532E-03  6.686E-03  5.968E-03  5.360E-03  4.847E-03  4.208E-03  3.734E-03  3.222E-03  2.853E-03  2.420E-03  2.054E-03  1.736E-03  1.458E-03  1.217E-03  1.011E-03  8.382E-04  6.762E-04  5.488E-04  4.438E-04  3.543E-04  2.803E-04  2.236E-04
  354.5000  5.912E-02  5.750E-02  5.589E-02  5.430E-02  5.271E-02  5.114E-02  4.959E-02  4.804E-02  4.651E-02  4.500E-02  4.350E-02  4.201E-02  4.053E-02  3.908E-02  3.763E-02  3.621E-02  3.479E-02  3.340E-02  3.202E-02  3.065E-02  2.931E-02  2.798E-02  2.667E-02  2.538E-02  2.412E-02  2.287E-02  2.164E-02  2.044E-02  1.926E-02  1.811E-02  1.698E-02  1.588E-02  1.481E-02  1.377E-02  1.276E-02  1.178E-02  1.084E-02  9.951E-03  9.104E-03  8.211E-03  7.290E-03  6.507E-03  5.845E-03  5.285E-03  4.589E-03  4.073E-03  3.514E-03  3.111E-03  2.640E-03  2.239E-03  1.893E-03  1.591E-03  1.327E-03  1.102E-03  9.133E-04  7.365E-04  5.977E-04  4.831E-04  3.856E-04  3.049E-04  2.432E-04
  355.5000  5.530E-02  5.378E-02  5.227E-02  5.079E-02  4.930E-02  4.784E-02  4.638E-02  4.494E-02  4.350E-02  4.209E-02  4.069E-02  3.929E-02  3.792E-02  3.655E-02  3.520E-02  3.387E-02  3.255E-02  3.124E-02  2.995E-02  2.867E-02  2.742E-02  2.618E-02  2.495E-02  2.375E-02  2.256E-02  2.139E-02  2.025E-02  1.912E-02  1.802E-02  1.694E-02  1.588E-02  1.486E-02  1.385E-02  1.288E-02  1.193E-02  1.102E-02  1.014E-02  9.309E-03  8.516E-03  7.680E-03  6.818E-03  6.086E-03  5.466E-03  4.942E-03  4.291E-03  3.807E-03  3.284E-03  2.908E-03  2.467E-03  2.093E-03  1.769E-03  1.486E-03  1.239E-03  1.029E-03  8.527E-04  6.875E-04  5.577E-04  4.507E-04  3.597E-04  2.844E-04  2.268E-04
  356.5000  5.133E-02  4.993E-02  4.853E-02  4.715E-02  4.577E-02  4.441E-02  4.306E-02  4.172E-02  4.039E-02  3.907E-02  3.777E-02  3.648E-02  3.520E-02  3.393E-02  3.268E-02  3.144E-02  3.021E-02  2.900E-02  2.780E-02  2.662E-02  2.545E-02  2.430E-02  2.316E-02  2.204E-02  2.094E-02  1.986E-02  1.880E-02  1.775E-02  1.673E-02  1.572E-02  1.474E-02  1.379E-02  1.286E-02  1.195E-02  1.107E-02  1.023E-02  9.413E-03  8.638E-03  7.902E-03  7.125E-03  6.325E-03  5.645E-03  5.070E-03  4.583E-03  3.979E-03  3.530E-03  3.045E-03  2.695E-03  2.286E-03  1.939E-03  1.638E-03  1.376E-03  1.148E-03  9.528E-04  7.893E-04  6.362E-04  5.160E-04  4.170E-04  3.327E-04  2.630E-04  2.097E-04
  357.5000  4.365E-02  4.245E-02  4.127E-02  4.009E-02  3.892E-02  3.776E-02  3.661E-02  3.547E-02  3.434E-02  3.322E-02  3.211E-02  3.102E-02  2.993E-02  2.885E-02  2.778E-02  2.673E-02  2.569E-02  2.466E-02  2.364E-02  2.263E-02  2.164E-02  2.066E-02  1.969E-02  1.874E-02  1.780E-02  1.688E-02  1.598E-02  1.509E-02  1.422E-02  1.336E-02  1.253E-02  1.172E-02  1.093E-02  1.016E-02  9.409E-03  8.689E-03  7.997E-03  7.337E-03  6.711E-03  6.051E-03  5.371E-03  4.793E-03  4.304E-03  3.891E-03  3.377E-03  2.995E-03  2.583E-03  2.286E-03  1.939E-03  1.644E-03  1.389E-03  1.167E-03  9.728E-04  8.074E-04  6.687E-04  5.389E-04  4.370E-04  3.530E-04  2.816E-04  2.226E-04  1.774E-04
  358.5000  3.375E-02  3.282E-02  3.190E-02  3.100E-02  3.009E-02  2.920E-02  2.831E-02  2.743E-02  2.655E-02  2.569E-02  2.484E-02  2.399E-02  2.315E-02  2.231E-02  2.149E-02  2.068E-02  1.987E-02  1.907E-02  1.829E-02  1.751E-02  1.674E-02  1.598E-02  1.524E-02  1.450E-02  1.378E-02  1.306E-02  1.237E-02  1.168E-02  1.100E-02  1.035E-02  9.700E-03  9.073E-03  8.460E-03  7.864E-03  7.287E-03  6.729E-03  6.194E-03  5.683E-03  5.198E-03  4.687E-03  4.161E-03  3.713E-03  3.334E-03  3.014E-03  2.616E-03  2.320E-03  2.001E-03  1.771E-03  1.502E-03  1.273E-03  1.076E-03  9.027E-04  7.529E-04  6.247E-04  5.173E-04  4.168E-04  3.379E-04  2.729E-04  2.176E-04  1.719E-04  1.371E-04
  359.5000  5.683E-02  5.527E-02  5.372E-02  5.219E-02  5.067E-02  4.916E-02  4.767E-02  4.618E-02  4.471E-02  4.326E-02  4.182E-02  4.039E-02  3.897E-02  3.757E-02  3.619E-02  3.482E-02  3.346E-02  3.212E-02  3.079E-02  2.948E-02  2.819E-02  2.692E-02  2.566E-02  2.442E-02  2.320E-02  2.200E-02  2.082E-02  1.967E-02  1.853E-02  1.742E-02  1.633E-02  1.528E-02  1.424E-02  1.324E-02  1.227E-02  1.133E-02  1.043E-02  9.567E-03  8.751E-03  7.890E-03  7.003E-03  6.249E-03  5.610E-03  5.071E-03  4.401E-03  3.903E-03  3.365E-03  2.978E-03  2.525E-03  2.141E-03  1.808E-03  1.517E-03  1.265E-03  1.050E-03  8.690E-04  7.000E-04  5.673E-04  4.581E-04  3.652E-04  2.885E-04  2.300E-04
  360.5000  5.271E-02  5.126E-02  4.983E-02  4.841E-02  4.700E-02  4.560E-02  4.421E-02  4.284E-02  4.148E-02  4.013E-02  3.879E-02  3.747E-02  3.615E-02  3.485E-02  3.357E-02  3.230E-02  3.104E-02  2.979E-02  2.856E-02  2.735E-02  2.615E-02  2.497E-02  2.380E-02  2.265E-02  2.152E-02  2.041E-02  1.932E-02  1.824E-02  1.719E-02  1.616E-02  1.515E-02  1.418E-02  1.321E-02  1.228E-02  1.138E-02  1.051E-02  9.673E-03  8.875E-03  8.117E-03  7.318E-03  6.495E-03  5.795E-03  5.202E-03  4.702E-03  4.080E-03  3.618E-03  3.119E-03  2.760E-03  2.340E-03  1.983E-03  1.675E-03  1.406E-03  1.172E-03  9.719E-04  8.045E-04  6.478E-04  5.250E-04  4.238E-04  3.378E-04  2.668E-04  2.126E-04
  361.5000  4.759E-02  4.628E-02  4.499E-02  4.371E-02  4.244E-02  4.117E-02  3.992E-02  3.868E-02  3.745E-02  3.624E-02  3.503E-02  3.383E-02  3.265E-02  3.148E-02  3.032E-02  2.917E-02  2.803E-02  2.691E-02  2.580E-02  2.470E-02  2.363E-02  2.256E-02  2.150E-02  2.047E-02  1.945E-02  1.844E-02  1.746E-02  1.649E-02  1.554E-02  1.460E-02  1.369E-02  1.281E-02  1.194E-02  1.110E-02  1.029E-02  9.500E-03  8.743E-03  8.022E-03  7.338E-03  6.616E-03  5.872E-03  5.238E-03  4.703E-03  4.250E-03  3.687E-03  3.270E-03  2.819E-03  2.494E-03  2.114E-03  1.792E-03  1.513E-03  1.269E-03  1.058E-03  8.774E-04  7.261E-04  5.846E-04  4.736E-04  3.822E-04  3.046E-04  2.405E-04  1.916E-04
  362.5000  5.594E-02  5.440E-02  5.288E-02  5.138E-02  4.988E-02  4.840E-02  4.693E-02  4.547E-02  4.403E-02  4.260E-02  4.118E-02  3.978E-02  3.838E-02  3.701E-02  3.564E-02  3.430E-02  3.296E-02  3.164E-02  3.034E-02  2.905E-02  2.778E-02  2.653E-02  2.529E-02  2.407E-02  2.287E-02  2.169E-02  2.053E-02  1.939E-02  1.827E-02  1.718E-02  1.611E-02  1.506E-02  1.405E-02  1.306E-02  1.210E-02  1.117E-02  1.028E-02  9.436E-03  8.630E-03  7.781E-03  6.906E-03  6.161E-03  5.530E-03  4.998E-03  4.336E-03  3.845E-03  3.314E-03  2.932E-03  2.485E-03  2.106E-03  1.778E-03  1.492E-03  1.243E-03  1.030E-03  8.526E-04  6.863E-04  5.558E-04  4.485E-04  3.573E-04  2.820E-04  2.247E-04
  363.5000  4.979E-02  4.843E-02  4.708E-02  4.574E-02  4.441E-02  4.309E-02  4.178E-02  4.048E-02  3.919E-02  3.792E-02  3.666E-02  3.541E-02  3.417E-02  3.294E-02  3.173E-02  3.053E-02  2.935E-02  2.817E-02  2.701E-02  2.586E-02  2.473E-02  2.362E-02  2.251E-02  2.143E-02  2.036E-02  1.931E-02  1.828E-02  1.726E-02  1.627E-02  1.529E-02  1.434E-02  1.341E-02  1.251E-02  1.163E-02  1.077E-02  9.949E-03  9.156E-03  8.401E-03  7.683E-03  6.927E-03  6.146E-03  5.484E-03  4.922E-03  4.448E-03  3.858E-03  3.421E-03  2.948E-03  2.608E-03  2.210E-03  1.873E-03  1.581E-03  1.326E-03  1.105E-03  9.157E-04  7.575E-04  6.096E-04  4.936E-04  3.982E-04  3.171E-04  2.503E-04  1.994E-04
  364.5000  5.433E-02  5.284E-02  5.137E-02  4.991E-02  4.845E-02  4.701E-02  4.558E-02  4.417E-02  4.277E-02  4.138E-02  4.000E-02  3.864E-02  3.728E-02  3.595E-02  3.462E-02  3.331E-02  3.202E-02  3.074E-02  2.947E-02  2.822E-02  2.699E-02  2.577E-02  2.457E-02  2.338E-02  2.221E-02  2.107E-02  1.994E-02  1.883E-02  1.775E-02  1.669E-02  1.565E-02  1.463E-02  1.364E-02  1.268E-02  1.175E-02  1.085E-02  9.986E-03  9.162E-03  8.379E-03  7.553E-03  6.702E-03  5.979E-03  5.366E-03  4.848E-03  4.205E-03  3.727E-03  3.212E-03  2.841E-03  2.407E-03  2.039E-03  1.721E-03  1.444E-03  1.202E-03  9.965E-04  8.242E-04  6.631E-04  5.368E-04  4.330E-04  3.447E-04  2.720E-04  2.166E-04
  365.5000  6.621E-02  6.439E-02  6.259E-02  6.081E-02  5.904E-02  5.729E-02  5.555E-02  5.382E-02  5.211E-02  5.042E-02  4.874E-02  4.708E-02  4.543E-02  4.380E-02  4.218E-02  4.059E-02  3.901E-02  3.745E-02  3.591E-02  3.438E-02  3.288E-02  3.139E-02  2.993E-02  2.848E-02  2.706E-02  2.566E-02  2.429E-02  2.294E-02  2.162E-02  2.032E-02  1.906E-02  1.782E-02  1.662E-02  1.545E-02  1.431E-02  1.321E-02  1.216E-02  1.116E-02  1.020E-02  9.195E-03  8.159E-03  7.277E-03  6.530E-03  5.899E-03  5.116E-03  4.534E-03  3.906E-03  3.455E-03  2.927E-03  2.479E-03  2.092E-03  1.753E-03  1.461E-03  1.210E-03  1.001E-03  8.051E-04  6.516E-04  5.255E-04  4.183E-04  3.300E-04  2.628E-04
  366.5000  7.014E-02  6.821E-02  6.631E-02  6.442E-02  6.255E-02  6.069E-02  5.884E-02  5.702E-02  5.521E-02  5.342E-02  5.164E-02  4.988E-02  4.813E-02  4.640E-02  4.470E-02  4.301E-02  4.134E-02  3.968E-02  3.805E-02  3.643E-02  3.484E-02  3.327E-02  3.171E-02  3.019E-02  2.868E-02  2.720E-02  2.575E-02  2.432E-02  2.291E-02  2.154E-02  2.020E-02  1.889E-02  1.761E-02  1.637E-02  1.517E-02  1.401E-02  1.289E-02  1.182E-02  1.081E-02  9.746E-03  8.646E-03  7.712E-03  6.920E-03  6.250E-03  5.420E-03  4.804E-03  4.138E-03  3.659E-03  3.100E-03  2.625E-03  2.215E-03  1.857E-03  1.546E-03  1.281E-03  1.059E-03  8.516E-04  6.890E-04  5.556E-04  4.421E-04  3.487E-04  2.776E-04
  367.5000  6.666E-02  6.483E-02  6.302E-02  6.123E-02  5.944E-02  5.768E-02  5.593E-02  5.419E-02  5.247E-02  5.077E-02  4.908E-02  4.741E-02  4.575E-02  4.411E-02  4.249E-02  4.088E-02  3.929E-02  3.772E-02  3.617E-02  3.463E-02  3.312E-02  3.163E-02  3.015E-02  2.870E-02  2.727E-02  2.586E-02  2.448E-02  2.312E-02  2.179E-02  2.048E-02  1.921E-02  1.796E-02  1.675E-02  1.557E-02  1.443E-02  1.332E-02  1.226E-02  1.124E-02  1.028E-02  9.267E-03  8.221E-03  7.333E-03  6.579E-03  5.942E-03  5.153E-03  4.566E-03  3.933E-03  3.478E-03  2.945E-03  2.494E-03  2.104E-03  1.762E-03  1.468E-03  1.216E-03  1.005E-03  8.081E-04  6.537E-04  5.270E-04  4.192E-04  3.306E-04  2.632E-04
  368.5000  5.858E-02  5.698E-02  5.539E-02  5.381E-02  5.224E-02  5.069E-02  4.915E-02  4.763E-02  4.611E-02  4.462E-02  4.314E-02  4.167E-02  4.021E-02  3.877E-02  3.734E-02  3.593E-02  3.454E-02  3.315E-02  3.179E-02  3.044E-02  2.911E-02  2.780E-02  2.650E-02  2.522E-02  2.397E-02  2.273E-02  2.152E-02  2.032E-02  1.915E-02  1.800E-02  1.688E-02  1.578E-02  1.472E-02  1.368E-02  1.268E-02  1.171E-02  1.077E-02  9.880E-03  9.034E-03  8.143E-03  7.223E-03  6.442E-03  5.779E-03  5.219E-03  4.525E-03  4.010E-03  3.453E-03  3.053E-03  2.585E-03  2.189E-03  1.846E-03  1.546E-03  1.288E-03  1.066E-03  8.813E-04  7.084E-04  5.729E-04  4.617E-04  3.672E-04  2.895E-04  2.304E-04
  369.5000  7.031E-02  6.838E-02  6.647E-02  6.458E-02  6.270E-02  6.084E-02  5.899E-02  5.716E-02  5.534E-02  5.355E-02  5.177E-02  5.000E-02  4.826E-02  4.653E-02  4.481E-02  4.312E-02  4.145E-02  3.979E-02  3.815E-02  3.653E-02  3.494E-02  3.336E-02  3.181E-02  3.027E-02  2.877E-02  2.728E-02  2.582E-02  2.439E-02  2.298E-02  2.161E-02  2.026E-02  1.895E-02  1.767E-02  1.642E-02  1.522E-02  1.405E-02  1.293E-02  1.186E-02  1.084E-02  9.771E-03  8.667E-03  7.728E-03  6.933E-03  6.261E-03  5.427E-03  4.808E-03  4.140E-03  3.660E-03  3.099E-03  2.623E-03  2.212E-03  1.855E-03  1.543E-03  1.277E-03  1.055E-03  8.481E-04  6.857E-04  5.525E-04  4.394E-04  3.463E-04  2.756E-04
  370.5000  6.382E-02  6.207E-02  6.033E-02  5.862E-02  5.691E-02  5.522E-02  5.354E-02  5.188E-02  5.023E-02  4.861E-02  4.699E-02  4.539E-02  4.380E-02  4.223E-02  4.068E-02  3.914E-02  3.762E-02  3.612E-02  3.463E-02  3.316E-02  3.172E-02  3.028E-02  2.887E-02  2.748E-02  2.611E-02  2.476E-02  2.344E-02  2.214E-02  2.086E-02  1.961E-02  1.839E-02  1.720E-02  1.604E-02  1.491E-02  1.381E-02  1.275E-02  1.173E-02  1.076E-02  9.837E-03  8.866E-03  7.864E-03  7.012E-03  6.289E-03  5.679E-03  4.922E-03  4.360E-03  3.754E-03  3.318E-03  2.809E-03  2.377E-03  2.004E-03  1.681E-03  1.398E-03  1.157E-03  9.557E-04  7.678E-04  6.206E-04  5.000E-04  3.975E-04  3.132E-04  2.492E-04
  371.5000  7.306E-02  7.106E-02  6.907E-02  6.711E-02  6.515E-02  6.322E-02  6.130E-02  5.940E-02  5.751E-02  5.565E-02  5.380E-02  5.196E-02  5.015E-02  4.835E-02  4.657E-02  4.482E-02  4.307E-02  4.135E-02  3.965E-02  3.797E-02  3.631E-02  3.467E-02  3.306E-02  3.147E-02  2.990E-02  2.835E-02  2.684E-02  2.535E-02  2.389E-02  2.246E-02  2.106E-02  1.969E-02  1.836E-02  1.707E-02  1.581E-02  1.460E-02  1.343E-02  1.232E-02  1.126E-02  1.015E-02  9.002E-03  8.026E-03  7.198E-03  6.499E-03  5.632E-03  4.989E-03  4.295E-03  3.796E-03  3.212E-03  2.718E-03  2.292E-03  1.921E-03  1.597E-03  1.322E-03  1.092E-03  8.769E-04  7.087E-04  5.708E-04  4.537E-04  3.574E-04  2.843E-04
  372.5000  5.400E-02  5.252E-02  5.105E-02  4.960E-02  4.815E-02  4.672E-02  4.530E-02  4.390E-02  4.251E-02  4.113E-02  3.976E-02  3.841E-02  3.706E-02  3.574E-02  3.442E-02  3.312E-02  3.184E-02  3.057E-02  2.931E-02  2.807E-02  2.684E-02  2.563E-02  2.444E-02  2.326E-02  2.210E-02  2.096E-02  1.984E-02  1.874E-02  1.766E-02  1.660E-02  1.557E-02  1.455E-02  1.357E-02  1.262E-02  1.169E-02  1.079E-02  9.928E-03  9.105E-03  8.324E-03  7.501E-03  6.653E-03  5.931E-03  5.319E-03  4.802E-03  4.161E-03  3.685E-03  3.172E-03  2.803E-03  2.372E-03  2.007E-03  1.692E-03  1.417E-03  1.178E-03  9.752E-04  8.052E-04  6.466E-04  5.225E-04  4.207E-04  3.343E-04  2.633E-04  2.094E-04
  373.5000  4.883E-02  4.749E-02  4.616E-02  4.484E-02  4.354E-02  4.225E-02  4.096E-02  3.969E-02  3.843E-02  3.719E-02  3.595E-02  3.473E-02  3.351E-02  3.231E-02  3.112E-02  2.995E-02  2.879E-02  2.764E-02  2.650E-02  2.538E-02  2.427E-02  2.317E-02  2.209E-02  2.103E-02  1.998E-02  1.895E-02  1.794E-02  1.694E-02  1.597E-02  1.501E-02  1.407E-02  1.316E-02  1.227E-02  1.141E-02  1.057E-02  9.754E-03  8.974E-03  8.230E-03  7.523E-03  6.779E-03  6.012E-03  5.360E-03  4.806E-03  4.338E-03  3.759E-03  3.328E-03  2.864E-03  2.531E-03  2.141E-03  1.811E-03  1.527E-03  1.279E-03  1.063E-03  8.796E-04  7.261E-04  5.830E-04  4.709E-04  3.791E-04  3.012E-04  2.372E-04  1.886E-04
  374.5000  5.361E-02  5.214E-02  5.068E-02  4.924E-02  4.780E-02  4.638E-02  4.497E-02  4.358E-02  4.219E-02  4.083E-02  3.947E-02  3.813E-02  3.679E-02  3.547E-02  3.417E-02  3.288E-02  3.161E-02  3.034E-02  2.909E-02  2.786E-02  2.665E-02  2.544E-02  2.426E-02  2.309E-02  2.194E-02  2.081E-02  1.970E-02  1.860E-02  1.753E-02  1.648E-02  1.545E-02  1.445E-02  1.347E-02  1.252E-02  1.160E-02  1.071E-02  9.851E-03  9.034E-03  8.258E-03  7.441E-03  6.598E-03  5.881E-03  5.273E-03  4.759E-03  4.123E-03  3.650E-03  3.141E-03  2.775E-03  2.348E-03  1.986E-03  1.673E-03  1.402E-03  1.165E-03  9.635E-04  7.952E-04  6.383E-04  5.155E-04  4.149E-04  3.295E-04  2.595E-04  2.063E-04
  375.5000  6.052E-02  5.886E-02  5.721E-02  5.558E-02  5.397E-02  5.236E-02  5.077E-02  4.920E-02  4.763E-02  4.609E-02  4.456E-02  4.304E-02  4.154E-02  4.005E-02  3.858E-02  3.712E-02  3.568E-02  3.426E-02  3.285E-02  3.146E-02  3.008E-02  2.873E-02  2.739E-02  2.607E-02  2.477E-02  2.349E-02  2.224E-02  2.100E-02  1.979E-02  1.861E-02  1.745E-02  1.632E-02  1.521E-02  1.414E-02  1.310E-02  1.209E-02  1.112E-02  1.020E-02  9.323E-03  8.400E-03  7.449E-03  6.639E-03  5.952E-03  5.371E-03  4.653E-03  4.119E-03  3.544E-03  3.130E-03  2.648E-03  2.239E-03  1.887E-03  1.579E-03  1.313E-03  1.086E-03  8.959E-04  7.189E-04  5.805E-04  4.671E-04  3.709E-04  2.920E-04  2.321E-04
  376.5000  6.047E-02  5.881E-02  5.716E-02  5.554E-02  5.392E-02  5.232E-02  5.073E-02  4.915E-02  4.759E-02  4.605E-02  4.452E-02  4.300E-02  4.150E-02  4.002E-02  3.855E-02  3.709E-02  3.565E-02  3.423E-02  3.282E-02  3.143E-02  3.006E-02  2.870E-02  2.737E-02  2.605E-02  2.475E-02  2.347E-02  2.222E-02  2.099E-02  1.978E-02  1.859E-02  1.743E-02  1.630E-02  1.520E-02  1.413E-02  1.309E-02  1.208E-02  1.111E-02  1.019E-02  9.314E-03  8.392E-03  7.441E-03  6.632E-03  5.945E-03  5.365E-03  4.647E-03  4.113E-03  3.538E-03  3.125E-03  2.643E-03  2.235E-03  1.883E-03  1.575E-03  1.309E-03  1.083E-03  8.932E-04  7.166E-04  5.784E-04  4.654E-04  3.694E-04  2.908E-04  2.311E-04
  377.5000  7.204E-02  7.006E-02  6.810E-02  6.617E-02  6.424E-02  6.233E-02  6.044E-02  5.856E-02  5.670E-02  5.487E-02  5.304E-02  5.124E-02  4.945E-02  4.768E-02  4.592E-02  4.419E-02  4.248E-02  4.078E-02  3.911E-02  3.745E-02  3.582E-02  3.420E-02  3.261E-02  3.104E-02  2.949E-02  2.797E-02  2.648E-02  2.501E-02  2.357E-02  2.215E-02  2.077E-02  1.942E-02  1.811E-02  1.683E-02  1.559E-02  1.439E-02  1.324E-02  1.214E-02  1.110E-02  9.997E-03  8.864E-03  7.900E-03  7.080E-03  6.388E-03  5.533E-03  4.897E-03  4.212E-03  3.719E-03  3.145E-03  2.659E-03  2.240E-03  1.873E-03  1.557E-03  1.287E-03  1.062E-03  8.516E-04  6.873E-04  5.529E-04  4.387E-04  3.452E-04  2.743E-04
  378.5000  7.855E-02  7.640E-02  7.426E-02  7.214E-02  7.004E-02  6.796E-02  6.590E-02  6.385E-02  6.183E-02  5.982E-02  5.784E-02  5.587E-02  5.392E-02  5.198E-02  5.007E-02  4.819E-02  4.632E-02  4.447E-02  4.264E-02  4.083E-02  3.905E-02  3.729E-02  3.556E-02  3.384E-02  3.216E-02  3.050E-02  2.887E-02  2.727E-02  2.570E-02  2.416E-02  2.265E-02  2.117E-02  1.975E-02  1.835E-02  1.700E-02  1.569E-02  1.444E-02  1.324E-02  1.210E-02  1.090E-02  9.662E-03  8.610E-03  7.716E-03  6.961E-03  6.028E-03  5.335E-03  4.588E-03  4.051E-03  3.425E-03  2.895E-03  2.438E-03  2.039E-03  1.694E-03  1.400E-03  1.155E-03  9.261E-04  7.472E-04  6.010E-04  4.768E-04  3.751E-04  2.980E-04
  379.5000  5.814E-02  5.654E-02  5.496E-02  5.340E-02  5.184E-02  5.030E-02  4.877E-02  4.726E-02  4.576E-02  4.428E-02  4.280E-02  4.135E-02  3.990E-02  3.847E-02  3.706E-02  3.566E-02  3.428E-02  3.291E-02  3.156E-02  3.022E-02  2.891E-02  2.760E-02  2.632E-02  2.505E-02  2.380E-02  2.257E-02  2.137E-02  2.018E-02  1.902E-02  1.788E-02  1.676E-02  1.567E-02  1.462E-02  1.358E-02  1.258E-02  1.161E-02  1.068E-02  9.794E-03  8.951E-03  8.064E-03  7.149E-03  6.370E-03  5.708E-03  5.149E-03  4.458E-03  3.945E-03  3.392E-03  2.994E-03  2.531E-03  2.139E-03  1.801E-03  1.507E-03  1.251E-03  1.034E-03  8.526E-04  6.836E-04  5.514E-04  4.434E-04  3.517E-04  2.766E-04  2.197E-04
  380.5000  6.996E-02  6.803E-02  6.613E-02  6.425E-02  6.238E-02  6.052E-02  5.868E-02  5.686E-02  5.506E-02  5.327E-02  5.150E-02  4.975E-02  4.801E-02  4.629E-02  4.459E-02  4.291E-02  4.125E-02  3.960E-02  3.797E-02  3.637E-02  3.478E-02  3.321E-02  3.167E-02  3.014E-02  2.864E-02  2.716E-02  2.571E-02  2.429E-02  2.289E-02  2.151E-02  2.017E-02  1.886E-02  1.759E-02  1.634E-02  1.514E-02  1.397E-02  1.285E-02  1.178E-02  1.077E-02  9.701E-03  8.600E-03  7.662E-03  6.866E-03  6.192E-03  5.361E-03  4.743E-03  4.078E-03  3.599E-03  3.042E-03  2.571E-03  2.164E-03  1.809E-03  1.503E-03  1.242E-03  1.024E-03  8.205E-04  6.617E-04  5.319E-04  4.218E-04  3.317E-04  2.634E-04
  381.5000  6.577E-02  6.396E-02  6.217E-02  6.040E-02  5.864E-02  5.690E-02  5.517E-02  5.346E-02  5.176E-02  5.008E-02  4.842E-02  4.677E-02  4.514E-02  4.352E-02  4.192E-02  4.034E-02  3.878E-02  3.723E-02  3.570E-02  3.419E-02  3.270E-02  3.123E-02  2.977E-02  2.834E-02  2.693E-02  2.554E-02  2.418E-02  2.283E-02  2.152E-02  2.023E-02  1.897E-02  1.773E-02  1.653E-02  1.537E-02  1.423E-02  1.314E-02  1.208E-02  1.108E-02  1.012E-02  9.119E-03  8.084E-03  7.202E-03  6.452E-03  5.819E-03  5.037E-03  4.456E-03  3.830E-03  3.381E-03  2.857E-03  2.414E-03  2.032E-03  1.698E-03  1.410E-03  1.165E-03  9.601E-04  7.694E-04  6.203E-04  4.986E-04  3.953E-04  3.107E-04  2.468E-04
  382.5000  4.384E-02  4.264E-02  4.145E-02  4.026E-02  3.909E-02  3.793E-02  3.678E-02  3.564E-02  3.450E-02  3.339E-02  3.228E-02  3.118E-02  3.009E-02  2.901E-02  2.795E-02  2.690E-02  2.585E-02  2.482E-02  2.380E-02  2.279E-02  2.180E-02  2.082E-02  1.985E-02  1.889E-02  1.795E-02  1.703E-02  1.612E-02  1.522E-02  1.435E-02  1.349E-02  1.264E-02  1.182E-02  1.102E-02  1.024E-02  9.489E-03  8.758E-03  8.055E-03  7.385E-03  6.748E-03  6.078E-03  5.388E-03  4.799E-03  4.300E-03  3.877E-03  3.356E-03  2.968E-03  2.551E-03  2.251E-03  1.902E-03  1.607E-03  1.352E-03  1.130E-03  9.384E-04  7.750E-04  6.386E-04  5.116E-04  4.124E-04  3.314E-04  2.626E-04  2.064E-04  1.639E-04
  383.5000  3.852E-02  3.746E-02  3.641E-02  3.537E-02  3.434E-02  3.332E-02  3.231E-02  3.130E-02  3.031E-02  2.933E-02  2.835E-02  2.739E-02  2.643E-02  2.549E-02  2.455E-02  2.363E-02  2.271E-02  2.180E-02  2.091E-02  2.002E-02  1.915E-02  1.829E-02  1.744E-02  1.660E-02  1.577E-02  1.496E-02  1.416E-02  1.337E-02  1.260E-02  1.185E-02  1.111E-02  1.039E-02  9.684E-03  8.999E-03  8.335E-03  7.693E-03  7.076E-03  6.486E-03  5.927E-03  5.338E-03  4.732E-03  4.215E-03  3.775E-03  3.404E-03  2.946E-03  2.605E-03  2.239E-03  1.976E-03  1.669E-03  1.410E-03  1.186E-03  9.910E-04  8.227E-04  6.793E-04  5.596E-04  4.483E-04  3.613E-04  2.902E-04  2.300E-04  1.807E-04  1.435E-04
  384.5000  5.783E-02  5.624E-02  5.466E-02  5.311E-02  5.156E-02  5.002E-02  4.850E-02  4.700E-02  4.551E-02  4.403E-02  4.257E-02  4.112E-02  3.969E-02  3.827E-02  3.686E-02  3.547E-02  3.410E-02  3.274E-02  3.139E-02  3.006E-02  2.875E-02  2.746E-02  2.618E-02  2.492E-02  2.368E-02  2.246E-02  2.126E-02  2.008E-02  1.892E-02  1.779E-02  1.668E-02  1.559E-02  1.454E-02  1.351E-02  1.252E-02  1.155E-02  1.062E-02  9.738E-03  8.897E-03  8.014E-03  7.103E-03  6.326E-03  5.666E-03  5.109E-03  4.421E-03  3.909E-03  3.359E-03  2.963E-03  2.503E-03  2.113E-03  1.778E-03  1.485E-03  1.233E-03  1.018E-03  8.383E-04  6.713E-04  5.409E-04  4.344E-04  3.442E-04  2.704E-04  2.146E-04
  385.5000  5.724E-02  5.567E-02  5.411E-02  5.257E-02  5.103E-02  4.951E-02  4.801E-02  4.652E-02  4.504E-02  4.358E-02  4.214E-02  4.070E-02  3.928E-02  3.788E-02  3.648E-02  3.511E-02  3.375E-02  3.240E-02  3.107E-02  2.976E-02  2.846E-02  2.718E-02  2.592E-02  2.467E-02  2.344E-02  2.223E-02  2.105E-02  1.988E-02  1.873E-02  1.761E-02  1.651E-02  1.544E-02  1.439E-02  1.338E-02  1.239E-02  1.143E-02  1.051E-02  9.639E-03  8.806E-03  7.931E-03  7.029E-03  6.260E-03  5.607E-03  5.054E-03  4.373E-03  3.866E-03  3.322E-03  2.930E-03  2.474E-03  2.089E-03  1.757E-03  1.467E-03  1.218E-03  1.005E-03  8.279E-04  6.628E-04  5.339E-04  4.287E-04  3.396E-04  2.667E-04  2.117E-04
  386.5000  5.837E-02  5.677E-02  5.518E-02  5.360E-02  5.204E-02  5.049E-02  4.896E-02  4.744E-02  4.593E-02  4.444E-02  4.297E-02  4.151E-02  4.006E-02  3.862E-02  3.720E-02  3.581E-02  3.442E-02  3.304E-02  3.169E-02  3.035E-02  2.903E-02  2.772E-02  2.643E-02  2.516E-02  2.391E-02  2.267E-02  2.146E-02  2.027E-02  1.910E-02  1.796E-02  1.684E-02  1.574E-02  1.468E-02  1.364E-02  1.263E-02  1.166E-02  1.072E-02  9.829E-03  8.979E-03  8.087E-03  7.167E-03  6.383E-03  5.716E-03  5.152E-03  4.457E-03  3.940E-03  3.385E-03  2.985E-03  2.520E-03  2.128E-03  1.789E-03  1.494E-03  1.240E-03  1.023E-03  8.423E-04  6.742E-04  5.429E-04  4.359E-04  3.451E-04  2.710E-04  2.150E-04
  387.5000  5.427E-02  5.278E-02  5.130E-02  4.984E-02  4.838E-02  4.694E-02  4.552E-02  4.410E-02  4.270E-02  4.132E-02  3.995E-02  3.859E-02  3.724E-02  3.591E-02  3.459E-02  3.329E-02  3.200E-02  3.072E-02  2.946E-02  2.821E-02  2.699E-02  2.577E-02  2.457E-02  2.339E-02  2.223E-02  2.108E-02  1.996E-02  1.885E-02  1.776E-02  1.670E-02  1.566E-02  1.464E-02  1.365E-02  1.268E-02  1.175E-02  1.084E-02  9.969E-03  9.137E-03  8.347E-03  7.517E-03  6.662E-03  5.932E-03  5.312E-03  4.787E-03  4.141E-03  3.660E-03  3.144E-03  2.772E-03  2.340E-03  1.975E-03  1.661E-03  1.387E-03  1.150E-03  9.491E-04  7.813E-04  6.252E-04  5.034E-04  4.040E-04  3.198E-04  2.511E-04  1.992E-04
  388.5000  5.442E-02  5.293E-02  5.144E-02  4.997E-02  4.852E-02  4.707E-02  4.564E-02  4.422E-02  4.282E-02  4.143E-02  4.006E-02  3.869E-02  3.734E-02  3.601E-02  3.468E-02  3.338E-02  3.209E-02  3.081E-02  2.954E-02  2.829E-02  2.706E-02  2.584E-02  2.464E-02  2.346E-02  2.229E-02  2.114E-02  2.001E-02  1.890E-02  1.781E-02  1.674E-02  1.570E-02  1.468E-02  1.369E-02  1.272E-02  1.178E-02  1.087E-02  9.995E-03  9.161E-03  8.369E-03  7.536E-03  6.679E-03  5.947E-03  5.324E-03  4.798E-03  4.150E-03  3.667E-03  3.150E-03  2.777E-03  2.344E-03  1.978E-03  1.663E-03  1.388E-03  1.151E-03  9.497E-04  7.816E-04  6.253E-04  5.033E-04  4.039E-04  3.197E-04  2.509E-04  1.990E-04
  389.5000  6.866E-02  6.677E-02  6.490E-02  6.305E-02  6.121E-02  5.938E-02  5.758E-02  5.579E-02  5.402E-02  5.227E-02  5.053E-02  4.881E-02  4.711E-02  4.542E-02  4.376E-02  4.211E-02  4.048E-02  3.886E-02  3.727E-02  3.569E-02  3.414E-02  3.260E-02  3.109E-02  2.959E-02  2.812E-02  2.667E-02  2.525E-02  2.385E-02  2.247E-02  2.113E-02  1.981E-02  1.852E-02  1.727E-02  1.604E-02  1.486E-02  1.371E-02  1.261E-02  1.156E-02  1.056E-02  9.507E-03  8.424E-03  7.500E-03  6.715E-03  6.050E-03  5.233E-03  4.623E-03  3.970E-03  3.500E-03  2.953E-03  2.492E-03  2.095E-03  1.749E-03  1.450E-03  1.196E-03  9.837E-04  7.869E-04  6.332E-04  5.080E-04  4.020E-04  3.154E-04  2.501E-04
  390.5000  6.747E-02  6.562E-02  6.377E-02  6.195E-02  6.015E-02  5.835E-02  5.658E-02  5.482E-02  5.308E-02  5.136E-02  4.966E-02  4.797E-02  4.629E-02  4.464E-02  4.300E-02  4.138E-02  3.978E-02  3.819E-02  3.662E-02  3.508E-02  3.355E-02  3.204E-02  3.055E-02  2.908E-02  2.763E-02  2.621E-02  2.481E-02  2.344E-02  2.208E-02  2.076E-02  1.947E-02  1.820E-02  1.697E-02  1.577E-02  1.460E-02  1.348E-02  1.239E-02  1.136E-02  1.037E-02  9.341E-03  8.277E-03  7.369E-03  6.596E-03  5.943E-03  5.139E-03  4.540E-03  3.898E-03  3.436E-03  2.899E-03  2.446E-03  2.055E-03  1.715E-03  1.422E-03  1.172E-03  9.645E-04  7.713E-04  6.205E-04  4.978E-04  3.937E-04  3.089E-04  2.449E-04
  391.5000  8.009E-02  7.788E-02  7.570E-02  7.354E-02  7.139E-02  6.926E-02  6.716E-02  6.507E-02  6.300E-02  6.096E-02  5.894E-02  5.693E-02  5.494E-02  5.298E-02  5.103E-02  4.912E-02  4.721E-02  4.533E-02  4.347E-02  4.163E-02  3.982E-02  3.803E-02  3.626E-02  3.452E-02  3.280E-02  3.111E-02  2.945E-02  2.782E-02  2.622E-02  2.464E-02  2.311E-02  2.160E-02  2.014E-02  1.872E-02  1.733E-02  1.599E-02  1.471E-02  1.348E-02  1.231E-02  1.109E-02  9.823E-03  8.745E-03  7.827E-03  7.051E-03  6.097E-03  5.386E-03  4.623E-03  4.074E-03  3.437E-03  2.899E-03  2.436E-03  2.033E-03  1.685E-03  1.389E-03  1.142E-03  9.133E-04  7.345E-04  5.891E-04  4.658E-04  3.654E-04  2.897E-04
  392.5000  6.009E-02  5.843E-02  5.679E-02  5.517E-02  5.356E-02  5.196E-02  5.038E-02  4.882E-02  4.727E-02  4.574E-02  4.421E-02  4.271E-02  4.122E-02  3.975E-02  3.829E-02  3.685E-02  3.542E-02  3.401E-02  3.261E-02  3.123E-02  2.988E-02  2.853E-02  2.721E-02  2.590E-02  2.461E-02  2.334E-02  2.210E-02  2.087E-02  1.967E-02  1.849E-02  1.734E-02  1.620E-02  1.511E-02  1.404E-02  1.300E-02  1.200E-02  1.103E-02  1.011E-02  9.236E-03  8.316E-03  7.368E-03  6.559E-03  5.870E-03  5.287E-03  4.571E-03  4.038E-03  3.466E-03  3.054E-03  2.576E-03  2.172E-03  1.825E-03  1.522E-03  1.262E-03  1.040E-03  8.550E-04  6.834E-04  5.496E-04  4.406E-04  3.483E-04  2.732E-04  2.165E-04
  393.5000  2.614E-02  2.542E-02  2.470E-02  2.400E-02  2.329E-02  2.260E-02  2.191E-02  2.123E-02  2.056E-02  1.989E-02  1.923E-02  1.858E-02  1.793E-02  1.729E-02  1.665E-02  1.603E-02  1.541E-02  1.479E-02  1.418E-02  1.359E-02  1.299E-02  1.241E-02  1.183E-02  1.126E-02  1.070E-02  1.015E-02  9.612E-03  9.078E-03  8.555E-03  8.042E-03  7.540E-03  7.051E-03  6.573E-03  6.108E-03  5.656E-03  5.219E-03  4.799E-03  4.398E-03  4.016E-03  3.616E-03  3.204E-03  2.852E-03  2.552E-03  2.299E-03  1.987E-03  1.755E-03  1.506E-03  1.327E-03  1.119E-03  9.434E-04  7.925E-04  6.611E-04  5.477E-04  4.513E-04  3.710E-04  2.965E-04  2.383E-04  1.911E-04  1.510E-04  1.184E-04  9.382E-05
  394.5000  6.153E-02  5.983E-02  5.815E-02  5.649E-02  5.484E-02  5.320E-02  5.158E-02  4.998E-02  4.839E-02  4.683E-02  4.527E-02  4.373E-02  4.220E-02  4.069E-02  3.920E-02  3.773E-02  3.626E-02  3.482E-02  3.339E-02  3.198E-02  3.059E-02  2.921E-02  2.786E-02  2.652E-02  2.520E-02  2.390E-02  2.263E-02  2.137E-02  2.014E-02  1.893E-02  1.775E-02  1.660E-02  1.547E-02  1.438E-02  1.332E-02  1.229E-02  1.130E-02  1.035E-02  9.454E-03  8.512E-03  7.541E-03  6.712E-03  6.006E-03  5.408E-03  4.675E-03  4.128E-03  3.542E-03  3.120E-03  2.631E-03  2.218E-03  1.863E-03  1.554E-03  1.287E-03  1.060E-03  8.713E-04  6.961E-04  5.595E-04  4.484E-04  3.543E-04  2.777E-04  2.200E-04
  395.5000  7.920E-02  7.702E-02  7.485E-02  7.271E-02  7.059E-02  6.848E-02  6.640E-02  6.433E-02  6.229E-02  6.027E-02  5.827E-02  5.628E-02  5.432E-02  5.238E-02  5.045E-02  4.856E-02  4.668E-02  4.482E-02  4.298E-02  4.116E-02  3.937E-02  3.760E-02  3.586E-02  3.413E-02  3.244E-02  3.077E-02  2.913E-02  2.751E-02  2.593E-02  2.437E-02  2.285E-02  2.136E-02  1.992E-02  1.851E-02  1.714E-02  1.581E-02  1.454E-02  1.332E-02  1.217E-02  1.095E-02  9.706E-03  8.637E-03  7.728E-03  6.958E-03  6.014E-03  5.310E-03  4.555E-03  4.012E-03  3.382E-03  2.851E-03  2.394E-03  1.997E-03  1.653E-03  1.362E-03  1.119E-03  8.938E-04  7.182E-04  5.754E-04  4.546E-04  3.562E-04  2.822E-04
  396.5000  4.653E-02  4.524E-02  4.397E-02  4.271E-02  4.146E-02  4.023E-02  3.900E-02  3.779E-02  3.659E-02  3.540E-02  3.423E-02  3.306E-02  3.191E-02  3.077E-02  2.964E-02  2.852E-02  2.742E-02  2.633E-02  2.525E-02  2.418E-02  2.313E-02  2.209E-02  2.106E-02  2.005E-02  1.906E-02  1.807E-02  1.711E-02  1.616E-02  1.523E-02  1.432E-02  1.342E-02  1.255E-02  1.170E-02  1.087E-02  1.007E-02  9.291E-03  8.542E-03  7.827E-03  7.147E-03  6.435E-03  5.701E-03  5.073E-03  4.539E-03  4.086E-03  3.531E-03  3.117E-03  2.674E-03  2.355E-03  1.985E-03  1.673E-03  1.404E-03  1.171E-03  9.694E-04  7.983E-04  6.558E-04  5.237E-04  4.207E-04  3.370E-04  2.662E-04  2.086E-04  1.652E-04
  397.5000  5.372E-02  5.223E-02  5.076E-02  4.931E-02  4.787E-02  4.644E-02  4.503E-02  4.363E-02  4.224E-02  4.087E-02  3.951E-02  3.817E-02  3.684E-02  3.552E-02  3.421E-02  3.293E-02  3.165E-02  3.039E-02  2.915E-02  2.792E-02  2.670E-02  2.550E-02  2.432E-02  2.315E-02  2.200E-02  2.087E-02  1.976E-02  1.866E-02  1.758E-02  1.653E-02  1.550E-02  1.449E-02  1.351E-02  1.255E-02  1.163E-02  1.073E-02  9.862E-03  9.036E-03  8.251E-03  7.428E-03  6.581E-03  5.856E-03  5.238E-03  4.716E-03  4.075E-03  3.597E-03  3.085E-03  2.716E-03  2.289E-03  1.929E-03  1.619E-03  1.350E-03  1.117E-03  9.197E-04  7.554E-04  6.032E-04  4.844E-04  3.880E-04  3.063E-04  2.400E-04  1.900E-04
  398.5000  9.234E-02  8.979E-02  8.726E-02  8.477E-02  8.229E-02  7.983E-02  7.740E-02  7.499E-02  7.261E-02  7.026E-02  6.792E-02  6.561E-02  6.332E-02  6.105E-02  5.881E-02  5.660E-02  5.441E-02  5.225E-02  5.011E-02  4.799E-02  4.590E-02  4.384E-02  4.181E-02  3.980E-02  3.782E-02  3.587E-02  3.396E-02  3.208E-02  3.023E-02  2.842E-02  2.665E-02  2.492E-02  2.323E-02  2.158E-02  1.999E-02  1.844E-02  1.695E-02  1.553E-02  1.418E-02  1.277E-02  1.131E-02  1.007E-02  9.003E-03  8.104E-03  7.002E-03  6.179E-03  5.299E-03  4.665E-03  3.931E-03  3.312E-03  2.779E-03  2.317E-03  1.917E-03  1.578E-03  1.296E-03  1.034E-03  8.305E-04  6.650E-04  5.249E-04  4.111E-04  3.255E-04
  399.5000  9.609E-02  9.343E-02  9.080E-02  8.820E-02  8.562E-02  8.307E-02  8.054E-02  7.803E-02  7.555E-02  7.310E-02  7.067E-02  6.826E-02  6.588E-02  6.353E-02  6.120E-02  5.890E-02  5.662E-02  5.436E-02  5.213E-02  4.993E-02  4.777E-02  4.562E-02  4.350E-02  4.141E-02  3.936E-02  3.733E-02  3.534E-02  3.338E-02  3.146E-02  2.957E-02  2.773E-02  2.592E-02  2.417E-02  2.246E-02  2.080E-02  1.919E-02  1.764E-02  1.616E-02  1.476E-02  1.329E-02  1.177E-02  1.047E-02  9.365E-03  8.429E-03  7.282E-03  6.426E-03  5.510E-03  4.850E-03  4.086E-03  3.441E-03  2.888E-03  2.407E-03  1.991E-03  1.639E-03  1.345E-03  1.074E-03  8.618E-04  6.899E-04  5.445E-04  4.263E-04  3.374E-04
------------------------------------------------------------
Dose rates,W m-2
   1 = UV index (WMO, 1994; Webb et al., 2011)           
   2 = Previtamin-D3 (CIE 2006)                          
values at z =      0.025 km
Columns: time,sza,weighting spectra
time,hrs.  sza,deg.          1          2
   18.0000     82.164  1.624E-01  2.851E-03
   18.0167     82.365  1.567E-01  2.722E-03
   18.0333     82.565  1.511E-01  2.599E-03
   18.0500     82.766  1.456E-01  2.480E-03
   18.0667     82.967  1.402E-01  2.366E-03
   18.0833     83.168  1.350E-01  2.255E-03
   18.1000     83.369  1.299E-01  2.149E-03
   18.1167     83.570  1.248E-01  2.048E-03
   18.1333     83.772  1.199E-01  1.950E-03
   18.1500     83.973  1.151E-01  1.856E-03
   18.1667     84.175  1.104E-01  1.765E-03
   18.1833     84.377  1.059E-01  1.679E-03
   18.2000     84.579  1.014E-01  1.595E-03
   18.2167     84.781  9.701E-02  1.516E-03
   18.2333     84.984  9.275E-02  1.439E-03
   18.2500     85.186  8.860E-02  1.366E-03
   18.2667     85.388  8.454E-02  1.295E-03
   18.2833     85.591  8.058E-02  1.228E-03
   18.3000     85.794  7.673E-02  1.163E-03
   18.3167     85.997  7.297E-02  1.101E-03
   18.3333     86.200  6.932E-02  1.042E-03
   18.3500     86.403  6.576E-02  9.848E-04
   18.3667     86.607  6.230E-02  9.303E-04
   18.3833     86.810  5.894E-02  8.781E-04
   18.4000     87.014  5.567E-02  8.281E-04
   18.4167     87.218  5.250E-02  7.802E-04
   18.4333     87.421  4.944E-02  7.345E-04
   18.4500     87.625  4.646E-02  6.906E-04
   18.4667     87.829  4.357E-02  6.486E-04
   18.4833     88.034  4.079E-02  6.084E-04
   18.5000     88.238  3.809E-02  5.699E-04
   18.5167     88.442  3.550E-02  5.332E-04
   18.5333     88.647  3.300E-02  4.981E-04
   18.5500     88.851  3.060E-02  4.645E-04
   18.5667     89.056  2.830E-02  4.324E-04
   18.5833     89.261  2.609E-02  4.019E-04
   18.6000     89.466  2.399E-02  3.728E-04
   18.6167     89.671  2.201E-02  3.454E-04
   18.6333     89.876  2.014E-02  3.195E-04
   18.6500     90.082  1.819E-02  2.917E-04
   18.6667     90.287  1.621E-02  2.644E-04
   18.6833     90.493  1.452E-02  2.405E-04
   18.7000     90.698  1.309E-02  2.201E-04
   18.7167     90.904  1.187E-02  2.028E-04
   18.7333     91.109  1.038E-02  1.808E-04
   18.7500     91.315  9.268E-03  1.643E-04
   18.7667     91.522  8.066E-03  1.459E-04
   18.7833     91.728  7.191E-03  1.325E-04
   18.8000     91.933  6.170E-03  1.162E-04
   18.8167     92.140  5.297E-03  1.020E-04
   18.8333     92.346  4.534E-03  8.915E-05
   18.8500     92.553  3.859E-03  7.751E-05
   18.8667     92.759  3.266E-03  6.695E-05
   18.8833     92.966  2.751E-03  5.748E-05
   18.9000     93.172  2.311E-03  4.914E-05
   18.9167     93.379  1.890E-03  4.077E-05
   18.9333     93.586  1.554E-03  3.397E-05
   18.9500     93.793  1.267E-03  2.788E-05
   18.9667     94.000  1.021E-03  2.265E-05
   18.9833     94.207  8.115E-04  1.800E-05
   19.0000     94.414  6.466E-04  1.427E-05
------------------------------------------------------------
