Spectral Irradiance,W m-2 nm-1
values at z =      0.025 km
Columns: wavelength (nm),times (hrs.) or sza (deg.)
    wc,nm     18.000     18.017     18.033     18.050     18.067     18.083     18.100     18.117     18.133     18.150     18.167     18.183     18.200     18.217     18.233     18.250     18.267     18.283     18.300     18.317     18.333     18.350     18.367     18.383     18.400     18.417     18.433     18.450     18.467     18.483     18.500     18.517     18.533     18.550     18.567     18.583     18.600     18.617     18.633     18.650     18.667     18.683     18.700     18.717     18.733     18.750     18.767     18.783     18.800     18.817     18.833     18.850     18.867     18.883     18.900     18.917     18.933     18.950     18.967     18.983     19.000
    sza =      84.352     84.547     84.743     84.937     85.133     85.329     85.525     85.721     85.917     86.113     86.310     86.507     86.704     86.901     87.098     87.295     87.493     87.691     87.889     88.087     88.285     88.483     88.682     88.881     89.080     89.279     89.478     89.678     89.877     90.077     90.277     90.477     90.677     90.877     91.078     91.279     91.480     91.680     91.881     92.082     92.284     92.485     92.687     92.888     93.090     93.292     93.495     93.697     93.899     94.102     94.304     94.507     94.710     94.913     95.116     95.319     95.523     95.726     95.930     96.134     96.337
  280.5000  3.096E-27  3.033E-27  2.970E-27  2.906E-27  2.843E-27  2.779E-27  2.715E-27  2.651E-27  2.586E-27  2.521E-27  2.456E-27  2.390E-27  2.324E-27  2.258E-27  2.191E-27  2.124E-27  2.056E-27  1.988E-27  1.919E-27  1.850E-27  1.780E-27  1.710E-27  1.639E-27  1.568E-27  1.497E-27  1.425E-27  1.354E-27  1.283E-27  1.213E-27  1.133E-27  1.044E-27  9.668E-28  8.994E-28  8.404E-28  7.624E-28  6.978E-28  6.294E-28  5.720E-28  5.043E-28  4.459E-28  3.925E-28  3.424E-28  2.940E-28  2.491E-28  2.091E-28  1.746E-28  1.448E-28  1.125E-28  8.830E-29  6.354E-29  4.369E-29  2.832E-29  1.491E-29  6.234E-30  1.636E-30  2.026E-31  4.990E-33  5.617E-36  6.502E-41  0.000E+00  0.000E+00
  281.5000  7.943E-25  7.780E-25  7.617E-25  7.455E-25  7.291E-25  7.127E-25  6.963E-25  6.798E-25  6.632E-25  6.466E-25  6.299E-25  6.131E-25  5.962E-25  5.792E-25  5.621E-25  5.449E-25  5.275E-25  5.101E-25  4.925E-25  4.748E-25  4.570E-25  4.390E-25  4.209E-25  4.027E-25  3.844E-25  3.661E-25  3.479E-25  3.297E-25  3.118E-25  2.913E-25  2.685E-25  2.488E-25  2.315E-25  2.164E-25  1.964E-25  1.798E-25  1.622E-25  1.474E-25  1.302E-25  1.150E-25  1.013E-25  8.838E-26  7.590E-26  6.434E-26  5.407E-26  4.517E-26  3.753E-26  2.927E-26  2.312E-26  1.683E-26  1.177E-26  7.819E-27  4.299E-27  1.920E-27  5.627E-28  8.332E-29  2.839E-30  5.807E-33  1.841E-37  1.121E-44  0.000E+00
  282.5000  6.388E-23  6.256E-23  6.125E-23  5.994E-23  5.862E-23  5.730E-23  5.598E-23  5.465E-23  5.331E-23  5.198E-23  5.063E-23  4.928E-23  4.792E-23  4.656E-23  4.518E-23  4.380E-23  4.241E-23  4.101E-23  3.960E-23  3.817E-23  3.675E-23  3.530E-23  3.385E-23  3.239E-23  3.093E-23  2.946E-23  2.800E-23  2.654E-23  2.511E-23  2.346E-23  2.163E-23  2.005E-23  1.866E-23  1.745E-23  1.584E-23  1.451E-23  1.309E-23  1.190E-23  1.052E-23  9.291E-24  8.183E-24  7.144E-24  6.138E-24  5.205E-24  4.377E-24  3.660E-24  3.044E-24  2.382E-24  1.891E-24  1.390E-24  9.863E-25  6.691E-25  3.818E-25  1.806E-25  5.830E-26  1.011E-26  4.593E-28  1.595E-30  1.226E-34  3.120E-41  0.000E+00
  283.5000  9.962E-22  9.756E-22  9.551E-22  9.346E-22  9.140E-22  8.934E-22  8.727E-22  8.519E-22  8.311E-22  8.103E-22  7.893E-22  7.682E-22  7.470E-22  7.257E-22  7.043E-22  6.828E-22  6.611E-22  6.392E-22  6.173E-22  5.951E-22  5.729E-22  5.504E-22  5.279E-22  5.046E-22  4.824E-22  4.596E-22  4.368E-22  4.141E-22  3.918E-22  3.662E-22  3.377E-22  3.130E-22  2.914E-22  2.725E-22  2.474E-22  2.267E-22  2.046E-22  1.861E-22  1.644E-22  1.453E-22  1.280E-22  1.118E-22  9.607E-23  8.150E-23  6.856E-23  5.736E-23  4.775E-23  3.745E-23  2.982E-23  2.205E-23  1.579E-23  1.086E-23  6.346E-24  3.115E-24  1.071E-24  2.061E-25  1.132E-26  5.569E-29  7.657E-33  5.026E-39  0.000E+00
  284.5000  9.137E-20  8.948E-20  8.758E-20  8.569E-20  8.379E-20  8.189E-20  7.999E-20  7.808E-20  7.616E-20  7.425E-20  7.232E-20  7.039E-20  6.844E-20  6.649E-20  6.453E-20  6.256E-20  6.057E-20  5.858E-20  5.657E-20  5.454E-20  5.251E-20  5.046E-20  4.840E-20  4.633E-20  4.425E-20  4.217E-20  4.009E-20  3.802E-20  3.598E-20  3.364E-20  3.104E-20  2.878E-20  2.681E-20  2.509E-20  2.279E-20  2.089E-20  1.886E-20  1.716E-20  1.518E-20  1.342E-20  1.183E-20  1.033E-20  8.885E-21  7.543E-21  6.350E-21  5.319E-21  4.434E-21  3.490E-21  2.794E-21  2.087E-21  1.518E-21  1.067E-21  6.495E-22  3.391E-22  1.296E-22  2.961E-23  2.230E-24  1.969E-26  7.260E-30  2.424E-35  7.006E-45
  285.5000  1.622E-18  1.588E-18  1.555E-18  1.521E-18  1.487E-18  1.453E-18  1.419E-18  1.385E-18  1.351E-18  1.317E-18  1.283E-18  1.248E-18  1.214E-18  1.179E-18  1.144E-18  1.109E-18  1.074E-18  1.038E-18  1.003E-18  9.670E-19  9.310E-19  8.948E-19  8.583E-19  8.216E-19  7.849E-19  7.480E-19  7.113E-19  6.748E-19  6.387E-19  5.973E-19  5.512E-19  5.114E-19  4.766E-19  4.461E-19  4.054E-19  3.717E-19  3.359E-19  3.057E-19  2.704E-19  2.392E-19  2.110E-19  1.844E-19  1.586E-19  1.347E-19  1.135E-19  9.515E-20  7.940E-20  6.267E-20  5.038E-20  3.791E-20  2.788E-20  1.993E-20  1.250E-20  6.843E-21  2.837E-21  7.417E-22  7.167E-23  1.002E-24  7.975E-28  9.306E-33  2.349E-41
  286.5000  6.683E-17  6.542E-17  6.402E-17  6.262E-17  6.121E-17  5.981E-17  5.840E-17  5.700E-17  5.559E-17  5.418E-17  5.276E-17  5.134E-17  4.991E-17  4.848E-17  4.705E-17  4.561E-17  4.416E-17  4.270E-17  4.124E-17  3.976E-17  3.828E-17  3.679E-17  3.530E-17  3.379E-17  3.228E-17  3.077E-17  2.926E-17  2.777E-17  2.629E-17  2.459E-17  2.270E-17  2.106E-17  1.964E-17  1.839E-17  1.671E-17  1.533E-17  1.386E-17  1.262E-17  1.117E-17  9.883E-18  8.718E-18  7.625E-18  6.561E-18  5.575E-18  4.700E-18  3.942E-18  3.292E-18  2.604E-18  2.099E-18  1.588E-18  1.178E-18  8.528E-19  5.471E-19  3.104E-19  1.370E-19  3.975E-20  4.658E-21  9.314E-23  1.346E-25  4.133E-30  5.633E-38
  287.5000  1.542E-15  1.509E-15  1.476E-15  1.444E-15  1.411E-15  1.378E-15  1.346E-15  1.313E-15  1.280E-15  1.248E-15  1.215E-15  1.182E-15  1.149E-15  1.116E-15  1.083E-15  1.050E-15  1.016E-15  9.826E-16  9.488E-16  9.149E-16  8.809E-16  8.466E-16  8.122E-16  7.777E-16  7.430E-16  7.083E-16  6.737E-16  6.393E-16  6.055E-16  5.665E-16  5.230E-16  4.856E-16  4.528E-16  4.242E-16  3.858E-16  3.540E-16  3.202E-16  2.917E-16  2.583E-16  2.287E-16  2.018E-16  1.766E-16  1.521E-16  1.293E-16  1.091E-16  9.155E-17  7.653E-17  6.065E-17  4.906E-17  3.733E-17  2.793E-17  2.049E-17  1.346E-17  7.933E-18  3.740E-18  1.212E-18  1.745E-19  5.117E-21  1.409E-23  1.234E-27  1.058E-34
  288.5000  3.545E-14  3.468E-14  3.392E-14  3.316E-14  3.240E-14  3.164E-14  3.089E-14  3.013E-14  2.937E-14  2.861E-14  2.786E-14  2.710E-14  2.633E-14  2.557E-14  2.481E-14  2.404E-14  2.327E-14  2.250E-14  2.173E-14  2.095E-14  2.017E-14  1.938E-14  1.859E-14  1.780E-14  1.701E-14  1.622E-14  1.543E-14  1.464E-14  1.387E-14  1.298E-14  1.199E-14  1.114E-14  1.039E-14  9.736E-15  8.860E-15  8.135E-15  7.361E-15  6.711E-15  5.945E-15  5.269E-15  4.654E-15  4.075E-15  3.511E-15  2.987E-15  2.522E-15  2.119E-15  1.773E-15  1.408E-15  1.143E-15  8.751E-16  6.607E-16  4.913E-16  3.311E-16  2.032E-16  1.029E-16  3.759E-17  6.777E-18  3.026E-19  1.694E-21  4.680E-25  3.001E-31
  289.5000  5.811E-13  5.684E-13  5.558E-13  5.432E-13  5.306E-13  5.181E-13  5.055E-13  4.930E-13  4.805E-13  4.680E-13  4.555E-13  4.429E-13  4.304E-13  4.179E-13  4.053E-13  3.927E-13  3.801E-13  3.674E-13  3.547E-13  3.419E-13  3.292E-13  3.163E-13  3.035E-13  2.906E-13  2.776E-13  2.647E-13  2.518E-13  2.390E-13  2.264E-13  2.119E-13  1.958E-13  1.819E-13  1.697E-13  1.591E-13  1.449E-13  1.331E-13  1.205E-13  1.099E-13  9.740E-14  8.636E-14  7.632E-14  6.687E-14  5.765E-14  4.907E-14  4.146E-14  3.486E-14  2.919E-14  2.323E-14  1.889E-14  1.453E-14  1.104E-14  8.287E-15  5.686E-15  3.592E-15  1.915E-15  7.650E-16  1.631E-16  9.962E-18  9.439E-20  6.061E-23  1.675E-28
  290.5000  5.855E-12  5.726E-12  5.597E-12  5.469E-12  5.341E-12  5.213E-12  5.085E-12  4.958E-12  4.831E-12  4.704E-12  4.577E-12  4.450E-12  4.323E-12  4.196E-12  4.069E-12  3.942E-12  3.814E-12  3.686E-12  3.558E-12  3.430E-12  3.301E-12  3.172E-12  3.043E-12  2.913E-12  2.783E-12  2.653E-12  2.525E-12  2.396E-12  2.270E-12  2.125E-12  1.964E-12  1.825E-12  1.703E-12  1.597E-12  1.454E-12  1.337E-12  1.211E-12  1.105E-12  9.798E-13  8.691E-13  7.685E-13  6.738E-13  5.812E-13  4.950E-13  4.184E-13  3.520E-13  2.951E-13  2.351E-13  1.916E-13  1.478E-13  1.129E-13  8.540E-14  5.945E-14  3.845E-14  2.139E-14  9.184E-15  2.247E-15  1.778E-16  2.610E-18  3.387E-21  3.178E-26
  291.5000  5.291E-11  5.172E-11  5.053E-11  4.936E-11  4.818E-11  4.701E-11  4.584E-11  4.467E-11  4.351E-11  4.235E-11  4.119E-11  4.004E-11  3.888E-11  3.773E-11  3.657E-11  3.542E-11  3.426E-11  3.310E-11  3.194E-11  3.078E-11  2.962E-11  2.846E-11  2.729E-11  2.612E-11  2.496E-11  2.379E-11  2.264E-11  2.149E-11  2.036E-11  1.906E-11  1.761E-11  1.637E-11  1.529E-11  1.434E-11  1.306E-11  1.201E-11  1.088E-11  9.936E-12  8.819E-12  7.828E-12  6.927E-12  6.077E-12  5.246E-12  4.471E-12  3.782E-12  3.185E-12  2.672E-12  2.132E-12  1.741E-12  1.348E-12  1.035E-12  7.897E-13  5.582E-13  3.701E-13  2.154E-13  9.999E-14  2.839E-14  2.978E-15  7.086E-17  2.006E-19  7.390E-24
  292.5000  3.023E-10  2.953E-10  2.884E-10  2.816E-10  2.747E-10  2.679E-10  2.612E-10  2.544E-10  2.477E-10  2.410E-10  2.343E-10  2.277E-10  2.210E-10  2.144E-10  2.077E-10  2.011E-10  1.945E-10  1.878E-10  1.812E-10  1.745E-10  1.679E-10  1.613E-10  1.546E-10  1.480E-10  1.414E-10  1.347E-10  1.282E-10  1.217E-10  1.153E-10  1.079E-10  9.974E-11  9.270E-11  8.657E-11  8.122E-11  7.402E-11  6.807E-11  6.172E-11  5.637E-11  5.006E-11  4.447E-11  3.937E-11  3.457E-11  2.986E-11  2.547E-11  2.156E-11  1.816E-11  1.525E-11  1.219E-11  9.970E-12  7.743E-12  5.972E-12  4.585E-12  3.281E-12  2.220E-12  1.341E-12  6.651E-13  2.143E-13  2.860E-14  1.025E-15  5.582E-18  6.390E-22
  293.5000  1.982E-09  1.936E-09  1.890E-09  1.844E-09  1.798E-09  1.753E-09  1.708E-09  1.663E-09  1.618E-09  1.573E-09  1.529E-09  1.485E-09  1.441E-09  1.397E-09  1.353E-09  1.309E-09  1.265E-09  1.222E-09  1.178E-09  1.134E-09  1.091E-09  1.047E-09  1.004E-09  9.606E-10  9.172E-10  8.741E-10  8.313E-10  7.890E-10  7.474E-10  6.998E-10  6.467E-10  6.011E-10  5.614E-10  5.268E-10  4.803E-10  4.418E-10  4.007E-10  3.662E-10  3.254E-10  2.892E-10  2.562E-10  2.251E-10  1.946E-10  1.661E-10  1.407E-10  1.187E-10  9.972E-11  7.979E-11  6.537E-11  5.091E-11  3.942E-11  3.044E-11  2.202E-11  1.518E-11  9.483E-12  4.990E-12  1.804E-12  3.001E-13  1.572E-14  1.577E-16  5.238E-20
  294.5000  7.223E-09  7.050E-09  6.878E-09  6.707E-09  6.538E-09  6.369E-09  6.202E-09  6.036E-09  5.870E-09  5.707E-09  5.543E-09  5.380E-09  5.218E-09  5.056E-09  4.895E-09  4.735E-09  4.575E-09  4.415E-09  4.255E-09  4.096E-09  3.938E-09  3.779E-09  3.621E-09  3.463E-09  3.306E-09  3.149E-09  2.994E-09  2.841E-09  2.691E-09  2.519E-09  2.328E-09  2.164E-09  2.021E-09  1.897E-09  1.729E-09  1.591E-09  1.444E-09  1.320E-09  1.173E-09  1.043E-09  9.248E-10  8.131E-10  7.032E-10  6.007E-10  5.092E-10  4.297E-10  3.614E-10  2.895E-10  2.375E-10  1.853E-10  1.440E-10  1.117E-10  8.149E-11  5.698E-11  3.658E-11  2.021E-11  8.035E-12  1.605E-12  1.150E-13  1.899E-15  1.491E-18
  295.5000  3.662E-08  3.571E-08  3.481E-08  3.393E-08  3.305E-08  3.217E-08  3.130E-08  3.044E-08  2.959E-08  2.875E-08  2.790E-08  2.707E-08  2.623E-08  2.540E-08  2.458E-08  2.376E-08  2.294E-08  2.213E-08  2.132E-08  2.051E-08  1.970E-08  1.890E-08  1.810E-08  1.730E-08  1.651E-08  1.572E-08  1.494E-08  1.417E-08  1.342E-08  1.256E-08  1.160E-08  1.078E-08  1.007E-08  9.450E-09  8.618E-09  7.931E-09  7.198E-09  6.581E-09  5.854E-09  5.212E-09  4.621E-09  4.065E-09  3.519E-09  3.008E-09  2.552E-09  2.155E-09  1.814E-09  1.455E-09  1.195E-09  9.350E-10  7.287E-10  5.677E-10  4.178E-10  2.963E-10  1.953E-10  1.132E-10  4.945E-11  1.186E-11  1.169E-12  3.219E-14  6.173E-17
  296.5000  1.160E-07  1.130E-07  1.101E-07  1.072E-07  1.044E-07  1.015E-07  9.871E-08  9.593E-08  9.317E-08  9.044E-08  8.773E-08  8.504E-08  8.236E-08  7.970E-08  7.706E-08  7.445E-08  7.184E-08  6.924E-08  6.666E-08  6.409E-08  6.154E-08  5.899E-08  5.647E-08  5.394E-08  5.144E-08  4.896E-08  4.651E-08  4.409E-08  4.173E-08  3.904E-08  3.606E-08  3.351E-08  3.129E-08  2.936E-08  2.677E-08  2.464E-08  2.237E-08  2.046E-08  1.820E-08  1.621E-08  1.438E-08  1.266E-08  1.097E-08  9.384E-09  7.967E-09  6.734E-09  5.673E-09  4.556E-09  3.747E-09  2.937E-09  2.295E-09  1.794E-09  1.330E-09  9.540E-10  6.429E-10  3.880E-10  1.838E-10  5.166E-11  6.705E-12  2.864E-13  1.179E-15
  297.5000  3.794E-07  3.694E-07  3.595E-07  3.498E-07  3.401E-07  3.306E-07  3.212E-07  3.118E-07  3.026E-07  2.935E-07  2.845E-07  2.755E-07  2.666E-07  2.578E-07  2.491E-07  2.405E-07  2.319E-07  2.233E-07  2.148E-07  2.064E-07  1.980E-07  1.897E-07  1.814E-07  1.732E-07  1.651E-07  1.570E-07  1.491E-07  1.413E-07  1.337E-07  1.250E-07  1.154E-07  1.072E-07  1.000E-07  9.386E-08  8.559E-08  7.876E-08  7.151E-08  6.540E-08  5.822E-08  5.142E-08  4.605E-08  4.057E-08  3.516E-08  3.010E-08  2.558E-08  2.164E-08  1.824E-08  1.467E-08  1.208E-08  9.481E-09  7.426E-09  5.824E-09  4.341E-09  3.145E-09  2.159E-09  1.348E-09  6.835E-10  2.199E-10  3.618E-11  2.261E-12  1.812E-14
  298.5000  7.195E-07  6.998E-07  6.804E-07  6.614E-07  6.426E-07  6.240E-07  6.056E-07  5.875E-07  5.697E-07  5.520E-07  5.345E-07  5.173E-07  5.002E-07  4.832E-07  4.665E-07  4.499E-07  4.335E-07  4.172E-07  4.010E-07  3.849E-07  3.691E-07  3.533E-07  3.377E-07  3.222E-07  3.068E-07  2.916E-07  2.767E-07  2.620E-07  2.477E-07  2.315E-07  2.137E-07  1.984E-07  1.851E-07  1.736E-07  1.583E-07  1.456E-07  1.322E-07  1.209E-07  1.077E-07  9.592E-08  8.522E-08  7.512E-08  6.515E-08  5.582E-08  4.747E-08  4.018E-08  3.390E-08  2.729E-08  2.249E-08  1.769E-08  1.388E-08  1.091E-08  8.174E-09  5.969E-09  4.160E-09  2.672E-09  1.436E-09  5.189E-10  1.047E-10  9.073E-12  1.289E-13
  299.5000  2.519E-06  2.447E-06  2.377E-06  2.308E-06  2.239E-06  2.172E-06  2.106E-06  2.041E-06  1.977E-06  1.913E-06  1.851E-06  1.789E-06  1.728E-06  1.668E-06  1.608E-06  1.550E-06  1.491E-06  1.434E-06  1.377E-06  1.321E-06  1.265E-06  1.210E-06  1.155E-06  1.101E-06  1.048E-06  9.952E-07  9.435E-07  8.927E-07  8.434E-07  7.878E-07  7.266E-07  6.741E-07  6.287E-07  5.893E-07  5.371E-07  4.940E-07  4.485E-07  4.101E-07  3.652E-07  3.255E-07  2.893E-07  2.551E-07  2.214E-07  1.898E-07  1.616E-07  1.369E-07  1.156E-07  9.313E-08  7.684E-08  6.051E-08  4.759E-08  3.750E-08  2.820E-08  2.074E-08  1.465E-08  9.643E-09  5.453E-09  2.183E-09  5.294E-10  6.172E-11  1.484E-12
  300.5000  3.390E-06  3.290E-06  3.192E-06  3.096E-06  3.001E-06  2.908E-06  2.816E-06  2.726E-06  2.637E-06  2.550E-06  2.464E-06  2.379E-06  2.296E-06  2.213E-06  2.132E-06  2.052E-06  1.973E-06  1.895E-06  1.818E-06  1.742E-06  1.667E-06  1.593E-06  1.519E-06  1.448E-06  1.376E-06  1.306E-06  1.237E-06  1.169E-06  1.104E-06  1.031E-06  9.499E-07  8.807E-07  8.208E-07  7.689E-07  7.005E-07  6.441E-07  5.846E-07  5.345E-07  4.760E-07  4.243E-07  3.772E-07  3.328E-07  2.890E-07  2.479E-07  2.111E-07  1.790E-07  1.512E-07  1.220E-07  1.007E-07  7.945E-08  6.258E-08  4.940E-08  3.728E-08  2.757E-08  1.967E-08  1.321E-08  7.779E-09  3.384E-09  9.523E-10  1.411E-10  5.187E-12
  301.5000  1.015E-05  9.840E-06  9.532E-06  9.232E-06  8.936E-06  8.646E-06  8.361E-06  8.081E-06  7.807E-06  7.538E-06  7.273E-06  7.013E-06  6.757E-06  6.505E-06  6.258E-06  6.015E-06  5.776E-06  5.540E-06  5.307E-06  5.078E-06  4.853E-06  4.631E-06  4.413E-06  4.197E-06  3.986E-06  3.777E-06  3.574E-06  3.375E-06  3.183E-06  2.968E-06  2.733E-06  2.532E-06  2.357E-06  2.206E-06  2.009E-06  1.846E-06  1.675E-06  1.531E-06  1.363E-06  1.215E-06  1.080E-06  9.534E-07  8.283E-07  7.111E-07  6.061E-07  5.142E-07  4.348E-07  3.513E-07  2.903E-07  2.294E-07  1.810E-07  1.431E-07  1.084E-07  8.059E-08  5.811E-08  3.978E-08  2.440E-08  1.155E-08  3.790E-09  7.212E-10  4.149E-11
  302.5000  1.682E-05  1.628E-05  1.575E-05  1.523E-05  1.473E-05  1.423E-05  1.375E-05  1.327E-05  1.281E-05  1.235E-05  1.190E-05  1.147E-05  1.103E-05  1.061E-05  1.019E-05  9.788E-06  9.387E-06  8.993E-06  8.606E-06  8.225E-06  7.852E-06  7.485E-06  7.123E-06  6.768E-06  6.420E-06  6.079E-06  5.746E-06  5.421E-06  5.107E-06  4.757E-06  4.378E-06  4.051E-06  3.770E-06  3.526E-06  3.208E-06  2.946E-06  2.672E-06  2.441E-06  2.173E-06  1.937E-06  1.722E-06  1.520E-06  1.321E-06  1.135E-06  9.677E-07  8.216E-07  6.951E-07  5.622E-07  4.650E-07  3.678E-07  2.906E-07  2.301E-07  1.747E-07  1.304E-07  9.464E-08  6.562E-08  4.137E-08  2.074E-08  7.549E-09  1.702E-09  1.327E-10
  303.5000  4.110E-05  3.971E-05  3.836E-05  3.704E-05  3.575E-05  3.449E-05  3.326E-05  3.205E-05  3.088E-05  2.973E-05  2.860E-05  2.750E-05  2.642E-05  2.536E-05  2.432E-05  2.331E-05  2.232E-05  2.134E-05  2.039E-05  1.946E-05  1.854E-05  1.764E-05  1.677E-05  1.590E-05  1.506E-05  1.424E-05  1.343E-05  1.266E-05  1.191E-05  1.108E-05  1.018E-05  9.412E-06  8.746E-06  8.172E-06  7.428E-06  6.815E-06  6.175E-06  5.638E-06  5.017E-06  4.470E-06  3.973E-06  3.509E-06  3.051E-06  2.622E-06  2.237E-06  1.901E-06  1.610E-06  1.304E-06  1.079E-06  8.549E-07  6.766E-07  5.366E-07  4.085E-07  3.061E-07  2.239E-07  1.575E-07  1.023E-07  5.465E-08  2.238E-08  6.121E-09  6.772E-10
  304.5000  5.609E-05  5.412E-05  5.221E-05  5.035E-05  4.854E-05  4.677E-05  4.504E-05  4.336E-05  4.172E-05  4.012E-05  3.855E-05  3.702E-05  3.552E-05  3.406E-05  3.263E-05  3.123E-05  2.987E-05  2.853E-05  2.722E-05  2.594E-05  2.469E-05  2.347E-05  2.227E-05  2.111E-05  1.997E-05  1.885E-05  1.777E-05  1.672E-05  1.572E-05  1.461E-05  1.341E-05  1.239E-05  1.150E-05  1.074E-05  9.751E-06  8.939E-06  8.096E-06  7.387E-06  6.571E-06  5.853E-06  5.205E-06  4.594E-06  3.994E-06  3.434E-06  2.932E-06  2.492E-06  2.111E-06  1.712E-06  1.418E-06  1.124E-06  8.909E-07  7.072E-07  5.394E-07  4.052E-07  2.977E-07  2.111E-07  1.396E-07  7.752E-08  3.406E-08  1.046E-08  1.424E-09
  305.5000  1.062E-04  1.022E-04  9.831E-05  9.458E-05  9.095E-05  8.742E-05  8.400E-05  8.067E-05  7.743E-05  7.429E-05  7.123E-05  6.824E-05  6.534E-05  6.250E-05  5.974E-05  5.706E-05  5.444E-05  5.189E-05  4.940E-05  4.697E-05  4.461E-05  4.230E-05  4.006E-05  3.787E-05  3.575E-05  3.368E-05  3.168E-05  2.976E-05  2.791E-05  2.588E-05  2.373E-05  2.188E-05  2.028E-05  1.890E-05  1.714E-05  1.569E-05  1.420E-05  1.294E-05  1.150E-05  1.024E-05  9.090E-06  8.028E-06  6.981E-06  6.003E-06  5.128E-06  4.362E-06  3.699E-06  3.003E-06  2.490E-06  1.978E-06  1.570E-06  1.248E-06  9.544E-07  7.195E-07  5.318E-07  3.813E-07  2.581E-07  1.508E-07  7.287E-08  2.621E-08  4.771E-09
  306.5000  1.309E-04  1.258E-04  1.208E-04  1.161E-04  1.115E-04  1.070E-04  1.027E-04  9.852E-05  9.446E-05  9.052E-05  8.669E-05  8.296E-05  7.934E-05  7.581E-05  7.239E-05  6.906E-05  6.581E-05  6.265E-05  5.958E-05  5.659E-05  5.368E-05  5.085E-05  4.810E-05  4.543E-05  4.283E-05  4.031E-05  3.789E-05  3.554E-05  3.329E-05  3.086E-05  2.826E-05  2.602E-05  2.410E-05  2.244E-05  2.034E-05  1.860E-05  1.682E-05  1.531E-05  1.361E-05  1.211E-05  1.074E-05  9.491E-06  8.253E-06  7.098E-06  6.065E-06  5.161E-06  4.377E-06  3.557E-06  2.951E-06  2.347E-06  1.864E-06  1.483E-06  1.135E-06  8.575E-07  6.355E-07  4.580E-07  3.135E-07  1.875E-07  9.468E-08  3.662E-08  7.599E-09
  307.5000  2.701E-04  2.586E-04  2.476E-04  2.370E-04  2.268E-04  2.170E-04  2.075E-04  1.984E-04  1.896E-04  1.812E-04  1.730E-04  1.650E-04  1.574E-04  1.500E-04  1.428E-04  1.358E-04  1.291E-04  1.225E-04  1.162E-04  1.101E-04  1.041E-04  9.835E-05  9.276E-05  8.736E-05  8.213E-05  7.709E-05  7.225E-05  6.759E-05  6.316E-05  5.841E-05  5.335E-05  4.902E-05  4.528E-05  4.207E-05  3.806E-05  3.474E-05  3.136E-05  2.851E-05  2.529E-05  2.248E-05  1.996E-05  1.760E-05  1.530E-05  1.316E-05  1.125E-05  9.575E-06  8.127E-06  6.614E-06  5.493E-06  4.376E-06  3.482E-06  2.774E-06  2.129E-06  1.612E-06  1.201E-06  8.724E-07  6.074E-07  3.774E-07  2.050E-07  8.968E-08  2.344E-08
  308.5000  3.519E-04  3.363E-04  3.214E-04  3.072E-04  2.935E-04  2.803E-04  2.677E-04  2.555E-04  2.439E-04  2.327E-04  2.218E-04  2.114E-04  2.013E-04  1.915E-04  1.821E-04  1.731E-04  1.643E-04  1.557E-04  1.475E-04  1.395E-04  1.318E-04  1.244E-04  1.172E-04  1.102E-04  1.035E-04  9.703E-05  9.081E-05  8.486E-05  7.920E-05  7.314E-05  6.675E-05  6.125E-05  5.652E-05  5.245E-05  4.741E-05  4.324E-05  3.899E-05  3.542E-05  3.140E-05  2.790E-05  2.475E-05  2.182E-05  1.896E-05  1.631E-05  1.394E-05  1.187E-05  1.008E-05  8.209E-06  6.821E-06  5.438E-06  4.332E-06  3.453E-06  2.653E-06  2.012E-06  1.502E-06  1.095E-06  7.682E-07  4.854E-07  2.721E-07  1.255E-07  3.613E-08
  309.5000  4.156E-04  3.958E-04  3.770E-04  3.590E-04  3.418E-04  3.253E-04  3.096E-04  2.946E-04  2.802E-04  2.664E-04  2.532E-04  2.405E-04  2.284E-04  2.167E-04  2.054E-04  1.946E-04  1.842E-04  1.742E-04  1.645E-04  1.552E-04  1.463E-04  1.376E-04  1.293E-04  1.213E-04  1.136E-04  1.063E-04  9.917E-05  9.242E-05  8.602E-05  7.925E-05  7.215E-05  6.605E-05  6.080E-05  5.629E-05  5.077E-05  4.621E-05  4.159E-05  3.772E-05  3.339E-05  2.963E-05  2.625E-05  2.312E-05  2.009E-05  1.727E-05  1.476E-05  1.257E-05  1.068E-05  8.707E-06  7.241E-06  5.782E-06  4.613E-06  3.680E-06  2.833E-06  2.154E-06  1.612E-06  1.182E-06  8.382E-07  5.425E-07  3.183E-07  1.589E-07  5.315E-08
  310.5000  7.177E-04  6.818E-04  6.476E-04  6.150E-04  5.839E-04  5.543E-04  5.260E-04  4.991E-04  4.734E-04  4.489E-04  4.255E-04  4.031E-04  3.817E-04  3.612E-04  3.415E-04  3.228E-04  3.048E-04  2.875E-04  2.709E-04  2.550E-04  2.397E-04  2.251E-04  2.110E-04  1.975E-04  1.845E-04  1.721E-04  1.603E-04  1.491E-04  1.384E-04  1.272E-04  1.156E-04  1.056E-04  9.698E-05  8.960E-05  8.066E-05  7.327E-05  6.584E-05  5.960E-05  5.269E-05  4.669E-05  4.133E-05  3.636E-05  3.156E-05  2.713E-05  2.318E-05  1.975E-05  1.677E-05  1.369E-05  1.139E-05  9.110E-06  7.277E-06  5.812E-06  4.481E-06  3.413E-06  2.561E-06  1.885E-06  1.347E-06  8.876E-07  5.387E-07  2.850E-07  1.064E-07
  311.5000  1.093E-03  1.037E-03  9.832E-04  9.321E-04  8.833E-04  8.368E-04  7.926E-04  7.505E-04  7.103E-04  6.722E-04  6.358E-04  6.011E-04  5.679E-04  5.363E-04  5.062E-04  4.774E-04  4.499E-04  4.236E-04  3.984E-04  3.743E-04  3.513E-04  3.291E-04  3.080E-04  2.878E-04  2.684E-04  2.499E-04  2.324E-04  2.157E-04  2.000E-04  1.835E-04  1.665E-04  1.518E-04  1.392E-04  1.284E-04  1.154E-04  1.047E-04  9.392E-05  8.490E-05  7.497E-05  6.636E-05  5.868E-05  5.160E-05  4.476E-05  3.845E-05  3.285E-05  2.798E-05  2.377E-05  1.942E-05  1.616E-05  1.294E-05  1.034E-05  8.266E-06  6.382E-06  4.867E-06  3.659E-06  2.700E-06  1.939E-06  1.292E-06  8.011E-07  4.398E-07  1.763E-07
  312.5000  1.505E-03  1.425E-03  1.347E-03  1.274E-03  1.204E-03  1.137E-03  1.073E-03  1.013E-03  9.552E-04  9.005E-04  8.483E-04  7.987E-04  7.516E-04  7.068E-04  6.642E-04  6.239E-04  5.854E-04  5.488E-04  5.140E-04  4.809E-04  4.495E-04  4.194E-04  3.910E-04  3.639E-04  3.381E-04  3.136E-04  2.905E-04  2.686E-04  2.480E-04  2.268E-04  2.049E-04  1.861E-04  1.700E-04  1.562E-04  1.399E-04  1.265E-04  1.131E-04  1.019E-04  8.974E-05  7.922E-05  6.989E-05  6.133E-05  5.311E-05  4.557E-05  3.890E-05  3.311E-05  2.813E-05  2.300E-05  1.916E-05  1.536E-05  1.230E-05  9.847E-06  7.620E-06  5.826E-06  4.393E-06  3.256E-06  2.358E-06  1.600E-06  1.027E-06  5.995E-07  2.713E-07
  313.5000  1.860E-03  1.760E-03  1.664E-03  1.573E-03  1.486E-03  1.402E-03  1.323E-03  1.247E-03  1.176E-03  1.107E-03  1.042E-03  9.806E-04  9.219E-04  8.661E-04  8.132E-04  7.631E-04  7.153E-04  6.700E-04  6.269E-04  5.860E-04  5.472E-04  5.101E-04  4.751E-04  4.417E-04  4.100E-04  3.798E-04  3.516E-04  3.248E-04  2.997E-04  2.738E-04  2.471E-04  2.243E-04  2.047E-04  1.879E-04  1.681E-04  1.518E-04  1.357E-04  1.221E-04  1.075E-04  9.479E-05  8.357E-05  7.329E-05  6.343E-05  5.440E-05  4.643E-05  3.951E-05  3.356E-05  2.745E-05  2.287E-05  1.835E-05  1.471E-05  1.178E-05  9.120E-06  6.979E-06  5.268E-06  3.910E-06  2.839E-06  1.937E-06  1.257E-06  7.471E-07  3.498E-07
  314.5000  2.624E-03  2.482E-03  2.347E-03  2.217E-03  2.092E-03  1.972E-03  1.858E-03  1.749E-03  1.644E-03  1.545E-03  1.451E-03  1.360E-03  1.275E-03  1.194E-03  1.116E-03  1.043E-03  9.740E-04  9.083E-04  8.461E-04  7.873E-04  7.318E-04  6.792E-04  6.295E-04  5.826E-04  5.383E-04  4.966E-04  4.575E-04  4.206E-04  3.863E-04  3.513E-04  3.157E-04  2.853E-04  2.592E-04  2.368E-04  2.110E-04  1.897E-04  1.688E-04  1.513E-04  1.326E-04  1.166E-04  1.025E-04  8.960E-05  7.734E-05  6.619E-05  5.639E-05  4.794E-05  4.068E-05  3.330E-05  2.774E-05  2.230E-05  1.791E-05  1.436E-05  1.115E-05  8.552E-06  6.476E-06  4.826E-06  3.527E-06  2.441E-06  1.626E-06  1.014E-06  5.224E-07
  315.5000  2.874E-03  2.720E-03  2.572E-03  2.430E-03  2.293E-03  2.162E-03  2.037E-03  1.917E-03  1.802E-03  1.693E-03  1.589E-03  1.490E-03  1.396E-03  1.306E-03  1.222E-03  1.141E-03  1.065E-03  9.926E-04  9.242E-04  8.595E-04  7.985E-04  7.406E-04  6.861E-04  6.346E-04  5.860E-04  5.403E-04  4.974E-04  4.571E-04  4.196E-04  3.814E-04  3.425E-04  3.093E-04  2.808E-04  2.564E-04  2.283E-04  2.051E-04  1.824E-04  1.634E-04  1.431E-04  1.257E-04  1.104E-04  9.649E-05  8.327E-05  7.122E-05  6.066E-05  5.155E-05  4.374E-05  3.581E-05  2.984E-05  2.399E-05  1.928E-05  1.546E-05  1.201E-05  9.225E-06  6.992E-06  5.216E-06  3.820E-06  2.654E-06  1.780E-06  1.123E-06  5.918E-07
  316.5000  3.863E-03  3.662E-03  3.467E-03  3.280E-03  3.099E-03  2.925E-03  2.757E-03  2.596E-03  2.441E-03  2.293E-03  2.151E-03  2.016E-03  1.886E-03  1.763E-03  1.645E-03  1.534E-03  1.428E-03  1.327E-03  1.232E-03  1.142E-03  1.058E-03  9.775E-04  9.019E-04  8.308E-04  7.640E-04  7.014E-04  6.429E-04  5.883E-04  5.376E-04  4.864E-04  4.350E-04  3.910E-04  3.533E-04  3.212E-04  2.847E-04  2.546E-04  2.254E-04  2.010E-04  1.753E-04  1.534E-04  1.342E-04  1.168E-04  1.005E-04  8.572E-05  7.283E-05  6.178E-05  5.233E-05  4.284E-05  3.568E-05  2.872E-05  2.312E-05  1.856E-05  1.446E-05  1.113E-05  8.464E-06  6.338E-06  4.665E-06  3.277E-06  2.240E-06  1.462E-06  8.260E-07
  317.5000  5.461E-03  5.177E-03  4.902E-03  4.637E-03  4.381E-03  4.135E-03  3.897E-03  3.669E-03  3.451E-03  3.242E-03  3.041E-03  2.849E-03  2.666E-03  2.492E-03  2.326E-03  2.169E-03  2.019E-03  1.877E-03  1.742E-03  1.615E-03  1.496E-03  1.383E-03  1.276E-03  1.176E-03  1.081E-03  9.928E-04  9.102E-04  8.330E-04  7.614E-04  6.891E-04  6.163E-04  5.541E-04  5.008E-04  4.554E-04  4.037E-04  3.610E-04  3.197E-04  2.852E-04  2.487E-04  2.176E-04  1.904E-04  1.658E-04  1.426E-04  1.216E-04  1.033E-04  8.766E-05  7.427E-05  6.079E-05  5.065E-05  4.078E-05  3.282E-05  2.636E-05  2.054E-05  1.582E-05  1.203E-05  9.011E-06  6.638E-06  4.668E-06  3.197E-06  2.093E-06  1.189E-06
  318.5000  5.776E-03  5.491E-03  5.214E-03  4.946E-03  4.685E-03  4.432E-03  4.187E-03  3.951E-03  3.722E-03  3.503E-03  3.291E-03  3.087E-03  2.891E-03  2.703E-03  2.524E-03  2.353E-03  2.189E-03  2.033E-03  1.885E-03  1.745E-03  1.612E-03  1.487E-03  1.368E-03  1.257E-03  1.152E-03  1.054E-03  9.623E-04  8.770E-04  7.981E-04  7.191E-04  6.401E-04  5.728E-04  5.152E-04  4.661E-04  4.112E-04  3.658E-04  3.223E-04  2.860E-04  2.482E-04  2.161E-04  1.881E-04  1.629E-04  1.397E-04  1.186E-04  1.005E-04  8.497E-05  7.181E-05  5.872E-05  4.887E-05  3.937E-05  3.173E-05  2.551E-05  1.993E-05  1.540E-05  1.175E-05  8.834E-06  6.541E-06  4.645E-06  3.232E-06  2.177E-06  1.312E-06
  319.5000  7.466E-03  7.102E-03  6.749E-03  6.406E-03  6.072E-03  5.748E-03  5.434E-03  5.130E-03  4.836E-03  4.554E-03  4.280E-03  4.017E-03  3.764E-03  3.521E-03  3.288E-03  3.066E-03  2.854E-03  2.651E-03  2.459E-03  2.276E-03  2.103E-03  1.939E-03  1.784E-03  1.638E-03  1.501E-03  1.373E-03  1.253E-03  1.142E-03  1.038E-03  9.350E-04  8.319E-04  7.438E-04  6.685E-04  6.045E-04  5.328E-04  4.736E-04  4.169E-04  3.697E-04  3.205E-04  2.787E-04  2.425E-04  2.095E-04  1.797E-04  1.525E-04  1.290E-04  1.090E-04  9.210E-05  7.529E-05  6.265E-05  5.047E-05  4.069E-05  3.273E-05  2.559E-05  1.979E-05  1.511E-05  1.138E-05  8.436E-06  6.007E-06  4.197E-06  2.848E-06  1.741E-06
  320.5000  9.749E-03  9.283E-03  8.828E-03  8.387E-03  7.956E-03  7.538E-03  7.131E-03  6.738E-03  6.356E-03  5.989E-03  5.633E-03  5.290E-03  4.959E-03  4.641E-03  4.336E-03  4.045E-03  3.766E-03  3.499E-03  3.245E-03  3.004E-03  2.775E-03  2.558E-03  2.353E-03  2.160E-03  1.978E-03  1.808E-03  1.649E-03  1.501E-03  1.364E-03  1.227E-03  1.090E-03  9.738E-04  8.742E-04  7.895E-04  6.949E-04  6.169E-04  5.423E-04  4.801E-04  4.156E-04  3.610E-04  3.136E-04  2.703E-04  2.317E-04  1.964E-04  1.660E-04  1.402E-04  1.183E-04  9.663E-05  8.037E-05  6.475E-05  5.222E-05  4.202E-05  3.287E-05  2.544E-05  1.945E-05  1.466E-05  1.088E-05  7.771E-06  5.451E-06  3.722E-06  2.305E-06
  321.5000  1.110E-02  1.062E-02  1.014E-02  9.678E-03  9.222E-03  8.776E-03  8.340E-03  7.915E-03  7.500E-03  7.097E-03  6.704E-03  6.322E-03  5.951E-03  5.592E-03  5.245E-03  4.910E-03  4.587E-03  4.275E-03  3.976E-03  3.690E-03  3.416E-03  3.154E-03  2.905E-03  2.669E-03  2.446E-03  2.235E-03  2.037E-03  1.852E-03  1.681E-03  1.508E-03  1.336E-03  1.190E-03  1.065E-03  9.579E-04  8.393E-04  7.417E-04  6.487E-04  5.714E-04  4.917E-04  4.246E-04  3.667E-04  3.152E-04  2.677E-04  2.256E-04  1.895E-04  1.592E-04  1.338E-04  1.089E-04  9.033E-05  7.269E-05  5.863E-05  4.720E-05  3.702E-05  2.875E-05  2.208E-05  1.672E-05  1.249E-05  9.007E-06  6.404E-06  4.474E-06  2.904E-06
  322.5000  8.889E-03  8.471E-03  8.063E-03  7.665E-03  7.278E-03  6.900E-03  6.533E-03  6.177E-03  5.832E-03  5.498E-03  5.175E-03  4.863E-03  4.562E-03  4.272E-03  3.993E-03  3.727E-03  3.471E-03  3.226E-03  2.993E-03  2.770E-03  2.560E-03  2.359E-03  2.170E-03  1.992E-03  1.824E-03  1.666E-03  1.519E-03  1.382E-03  1.255E-03  1.128E-03  1.001E-03  8.939E-04  8.018E-04  7.235E-04  6.362E-04  5.642E-04  4.955E-04  4.382E-04  3.789E-04  3.287E-04  2.852E-04  2.458E-04  2.103E-04  1.780E-04  1.503E-04  1.268E-04  1.069E-04  8.728E-05  7.257E-05  5.846E-05  4.716E-05  3.796E-05  2.972E-05  2.303E-05  1.763E-05  1.330E-05  9.897E-06  7.087E-06  4.994E-06  3.437E-06  2.160E-06
  323.5000  1.317E-02  1.262E-02  1.208E-02  1.155E-02  1.104E-02  1.053E-02  1.003E-02  9.539E-03  9.062E-03  8.596E-03  8.140E-03  7.695E-03  7.262E-03  6.841E-03  6.431E-03  6.036E-03  5.651E-03  5.280E-03  4.921E-03  4.576E-03  4.246E-03  3.928E-03  3.624E-03  3.335E-03  3.060E-03  2.799E-03  2.554E-03  2.324E-03  2.109E-03  1.893E-03  1.676E-03  1.492E-03  1.334E-03  1.199E-03  1.049E-03  9.257E-04  8.080E-04  7.102E-04  6.096E-04  5.249E-04  4.520E-04  3.875E-04  3.280E-04  2.754E-04  2.306E-04  1.931E-04  1.618E-04  1.314E-04  1.087E-04  8.738E-05  7.044E-05  5.669E-05  4.451E-05  3.463E-05  2.665E-05  2.024E-05  1.517E-05  1.100E-05  7.867E-06  5.552E-06  3.675E-06
  324.5000  1.523E-02  1.460E-02  1.397E-02  1.336E-02  1.276E-02  1.216E-02  1.158E-02  1.102E-02  1.046E-02  9.921E-03  9.392E-03  8.876E-03  8.374E-03  7.886E-03  7.412E-03  6.954E-03  6.509E-03  6.079E-03  5.665E-03  5.267E-03  4.885E-03  4.519E-03  4.168E-03  3.835E-03  3.518E-03  3.218E-03  2.936E-03  2.671E-03  2.425E-03  2.176E-03  1.928E-03  1.715E-03  1.534E-03  1.380E-03  1.208E-03  1.066E-03  9.307E-04  8.185E-04  7.028E-04  6.055E-04  5.217E-04  4.471E-04  3.789E-04  3.183E-04  2.667E-04  2.234E-04  1.873E-04  1.521E-04  1.260E-04  1.013E-04  8.164E-05  6.573E-05  5.161E-05  4.015E-05  3.090E-05  2.347E-05  1.759E-05  1.275E-05  9.123E-06  6.441E-06  4.264E-06
  325.5000  1.627E-02  1.557E-02  1.489E-02  1.423E-02  1.357E-02  1.293E-02  1.230E-02  1.169E-02  1.109E-02  1.050E-02  9.933E-03  9.377E-03  8.837E-03  8.313E-03  7.805E-03  7.314E-03  6.839E-03  6.381E-03  5.940E-03  5.516E-03  5.112E-03  4.723E-03  4.353E-03  4.001E-03  3.668E-03  3.353E-03  3.057E-03  2.779E-03  2.522E-03  2.263E-03  2.003E-03  1.783E-03  1.594E-03  1.434E-03  1.255E-03  1.108E-03  9.682E-04  8.518E-04  7.320E-04  6.311E-04  5.442E-04  4.645E-04  3.960E-04  3.330E-04  2.793E-04  2.342E-04  1.965E-04  1.597E-04  1.324E-04  1.064E-04  8.584E-05  6.911E-05  5.425E-05  4.219E-05  3.245E-05  2.463E-05  1.844E-05  1.334E-05  9.534E-06  6.713E-06  4.420E-06
  326.5000  2.537E-02  2.440E-02  2.345E-02  2.251E-02  2.158E-02  2.066E-02  1.976E-02  1.887E-02  1.800E-02  1.715E-02  1.631E-02  1.548E-02  1.468E-02  1.389E-02  1.311E-02  1.236E-02  1.163E-02  1.092E-02  1.022E-02  9.549E-03  8.900E-03  8.271E-03  7.665E-03  7.083E-03  6.526E-03  5.994E-03  5.489E-03  5.012E-03  4.564E-03  4.105E-03  3.641E-03  3.245E-03  2.906E-03  2.617E-03  2.290E-03  2.021E-03  1.762E-03  1.548E-03  1.325E-03  1.138E-03  9.774E-04  8.354E-04  7.037E-04  5.879E-04  4.899E-04  4.082E-04  3.405E-04  2.751E-04  2.269E-04  1.817E-04  1.463E-04  1.176E-04  9.239E-05  7.202E-05  5.562E-05  4.244E-05  3.198E-05  2.335E-05  1.685E-05  1.206E-05  8.179E-06
  327.5000  2.176E-02  2.089E-02  2.004E-02  1.921E-02  1.838E-02  1.757E-02  1.677E-02  1.599E-02  1.522E-02  1.447E-02  1.374E-02  1.302E-02  1.231E-02  1.162E-02  1.096E-02  1.031E-02  9.672E-03  9.058E-03  8.464E-03  7.889E-03  7.336E-03  6.802E-03  6.290E-03  5.800E-03  5.332E-03  4.887E-03  4.467E-03  4.071E-03  3.701E-03  3.325E-03  2.946E-03  2.623E-03  2.347E-03  2.112E-03  1.847E-03  1.629E-03  1.421E-03  1.249E-03  1.070E-03  9.201E-04  7.910E-04  6.769E-04  5.715E-04  4.784E-04  3.996E-04  3.337E-04  2.789E-04  2.259E-04  1.866E-04  1.497E-04  1.206E-04  9.705E-05  7.624E-05  5.941E-05  4.583E-05  3.491E-05  2.626E-05  1.912E-05  1.377E-05  9.809E-06  6.604E-06
  328.5000  2.015E-02  1.935E-02  1.856E-02  1.779E-02  1.702E-02  1.627E-02  1.553E-02  1.481E-02  1.410E-02  1.340E-02  1.272E-02  1.205E-02  1.140E-02  1.076E-02  1.014E-02  9.540E-03  8.954E-03  8.384E-03  7.833E-03  7.300E-03  6.788E-03  6.293E-03  5.818E-03  5.364E-03  4.930E-03  4.518E-03  4.129E-03  3.761E-03  3.418E-03  3.070E-03  2.719E-03  2.420E-03  2.165E-03  1.947E-03  1.702E-03  1.501E-03  1.309E-03  1.149E-03  9.847E-04  8.462E-04  7.273E-04  6.223E-04  5.250E-04  4.393E-04  3.668E-04  3.062E-04  2.559E-04  2.072E-04  1.711E-04  1.372E-04  1.105E-04  8.894E-05  6.987E-05  5.444E-05  4.199E-05  3.199E-05  2.407E-05  1.753E-05  1.262E-05  8.993E-06  6.057E-06
  329.5000  3.163E-02  3.049E-02  2.936E-02  2.825E-02  2.714E-02  2.605E-02  2.498E-02  2.392E-02  2.287E-02  2.185E-02  2.084E-02  1.984E-02  1.886E-02  1.790E-02  1.696E-02  1.604E-02  1.514E-02  1.425E-02  1.339E-02  1.256E-02  1.174E-02  1.095E-02  1.018E-02  9.444E-03  8.731E-03  8.047E-03  7.395E-03  6.774E-03  6.189E-03  5.582E-03  4.960E-03  4.431E-03  3.979E-03  3.593E-03  3.148E-03  2.782E-03  2.429E-03  2.135E-03  1.828E-03  1.569E-03  1.346E-03  1.149E-03  9.664E-04  8.050E-04  6.688E-04  5.558E-04  4.623E-04  3.721E-04  3.062E-04  2.445E-04  1.964E-04  1.577E-04  1.239E-04  9.663E-05  7.476E-05  5.720E-05  4.327E-05  3.174E-05  2.303E-05  1.660E-05  1.140E-05
  330.5000  2.656E-02  2.556E-02  2.457E-02  2.360E-02  2.264E-02  2.169E-02  2.076E-02  1.984E-02  1.893E-02  1.805E-02  1.718E-02  1.632E-02  1.548E-02  1.466E-02  1.385E-02  1.307E-02  1.230E-02  1.156E-02  1.083E-02  1.013E-02  9.445E-03  8.784E-03  8.147E-03  7.534E-03  6.946E-03  6.384E-03  5.851E-03  5.345E-03  4.870E-03  4.383E-03  3.888E-03  3.466E-03  3.106E-03  2.799E-03  2.448E-03  2.161E-03  1.885E-03  1.655E-03  1.417E-03  1.216E-03  1.044E-03  8.921E-04  7.509E-04  6.266E-04  5.216E-04  4.342E-04  3.619E-04  2.920E-04  2.407E-04  1.926E-04  1.549E-04  1.245E-04  9.781E-05  7.629E-05  5.896E-05  4.504E-05  3.400E-05  2.488E-05  1.800E-05  1.292E-05  8.815E-06
  331.5000  2.584E-02  2.486E-02  2.389E-02  2.293E-02  2.199E-02  2.106E-02  2.015E-02  1.925E-02  1.836E-02  1.749E-02  1.664E-02  1.580E-02  1.498E-02  1.418E-02  1.340E-02  1.263E-02  1.188E-02  1.116E-02  1.045E-02  9.764E-03  9.101E-03  8.460E-03  7.841E-03  7.246E-03  6.676E-03  6.132E-03  5.616E-03  5.128E-03  4.669E-03  4.200E-03  3.724E-03  3.318E-03  2.971E-03  2.676E-03  2.340E-03  2.064E-03  1.800E-03  1.580E-03  1.352E-03  1.161E-03  9.965E-04  8.513E-04  7.165E-04  5.980E-04  4.979E-04  4.146E-04  3.456E-04  2.789E-04  2.299E-04  1.840E-04  1.480E-04  1.190E-04  9.348E-05  7.290E-05  5.633E-05  4.302E-05  3.246E-05  2.374E-05  1.717E-05  1.232E-05  8.393E-06
  332.5000  2.926E-02  2.823E-02  2.721E-02  2.620E-02  2.520E-02  2.421E-02  2.324E-02  2.227E-02  2.132E-02  2.039E-02  1.947E-02  1.856E-02  1.766E-02  1.679E-02  1.592E-02  1.508E-02  1.425E-02  1.344E-02  1.264E-02  1.187E-02  1.112E-02  1.038E-02  9.672E-03  8.982E-03  8.317E-03  7.677E-03  7.066E-03  6.482E-03  5.931E-03  5.356E-03  4.765E-03  4.261E-03  3.831E-03  3.465E-03  3.037E-03  2.687E-03  2.347E-03  2.065E-03  1.768E-03  1.517E-03  1.302E-03  1.112E-03  9.337E-04  7.768E-04  6.446E-04  5.350E-04  4.446E-04  3.572E-04  2.935E-04  2.340E-04  1.878E-04  1.507E-04  1.183E-04  9.230E-05  7.146E-05  5.474E-05  4.148E-05  3.050E-05  2.218E-05  1.604E-05  1.107E-05
  333.5000  2.591E-02  2.496E-02  2.403E-02  2.311E-02  2.220E-02  2.130E-02  2.041E-02  1.953E-02  1.867E-02  1.783E-02  1.699E-02  1.617E-02  1.536E-02  1.457E-02  1.380E-02  1.304E-02  1.230E-02  1.157E-02  1.087E-02  1.018E-02  9.513E-03  8.865E-03  8.238E-03  7.633E-03  7.051E-03  6.493E-03  5.962E-03  5.456E-03  4.981E-03  4.488E-03  3.986E-03  3.558E-03  3.192E-03  2.880E-03  2.521E-03  2.227E-03  1.943E-03  1.707E-03  1.461E-03  1.253E-03  1.075E-03  9.179E-04  7.714E-04  6.425E-04  5.338E-04  4.435E-04  3.690E-04  2.970E-04  2.443E-04  1.951E-04  1.568E-04  1.259E-04  9.886E-05  7.713E-05  5.967E-05  4.566E-05  3.454E-05  2.535E-05  1.839E-05  1.326E-05  9.112E-06
  334.5000  2.988E-02  2.880E-02  2.774E-02  2.670E-02  2.566E-02  2.464E-02  2.363E-02  2.263E-02  2.165E-02  2.069E-02  1.973E-02  1.880E-02  1.787E-02  1.697E-02  1.608E-02  1.521E-02  1.436E-02  1.353E-02  1.272E-02  1.192E-02  1.116E-02  1.041E-02  9.681E-03  8.980E-03  8.304E-03  7.655E-03  7.036E-03  6.446E-03  5.891E-03  5.313E-03  4.721E-03  4.218E-03  3.787E-03  3.420E-03  2.995E-03  2.647E-03  2.310E-03  2.031E-03  1.737E-03  1.491E-03  1.279E-03  1.091E-03  9.165E-04  7.626E-04  6.330E-04  5.254E-04  4.367E-04  3.511E-04  2.885E-04  2.302E-04  1.848E-04  1.483E-04  1.164E-04  9.084E-05  7.031E-05  5.384E-05  4.077E-05  2.996E-05  2.177E-05  1.572E-05  1.084E-05
  335.5000  3.240E-02  3.128E-02  3.018E-02  2.908E-02  2.800E-02  2.692E-02  2.586E-02  2.482E-02  2.378E-02  2.276E-02  2.176E-02  2.076E-02  1.979E-02  1.882E-02  1.788E-02  1.695E-02  1.604E-02  1.514E-02  1.427E-02  1.341E-02  1.258E-02  1.177E-02  1.098E-02  1.021E-02  9.467E-03  8.752E-03  8.067E-03  7.412E-03  6.792E-03  6.142E-03  5.469E-03  4.897E-03  4.409E-03  3.993E-03  3.503E-03  3.102E-03  2.712E-03  2.388E-03  2.044E-03  1.755E-03  1.506E-03  1.286E-03  1.079E-03  8.969E-04  7.434E-04  6.163E-04  5.115E-04  4.102E-04  3.367E-04  2.680E-04  2.149E-04  1.723E-04  1.351E-04  1.054E-04  8.167E-05  6.263E-05  4.753E-05  3.502E-05  2.551E-05  1.850E-05  1.282E-05
  336.5000  2.486E-02  2.399E-02  2.313E-02  2.228E-02  2.144E-02  2.061E-02  1.979E-02  1.897E-02  1.817E-02  1.739E-02  1.661E-02  1.584E-02  1.508E-02  1.434E-02  1.361E-02  1.290E-02  1.219E-02  1.151E-02  1.083E-02  1.018E-02  9.536E-03  8.912E-03  8.306E-03  7.718E-03  7.151E-03  6.604E-03  6.082E-03  5.583E-03  5.111E-03  4.618E-03  4.109E-03  3.676E-03  3.306E-03  2.991E-03  2.622E-03  2.320E-03  2.027E-03  1.783E-03  1.526E-03  1.310E-03  1.124E-03  9.590E-04  8.050E-04  6.691E-04  5.547E-04  4.599E-04  3.818E-04  3.063E-04  2.515E-04  2.002E-04  1.606E-04  1.288E-04  1.010E-04  7.883E-05  6.105E-05  4.680E-05  3.550E-05  2.614E-05  1.904E-05  1.379E-05  9.549E-06
  337.5000  2.605E-02  2.511E-02  2.419E-02  2.327E-02  2.237E-02  2.148E-02  2.060E-02  1.973E-02  1.887E-02  1.803E-02  1.720E-02  1.638E-02  1.558E-02  1.479E-02  1.402E-02  1.326E-02  1.252E-02  1.179E-02  1.108E-02  1.039E-02  9.718E-03  9.065E-03  8.432E-03  7.820E-03  7.231E-03  6.664E-03  6.125E-03  5.610E-03  5.126E-03  4.622E-03  4.106E-03  3.667E-03  3.292E-03  2.972E-03  2.602E-03  2.299E-03  2.006E-03  1.763E-03  1.508E-03  1.293E-03  1.109E-03  9.461E-04  7.943E-04  6.607E-04  5.481E-04  4.548E-04  3.778E-04  3.036E-04  2.495E-04  1.989E-04  1.597E-04  1.281E-04  1.006E-04  7.845E-05  6.073E-05  4.651E-05  3.524E-05  2.591E-05  1.884E-05  1.362E-05  9.397E-06
  338.5000  2.952E-02  2.850E-02  2.750E-02  2.650E-02  2.552E-02  2.454E-02  2.358E-02  2.262E-02  2.168E-02  2.075E-02  1.984E-02  1.893E-02  1.804E-02  1.717E-02  1.631E-02  1.546E-02  1.463E-02  1.382E-02  1.302E-02  1.224E-02  1.148E-02  1.074E-02  1.002E-02  9.319E-03  8.642E-03  7.989E-03  7.364E-03  6.766E-03  6.201E-03  5.606E-03  4.992E-03  4.469E-03  4.023E-03  3.643E-03  3.195E-03  2.829E-03  2.472E-03  2.177E-03  1.863E-03  1.599E-03  1.372E-03  1.171E-03  9.821E-04  8.157E-04  6.757E-04  5.597E-04  4.643E-04  3.721E-04  3.052E-04  2.427E-04  1.946E-04  1.559E-04  1.223E-04  9.539E-05  7.389E-05  5.668E-05  4.303E-05  3.173E-05  2.313E-05  1.679E-05  1.165E-05
  339.5000  3.242E-02  3.131E-02  3.021E-02  2.913E-02  2.805E-02  2.698E-02  2.593E-02  2.488E-02  2.386E-02  2.284E-02  2.184E-02  2.085E-02  1.988E-02  1.892E-02  1.797E-02  1.705E-02  1.614E-02  1.524E-02  1.437E-02  1.351E-02  1.268E-02  1.187E-02  1.107E-02  1.030E-02  9.559E-03  8.840E-03  8.152E-03  7.493E-03  6.869E-03  6.213E-03  5.533E-03  4.955E-03  4.462E-03  4.042E-03  3.546E-03  3.140E-03  2.745E-03  2.417E-03  2.069E-03  1.776E-03  1.523E-03  1.300E-03  1.090E-03  9.051E-04  7.494E-04  6.206E-04  5.146E-04  4.121E-04  3.379E-04  2.686E-04  2.152E-04  1.724E-04  1.352E-04  1.054E-04  8.169E-05  6.268E-05  4.761E-05  3.512E-05  2.562E-05  1.861E-05  1.292E-05
  340.5000  3.380E-02  3.263E-02  3.146E-02  3.031E-02  2.917E-02  2.805E-02  2.693E-02  2.583E-02  2.475E-02  2.368E-02  2.262E-02  2.158E-02  2.055E-02  1.955E-02  1.855E-02  1.758E-02  1.663E-02  1.569E-02  1.478E-02  1.388E-02  1.301E-02  1.216E-02  1.134E-02  1.054E-02  9.764E-03  9.019E-03  8.306E-03  7.625E-03  6.981E-03  6.307E-03  5.611E-03  5.019E-03  4.514E-03  4.084E-03  3.579E-03  3.167E-03  2.765E-03  2.433E-03  2.081E-03  1.785E-03  1.531E-03  1.306E-03  1.095E-03  9.096E-04  7.534E-04  6.241E-04  5.176E-04  4.149E-04  3.403E-04  2.707E-04  2.170E-04  1.739E-04  1.364E-04  1.064E-04  8.241E-05  6.320E-05  4.797E-05  3.536E-05  2.577E-05  1.870E-05  1.297E-05
  341.5000  3.115E-02  3.009E-02  2.904E-02  2.800E-02  2.697E-02  2.595E-02  2.495E-02  2.395E-02  2.297E-02  2.200E-02  2.104E-02  2.009E-02  1.916E-02  1.824E-02  1.734E-02  1.645E-02  1.558E-02  1.472E-02  1.388E-02  1.306E-02  1.226E-02  1.148E-02  1.072E-02  9.975E-03  9.258E-03  8.566E-03  7.902E-03  7.266E-03  6.664E-03  6.030E-03  5.372E-03  4.812E-03  4.335E-03  3.928E-03  3.447E-03  3.053E-03  2.669E-03  2.351E-03  2.012E-03  1.727E-03  1.482E-03  1.264E-03  1.060E-03  8.798E-04  7.281E-04  6.027E-04  4.995E-04  3.997E-04  3.276E-04  2.602E-04  2.084E-04  1.669E-04  1.308E-04  1.020E-04  7.905E-05  6.067E-05  4.611E-05  3.404E-05  2.485E-05  1.807E-05  1.257E-05
  342.5000  3.476E-02  3.359E-02  3.242E-02  3.126E-02  3.012E-02  2.899E-02  2.787E-02  2.676E-02  2.566E-02  2.459E-02  2.352E-02  2.247E-02  2.143E-02  2.040E-02  1.940E-02  1.841E-02  1.744E-02  1.648E-02  1.555E-02  1.463E-02  1.374E-02  1.286E-02  1.201E-02  1.119E-02  1.038E-02  9.611E-03  8.869E-03  8.157E-03  7.484E-03  6.773E-03  6.035E-03  5.407E-03  4.872E-03  4.416E-03  3.875E-03  3.434E-03  3.002E-03  2.644E-03  2.264E-03  1.943E-03  1.667E-03  1.422E-03  1.192E-03  9.890E-04  8.183E-04  6.771E-04  5.611E-04  4.487E-04  3.677E-04  2.919E-04  2.337E-04  1.871E-04  1.466E-04  1.143E-04  8.859E-05  6.801E-05  5.170E-05  3.818E-05  2.788E-05  2.029E-05  1.412E-05
  343.5000  3.569E-02  3.447E-02  3.326E-02  3.207E-02  3.089E-02  2.972E-02  2.856E-02  2.741E-02  2.628E-02  2.517E-02  2.407E-02  2.298E-02  2.191E-02  2.086E-02  1.982E-02  1.880E-02  1.780E-02  1.682E-02  1.585E-02  1.491E-02  1.399E-02  1.310E-02  1.222E-02  1.137E-02  1.055E-02  9.760E-03  9.000E-03  8.273E-03  7.584E-03  6.859E-03  6.108E-03  5.469E-03  4.924E-03  4.460E-03  3.912E-03  3.464E-03  3.027E-03  2.665E-03  2.280E-03  1.956E-03  1.677E-03  1.430E-03  1.199E-03  9.949E-04  8.231E-04  6.811E-04  5.644E-04  4.515E-04  3.699E-04  2.938E-04  2.352E-04  1.884E-04  1.476E-04  1.151E-04  8.918E-05  6.844E-05  5.202E-05  3.840E-05  2.804E-05  2.039E-05  1.418E-05
  344.5000  2.469E-02  2.384E-02  2.300E-02  2.217E-02  2.134E-02  2.052E-02  1.972E-02  1.892E-02  1.813E-02  1.736E-02  1.659E-02  1.584E-02  1.509E-02  1.436E-02  1.364E-02  1.293E-02  1.223E-02  1.155E-02  1.089E-02  1.023E-02  9.597E-03  8.975E-03  8.371E-03  7.785E-03  7.218E-03  6.671E-03  6.147E-03  5.646E-03  5.172E-03  4.675E-03  4.160E-03  3.723E-03  3.349E-03  3.031E-03  2.657E-03  2.351E-03  2.053E-03  1.806E-03  1.545E-03  1.325E-03  1.136E-03  9.687E-04  8.117E-04  6.735E-04  5.572E-04  4.611E-04  3.821E-04  3.058E-04  2.506E-04  1.991E-04  1.594E-04  1.277E-04  1.001E-04  7.804E-05  6.045E-05  4.639E-05  3.524E-05  2.601E-05  1.898E-05  1.380E-05  9.593E-06
  345.5000  3.507E-02  3.388E-02  3.271E-02  3.156E-02  3.041E-02  2.927E-02  2.815E-02  2.704E-02  2.594E-02  2.485E-02  2.378E-02  2.272E-02  2.168E-02  2.065E-02  1.964E-02  1.864E-02  1.766E-02  1.670E-02  1.576E-02  1.484E-02  1.394E-02  1.305E-02  1.220E-02  1.136E-02  1.055E-02  9.768E-03  9.017E-03  8.297E-03  7.614E-03  6.893E-03  6.143E-03  5.505E-03  4.961E-03  4.498E-03  3.948E-03  3.499E-03  3.059E-03  2.695E-03  2.307E-03  1.980E-03  1.698E-03  1.449E-03  1.213E-03  1.006E-03  8.320E-04  6.880E-04  5.697E-04  4.552E-04  3.727E-04  2.956E-04  2.365E-04  1.893E-04  1.482E-04  1.156E-04  8.954E-05  6.875E-05  5.230E-05  3.865E-05  2.825E-05  2.058E-05  1.434E-05
  346.5000  3.213E-02  3.103E-02  2.995E-02  2.887E-02  2.781E-02  2.675E-02  2.571E-02  2.468E-02  2.366E-02  2.266E-02  2.167E-02  2.069E-02  1.973E-02  1.878E-02  1.784E-02  1.693E-02  1.602E-02  1.514E-02  1.427E-02  1.342E-02  1.260E-02  1.179E-02  1.100E-02  1.024E-02  9.495E-03  8.781E-03  8.096E-03  7.441E-03  6.820E-03  6.168E-03  5.491E-03  4.915E-03  4.424E-03  4.006E-03  3.513E-03  3.110E-03  2.716E-03  2.391E-03  2.045E-03  1.754E-03  1.503E-03  1.282E-03  1.074E-03  8.905E-04  7.364E-04  6.090E-04  5.044E-04  4.033E-04  3.303E-04  2.622E-04  2.098E-04  1.679E-04  1.316E-04  1.026E-04  7.948E-05  6.101E-05  4.638E-05  3.426E-05  2.502E-05  1.821E-05  1.268E-05
  347.5000  3.149E-02  3.042E-02  2.936E-02  2.831E-02  2.726E-02  2.623E-02  2.521E-02  2.420E-02  2.321E-02  2.222E-02  2.125E-02  2.030E-02  1.935E-02  1.842E-02  1.751E-02  1.661E-02  1.572E-02  1.486E-02  1.401E-02  1.318E-02  1.236E-02  1.157E-02  1.080E-02  1.005E-02  9.325E-03  8.624E-03  7.952E-03  7.309E-03  6.700E-03  6.059E-03  5.394E-03  4.829E-03  4.347E-03  3.936E-03  3.451E-03  3.055E-03  2.669E-03  2.349E-03  2.009E-03  1.723E-03  1.477E-03  1.259E-03  1.054E-03  8.742E-04  7.227E-04  5.976E-04  4.948E-04  3.955E-04  3.238E-04  2.569E-04  2.056E-04  1.645E-04  1.289E-04  1.005E-04  7.784E-05  5.976E-05  4.544E-05  3.357E-05  2.453E-05  1.786E-05  1.244E-05
  348.5000  3.490E-02  3.372E-02  3.255E-02  3.139E-02  3.024E-02  2.910E-02  2.797E-02  2.686E-02  2.576E-02  2.468E-02  2.360E-02  2.254E-02  2.150E-02  2.047E-02  1.946E-02  1.847E-02  1.749E-02  1.653E-02  1.559E-02  1.467E-02  1.377E-02  1.289E-02  1.204E-02  1.120E-02  1.040E-02  9.621E-03  8.875E-03  8.160E-03  7.483E-03  6.769E-03  6.028E-03  5.398E-03  4.860E-03  4.403E-03  3.861E-03  3.419E-03  2.987E-03  2.629E-03  2.249E-03  1.929E-03  1.653E-03  1.409E-03  1.180E-03  9.782E-04  8.085E-04  6.683E-04  5.532E-04  4.419E-04  3.617E-04  2.869E-04  2.295E-04  1.836E-04  1.437E-04  1.121E-04  8.682E-05  6.666E-05  5.070E-05  3.748E-05  2.739E-05  1.995E-05  1.391E-05
  349.5000  2.924E-02  2.825E-02  2.726E-02  2.629E-02  2.533E-02  2.437E-02  2.343E-02  2.250E-02  2.157E-02  2.067E-02  1.977E-02  1.888E-02  1.801E-02  1.714E-02  1.630E-02  1.546E-02  1.464E-02  1.384E-02  1.305E-02  1.228E-02  1.153E-02  1.079E-02  1.007E-02  9.377E-03  8.702E-03  8.050E-03  7.425E-03  6.826E-03  6.259E-03  5.661E-03  5.041E-03  4.514E-03  4.063E-03  3.680E-03  3.227E-03  2.857E-03  2.495E-03  2.196E-03  1.878E-03  1.611E-03  1.380E-03  1.177E-03  9.850E-04  8.163E-04  6.745E-04  5.574E-04  4.613E-04  3.684E-04  3.015E-04  2.391E-04  1.912E-04  1.530E-04  1.198E-04  9.336E-05  7.233E-05  5.553E-05  4.224E-05  3.123E-05  2.283E-05  1.663E-05  1.160E-05
  350.5000  4.104E-02  3.964E-02  3.827E-02  3.690E-02  3.555E-02  3.422E-02  3.289E-02  3.158E-02  3.029E-02  2.902E-02  2.776E-02  2.651E-02  2.529E-02  2.408E-02  2.289E-02  2.172E-02  2.057E-02  1.944E-02  1.834E-02  1.725E-02  1.620E-02  1.516E-02  1.416E-02  1.318E-02  1.223E-02  1.131E-02  1.044E-02  9.595E-03  8.798E-03  7.958E-03  7.086E-03  6.345E-03  5.712E-03  5.173E-03  4.536E-03  4.015E-03  3.507E-03  3.087E-03  2.639E-03  2.263E-03  1.939E-03  1.653E-03  1.384E-03  1.146E-03  9.470E-04  7.824E-04  6.474E-04  5.169E-04  4.229E-04  3.353E-04  2.681E-04  2.144E-04  1.678E-04  1.308E-04  1.013E-04  7.782E-05  5.920E-05  4.378E-05  3.201E-05  2.332E-05  1.627E-05
  351.5000  3.529E-02  3.409E-02  3.290E-02  3.173E-02  3.056E-02  2.941E-02  2.827E-02  2.715E-02  2.603E-02  2.494E-02  2.385E-02  2.278E-02  2.172E-02  2.068E-02  1.966E-02  1.865E-02  1.766E-02  1.669E-02  1.574E-02  1.481E-02  1.390E-02  1.301E-02  1.215E-02  1.130E-02  1.049E-02  9.702E-03  8.947E-03  8.224E-03  7.539E-03  6.818E-03  6.070E-03  5.433E-03  4.890E-03  4.428E-03  3.881E-03  3.435E-03  3.000E-03  2.639E-03  2.256E-03  1.934E-03  1.657E-03  1.412E-03  1.182E-03  9.789E-04  8.086E-04  6.679E-04  5.526E-04  4.411E-04  3.608E-04  2.861E-04  2.287E-04  1.829E-04  1.432E-04  1.116E-04  8.644E-05  6.637E-05  5.049E-05  3.734E-05  2.730E-05  1.989E-05  1.388E-05
  352.5000  3.192E-02  3.084E-02  2.977E-02  2.871E-02  2.766E-02  2.662E-02  2.559E-02  2.457E-02  2.356E-02  2.257E-02  2.159E-02  2.062E-02  1.967E-02  1.873E-02  1.780E-02  1.689E-02  1.600E-02  1.512E-02  1.426E-02  1.342E-02  1.260E-02  1.179E-02  1.101E-02  1.025E-02  9.508E-03  8.796E-03  8.112E-03  7.457E-03  6.837E-03  6.183E-03  5.505E-03  4.928E-03  4.435E-03  4.016E-03  3.520E-03  3.116E-03  2.721E-03  2.394E-03  2.046E-03  1.754E-03  1.503E-03  1.280E-03  1.071E-03  8.873E-04  7.327E-04  6.051E-04  5.005E-04  3.994E-04  3.266E-04  2.588E-04  2.069E-04  1.654E-04  1.295E-04  1.009E-04  7.816E-05  6.002E-05  4.566E-05  3.378E-05  2.470E-05  1.801E-05  1.257E-05
  353.5000  3.860E-02  3.730E-02  3.600E-02  3.473E-02  3.346E-02  3.220E-02  3.096E-02  2.973E-02  2.852E-02  2.732E-02  2.614E-02  2.497E-02  2.382E-02  2.268E-02  2.156E-02  2.047E-02  1.938E-02  1.832E-02  1.728E-02  1.626E-02  1.527E-02  1.430E-02  1.335E-02  1.243E-02  1.153E-02  1.067E-02  9.845E-03  9.051E-03  8.300E-03  7.507E-03  6.684E-03  5.984E-03  5.387E-03  4.879E-03  4.277E-03  3.785E-03  3.306E-03  2.909E-03  2.486E-03  2.131E-03  1.826E-03  1.556E-03  1.301E-03  1.077E-03  8.894E-04  7.344E-04  6.072E-04  4.844E-04  3.960E-04  3.137E-04  2.507E-04  2.004E-04  1.568E-04  1.222E-04  9.466E-05  7.269E-05  5.532E-05  4.093E-05  2.994E-05  2.184E-05  1.525E-05
  354.5000  4.194E-02  4.052E-02  3.912E-02  3.774E-02  3.636E-02  3.500E-02  3.365E-02  3.232E-02  3.100E-02  2.971E-02  2.842E-02  2.715E-02  2.590E-02  2.467E-02  2.346E-02  2.227E-02  2.109E-02  1.994E-02  1.881E-02  1.770E-02  1.662E-02  1.557E-02  1.454E-02  1.354E-02  1.257E-02  1.163E-02  1.073E-02  9.864E-03  9.046E-03  8.184E-03  7.288E-03  6.525E-03  5.874E-03  5.320E-03  4.664E-03  4.128E-03  3.605E-03  3.172E-03  2.711E-03  2.324E-03  1.991E-03  1.696E-03  1.419E-03  1.174E-03  9.693E-04  8.001E-04  6.614E-04  5.274E-04  4.311E-04  3.414E-04  2.728E-04  2.180E-04  1.705E-04  1.328E-04  1.029E-04  7.904E-05  6.016E-05  4.452E-05  3.258E-05  2.377E-05  1.660E-05
  355.5000  3.923E-02  3.791E-02  3.660E-02  3.530E-02  3.401E-02  3.274E-02  3.148E-02  3.024E-02  2.900E-02  2.779E-02  2.659E-02  2.540E-02  2.423E-02  2.308E-02  2.195E-02  2.083E-02  1.973E-02  1.866E-02  1.760E-02  1.656E-02  1.555E-02  1.456E-02  1.360E-02  1.266E-02  1.176E-02  1.088E-02  1.004E-02  9.228E-03  8.462E-03  7.655E-03  6.816E-03  6.102E-03  5.493E-03  4.975E-03  4.361E-03  3.859E-03  3.370E-03  2.965E-03  2.534E-03  2.172E-03  1.860E-03  1.584E-03  1.325E-03  1.097E-03  9.049E-04  7.468E-04  6.173E-04  4.921E-04  4.021E-04  3.184E-04  2.543E-04  2.032E-04  1.589E-04  1.238E-04  9.591E-05  7.367E-05  5.607E-05  4.151E-05  3.038E-05  2.216E-05  1.549E-05
  356.5000  3.642E-02  3.519E-02  3.397E-02  3.277E-02  3.158E-02  3.039E-02  2.922E-02  2.807E-02  2.692E-02  2.580E-02  2.468E-02  2.358E-02  2.250E-02  2.143E-02  2.037E-02  1.934E-02  1.832E-02  1.732E-02  1.634E-02  1.537E-02  1.444E-02  1.352E-02  1.262E-02  1.175E-02  1.091E-02  1.009E-02  9.312E-03  8.562E-03  7.851E-03  7.102E-03  6.323E-03  5.660E-03  5.095E-03  4.614E-03  4.043E-03  3.578E-03  3.124E-03  2.748E-03  2.348E-03  2.012E-03  1.723E-03  1.467E-03  1.227E-03  1.015E-03  8.378E-04  6.913E-04  5.712E-04  4.553E-04  3.720E-04  2.944E-04  2.352E-04  1.878E-04  1.469E-04  1.144E-04  8.865E-05  6.809E-05  5.183E-05  3.837E-05  2.809E-05  2.050E-05  1.432E-05
  357.5000  3.096E-02  2.992E-02  2.888E-02  2.786E-02  2.685E-02  2.584E-02  2.485E-02  2.386E-02  2.289E-02  2.193E-02  2.098E-02  2.005E-02  1.912E-02  1.821E-02  1.732E-02  1.644E-02  1.557E-02  1.472E-02  1.388E-02  1.307E-02  1.227E-02  1.149E-02  1.073E-02  9.987E-03  9.269E-03  8.576E-03  7.911E-03  7.273E-03  6.669E-03  6.032E-03  5.370E-03  4.806E-03  4.325E-03  3.916E-03  3.432E-03  3.036E-03  2.651E-03  2.331E-03  1.992E-03  1.706E-03  1.461E-03  1.244E-03  1.040E-03  8.606E-04  7.098E-04  5.856E-04  4.838E-04  3.855E-04  3.149E-04  2.492E-04  1.990E-04  1.589E-04  1.243E-04  9.682E-05  7.499E-05  5.760E-05  4.385E-05  3.246E-05  2.377E-05  1.735E-05  1.212E-05
  358.5000  2.395E-02  2.314E-02  2.234E-02  2.155E-02  2.077E-02  1.999E-02  1.922E-02  1.846E-02  1.771E-02  1.697E-02  1.624E-02  1.551E-02  1.480E-02  1.409E-02  1.340E-02  1.272E-02  1.205E-02  1.139E-02  1.075E-02  1.012E-02  9.498E-03  8.894E-03  8.306E-03  7.733E-03  7.178E-03  6.642E-03  6.127E-03  5.633E-03  5.165E-03  4.672E-03  4.159E-03  3.723E-03  3.350E-03  3.034E-03  2.658E-03  2.352E-03  2.053E-03  1.806E-03  1.543E-03  1.321E-03  1.131E-03  9.636E-04  8.052E-04  6.659E-04  5.492E-04  4.529E-04  3.741E-04  2.980E-04  2.434E-04  1.926E-04  1.537E-04  1.228E-04  9.598E-05  7.476E-05  5.790E-05  4.447E-05  3.386E-05  2.507E-05  1.836E-05  1.340E-05  9.371E-06
  359.5000  4.032E-02  3.897E-02  3.762E-02  3.629E-02  3.497E-02  3.366E-02  3.237E-02  3.109E-02  2.982E-02  2.857E-02  2.734E-02  2.612E-02  2.492E-02  2.373E-02  2.257E-02  2.142E-02  2.029E-02  1.919E-02  1.810E-02  1.703E-02  1.599E-02  1.498E-02  1.399E-02  1.302E-02  1.209E-02  1.118E-02  1.032E-02  9.484E-03  8.695E-03  7.864E-03  7.001E-03  6.266E-03  5.638E-03  5.105E-03  4.472E-03  3.956E-03  3.453E-03  3.037E-03  2.594E-03  2.222E-03  1.902E-03  1.620E-03  1.353E-03  1.119E-03  9.225E-04  7.607E-04  6.282E-04  5.003E-04  4.085E-04  3.232E-04  2.579E-04  2.059E-04  1.610E-04  1.254E-04  9.710E-05  7.458E-05  5.679E-05  4.206E-05  3.080E-05  2.249E-05  1.573E-05
  360.5000  3.740E-02  3.614E-02  3.490E-02  3.366E-02  3.244E-02  3.122E-02  3.002E-02  2.884E-02  2.766E-02  2.651E-02  2.536E-02  2.423E-02  2.312E-02  2.202E-02  2.094E-02  1.987E-02  1.883E-02  1.780E-02  1.679E-02  1.580E-02  1.484E-02  1.389E-02  1.297E-02  1.208E-02  1.121E-02  1.037E-02  9.569E-03  8.797E-03  8.065E-03  7.294E-03  6.494E-03  5.811E-03  5.228E-03  4.733E-03  4.146E-03  3.668E-03  3.201E-03  2.815E-03  2.404E-03  2.059E-03  1.762E-03  1.499E-03  1.253E-03  1.036E-03  8.541E-04  7.041E-04  5.814E-04  4.629E-04  3.779E-04  2.988E-04  2.385E-04  1.904E-04  1.488E-04  1.159E-04  8.974E-05  6.893E-05  5.248E-05  3.888E-05  2.847E-05  2.079E-05  1.454E-05
  361.5000  3.378E-02  3.264E-02  3.151E-02  3.040E-02  2.930E-02  2.820E-02  2.712E-02  2.605E-02  2.499E-02  2.394E-02  2.291E-02  2.189E-02  2.088E-02  1.989E-02  1.892E-02  1.796E-02  1.701E-02  1.608E-02  1.517E-02  1.428E-02  1.341E-02  1.256E-02  1.173E-02  1.092E-02  1.013E-02  9.377E-03  8.650E-03  7.952E-03  7.291E-03  6.594E-03  5.870E-03  5.253E-03  4.726E-03  4.278E-03  3.748E-03  3.315E-03  2.893E-03  2.543E-03  2.172E-03  1.860E-03  1.592E-03  1.355E-03  1.132E-03  9.355E-04  7.710E-04  6.355E-04  5.245E-04  4.175E-04  3.408E-04  2.694E-04  2.150E-04  1.716E-04  1.341E-04  1.044E-04  8.084E-05  6.210E-05  4.729E-05  3.504E-05  2.566E-05  1.875E-05  1.312E-05
  362.5000  3.971E-02  3.837E-02  3.705E-02  3.574E-02  3.444E-02  3.316E-02  3.189E-02  3.063E-02  2.938E-02  2.816E-02  2.694E-02  2.574E-02  2.456E-02  2.339E-02  2.225E-02  2.112E-02  2.001E-02  1.892E-02  1.784E-02  1.680E-02  1.577E-02  1.477E-02  1.379E-02  1.284E-02  1.192E-02  1.103E-02  1.017E-02  9.353E-03  8.575E-03  7.756E-03  6.904E-03  6.178E-03  5.558E-03  5.031E-03  4.407E-03  3.897E-03  3.401E-03  2.990E-03  2.553E-03  2.186E-03  1.871E-03  1.591E-03  1.330E-03  1.099E-03  9.054E-04  7.461E-04  6.157E-04  4.900E-04  3.998E-04  3.160E-04  2.521E-04  2.012E-04  1.572E-04  1.224E-04  9.475E-05  7.278E-05  5.543E-05  4.107E-05  3.009E-05  2.198E-05  1.539E-05
  363.5000  3.535E-02  3.416E-02  3.298E-02  3.182E-02  3.066E-02  2.952E-02  2.839E-02  2.727E-02  2.616E-02  2.507E-02  2.399E-02  2.292E-02  2.187E-02  2.083E-02  1.981E-02  1.880E-02  1.781E-02  1.684E-02  1.589E-02  1.495E-02  1.404E-02  1.315E-02  1.228E-02  1.143E-02  1.061E-02  9.820E-03  9.058E-03  8.327E-03  7.634E-03  6.904E-03  6.145E-03  5.499E-03  4.947E-03  4.477E-03  3.922E-03  3.468E-03  3.026E-03  2.660E-03  2.271E-03  1.944E-03  1.663E-03  1.415E-03  1.182E-03  9.766E-04  8.044E-04  6.628E-04  5.468E-04  4.351E-04  3.549E-04  2.805E-04  2.237E-04  1.785E-04  1.394E-04  1.085E-04  8.404E-05  6.455E-05  4.917E-05  3.644E-05  2.670E-05  1.951E-05  1.366E-05
  364.5000  3.857E-02  3.727E-02  3.599E-02  3.472E-02  3.346E-02  3.221E-02  3.097E-02  2.975E-02  2.854E-02  2.735E-02  2.617E-02  2.501E-02  2.386E-02  2.273E-02  2.161E-02  2.051E-02  1.943E-02  1.837E-02  1.733E-02  1.631E-02  1.532E-02  1.435E-02  1.340E-02  1.247E-02  1.158E-02  1.071E-02  9.879E-03  9.082E-03  8.325E-03  7.529E-03  6.700E-03  5.995E-03  5.393E-03  4.880E-03  4.274E-03  3.779E-03  3.297E-03  2.897E-03  2.473E-03  2.117E-03  1.811E-03  1.540E-03  1.287E-03  1.063E-03  8.753E-04  7.210E-04  5.948E-04  4.731E-04  3.859E-04  3.049E-04  2.431E-04  1.939E-04  1.515E-04  1.179E-04  9.128E-05  7.012E-05  5.341E-05  3.959E-05  2.901E-05  2.120E-05  1.484E-05
  365.5000  4.700E-02  4.542E-02  4.385E-02  4.230E-02  4.077E-02  3.924E-02  3.774E-02  3.625E-02  3.477E-02  3.332E-02  3.189E-02  3.047E-02  2.907E-02  2.769E-02  2.633E-02  2.499E-02  2.368E-02  2.238E-02  2.112E-02  1.987E-02  1.866E-02  1.747E-02  1.632E-02  1.519E-02  1.410E-02  1.304E-02  1.203E-02  1.106E-02  1.014E-02  9.165E-03  8.157E-03  7.297E-03  6.563E-03  5.938E-03  5.200E-03  4.597E-03  4.009E-03  3.523E-03  3.007E-03  2.574E-03  2.202E-03  1.873E-03  1.563E-03  1.291E-03  1.063E-03  8.754E-04  7.220E-04  5.742E-04  4.682E-04  3.699E-04  2.949E-04  2.352E-04  1.837E-04  1.429E-04  1.107E-04  8.501E-05  6.475E-05  4.800E-05  3.518E-05  2.571E-05  1.801E-05
  366.5000  4.979E-02  4.812E-02  4.646E-02  4.482E-02  4.319E-02  4.158E-02  3.999E-02  3.841E-02  3.685E-02  3.531E-02  3.379E-02  3.228E-02  3.080E-02  2.934E-02  2.790E-02  2.649E-02  2.509E-02  2.372E-02  2.238E-02  2.106E-02  1.978E-02  1.852E-02  1.729E-02  1.610E-02  1.494E-02  1.382E-02  1.275E-02  1.172E-02  1.074E-02  9.714E-03  8.644E-03  7.733E-03  6.955E-03  6.293E-03  5.509E-03  4.870E-03  4.247E-03  3.732E-03  3.185E-03  2.725E-03  2.331E-03  1.982E-03  1.655E-03  1.366E-03  1.125E-03  9.261E-04  7.636E-04  6.071E-04  4.950E-04  3.909E-04  3.116E-04  2.484E-04  1.940E-04  1.510E-04  1.169E-04  8.978E-05  6.839E-05  5.071E-05  3.717E-05  2.717E-05  1.903E-05
  367.5000  4.733E-02  4.574E-02  4.416E-02  4.260E-02  4.106E-02  3.953E-02  3.801E-02  3.651E-02  3.503E-02  3.357E-02  3.212E-02  3.069E-02  2.928E-02  2.789E-02  2.653E-02  2.518E-02  2.386E-02  2.256E-02  2.128E-02  2.003E-02  1.881E-02  1.761E-02  1.644E-02  1.531E-02  1.421E-02  1.315E-02  1.213E-02  1.115E-02  1.022E-02  9.237E-03  8.220E-03  7.353E-03  6.612E-03  5.983E-03  5.237E-03  4.629E-03  4.037E-03  3.547E-03  3.026E-03  2.590E-03  2.215E-03  1.885E-03  1.571E-03  1.297E-03  1.068E-03  8.789E-04  7.246E-04  5.759E-04  4.694E-04  3.706E-04  2.954E-04  2.355E-04  1.838E-04  1.431E-04  1.107E-04  8.507E-05  6.480E-05  4.805E-05  3.523E-05  2.576E-05  1.805E-05
  368.5000  4.160E-02  4.020E-02  3.881E-02  3.744E-02  3.609E-02  3.474E-02  3.341E-02  3.209E-02  3.079E-02  2.950E-02  2.823E-02  2.698E-02  2.574E-02  2.452E-02  2.331E-02  2.213E-02  2.097E-02  1.983E-02  1.870E-02  1.760E-02  1.653E-02  1.548E-02  1.445E-02  1.346E-02  1.249E-02  1.155E-02  1.066E-02  9.794E-03  8.976E-03  8.116E-03  7.222E-03  6.460E-03  5.809E-03  5.255E-03  4.600E-03  4.065E-03  3.545E-03  3.114E-03  2.656E-03  2.273E-03  1.943E-03  1.654E-03  1.378E-03  1.138E-03  9.362E-04  7.705E-04  6.351E-04  5.047E-04  4.113E-04  3.246E-04  2.587E-04  2.062E-04  1.609E-04  1.252E-04  9.693E-05  7.445E-05  5.672E-05  4.206E-05  3.084E-05  2.255E-05  1.581E-05
  369.5000  4.992E-02  4.824E-02  4.658E-02  4.494E-02  4.331E-02  4.169E-02  4.010E-02  3.851E-02  3.695E-02  3.541E-02  3.389E-02  3.238E-02  3.089E-02  2.943E-02  2.798E-02  2.657E-02  2.517E-02  2.379E-02  2.245E-02  2.113E-02  1.984E-02  1.858E-02  1.735E-02  1.615E-02  1.499E-02  1.386E-02  1.279E-02  1.175E-02  1.077E-02  9.739E-03  8.665E-03  7.750E-03  6.968E-03  6.303E-03  5.517E-03  4.875E-03  4.250E-03  3.733E-03  3.184E-03  2.724E-03  2.328E-03  1.978E-03  1.652E-03  1.363E-03  1.121E-03  9.226E-04  7.603E-04  6.040E-04  4.921E-04  3.883E-04  3.094E-04  2.465E-04  1.924E-04  1.497E-04  1.159E-04  8.900E-05  6.781E-05  5.029E-05  3.688E-05  2.697E-05  1.891E-05
  370.5000  4.531E-02  4.379E-02  4.228E-02  4.079E-02  3.931E-02  3.784E-02  3.639E-02  3.496E-02  3.354E-02  3.214E-02  3.076E-02  2.939E-02  2.804E-02  2.671E-02  2.540E-02  2.411E-02  2.285E-02  2.160E-02  2.038E-02  1.918E-02  1.801E-02  1.686E-02  1.574E-02  1.466E-02  1.360E-02  1.258E-02  1.161E-02  1.067E-02  9.775E-03  8.837E-03  7.862E-03  7.032E-03  6.321E-03  5.717E-03  5.004E-03  4.421E-03  3.854E-03  3.385E-03  2.887E-03  2.469E-03  2.110E-03  1.792E-03  1.496E-03  1.234E-03  1.015E-03  8.353E-04  6.882E-04  5.466E-04  4.452E-04  3.513E-04  2.798E-04  2.229E-04  1.740E-04  1.353E-04  1.047E-04  8.045E-05  6.129E-05  4.547E-05  3.334E-05  2.439E-05  1.710E-05
  371.5000  5.188E-02  5.014E-02  4.841E-02  4.670E-02  4.501E-02  4.333E-02  4.167E-02  4.003E-02  3.840E-02  3.680E-02  3.522E-02  3.365E-02  3.211E-02  3.058E-02  2.908E-02  2.761E-02  2.616E-02  2.473E-02  2.333E-02  2.196E-02  2.062E-02  1.931E-02  1.803E-02  1.678E-02  1.558E-02  1.441E-02  1.329E-02  1.221E-02  1.119E-02  1.012E-02  9.000E-03  8.049E-03  7.235E-03  6.543E-03  5.726E-03  5.058E-03  4.409E-03  3.871E-03  3.301E-03  2.823E-03  2.413E-03  2.049E-03  1.710E-03  1.411E-03  1.160E-03  9.541E-04  7.859E-04  6.240E-04  5.082E-04  4.009E-04  3.193E-04  2.543E-04  1.984E-04  1.543E-04  1.194E-04  9.175E-05  6.990E-05  5.186E-05  3.803E-05  2.783E-05  1.951E-05
  372.5000  3.834E-02  3.706E-02  3.578E-02  3.452E-02  3.327E-02  3.203E-02  3.080E-02  2.959E-02  2.839E-02  2.720E-02  2.603E-02  2.487E-02  2.373E-02  2.261E-02  2.150E-02  2.041E-02  1.934E-02  1.828E-02  1.725E-02  1.623E-02  1.524E-02  1.427E-02  1.333E-02  1.241E-02  1.151E-02  1.065E-02  9.821E-03  9.025E-03  8.271E-03  7.477E-03  6.652E-03  5.948E-03  5.346E-03  4.834E-03  4.230E-03  3.737E-03  3.256E-03  2.859E-03  2.438E-03  2.084E-03  1.781E-03  1.513E-03  1.262E-03  1.041E-03  8.556E-04  7.036E-04  5.794E-04  4.600E-04  3.745E-04  2.954E-04  2.352E-04  1.873E-04  1.461E-04  1.136E-04  8.794E-05  6.755E-05  5.147E-05  3.819E-05  2.801E-05  2.050E-05  1.437E-05
  373.5000  3.467E-02  3.350E-02  3.235E-02  3.121E-02  3.008E-02  2.896E-02  2.785E-02  2.675E-02  2.567E-02  2.460E-02  2.354E-02  2.249E-02  2.146E-02  2.044E-02  1.944E-02  1.845E-02  1.748E-02  1.653E-02  1.559E-02  1.468E-02  1.378E-02  1.290E-02  1.205E-02  1.122E-02  1.041E-02  9.627E-03  8.877E-03  8.158E-03  7.475E-03  6.757E-03  6.011E-03  5.375E-03  4.830E-03  4.368E-03  3.821E-03  3.375E-03  2.941E-03  2.582E-03  2.201E-03  1.881E-03  1.607E-03  1.365E-03  1.139E-03  9.388E-04  7.717E-04  6.344E-04  5.223E-04  4.146E-04  3.375E-04  2.661E-04  2.118E-04  1.687E-04  1.316E-04  1.023E-04  7.917E-05  6.080E-05  4.633E-05  3.438E-05  2.522E-05  1.846E-05  1.295E-05
  374.5000  3.806E-02  3.678E-02  3.552E-02  3.427E-02  3.302E-02  3.179E-02  3.057E-02  2.937E-02  2.818E-02  2.700E-02  2.584E-02  2.469E-02  2.356E-02  2.244E-02  2.134E-02  2.026E-02  1.919E-02  1.815E-02  1.712E-02  1.611E-02  1.513E-02  1.417E-02  1.323E-02  1.231E-02  1.143E-02  1.057E-02  9.745E-03  8.955E-03  8.205E-03  7.416E-03  6.597E-03  5.898E-03  5.300E-03  4.792E-03  4.192E-03  3.702E-03  3.225E-03  2.831E-03  2.413E-03  2.062E-03  1.762E-03  1.496E-03  1.248E-03  1.028E-03  8.451E-04  6.947E-04  5.718E-04  4.537E-04  3.693E-04  2.911E-04  2.317E-04  1.845E-04  1.439E-04  1.118E-04  8.655E-05  6.647E-05  5.065E-05  3.759E-05  2.758E-05  2.018E-05  1.416E-05
  375.5000  4.297E-02  4.153E-02  4.010E-02  3.868E-02  3.728E-02  3.589E-02  3.452E-02  3.316E-02  3.181E-02  3.049E-02  2.918E-02  2.788E-02  2.660E-02  2.534E-02  2.410E-02  2.288E-02  2.167E-02  2.049E-02  1.933E-02  1.819E-02  1.708E-02  1.599E-02  1.493E-02  1.390E-02  1.290E-02  1.193E-02  1.100E-02  1.011E-02  9.263E-03  8.373E-03  7.447E-03  6.658E-03  5.983E-03  5.408E-03  4.730E-03  4.177E-03  3.639E-03  3.193E-03  2.721E-03  2.326E-03  1.987E-03  1.687E-03  1.406E-03  1.159E-03  9.522E-04  7.825E-04  6.440E-04  5.109E-04  4.157E-04  3.276E-04  2.607E-04  2.075E-04  1.618E-04  1.258E-04  9.733E-05  7.475E-05  5.696E-05  4.228E-05  3.102E-05  2.271E-05  1.594E-05
  376.5000  4.293E-02  4.149E-02  4.006E-02  3.865E-02  3.725E-02  3.586E-02  3.449E-02  3.313E-02  3.179E-02  3.047E-02  2.915E-02  2.786E-02  2.658E-02  2.532E-02  2.408E-02  2.286E-02  2.166E-02  2.048E-02  1.932E-02  1.818E-02  1.707E-02  1.598E-02  1.492E-02  1.389E-02  1.289E-02  1.192E-02  1.099E-02  1.010E-02  9.255E-03  8.365E-03  7.440E-03  6.651E-03  5.976E-03  5.401E-03  4.724E-03  4.171E-03  3.633E-03  3.188E-03  2.716E-03  2.321E-03  1.982E-03  1.684E-03  1.402E-03  1.156E-03  9.494E-04  7.800E-04  6.418E-04  5.090E-04  4.141E-04  3.263E-04  2.596E-04  2.066E-04  1.611E-04  1.252E-04  9.686E-05  7.439E-05  5.669E-05  4.208E-05  3.088E-05  2.261E-05  1.587E-05
  377.5000  5.115E-02  4.943E-02  4.773E-02  4.605E-02  4.438E-02  4.273E-02  4.109E-02  3.948E-02  3.788E-02  3.630E-02  3.474E-02  3.319E-02  3.167E-02  3.017E-02  2.869E-02  2.724E-02  2.581E-02  2.440E-02  2.302E-02  2.166E-02  2.034E-02  1.904E-02  1.778E-02  1.655E-02  1.536E-02  1.421E-02  1.310E-02  1.203E-02  1.103E-02  9.965E-03  8.863E-03  7.922E-03  7.117E-03  6.432E-03  5.625E-03  4.966E-03  4.325E-03  3.794E-03  3.233E-03  2.762E-03  2.359E-03  2.004E-03  1.668E-03  1.374E-03  1.129E-03  9.271E-04  7.627E-04  6.047E-04  4.918E-04  3.874E-04  3.082E-04  2.452E-04  1.912E-04  1.486E-04  1.149E-04  8.827E-05  6.726E-05  4.994E-05  3.665E-05  2.684E-05  1.884E-05
  378.5000  5.577E-02  5.390E-02  5.205E-02  5.021E-02  4.839E-02  4.659E-02  4.481E-02  4.304E-02  4.130E-02  3.958E-02  3.788E-02  3.619E-02  3.453E-02  3.290E-02  3.128E-02  2.970E-02  2.814E-02  2.660E-02  2.510E-02  2.362E-02  2.218E-02  2.077E-02  1.939E-02  1.805E-02  1.675E-02  1.549E-02  1.428E-02  1.312E-02  1.202E-02  1.086E-02  9.661E-03  8.635E-03  7.757E-03  7.009E-03  6.129E-03  5.410E-03  4.711E-03  4.133E-03  3.520E-03  3.007E-03  2.568E-03  2.181E-03  1.815E-03  1.495E-03  1.228E-03  1.008E-03  8.293E-04  6.574E-04  5.346E-04  4.210E-04  3.348E-04  2.664E-04  2.076E-04  1.613E-04  1.248E-04  9.584E-05  7.304E-05  5.423E-05  3.980E-05  2.915E-05  2.047E-05
  379.5000  4.128E-02  3.989E-02  3.852E-02  3.716E-02  3.582E-02  3.448E-02  3.316E-02  3.186E-02  3.057E-02  2.929E-02  2.803E-02  2.679E-02  2.556E-02  2.435E-02  2.315E-02  2.198E-02  2.083E-02  1.969E-02  1.857E-02  1.748E-02  1.641E-02  1.537E-02  1.435E-02  1.336E-02  1.239E-02  1.146E-02  1.057E-02  9.709E-03  8.894E-03  8.037E-03  7.148E-03  6.388E-03  5.738E-03  5.185E-03  4.533E-03  4.000E-03  3.483E-03  3.055E-03  2.602E-03  2.222E-03  1.897E-03  1.610E-03  1.341E-03  1.104E-03  9.065E-04  7.443E-04  6.121E-04  4.851E-04  3.943E-04  3.105E-04  2.469E-04  1.964E-04  1.530E-04  1.189E-04  9.197E-05  7.063E-05  5.382E-05  3.997E-05  2.934E-05  2.149E-05  1.509E-05
  380.5000  4.967E-02  4.800E-02  4.635E-02  4.472E-02  4.310E-02  4.149E-02  3.990E-02  3.833E-02  3.678E-02  3.525E-02  3.373E-02  3.223E-02  3.076E-02  2.930E-02  2.786E-02  2.645E-02  2.506E-02  2.369E-02  2.235E-02  2.104E-02  1.975E-02  1.849E-02  1.727E-02  1.607E-02  1.491E-02  1.379E-02  1.271E-02  1.168E-02  1.070E-02  9.669E-03  8.599E-03  7.684E-03  6.901E-03  6.235E-03  5.451E-03  4.810E-03  4.187E-03  3.672E-03  3.127E-03  2.671E-03  2.280E-03  1.935E-03  1.610E-03  1.326E-03  1.088E-03  8.934E-04  7.345E-04  5.820E-04  4.730E-04  3.724E-04  2.960E-04  2.354E-04  1.834E-04  1.425E-04  1.102E-04  8.463E-05  6.450E-05  4.790E-05  3.516E-05  2.576E-05  1.809E-05
  381.5000  4.669E-02  4.513E-02  4.357E-02  4.204E-02  4.052E-02  3.901E-02  3.752E-02  3.604E-02  3.458E-02  3.314E-02  3.171E-02  3.031E-02  2.892E-02  2.755E-02  2.620E-02  2.487E-02  2.356E-02  2.228E-02  2.102E-02  1.978E-02  1.857E-02  1.739E-02  1.623E-02  1.511E-02  1.402E-02  1.297E-02  1.195E-02  1.098E-02  1.006E-02  9.089E-03  8.082E-03  7.222E-03  6.486E-03  5.859E-03  5.122E-03  4.519E-03  3.933E-03  3.449E-03  2.937E-03  2.508E-03  2.140E-03  1.817E-03  1.511E-03  1.244E-03  1.021E-03  8.379E-04  6.887E-04  5.456E-04  4.433E-04  3.489E-04  2.773E-04  2.205E-04  1.718E-04  1.334E-04  1.032E-04  7.923E-05  6.039E-05  4.485E-05  3.293E-05  2.412E-05  1.695E-05
  382.5000  3.113E-02  3.008E-02  2.905E-02  2.802E-02  2.701E-02  2.600E-02  2.501E-02  2.403E-02  2.305E-02  2.209E-02  2.114E-02  2.020E-02  1.928E-02  1.836E-02  1.746E-02  1.658E-02  1.571E-02  1.485E-02  1.401E-02  1.319E-02  1.238E-02  1.159E-02  1.082E-02  1.007E-02  9.347E-03  8.644E-03  7.968E-03  7.320E-03  6.705E-03  6.058E-03  5.387E-03  4.813E-03  4.322E-03  3.904E-03  3.412E-03  3.010E-03  2.620E-03  2.297E-03  1.956E-03  1.670E-03  1.425E-03  1.209E-03  1.006E-03  8.277E-04  6.791E-04  5.572E-04  4.579E-04  3.626E-04  2.946E-04  2.318E-04  1.842E-04  1.464E-04  1.141E-04  8.858E-05  6.850E-05  5.260E-05  4.009E-05  2.978E-05  2.186E-05  1.602E-05  1.126E-05
  383.5000  2.734E-02  2.643E-02  2.552E-02  2.462E-02  2.373E-02  2.284E-02  2.197E-02  2.111E-02  2.025E-02  1.941E-02  1.857E-02  1.775E-02  1.694E-02  1.613E-02  1.534E-02  1.457E-02  1.380E-02  1.305E-02  1.231E-02  1.158E-02  1.088E-02  1.018E-02  9.507E-03  8.850E-03  8.211E-03  7.593E-03  6.999E-03  6.430E-03  5.889E-03  5.321E-03  4.731E-03  4.227E-03  3.795E-03  3.428E-03  2.996E-03  2.642E-03  2.299E-03  2.016E-03  1.716E-03  1.465E-03  1.249E-03  1.060E-03  8.818E-04  7.256E-04  5.952E-04  4.883E-04  4.012E-04  3.176E-04  2.580E-04  2.029E-04  1.612E-04  1.281E-04  9.979E-05  7.750E-05  5.992E-05  4.601E-05  3.507E-05  2.605E-05  1.913E-05  1.402E-05  9.853E-06
  384.5000  4.105E-02  3.968E-02  3.831E-02  3.696E-02  3.562E-02  3.430E-02  3.299E-02  3.169E-02  3.041E-02  2.914E-02  2.789E-02  2.665E-02  2.543E-02  2.422E-02  2.304E-02  2.187E-02  2.072E-02  1.959E-02  1.848E-02  1.739E-02  1.633E-02  1.529E-02  1.428E-02  1.329E-02  1.233E-02  1.140E-02  1.051E-02  9.653E-03  8.840E-03  7.988E-03  7.102E-03  6.345E-03  5.696E-03  5.144E-03  4.495E-03  3.964E-03  3.449E-03  3.023E-03  2.573E-03  2.196E-03  1.873E-03  1.589E-03  1.321E-03  1.087E-03  8.916E-04  7.313E-04  6.007E-04  4.755E-04  3.861E-04  3.037E-04  2.412E-04  1.917E-04  1.492E-04  1.159E-04  8.960E-05  6.879E-05  5.243E-05  3.895E-05  2.861E-05  2.097E-05  1.474E-05
  385.5000  4.063E-02  3.927E-02  3.792E-02  3.659E-02  3.526E-02  3.395E-02  3.265E-02  3.137E-02  3.010E-02  2.885E-02  2.760E-02  2.638E-02  2.517E-02  2.398E-02  2.280E-02  2.165E-02  2.051E-02  1.939E-02  1.829E-02  1.722E-02  1.617E-02  1.514E-02  1.413E-02  1.315E-02  1.220E-02  1.128E-02  1.040E-02  9.554E-03  8.750E-03  7.905E-03  7.028E-03  6.279E-03  5.636E-03  5.090E-03  4.447E-03  3.921E-03  3.412E-03  2.990E-03  2.544E-03  2.171E-03  1.852E-03  1.571E-03  1.306E-03  1.074E-03  8.806E-04  7.221E-04  5.930E-04  4.693E-04  3.810E-04  2.996E-04  2.379E-04  1.890E-04  1.471E-04  1.142E-04  8.832E-05  6.781E-05  5.168E-05  3.840E-05  2.821E-05  2.067E-05  1.454E-05
  386.5000  4.144E-02  4.005E-02  3.867E-02  3.731E-02  3.596E-02  3.462E-02  3.330E-02  3.199E-02  3.069E-02  2.942E-02  2.815E-02  2.690E-02  2.567E-02  2.445E-02  2.326E-02  2.208E-02  2.092E-02  1.978E-02  1.866E-02  1.756E-02  1.649E-02  1.544E-02  1.441E-02  1.341E-02  1.245E-02  1.151E-02  1.061E-02  9.742E-03  8.922E-03  8.060E-03  7.166E-03  6.401E-03  5.746E-03  5.188E-03  4.532E-03  3.996E-03  3.476E-03  3.046E-03  2.591E-03  2.211E-03  1.885E-03  1.599E-03  1.329E-03  1.093E-03  8.960E-04  7.346E-04  6.031E-04  4.772E-04  3.873E-04  3.045E-04  2.418E-04  1.920E-04  1.495E-04  1.160E-04  8.969E-05  6.886E-05  5.249E-05  3.900E-05  2.865E-05  2.100E-05  1.477E-05
  387.5000  3.852E-02  3.723E-02  3.595E-02  3.469E-02  3.343E-02  3.219E-02  3.096E-02  2.974E-02  2.854E-02  2.735E-02  2.617E-02  2.501E-02  2.387E-02  2.274E-02  2.162E-02  2.053E-02  1.945E-02  1.839E-02  1.735E-02  1.633E-02  1.533E-02  1.435E-02  1.340E-02  1.247E-02  1.157E-02  1.070E-02  9.861E-03  9.057E-03  8.294E-03  7.493E-03  6.661E-03  5.950E-03  5.340E-03  4.821E-03  4.211E-03  3.713E-03  3.229E-03  2.829E-03  2.407E-03  2.053E-03  1.750E-03  1.484E-03  1.233E-03  1.014E-03  8.312E-04  6.813E-04  5.592E-04  4.423E-04  3.590E-04  2.821E-04  2.240E-04  1.779E-04  1.384E-04  1.074E-04  8.304E-05  6.375E-05  4.859E-05  3.611E-05  2.653E-05  1.945E-05  1.368E-05
  388.5000  3.863E-02  3.733E-02  3.605E-02  3.478E-02  3.352E-02  3.227E-02  3.104E-02  2.982E-02  2.861E-02  2.742E-02  2.625E-02  2.508E-02  2.393E-02  2.280E-02  2.168E-02  2.059E-02  1.950E-02  1.844E-02  1.740E-02  1.637E-02  1.537E-02  1.439E-02  1.344E-02  1.251E-02  1.160E-02  1.073E-02  9.887E-03  9.081E-03  8.315E-03  7.512E-03  6.678E-03  5.964E-03  5.352E-03  4.832E-03  4.220E-03  3.720E-03  3.235E-03  2.834E-03  2.410E-03  2.056E-03  1.752E-03  1.486E-03  1.235E-03  1.015E-03  8.315E-04  6.814E-04  5.592E-04  4.422E-04  3.588E-04  2.819E-04  2.238E-04  1.777E-04  1.382E-04  1.073E-04  8.292E-05  6.365E-05  4.852E-05  3.606E-05  2.649E-05  1.943E-05  1.366E-05
  389.5000  4.873E-02  4.710E-02  4.548E-02  4.388E-02  4.229E-02  4.072E-02  3.916E-02  3.762E-02  3.610E-02  3.460E-02  3.311E-02  3.164E-02  3.019E-02  2.877E-02  2.736E-02  2.597E-02  2.461E-02  2.327E-02  2.195E-02  2.066E-02  1.939E-02  1.816E-02  1.695E-02  1.578E-02  1.464E-02  1.353E-02  1.247E-02  1.146E-02  1.049E-02  9.476E-03  8.423E-03  7.522E-03  6.750E-03  6.093E-03  5.321E-03  4.690E-03  4.078E-03  3.572E-03  3.037E-03  2.590E-03  2.208E-03  1.871E-03  1.555E-03  1.278E-03  1.047E-03  8.576E-04  7.037E-04  5.563E-04  4.513E-04  3.545E-04  2.813E-04  2.233E-04  1.737E-04  1.348E-04  1.042E-04  7.996E-05  6.095E-05  4.530E-05  3.329E-05  2.441E-05  1.717E-05
  390.5000  4.789E-02  4.628E-02  4.469E-02  4.312E-02  4.156E-02  4.001E-02  3.848E-02  3.697E-02  3.547E-02  3.400E-02  3.254E-02  3.110E-02  2.967E-02  2.827E-02  2.688E-02  2.552E-02  2.418E-02  2.286E-02  2.157E-02  2.030E-02  1.906E-02  1.784E-02  1.666E-02  1.550E-02  1.438E-02  1.330E-02  1.226E-02  1.126E-02  1.031E-02  9.311E-03  8.276E-03  7.391E-03  6.631E-03  5.985E-03  5.226E-03  4.606E-03  4.004E-03  3.507E-03  2.981E-03  2.542E-03  2.166E-03  1.836E-03  1.525E-03  1.253E-03  1.026E-03  8.407E-04  6.896E-04  5.451E-04  4.421E-04  3.472E-04  2.755E-04  2.186E-04  1.700E-04  1.319E-04  1.019E-04  7.825E-05  5.964E-05  4.433E-05  3.258E-05  2.389E-05  1.681E-05
  391.5000  5.684E-02  5.493E-02  5.304E-02  5.118E-02  4.932E-02  4.749E-02  4.568E-02  4.388E-02  4.211E-02  4.036E-02  3.862E-02  3.691E-02  3.522E-02  3.355E-02  3.191E-02  3.030E-02  2.871E-02  2.714E-02  2.560E-02  2.410E-02  2.262E-02  2.118E-02  1.977E-02  1.840E-02  1.707E-02  1.579E-02  1.455E-02  1.336E-02  1.223E-02  1.105E-02  9.822E-03  8.770E-03  7.869E-03  7.101E-03  6.200E-03  5.463E-03  4.749E-03  4.158E-03  3.535E-03  3.014E-03  2.568E-03  2.176E-03  1.807E-03  1.484E-03  1.216E-03  9.954E-04  8.164E-04  6.451E-04  5.231E-04  4.107E-04  3.258E-04  2.585E-04  2.010E-04  1.559E-04  1.205E-04  9.249E-05  7.050E-05  5.240E-05  3.851E-05  2.825E-05  1.988E-05
  392.5000  4.264E-02  4.121E-02  3.979E-02  3.839E-02  3.700E-02  3.563E-02  3.427E-02  3.292E-02  3.159E-02  3.028E-02  2.898E-02  2.769E-02  2.642E-02  2.517E-02  2.394E-02  2.273E-02  2.154E-02  2.036E-02  1.921E-02  1.808E-02  1.697E-02  1.589E-02  1.484E-02  1.381E-02  1.281E-02  1.184E-02  1.092E-02  1.002E-02  9.177E-03  8.289E-03  7.368E-03  6.578E-03  5.901E-03  5.325E-03  4.649E-03  4.096E-03  3.560E-03  3.117E-03  2.649E-03  2.258E-03  1.924E-03  1.629E-03  1.353E-03  1.111E-03  9.100E-04  7.450E-04  6.109E-04  4.826E-04  3.912E-04  3.071E-04  2.436E-04  1.932E-04  1.502E-04  1.165E-04  9.002E-05  6.909E-05  5.266E-05  3.915E-05  2.878E-05  2.111E-05  1.486E-05
  393.5000  1.855E-02  1.792E-02  1.731E-02  1.670E-02  1.609E-02  1.550E-02  1.490E-02  1.432E-02  1.374E-02  1.317E-02  1.260E-02  1.204E-02  1.149E-02  1.095E-02  1.041E-02  9.887E-03  9.368E-03  8.857E-03  8.355E-03  7.864E-03  7.383E-03  6.912E-03  6.453E-03  6.006E-03  5.572E-03  5.151E-03  4.747E-03  4.359E-03  3.991E-03  3.605E-03  3.204E-03  2.860E-03  2.566E-03  2.315E-03  2.021E-03  1.780E-03  1.547E-03  1.354E-03  1.151E-03  9.808E-04  8.354E-04  7.074E-04  5.875E-04  4.824E-04  3.949E-04  3.232E-04  2.650E-04  2.093E-04  1.696E-04  1.331E-04  1.056E-04  8.371E-05  6.508E-05  5.047E-05  3.899E-05  2.992E-05  2.281E-05  1.696E-05  1.246E-05  9.145E-06  6.438E-06
  394.5000  4.366E-02  4.219E-02  4.074E-02  3.931E-02  3.789E-02  3.648E-02  3.508E-02  3.371E-02  3.234E-02  3.100E-02  2.967E-02  2.835E-02  2.706E-02  2.578E-02  2.452E-02  2.328E-02  2.205E-02  2.085E-02  1.967E-02  1.851E-02  1.738E-02  1.627E-02  1.519E-02  1.414E-02  1.312E-02  1.213E-02  1.117E-02  1.026E-02  9.394E-03  8.484E-03  7.541E-03  6.732E-03  6.038E-03  5.447E-03  4.755E-03  4.188E-03  3.639E-03  3.185E-03  2.706E-03  2.306E-03  1.963E-03  1.662E-03  1.380E-03  1.133E-03  9.275E-04  7.590E-04  6.221E-04  4.912E-04  3.980E-04  3.123E-04  2.476E-04  1.963E-04  1.526E-04  1.183E-04  9.139E-05  7.014E-05  5.346E-05  3.975E-05  2.922E-05  2.144E-05  1.510E-05
  395.5000  5.619E-02  5.431E-02  5.244E-02  5.059E-02  4.876E-02  4.695E-02  4.516E-02  4.339E-02  4.163E-02  3.990E-02  3.819E-02  3.650E-02  3.483E-02  3.318E-02  3.156E-02  2.996E-02  2.839E-02  2.684E-02  2.532E-02  2.383E-02  2.237E-02  2.095E-02  1.955E-02  1.820E-02  1.688E-02  1.561E-02  1.438E-02  1.321E-02  1.209E-02  1.092E-02  9.704E-03  8.663E-03  7.769E-03  7.008E-03  6.117E-03  5.387E-03  4.680E-03  4.095E-03  3.479E-03  2.964E-03  2.524E-03  2.136E-03  1.774E-03  1.456E-03  1.191E-03  9.746E-04  7.986E-04  6.304E-04  5.107E-04  4.006E-04  3.175E-04  2.517E-04  1.956E-04  1.517E-04  1.171E-04  8.989E-05  6.852E-05  5.095E-05  3.745E-05  2.749E-05  1.936E-05
  396.5000  3.301E-02  3.190E-02  3.080E-02  2.972E-02  2.864E-02  2.758E-02  2.653E-02  2.549E-02  2.446E-02  2.344E-02  2.243E-02  2.144E-02  2.046E-02  1.949E-02  1.854E-02  1.760E-02  1.668E-02  1.577E-02  1.488E-02  1.400E-02  1.314E-02  1.231E-02  1.149E-02  1.069E-02  9.919E-03  9.169E-03  8.450E-03  7.758E-03  7.102E-03  6.414E-03  5.700E-03  5.088E-03  4.563E-03  4.115E-03  3.592E-03  3.163E-03  2.747E-03  2.404E-03  2.042E-03  1.739E-03  1.480E-03  1.253E-03  1.040E-03  8.536E-04  6.982E-04  5.711E-04  4.679E-04  3.693E-04  2.991E-04  2.346E-04  1.859E-04  1.473E-04  1.145E-04  8.873E-05  6.853E-05  5.258E-05  4.008E-05  2.980E-05  2.191E-05  1.608E-05  1.133E-05
  397.5000  3.810E-02  3.683E-02  3.556E-02  3.431E-02  3.307E-02  3.184E-02  3.062E-02  2.942E-02  2.823E-02  2.706E-02  2.590E-02  2.475E-02  2.362E-02  2.250E-02  2.140E-02  2.032E-02  1.925E-02  1.820E-02  1.717E-02  1.616E-02  1.518E-02  1.421E-02  1.326E-02  1.234E-02  1.145E-02  1.059E-02  9.755E-03  8.957E-03  8.199E-03  7.404E-03  6.580E-03  5.873E-03  5.267E-03  4.750E-03  4.145E-03  3.649E-03  3.170E-03  2.773E-03  2.355E-03  2.005E-03  1.707E-03  1.444E-03  1.199E-03  9.836E-04  8.044E-04  6.578E-04  5.388E-04  4.251E-04  3.442E-04  2.699E-04  2.138E-04  1.695E-04  1.316E-04  1.020E-04  7.878E-05  6.045E-05  4.608E-05  3.427E-05  2.520E-05  1.850E-05  1.303E-05
  398.5000  6.550E-02  6.330E-02  6.113E-02  5.898E-02  5.684E-02  5.473E-02  5.264E-02  5.058E-02  4.853E-02  4.652E-02  4.452E-02  4.255E-02  4.061E-02  3.869E-02  3.679E-02  3.494E-02  3.310E-02  3.130E-02  2.953E-02  2.779E-02  2.609E-02  2.443E-02  2.280E-02  2.122E-02  1.969E-02  1.820E-02  1.677E-02  1.540E-02  1.409E-02  1.273E-02  1.131E-02  1.010E-02  9.052E-03  8.162E-03  7.122E-03  6.270E-03  5.445E-03  4.762E-03  4.044E-03  3.444E-03  2.930E-03  2.479E-03  2.057E-03  1.688E-03  1.380E-03  1.128E-03  9.239E-04  7.288E-04  5.899E-04  4.625E-04  3.663E-04  2.902E-04  2.254E-04  1.747E-04  1.349E-04  1.035E-04  7.888E-05  5.866E-05  4.314E-05  3.167E-05  2.231E-05
  399.5000  6.815E-02  6.587E-02  6.360E-02  6.137E-02  5.915E-02  5.695E-02  5.478E-02  5.263E-02  5.050E-02  4.841E-02  4.633E-02  4.428E-02  4.225E-02  4.026E-02  3.829E-02  3.635E-02  3.444E-02  3.257E-02  3.073E-02  2.892E-02  2.715E-02  2.542E-02  2.373E-02  2.208E-02  2.049E-02  1.894E-02  1.745E-02  1.602E-02  1.466E-02  1.324E-02  1.177E-02  1.050E-02  9.416E-03  8.490E-03  7.407E-03  6.520E-03  5.661E-03  4.951E-03  4.204E-03  3.579E-03  3.045E-03  2.576E-03  2.137E-03  1.753E-03  1.433E-03  1.171E-03  9.588E-04  7.562E-04  6.120E-04  4.796E-04  3.798E-04  3.008E-04  2.336E-04  1.810E-04  1.398E-04  1.072E-04  8.172E-05  6.079E-05  4.470E-05  3.282E-05  2.313E-05
------------------------------------------------------------
Dose rates,W m-2
   1 = UV index (WMO, 1994; Webb et al., 2011)           
   2 = Previtamin-D3 (CIE 2006)                          
values at z =      0.025 km
Columns: time,sza,weighting spectra
time,hrs.  sza,deg.          1          2
   18.0000     84.352  1.057E-01  1.677E-03
   18.0167     84.547  1.014E-01  1.597E-03
   18.0333     84.743  9.722E-02  1.519E-03
   18.0500     84.937  9.312E-02  1.446E-03
   18.0667     85.133  8.910E-02  1.374E-03
   18.0833     85.329  8.518E-02  1.306E-03
   18.1000     85.525  8.135E-02  1.240E-03
   18.1167     85.721  7.761E-02  1.177E-03
   18.1333     85.917  7.397E-02  1.117E-03
   18.1500     86.113  7.042E-02  1.059E-03
   18.1667     86.310  6.696E-02  1.003E-03
   18.1833     86.507  6.359E-02  9.498E-04
   18.2000     86.704  6.030E-02  8.985E-04
   18.2167     86.901  5.711E-02  8.493E-04
   18.2333     87.098  5.401E-02  8.021E-04
   18.2500     87.295  5.100E-02  7.570E-04
   18.2667     87.493  4.807E-02  7.136E-04
   18.2833     87.691  4.523E-02  6.720E-04
   18.3000     87.889  4.248E-02  6.320E-04
   18.3167     88.087  3.982E-02  5.938E-04
   18.3333     88.285  3.725E-02  5.573E-04
   18.3500     88.483  3.477E-02  5.221E-04
   18.3667     88.682  3.237E-02  4.885E-04
   18.3833     88.881  3.007E-02  4.564E-04
   18.4000     89.080  2.786E-02  4.257E-04
   18.4167     89.279  2.574E-02  3.963E-04
   18.4333     89.478  2.373E-02  3.685E-04
   18.4500     89.678  2.181E-02  3.420E-04
   18.4667     89.877  2.000E-02  3.171E-04
   18.4833     90.077  1.813E-02  2.909E-04
   18.5000     90.277  1.620E-02  2.638E-04
   18.5167     90.477  1.455E-02  2.405E-04
   18.5333     90.677  1.314E-02  2.205E-04
   18.5500     90.877  1.194E-02  2.033E-04
   18.5667     91.078  1.054E-02  1.827E-04
   18.5833     91.279  9.381E-03  1.656E-04
   18.6000     91.480  8.255E-03  1.485E-04
   18.6167     91.680  7.318E-03  1.342E-04
   18.6333     91.881  6.322E-03  1.184E-04
   18.6500     92.082  5.476E-03  1.047E-04
   18.6667     92.284  4.743E-03  9.250E-05
   18.6833     92.485  4.085E-03  8.124E-05
   18.7000     92.687  3.467E-03  7.038E-05
   18.7167     92.888  2.913E-03  6.036E-05
   18.7333     93.090  2.440E-03  5.149E-05
   18.7500     93.292  2.042E-03  4.378E-05
   18.7667     93.495  1.708E-03  3.713E-05
   18.7833     93.697  1.379E-03  3.026E-05
   18.8000     93.899  1.137E-03  2.515E-05
   18.8167     94.102  9.064E-04  2.010E-05
   18.8333     94.304  7.254E-04  1.605E-05
   18.8500     94.507  5.804E-04  1.281E-05
   18.8667     94.710  4.519E-04  9.875E-06
   18.8833     94.913  3.490E-04  7.516E-06
   18.9000     95.116  2.667E-04  5.629E-06
   18.9167     95.319  2.011E-04  4.124E-06
   18.9333     95.523  1.489E-04  2.919E-06
   18.9500     95.726  1.054E-04  1.890E-06
   18.9667     95.930  7.272E-05  1.129E-06
   18.9833     96.134  4.915E-05  6.066E-07
   19.0000     96.337  3.107E-05  2.606E-07
------------------------------------------------------------
