11.0000 8.453E-02
11.0167 8.542E-02
11.0333 8.631E-02
11.0500 8.720E-02
11.0667 8.809E-02
11.0833 8.899E-02
11.1000 8.988E-02
11.1167 9.076E-02
11.1333 9.165E-02
11.1500 9.253E-02
11.1667 9.342E-02
11.1833 9.430E-02
11.2000 9.518E-02
11.2167 9.605E-02
11.2333 9.693E-02
11.2500 9.780E-02
11.2667 9.868E-02
11.2833 9.954E-02
11.3000 1.004E-01
11.3167 1.013E-01
11.3333 1.021E-01
11.3500 1.030E-01
11.3667 1.038E-01
11.3833 1.047E-01
11.4000 1.055E-01
11.4167 1.064E-01
11.4333 1.072E-01
11.4500 1.080E-01
11.4667 1.089E-01
11.4833 1.097E-01
11.5000 1.105E-01
11.5167 1.113E-01
11.5333 1.121E-01
11.5500 1.130E-01
11.5667 1.138E-01
11.5833 1.145E-01
11.6000 1.153E-01
11.6167 1.161E-01
11.6333 1.169E-01
11.6500 1.177E-01
11.6667 1.185E-01
11.6833 1.192E-01
11.7000 1.200E-01
11.7167 1.207E-01
11.7333 1.215E-01
11.7500 1.222E-01
11.7667 1.229E-01
11.7833 1.237E-01
11.8000 1.244E-01
11.8167 1.251E-01
11.8333 1.258E-01
11.8500 1.265E-01
11.8667 1.272E-01
11.8833 1.279E-01
11.9000 1.285E-01
11.9167 1.292E-01
11.9333 1.299E-01
11.9500 1.305E-01
11.9667 1.312E-01
11.9833 1.318E-01
12.0000 1.324E-01
12.0167 1.331E-01
12.0333 1.337E-01
12.0500 1.343E-01
12.0667 1.349E-01
12.0833 1.355E-01
12.1000 1.360E-01
12.1167 1.366E-01
12.1333 1.372E-01
12.1500 1.377E-01
12.1667 1.383E-01
12.1833 1.388E-01
12.2000 1.393E-01
12.2167 1.398E-01
12.2333 1.403E-01
12.2500 1.408E-01
12.2667 1.413E-01
12.2833 1.418E-01
12.3000 1.423E-01
12.3167 1.427E-01
12.3333 1.432E-01
12.3500 1.436E-01
12.3667 1.440E-01
12.3833 1.445E-01
12.4000 1.449E-01
12.4167 1.453E-01
12.4333 1.457E-01
12.4500 1.460E-01
12.4667 1.464E-01
12.4833 1.468E-01
12.5000 1.471E-01
12.5167 1.474E-01
12.5333 1.478E-01
12.5500 1.481E-01
12.5667 1.484E-01
12.5833 1.487E-01
12.6000 1.490E-01
12.6167 1.492E-01
12.6333 1.495E-01
12.6500 1.498E-01
12.6667 1.500E-01
12.6833 1.502E-01
12.7000 1.504E-01
12.7167 1.506E-01
12.7333 1.508E-01
12.7500 1.510E-01
12.7667 1.512E-01
12.7833 1.514E-01
12.8000 1.515E-01
12.8167 1.517E-01
12.8333 1.518E-01
12.8500 1.519E-01
12.8667 1.520E-01
12.8833 1.521E-01
12.9000 1.522E-01
12.9167 1.523E-01
12.9333 1.523E-01
12.9500 1.524E-01
12.9667 1.524E-01
12.9833 1.524E-01
13.0000 1.524E-01
13.0167 1.525E-01
13.0333 1.524E-01
13.0500 1.524E-01
13.0667 1.524E-01
13.0833 1.524E-01
13.1000 1.523E-01
13.1167 1.522E-01
13.1333 1.522E-01
13.1500 1.521E-01
13.1667 1.520E-01
13.1833 1.519E-01
13.2000 1.518E-01
13.2167 1.516E-01
13.2333 1.515E-01
13.2500 1.513E-01
13.2667 1.512E-01
13.2833 1.510E-01
13.3000 1.508E-01
13.3167 1.506E-01
13.3333 1.504E-01
13.3500 1.502E-01
13.3667 1.499E-01
13.3833 1.497E-01
13.4000 1.494E-01
13.4167 1.492E-01
13.4333 1.489E-01
13.4500 1.486E-01
13.4667 1.483E-01
13.4833 1.480E-01
13.5000 1.477E-01
13.5167 1.474E-01
13.5333 1.470E-01
13.5500 1.467E-01
13.5667 1.463E-01
13.5833 1.459E-01
13.6000 1.456E-01
13.6167 1.452E-01
13.6333 1.448E-01
13.6500 1.443E-01
13.6667 1.439E-01
13.6833 1.435E-01
13.7000 1.431E-01
13.7167 1.426E-01
13.7333 1.421E-01
13.7500 1.417E-01
13.7667 1.412E-01
13.7833 1.407E-01
13.8000 1.402E-01
13.8167 1.397E-01
13.8333 1.392E-01
13.8500 1.386E-01
13.8667 1.381E-01
13.8833 1.376E-01
13.9000 1.370E-01
13.9167 1.364E-01
13.9333 1.359E-01
13.9500 1.353E-01
13.9667 1.347E-01
13.9833 1.341E-01
14.0000 1.335E-01
14.0167 1.329E-01
14.0333 1.323E-01
14.0500 1.316E-01
14.0667 1.310E-01
14.0833 1.303E-01
14.1000 1.297E-01
14.1167 1.290E-01
14.1333 1.283E-01
14.1500 1.277E-01
14.1667 1.270E-01
14.1833 1.263E-01
14.2000 1.256E-01
14.2167 1.249E-01
14.2333 1.242E-01
14.2500 1.235E-01
14.2667 1.227E-01
14.2833 1.220E-01
14.3000 1.213E-01
14.3167 1.205E-01
14.3333 1.198E-01
14.3500 1.190E-01
14.3667 1.182E-01
14.3833 1.175E-01
14.4000 1.167E-01
14.4167 1.159E-01
14.4333 1.151E-01
14.4500 1.143E-01
14.4667 1.135E-01
14.4833 1.127E-01
14.5000 1.119E-01
14.5167 1.111E-01
14.5333 1.103E-01
14.5500 1.095E-01
14.5667 1.086E-01
14.5833 1.078E-01
14.6000 1.070E-01
14.6167 1.061E-01
14.6333 1.053E-01
14.6500 1.044E-01
14.6667 1.036E-01
14.6833 1.027E-01
14.7000 1.019E-01
14.7167 1.010E-01
14.7333 1.002E-01
14.7500 9.930E-02
14.7667 9.843E-02
14.7833 9.756E-02
14.8000 9.668E-02
14.8167 9.581E-02
14.8333 9.493E-02
14.8500 9.405E-02
14.8667 9.317E-02
14.8833 9.228E-02
14.9000 9.140E-02
14.9167 9.051E-02
14.9333 8.962E-02
14.9500 8.874E-02
14.9667 8.784E-02
14.9833 8.695E-02
