11.0000 7.035E-02
11.0167 7.116E-02
11.0333 7.197E-02
11.0500 7.278E-02
11.0667 7.359E-02
11.0833 7.441E-02
11.1000 7.522E-02
11.1167 7.603E-02
11.1333 7.684E-02
11.1500 7.765E-02
11.1667 7.846E-02
11.1833 7.927E-02
11.2000 8.008E-02
11.2167 8.088E-02
11.2333 8.169E-02
11.2500 8.249E-02
11.2667 8.330E-02
11.2833 8.410E-02
11.3000 8.490E-02
11.3167 8.570E-02
11.3333 8.649E-02
11.3500 8.729E-02
11.3667 8.808E-02
11.3833 8.887E-02
11.4000 8.966E-02
11.4167 9.044E-02
11.4333 9.122E-02
11.4500 9.200E-02
11.4667 9.278E-02
11.4833 9.355E-02
11.5000 9.432E-02
11.5167 9.509E-02
11.5333 9.585E-02
11.5500 9.661E-02
11.5667 9.737E-02
11.5833 9.812E-02
11.6000 9.887E-02
11.6167 9.961E-02
11.6333 1.003E-01
11.6500 1.011E-01
11.6667 1.018E-01
11.6833 1.025E-01
11.7000 1.033E-01
11.7167 1.040E-01
11.7333 1.047E-01
11.7500 1.054E-01
11.7667 1.061E-01
11.7833 1.068E-01
11.8000 1.075E-01
11.8167 1.082E-01
11.8333 1.088E-01
11.8500 1.095E-01
11.8667 1.102E-01
11.8833 1.108E-01
11.9000 1.115E-01
11.9167 1.121E-01
11.9333 1.128E-01
11.9500 1.134E-01
11.9667 1.141E-01
11.9833 1.147E-01
12.0000 1.153E-01
12.0167 1.159E-01
12.0333 1.165E-01
12.0500 1.171E-01
12.0667 1.177E-01
12.0833 1.183E-01
12.1000 1.188E-01
12.1167 1.194E-01
12.1333 1.200E-01
12.1500 1.205E-01
12.1667 1.211E-01
12.1833 1.216E-01
12.2000 1.221E-01
12.2167 1.226E-01
12.2333 1.231E-01
12.2500 1.236E-01
12.2667 1.241E-01
12.2833 1.246E-01
12.3000 1.251E-01
12.3167 1.256E-01
12.3333 1.260E-01
12.3500 1.265E-01
12.3667 1.269E-01
12.3833 1.274E-01
12.4000 1.278E-01
12.4167 1.282E-01
12.4333 1.286E-01
12.4500 1.290E-01
12.4667 1.294E-01
12.4833 1.298E-01
12.5000 1.301E-01
12.5167 1.305E-01
12.5333 1.309E-01
12.5500 1.312E-01
12.5667 1.315E-01
12.5833 1.319E-01
12.6000 1.322E-01
12.6167 1.325E-01
12.6333 1.328E-01
12.6500 1.330E-01
12.6667 1.333E-01
12.6833 1.336E-01
12.7000 1.338E-01
12.7167 1.341E-01
12.7333 1.343E-01
12.7500 1.345E-01
12.7667 1.348E-01
12.7833 1.350E-01
12.8000 1.352E-01
12.8167 1.353E-01
12.8333 1.355E-01
12.8500 1.357E-01
12.8667 1.358E-01
12.8833 1.360E-01
12.9000 1.361E-01
12.9167 1.362E-01
12.9333 1.363E-01
12.9500 1.364E-01
12.9667 1.365E-01
12.9833 1.366E-01
13.0000 1.367E-01
13.0167 1.367E-01
13.0333 1.368E-01
13.0500 1.368E-01
13.0667 1.369E-01
13.0833 1.369E-01
13.1000 1.369E-01
13.1167 1.369E-01
13.1333 1.369E-01
13.1500 1.368E-01
13.1667 1.368E-01
13.1833 1.368E-01
13.2000 1.367E-01
13.2167 1.366E-01
13.2333 1.366E-01
13.2500 1.365E-01
13.2667 1.364E-01
13.2833 1.363E-01
13.3000 1.362E-01
13.3167 1.360E-01
13.3333 1.359E-01
13.3500 1.357E-01
13.3667 1.356E-01
13.3833 1.354E-01
13.4000 1.352E-01
13.4167 1.350E-01
13.4333 1.348E-01
13.4500 1.346E-01
13.4667 1.344E-01
13.4833 1.342E-01
13.5000 1.339E-01
13.5167 1.337E-01
13.5333 1.334E-01
13.5500 1.332E-01
13.5667 1.329E-01
13.5833 1.326E-01
13.6000 1.323E-01
13.6167 1.320E-01
13.6333 1.317E-01
13.6500 1.313E-01
13.6667 1.310E-01
13.6833 1.307E-01
13.7000 1.303E-01
13.7167 1.299E-01
13.7333 1.296E-01
13.7500 1.292E-01
13.7667 1.288E-01
13.7833 1.284E-01
13.8000 1.280E-01
13.8167 1.275E-01
13.8333 1.271E-01
13.8500 1.267E-01
13.8667 1.262E-01
13.8833 1.258E-01
13.9000 1.253E-01
13.9167 1.248E-01
13.9333 1.243E-01
13.9500 1.239E-01
13.9667 1.234E-01
13.9833 1.228E-01
14.0000 1.223E-01
14.0167 1.218E-01
14.0333 1.213E-01
14.0500 1.207E-01
14.0667 1.202E-01
14.0833 1.196E-01
14.1000 1.191E-01
14.1167 1.185E-01
14.1333 1.179E-01
14.1500 1.173E-01
14.1667 1.168E-01
14.1833 1.162E-01
14.2000 1.155E-01
14.2167 1.149E-01
14.2333 1.143E-01
14.2500 1.137E-01
14.2667 1.131E-01
14.2833 1.124E-01
14.3000 1.118E-01
14.3167 1.111E-01
14.3333 1.105E-01
14.3500 1.098E-01
14.3667 1.091E-01
14.3833 1.084E-01
14.4000 1.078E-01
14.4167 1.071E-01
14.4333 1.064E-01
14.4500 1.057E-01
14.4667 1.050E-01
14.4833 1.043E-01
14.5000 1.036E-01
14.5167 1.028E-01
14.5333 1.021E-01
14.5500 1.014E-01
14.5667 1.007E-01
14.5833 9.992E-02
14.6000 9.918E-02
14.6167 9.843E-02
14.6333 9.768E-02
14.6500 9.693E-02
14.6667 9.617E-02
14.6833 9.541E-02
14.7000 9.464E-02
14.7167 9.388E-02
14.7333 9.310E-02
14.7500 9.233E-02
14.7667 9.155E-02
14.7833 9.077E-02
14.8000 8.999E-02
14.8167 8.920E-02
14.8333 8.841E-02
14.8500 8.762E-02
14.8667 8.683E-02
14.8833 8.603E-02
14.9000 8.524E-02
14.9167 8.444E-02
14.9333 8.363E-02
14.9500 8.283E-02
14.9667 8.203E-02
14.9833 8.122E-02
