11.0000 6.940E-02
11.0167 7.020E-02
11.0333 7.100E-02
11.0500 7.180E-02
11.0667 7.260E-02
11.0833 7.339E-02
11.1000 7.419E-02
11.1167 7.499E-02
11.1333 7.579E-02
11.1500 7.659E-02
11.1667 7.739E-02
11.1833 7.818E-02
11.2000 7.898E-02
11.2167 7.977E-02
11.2333 8.057E-02
11.2500 8.136E-02
11.2667 8.215E-02
11.2833 8.294E-02
11.3000 8.373E-02
11.3167 8.451E-02
11.3333 8.529E-02
11.3500 8.608E-02
11.3667 8.686E-02
11.3833 8.763E-02
11.4000 8.841E-02
11.4167 8.918E-02
11.4333 8.995E-02
11.4500 9.071E-02
11.4667 9.148E-02
11.4833 9.224E-02
11.5000 9.300E-02
11.5167 9.375E-02
11.5333 9.450E-02
11.5500 9.525E-02
11.5667 9.599E-02
11.5833 9.673E-02
11.6000 9.746E-02
11.6167 9.819E-02
11.6333 9.892E-02
11.6500 9.964E-02
11.6667 1.004E-01
11.6833 1.011E-01
11.7000 1.018E-01
11.7167 1.025E-01
11.7333 1.032E-01
11.7500 1.039E-01
11.7667 1.046E-01
11.7833 1.053E-01
11.8000 1.059E-01
11.8167 1.066E-01
11.8333 1.073E-01
11.8500 1.079E-01
11.8667 1.086E-01
11.8833 1.092E-01
11.9000 1.099E-01
11.9167 1.105E-01
11.9333 1.111E-01
11.9500 1.118E-01
11.9667 1.124E-01
11.9833 1.130E-01
12.0000 1.136E-01
12.0167 1.142E-01
12.0333 1.148E-01
12.0500 1.154E-01
12.0667 1.159E-01
12.0833 1.165E-01
12.1000 1.171E-01
12.1167 1.176E-01
12.1333 1.182E-01
12.1500 1.187E-01
12.1667 1.192E-01
12.1833 1.198E-01
12.2000 1.203E-01
12.2167 1.208E-01
12.2333 1.213E-01
12.2500 1.218E-01
12.2667 1.223E-01
12.2833 1.227E-01
12.3000 1.232E-01
12.3167 1.237E-01
12.3333 1.241E-01
12.3500 1.246E-01
12.3667 1.250E-01
12.3833 1.254E-01
12.4000 1.258E-01
12.4167 1.262E-01
12.4333 1.266E-01
12.4500 1.270E-01
12.4667 1.274E-01
12.4833 1.278E-01
12.5000 1.281E-01
12.5167 1.285E-01
12.5333 1.288E-01
12.5500 1.292E-01
12.5667 1.295E-01
12.5833 1.298E-01
12.6000 1.301E-01
12.6167 1.304E-01
12.6333 1.307E-01
12.6500 1.310E-01
12.6667 1.312E-01
12.6833 1.315E-01
12.7000 1.317E-01
12.7167 1.320E-01
12.7333 1.322E-01
12.7500 1.324E-01
12.7667 1.326E-01
12.7833 1.328E-01
12.8000 1.330E-01
12.8167 1.332E-01
12.8333 1.334E-01
12.8500 1.335E-01
12.8667 1.337E-01
12.8833 1.338E-01
12.9000 1.339E-01
12.9167 1.340E-01
12.9333 1.341E-01
12.9500 1.342E-01
12.9667 1.343E-01
12.9833 1.344E-01
13.0000 1.345E-01
13.0167 1.345E-01
13.0333 1.346E-01
13.0500 1.346E-01
13.0667 1.346E-01
13.0833 1.346E-01
13.1000 1.346E-01
13.1167 1.346E-01
13.1333 1.346E-01
13.1500 1.346E-01
13.1667 1.345E-01
13.1833 1.345E-01
13.2000 1.344E-01
13.2167 1.344E-01
13.2333 1.343E-01
13.2500 1.342E-01
13.2667 1.341E-01
13.2833 1.340E-01
13.3000 1.339E-01
13.3167 1.337E-01
13.3333 1.336E-01
13.3500 1.334E-01
13.3667 1.333E-01
13.3833 1.331E-01
13.4000 1.329E-01
13.4167 1.327E-01
13.4333 1.325E-01
13.4500 1.323E-01
13.4667 1.321E-01
13.4833 1.319E-01
13.5000 1.316E-01
13.5167 1.314E-01
13.5333 1.311E-01
13.5500 1.309E-01
13.5667 1.306E-01
13.5833 1.303E-01
13.6000 1.300E-01
13.6167 1.297E-01
13.6333 1.294E-01
13.6500 1.290E-01
13.6667 1.287E-01
13.6833 1.283E-01
13.7000 1.280E-01
13.7167 1.276E-01
13.7333 1.272E-01
13.7500 1.269E-01
13.7667 1.265E-01
13.7833 1.261E-01
13.8000 1.257E-01
13.8167 1.252E-01
13.8333 1.248E-01
13.8500 1.244E-01
13.8667 1.239E-01
13.8833 1.235E-01
13.9000 1.230E-01
13.9167 1.225E-01
13.9333 1.221E-01
13.9500 1.216E-01
13.9667 1.211E-01
13.9833 1.206E-01
14.0000 1.201E-01
14.0167 1.195E-01
14.0333 1.190E-01
14.0500 1.185E-01
14.0667 1.179E-01
14.0833 1.174E-01
14.1000 1.168E-01
14.1167 1.163E-01
14.1333 1.157E-01
14.1500 1.151E-01
14.1667 1.145E-01
14.1833 1.139E-01
14.2000 1.133E-01
14.2167 1.127E-01
14.2333 1.121E-01
14.2500 1.115E-01
14.2667 1.109E-01
14.2833 1.102E-01
14.3000 1.096E-01
14.3167 1.089E-01
14.3333 1.083E-01
14.3500 1.076E-01
14.3667 1.070E-01
14.3833 1.063E-01
14.4000 1.056E-01
14.4167 1.050E-01
14.4333 1.043E-01
14.4500 1.036E-01
14.4667 1.029E-01
14.4833 1.022E-01
14.5000 1.015E-01
14.5167 1.008E-01
14.5333 1.000E-01
14.5500 9.933E-02
14.5667 9.860E-02
14.5833 9.787E-02
14.6000 9.714E-02
14.6167 9.640E-02
14.6333 9.566E-02
14.6500 9.492E-02
14.6667 9.417E-02
14.6833 9.342E-02
14.7000 9.266E-02
14.7167 9.191E-02
14.7333 9.114E-02
14.7500 9.038E-02
14.7667 8.961E-02
14.7833 8.884E-02
14.8000 8.807E-02
14.8167 8.729E-02
14.8333 8.651E-02
14.8500 8.573E-02
14.8667 8.495E-02
14.8833 8.417E-02
14.9000 8.338E-02
14.9167 8.259E-02
14.9333 8.180E-02
14.9500 8.101E-02
14.9667 8.022E-02
14.9833 7.942E-02
