11.0000 8.392E-02
11.0167 8.484E-02
11.0333 8.577E-02
11.0500 8.670E-02
11.0667 8.762E-02
11.0833 8.855E-02
11.1000 8.948E-02
11.1167 9.040E-02
11.1333 9.132E-02
11.1500 9.225E-02
11.1667 9.317E-02
11.1833 9.409E-02
11.2000 9.501E-02
11.2167 9.592E-02
11.2333 9.684E-02
11.2500 9.775E-02
11.2667 9.866E-02
11.2833 9.957E-02
11.3000 1.005E-01
11.3167 1.014E-01
11.3333 1.023E-01
11.3500 1.032E-01
11.3667 1.041E-01
11.3833 1.050E-01
11.4000 1.059E-01
11.4167 1.067E-01
11.4333 1.076E-01
11.4500 1.085E-01
11.4667 1.094E-01
11.4833 1.102E-01
11.5000 1.111E-01
11.5167 1.120E-01
11.5333 1.128E-01
11.5500 1.137E-01
11.5667 1.145E-01
11.5833 1.154E-01
11.6000 1.162E-01
11.6167 1.170E-01
11.6333 1.179E-01
11.6500 1.187E-01
11.6667 1.195E-01
11.6833 1.203E-01
11.7000 1.211E-01
11.7167 1.219E-01
11.7333 1.227E-01
11.7500 1.235E-01
11.7667 1.243E-01
11.7833 1.251E-01
11.8000 1.258E-01
11.8167 1.266E-01
11.8333 1.274E-01
11.8500 1.281E-01
11.8667 1.288E-01
11.8833 1.296E-01
11.9000 1.303E-01
11.9167 1.310E-01
11.9333 1.317E-01
11.9500 1.324E-01
11.9667 1.331E-01
11.9833 1.338E-01
12.0000 1.345E-01
12.0167 1.352E-01
12.0333 1.358E-01
12.0500 1.365E-01
12.0667 1.371E-01
12.0833 1.378E-01
12.1000 1.384E-01
12.1167 1.390E-01
12.1333 1.396E-01
12.1500 1.402E-01
12.1667 1.408E-01
12.1833 1.414E-01
12.2000 1.420E-01
12.2167 1.426E-01
12.2333 1.431E-01
12.2500 1.437E-01
12.2667 1.442E-01
12.2833 1.447E-01
12.3000 1.452E-01
12.3167 1.458E-01
12.3333 1.462E-01
12.3500 1.467E-01
12.3667 1.472E-01
12.3833 1.477E-01
12.4000 1.481E-01
12.4167 1.486E-01
12.4333 1.490E-01
12.4500 1.495E-01
12.4667 1.499E-01
12.4833 1.503E-01
12.5000 1.507E-01
12.5167 1.511E-01
12.5333 1.514E-01
12.5500 1.518E-01
12.5667 1.521E-01
12.5833 1.525E-01
12.6000 1.528E-01
12.6167 1.531E-01
12.6333 1.534E-01
12.6500 1.537E-01
12.6667 1.540E-01
12.6833 1.543E-01
12.7000 1.546E-01
12.7167 1.548E-01
12.7333 1.550E-01
12.7500 1.553E-01
12.7667 1.555E-01
12.7833 1.557E-01
12.8000 1.559E-01
12.8167 1.561E-01
12.8333 1.562E-01
12.8500 1.564E-01
12.8667 1.565E-01
12.8833 1.567E-01
12.9000 1.568E-01
12.9167 1.569E-01
12.9333 1.570E-01
12.9500 1.571E-01
12.9667 1.572E-01
12.9833 1.572E-01
13.0000 1.573E-01
13.0167 1.573E-01
13.0333 1.574E-01
13.0500 1.574E-01
13.0667 1.574E-01
13.0833 1.574E-01
13.1000 1.574E-01
13.1167 1.573E-01
13.1333 1.573E-01
13.1500 1.573E-01
13.1667 1.572E-01
13.1833 1.571E-01
13.2000 1.570E-01
13.2167 1.569E-01
13.2333 1.568E-01
13.2500 1.567E-01
13.2667 1.565E-01
13.2833 1.564E-01
13.3000 1.562E-01
13.3167 1.561E-01
13.3333 1.559E-01
13.3500 1.557E-01
13.3667 1.555E-01
13.3833 1.553E-01
13.4000 1.550E-01
13.4167 1.548E-01
13.4333 1.546E-01
13.4500 1.543E-01
13.4667 1.540E-01
13.4833 1.537E-01
13.5000 1.534E-01
13.5167 1.531E-01
13.5333 1.528E-01
13.5500 1.525E-01
13.5667 1.521E-01
13.5833 1.518E-01
13.6000 1.514E-01
13.6167 1.511E-01
13.6333 1.507E-01
13.6500 1.503E-01
13.6667 1.499E-01
13.6833 1.495E-01
13.7000 1.490E-01
13.7167 1.486E-01
13.7333 1.481E-01
13.7500 1.477E-01
13.7667 1.472E-01
13.7833 1.467E-01
13.8000 1.463E-01
13.8167 1.458E-01
13.8333 1.453E-01
13.8500 1.447E-01
13.8667 1.442E-01
13.8833 1.437E-01
13.9000 1.431E-01
13.9167 1.426E-01
13.9333 1.420E-01
13.9500 1.414E-01
13.9667 1.408E-01
13.9833 1.402E-01
14.0000 1.396E-01
14.0167 1.390E-01
14.0333 1.384E-01
14.0500 1.378E-01
14.0667 1.371E-01
14.0833 1.365E-01
14.1000 1.358E-01
14.1167 1.352E-01
14.1333 1.345E-01
14.1500 1.338E-01
14.1667 1.331E-01
14.1833 1.324E-01
14.2000 1.317E-01
14.2167 1.310E-01
14.2333 1.303E-01
14.2500 1.296E-01
14.2667 1.289E-01
14.2833 1.281E-01
14.3000 1.274E-01
14.3167 1.266E-01
14.3333 1.258E-01
14.3500 1.251E-01
14.3667 1.243E-01
14.3833 1.235E-01
14.4000 1.227E-01
14.4167 1.219E-01
14.4333 1.211E-01
14.4500 1.203E-01
14.4667 1.195E-01
14.4833 1.187E-01
14.5000 1.179E-01
14.5167 1.171E-01
14.5333 1.162E-01
14.5500 1.154E-01
14.5667 1.145E-01
14.5833 1.137E-01
14.6000 1.128E-01
14.6167 1.120E-01
14.6333 1.111E-01
14.6500 1.103E-01
14.6667 1.094E-01
14.6833 1.085E-01
14.7000 1.076E-01
14.7167 1.068E-01
14.7333 1.059E-01
14.7500 1.050E-01
14.7667 1.041E-01
14.7833 1.032E-01
14.8000 1.023E-01
14.8167 1.014E-01
14.8333 1.005E-01
14.8500 9.959E-02
14.8667 9.868E-02
14.8833 9.777E-02
14.9000 9.686E-02
14.9167 9.594E-02
14.9333 9.502E-02
14.9500 9.411E-02
14.9667 9.319E-02
14.9833 9.226E-02
