11.0000 8.789E-02
11.0167 8.885E-02
11.0333 8.981E-02
11.0500 9.077E-02
11.0667 9.174E-02
11.0833 9.270E-02
11.1000 9.366E-02
11.1167 9.462E-02
11.1333 9.558E-02
11.1500 9.653E-02
11.1667 9.749E-02
11.1833 9.844E-02
11.2000 9.940E-02
11.2167 1.003E-01
11.2333 1.013E-01
11.2500 1.022E-01
11.2667 1.032E-01
11.2833 1.041E-01
11.3000 1.051E-01
11.3167 1.060E-01
11.3333 1.069E-01
11.3500 1.079E-01
11.3667 1.088E-01
11.3833 1.097E-01
11.4000 1.106E-01
11.4167 1.116E-01
11.4333 1.125E-01
11.4500 1.134E-01
11.4667 1.143E-01
11.4833 1.152E-01
11.5000 1.161E-01
11.5167 1.170E-01
11.5333 1.179E-01
11.5500 1.188E-01
11.5667 1.196E-01
11.5833 1.205E-01
11.6000 1.214E-01
11.6167 1.222E-01
11.6333 1.231E-01
11.6500 1.239E-01
11.6667 1.248E-01
11.6833 1.256E-01
11.7000 1.265E-01
11.7167 1.273E-01
11.7333 1.281E-01
11.7500 1.289E-01
11.7667 1.297E-01
11.7833 1.305E-01
11.8000 1.313E-01
11.8167 1.321E-01
11.8333 1.329E-01
11.8500 1.337E-01
11.8667 1.344E-01
11.8833 1.352E-01
11.9000 1.359E-01
11.9167 1.367E-01
11.9333 1.374E-01
11.9500 1.381E-01
11.9667 1.389E-01
11.9833 1.396E-01
12.0000 1.403E-01
12.0167 1.410E-01
12.0333 1.417E-01
12.0500 1.423E-01
12.0667 1.430E-01
12.0833 1.437E-01
12.1000 1.443E-01
12.1167 1.449E-01
12.1333 1.456E-01
12.1500 1.462E-01
12.1667 1.468E-01
12.1833 1.474E-01
12.2000 1.480E-01
12.2167 1.486E-01
12.2333 1.492E-01
12.2500 1.497E-01
12.2667 1.503E-01
12.2833 1.508E-01
12.3000 1.514E-01
12.3167 1.519E-01
12.3333 1.524E-01
12.3500 1.529E-01
12.3667 1.534E-01
12.3833 1.539E-01
12.4000 1.544E-01
12.4167 1.548E-01
12.4333 1.553E-01
12.4500 1.557E-01
12.4667 1.561E-01
12.4833 1.566E-01
12.5000 1.570E-01
12.5167 1.574E-01
12.5333 1.577E-01
12.5500 1.581E-01
12.5667 1.585E-01
12.5833 1.588E-01
12.6000 1.592E-01
12.6167 1.595E-01
12.6333 1.598E-01
12.6500 1.601E-01
12.6667 1.604E-01
12.6833 1.607E-01
12.7000 1.609E-01
12.7167 1.612E-01
12.7333 1.614E-01
12.7500 1.617E-01
12.7667 1.619E-01
12.7833 1.621E-01
12.8000 1.623E-01
12.8167 1.625E-01
12.8333 1.627E-01
12.8500 1.628E-01
12.8667 1.630E-01
12.8833 1.631E-01
12.9000 1.632E-01
12.9167 1.634E-01
12.9333 1.635E-01
12.9500 1.635E-01
12.9667 1.636E-01
12.9833 1.637E-01
13.0000 1.637E-01
13.0167 1.638E-01
13.0333 1.638E-01
13.0500 1.638E-01
13.0667 1.638E-01
13.0833 1.638E-01
13.1000 1.638E-01
13.1167 1.638E-01
13.1333 1.637E-01
13.1500 1.637E-01
13.1667 1.636E-01
13.1833 1.635E-01
13.2000 1.634E-01
13.2167 1.633E-01
13.2333 1.632E-01
13.2500 1.631E-01
13.2667 1.629E-01
13.2833 1.628E-01
13.3000 1.626E-01
13.3167 1.624E-01
13.3333 1.622E-01
13.3500 1.620E-01
13.3667 1.618E-01
13.3833 1.616E-01
13.4000 1.613E-01
13.4167 1.611E-01
13.4333 1.608E-01
13.4500 1.606E-01
13.4667 1.603E-01
13.4833 1.600E-01
13.5000 1.597E-01
13.5167 1.593E-01
13.5333 1.590E-01
13.5500 1.587E-01
13.5667 1.583E-01
13.5833 1.580E-01
13.6000 1.576E-01
13.6167 1.572E-01
13.6333 1.568E-01
13.6500 1.564E-01
13.6667 1.560E-01
13.6833 1.555E-01
13.7000 1.551E-01
13.7167 1.546E-01
13.7333 1.542E-01
13.7500 1.537E-01
13.7667 1.532E-01
13.7833 1.527E-01
13.8000 1.522E-01
13.8167 1.517E-01
13.8333 1.511E-01
13.8500 1.506E-01
13.8667 1.501E-01
13.8833 1.495E-01
13.9000 1.489E-01
13.9167 1.483E-01
13.9333 1.478E-01
13.9500 1.472E-01
13.9667 1.466E-01
13.9833 1.459E-01
14.0000 1.453E-01
14.0167 1.447E-01
14.0333 1.440E-01
14.0500 1.434E-01
14.0667 1.427E-01
14.0833 1.420E-01
14.1000 1.414E-01
14.1167 1.407E-01
14.1333 1.400E-01
14.1500 1.393E-01
14.1667 1.386E-01
14.1833 1.378E-01
14.2000 1.371E-01
14.2167 1.364E-01
14.2333 1.356E-01
14.2500 1.349E-01
14.2667 1.341E-01
14.2833 1.333E-01
14.3000 1.326E-01
14.3167 1.318E-01
14.3333 1.310E-01
14.3500 1.302E-01
14.3667 1.294E-01
14.3833 1.286E-01
14.4000 1.278E-01
14.4167 1.269E-01
14.4333 1.261E-01
14.4500 1.253E-01
14.4667 1.244E-01
14.4833 1.236E-01
14.5000 1.227E-01
14.5167 1.219E-01
14.5333 1.210E-01
14.5500 1.201E-01
14.5667 1.193E-01
14.5833 1.184E-01
14.6000 1.175E-01
14.6167 1.166E-01
14.6333 1.157E-01
14.6500 1.148E-01
14.6667 1.139E-01
14.6833 1.130E-01
14.7000 1.121E-01
14.7167 1.112E-01
14.7333 1.103E-01
14.7500 1.093E-01
14.7667 1.084E-01
14.7833 1.075E-01
14.8000 1.065E-01
14.8167 1.056E-01
14.8333 1.047E-01
14.8500 1.037E-01
14.8667 1.028E-01
14.8833 1.018E-01
14.9000 1.009E-01
14.9167 9.995E-02
14.9333 9.899E-02
14.9500 9.804E-02
14.9667 9.709E-02
14.9833 9.613E-02
