11.0000 8.521E-02
11.0167 8.616E-02
11.0333 8.710E-02
11.0500 8.804E-02
11.0667 8.899E-02
11.0833 8.993E-02
11.1000 9.087E-02
11.1167 9.181E-02
11.1333 9.275E-02
11.1500 9.369E-02
11.1667 9.463E-02
11.1833 9.557E-02
11.2000 9.651E-02
11.2167 9.744E-02
11.2333 9.837E-02
11.2500 9.930E-02
11.2667 1.002E-01
11.2833 1.012E-01
11.3000 1.021E-01
11.3167 1.030E-01
11.3333 1.039E-01
11.3500 1.048E-01
11.3667 1.057E-01
11.3833 1.067E-01
11.4000 1.076E-01
11.4167 1.085E-01
11.4333 1.094E-01
11.4500 1.103E-01
11.4667 1.111E-01
11.4833 1.120E-01
11.5000 1.129E-01
11.5167 1.138E-01
11.5333 1.147E-01
11.5500 1.155E-01
11.5667 1.164E-01
11.5833 1.173E-01
11.6000 1.181E-01
11.6167 1.190E-01
11.6333 1.198E-01
11.6500 1.207E-01
11.6667 1.215E-01
11.6833 1.223E-01
11.7000 1.231E-01
11.7167 1.240E-01
11.7333 1.248E-01
11.7500 1.256E-01
11.7667 1.264E-01
11.7833 1.272E-01
11.8000 1.279E-01
11.8167 1.287E-01
11.8333 1.295E-01
11.8500 1.303E-01
11.8667 1.310E-01
11.8833 1.318E-01
11.9000 1.325E-01
11.9167 1.332E-01
11.9333 1.340E-01
11.9500 1.347E-01
11.9667 1.354E-01
11.9833 1.361E-01
12.0000 1.368E-01
12.0167 1.375E-01
12.0333 1.382E-01
12.0500 1.388E-01
12.0667 1.395E-01
12.0833 1.401E-01
12.1000 1.408E-01
12.1167 1.414E-01
12.1333 1.420E-01
12.1500 1.427E-01
12.1667 1.433E-01
12.1833 1.439E-01
12.2000 1.445E-01
12.2167 1.450E-01
12.2333 1.456E-01
12.2500 1.462E-01
12.2667 1.467E-01
12.2833 1.473E-01
12.3000 1.478E-01
12.3167 1.483E-01
12.3333 1.488E-01
12.3500 1.493E-01
12.3667 1.498E-01
12.3833 1.503E-01
12.4000 1.508E-01
12.4167 1.512E-01
12.4333 1.517E-01
12.4500 1.521E-01
12.4667 1.525E-01
12.4833 1.530E-01
12.5000 1.534E-01
12.5167 1.538E-01
12.5333 1.541E-01
12.5500 1.545E-01
12.5667 1.549E-01
12.5833 1.552E-01
12.6000 1.556E-01
12.6167 1.559E-01
12.6333 1.562E-01
12.6500 1.565E-01
12.6667 1.568E-01
12.6833 1.571E-01
12.7000 1.574E-01
12.7167 1.576E-01
12.7333 1.579E-01
12.7500 1.581E-01
12.7667 1.583E-01
12.7833 1.586E-01
12.8000 1.588E-01
12.8167 1.590E-01
12.8333 1.591E-01
12.8500 1.593E-01
12.8667 1.595E-01
12.8833 1.596E-01
12.9000 1.597E-01
12.9167 1.598E-01
12.9333 1.600E-01
12.9500 1.600E-01
12.9667 1.601E-01
12.9833 1.602E-01
13.0000 1.603E-01
13.0167 1.603E-01
13.0333 1.603E-01
13.0500 1.604E-01
13.0667 1.604E-01
13.0833 1.604E-01
13.1000 1.604E-01
13.1167 1.603E-01
13.1333 1.603E-01
13.1500 1.603E-01
13.1667 1.602E-01
13.1833 1.601E-01
13.2000 1.600E-01
13.2167 1.599E-01
13.2333 1.598E-01
13.2500 1.597E-01
13.2667 1.596E-01
13.2833 1.594E-01
13.3000 1.593E-01
13.3167 1.591E-01
13.3333 1.589E-01
13.3500 1.587E-01
13.3667 1.585E-01
13.3833 1.583E-01
13.4000 1.581E-01
13.4167 1.579E-01
13.4333 1.576E-01
13.4500 1.573E-01
13.4667 1.571E-01
13.4833 1.568E-01
13.5000 1.565E-01
13.5167 1.562E-01
13.5333 1.559E-01
13.5500 1.555E-01
13.5667 1.552E-01
13.5833 1.548E-01
13.6000 1.545E-01
13.6167 1.541E-01
13.6333 1.537E-01
13.6500 1.533E-01
13.6667 1.529E-01
13.6833 1.525E-01
13.7000 1.521E-01
13.7167 1.516E-01
13.7333 1.512E-01
13.7500 1.507E-01
13.7667 1.503E-01
13.7833 1.498E-01
13.8000 1.493E-01
13.8167 1.488E-01
13.8333 1.483E-01
13.8500 1.477E-01
13.8667 1.472E-01
13.8833 1.467E-01
13.9000 1.461E-01
13.9167 1.456E-01
13.9333 1.450E-01
13.9500 1.444E-01
13.9667 1.438E-01
13.9833 1.432E-01
14.0000 1.426E-01
14.0167 1.420E-01
14.0333 1.414E-01
14.0500 1.407E-01
14.0667 1.401E-01
14.0833 1.394E-01
14.1000 1.388E-01
14.1167 1.381E-01
14.1333 1.374E-01
14.1500 1.367E-01
14.1667 1.360E-01
14.1833 1.353E-01
14.2000 1.346E-01
14.2167 1.339E-01
14.2333 1.332E-01
14.2500 1.324E-01
14.2667 1.317E-01
14.2833 1.309E-01
14.3000 1.302E-01
14.3167 1.294E-01
14.3333 1.286E-01
14.3500 1.279E-01
14.3667 1.271E-01
14.3833 1.263E-01
14.4000 1.255E-01
14.4167 1.247E-01
14.4333 1.239E-01
14.4500 1.231E-01
14.4667 1.222E-01
14.4833 1.214E-01
14.5000 1.206E-01
14.5167 1.197E-01
14.5333 1.189E-01
14.5500 1.180E-01
14.5667 1.172E-01
14.5833 1.163E-01
14.6000 1.155E-01
14.6167 1.146E-01
14.6333 1.137E-01
14.6500 1.128E-01
14.6667 1.120E-01
14.6833 1.111E-01
14.7000 1.102E-01
14.7167 1.093E-01
14.7333 1.084E-01
14.7500 1.075E-01
14.7667 1.066E-01
14.7833 1.057E-01
14.8000 1.047E-01
14.8167 1.038E-01
14.8333 1.029E-01
14.8500 1.020E-01
14.8667 1.011E-01
14.8833 1.001E-01
14.9000 9.922E-02
14.9167 9.829E-02
14.9333 9.735E-02
14.9500 9.642E-02
14.9667 9.548E-02
14.9833 9.455E-02
