11.0000 8.605E-02
11.0167 8.697E-02
11.0333 8.789E-02
11.0500 8.881E-02
11.0667 8.973E-02
11.0833 9.065E-02
11.1000 9.156E-02
11.1167 9.248E-02
11.1333 9.339E-02
11.1500 9.430E-02
11.1667 9.522E-02
11.1833 9.613E-02
11.2000 9.704E-02
11.2167 9.794E-02
11.2333 9.884E-02
11.2500 9.974E-02
11.2667 1.006E-01
11.2833 1.015E-01
11.3000 1.024E-01
11.3167 1.033E-01
11.3333 1.042E-01
11.3500 1.051E-01
11.3667 1.060E-01
11.3833 1.069E-01
11.4000 1.077E-01
11.4167 1.086E-01
11.4333 1.095E-01
11.4500 1.103E-01
11.4667 1.112E-01
11.4833 1.120E-01
11.5000 1.129E-01
11.5167 1.137E-01
11.5333 1.146E-01
11.5500 1.154E-01
11.5667 1.162E-01
11.5833 1.171E-01
11.6000 1.179E-01
11.6167 1.187E-01
11.6333 1.195E-01
11.6500 1.203E-01
11.6667 1.211E-01
11.6833 1.219E-01
11.7000 1.227E-01
11.7167 1.235E-01
11.7333 1.242E-01
11.7500 1.250E-01
11.7667 1.258E-01
11.7833 1.265E-01
11.8000 1.273E-01
11.8167 1.280E-01
11.8333 1.287E-01
11.8500 1.295E-01
11.8667 1.302E-01
11.8833 1.309E-01
11.9000 1.316E-01
11.9167 1.323E-01
11.9333 1.330E-01
11.9500 1.336E-01
11.9667 1.343E-01
11.9833 1.350E-01
12.0000 1.356E-01
12.0167 1.363E-01
12.0333 1.369E-01
12.0500 1.375E-01
12.0667 1.382E-01
12.0833 1.388E-01
12.1000 1.394E-01
12.1167 1.400E-01
12.1333 1.406E-01
12.1500 1.411E-01
12.1667 1.417E-01
12.1833 1.423E-01
12.2000 1.428E-01
12.2167 1.434E-01
12.2333 1.439E-01
12.2500 1.444E-01
12.2667 1.449E-01
12.2833 1.454E-01
12.3000 1.459E-01
12.3167 1.464E-01
12.3333 1.469E-01
12.3500 1.473E-01
12.3667 1.478E-01
12.3833 1.482E-01
12.4000 1.486E-01
12.4167 1.491E-01
12.4333 1.495E-01
12.4500 1.499E-01
12.4667 1.503E-01
12.4833 1.506E-01
12.5000 1.510E-01
12.5167 1.514E-01
12.5333 1.517E-01
12.5500 1.520E-01
12.5667 1.524E-01
12.5833 1.527E-01
12.6000 1.530E-01
12.6167 1.533E-01
12.6333 1.535E-01
12.6500 1.538E-01
12.6667 1.541E-01
12.6833 1.543E-01
12.7000 1.546E-01
12.7167 1.548E-01
12.7333 1.550E-01
12.7500 1.552E-01
12.7667 1.554E-01
12.7833 1.555E-01
12.8000 1.557E-01
12.8167 1.559E-01
12.8333 1.560E-01
12.8500 1.561E-01
12.8667 1.563E-01
12.8833 1.564E-01
12.9000 1.565E-01
12.9167 1.565E-01
12.9333 1.566E-01
12.9500 1.567E-01
12.9667 1.567E-01
12.9833 1.568E-01
13.0000 1.568E-01
13.0167 1.568E-01
13.0333 1.568E-01
13.0500 1.568E-01
13.0667 1.568E-01
13.0833 1.567E-01
13.1000 1.567E-01
13.1167 1.566E-01
13.1333 1.566E-01
13.1500 1.565E-01
13.1667 1.564E-01
13.1833 1.563E-01
13.2000 1.562E-01
13.2167 1.561E-01
13.2333 1.559E-01
13.2500 1.558E-01
13.2667 1.556E-01
13.2833 1.554E-01
13.3000 1.553E-01
13.3167 1.551E-01
13.3333 1.549E-01
13.3500 1.547E-01
13.3667 1.544E-01
13.3833 1.542E-01
13.4000 1.539E-01
13.4167 1.537E-01
13.4333 1.534E-01
13.4500 1.531E-01
13.4667 1.528E-01
13.4833 1.525E-01
13.5000 1.522E-01
13.5167 1.519E-01
13.5333 1.515E-01
13.5500 1.512E-01
13.5667 1.508E-01
13.5833 1.504E-01
13.6000 1.500E-01
13.6167 1.497E-01
13.6333 1.492E-01
13.6500 1.488E-01
13.6667 1.484E-01
13.6833 1.480E-01
13.7000 1.475E-01
13.7167 1.471E-01
13.7333 1.466E-01
13.7500 1.461E-01
13.7667 1.456E-01
13.7833 1.451E-01
13.8000 1.446E-01
13.8167 1.441E-01
13.8333 1.436E-01
13.8500 1.431E-01
13.8667 1.425E-01
13.8833 1.420E-01
13.9000 1.414E-01
13.9167 1.408E-01
13.9333 1.402E-01
13.9500 1.396E-01
13.9667 1.390E-01
13.9833 1.384E-01
14.0000 1.378E-01
14.0167 1.372E-01
14.0333 1.366E-01
14.0500 1.359E-01
14.0667 1.353E-01
14.0833 1.346E-01
14.1000 1.339E-01
14.1167 1.333E-01
14.1333 1.326E-01
14.1500 1.319E-01
14.1667 1.312E-01
14.1833 1.305E-01
14.2000 1.298E-01
14.2167 1.290E-01
14.2333 1.283E-01
14.2500 1.276E-01
14.2667 1.268E-01
14.2833 1.261E-01
14.3000 1.253E-01
14.3167 1.246E-01
14.3333 1.238E-01
14.3500 1.230E-01
14.3667 1.222E-01
14.3833 1.215E-01
14.4000 1.207E-01
14.4167 1.199E-01
14.4333 1.191E-01
14.4500 1.182E-01
14.4667 1.174E-01
14.4833 1.166E-01
14.5000 1.158E-01
14.5167 1.149E-01
14.5333 1.141E-01
14.5500 1.133E-01
14.5667 1.124E-01
14.5833 1.116E-01
14.6000 1.107E-01
14.6167 1.098E-01
14.6333 1.090E-01
14.6500 1.081E-01
14.6667 1.072E-01
14.6833 1.064E-01
14.7000 1.055E-01
14.7167 1.046E-01
14.7333 1.037E-01
14.7500 1.028E-01
14.7667 1.019E-01
14.7833 1.010E-01
14.8000 1.001E-01
14.8167 9.924E-02
14.8333 9.834E-02
14.8500 9.744E-02
14.8667 9.653E-02
14.8833 9.562E-02
14.9000 9.471E-02
14.9167 9.380E-02
14.9333 9.289E-02
14.9500 9.197E-02
14.9667 9.105E-02
14.9833 9.014E-02
