11.0000 8.553E-02
11.0167 8.648E-02
11.0333 8.742E-02
11.0500 8.837E-02
11.0667 8.931E-02
11.0833 9.026E-02
11.1000 9.120E-02
11.1167 9.214E-02
11.1333 9.308E-02
11.1500 9.402E-02
11.1667 9.496E-02
11.1833 9.590E-02
11.2000 9.684E-02
11.2167 9.777E-02
11.2333 9.870E-02
11.2500 9.963E-02
11.2667 1.006E-01
11.2833 1.015E-01
11.3000 1.024E-01
11.3167 1.033E-01
11.3333 1.043E-01
11.3500 1.052E-01
11.3667 1.061E-01
11.3833 1.070E-01
11.4000 1.079E-01
11.4167 1.088E-01
11.4333 1.097E-01
11.4500 1.106E-01
11.4667 1.115E-01
11.4833 1.124E-01
11.5000 1.133E-01
11.5167 1.141E-01
11.5333 1.150E-01
11.5500 1.159E-01
11.5667 1.167E-01
11.5833 1.176E-01
11.6000 1.185E-01
11.6167 1.193E-01
11.6333 1.201E-01
11.6500 1.210E-01
11.6667 1.218E-01
11.6833 1.226E-01
11.7000 1.235E-01
11.7167 1.243E-01
11.7333 1.251E-01
11.7500 1.259E-01
11.7667 1.267E-01
11.7833 1.275E-01
11.8000 1.283E-01
11.8167 1.290E-01
11.8333 1.298E-01
11.8500 1.306E-01
11.8667 1.313E-01
11.8833 1.321E-01
11.9000 1.328E-01
11.9167 1.336E-01
11.9333 1.343E-01
11.9500 1.350E-01
11.9667 1.357E-01
11.9833 1.364E-01
12.0000 1.371E-01
12.0167 1.378E-01
12.0333 1.385E-01
12.0500 1.391E-01
12.0667 1.398E-01
12.0833 1.404E-01
12.1000 1.411E-01
12.1167 1.417E-01
12.1333 1.423E-01
12.1500 1.430E-01
12.1667 1.436E-01
12.1833 1.442E-01
12.2000 1.448E-01
12.2167 1.453E-01
12.2333 1.459E-01
12.2500 1.465E-01
12.2667 1.470E-01
12.2833 1.475E-01
12.3000 1.481E-01
12.3167 1.486E-01
12.3333 1.491E-01
12.3500 1.496E-01
12.3667 1.501E-01
12.3833 1.506E-01
12.4000 1.510E-01
12.4167 1.515E-01
12.4333 1.519E-01
12.4500 1.524E-01
12.4667 1.528E-01
12.4833 1.532E-01
12.5000 1.536E-01
12.5167 1.540E-01
12.5333 1.544E-01
12.5500 1.548E-01
12.5667 1.551E-01
12.5833 1.555E-01
12.6000 1.558E-01
12.6167 1.561E-01
12.6333 1.565E-01
12.6500 1.568E-01
12.6667 1.571E-01
12.6833 1.573E-01
12.7000 1.576E-01
12.7167 1.579E-01
12.7333 1.581E-01
12.7500 1.583E-01
12.7667 1.586E-01
12.7833 1.588E-01
12.8000 1.590E-01
12.8167 1.592E-01
12.8333 1.593E-01
12.8500 1.595E-01
12.8667 1.597E-01
12.8833 1.598E-01
12.9000 1.599E-01
12.9167 1.600E-01
12.9333 1.602E-01
12.9500 1.602E-01
12.9667 1.603E-01
12.9833 1.604E-01
13.0000 1.605E-01
13.0167 1.605E-01
13.0333 1.605E-01
13.0500 1.606E-01
13.0667 1.606E-01
13.0833 1.606E-01
13.1000 1.605E-01
13.1167 1.605E-01
13.1333 1.605E-01
13.1500 1.604E-01
13.1667 1.604E-01
13.1833 1.603E-01
13.2000 1.602E-01
13.2167 1.601E-01
13.2333 1.600E-01
13.2500 1.599E-01
13.2667 1.597E-01
13.2833 1.596E-01
13.3000 1.594E-01
13.3167 1.593E-01
13.3333 1.591E-01
13.3500 1.589E-01
13.3667 1.587E-01
13.3833 1.585E-01
13.4000 1.582E-01
13.4167 1.580E-01
13.4333 1.577E-01
13.4500 1.575E-01
13.4667 1.572E-01
13.4833 1.569E-01
13.5000 1.566E-01
13.5167 1.563E-01
13.5333 1.560E-01
13.5500 1.556E-01
13.5667 1.553E-01
13.5833 1.549E-01
13.6000 1.546E-01
13.6167 1.542E-01
13.6333 1.538E-01
13.6500 1.534E-01
13.6667 1.530E-01
13.6833 1.526E-01
13.7000 1.521E-01
13.7167 1.517E-01
13.7333 1.513E-01
13.7500 1.508E-01
13.7667 1.503E-01
13.7833 1.498E-01
13.8000 1.493E-01
13.8167 1.488E-01
13.8333 1.483E-01
13.8500 1.478E-01
13.8667 1.473E-01
13.8833 1.467E-01
13.9000 1.462E-01
13.9167 1.456E-01
13.9333 1.450E-01
13.9500 1.444E-01
13.9667 1.438E-01
13.9833 1.432E-01
14.0000 1.426E-01
14.0167 1.420E-01
14.0333 1.414E-01
14.0500 1.407E-01
14.0667 1.401E-01
14.0833 1.394E-01
14.1000 1.388E-01
14.1167 1.381E-01
14.1333 1.374E-01
14.1500 1.367E-01
14.1667 1.360E-01
14.1833 1.353E-01
14.2000 1.346E-01
14.2167 1.339E-01
14.2333 1.332E-01
14.2500 1.324E-01
14.2667 1.317E-01
14.2833 1.309E-01
14.3000 1.302E-01
14.3167 1.294E-01
14.3333 1.286E-01
14.3500 1.278E-01
14.3667 1.271E-01
14.3833 1.263E-01
14.4000 1.255E-01
14.4167 1.247E-01
14.4333 1.238E-01
14.4500 1.230E-01
14.4667 1.222E-01
14.4833 1.214E-01
14.5000 1.205E-01
14.5167 1.197E-01
14.5333 1.188E-01
14.5500 1.180E-01
14.5667 1.171E-01
14.5833 1.163E-01
14.6000 1.154E-01
14.6167 1.145E-01
14.6333 1.137E-01
14.6500 1.128E-01
14.6667 1.119E-01
14.6833 1.110E-01
14.7000 1.101E-01
14.7167 1.092E-01
14.7333 1.083E-01
14.7500 1.074E-01
14.7667 1.065E-01
14.7833 1.056E-01
14.8000 1.047E-01
14.8167 1.038E-01
14.8333 1.028E-01
14.8500 1.019E-01
14.8667 1.010E-01
14.8833 1.001E-01
14.9000 9.913E-02
14.9167 9.820E-02
14.9333 9.727E-02
14.9500 9.633E-02
14.9667 9.539E-02
14.9833 9.446E-02
