11.0000 8.096E-02
11.0167 8.182E-02
11.0333 8.268E-02
11.0500 8.355E-02
11.0667 8.441E-02
11.0833 8.528E-02
11.1000 8.614E-02
11.1167 8.700E-02
11.1333 8.786E-02
11.1500 8.872E-02
11.1667 8.957E-02
11.1833 9.043E-02
11.2000 9.128E-02
11.2167 9.213E-02
11.2333 9.298E-02
11.2500 9.383E-02
11.2667 9.467E-02
11.2833 9.552E-02
11.3000 9.635E-02
11.3167 9.719E-02
11.3333 9.802E-02
11.3500 9.886E-02
11.3667 9.968E-02
11.3833 1.005E-01
11.4000 1.013E-01
11.4167 1.021E-01
11.4333 1.030E-01
11.4500 1.038E-01
11.4667 1.046E-01
11.4833 1.054E-01
11.5000 1.062E-01
11.5167 1.070E-01
11.5333 1.078E-01
11.5500 1.085E-01
11.5667 1.093E-01
11.5833 1.101E-01
11.6000 1.109E-01
11.6167 1.116E-01
11.6333 1.124E-01
11.6500 1.131E-01
11.6667 1.139E-01
11.6833 1.146E-01
11.7000 1.154E-01
11.7167 1.161E-01
11.7333 1.168E-01
11.7500 1.175E-01
11.7667 1.183E-01
11.7833 1.190E-01
11.8000 1.197E-01
11.8167 1.204E-01
11.8333 1.210E-01
11.8500 1.217E-01
11.8667 1.224E-01
11.8833 1.231E-01
11.9000 1.237E-01
11.9167 1.244E-01
11.9333 1.250E-01
11.9500 1.257E-01
11.9667 1.263E-01
11.9833 1.269E-01
12.0000 1.275E-01
12.0167 1.281E-01
12.0333 1.287E-01
12.0500 1.293E-01
12.0667 1.299E-01
12.0833 1.305E-01
12.1000 1.310E-01
12.1167 1.316E-01
12.1333 1.321E-01
12.1500 1.327E-01
12.1667 1.332E-01
12.1833 1.337E-01
12.2000 1.342E-01
12.2167 1.347E-01
12.2333 1.352E-01
12.2500 1.357E-01
12.2667 1.362E-01
12.2833 1.367E-01
12.3000 1.371E-01
12.3167 1.376E-01
12.3333 1.380E-01
12.3500 1.384E-01
12.3667 1.389E-01
12.3833 1.393E-01
12.4000 1.397E-01
12.4167 1.401E-01
12.4333 1.404E-01
12.4500 1.408E-01
12.4667 1.412E-01
12.4833 1.415E-01
12.5000 1.419E-01
12.5167 1.422E-01
12.5333 1.425E-01
12.5500 1.428E-01
12.5667 1.431E-01
12.5833 1.434E-01
12.6000 1.437E-01
12.6167 1.440E-01
12.6333 1.442E-01
12.6500 1.445E-01
12.6667 1.447E-01
12.6833 1.449E-01
12.7000 1.451E-01
12.7167 1.453E-01
12.7333 1.455E-01
12.7500 1.457E-01
12.7667 1.459E-01
12.7833 1.461E-01
12.8000 1.462E-01
12.8167 1.464E-01
12.8333 1.465E-01
12.8500 1.466E-01
12.8667 1.467E-01
12.8833 1.468E-01
12.9000 1.469E-01
12.9167 1.470E-01
12.9333 1.470E-01
12.9500 1.471E-01
12.9667 1.471E-01
12.9833 1.471E-01
13.0000 1.472E-01
13.0167 1.472E-01
13.0333 1.472E-01
13.0500 1.472E-01
13.0667 1.471E-01
13.0833 1.471E-01
13.1000 1.470E-01
13.1167 1.470E-01
13.1333 1.469E-01
13.1500 1.468E-01
13.1667 1.467E-01
13.1833 1.466E-01
13.2000 1.465E-01
13.2167 1.464E-01
13.2333 1.463E-01
13.2500 1.461E-01
13.2667 1.460E-01
13.2833 1.458E-01
13.3000 1.456E-01
13.3167 1.454E-01
13.3333 1.452E-01
13.3500 1.450E-01
13.3667 1.448E-01
13.3833 1.446E-01
13.4000 1.443E-01
13.4167 1.441E-01
13.4333 1.438E-01
13.4500 1.435E-01
13.4667 1.432E-01
13.4833 1.429E-01
13.5000 1.426E-01
13.5167 1.423E-01
13.5333 1.420E-01
13.5500 1.417E-01
13.5667 1.413E-01
13.5833 1.409E-01
13.6000 1.406E-01
13.6167 1.402E-01
13.6333 1.398E-01
13.6500 1.394E-01
13.6667 1.390E-01
13.6833 1.386E-01
13.7000 1.382E-01
13.7167 1.377E-01
13.7333 1.373E-01
13.7500 1.368E-01
13.7667 1.364E-01
13.7833 1.359E-01
13.8000 1.354E-01
13.8167 1.349E-01
13.8333 1.344E-01
13.8500 1.339E-01
13.8667 1.334E-01
13.8833 1.329E-01
13.9000 1.323E-01
13.9167 1.318E-01
13.9333 1.312E-01
13.9500 1.307E-01
13.9667 1.301E-01
13.9833 1.295E-01
14.0000 1.289E-01
14.0167 1.283E-01
14.0333 1.277E-01
14.0500 1.271E-01
14.0667 1.265E-01
14.0833 1.259E-01
14.1000 1.253E-01
14.1167 1.246E-01
14.1333 1.240E-01
14.1500 1.233E-01
14.1667 1.226E-01
14.1833 1.220E-01
14.2000 1.213E-01
14.2167 1.206E-01
14.2333 1.199E-01
14.2500 1.192E-01
14.2667 1.185E-01
14.2833 1.178E-01
14.3000 1.171E-01
14.3167 1.164E-01
14.3333 1.156E-01
14.3500 1.149E-01
14.3667 1.142E-01
14.3833 1.134E-01
14.4000 1.127E-01
14.4167 1.119E-01
14.4333 1.111E-01
14.4500 1.104E-01
14.4667 1.096E-01
14.4833 1.088E-01
14.5000 1.080E-01
14.5167 1.073E-01
14.5333 1.065E-01
14.5500 1.057E-01
14.5667 1.049E-01
14.5833 1.041E-01
14.6000 1.033E-01
14.6167 1.024E-01
14.6333 1.016E-01
14.6500 1.008E-01
14.6667 9.999E-02
14.6833 9.916E-02
14.7000 9.833E-02
14.7167 9.750E-02
14.7333 9.667E-02
14.7500 9.583E-02
14.7667 9.498E-02
14.7833 9.414E-02
14.8000 9.330E-02
14.8167 9.245E-02
14.8333 9.160E-02
14.8500 9.075E-02
14.8667 8.989E-02
14.8833 8.903E-02
14.9000 8.818E-02
14.9167 8.732E-02
14.9333 8.646E-02
14.9500 8.560E-02
14.9667 8.473E-02
14.9833 8.387E-02
