11.0000 8.817E-02
11.0167 8.914E-02
11.0333 9.012E-02
11.0500 9.109E-02
11.0667 9.207E-02
11.0833 9.305E-02
11.1000 9.402E-02
11.1167 9.500E-02
11.1333 9.597E-02
11.1500 9.694E-02
11.1667 9.791E-02
11.1833 9.888E-02
11.2000 9.985E-02
11.2167 1.008E-01
11.2333 1.018E-01
11.2500 1.027E-01
11.2667 1.037E-01
11.2833 1.047E-01
11.3000 1.056E-01
11.3167 1.066E-01
11.3333 1.075E-01
11.3500 1.085E-01
11.3667 1.094E-01
11.3833 1.104E-01
11.4000 1.113E-01
11.4167 1.122E-01
11.4333 1.132E-01
11.4500 1.141E-01
11.4667 1.150E-01
11.4833 1.159E-01
11.5000 1.168E-01
11.5167 1.178E-01
11.5333 1.187E-01
11.5500 1.196E-01
11.5667 1.205E-01
11.5833 1.213E-01
11.6000 1.222E-01
11.6167 1.231E-01
11.6333 1.240E-01
11.6500 1.249E-01
11.6667 1.257E-01
11.6833 1.266E-01
11.7000 1.274E-01
11.7167 1.283E-01
11.7333 1.291E-01
11.7500 1.299E-01
11.7667 1.308E-01
11.7833 1.316E-01
11.8000 1.324E-01
11.8167 1.332E-01
11.8333 1.340E-01
11.8500 1.348E-01
11.8667 1.356E-01
11.8833 1.364E-01
11.9000 1.371E-01
11.9167 1.379E-01
11.9333 1.386E-01
11.9500 1.394E-01
11.9667 1.401E-01
11.9833 1.409E-01
12.0000 1.416E-01
12.0167 1.423E-01
12.0333 1.430E-01
12.0500 1.437E-01
12.0667 1.444E-01
12.0833 1.451E-01
12.1000 1.457E-01
12.1167 1.464E-01
12.1333 1.470E-01
12.1500 1.477E-01
12.1667 1.483E-01
12.1833 1.489E-01
12.2000 1.495E-01
12.2167 1.501E-01
12.2333 1.507E-01
12.2500 1.513E-01
12.2667 1.519E-01
12.2833 1.525E-01
12.3000 1.530E-01
12.3167 1.535E-01
12.3333 1.541E-01
12.3500 1.546E-01
12.3667 1.551E-01
12.3833 1.556E-01
12.4000 1.561E-01
12.4167 1.566E-01
12.4333 1.570E-01
12.4500 1.575E-01
12.4667 1.580E-01
12.4833 1.584E-01
12.5000 1.588E-01
12.5167 1.592E-01
12.5333 1.596E-01
12.5500 1.600E-01
12.5667 1.604E-01
12.5833 1.608E-01
12.6000 1.611E-01
12.6167 1.615E-01
12.6333 1.618E-01
12.6500 1.621E-01
12.6667 1.624E-01
12.6833 1.627E-01
12.7000 1.630E-01
12.7167 1.633E-01
12.7333 1.635E-01
12.7500 1.638E-01
12.7667 1.640E-01
12.7833 1.643E-01
12.8000 1.645E-01
12.8167 1.647E-01
12.8333 1.649E-01
12.8500 1.650E-01
12.8667 1.652E-01
12.8833 1.654E-01
12.9000 1.655E-01
12.9167 1.656E-01
12.9333 1.657E-01
12.9500 1.658E-01
12.9667 1.659E-01
12.9833 1.660E-01
13.0000 1.661E-01
13.0167 1.661E-01
13.0333 1.662E-01
13.0500 1.662E-01
13.0667 1.662E-01
13.0833 1.662E-01
13.1000 1.662E-01
13.1167 1.662E-01
13.1333 1.662E-01
13.1500 1.661E-01
13.1667 1.661E-01
13.1833 1.660E-01
13.2000 1.659E-01
13.2167 1.658E-01
13.2333 1.657E-01
13.2500 1.656E-01
13.2667 1.655E-01
13.2833 1.653E-01
13.3000 1.652E-01
13.3167 1.650E-01
13.3333 1.648E-01
13.3500 1.646E-01
13.3667 1.644E-01
13.3833 1.642E-01
13.4000 1.640E-01
13.4167 1.637E-01
13.4333 1.635E-01
13.4500 1.632E-01
13.4667 1.630E-01
13.4833 1.627E-01
13.5000 1.624E-01
13.5167 1.621E-01
13.5333 1.617E-01
13.5500 1.614E-01
13.5667 1.610E-01
13.5833 1.607E-01
13.6000 1.603E-01
13.6167 1.599E-01
13.6333 1.595E-01
13.6500 1.591E-01
13.6667 1.587E-01
13.6833 1.583E-01
13.7000 1.579E-01
13.7167 1.574E-01
13.7333 1.570E-01
13.7500 1.565E-01
13.7667 1.560E-01
13.7833 1.555E-01
13.8000 1.550E-01
13.8167 1.545E-01
13.8333 1.540E-01
13.8500 1.534E-01
13.8667 1.529E-01
13.8833 1.523E-01
13.9000 1.518E-01
13.9167 1.512E-01
13.9333 1.506E-01
13.9500 1.500E-01
13.9667 1.494E-01
13.9833 1.488E-01
14.0000 1.482E-01
14.0167 1.475E-01
14.0333 1.469E-01
14.0500 1.462E-01
14.0667 1.456E-01
14.0833 1.449E-01
14.1000 1.442E-01
14.1167 1.435E-01
14.1333 1.429E-01
14.1500 1.421E-01
14.1667 1.414E-01
14.1833 1.407E-01
14.2000 1.400E-01
14.2167 1.392E-01
14.2333 1.385E-01
14.2500 1.377E-01
14.2667 1.370E-01
14.2833 1.362E-01
14.3000 1.354E-01
14.3167 1.346E-01
14.3333 1.338E-01
14.3500 1.330E-01
14.3667 1.322E-01
14.3833 1.314E-01
14.4000 1.306E-01
14.4167 1.298E-01
14.4333 1.289E-01
14.4500 1.281E-01
14.4667 1.273E-01
14.4833 1.264E-01
14.5000 1.255E-01
14.5167 1.247E-01
14.5333 1.238E-01
14.5500 1.229E-01
14.5667 1.221E-01
14.5833 1.212E-01
14.6000 1.203E-01
14.6167 1.194E-01
14.6333 1.185E-01
14.6500 1.176E-01
14.6667 1.167E-01
14.6833 1.157E-01
14.7000 1.148E-01
14.7167 1.139E-01
14.7333 1.130E-01
14.7500 1.120E-01
14.7667 1.111E-01
14.7833 1.102E-01
14.8000 1.092E-01
14.8167 1.083E-01
14.8333 1.073E-01
14.8500 1.064E-01
14.8667 1.054E-01
14.8833 1.045E-01
14.9000 1.035E-01
14.9167 1.026E-01
14.9333 1.016E-01
14.9500 1.006E-01
14.9667 9.966E-02
14.9833 9.869E-02
