11.0000 7.946E-02
11.0167 8.033E-02
11.0333 8.121E-02
11.0500 8.209E-02
11.0667 8.296E-02
11.0833 8.384E-02
11.1000 8.472E-02
11.1167 8.559E-02
11.1333 8.646E-02
11.1500 8.734E-02
11.1667 8.821E-02
11.1833 8.908E-02
11.2000 8.995E-02
11.2167 9.082E-02
11.2333 9.168E-02
11.2500 9.255E-02
11.2667 9.341E-02
11.2833 9.427E-02
11.3000 9.512E-02
11.3167 9.598E-02
11.3333 9.683E-02
11.3500 9.768E-02
11.3667 9.853E-02
11.3833 9.937E-02
11.4000 1.002E-01
11.4167 1.010E-01
11.4333 1.019E-01
11.4500 1.027E-01
11.4667 1.035E-01
11.4833 1.044E-01
11.5000 1.052E-01
11.5167 1.060E-01
11.5333 1.068E-01
11.5500 1.076E-01
11.5667 1.084E-01
11.5833 1.092E-01
11.6000 1.100E-01
11.6167 1.108E-01
11.6333 1.116E-01
11.6500 1.123E-01
11.6667 1.131E-01
11.6833 1.139E-01
11.7000 1.146E-01
11.7167 1.154E-01
11.7333 1.162E-01
11.7500 1.169E-01
11.7667 1.176E-01
11.7833 1.184E-01
11.8000 1.191E-01
11.8167 1.198E-01
11.8333 1.205E-01
11.8500 1.212E-01
11.8667 1.219E-01
11.8833 1.226E-01
11.9000 1.233E-01
11.9167 1.240E-01
11.9333 1.246E-01
11.9500 1.253E-01
11.9667 1.260E-01
11.9833 1.266E-01
12.0000 1.273E-01
12.0167 1.279E-01
12.0333 1.285E-01
12.0500 1.291E-01
12.0667 1.297E-01
12.0833 1.303E-01
12.1000 1.309E-01
12.1167 1.315E-01
12.1333 1.321E-01
12.1500 1.327E-01
12.1667 1.332E-01
12.1833 1.338E-01
12.2000 1.343E-01
12.2167 1.348E-01
12.2333 1.354E-01
12.2500 1.359E-01
12.2667 1.364E-01
12.2833 1.369E-01
12.3000 1.374E-01
12.3167 1.378E-01
12.3333 1.383E-01
12.3500 1.388E-01
12.3667 1.392E-01
12.3833 1.396E-01
12.4000 1.401E-01
12.4167 1.405E-01
12.4333 1.409E-01
12.4500 1.413E-01
12.4667 1.417E-01
12.4833 1.421E-01
12.5000 1.424E-01
12.5167 1.428E-01
12.5333 1.431E-01
12.5500 1.435E-01
12.5667 1.438E-01
12.5833 1.441E-01
12.6000 1.444E-01
12.6167 1.447E-01
12.6333 1.450E-01
12.6500 1.453E-01
12.6667 1.456E-01
12.6833 1.458E-01
12.7000 1.461E-01
12.7167 1.463E-01
12.7333 1.465E-01
12.7500 1.467E-01
12.7667 1.469E-01
12.7833 1.471E-01
12.8000 1.473E-01
12.8167 1.474E-01
12.8333 1.476E-01
12.8500 1.477E-01
12.8667 1.479E-01
12.8833 1.480E-01
12.9000 1.481E-01
12.9167 1.482E-01
12.9333 1.483E-01
12.9500 1.484E-01
12.9667 1.484E-01
12.9833 1.485E-01
13.0000 1.485E-01
13.0167 1.486E-01
13.0333 1.486E-01
13.0500 1.486E-01
13.0667 1.486E-01
13.0833 1.486E-01
13.1000 1.486E-01
13.1167 1.485E-01
13.1333 1.485E-01
13.1500 1.484E-01
13.1667 1.483E-01
13.1833 1.483E-01
13.2000 1.482E-01
13.2167 1.481E-01
13.2333 1.480E-01
13.2500 1.478E-01
13.2667 1.477E-01
13.2833 1.476E-01
13.3000 1.474E-01
13.3167 1.472E-01
13.3333 1.470E-01
13.3500 1.469E-01
13.3667 1.466E-01
13.3833 1.464E-01
13.4000 1.462E-01
13.4167 1.460E-01
13.4333 1.457E-01
13.4500 1.455E-01
13.4667 1.452E-01
13.4833 1.449E-01
13.5000 1.446E-01
13.5167 1.443E-01
13.5333 1.440E-01
13.5500 1.437E-01
13.5667 1.434E-01
13.5833 1.430E-01
13.6000 1.427E-01
13.6167 1.423E-01
13.6333 1.420E-01
13.6500 1.416E-01
13.6667 1.412E-01
13.6833 1.408E-01
13.7000 1.404E-01
13.7167 1.400E-01
13.7333 1.395E-01
13.7500 1.391E-01
13.7667 1.386E-01
13.7833 1.382E-01
13.8000 1.377E-01
13.8167 1.372E-01
13.8333 1.367E-01
13.8500 1.362E-01
13.8667 1.357E-01
13.8833 1.352E-01
13.9000 1.347E-01
13.9167 1.341E-01
13.9333 1.336E-01
13.9500 1.330E-01
13.9667 1.325E-01
13.9833 1.319E-01
14.0000 1.313E-01
14.0167 1.308E-01
14.0333 1.302E-01
14.0500 1.296E-01
14.0667 1.289E-01
14.0833 1.283E-01
14.1000 1.277E-01
14.1167 1.271E-01
14.1333 1.264E-01
14.1500 1.258E-01
14.1667 1.251E-01
14.1833 1.244E-01
14.2000 1.238E-01
14.2167 1.231E-01
14.2333 1.224E-01
14.2500 1.217E-01
14.2667 1.210E-01
14.2833 1.203E-01
14.3000 1.196E-01
14.3167 1.189E-01
14.3333 1.181E-01
14.3500 1.174E-01
14.3667 1.167E-01
14.3833 1.159E-01
14.4000 1.152E-01
14.4167 1.144E-01
14.4333 1.137E-01
14.4500 1.129E-01
14.4667 1.121E-01
14.4833 1.113E-01
14.5000 1.106E-01
14.5167 1.098E-01
14.5333 1.090E-01
14.5500 1.082E-01
14.5667 1.074E-01
14.5833 1.066E-01
14.6000 1.058E-01
14.6167 1.049E-01
14.6333 1.041E-01
14.6500 1.033E-01
14.6667 1.025E-01
14.6833 1.016E-01
14.7000 1.008E-01
14.7167 9.996E-02
14.7333 9.912E-02
14.7500 9.828E-02
14.7667 9.743E-02
14.7833 9.658E-02
14.8000 9.573E-02
14.8167 9.487E-02
14.8333 9.401E-02
14.8500 9.315E-02
14.8667 9.229E-02
14.8833 9.142E-02
14.9000 9.056E-02
14.9167 8.969E-02
14.9333 8.882E-02
14.9500 8.795E-02
14.9667 8.708E-02
14.9833 8.621E-02
