11.0000 6.548E-02
11.0167 6.625E-02
11.0333 6.701E-02
11.0500 6.778E-02
11.0667 6.854E-02
11.0833 6.931E-02
11.1000 7.007E-02
11.1167 7.084E-02
11.1333 7.161E-02
11.1500 7.237E-02
11.1667 7.314E-02
11.1833 7.390E-02
11.2000 7.466E-02
11.2167 7.543E-02
11.2333 7.619E-02
11.2500 7.695E-02
11.2667 7.771E-02
11.2833 7.847E-02
11.3000 7.922E-02
11.3167 7.998E-02
11.3333 8.073E-02
11.3500 8.148E-02
11.3667 8.223E-02
11.3833 8.298E-02
11.4000 8.373E-02
11.4167 8.447E-02
11.4333 8.521E-02
11.4500 8.595E-02
11.4667 8.668E-02
11.4833 8.742E-02
11.5000 8.815E-02
11.5167 8.887E-02
11.5333 8.959E-02
11.5500 9.031E-02
11.5667 9.103E-02
11.5833 9.174E-02
11.6000 9.245E-02
11.6167 9.316E-02
11.6333 9.386E-02
11.6500 9.456E-02
11.6667 9.525E-02
11.6833 9.594E-02
11.7000 9.663E-02
11.7167 9.731E-02
11.7333 9.798E-02
11.7500 9.865E-02
11.7667 9.932E-02
11.7833 9.998E-02
11.8000 1.006E-01
11.8167 1.013E-01
11.8333 1.019E-01
11.8500 1.026E-01
11.8667 1.032E-01
11.8833 1.038E-01
11.9000 1.045E-01
11.9167 1.051E-01
11.9333 1.057E-01
11.9500 1.063E-01
11.9667 1.069E-01
11.9833 1.075E-01
12.0000 1.081E-01
12.0167 1.087E-01
12.0333 1.092E-01
12.0500 1.098E-01
12.0667 1.104E-01
12.0833 1.109E-01
12.1000 1.115E-01
12.1167 1.120E-01
12.1333 1.125E-01
12.1500 1.131E-01
12.1667 1.136E-01
12.1833 1.141E-01
12.2000 1.146E-01
12.2167 1.151E-01
12.2333 1.156E-01
12.2500 1.161E-01
12.2667 1.165E-01
12.2833 1.170E-01
12.3000 1.174E-01
12.3167 1.179E-01
12.3333 1.183E-01
12.3500 1.188E-01
12.3667 1.192E-01
12.3833 1.196E-01
12.4000 1.200E-01
12.4167 1.204E-01
12.4333 1.208E-01
12.4500 1.212E-01
12.4667 1.216E-01
12.4833 1.219E-01
12.5000 1.223E-01
12.5167 1.226E-01
12.5333 1.230E-01
12.5500 1.233E-01
12.5667 1.236E-01
12.5833 1.239E-01
12.6000 1.242E-01
12.6167 1.245E-01
12.6333 1.248E-01
12.6500 1.251E-01
12.6667 1.254E-01
12.6833 1.256E-01
12.7000 1.259E-01
12.7167 1.261E-01
12.7333 1.263E-01
12.7500 1.265E-01
12.7667 1.268E-01
12.7833 1.270E-01
12.8000 1.271E-01
12.8167 1.273E-01
12.8333 1.275E-01
12.8500 1.277E-01
12.8667 1.278E-01
12.8833 1.279E-01
12.9000 1.281E-01
12.9167 1.282E-01
12.9333 1.283E-01
12.9500 1.284E-01
12.9667 1.285E-01
12.9833 1.286E-01
13.0000 1.287E-01
13.0167 1.287E-01
13.0333 1.288E-01
13.0500 1.288E-01
13.0667 1.289E-01
13.0833 1.289E-01
13.1000 1.289E-01
13.1167 1.289E-01
13.1333 1.289E-01
13.1500 1.289E-01
13.1667 1.288E-01
13.1833 1.288E-01
13.2000 1.288E-01
13.2167 1.287E-01
13.2333 1.286E-01
13.2500 1.286E-01
13.2667 1.285E-01
13.2833 1.284E-01
13.3000 1.283E-01
13.3167 1.282E-01
13.3333 1.280E-01
13.3500 1.279E-01
13.3667 1.278E-01
13.3833 1.276E-01
13.4000 1.274E-01
13.4167 1.273E-01
13.4333 1.271E-01
13.4500 1.269E-01
13.4667 1.267E-01
13.4833 1.265E-01
13.5000 1.262E-01
13.5167 1.260E-01
13.5333 1.258E-01
13.5500 1.255E-01
13.5667 1.253E-01
13.5833 1.250E-01
13.6000 1.247E-01
13.6167 1.244E-01
13.6333 1.241E-01
13.6500 1.238E-01
13.6667 1.235E-01
13.6833 1.232E-01
13.7000 1.229E-01
13.7167 1.225E-01
13.7333 1.222E-01
13.7500 1.218E-01
13.7667 1.214E-01
13.7833 1.211E-01
13.8000 1.207E-01
13.8167 1.203E-01
13.8333 1.199E-01
13.8500 1.195E-01
13.8667 1.191E-01
13.8833 1.186E-01
13.9000 1.182E-01
13.9167 1.177E-01
13.9333 1.173E-01
13.9500 1.168E-01
13.9667 1.164E-01
13.9833 1.159E-01
14.0000 1.154E-01
14.0167 1.149E-01
14.0333 1.144E-01
14.0500 1.139E-01
14.0667 1.134E-01
14.0833 1.129E-01
14.1000 1.123E-01
14.1167 1.118E-01
14.1333 1.113E-01
14.1500 1.107E-01
14.1667 1.102E-01
14.1833 1.096E-01
14.2000 1.090E-01
14.2167 1.085E-01
14.2333 1.079E-01
14.2500 1.073E-01
14.2667 1.067E-01
14.2833 1.061E-01
14.3000 1.055E-01
14.3167 1.049E-01
14.3333 1.042E-01
14.3500 1.036E-01
14.3667 1.030E-01
14.3833 1.024E-01
14.4000 1.017E-01
14.4167 1.011E-01
14.4333 1.004E-01
14.4500 9.976E-02
14.4667 9.909E-02
14.4833 9.843E-02
14.5000 9.775E-02
14.5167 9.708E-02
14.5333 9.639E-02
14.5500 9.571E-02
14.5667 9.502E-02
14.5833 9.432E-02
14.6000 9.362E-02
14.6167 9.292E-02
14.6333 9.221E-02
14.6500 9.150E-02
14.6667 9.079E-02
14.6833 9.007E-02
14.7000 8.935E-02
14.7167 8.863E-02
14.7333 8.790E-02
14.7500 8.717E-02
14.7667 8.644E-02
14.7833 8.570E-02
14.8000 8.496E-02
14.8167 8.422E-02
14.8333 8.347E-02
14.8500 8.273E-02
14.8667 8.198E-02
14.8833 8.123E-02
14.9000 8.048E-02
14.9167 7.972E-02
14.9333 7.897E-02
14.9500 7.821E-02
14.9667 7.745E-02
14.9833 7.669E-02
