11.0000 6.960E-02
11.0167 7.041E-02
11.0333 7.121E-02
11.0500 7.201E-02
11.0667 7.281E-02
11.0833 7.361E-02
11.1000 7.441E-02
11.1167 7.521E-02
11.1333 7.601E-02
11.1500 7.681E-02
11.1667 7.761E-02
11.1833 7.841E-02
11.2000 7.921E-02
11.2167 8.001E-02
11.2333 8.081E-02
11.2500 8.160E-02
11.2667 8.240E-02
11.2833 8.319E-02
11.3000 8.399E-02
11.3167 8.478E-02
11.3333 8.556E-02
11.3500 8.635E-02
11.3667 8.714E-02
11.3833 8.792E-02
11.4000 8.870E-02
11.4167 8.948E-02
11.4333 9.026E-02
11.4500 9.103E-02
11.4667 9.180E-02
11.4833 9.257E-02
11.5000 9.334E-02
11.5167 9.410E-02
11.5333 9.486E-02
11.5500 9.561E-02
11.5667 9.637E-02
11.5833 9.712E-02
11.6000 9.787E-02
11.6167 9.861E-02
11.6333 9.934E-02
11.6500 1.001E-01
11.6667 1.008E-01
11.6833 1.015E-01
11.7000 1.023E-01
11.7167 1.030E-01
11.7333 1.037E-01
11.7500 1.044E-01
11.7667 1.051E-01
11.7833 1.058E-01
11.8000 1.065E-01
11.8167 1.072E-01
11.8333 1.078E-01
11.8500 1.085E-01
11.8667 1.092E-01
11.8833 1.099E-01
11.9000 1.105E-01
11.9167 1.112E-01
11.9333 1.118E-01
11.9500 1.125E-01
11.9667 1.131E-01
11.9833 1.137E-01
12.0000 1.144E-01
12.0167 1.150E-01
12.0333 1.156E-01
12.0500 1.162E-01
12.0667 1.168E-01
12.0833 1.174E-01
12.1000 1.180E-01
12.1167 1.185E-01
12.1333 1.191E-01
12.1500 1.197E-01
12.1667 1.202E-01
12.1833 1.208E-01
12.2000 1.213E-01
12.2167 1.218E-01
12.2333 1.224E-01
12.2500 1.229E-01
12.2667 1.234E-01
12.2833 1.239E-01
12.3000 1.244E-01
12.3167 1.249E-01
12.3333 1.253E-01
12.3500 1.258E-01
12.3667 1.263E-01
12.3833 1.267E-01
12.4000 1.272E-01
12.4167 1.276E-01
12.4333 1.280E-01
12.4500 1.284E-01
12.4667 1.288E-01
12.4833 1.293E-01
12.5000 1.296E-01
12.5167 1.300E-01
12.5333 1.304E-01
12.5500 1.308E-01
12.5667 1.311E-01
12.5833 1.315E-01
12.6000 1.318E-01
12.6167 1.321E-01
12.6333 1.324E-01
12.6500 1.328E-01
12.6667 1.331E-01
12.6833 1.334E-01
12.7000 1.336E-01
12.7167 1.339E-01
12.7333 1.342E-01
12.7500 1.344E-01
12.7667 1.347E-01
12.7833 1.349E-01
12.8000 1.351E-01
12.8167 1.353E-01
12.8333 1.355E-01
12.8500 1.357E-01
12.8667 1.359E-01
12.8833 1.361E-01
12.9000 1.363E-01
12.9167 1.364E-01
12.9333 1.366E-01
12.9500 1.367E-01
12.9667 1.367E-01
12.9833 1.369E-01
13.0000 1.370E-01
13.0167 1.371E-01
13.0333 1.372E-01
13.0500 1.372E-01
13.0667 1.373E-01
13.0833 1.374E-01
13.1000 1.374E-01
13.1167 1.374E-01
13.1333 1.375E-01
13.1500 1.375E-01
13.1667 1.375E-01
13.1833 1.375E-01
13.2000 1.375E-01
13.2167 1.374E-01
13.2333 1.374E-01
13.2500 1.374E-01
13.2667 1.373E-01
13.2833 1.372E-01
13.3000 1.372E-01
13.3167 1.371E-01
13.3333 1.370E-01
13.3500 1.369E-01
13.3667 1.367E-01
13.3833 1.366E-01
13.4000 1.365E-01
13.4167 1.364E-01
13.4333 1.362E-01
13.4500 1.360E-01
13.4667 1.359E-01
13.4833 1.357E-01
13.5000 1.355E-01
13.5167 1.353E-01
13.5333 1.350E-01
13.5500 1.348E-01
13.5667 1.346E-01
13.5833 1.343E-01
13.6000 1.341E-01
13.6167 1.338E-01
13.6333 1.335E-01
13.6500 1.332E-01
13.6667 1.330E-01
13.6833 1.326E-01
13.7000 1.323E-01
13.7167 1.320E-01
13.7333 1.317E-01
13.7500 1.313E-01
13.7667 1.310E-01
13.7833 1.306E-01
13.8000 1.303E-01
13.8167 1.299E-01
13.8333 1.295E-01
13.8500 1.291E-01
13.8667 1.287E-01
13.8833 1.283E-01
13.9000 1.278E-01
13.9167 1.274E-01
13.9333 1.270E-01
13.9500 1.265E-01
13.9667 1.261E-01
13.9833 1.256E-01
14.0000 1.252E-01
14.0167 1.247E-01
14.0333 1.242E-01
14.0500 1.237E-01
14.0667 1.232E-01
14.0833 1.227E-01
14.1000 1.222E-01
14.1167 1.216E-01
14.1333 1.211E-01
14.1500 1.206E-01
14.1667 1.200E-01
14.1833 1.194E-01
14.2000 1.189E-01
14.2167 1.183E-01
14.2333 1.177E-01
14.2500 1.171E-01
14.2667 1.166E-01
14.2833 1.159E-01
14.3000 1.153E-01
14.3167 1.147E-01
14.3333 1.141E-01
14.3500 1.135E-01
14.3667 1.129E-01
14.3833 1.122E-01
14.4000 1.116E-01
14.4167 1.109E-01
14.4333 1.103E-01
14.4500 1.096E-01
14.4667 1.089E-01
14.4833 1.083E-01
14.5000 1.076E-01
14.5167 1.069E-01
14.5333 1.062E-01
14.5500 1.055E-01
14.5667 1.048E-01
14.5833 1.041E-01
14.6000 1.034E-01
14.6167 1.027E-01
14.6333 1.020E-01
14.6500 1.012E-01
14.6667 1.005E-01
14.6833 9.979E-02
14.7000 9.905E-02
14.7167 9.831E-02
14.7333 9.757E-02
14.7500 9.682E-02
14.7667 9.608E-02
14.7833 9.532E-02
14.8000 9.456E-02
14.8167 9.380E-02
14.8333 9.303E-02
14.8500 9.227E-02
14.8667 9.150E-02
14.8833 9.073E-02
14.9000 8.995E-02
14.9167 8.917E-02
14.9333 8.839E-02
14.9500 8.761E-02
14.9667 8.683E-02
14.9833 8.604E-02
