11.0000 5.883E-02
11.0167 5.953E-02
11.0333 6.023E-02
11.0500 6.093E-02
11.0667 6.163E-02
11.0833 6.232E-02
11.1000 6.302E-02
11.1167 6.372E-02
11.1333 6.442E-02
11.1500 6.512E-02
11.1667 6.582E-02
11.1833 6.652E-02
11.2000 6.721E-02
11.2167 6.791E-02
11.2333 6.861E-02
11.2500 6.930E-02
11.2667 7.000E-02
11.2833 7.069E-02
11.3000 7.139E-02
11.3167 7.208E-02
11.3333 7.277E-02
11.3500 7.345E-02
11.3667 7.414E-02
11.3833 7.482E-02
11.4000 7.551E-02
11.4167 7.619E-02
11.4333 7.687E-02
11.4500 7.754E-02
11.4667 7.822E-02
11.4833 7.889E-02
11.5000 7.956E-02
11.5167 8.022E-02
11.5333 8.089E-02
11.5500 8.155E-02
11.5667 8.221E-02
11.5833 8.286E-02
11.6000 8.351E-02
11.6167 8.416E-02
11.6333 8.480E-02
11.6500 8.544E-02
11.6667 8.608E-02
11.6833 8.671E-02
11.7000 8.734E-02
11.7167 8.797E-02
11.7333 8.859E-02
11.7500 8.921E-02
11.7667 8.982E-02
11.7833 9.043E-02
11.8000 9.103E-02
11.8167 9.163E-02
11.8333 9.222E-02
11.8500 9.281E-02
11.8667 9.340E-02
11.8833 9.398E-02
11.9000 9.455E-02
11.9167 9.512E-02
11.9333 9.568E-02
11.9500 9.624E-02
11.9667 9.679E-02
11.9833 9.734E-02
12.0000 9.788E-02
12.0167 9.841E-02
12.0333 9.894E-02
12.0500 9.947E-02
12.0667 9.998E-02
12.0833 1.005E-01
12.1000 1.010E-01
12.1167 1.015E-01
12.1333 1.020E-01
12.1500 1.025E-01
12.1667 1.030E-01
12.1833 1.034E-01
12.2000 1.039E-01
12.2167 1.043E-01
12.2333 1.048E-01
12.2500 1.052E-01
12.2667 1.057E-01
12.2833 1.061E-01
12.3000 1.065E-01
12.3167 1.069E-01
12.3333 1.074E-01
12.3500 1.078E-01
12.3667 1.082E-01
12.3833 1.085E-01
12.4000 1.089E-01
12.4167 1.093E-01
12.4333 1.096E-01
12.4500 1.100E-01
12.4667 1.103E-01
12.4833 1.107E-01
12.5000 1.110E-01
12.5167 1.113E-01
12.5333 1.117E-01
12.5500 1.120E-01
12.5667 1.123E-01
12.5833 1.125E-01
12.6000 1.128E-01
12.6167 1.131E-01
12.6333 1.134E-01
12.6500 1.136E-01
12.6667 1.139E-01
12.6833 1.141E-01
12.7000 1.143E-01
12.7167 1.146E-01
12.7333 1.148E-01
12.7500 1.150E-01
12.7667 1.152E-01
12.7833 1.154E-01
12.8000 1.155E-01
12.8167 1.157E-01
12.8333 1.159E-01
12.8500 1.160E-01
12.8667 1.162E-01
12.8833 1.163E-01
12.9000 1.164E-01
12.9167 1.165E-01
12.9333 1.166E-01
12.9500 1.167E-01
12.9667 1.168E-01
12.9833 1.169E-01
13.0000 1.170E-01
13.0167 1.170E-01
13.0333 1.171E-01
13.0500 1.171E-01
13.0667 1.172E-01
13.0833 1.172E-01
13.1000 1.172E-01
13.1167 1.172E-01
13.1333 1.172E-01
13.1500 1.172E-01
13.1667 1.172E-01
13.1833 1.172E-01
13.2000 1.171E-01
13.2167 1.171E-01
13.2333 1.170E-01
13.2500 1.169E-01
13.2667 1.169E-01
13.2833 1.168E-01
13.3000 1.167E-01
13.3167 1.166E-01
13.3333 1.165E-01
13.3500 1.164E-01
13.3667 1.162E-01
13.3833 1.161E-01
13.4000 1.159E-01
13.4167 1.158E-01
13.4333 1.156E-01
13.4500 1.154E-01
13.4667 1.153E-01
13.4833 1.151E-01
13.5000 1.149E-01
13.5167 1.147E-01
13.5333 1.144E-01
13.5500 1.142E-01
13.5667 1.140E-01
13.5833 1.137E-01
13.6000 1.135E-01
13.6167 1.132E-01
13.6333 1.130E-01
13.6500 1.127E-01
13.6667 1.124E-01
13.6833 1.121E-01
13.7000 1.118E-01
13.7167 1.115E-01
13.7333 1.112E-01
13.7500 1.108E-01
13.7667 1.105E-01
13.7833 1.102E-01
13.8000 1.098E-01
13.8167 1.094E-01
13.8333 1.091E-01
13.8500 1.087E-01
13.8667 1.083E-01
13.8833 1.079E-01
13.9000 1.075E-01
13.9167 1.071E-01
13.9333 1.067E-01
13.9500 1.063E-01
13.9667 1.059E-01
13.9833 1.054E-01
14.0000 1.050E-01
14.0167 1.046E-01
14.0333 1.041E-01
14.0500 1.036E-01
14.0667 1.032E-01
14.0833 1.027E-01
14.1000 1.022E-01
14.1167 1.017E-01
14.1333 1.012E-01
14.1500 1.007E-01
14.1667 1.002E-01
14.1833 9.970E-02
14.2000 9.918E-02
14.2167 9.865E-02
14.2333 9.812E-02
14.2500 9.758E-02
14.2667 9.704E-02
14.2833 9.649E-02
14.3000 9.593E-02
14.3167 9.537E-02
14.3333 9.481E-02
14.3500 9.423E-02
14.3667 9.366E-02
14.3833 9.308E-02
14.4000 9.249E-02
14.4167 9.190E-02
14.4333 9.130E-02
14.4500 9.070E-02
14.4667 9.009E-02
14.4833 8.948E-02
14.5000 8.887E-02
14.5167 8.825E-02
14.5333 8.763E-02
14.5500 8.700E-02
14.5667 8.637E-02
14.5833 8.573E-02
14.6000 8.509E-02
14.6167 8.445E-02
14.6333 8.380E-02
14.6500 8.315E-02
14.6667 8.250E-02
14.6833 8.185E-02
14.7000 8.119E-02
14.7167 8.052E-02
14.7333 7.986E-02
14.7500 7.919E-02
14.7667 7.852E-02
14.7833 7.785E-02
14.8000 7.717E-02
14.8167 7.650E-02
14.8333 7.582E-02
14.8500 7.513E-02
14.8667 7.445E-02
14.8833 7.376E-02
14.9000 7.308E-02
14.9167 7.239E-02
14.9333 7.170E-02
14.9500 7.100E-02
14.9667 7.031E-02
14.9833 6.962E-02
