11.0000 7.444E-02
11.0167 7.530E-02
11.0333 7.615E-02
11.0500 7.701E-02
11.0667 7.787E-02
11.0833 7.872E-02
11.1000 7.958E-02
11.1167 8.044E-02
11.1333 8.130E-02
11.1500 8.215E-02
11.1667 8.301E-02
11.1833 8.386E-02
11.2000 8.472E-02
11.2167 8.557E-02
11.2333 8.643E-02
11.2500 8.728E-02
11.2667 8.813E-02
11.2833 8.898E-02
11.3000 8.983E-02
11.3167 9.067E-02
11.3333 9.152E-02
11.3500 9.236E-02
11.3667 9.320E-02
11.3833 9.403E-02
11.4000 9.487E-02
11.4167 9.570E-02
11.4333 9.653E-02
11.4500 9.736E-02
11.4667 9.818E-02
11.4833 9.900E-02
11.5000 9.983E-02
11.5167 1.006E-01
11.5333 1.015E-01
11.5500 1.023E-01
11.5667 1.031E-01
11.5833 1.039E-01
11.6000 1.047E-01
11.6167 1.055E-01
11.6333 1.062E-01
11.6500 1.070E-01
11.6667 1.078E-01
11.6833 1.086E-01
11.7000 1.094E-01
11.7167 1.101E-01
11.7333 1.109E-01
11.7500 1.116E-01
11.7667 1.124E-01
11.7833 1.131E-01
11.8000 1.139E-01
11.8167 1.146E-01
11.8333 1.153E-01
11.8500 1.161E-01
11.8667 1.168E-01
11.8833 1.175E-01
11.9000 1.182E-01
11.9167 1.189E-01
11.9333 1.196E-01
11.9500 1.203E-01
11.9667 1.209E-01
11.9833 1.216E-01
12.0000 1.223E-01
12.0167 1.229E-01
12.0333 1.236E-01
12.0500 1.242E-01
12.0667 1.249E-01
12.0833 1.255E-01
12.1000 1.261E-01
12.1167 1.267E-01
12.1333 1.273E-01
12.1500 1.279E-01
12.1667 1.285E-01
12.1833 1.291E-01
12.2000 1.297E-01
12.2167 1.303E-01
12.2333 1.308E-01
12.2500 1.314E-01
12.2667 1.319E-01
12.2833 1.324E-01
12.3000 1.330E-01
12.3167 1.335E-01
12.3333 1.340E-01
12.3500 1.345E-01
12.3667 1.350E-01
12.3833 1.355E-01
12.4000 1.359E-01
12.4167 1.364E-01
12.4333 1.369E-01
12.4500 1.373E-01
12.4667 1.377E-01
12.4833 1.382E-01
12.5000 1.386E-01
12.5167 1.390E-01
12.5333 1.394E-01
12.5500 1.398E-01
12.5667 1.402E-01
12.5833 1.405E-01
12.6000 1.409E-01
12.6167 1.412E-01
12.6333 1.416E-01
12.6500 1.419E-01
12.6667 1.422E-01
12.6833 1.425E-01
12.7000 1.428E-01
12.7167 1.431E-01
12.7333 1.434E-01
12.7500 1.437E-01
12.7667 1.439E-01
12.7833 1.442E-01
12.8000 1.444E-01
12.8167 1.446E-01
12.8333 1.449E-01
12.8500 1.451E-01
12.8667 1.452E-01
12.8833 1.454E-01
12.9000 1.456E-01
12.9167 1.458E-01
12.9333 1.459E-01
12.9500 1.461E-01
12.9667 1.462E-01
12.9833 1.463E-01
13.0000 1.464E-01
13.0167 1.465E-01
13.0333 1.466E-01
13.0500 1.467E-01
13.0667 1.467E-01
13.0833 1.468E-01
13.1000 1.469E-01
13.1167 1.469E-01
13.1333 1.469E-01
13.1500 1.469E-01
13.1667 1.469E-01
13.1833 1.469E-01
13.2000 1.469E-01
13.2167 1.469E-01
13.2333 1.468E-01
13.2500 1.468E-01
13.2667 1.467E-01
13.2833 1.466E-01
13.3000 1.466E-01
13.3167 1.465E-01
13.3333 1.463E-01
13.3500 1.462E-01
13.3667 1.461E-01
13.3833 1.460E-01
13.4000 1.458E-01
13.4167 1.456E-01
13.4333 1.455E-01
13.4500 1.453E-01
13.4667 1.451E-01
13.4833 1.449E-01
13.5000 1.447E-01
13.5167 1.445E-01
13.5333 1.442E-01
13.5500 1.440E-01
13.5667 1.437E-01
13.5833 1.435E-01
13.6000 1.432E-01
13.6167 1.429E-01
13.6333 1.426E-01
13.6500 1.423E-01
13.6667 1.420E-01
13.6833 1.417E-01
13.7000 1.413E-01
13.7167 1.410E-01
13.7333 1.406E-01
13.7500 1.403E-01
13.7667 1.399E-01
13.7833 1.395E-01
13.8000 1.391E-01
13.8167 1.387E-01
13.8333 1.383E-01
13.8500 1.379E-01
13.8667 1.374E-01
13.8833 1.370E-01
13.9000 1.365E-01
13.9167 1.361E-01
13.9333 1.356E-01
13.9500 1.351E-01
13.9667 1.346E-01
13.9833 1.341E-01
14.0000 1.336E-01
14.0167 1.331E-01
14.0333 1.326E-01
14.0500 1.321E-01
14.0667 1.315E-01
14.0833 1.310E-01
14.1000 1.304E-01
14.1167 1.298E-01
14.1333 1.293E-01
14.1500 1.287E-01
14.1667 1.281E-01
14.1833 1.275E-01
14.2000 1.269E-01
14.2167 1.263E-01
14.2333 1.257E-01
14.2500 1.250E-01
14.2667 1.244E-01
14.2833 1.237E-01
14.3000 1.231E-01
14.3167 1.224E-01
14.3333 1.218E-01
14.3500 1.211E-01
14.3667 1.204E-01
14.3833 1.197E-01
14.4000 1.191E-01
14.4167 1.184E-01
14.4333 1.177E-01
14.4500 1.169E-01
14.4667 1.162E-01
14.4833 1.155E-01
14.5000 1.148E-01
14.5167 1.141E-01
14.5333 1.133E-01
14.5500 1.126E-01
14.5667 1.118E-01
14.5833 1.111E-01
14.6000 1.103E-01
14.6167 1.095E-01
14.6333 1.088E-01
14.6500 1.080E-01
14.6667 1.072E-01
14.6833 1.064E-01
14.7000 1.057E-01
14.7167 1.049E-01
14.7333 1.041E-01
14.7500 1.033E-01
14.7667 1.025E-01
14.7833 1.017E-01
14.8000 1.008E-01
14.8167 1.000E-01
14.8333 9.921E-02
14.8500 9.839E-02
14.8667 9.757E-02
14.8833 9.674E-02
14.9000 9.591E-02
14.9167 9.508E-02
14.9333 9.424E-02
14.9500 9.340E-02
14.9667 9.257E-02
14.9833 9.173E-02
