11.0000 7.448E-02
11.0167 7.535E-02
11.0333 7.621E-02
11.0500 7.707E-02
11.0667 7.793E-02
11.0833 7.879E-02
11.1000 7.966E-02
11.1167 8.052E-02
11.1333 8.138E-02
11.1500 8.225E-02
11.1667 8.311E-02
11.1833 8.397E-02
11.2000 8.483E-02
11.2167 8.569E-02
11.2333 8.655E-02
11.2500 8.741E-02
11.2667 8.826E-02
11.2833 8.912E-02
11.3000 8.997E-02
11.3167 9.082E-02
11.3333 9.167E-02
11.3500 9.252E-02
11.3667 9.336E-02
11.3833 9.421E-02
11.4000 9.505E-02
11.4167 9.589E-02
11.4333 9.672E-02
11.4500 9.756E-02
11.4667 9.838E-02
11.4833 9.921E-02
11.5000 1.000E-01
11.5167 1.009E-01
11.5333 1.017E-01
11.5500 1.025E-01
11.5667 1.033E-01
11.5833 1.041E-01
11.6000 1.049E-01
11.6167 1.057E-01
11.6333 1.065E-01
11.6500 1.073E-01
11.6667 1.081E-01
11.6833 1.088E-01
11.7000 1.096E-01
11.7167 1.104E-01
11.7333 1.112E-01
11.7500 1.119E-01
11.7667 1.127E-01
11.7833 1.134E-01
11.8000 1.142E-01
11.8167 1.149E-01
11.8333 1.156E-01
11.8500 1.164E-01
11.8667 1.171E-01
11.8833 1.178E-01
11.9000 1.185E-01
11.9167 1.192E-01
11.9333 1.199E-01
11.9500 1.206E-01
11.9667 1.213E-01
11.9833 1.219E-01
12.0000 1.226E-01
12.0167 1.233E-01
12.0333 1.239E-01
12.0500 1.246E-01
12.0667 1.252E-01
12.0833 1.258E-01
12.1000 1.265E-01
12.1167 1.271E-01
12.1333 1.277E-01
12.1500 1.283E-01
12.1667 1.289E-01
12.1833 1.295E-01
12.2000 1.300E-01
12.2167 1.306E-01
12.2333 1.312E-01
12.2500 1.317E-01
12.2667 1.323E-01
12.2833 1.328E-01
12.3000 1.333E-01
12.3167 1.338E-01
12.3333 1.343E-01
12.3500 1.348E-01
12.3667 1.353E-01
12.3833 1.358E-01
12.4000 1.363E-01
12.4167 1.367E-01
12.4333 1.372E-01
12.4500 1.376E-01
12.4667 1.381E-01
12.4833 1.385E-01
12.5000 1.389E-01
12.5167 1.393E-01
12.5333 1.397E-01
12.5500 1.401E-01
12.5667 1.405E-01
12.5833 1.408E-01
12.6000 1.412E-01
12.6167 1.415E-01
12.6333 1.419E-01
12.6500 1.422E-01
12.6667 1.425E-01
12.6833 1.428E-01
12.7000 1.431E-01
12.7167 1.434E-01
12.7333 1.437E-01
12.7500 1.439E-01
12.7667 1.442E-01
12.7833 1.444E-01
12.8000 1.447E-01
12.8167 1.449E-01
12.8333 1.451E-01
12.8500 1.453E-01
12.8667 1.455E-01
12.8833 1.457E-01
12.9000 1.458E-01
12.9167 1.460E-01
12.9333 1.461E-01
12.9500 1.463E-01
12.9667 1.464E-01
12.9833 1.465E-01
13.0000 1.466E-01
13.0167 1.467E-01
13.0333 1.468E-01
13.0500 1.469E-01
13.0667 1.469E-01
13.0833 1.470E-01
13.1000 1.470E-01
13.1167 1.470E-01
13.1333 1.470E-01
13.1500 1.470E-01
13.1667 1.470E-01
13.1833 1.470E-01
13.2000 1.470E-01
13.2167 1.470E-01
13.2333 1.469E-01
13.2500 1.468E-01
13.2667 1.468E-01
13.2833 1.467E-01
13.3000 1.466E-01
13.3167 1.465E-01
13.3333 1.464E-01
13.3500 1.462E-01
13.3667 1.461E-01
13.3833 1.460E-01
13.4000 1.458E-01
13.4167 1.456E-01
13.4333 1.454E-01
13.4500 1.452E-01
13.4667 1.450E-01
13.4833 1.448E-01
13.5000 1.446E-01
13.5167 1.444E-01
13.5333 1.441E-01
13.5500 1.439E-01
13.5667 1.436E-01
13.5833 1.433E-01
13.6000 1.430E-01
13.6167 1.427E-01
13.6333 1.424E-01
13.6500 1.421E-01
13.6667 1.418E-01
13.6833 1.415E-01
13.7000 1.411E-01
13.7167 1.407E-01
13.7333 1.404E-01
13.7500 1.400E-01
13.7667 1.396E-01
13.7833 1.392E-01
13.8000 1.388E-01
13.8167 1.384E-01
13.8333 1.380E-01
13.8500 1.375E-01
13.8667 1.371E-01
13.8833 1.366E-01
13.9000 1.362E-01
13.9167 1.357E-01
13.9333 1.352E-01
13.9500 1.347E-01
13.9667 1.342E-01
13.9833 1.337E-01
14.0000 1.332E-01
14.0167 1.326E-01
14.0333 1.321E-01
14.0500 1.316E-01
14.0667 1.310E-01
14.0833 1.304E-01
14.1000 1.299E-01
14.1167 1.293E-01
14.1333 1.287E-01
14.1500 1.281E-01
14.1667 1.275E-01
14.1833 1.269E-01
14.2000 1.263E-01
14.2167 1.257E-01
14.2333 1.250E-01
14.2500 1.244E-01
14.2667 1.237E-01
14.2833 1.231E-01
14.3000 1.224E-01
14.3167 1.218E-01
14.3333 1.211E-01
14.3500 1.204E-01
14.3667 1.197E-01
14.3833 1.190E-01
14.4000 1.183E-01
14.4167 1.176E-01
14.4333 1.169E-01
14.4500 1.162E-01
14.4667 1.154E-01
14.4833 1.147E-01
14.5000 1.140E-01
14.5167 1.132E-01
14.5333 1.125E-01
14.5500 1.117E-01
14.5667 1.109E-01
14.5833 1.102E-01
14.6000 1.094E-01
14.6167 1.086E-01
14.6333 1.078E-01
14.6500 1.071E-01
14.6667 1.063E-01
14.6833 1.055E-01
14.7000 1.047E-01
14.7167 1.039E-01
14.7333 1.031E-01
14.7500 1.023E-01
14.7667 1.014E-01
14.7833 1.006E-01
14.8000 9.981E-02
14.8167 9.898E-02
14.8333 9.815E-02
14.8500 9.732E-02
14.8667 9.649E-02
14.8833 9.566E-02
14.9000 9.482E-02
14.9167 9.397E-02
14.9333 9.313E-02
14.9500 9.228E-02
14.9667 9.144E-02
14.9833 9.059E-02
