11.0000 7.294E-02
11.0167 7.378E-02
11.0333 7.462E-02
11.0500 7.547E-02
11.0667 7.631E-02
11.0833 7.715E-02
11.1000 7.800E-02
11.1167 7.884E-02
11.1333 7.969E-02
11.1500 8.053E-02
11.1667 8.137E-02
11.1833 8.222E-02
11.2000 8.306E-02
11.2167 8.390E-02
11.2333 8.474E-02
11.2500 8.558E-02
11.2667 8.642E-02
11.2833 8.725E-02
11.3000 8.809E-02
11.3167 8.892E-02
11.3333 8.975E-02
11.3500 9.058E-02
11.3667 9.141E-02
11.3833 9.223E-02
11.4000 9.306E-02
11.4167 9.388E-02
11.4333 9.470E-02
11.4500 9.551E-02
11.4667 9.633E-02
11.4833 9.713E-02
11.5000 9.795E-02
11.5167 9.875E-02
11.5333 9.955E-02
11.5500 1.003E-01
11.5667 1.011E-01
11.5833 1.019E-01
11.6000 1.027E-01
11.6167 1.035E-01
11.6333 1.043E-01
11.6500 1.050E-01
11.6667 1.058E-01
11.6833 1.066E-01
11.7000 1.073E-01
11.7167 1.081E-01
11.7333 1.088E-01
11.7500 1.096E-01
11.7667 1.103E-01
11.7833 1.111E-01
11.8000 1.118E-01
11.8167 1.125E-01
11.8333 1.132E-01
11.8500 1.139E-01
11.8667 1.146E-01
11.8833 1.153E-01
11.9000 1.160E-01
11.9167 1.167E-01
11.9333 1.174E-01
11.9500 1.181E-01
11.9667 1.188E-01
11.9833 1.194E-01
12.0000 1.201E-01
12.0167 1.207E-01
12.0333 1.214E-01
12.0500 1.220E-01
12.0667 1.226E-01
12.0833 1.233E-01
12.1000 1.239E-01
12.1167 1.245E-01
12.1333 1.251E-01
12.1500 1.257E-01
12.1667 1.262E-01
12.1833 1.268E-01
12.2000 1.274E-01
12.2167 1.279E-01
12.2333 1.285E-01
12.2500 1.290E-01
12.2667 1.296E-01
12.2833 1.301E-01
12.3000 1.306E-01
12.3167 1.311E-01
12.3333 1.316E-01
12.3500 1.321E-01
12.3667 1.326E-01
12.3833 1.331E-01
12.4000 1.335E-01
12.4167 1.340E-01
12.4333 1.345E-01
12.4500 1.349E-01
12.4667 1.353E-01
12.4833 1.357E-01
12.5000 1.361E-01
12.5167 1.366E-01
12.5333 1.369E-01
12.5500 1.373E-01
12.5667 1.377E-01
12.5833 1.381E-01
12.6000 1.384E-01
12.6167 1.388E-01
12.6333 1.391E-01
12.6500 1.394E-01
12.6667 1.397E-01
12.6833 1.400E-01
12.7000 1.403E-01
12.7167 1.406E-01
12.7333 1.409E-01
12.7500 1.411E-01
12.7667 1.414E-01
12.7833 1.416E-01
12.8000 1.419E-01
12.8167 1.421E-01
12.8333 1.423E-01
12.8500 1.425E-01
12.8667 1.427E-01
12.8833 1.429E-01
12.9000 1.431E-01
12.9167 1.432E-01
12.9333 1.434E-01
12.9500 1.435E-01
12.9667 1.436E-01
12.9833 1.437E-01
13.0000 1.438E-01
13.0167 1.439E-01
13.0333 1.440E-01
13.0500 1.441E-01
13.0667 1.442E-01
13.0833 1.442E-01
13.1000 1.443E-01
13.1167 1.443E-01
13.1333 1.443E-01
13.1500 1.443E-01
13.1667 1.443E-01
13.1833 1.443E-01
13.2000 1.443E-01
13.2167 1.443E-01
13.2333 1.442E-01
13.2500 1.442E-01
13.2667 1.441E-01
13.2833 1.440E-01
13.3000 1.439E-01
13.3167 1.438E-01
13.3333 1.437E-01
13.3500 1.436E-01
13.3667 1.435E-01
13.3833 1.434E-01
13.4000 1.432E-01
13.4167 1.430E-01
13.4333 1.429E-01
13.4500 1.427E-01
13.4667 1.425E-01
13.4833 1.423E-01
13.5000 1.421E-01
13.5167 1.419E-01
13.5333 1.416E-01
13.5500 1.414E-01
13.5667 1.411E-01
13.5833 1.409E-01
13.6000 1.406E-01
13.6167 1.403E-01
13.6333 1.400E-01
13.6500 1.397E-01
13.6667 1.394E-01
13.6833 1.391E-01
13.7000 1.387E-01
13.7167 1.384E-01
13.7333 1.380E-01
13.7500 1.377E-01
13.7667 1.373E-01
13.7833 1.369E-01
13.8000 1.365E-01
13.8167 1.361E-01
13.8333 1.357E-01
13.8500 1.353E-01
13.8667 1.349E-01
13.8833 1.344E-01
13.9000 1.340E-01
13.9167 1.335E-01
13.9333 1.331E-01
13.9500 1.326E-01
13.9667 1.321E-01
13.9833 1.316E-01
14.0000 1.311E-01
14.0167 1.306E-01
14.0333 1.301E-01
14.0500 1.296E-01
14.0667 1.290E-01
14.0833 1.285E-01
14.1000 1.279E-01
14.1167 1.274E-01
14.1333 1.268E-01
14.1500 1.262E-01
14.1667 1.256E-01
14.1833 1.251E-01
14.2000 1.245E-01
14.2167 1.239E-01
14.2333 1.232E-01
14.2500 1.226E-01
14.2667 1.220E-01
14.2833 1.213E-01
14.3000 1.207E-01
14.3167 1.201E-01
14.3333 1.194E-01
14.3500 1.187E-01
14.3667 1.181E-01
14.3833 1.174E-01
14.4000 1.167E-01
14.4167 1.160E-01
14.4333 1.153E-01
14.4500 1.146E-01
14.4667 1.139E-01
14.4833 1.132E-01
14.5000 1.125E-01
14.5167 1.118E-01
14.5333 1.110E-01
14.5500 1.103E-01
14.5667 1.096E-01
14.5833 1.088E-01
14.6000 1.081E-01
14.6167 1.073E-01
14.6333 1.066E-01
14.6500 1.058E-01
14.6667 1.050E-01
14.6833 1.043E-01
14.7000 1.035E-01
14.7167 1.027E-01
14.7333 1.019E-01
14.7500 1.011E-01
14.7667 1.003E-01
14.7833 9.953E-02
14.8000 9.873E-02
14.8167 9.792E-02
14.8333 9.711E-02
14.8500 9.630E-02
14.8667 9.550E-02
14.8833 9.468E-02
14.9000 9.386E-02
14.9167 9.304E-02
14.9333 9.221E-02
14.9500 9.139E-02
14.9667 9.056E-02
14.9833 8.973E-02
