11.0000 7.513E-02
11.0167 7.600E-02
11.0333 7.687E-02
11.0500 7.774E-02
11.0667 7.860E-02
11.0833 7.947E-02
11.1000 8.034E-02
11.1167 8.121E-02
11.1333 8.208E-02
11.1500 8.295E-02
11.1667 8.382E-02
11.1833 8.468E-02
11.2000 8.555E-02
11.2167 8.642E-02
11.2333 8.728E-02
11.2500 8.815E-02
11.2667 8.901E-02
11.2833 8.987E-02
11.3000 9.073E-02
11.3167 9.158E-02
11.3333 9.244E-02
11.3500 9.329E-02
11.3667 9.414E-02
11.3833 9.499E-02
11.4000 9.584E-02
11.4167 9.668E-02
11.4333 9.752E-02
11.4500 9.836E-02
11.4667 9.919E-02
11.4833 1.000E-01
11.5000 1.009E-01
11.5167 1.017E-01
11.5333 1.025E-01
11.5500 1.033E-01
11.5667 1.041E-01
11.5833 1.049E-01
11.6000 1.057E-01
11.6167 1.065E-01
11.6333 1.073E-01
11.6500 1.081E-01
11.6667 1.089E-01
11.6833 1.097E-01
11.7000 1.105E-01
11.7167 1.113E-01
11.7333 1.120E-01
11.7500 1.128E-01
11.7667 1.135E-01
11.7833 1.143E-01
11.8000 1.150E-01
11.8167 1.158E-01
11.8333 1.165E-01
11.8500 1.172E-01
11.8667 1.180E-01
11.8833 1.187E-01
11.9000 1.194E-01
11.9167 1.201E-01
11.9333 1.208E-01
11.9500 1.215E-01
11.9667 1.222E-01
11.9833 1.228E-01
12.0000 1.235E-01
12.0167 1.242E-01
12.0333 1.248E-01
12.0500 1.255E-01
12.0667 1.261E-01
12.0833 1.268E-01
12.1000 1.274E-01
12.1167 1.280E-01
12.1333 1.286E-01
12.1500 1.292E-01
12.1667 1.298E-01
12.1833 1.304E-01
12.2000 1.310E-01
12.2167 1.315E-01
12.2333 1.321E-01
12.2500 1.326E-01
12.2667 1.332E-01
12.2833 1.337E-01
12.3000 1.342E-01
12.3167 1.348E-01
12.3333 1.353E-01
12.3500 1.358E-01
12.3667 1.363E-01
12.3833 1.367E-01
12.4000 1.372E-01
12.4167 1.377E-01
12.4333 1.381E-01
12.4500 1.386E-01
12.4667 1.390E-01
12.4833 1.394E-01
12.5000 1.398E-01
12.5167 1.402E-01
12.5333 1.406E-01
12.5500 1.410E-01
12.5667 1.414E-01
12.5833 1.417E-01
12.6000 1.421E-01
12.6167 1.424E-01
12.6333 1.428E-01
12.6500 1.431E-01
12.6667 1.434E-01
12.6833 1.437E-01
12.7000 1.440E-01
12.7167 1.443E-01
12.7333 1.446E-01
12.7500 1.448E-01
12.7667 1.451E-01
12.7833 1.453E-01
12.8000 1.455E-01
12.8167 1.457E-01
12.8333 1.460E-01
12.8500 1.461E-01
12.8667 1.463E-01
12.8833 1.465E-01
12.9000 1.467E-01
12.9167 1.468E-01
12.9333 1.470E-01
12.9500 1.471E-01
12.9667 1.472E-01
12.9833 1.473E-01
13.0000 1.474E-01
13.0167 1.475E-01
13.0333 1.476E-01
13.0500 1.476E-01
13.0667 1.477E-01
13.0833 1.477E-01
13.1000 1.478E-01
13.1167 1.478E-01
13.1333 1.478E-01
13.1500 1.478E-01
13.1667 1.478E-01
13.1833 1.478E-01
13.2000 1.477E-01
13.2167 1.477E-01
13.2333 1.476E-01
13.2500 1.475E-01
13.2667 1.475E-01
13.2833 1.474E-01
13.3000 1.473E-01
13.3167 1.472E-01
13.3333 1.470E-01
13.3500 1.469E-01
13.3667 1.468E-01
13.3833 1.466E-01
13.4000 1.464E-01
13.4167 1.463E-01
13.4333 1.461E-01
13.4500 1.459E-01
13.4667 1.457E-01
13.4833 1.454E-01
13.5000 1.452E-01
13.5167 1.450E-01
13.5333 1.447E-01
13.5500 1.444E-01
13.5667 1.442E-01
13.5833 1.439E-01
13.6000 1.436E-01
13.6167 1.433E-01
13.6333 1.430E-01
13.6500 1.426E-01
13.6667 1.423E-01
13.6833 1.419E-01
13.7000 1.416E-01
13.7167 1.412E-01
13.7333 1.408E-01
13.7500 1.405E-01
13.7667 1.401E-01
13.7833 1.396E-01
13.8000 1.392E-01
13.8167 1.388E-01
13.8333 1.384E-01
13.8500 1.379E-01
13.8667 1.375E-01
13.8833 1.370E-01
13.9000 1.365E-01
13.9167 1.360E-01
13.9333 1.356E-01
13.9500 1.350E-01
13.9667 1.345E-01
13.9833 1.340E-01
14.0000 1.335E-01
14.0167 1.330E-01
14.0333 1.324E-01
14.0500 1.318E-01
14.0667 1.313E-01
14.0833 1.307E-01
14.1000 1.301E-01
14.1167 1.295E-01
14.1333 1.289E-01
14.1500 1.283E-01
14.1667 1.277E-01
14.1833 1.271E-01
14.2000 1.265E-01
14.2167 1.258E-01
14.2333 1.252E-01
14.2500 1.246E-01
14.2667 1.239E-01
14.2833 1.232E-01
14.3000 1.226E-01
14.3167 1.219E-01
14.3333 1.212E-01
14.3500 1.205E-01
14.3667 1.198E-01
14.3833 1.191E-01
14.4000 1.184E-01
14.4167 1.177E-01
14.4333 1.169E-01
14.4500 1.162E-01
14.4667 1.155E-01
14.4833 1.147E-01
14.5000 1.140E-01
14.5167 1.132E-01
14.5333 1.125E-01
14.5500 1.117E-01
14.5667 1.109E-01
14.5833 1.102E-01
14.6000 1.094E-01
14.6167 1.086E-01
14.6333 1.078E-01
14.6500 1.070E-01
14.6667 1.062E-01
14.6833 1.054E-01
14.7000 1.046E-01
14.7167 1.038E-01
14.7333 1.030E-01
14.7500 1.021E-01
14.7667 1.013E-01
14.7833 1.005E-01
14.8000 9.967E-02
14.8167 9.884E-02
14.8333 9.800E-02
14.8500 9.716E-02
14.8667 9.632E-02
14.8833 9.547E-02
14.9000 9.463E-02
14.9167 9.378E-02
14.9333 9.292E-02
14.9500 9.207E-02
14.9667 9.122E-02
14.9833 9.036E-02
