11.0000 9.680E-02
11.0167 9.786E-02
11.0333 9.891E-02
11.0500 9.996E-02
11.0667 1.010E-01
11.0833 1.021E-01
11.1000 1.031E-01
11.1167 1.042E-01
11.1333 1.052E-01
11.1500 1.063E-01
11.1667 1.073E-01
11.1833 1.083E-01
11.2000 1.094E-01
11.2167 1.104E-01
11.2333 1.115E-01
11.2500 1.125E-01
11.2667 1.135E-01
11.2833 1.146E-01
11.3000 1.156E-01
11.3167 1.166E-01
11.3333 1.177E-01
11.3500 1.187E-01
11.3667 1.197E-01
11.3833 1.207E-01
11.4000 1.218E-01
11.4167 1.228E-01
11.4333 1.238E-01
11.4500 1.248E-01
11.4667 1.258E-01
11.4833 1.268E-01
11.5000 1.278E-01
11.5167 1.287E-01
11.5333 1.297E-01
11.5500 1.307E-01
11.5667 1.317E-01
11.5833 1.326E-01
11.6000 1.336E-01
11.6167 1.346E-01
11.6333 1.355E-01
11.6500 1.365E-01
11.6667 1.374E-01
11.6833 1.383E-01
11.7000 1.393E-01
11.7167 1.402E-01
11.7333 1.411E-01
11.7500 1.420E-01
11.7667 1.429E-01
11.7833 1.438E-01
11.8000 1.447E-01
11.8167 1.456E-01
11.8333 1.465E-01
11.8500 1.473E-01
11.8667 1.482E-01
11.8833 1.491E-01
11.9000 1.499E-01
11.9167 1.507E-01
11.9333 1.516E-01
11.9500 1.524E-01
11.9667 1.532E-01
11.9833 1.540E-01
12.0000 1.548E-01
12.0167 1.556E-01
12.0333 1.564E-01
12.0500 1.571E-01
12.0667 1.579E-01
12.0833 1.586E-01
12.1000 1.594E-01
12.1167 1.601E-01
12.1333 1.609E-01
12.1500 1.616E-01
12.1667 1.623E-01
12.1833 1.630E-01
12.2000 1.637E-01
12.2167 1.644E-01
12.2333 1.649E-01
12.2500 1.657E-01
12.2667 1.663E-01
12.2833 1.670E-01
12.3000 1.676E-01
12.3167 1.682E-01
12.3333 1.688E-01
12.3500 1.694E-01
12.3667 1.700E-01
12.3833 1.706E-01
12.4000 1.711E-01
12.4167 1.716E-01
12.4333 1.723E-01
12.4500 1.728E-01
12.4667 1.733E-01
12.4833 1.738E-01
12.5000 1.743E-01
12.5167 1.748E-01
12.5333 1.753E-01
12.5500 1.757E-01
12.5667 1.762E-01
12.5833 1.766E-01
12.6000 1.770E-01
12.6167 1.775E-01
12.6333 1.779E-01
12.6500 1.783E-01
12.6667 1.787E-01
12.6833 1.790E-01
12.7000 1.794E-01
12.7167 1.797E-01
12.7333 1.801E-01
12.7500 1.804E-01
12.7667 1.807E-01
12.7833 1.810E-01
12.8000 1.813E-01
12.8167 1.815E-01
12.8333 1.818E-01
12.8500 1.820E-01
12.8667 1.823E-01
12.8833 1.825E-01
12.9000 1.827E-01
12.9167 1.829E-01
12.9333 1.831E-01
12.9500 1.832E-01
12.9667 1.834E-01
12.9833 1.835E-01
13.0000 1.837E-01
13.0167 1.838E-01
13.0333 1.839E-01
13.0500 1.840E-01
13.0667 1.841E-01
13.0833 1.841E-01
13.1000 1.842E-01
13.1167 1.842E-01
13.1333 1.842E-01
13.1500 1.842E-01
13.1667 1.842E-01
13.1833 1.842E-01
13.2000 1.842E-01
13.2167 1.842E-01
13.2333 1.842E-01
13.2500 1.841E-01
13.2667 1.840E-01
13.2833 1.839E-01
13.3000 1.838E-01
13.3167 1.837E-01
13.3333 1.836E-01
13.3500 1.834E-01
13.3667 1.833E-01
13.3833 1.831E-01
13.4000 1.830E-01
13.4167 1.827E-01
13.4333 1.826E-01
13.4500 1.823E-01
13.4667 1.821E-01
13.4833 1.819E-01
13.5000 1.815E-01
13.5167 1.814E-01
13.5333 1.811E-01
13.5500 1.808E-01
13.5667 1.804E-01
13.5833 1.802E-01
13.6000 1.798E-01
13.6167 1.795E-01
13.6333 1.791E-01
13.6500 1.788E-01
13.6667 1.784E-01
13.6833 1.780E-01
13.7000 1.776E-01
13.7167 1.772E-01
13.7333 1.768E-01
13.7500 1.763E-01
13.7667 1.759E-01
13.7833 1.754E-01
13.8000 1.750E-01
13.8167 1.745E-01
13.8333 1.739E-01
13.8500 1.735E-01
13.8667 1.730E-01
13.8833 1.724E-01
13.9000 1.719E-01
13.9167 1.714E-01
13.9333 1.707E-01
13.9500 1.702E-01
13.9667 1.697E-01
13.9833 1.690E-01
14.0000 1.685E-01
14.0167 1.679E-01
14.0333 1.672E-01
14.0500 1.666E-01
14.0667 1.659E-01
14.0833 1.653E-01
14.1000 1.646E-01
14.1167 1.639E-01
14.1333 1.633E-01
14.1500 1.625E-01
14.1667 1.619E-01
14.1833 1.611E-01
14.2000 1.604E-01
14.2167 1.597E-01
14.2333 1.589E-01
14.2500 1.582E-01
14.2667 1.574E-01
14.2833 1.567E-01
14.3000 1.559E-01
14.3167 1.551E-01
14.3333 1.543E-01
14.3500 1.535E-01
14.3667 1.527E-01
14.3833 1.519E-01
14.4000 1.511E-01
14.4167 1.502E-01
14.4333 1.494E-01
14.4500 1.485E-01
14.4667 1.477E-01
14.4833 1.468E-01
14.5000 1.459E-01
14.5167 1.450E-01
14.5333 1.442E-01
14.5500 1.433E-01
14.5667 1.424E-01
14.5833 1.415E-01
14.6000 1.405E-01
14.6167 1.396E-01
14.6333 1.387E-01
14.6500 1.378E-01
14.6667 1.368E-01
14.6833 1.359E-01
14.7000 1.349E-01
14.7167 1.340E-01
14.7333 1.330E-01
14.7500 1.320E-01
14.7667 1.311E-01
14.7833 1.301E-01
14.8000 1.291E-01
14.8167 1.281E-01
14.8333 1.271E-01
14.8500 1.261E-01
14.8667 1.251E-01
14.8833 1.241E-01
14.9000 1.231E-01
14.9167 1.221E-01
14.9333 1.211E-01
14.9500 1.201E-01
14.9667 1.191E-01
14.9833 1.181E-01
