11.0000 6.539E-02
11.0167 6.616E-02
11.0333 6.693E-02
11.0500 6.769E-02
11.0667 6.846E-02
11.0833 6.923E-02
11.1000 7.000E-02
11.1167 7.077E-02
11.1333 7.154E-02
11.1500 7.231E-02
11.1667 7.308E-02
11.1833 7.385E-02
11.2000 7.461E-02
11.2167 7.538E-02
11.2333 7.615E-02
11.2500 7.691E-02
11.2667 7.768E-02
11.2833 7.844E-02
11.3000 7.920E-02
11.3167 7.996E-02
11.3333 8.072E-02
11.3500 8.148E-02
11.3667 8.223E-02
11.3833 8.298E-02
11.4000 8.374E-02
11.4167 8.449E-02
11.4333 8.523E-02
11.4500 8.597E-02
11.4667 8.672E-02
11.4833 8.745E-02
11.5000 8.819E-02
11.5167 8.892E-02
11.5333 8.965E-02
11.5500 9.038E-02
11.5667 9.110E-02
11.5833 9.182E-02
11.6000 9.254E-02
11.6167 9.325E-02
11.6333 9.396E-02
11.6500 9.466E-02
11.6667 9.536E-02
11.6833 9.606E-02
11.7000 9.675E-02
11.7167 9.744E-02
11.7333 9.812E-02
11.7500 9.880E-02
11.7667 9.947E-02
11.7833 1.001E-01
11.8000 1.008E-01
11.8167 1.015E-01
11.8333 1.021E-01
11.8500 1.028E-01
11.8667 1.034E-01
11.8833 1.040E-01
11.9000 1.047E-01
11.9167 1.053E-01
11.9333 1.059E-01
11.9500 1.065E-01
11.9667 1.071E-01
11.9833 1.077E-01
12.0000 1.083E-01
12.0167 1.089E-01
12.0333 1.095E-01
12.0500 1.101E-01
12.0667 1.107E-01
12.0833 1.112E-01
12.1000 1.118E-01
12.1167 1.123E-01
12.1333 1.129E-01
12.1500 1.134E-01
12.1667 1.139E-01
12.1833 1.145E-01
12.2000 1.150E-01
12.2167 1.155E-01
12.2333 1.160E-01
12.2500 1.165E-01
12.2667 1.169E-01
12.2833 1.174E-01
12.3000 1.179E-01
12.3167 1.183E-01
12.3333 1.188E-01
12.3500 1.192E-01
12.3667 1.197E-01
12.3833 1.201E-01
12.4000 1.205E-01
12.4167 1.209E-01
12.4333 1.213E-01
12.4500 1.217E-01
12.4667 1.221E-01
12.4833 1.225E-01
12.5000 1.228E-01
12.5167 1.232E-01
12.5333 1.236E-01
12.5500 1.239E-01
12.5667 1.242E-01
12.5833 1.246E-01
12.6000 1.249E-01
12.6167 1.252E-01
12.6333 1.255E-01
12.6500 1.258E-01
12.6667 1.260E-01
12.6833 1.263E-01
12.7000 1.266E-01
12.7167 1.268E-01
12.7333 1.270E-01
12.7500 1.273E-01
12.7667 1.275E-01
12.7833 1.277E-01
12.8000 1.279E-01
12.8167 1.281E-01
12.8333 1.283E-01
12.8500 1.284E-01
12.8667 1.286E-01
12.8833 1.288E-01
12.9000 1.289E-01
12.9167 1.290E-01
12.9333 1.292E-01
12.9500 1.293E-01
12.9667 1.294E-01
12.9833 1.295E-01
13.0000 1.296E-01
13.0167 1.296E-01
13.0333 1.297E-01
13.0500 1.297E-01
13.0667 1.298E-01
13.0833 1.298E-01
13.1000 1.299E-01
13.1167 1.299E-01
13.1333 1.299E-01
13.1500 1.299E-01
13.1667 1.298E-01
13.1833 1.298E-01
13.2000 1.298E-01
13.2167 1.297E-01
13.2333 1.297E-01
13.2500 1.296E-01
13.2667 1.296E-01
13.2833 1.295E-01
13.3000 1.294E-01
13.3167 1.293E-01
13.3333 1.292E-01
13.3500 1.290E-01
13.3667 1.289E-01
13.3833 1.288E-01
13.4000 1.286E-01
13.4167 1.284E-01
13.4333 1.283E-01
13.4500 1.281E-01
13.4667 1.279E-01
13.4833 1.277E-01
13.5000 1.275E-01
13.5167 1.272E-01
13.5333 1.270E-01
13.5500 1.268E-01
13.5667 1.265E-01
13.5833 1.263E-01
13.6000 1.260E-01
13.6167 1.257E-01
13.6333 1.254E-01
13.6500 1.251E-01
13.6667 1.248E-01
13.6833 1.245E-01
13.7000 1.242E-01
13.7167 1.239E-01
13.7333 1.235E-01
13.7500 1.232E-01
13.7667 1.228E-01
13.7833 1.224E-01
13.8000 1.221E-01
13.8167 1.217E-01
13.8333 1.213E-01
13.8500 1.209E-01
13.8667 1.205E-01
13.8833 1.201E-01
13.9000 1.196E-01
13.9167 1.192E-01
13.9333 1.188E-01
13.9500 1.183E-01
13.9667 1.178E-01
13.9833 1.174E-01
14.0000 1.169E-01
14.0167 1.164E-01
14.0333 1.159E-01
14.0500 1.154E-01
14.0667 1.149E-01
14.0833 1.144E-01
14.1000 1.139E-01
14.1167 1.134E-01
14.1333 1.128E-01
14.1500 1.123E-01
14.1667 1.117E-01
14.1833 1.112E-01
14.2000 1.106E-01
14.2167 1.100E-01
14.2333 1.095E-01
14.2500 1.089E-01
14.2667 1.083E-01
14.2833 1.077E-01
14.3000 1.071E-01
14.3167 1.065E-01
14.3333 1.059E-01
14.3500 1.052E-01
14.3667 1.046E-01
14.3833 1.040E-01
14.4000 1.034E-01
14.4167 1.027E-01
14.4333 1.021E-01
14.4500 1.014E-01
14.4667 1.007E-01
14.4833 1.001E-01
14.5000 9.941E-02
14.5167 9.874E-02
14.5333 9.806E-02
14.5500 9.738E-02
14.5667 9.669E-02
14.5833 9.600E-02
14.6000 9.530E-02
14.6167 9.460E-02
14.6333 9.389E-02
14.6500 9.318E-02
14.6667 9.247E-02
14.6833 9.176E-02
14.7000 9.104E-02
14.7167 9.031E-02
14.7333 8.959E-02
14.7500 8.886E-02
14.7667 8.813E-02
14.7833 8.739E-02
14.8000 8.665E-02
14.8167 8.591E-02
14.8333 8.516E-02
14.8500 8.442E-02
14.8667 8.367E-02
14.8833 8.292E-02
14.9000 8.217E-02
14.9167 8.141E-02
14.9333 8.065E-02
14.9500 7.989E-02
14.9667 7.914E-02
14.9833 7.837E-02
