11.0000 8.185E-02
11.0167 8.278E-02
11.0333 8.372E-02
11.0500 8.465E-02
11.0667 8.559E-02
11.0833 8.652E-02
11.1000 8.745E-02
11.1167 8.839E-02
11.1333 8.933E-02
11.1500 9.026E-02
11.1667 9.119E-02
11.1833 9.212E-02
11.2000 9.305E-02
11.2167 9.399E-02
11.2333 9.492E-02
11.2500 9.584E-02
11.2667 9.677E-02
11.2833 9.769E-02
11.3000 9.862E-02
11.3167 9.954E-02
11.3333 1.005E-01
11.3500 1.014E-01
11.3667 1.023E-01
11.3833 1.032E-01
11.4000 1.041E-01
11.4167 1.050E-01
11.4333 1.059E-01
11.4500 1.068E-01
11.4667 1.077E-01
11.4833 1.086E-01
11.5000 1.095E-01
11.5167 1.104E-01
11.5333 1.113E-01
11.5500 1.121E-01
11.5667 1.130E-01
11.5833 1.139E-01
11.6000 1.148E-01
11.6167 1.156E-01
11.6333 1.165E-01
11.6500 1.173E-01
11.6667 1.182E-01
11.6833 1.190E-01
11.7000 1.199E-01
11.7167 1.207E-01
11.7333 1.215E-01
11.7500 1.223E-01
11.7667 1.231E-01
11.7833 1.240E-01
11.8000 1.248E-01
11.8167 1.256E-01
11.8333 1.263E-01
11.8500 1.271E-01
11.8667 1.279E-01
11.8833 1.287E-01
11.9000 1.294E-01
11.9167 1.302E-01
11.9333 1.309E-01
11.9500 1.317E-01
11.9667 1.324E-01
11.9833 1.332E-01
12.0000 1.339E-01
12.0167 1.346E-01
12.0333 1.353E-01
12.0500 1.360E-01
12.0667 1.367E-01
12.0833 1.374E-01
12.1000 1.380E-01
12.1167 1.387E-01
12.1333 1.394E-01
12.1500 1.400E-01
12.1667 1.407E-01
12.1833 1.413E-01
12.2000 1.419E-01
12.2167 1.425E-01
12.2333 1.431E-01
12.2500 1.437E-01
12.2667 1.443E-01
12.2833 1.449E-01
12.3000 1.455E-01
12.3167 1.460E-01
12.3333 1.466E-01
12.3500 1.471E-01
12.3667 1.476E-01
12.3833 1.482E-01
12.4000 1.487E-01
12.4167 1.492E-01
12.4333 1.497E-01
12.4500 1.501E-01
12.4667 1.506E-01
12.4833 1.511E-01
12.5000 1.515E-01
12.5167 1.520E-01
12.5333 1.524E-01
12.5500 1.528E-01
12.5667 1.532E-01
12.5833 1.536E-01
12.6000 1.540E-01
12.6167 1.544E-01
12.6333 1.547E-01
12.6500 1.551E-01
12.6667 1.554E-01
12.6833 1.558E-01
12.7000 1.561E-01
12.7167 1.564E-01
12.7333 1.567E-01
12.7500 1.570E-01
12.7667 1.573E-01
12.7833 1.575E-01
12.8000 1.578E-01
12.8167 1.580E-01
12.8333 1.583E-01
12.8500 1.585E-01
12.8667 1.587E-01
12.8833 1.589E-01
12.9000 1.591E-01
12.9167 1.592E-01
12.9333 1.594E-01
12.9500 1.595E-01
12.9667 1.597E-01
12.9833 1.598E-01
13.0000 1.599E-01
13.0167 1.600E-01
13.0333 1.601E-01
13.0500 1.602E-01
13.0667 1.603E-01
13.0833 1.603E-01
13.1000 1.604E-01
13.1167 1.604E-01
13.1333 1.604E-01
13.1500 1.604E-01
13.1667 1.604E-01
13.1833 1.604E-01
13.2000 1.604E-01
13.2167 1.604E-01
13.2333 1.603E-01
13.2500 1.602E-01
13.2667 1.602E-01
13.2833 1.601E-01
13.3000 1.600E-01
13.3167 1.599E-01
13.3333 1.598E-01
13.3500 1.596E-01
13.3667 1.595E-01
13.3833 1.593E-01
13.4000 1.592E-01
13.4167 1.590E-01
13.4333 1.588E-01
13.4500 1.586E-01
13.4667 1.584E-01
13.4833 1.582E-01
13.5000 1.579E-01
13.5167 1.577E-01
13.5333 1.574E-01
13.5500 1.572E-01
13.5667 1.569E-01
13.5833 1.566E-01
13.6000 1.563E-01
13.6167 1.560E-01
13.6333 1.556E-01
13.6500 1.553E-01
13.6667 1.550E-01
13.6833 1.546E-01
13.7000 1.542E-01
13.7167 1.539E-01
13.7333 1.535E-01
13.7500 1.531E-01
13.7667 1.526E-01
13.7833 1.522E-01
13.8000 1.518E-01
13.8167 1.513E-01
13.8333 1.509E-01
13.8500 1.504E-01
13.8667 1.500E-01
13.8833 1.495E-01
13.9000 1.490E-01
13.9167 1.485E-01
13.9333 1.480E-01
13.9500 1.474E-01
13.9667 1.469E-01
13.9833 1.464E-01
14.0000 1.458E-01
14.0167 1.452E-01
14.0333 1.447E-01
14.0500 1.441E-01
14.0667 1.435E-01
14.0833 1.429E-01
14.1000 1.423E-01
14.1167 1.417E-01
14.1333 1.411E-01
14.1500 1.404E-01
14.1667 1.398E-01
14.1833 1.391E-01
14.2000 1.385E-01
14.2167 1.378E-01
14.2333 1.371E-01
14.2500 1.364E-01
14.2667 1.357E-01
14.2833 1.350E-01
14.3000 1.343E-01
14.3167 1.336E-01
14.3333 1.329E-01
14.3500 1.322E-01
14.3667 1.314E-01
14.3833 1.307E-01
14.4000 1.299E-01
14.4167 1.292E-01
14.4333 1.284E-01
14.4500 1.276E-01
14.4667 1.268E-01
14.4833 1.260E-01
14.5000 1.253E-01
14.5167 1.245E-01
14.5333 1.237E-01
14.5500 1.228E-01
14.5667 1.220E-01
14.5833 1.212E-01
14.6000 1.204E-01
14.6167 1.195E-01
14.6333 1.187E-01
14.6500 1.179E-01
14.6667 1.170E-01
14.6833 1.162E-01
14.7000 1.153E-01
14.7167 1.144E-01
14.7333 1.136E-01
14.7500 1.127E-01
14.7667 1.118E-01
14.7833 1.109E-01
14.8000 1.101E-01
14.8167 1.092E-01
14.8333 1.083E-01
14.8500 1.074E-01
14.8667 1.065E-01
14.8833 1.056E-01
14.9000 1.047E-01
14.9167 1.038E-01
14.9333 1.029E-01
14.9500 1.019E-01
14.9667 1.010E-01
14.9833 1.001E-01
