11.0000 9.309E-02
11.0167 9.412E-02
11.0333 9.514E-02
11.0500 9.615E-02
11.0667 9.717E-02
11.0833 9.819E-02
11.1000 9.921E-02
11.1167 1.002E-01
11.1333 1.012E-01
11.1500 1.023E-01
11.1667 1.033E-01
11.1833 1.043E-01
11.2000 1.053E-01
11.2167 1.063E-01
11.2333 1.073E-01
11.2500 1.083E-01
11.2667 1.093E-01
11.2833 1.103E-01
11.3000 1.113E-01
11.3167 1.123E-01
11.3333 1.133E-01
11.3500 1.143E-01
11.3667 1.153E-01
11.3833 1.163E-01
11.4000 1.173E-01
11.4167 1.183E-01
11.4333 1.193E-01
11.4500 1.202E-01
11.4667 1.212E-01
11.4833 1.222E-01
11.5000 1.231E-01
11.5167 1.241E-01
11.5333 1.250E-01
11.5500 1.260E-01
11.5667 1.269E-01
11.5833 1.279E-01
11.6000 1.288E-01
11.6167 1.297E-01
11.6333 1.307E-01
11.6500 1.316E-01
11.6667 1.325E-01
11.6833 1.334E-01
11.7000 1.343E-01
11.7167 1.352E-01
11.7333 1.361E-01
11.7500 1.370E-01
11.7667 1.379E-01
11.7833 1.387E-01
11.8000 1.396E-01
11.8167 1.405E-01
11.8333 1.413E-01
11.8500 1.422E-01
11.8667 1.430E-01
11.8833 1.438E-01
11.9000 1.447E-01
11.9167 1.455E-01
11.9333 1.463E-01
11.9500 1.471E-01
11.9667 1.479E-01
11.9833 1.487E-01
12.0000 1.494E-01
12.0167 1.502E-01
12.0333 1.509E-01
12.0500 1.517E-01
12.0667 1.525E-01
12.0833 1.532E-01
12.1000 1.539E-01
12.1167 1.546E-01
12.1333 1.553E-01
12.1500 1.560E-01
12.1667 1.567E-01
12.1833 1.574E-01
12.2000 1.581E-01
12.2167 1.587E-01
12.2333 1.593E-01
12.2500 1.600E-01
12.2667 1.606E-01
12.2833 1.613E-01
12.3000 1.619E-01
12.3167 1.625E-01
12.3333 1.631E-01
12.3500 1.637E-01
12.3667 1.642E-01
12.3833 1.648E-01
12.4000 1.653E-01
12.4167 1.659E-01
12.4333 1.664E-01
12.4500 1.669E-01
12.4667 1.674E-01
12.4833 1.679E-01
12.5000 1.684E-01
12.5167 1.689E-01
12.5333 1.694E-01
12.5500 1.698E-01
12.5667 1.702E-01
12.5833 1.707E-01
12.6000 1.711E-01
12.6167 1.715E-01
12.6333 1.719E-01
12.6500 1.723E-01
12.6667 1.726E-01
12.6833 1.730E-01
12.7000 1.733E-01
12.7167 1.737E-01
12.7333 1.740E-01
12.7500 1.743E-01
12.7667 1.746E-01
12.7833 1.749E-01
12.8000 1.752E-01
12.8167 1.754E-01
12.8333 1.757E-01
12.8500 1.759E-01
12.8667 1.762E-01
12.8833 1.764E-01
12.9000 1.766E-01
12.9167 1.767E-01
12.9333 1.770E-01
12.9500 1.771E-01
12.9667 1.772E-01
12.9833 1.774E-01
13.0000 1.776E-01
13.0167 1.777E-01
13.0333 1.778E-01
13.0500 1.778E-01
13.0667 1.778E-01
13.0833 1.780E-01
13.1000 1.781E-01
13.1167 1.781E-01
13.1333 1.781E-01
13.1500 1.781E-01
13.1667 1.781E-01
13.1833 1.781E-01
13.2000 1.781E-01
13.2167 1.781E-01
13.2333 1.780E-01
13.2500 1.779E-01
13.2667 1.778E-01
13.2833 1.778E-01
13.3000 1.777E-01
13.3167 1.776E-01
13.3333 1.775E-01
13.3500 1.773E-01
13.3667 1.772E-01
13.3833 1.770E-01
13.4000 1.768E-01
13.4167 1.767E-01
13.4333 1.765E-01
13.4500 1.763E-01
13.4667 1.760E-01
13.4833 1.758E-01
13.5000 1.755E-01
13.5167 1.753E-01
13.5333 1.750E-01
13.5500 1.748E-01
13.5667 1.745E-01
13.5833 1.742E-01
13.6000 1.738E-01
13.6167 1.735E-01
13.6333 1.732E-01
13.6500 1.728E-01
13.6667 1.724E-01
13.6833 1.721E-01
13.7000 1.717E-01
13.7167 1.713E-01
13.7333 1.709E-01
13.7500 1.703E-01
13.7667 1.700E-01
13.7833 1.696E-01
13.8000 1.691E-01
13.8167 1.686E-01
13.8333 1.681E-01
13.8500 1.676E-01
13.8667 1.672E-01
13.8833 1.667E-01
13.9000 1.661E-01
13.9167 1.656E-01
13.9333 1.651E-01
13.9500 1.645E-01
13.9667 1.639E-01
13.9833 1.633E-01
14.0000 1.628E-01
14.0167 1.622E-01
14.0333 1.616E-01
14.0500 1.610E-01
14.0667 1.603E-01
14.0833 1.597E-01
14.1000 1.590E-01
14.1167 1.584E-01
14.1333 1.577E-01
14.1500 1.570E-01
14.1667 1.563E-01
14.1833 1.557E-01
14.2000 1.550E-01
14.2167 1.542E-01
14.2333 1.535E-01
14.2500 1.528E-01
14.2667 1.521E-01
14.2833 1.513E-01
14.3000 1.506E-01
14.3167 1.498E-01
14.3333 1.490E-01
14.3500 1.482E-01
14.3667 1.474E-01
14.3833 1.466E-01
14.4000 1.459E-01
14.4167 1.450E-01
14.4333 1.442E-01
14.4500 1.434E-01
14.4667 1.426E-01
14.4833 1.417E-01
14.5000 1.409E-01
14.5167 1.400E-01
14.5333 1.391E-01
14.5500 1.383E-01
14.5667 1.374E-01
14.5833 1.365E-01
14.6000 1.356E-01
14.6167 1.347E-01
14.6333 1.338E-01
14.6500 1.329E-01
14.6667 1.320E-01
14.6833 1.311E-01
14.7000 1.302E-01
14.7167 1.292E-01
14.7333 1.283E-01
14.7500 1.274E-01
14.7667 1.264E-01
14.7833 1.255E-01
14.8000 1.245E-01
14.8167 1.236E-01
14.8333 1.226E-01
14.8500 1.216E-01
14.8667 1.207E-01
14.8833 1.197E-01
14.9000 1.187E-01
14.9167 1.178E-01
14.9333 1.168E-01
14.9500 1.158E-01
14.9667 1.148E-01
14.9833 1.138E-01
