11.0000 7.670E-02
11.0167 7.757E-02
11.0333 7.843E-02
11.0500 7.929E-02
11.0667 8.015E-02
11.0833 8.102E-02
11.1000 8.188E-02
11.1167 8.275E-02
11.1333 8.361E-02
11.1500 8.447E-02
11.1667 8.533E-02
11.1833 8.619E-02
11.2000 8.705E-02
11.2167 8.791E-02
11.2333 8.877E-02
11.2500 8.962E-02
11.2667 9.048E-02
11.2833 9.133E-02
11.3000 9.219E-02
11.3167 9.304E-02
11.3333 9.388E-02
11.3500 9.473E-02
11.3667 9.557E-02
11.3833 9.641E-02
11.4000 9.726E-02
11.4167 9.809E-02
11.4333 9.892E-02
11.4500 9.975E-02
11.4667 1.006E-01
11.4833 1.014E-01
11.5000 1.022E-01
11.5167 1.030E-01
11.5333 1.039E-01
11.5500 1.047E-01
11.5667 1.055E-01
11.5833 1.063E-01
11.6000 1.071E-01
11.6167 1.079E-01
11.6333 1.087E-01
11.6500 1.094E-01
11.6667 1.102E-01
11.6833 1.110E-01
11.7000 1.118E-01
11.7167 1.125E-01
11.7333 1.133E-01
11.7500 1.141E-01
11.7667 1.148E-01
11.7833 1.156E-01
11.8000 1.163E-01
11.8167 1.170E-01
11.8333 1.178E-01
11.8500 1.185E-01
11.8667 1.192E-01
11.8833 1.199E-01
11.9000 1.206E-01
11.9167 1.213E-01
11.9333 1.220E-01
11.9500 1.227E-01
11.9667 1.234E-01
11.9833 1.241E-01
12.0000 1.247E-01
12.0167 1.254E-01
12.0333 1.260E-01
12.0500 1.267E-01
12.0667 1.273E-01
12.0833 1.279E-01
12.1000 1.286E-01
12.1167 1.292E-01
12.1333 1.298E-01
12.1500 1.304E-01
12.1667 1.310E-01
12.1833 1.316E-01
12.2000 1.321E-01
12.2167 1.327E-01
12.2333 1.332E-01
12.2500 1.338E-01
12.2667 1.344E-01
12.2833 1.349E-01
12.3000 1.354E-01
12.3167 1.359E-01
12.3333 1.365E-01
12.3500 1.370E-01
12.3667 1.374E-01
12.3833 1.379E-01
12.4000 1.384E-01
12.4167 1.388E-01
12.4333 1.393E-01
12.4500 1.398E-01
12.4667 1.401E-01
12.4833 1.406E-01
12.5000 1.410E-01
12.5167 1.414E-01
12.5333 1.419E-01
12.5500 1.422E-01
12.5667 1.425E-01
12.5833 1.430E-01
12.6000 1.434E-01
12.6167 1.437E-01
12.6333 1.440E-01
12.6500 1.443E-01
12.6667 1.447E-01
12.6833 1.450E-01
12.7000 1.453E-01
12.7167 1.456E-01
12.7333 1.459E-01
12.7500 1.461E-01
12.7667 1.464E-01
12.7833 1.466E-01
12.8000 1.469E-01
12.8167 1.471E-01
12.8333 1.473E-01
12.8500 1.475E-01
12.8667 1.477E-01
12.8833 1.479E-01
12.9000 1.481E-01
12.9167 1.483E-01
12.9333 1.483E-01
12.9500 1.485E-01
12.9667 1.487E-01
12.9833 1.488E-01
13.0000 1.489E-01
13.0167 1.490E-01
13.0333 1.491E-01
13.0500 1.492E-01
13.0667 1.492E-01
13.0833 1.492E-01
13.1000 1.493E-01
13.1167 1.494E-01
13.1333 1.494E-01
13.1500 1.494E-01
13.1667 1.494E-01
13.1833 1.494E-01
13.2000 1.494E-01
13.2167 1.494E-01
13.2333 1.493E-01
13.2500 1.492E-01
13.2667 1.492E-01
13.2833 1.492E-01
13.3000 1.490E-01
13.3167 1.490E-01
13.3333 1.488E-01
13.3500 1.487E-01
13.3667 1.486E-01
13.3833 1.484E-01
13.4000 1.483E-01
13.4167 1.482E-01
13.4333 1.480E-01
13.4500 1.478E-01
13.4667 1.476E-01
13.4833 1.474E-01
13.5000 1.472E-01
13.5167 1.470E-01
13.5333 1.468E-01
13.5500 1.465E-01
13.5667 1.462E-01
13.5833 1.460E-01
13.6000 1.457E-01
13.6167 1.454E-01
13.6333 1.452E-01
13.6500 1.448E-01
13.6667 1.445E-01
13.6833 1.442E-01
13.7000 1.439E-01
13.7167 1.435E-01
13.7333 1.432E-01
13.7500 1.428E-01
13.7667 1.424E-01
13.7833 1.421E-01
13.8000 1.417E-01
13.8167 1.413E-01
13.8333 1.408E-01
13.8500 1.404E-01
13.8667 1.400E-01
13.8833 1.395E-01
13.9000 1.391E-01
13.9167 1.386E-01
13.9333 1.382E-01
13.9500 1.377E-01
13.9667 1.372E-01
13.9833 1.367E-01
14.0000 1.362E-01
14.0167 1.357E-01
14.0333 1.352E-01
14.0500 1.346E-01
14.0667 1.341E-01
14.0833 1.336E-01
14.1000 1.330E-01
14.1167 1.325E-01
14.1333 1.319E-01
14.1500 1.313E-01
14.1667 1.307E-01
14.1833 1.301E-01
14.2000 1.295E-01
14.2167 1.289E-01
14.2333 1.283E-01
14.2500 1.277E-01
14.2667 1.270E-01
14.2833 1.264E-01
14.3000 1.257E-01
14.3167 1.251E-01
14.3333 1.244E-01
14.3500 1.237E-01
14.3667 1.231E-01
14.3833 1.224E-01
14.4000 1.217E-01
14.4167 1.210E-01
14.4333 1.203E-01
14.4500 1.196E-01
14.4667 1.189E-01
14.4833 1.182E-01
14.5000 1.174E-01
14.5167 1.167E-01
14.5333 1.160E-01
14.5500 1.152E-01
14.5667 1.145E-01
14.5833 1.137E-01
14.6000 1.130E-01
14.6167 1.122E-01
14.6333 1.114E-01
14.6500 1.106E-01
14.6667 1.099E-01
14.6833 1.091E-01
14.7000 1.083E-01
14.7167 1.075E-01
14.7333 1.067E-01
14.7500 1.059E-01
14.7667 1.051E-01
14.7833 1.043E-01
14.8000 1.035E-01
14.8167 1.027E-01
14.8333 1.018E-01
14.8500 1.010E-01
14.8667 1.002E-01
14.8833 9.937E-02
14.9000 9.853E-02
14.9167 9.770E-02
14.9333 9.686E-02
14.9500 9.602E-02
14.9667 9.518E-02
14.9833 9.433E-02
