11.0000 7.544E-02
11.0167 7.631E-02
11.0333 7.718E-02
11.0500 7.805E-02
11.0667 7.892E-02
11.0833 7.979E-02
11.1000 8.067E-02
11.1167 8.154E-02
11.1333 8.241E-02
11.1500 8.328E-02
11.1667 8.415E-02
11.1833 8.502E-02
11.2000 8.589E-02
11.2167 8.676E-02
11.2333 8.763E-02
11.2500 8.850E-02
11.2667 8.936E-02
11.2833 9.022E-02
11.3000 9.109E-02
11.3167 9.195E-02
11.3333 9.281E-02
11.3500 9.366E-02
11.3667 9.452E-02
11.3833 9.537E-02
11.4000 9.622E-02
11.4167 9.707E-02
11.4333 9.791E-02
11.4500 9.875E-02
11.4667 9.959E-02
11.4833 1.004E-01
11.5000 1.013E-01
11.5167 1.021E-01
11.5333 1.029E-01
11.5500 1.037E-01
11.5667 1.046E-01
11.5833 1.054E-01
11.6000 1.062E-01
11.6167 1.070E-01
11.6333 1.078E-01
11.6500 1.086E-01
11.6667 1.094E-01
11.6833 1.102E-01
11.7000 1.109E-01
11.7167 1.117E-01
11.7333 1.125E-01
11.7500 1.133E-01
11.7667 1.140E-01
11.7833 1.148E-01
11.8000 1.155E-01
11.8167 1.163E-01
11.8333 1.170E-01
11.8500 1.177E-01
11.8667 1.185E-01
11.8833 1.192E-01
11.9000 1.199E-01
11.9167 1.206E-01
11.9333 1.213E-01
11.9500 1.220E-01
11.9667 1.227E-01
11.9833 1.234E-01
12.0000 1.241E-01
12.0167 1.247E-01
12.0333 1.254E-01
12.0500 1.261E-01
12.0667 1.267E-01
12.0833 1.273E-01
12.1000 1.280E-01
12.1167 1.286E-01
12.1333 1.292E-01
12.1500 1.298E-01
12.1667 1.304E-01
12.1833 1.310E-01
12.2000 1.316E-01
12.2167 1.322E-01
12.2333 1.327E-01
12.2500 1.333E-01
12.2667 1.338E-01
12.2833 1.344E-01
12.3000 1.349E-01
12.3167 1.354E-01
12.3333 1.359E-01
12.3500 1.365E-01
12.3667 1.369E-01
12.3833 1.374E-01
12.4000 1.379E-01
12.4167 1.384E-01
12.4333 1.388E-01
12.4500 1.393E-01
12.4667 1.397E-01
12.4833 1.402E-01
12.5000 1.406E-01
12.5167 1.410E-01
12.5333 1.414E-01
12.5500 1.418E-01
12.5667 1.422E-01
12.5833 1.425E-01
12.6000 1.429E-01
12.6167 1.433E-01
12.6333 1.436E-01
12.6500 1.439E-01
12.6667 1.442E-01
12.6833 1.445E-01
12.7000 1.448E-01
12.7167 1.451E-01
12.7333 1.454E-01
12.7500 1.457E-01
12.7667 1.459E-01
12.7833 1.462E-01
12.8000 1.464E-01
12.8167 1.467E-01
12.8333 1.469E-01
12.8500 1.471E-01
12.8667 1.473E-01
12.8833 1.474E-01
12.9000 1.476E-01
12.9167 1.478E-01
12.9333 1.479E-01
12.9500 1.481E-01
12.9667 1.482E-01
12.9833 1.483E-01
13.0000 1.484E-01
13.0167 1.485E-01
13.0333 1.486E-01
13.0500 1.487E-01
13.0667 1.487E-01
13.0833 1.488E-01
13.1000 1.488E-01
13.1167 1.489E-01
13.1333 1.489E-01
13.1500 1.489E-01
13.1667 1.489E-01
13.1833 1.489E-01
13.2000 1.488E-01
13.2167 1.488E-01
13.2333 1.487E-01
13.2500 1.487E-01
13.2667 1.486E-01
13.2833 1.485E-01
13.3000 1.484E-01
13.3167 1.483E-01
13.3333 1.482E-01
13.3500 1.481E-01
13.3667 1.480E-01
13.3833 1.478E-01
13.4000 1.477E-01
13.4167 1.475E-01
13.4333 1.473E-01
13.4500 1.471E-01
13.4667 1.469E-01
13.4833 1.467E-01
13.5000 1.465E-01
13.5167 1.462E-01
13.5333 1.460E-01
13.5500 1.457E-01
13.5667 1.455E-01
13.5833 1.452E-01
13.6000 1.449E-01
13.6167 1.446E-01
13.6333 1.443E-01
13.6500 1.440E-01
13.6667 1.437E-01
13.6833 1.433E-01
13.7000 1.430E-01
13.7167 1.426E-01
13.7333 1.422E-01
13.7500 1.419E-01
13.7667 1.415E-01
13.7833 1.411E-01
13.8000 1.407E-01
13.8167 1.402E-01
13.8333 1.398E-01
13.8500 1.394E-01
13.8667 1.389E-01
13.8833 1.385E-01
13.9000 1.380E-01
13.9167 1.375E-01
13.9333 1.371E-01
13.9500 1.366E-01
13.9667 1.361E-01
13.9833 1.355E-01
14.0000 1.350E-01
14.0167 1.345E-01
14.0333 1.339E-01
14.0500 1.334E-01
14.0667 1.328E-01
14.0833 1.323E-01
14.1000 1.317E-01
14.1167 1.311E-01
14.1333 1.305E-01
14.1500 1.299E-01
14.1667 1.293E-01
14.1833 1.287E-01
14.2000 1.281E-01
14.2167 1.275E-01
14.2333 1.268E-01
14.2500 1.262E-01
14.2667 1.255E-01
14.2833 1.249E-01
14.3000 1.242E-01
14.3167 1.235E-01
14.3333 1.229E-01
14.3500 1.222E-01
14.3667 1.215E-01
14.3833 1.208E-01
14.4000 1.201E-01
14.4167 1.194E-01
14.4333 1.186E-01
14.4500 1.179E-01
14.4667 1.172E-01
14.4833 1.164E-01
14.5000 1.157E-01
14.5167 1.149E-01
14.5333 1.142E-01
14.5500 1.134E-01
14.5667 1.127E-01
14.5833 1.119E-01
14.6000 1.111E-01
14.6167 1.103E-01
14.6333 1.095E-01
14.6500 1.087E-01
14.6667 1.079E-01
14.6833 1.072E-01
14.7000 1.063E-01
14.7167 1.055E-01
14.7333 1.047E-01
14.7500 1.039E-01
14.7667 1.031E-01
14.7833 1.023E-01
14.8000 1.014E-01
14.8167 1.006E-01
14.8333 9.976E-02
14.8500 9.892E-02
14.8667 9.809E-02
14.8833 9.724E-02
14.9000 9.640E-02
14.9167 9.555E-02
14.9333 9.469E-02
14.9500 9.384E-02
14.9667 9.299E-02
14.9833 9.213E-02
