11.0000 6.787E-02
11.0167 6.866E-02
11.0333 6.945E-02
11.0500 7.023E-02
11.0667 7.102E-02
11.0833 7.180E-02
11.1000 7.259E-02
11.1167 7.338E-02
11.1333 7.417E-02
11.1500 7.495E-02
11.1667 7.574E-02
11.1833 7.652E-02
11.2000 7.731E-02
11.2167 7.810E-02
11.2333 7.888E-02
11.2500 7.966E-02
11.2667 8.044E-02
11.2833 8.122E-02
11.3000 8.200E-02
11.3167 8.278E-02
11.3333 8.356E-02
11.3500 8.433E-02
11.3667 8.510E-02
11.3833 8.587E-02
11.4000 8.664E-02
11.4167 8.741E-02
11.4333 8.817E-02
11.4500 8.893E-02
11.4667 8.969E-02
11.4833 9.044E-02
11.5000 9.120E-02
11.5167 9.195E-02
11.5333 9.270E-02
11.5500 9.344E-02
11.5667 9.418E-02
11.5833 9.492E-02
11.6000 9.565E-02
11.6167 9.638E-02
11.6333 9.711E-02
11.6500 9.783E-02
11.6667 9.854E-02
11.6833 9.926E-02
11.7000 9.997E-02
11.7167 1.007E-01
11.7333 1.014E-01
11.7500 1.021E-01
11.7667 1.028E-01
11.7833 1.035E-01
11.8000 1.041E-01
11.8167 1.048E-01
11.8333 1.055E-01
11.8500 1.061E-01
11.8667 1.068E-01
11.8833 1.075E-01
11.9000 1.081E-01
11.9167 1.088E-01
11.9333 1.094E-01
11.9500 1.100E-01
11.9667 1.107E-01
11.9833 1.113E-01
12.0000 1.119E-01
12.0167 1.125E-01
12.0333 1.131E-01
12.0500 1.137E-01
12.0667 1.143E-01
12.0833 1.149E-01
12.1000 1.154E-01
12.1167 1.160E-01
12.1333 1.166E-01
12.1500 1.171E-01
12.1667 1.177E-01
12.1833 1.182E-01
12.2000 1.187E-01
12.2167 1.192E-01
12.2333 1.198E-01
12.2500 1.203E-01
12.2667 1.208E-01
12.2833 1.213E-01
12.3000 1.218E-01
12.3167 1.222E-01
12.3333 1.227E-01
12.3500 1.232E-01
12.3667 1.236E-01
12.3833 1.241E-01
12.4000 1.245E-01
12.4167 1.249E-01
12.4333 1.254E-01
12.4500 1.258E-01
12.4667 1.262E-01
12.4833 1.266E-01
12.5000 1.269E-01
12.5167 1.273E-01
12.5333 1.277E-01
12.5500 1.281E-01
12.5667 1.284E-01
12.5833 1.287E-01
12.6000 1.291E-01
12.6167 1.294E-01
12.6333 1.297E-01
12.6500 1.300E-01
12.6667 1.303E-01
12.6833 1.306E-01
12.7000 1.309E-01
12.7167 1.311E-01
12.7333 1.314E-01
12.7500 1.317E-01
12.7667 1.319E-01
12.7833 1.321E-01
12.8000 1.323E-01
12.8167 1.325E-01
12.8333 1.327E-01
12.8500 1.329E-01
12.8667 1.331E-01
12.8833 1.333E-01
12.9000 1.335E-01
12.9167 1.336E-01
12.9333 1.337E-01
12.9500 1.339E-01
12.9667 1.340E-01
12.9833 1.341E-01
13.0000 1.342E-01
13.0167 1.343E-01
13.0333 1.344E-01
13.0500 1.345E-01
13.0667 1.345E-01
13.0833 1.346E-01
13.1000 1.346E-01
13.1167 1.346E-01
13.1333 1.347E-01
13.1500 1.347E-01
13.1667 1.347E-01
13.1833 1.347E-01
13.2000 1.347E-01
13.2167 1.346E-01
13.2333 1.346E-01
13.2500 1.346E-01
13.2667 1.345E-01
13.2833 1.344E-01
13.3000 1.343E-01
13.3167 1.343E-01
13.3333 1.342E-01
13.3500 1.341E-01
13.3667 1.340E-01
13.3833 1.338E-01
13.4000 1.336E-01
13.4167 1.335E-01
13.4333 1.334E-01
13.4500 1.332E-01
13.4667 1.330E-01
13.4833 1.328E-01
13.5000 1.327E-01
13.5167 1.324E-01
13.5333 1.322E-01
13.5500 1.320E-01
13.5667 1.318E-01
13.5833 1.315E-01
13.6000 1.313E-01
13.6167 1.310E-01
13.6333 1.307E-01
13.6500 1.305E-01
13.6667 1.302E-01
13.6833 1.299E-01
13.7000 1.295E-01
13.7167 1.292E-01
13.7333 1.289E-01
13.7500 1.286E-01
13.7667 1.282E-01
13.7833 1.279E-01
13.8000 1.275E-01
13.8167 1.271E-01
13.8333 1.268E-01
13.8500 1.264E-01
13.8667 1.260E-01
13.8833 1.256E-01
13.9000 1.251E-01
13.9167 1.247E-01
13.9333 1.243E-01
13.9500 1.239E-01
13.9667 1.234E-01
13.9833 1.229E-01
14.0000 1.225E-01
14.0167 1.220E-01
14.0333 1.215E-01
14.0500 1.210E-01
14.0667 1.205E-01
14.0833 1.200E-01
14.1000 1.195E-01
14.1167 1.190E-01
14.1333 1.185E-01
14.1500 1.179E-01
14.1667 1.174E-01
14.1833 1.168E-01
14.2000 1.163E-01
14.2167 1.157E-01
14.2333 1.152E-01
14.2500 1.146E-01
14.2667 1.140E-01
14.2833 1.134E-01
14.3000 1.128E-01
14.3167 1.122E-01
14.3333 1.116E-01
14.3500 1.110E-01
14.3667 1.104E-01
14.3833 1.097E-01
14.4000 1.091E-01
14.4167 1.084E-01
14.4333 1.078E-01
14.4500 1.071E-01
14.4667 1.065E-01
14.4833 1.058E-01
14.5000 1.052E-01
14.5167 1.045E-01
14.5333 1.038E-01
14.5500 1.031E-01
14.5667 1.024E-01
14.5833 1.017E-01
14.6000 1.010E-01
14.6167 1.003E-01
14.6333 9.963E-02
14.6500 9.892E-02
14.6667 9.820E-02
14.6833 9.749E-02
14.7000 9.676E-02
14.7167 9.603E-02
14.7333 9.530E-02
14.7500 9.456E-02
14.7667 9.383E-02
14.7833 9.309E-02
14.8000 9.234E-02
14.8167 9.159E-02
14.8333 9.084E-02
14.8500 9.008E-02
14.8667 8.933E-02
14.8833 8.857E-02
14.9000 8.780E-02
14.9167 8.704E-02
14.9333 8.627E-02
14.9500 8.550E-02
14.9667 8.473E-02
14.9833 8.396E-02
