11.0000 8.178E-02
11.0167 8.272E-02
11.0333 8.365E-02
11.0500 8.458E-02
11.0667 8.552E-02
11.0833 8.645E-02
11.1000 8.738E-02
11.1167 8.832E-02
11.1333 8.925E-02
11.1500 9.018E-02
11.1667 9.111E-02
11.1833 9.204E-02
11.2000 9.297E-02
11.2167 9.391E-02
11.2333 9.483E-02
11.2500 9.576E-02
11.2667 9.668E-02
11.2833 9.760E-02
11.3000 9.853E-02
11.3167 9.945E-02
11.3333 1.004E-01
11.3500 1.013E-01
11.3667 1.022E-01
11.3833 1.031E-01
11.4000 1.040E-01
11.4167 1.049E-01
11.4333 1.058E-01
11.4500 1.067E-01
11.4667 1.076E-01
11.4833 1.085E-01
11.5000 1.094E-01
11.5167 1.103E-01
11.5333 1.112E-01
11.5500 1.120E-01
11.5667 1.129E-01
11.5833 1.138E-01
11.6000 1.146E-01
11.6167 1.155E-01
11.6333 1.164E-01
11.6500 1.172E-01
11.6667 1.181E-01
11.6833 1.189E-01
11.7000 1.197E-01
11.7167 1.206E-01
11.7333 1.214E-01
11.7500 1.222E-01
11.7667 1.230E-01
11.7833 1.238E-01
11.8000 1.246E-01
11.8167 1.254E-01
11.8333 1.262E-01
11.8500 1.270E-01
11.8667 1.278E-01
11.8833 1.285E-01
11.9000 1.293E-01
11.9167 1.301E-01
11.9333 1.308E-01
11.9500 1.316E-01
11.9667 1.323E-01
11.9833 1.330E-01
12.0000 1.337E-01
12.0167 1.345E-01
12.0333 1.352E-01
12.0500 1.359E-01
12.0667 1.365E-01
12.0833 1.372E-01
12.1000 1.379E-01
12.1167 1.386E-01
12.1333 1.392E-01
12.1500 1.399E-01
12.1667 1.405E-01
12.1833 1.411E-01
12.2000 1.418E-01
12.2167 1.424E-01
12.2333 1.430E-01
12.2500 1.436E-01
12.2667 1.442E-01
12.2833 1.447E-01
12.3000 1.453E-01
12.3167 1.459E-01
12.3333 1.464E-01
12.3500 1.470E-01
12.3667 1.475E-01
12.3833 1.480E-01
12.4000 1.485E-01
12.4167 1.490E-01
12.4333 1.495E-01
12.4500 1.500E-01
12.4667 1.505E-01
12.4833 1.509E-01
12.5000 1.514E-01
12.5167 1.518E-01
12.5333 1.522E-01
12.5500 1.527E-01
12.5667 1.531E-01
12.5833 1.535E-01
12.6000 1.538E-01
12.6167 1.542E-01
12.6333 1.546E-01
12.6500 1.549E-01
12.6667 1.553E-01
12.6833 1.556E-01
12.7000 1.559E-01
12.7167 1.563E-01
12.7333 1.565E-01
12.7500 1.568E-01
12.7667 1.571E-01
12.7833 1.574E-01
12.8000 1.576E-01
12.8167 1.579E-01
12.8333 1.581E-01
12.8500 1.583E-01
12.8667 1.585E-01
12.8833 1.587E-01
12.9000 1.589E-01
12.9167 1.591E-01
12.9333 1.593E-01
12.9500 1.594E-01
12.9667 1.595E-01
12.9833 1.597E-01
13.0000 1.598E-01
13.0167 1.599E-01
13.0333 1.600E-01
13.0500 1.601E-01
13.0667 1.601E-01
13.0833 1.602E-01
13.1000 1.602E-01
13.1167 1.603E-01
13.1333 1.603E-01
13.1500 1.603E-01
13.1667 1.603E-01
13.1833 1.603E-01
13.2000 1.603E-01
13.2167 1.602E-01
13.2333 1.602E-01
13.2500 1.601E-01
13.2667 1.601E-01
13.2833 1.600E-01
13.3000 1.599E-01
13.3167 1.598E-01
13.3333 1.596E-01
13.3500 1.595E-01
13.3667 1.594E-01
13.3833 1.592E-01
13.4000 1.591E-01
13.4167 1.589E-01
13.4333 1.587E-01
13.4500 1.585E-01
13.4667 1.583E-01
13.4833 1.581E-01
13.5000 1.578E-01
13.5167 1.576E-01
13.5333 1.573E-01
13.5500 1.571E-01
13.5667 1.568E-01
13.5833 1.565E-01
13.6000 1.562E-01
13.6167 1.559E-01
13.6333 1.556E-01
13.6500 1.552E-01
13.6667 1.549E-01
13.6833 1.545E-01
13.7000 1.541E-01
13.7167 1.538E-01
13.7333 1.534E-01
13.7500 1.530E-01
13.7667 1.526E-01
13.7833 1.522E-01
13.8000 1.517E-01
13.8167 1.513E-01
13.8333 1.508E-01
13.8500 1.504E-01
13.8667 1.499E-01
13.8833 1.494E-01
13.9000 1.489E-01
13.9167 1.484E-01
13.9333 1.479E-01
13.9500 1.474E-01
13.9667 1.469E-01
13.9833 1.463E-01
14.0000 1.458E-01
14.0167 1.452E-01
14.0333 1.446E-01
14.0500 1.441E-01
14.0667 1.435E-01
14.0833 1.429E-01
14.1000 1.423E-01
14.1167 1.416E-01
14.1333 1.410E-01
14.1500 1.404E-01
14.1667 1.397E-01
14.1833 1.391E-01
14.2000 1.384E-01
14.2167 1.378E-01
14.2333 1.371E-01
14.2500 1.364E-01
14.2667 1.357E-01
14.2833 1.350E-01
14.3000 1.343E-01
14.3167 1.336E-01
14.3333 1.329E-01
14.3500 1.322E-01
14.3667 1.314E-01
14.3833 1.307E-01
14.4000 1.299E-01
14.4167 1.292E-01
14.4333 1.284E-01
14.4500 1.276E-01
14.4667 1.268E-01
14.4833 1.261E-01
14.5000 1.253E-01
14.5167 1.245E-01
14.5333 1.237E-01
14.5500 1.229E-01
14.5667 1.220E-01
14.5833 1.212E-01
14.6000 1.204E-01
14.6167 1.196E-01
14.6333 1.187E-01
14.6500 1.179E-01
14.6667 1.170E-01
14.6833 1.162E-01
14.7000 1.153E-01
14.7167 1.145E-01
14.7333 1.136E-01
14.7500 1.127E-01
14.7667 1.119E-01
14.7833 1.110E-01
14.8000 1.101E-01
14.8167 1.092E-01
14.8333 1.083E-01
14.8500 1.074E-01
14.8667 1.065E-01
14.8833 1.056E-01
14.9000 1.047E-01
14.9167 1.038E-01
14.9333 1.029E-01
14.9500 1.020E-01
14.9667 1.011E-01
14.9833 1.002E-01
