11.0000 1.178E-01
11.0167 1.191E-01
11.0333 1.203E-01
11.0500 1.215E-01
11.0667 1.227E-01
11.0833 1.240E-01
11.1000 1.252E-01
11.1167 1.264E-01
11.1333 1.276E-01
11.1500 1.288E-01
11.1667 1.301E-01
11.1833 1.313E-01
11.2000 1.325E-01
11.2167 1.337E-01
11.2333 1.349E-01
11.2500 1.361E-01
11.2667 1.373E-01
11.2833 1.385E-01
11.3000 1.397E-01
11.3167 1.409E-01
11.3333 1.421E-01
11.3500 1.433E-01
11.3667 1.445E-01
11.3833 1.456E-01
11.4000 1.468E-01
11.4167 1.480E-01
11.4333 1.491E-01
11.4500 1.503E-01
11.4667 1.514E-01
11.4833 1.526E-01
11.5000 1.537E-01
11.5167 1.549E-01
11.5333 1.560E-01
11.5500 1.571E-01
11.5667 1.583E-01
11.5833 1.594E-01
11.6000 1.605E-01
11.6167 1.616E-01
11.6333 1.627E-01
11.6500 1.638E-01
11.6667 1.649E-01
11.6833 1.659E-01
11.7000 1.670E-01
11.7167 1.681E-01
11.7333 1.691E-01
11.7500 1.702E-01
11.7667 1.712E-01
11.7833 1.722E-01
11.8000 1.732E-01
11.8167 1.742E-01
11.8333 1.753E-01
11.8500 1.763E-01
11.8667 1.773E-01
11.8833 1.782E-01
11.9000 1.792E-01
11.9167 1.801E-01
11.9333 1.811E-01
11.9500 1.820E-01
11.9667 1.830E-01
11.9833 1.839E-01
12.0000 1.848E-01
12.0167 1.857E-01
12.0333 1.866E-01
12.0500 1.875E-01
12.0667 1.884E-01
12.0833 1.892E-01
12.1000 1.900E-01
12.1167 1.908E-01
12.1333 1.918E-01
12.1500 1.925E-01
12.1667 1.934E-01
12.1833 1.942E-01
12.2000 1.949E-01
12.2167 1.957E-01
12.2333 1.965E-01
12.2500 1.973E-01
12.2667 1.980E-01
12.2833 1.987E-01
12.3000 1.994E-01
12.3167 2.001E-01
12.3333 2.008E-01
12.3500 2.014E-01
12.3667 2.022E-01
12.3833 2.028E-01
12.4000 2.035E-01
12.4167 2.041E-01
12.4333 2.047E-01
12.4500 2.053E-01
12.4667 2.059E-01
12.4833 2.064E-01
12.5000 2.071E-01
12.5167 2.076E-01
12.5333 2.081E-01
12.5500 2.087E-01
12.5667 2.091E-01
12.5833 2.097E-01
12.6000 2.102E-01
12.6167 2.106E-01
12.6333 2.111E-01
12.6500 2.114E-01
12.6667 2.120E-01
12.6833 2.124E-01
12.7000 2.128E-01
12.7167 2.132E-01
12.7333 2.135E-01
12.7500 2.139E-01
12.7667 2.142E-01
12.7833 2.146E-01
12.8000 2.149E-01
12.8167 2.152E-01
12.8333 2.154E-01
12.8500 2.158E-01
12.8667 2.159E-01
12.8833 2.163E-01
12.9000 2.165E-01
12.9167 2.167E-01
12.9333 2.169E-01
12.9500 2.171E-01
12.9667 2.173E-01
12.9833 2.174E-01
13.0000 2.176E-01
13.0167 2.177E-01
13.0333 2.178E-01
13.0500 2.179E-01
13.0667 2.180E-01
13.0833 2.181E-01
13.1000 2.182E-01
13.1167 2.182E-01
13.1333 2.182E-01
13.1500 2.182E-01
13.1667 2.182E-01
13.1833 2.182E-01
13.2000 2.182E-01
13.2167 2.181E-01
13.2333 2.181E-01
13.2500 2.180E-01
13.2667 2.179E-01
13.2833 2.178E-01
13.3000 2.177E-01
13.3167 2.175E-01
13.3333 2.174E-01
13.3500 2.172E-01
13.3667 2.171E-01
13.3833 2.169E-01
13.4000 2.166E-01
13.4167 2.164E-01
13.4333 2.162E-01
13.4500 2.159E-01
13.4667 2.156E-01
13.4833 2.151E-01
13.5000 2.151E-01
13.5167 2.148E-01
13.5333 2.144E-01
13.5500 2.141E-01
13.5667 2.138E-01
13.5833 2.133E-01
13.6000 2.130E-01
13.6167 2.126E-01
13.6333 2.122E-01
13.6500 2.117E-01
13.6667 2.114E-01
13.6833 2.109E-01
13.7000 2.105E-01
13.7167 2.100E-01
13.7333 2.095E-01
13.7500 2.089E-01
13.7667 2.085E-01
13.7833 2.079E-01
13.8000 2.074E-01
13.8167 2.068E-01
13.8333 2.063E-01
13.8500 2.057E-01
13.8667 2.050E-01
13.8833 2.044E-01
13.9000 2.039E-01
13.9167 2.032E-01
13.9333 2.026E-01
13.9500 2.019E-01
13.9667 2.013E-01
13.9833 2.006E-01
14.0000 1.999E-01
14.0167 1.991E-01
14.0333 1.985E-01
14.0500 1.977E-01
14.0667 1.969E-01
14.0833 1.962E-01
14.1000 1.954E-01
14.1167 1.947E-01
14.1333 1.939E-01
14.1500 1.931E-01
14.1667 1.923E-01
14.1833 1.914E-01
14.2000 1.906E-01
14.2167 1.897E-01
14.2333 1.889E-01
14.2500 1.880E-01
14.2667 1.872E-01
14.2833 1.863E-01
14.3000 1.854E-01
14.3167 1.844E-01
14.3333 1.836E-01
14.3500 1.826E-01
14.3667 1.817E-01
14.3833 1.807E-01
14.4000 1.798E-01
14.4167 1.788E-01
14.4333 1.778E-01
14.4500 1.769E-01
14.4667 1.758E-01
14.4833 1.749E-01
14.5000 1.739E-01
14.5167 1.729E-01
14.5333 1.718E-01
14.5500 1.708E-01
14.5667 1.698E-01
14.5833 1.687E-01
14.6000 1.677E-01
14.6167 1.666E-01
14.6333 1.655E-01
14.6500 1.644E-01
14.6667 1.634E-01
14.6833 1.623E-01
14.7000 1.612E-01
14.7167 1.601E-01
14.7333 1.590E-01
14.7500 1.578E-01
14.7667 1.567E-01
14.7833 1.556E-01
14.8000 1.545E-01
14.8167 1.533E-01
14.8333 1.522E-01
14.8500 1.510E-01
14.8667 1.499E-01
14.8833 1.487E-01
14.9000 1.475E-01
14.9167 1.464E-01
14.9333 1.452E-01
14.9500 1.440E-01
14.9667 1.428E-01
14.9833 1.416E-01
