11.0000 1.641E-01
11.0167 1.655E-01
11.0333 1.669E-01
11.0500 1.684E-01
11.0667 1.699E-01
11.0833 1.713E-01
11.1000 1.728E-01
11.1167 1.742E-01
11.1333 1.756E-01
11.1500 1.771E-01
11.1667 1.785E-01
11.1833 1.799E-01
11.2000 1.813E-01
11.2167 1.827E-01
11.2333 1.841E-01
11.2500 1.855E-01
11.2667 1.869E-01
11.2833 1.883E-01
11.3000 1.897E-01
11.3167 1.911E-01
11.3333 1.925E-01
11.3500 1.937E-01
11.3667 1.952E-01
11.3833 1.965E-01
11.4000 1.979E-01
11.4167 1.992E-01
11.4333 2.005E-01
11.4500 2.019E-01
11.4667 2.032E-01
11.4833 2.045E-01
11.5000 2.058E-01
11.5167 2.071E-01
11.5333 2.084E-01
11.5500 2.096E-01
11.5667 2.107E-01
11.5833 2.122E-01
11.6000 2.134E-01
11.6167 2.147E-01
11.6333 2.159E-01
11.6500 2.171E-01
11.6667 2.183E-01
11.6833 2.196E-01
11.7000 2.208E-01
11.7167 2.219E-01
11.7333 2.230E-01
11.7500 2.242E-01
11.7667 2.254E-01
11.7833 2.264E-01
11.8000 2.277E-01
11.8167 2.288E-01
11.8333 2.299E-01
11.8500 2.310E-01
11.8667 2.321E-01
11.8833 2.332E-01
11.9000 2.343E-01
11.9167 2.353E-01
11.9333 2.364E-01
11.9500 2.374E-01
11.9667 2.384E-01
11.9833 2.394E-01
12.0000 2.404E-01
12.0167 2.414E-01
12.0333 2.424E-01
12.0500 2.434E-01
12.0667 2.443E-01
12.0833 2.452E-01
12.1000 2.461E-01
12.1167 2.470E-01
12.1333 2.479E-01
12.1500 2.487E-01
12.1667 2.497E-01
12.1833 2.505E-01
12.2000 2.514E-01
12.2167 2.521E-01
12.2333 2.527E-01
12.2500 2.536E-01
12.2667 2.546E-01
12.2833 2.553E-01
12.3000 2.561E-01
12.3167 2.568E-01
12.3333 2.574E-01
12.3500 2.583E-01
12.3667 2.590E-01
12.3833 2.596E-01
12.4000 2.603E-01
12.4167 2.610E-01
12.4333 2.616E-01
12.4500 2.621E-01
12.4667 2.628E-01
12.4833 2.632E-01
12.5000 2.640E-01
12.5167 2.645E-01
12.5333 2.651E-01
12.5500 2.656E-01
12.5667 2.661E-01
12.5833 2.666E-01
12.6000 2.671E-01
12.6167 2.676E-01
12.6333 2.678E-01
12.6500 2.684E-01
12.6667 2.688E-01
12.6833 2.692E-01
12.7000 2.696E-01
12.7167 2.700E-01
12.7333 2.703E-01
12.7500 2.707E-01
12.7667 2.710E-01
12.7833 2.713E-01
12.8000 2.716E-01
12.8167 2.717E-01
12.8333 2.721E-01
12.8500 2.723E-01
12.8667 2.725E-01
12.8833 2.727E-01
12.9000 2.729E-01
12.9167 2.731E-01
12.9333 2.733E-01
12.9500 2.734E-01
12.9667 2.735E-01
12.9833 2.736E-01
13.0000 2.737E-01
13.0167 2.738E-01
13.0333 2.738E-01
13.0500 2.738E-01
13.0667 2.739E-01
13.0833 2.739E-01
13.1000 2.739E-01
13.1167 2.738E-01
13.1333 2.738E-01
13.1500 2.737E-01
13.1667 2.736E-01
13.1833 2.735E-01
13.2000 2.734E-01
13.2167 2.733E-01
13.2333 2.731E-01
13.2500 2.730E-01
13.2667 2.728E-01
13.2833 2.726E-01
13.3000 2.724E-01
13.3167 2.721E-01
13.3333 2.717E-01
13.3500 2.716E-01
13.3667 2.713E-01
13.3833 2.710E-01
13.4000 2.707E-01
13.4167 2.704E-01
13.4333 2.700E-01
13.4500 2.697E-01
13.4667 2.693E-01
13.4833 2.689E-01
13.5000 2.685E-01
13.5167 2.679E-01
13.5333 2.676E-01
13.5500 2.672E-01
13.5667 2.667E-01
13.5833 2.662E-01
13.6000 2.657E-01
13.6167 2.651E-01
13.6333 2.646E-01
13.6500 2.641E-01
13.6667 2.632E-01
13.6833 2.629E-01
13.7000 2.621E-01
13.7167 2.617E-01
13.7333 2.610E-01
13.7500 2.604E-01
13.7667 2.597E-01
13.7833 2.591E-01
13.8000 2.584E-01
13.8167 2.576E-01
13.8333 2.570E-01
13.8500 2.562E-01
13.8667 2.555E-01
13.8833 2.547E-01
13.9000 2.538E-01
13.9167 2.530E-01
13.9333 2.522E-01
13.9500 2.515E-01
13.9667 2.507E-01
13.9833 2.497E-01
14.0000 2.489E-01
14.0167 2.481E-01
14.0333 2.471E-01
14.0500 2.463E-01
14.0667 2.454E-01
14.0833 2.444E-01
14.1000 2.435E-01
14.1167 2.425E-01
14.1333 2.416E-01
14.1500 2.406E-01
14.1667 2.396E-01
14.1833 2.386E-01
14.2000 2.375E-01
14.2167 2.365E-01
14.2333 2.355E-01
14.2500 2.344E-01
14.2667 2.334E-01
14.2833 2.323E-01
14.3000 2.312E-01
14.3167 2.301E-01
14.3333 2.290E-01
14.3500 2.279E-01
14.3667 2.267E-01
14.3833 2.256E-01
14.4000 2.245E-01
14.4167 2.232E-01
14.4333 2.221E-01
14.4500 2.209E-01
14.4667 2.197E-01
14.4833 2.185E-01
14.5000 2.173E-01
14.5167 2.161E-01
14.5333 2.149E-01
14.5500 2.136E-01
14.5667 2.124E-01
14.5833 2.111E-01
14.6000 2.095E-01
14.6167 2.085E-01
14.6333 2.073E-01
14.6500 2.060E-01
14.6667 2.047E-01
14.6833 2.034E-01
14.7000 2.021E-01
14.7167 2.007E-01
14.7333 1.994E-01
14.7500 1.981E-01
14.7667 1.967E-01
14.7833 1.954E-01
14.8000 1.940E-01
14.8167 1.927E-01
14.8333 1.912E-01
14.8500 1.899E-01
14.8667 1.885E-01
14.8833 1.871E-01
14.9000 1.857E-01
14.9167 1.843E-01
14.9333 1.829E-01
14.9500 1.815E-01
14.9667 1.801E-01
14.9833 1.787E-01
