11.0000 1.637E-01
11.0167 1.652E-01
11.0333 1.667E-01
11.0500 1.682E-01
11.0667 1.696E-01
11.0833 1.711E-01
11.1000 1.726E-01
11.1167 1.740E-01
11.1333 1.755E-01
11.1500 1.769E-01
11.1667 1.784E-01
11.1833 1.798E-01
11.2000 1.813E-01
11.2167 1.827E-01
11.2333 1.841E-01
11.2500 1.856E-01
11.2667 1.869E-01
11.2833 1.883E-01
11.3000 1.898E-01
11.3167 1.912E-01
11.3333 1.926E-01
11.3500 1.940E-01
11.3667 1.954E-01
11.3833 1.968E-01
11.4000 1.982E-01
11.4167 1.995E-01
11.4333 2.009E-01
11.4500 2.022E-01
11.4667 2.036E-01
11.4833 2.049E-01
11.5000 2.061E-01
11.5167 2.076E-01
11.5333 2.088E-01
11.5500 2.102E-01
11.5667 2.115E-01
11.5833 2.128E-01
11.6000 2.141E-01
11.6167 2.153E-01
11.6333 2.166E-01
11.6500 2.178E-01
11.6667 2.191E-01
11.6833 2.203E-01
11.7000 2.215E-01
11.7167 2.228E-01
11.7333 2.240E-01
11.7500 2.251E-01
11.7667 2.263E-01
11.7833 2.275E-01
11.8000 2.287E-01
11.8167 2.298E-01
11.8333 2.310E-01
11.8500 2.321E-01
11.8667 2.332E-01
11.8833 2.343E-01
11.9000 2.354E-01
11.9167 2.365E-01
11.9333 2.376E-01
11.9500 2.386E-01
11.9667 2.397E-01
11.9833 2.407E-01
12.0000 2.417E-01
12.0167 2.427E-01
12.0333 2.437E-01
12.0500 2.446E-01
12.0667 2.457E-01
12.0833 2.467E-01
12.1000 2.476E-01
12.1167 2.485E-01
12.1333 2.494E-01
12.1500 2.504E-01
12.1667 2.512E-01
12.1833 2.521E-01
12.2000 2.530E-01
12.2167 2.534E-01
12.2333 2.547E-01
12.2500 2.555E-01
12.2667 2.563E-01
12.2833 2.570E-01
12.3000 2.579E-01
12.3167 2.586E-01
12.3333 2.594E-01
12.3500 2.601E-01
12.3667 2.608E-01
12.3833 2.615E-01
12.4000 2.622E-01
12.4167 2.628E-01
12.4333 2.636E-01
12.4500 2.642E-01
12.4667 2.648E-01
12.4833 2.655E-01
12.5000 2.660E-01
12.5167 2.666E-01
12.5333 2.672E-01
12.5500 2.677E-01
12.5667 2.683E-01
12.5833 2.688E-01
12.6000 2.692E-01
12.6167 2.698E-01
12.6333 2.703E-01
12.6500 2.705E-01
12.6667 2.711E-01
12.6833 2.716E-01
12.7000 2.719E-01
12.7167 2.724E-01
12.7333 2.727E-01
12.7500 2.730E-01
12.7667 2.734E-01
12.7833 2.737E-01
12.8000 2.738E-01
12.8167 2.743E-01
12.8333 2.746E-01
12.8500 2.746E-01
12.8667 2.751E-01
12.8833 2.753E-01
12.9000 2.755E-01
12.9167 2.757E-01
12.9333 2.759E-01
12.9500 2.760E-01
12.9667 2.761E-01
12.9833 2.763E-01
13.0000 2.764E-01
13.0167 2.765E-01
13.0333 2.765E-01
13.0500 2.766E-01
13.0667 2.766E-01
13.0833 2.766E-01
13.1000 2.766E-01
13.1167 2.766E-01
13.1333 2.766E-01
13.1500 2.765E-01
13.1667 2.764E-01
13.1833 2.764E-01
13.2000 2.763E-01
13.2167 2.761E-01
13.2333 2.760E-01
13.2500 2.758E-01
13.2667 2.757E-01
13.2833 2.755E-01
13.3000 2.753E-01
13.3167 2.750E-01
13.3333 2.746E-01
13.3500 2.745E-01
13.3667 2.743E-01
13.3833 2.737E-01
13.4000 2.737E-01
13.4167 2.734E-01
13.4333 2.730E-01
13.4500 2.727E-01
13.4667 2.723E-01
13.4833 2.719E-01
13.5000 2.715E-01
13.5167 2.711E-01
13.5333 2.704E-01
13.5500 2.702E-01
13.5667 2.697E-01
13.5833 2.692E-01
13.6000 2.687E-01
13.6167 2.682E-01
13.6333 2.676E-01
13.6500 2.671E-01
13.6667 2.666E-01
13.6833 2.660E-01
13.7000 2.654E-01
13.7167 2.647E-01
13.7333 2.641E-01
13.7500 2.635E-01
13.7667 2.628E-01
13.7833 2.621E-01
13.8000 2.615E-01
13.8167 2.607E-01
13.8333 2.600E-01
13.8500 2.593E-01
13.8667 2.585E-01
13.8833 2.578E-01
13.9000 2.570E-01
13.9167 2.562E-01
13.9333 2.554E-01
13.9500 2.546E-01
13.9667 2.533E-01
13.9833 2.529E-01
14.0000 2.520E-01
14.0167 2.511E-01
14.0333 2.502E-01
14.0500 2.493E-01
14.0667 2.484E-01
14.0833 2.475E-01
14.1000 2.465E-01
14.1167 2.456E-01
14.1333 2.446E-01
14.1500 2.436E-01
14.1667 2.426E-01
14.1833 2.416E-01
14.2000 2.406E-01
14.2167 2.395E-01
14.2333 2.385E-01
14.2500 2.374E-01
14.2667 2.364E-01
14.2833 2.353E-01
14.3000 2.342E-01
14.3167 2.331E-01
14.3333 2.319E-01
14.3500 2.308E-01
14.3667 2.297E-01
14.3833 2.285E-01
14.4000 2.273E-01
14.4167 2.262E-01
14.4333 2.250E-01
14.4500 2.238E-01
14.4667 2.226E-01
14.4833 2.214E-01
14.5000 2.200E-01
14.5167 2.189E-01
14.5333 2.177E-01
14.5500 2.164E-01
14.5667 2.151E-01
14.5833 2.139E-01
14.6000 2.126E-01
14.6167 2.113E-01
14.6333 2.100E-01
14.6500 2.087E-01
14.6667 2.074E-01
14.6833 2.060E-01
14.7000 2.047E-01
14.7167 2.034E-01
14.7333 2.021E-01
14.7500 2.007E-01
14.7667 1.993E-01
14.7833 1.980E-01
14.8000 1.965E-01
14.8167 1.952E-01
14.8333 1.938E-01
14.8500 1.922E-01
14.8667 1.910E-01
14.8833 1.896E-01
14.9000 1.882E-01
14.9167 1.868E-01
14.9333 1.854E-01
14.9500 1.839E-01
14.9667 1.825E-01
14.9833 1.811E-01
