11.0000 1.192E-01
11.0167 1.204E-01
11.0333 1.217E-01
11.0500 1.229E-01
11.0667 1.241E-01
11.0833 1.253E-01
11.1000 1.265E-01
11.1167 1.278E-01
11.1333 1.290E-01
11.1500 1.302E-01
11.1667 1.314E-01
11.1833 1.326E-01
11.2000 1.338E-01
11.2167 1.350E-01
11.2333 1.362E-01
11.2500 1.374E-01
11.2667 1.386E-01
11.2833 1.398E-01
11.3000 1.410E-01
11.3167 1.422E-01
11.3333 1.434E-01
11.3500 1.446E-01
11.3667 1.458E-01
11.3833 1.469E-01
11.4000 1.481E-01
11.4167 1.493E-01
11.4333 1.504E-01
11.4500 1.516E-01
11.4667 1.527E-01
11.4833 1.539E-01
11.5000 1.550E-01
11.5167 1.561E-01
11.5333 1.573E-01
11.5500 1.584E-01
11.5667 1.595E-01
11.5833 1.606E-01
11.6000 1.617E-01
11.6167 1.628E-01
11.6333 1.639E-01
11.6500 1.650E-01
11.6667 1.660E-01
11.6833 1.671E-01
11.7000 1.682E-01
11.7167 1.692E-01
11.7333 1.703E-01
11.7500 1.713E-01
11.7667 1.724E-01
11.7833 1.734E-01
11.8000 1.744E-01
11.8167 1.754E-01
11.8333 1.764E-01
11.8500 1.774E-01
11.8667 1.784E-01
11.8833 1.793E-01
11.9000 1.803E-01
11.9167 1.812E-01
11.9333 1.822E-01
11.9500 1.831E-01
11.9667 1.841E-01
11.9833 1.849E-01
12.0000 1.859E-01
12.0167 1.867E-01
12.0333 1.877E-01
12.0500 1.886E-01
12.0667 1.894E-01
12.0833 1.903E-01
12.1000 1.911E-01
12.1167 1.920E-01
12.1333 1.928E-01
12.1500 1.936E-01
12.1667 1.943E-01
12.1833 1.952E-01
12.2000 1.958E-01
12.2167 1.967E-01
12.2333 1.975E-01
12.2500 1.982E-01
12.2667 1.990E-01
12.2833 1.996E-01
12.3000 2.002E-01
12.3167 2.011E-01
12.3333 2.018E-01
12.3500 2.024E-01
12.3667 2.031E-01
12.3833 2.037E-01
12.4000 2.044E-01
12.4167 2.050E-01
12.4333 2.056E-01
12.4500 2.062E-01
12.4667 2.068E-01
12.4833 2.073E-01
12.5000 2.079E-01
12.5167 2.084E-01
12.5333 2.090E-01
12.5500 2.095E-01
12.5667 2.100E-01
12.5833 2.105E-01
12.6000 2.110E-01
12.6167 2.115E-01
12.6333 2.119E-01
12.6500 2.123E-01
12.6667 2.128E-01
12.6833 2.131E-01
12.7000 2.135E-01
12.7167 2.139E-01
12.7333 2.143E-01
12.7500 2.147E-01
12.7667 2.150E-01
12.7833 2.153E-01
12.8000 2.156E-01
12.8167 2.159E-01
12.8333 2.162E-01
12.8500 2.163E-01
12.8667 2.167E-01
12.8833 2.169E-01
12.9000 2.172E-01
12.9167 2.174E-01
12.9333 2.176E-01
12.9500 2.178E-01
12.9667 2.180E-01
12.9833 2.181E-01
13.0000 2.183E-01
13.0167 2.184E-01
13.0333 2.185E-01
13.0500 2.186E-01
13.0667 2.187E-01
13.0833 2.187E-01
13.1000 2.187E-01
13.1167 2.187E-01
13.1333 2.186E-01
13.1500 2.186E-01
13.1667 2.187E-01
13.1833 2.187E-01
13.2000 2.187E-01
13.2167 2.187E-01
13.2333 2.187E-01
13.2500 2.186E-01
13.2667 2.185E-01
13.2833 2.184E-01
13.3000 2.182E-01
13.3167 2.181E-01
13.3333 2.179E-01
13.3500 2.178E-01
13.3667 2.176E-01
13.3833 2.174E-01
13.4000 2.172E-01
13.4167 2.169E-01
13.4333 2.167E-01
13.4500 2.163E-01
13.4667 2.162E-01
13.4833 2.159E-01
13.5000 2.156E-01
13.5167 2.153E-01
13.5333 2.150E-01
13.5500 2.146E-01
13.5667 2.143E-01
13.5833 2.139E-01
13.6000 2.134E-01
13.6167 2.131E-01
13.6333 2.127E-01
13.6500 2.123E-01
13.6667 2.119E-01
13.6833 2.114E-01
13.7000 2.109E-01
13.7167 2.105E-01
13.7333 2.100E-01
13.7500 2.095E-01
13.7667 2.090E-01
13.7833 2.084E-01
13.8000 2.078E-01
13.8167 2.073E-01
13.8333 2.067E-01
13.8500 2.062E-01
13.8667 2.056E-01
13.8833 2.050E-01
13.9000 2.043E-01
13.9167 2.037E-01
13.9333 2.030E-01
13.9500 2.024E-01
13.9667 2.017E-01
13.9833 2.010E-01
14.0000 2.002E-01
14.0167 1.995E-01
14.0333 1.989E-01
14.0500 1.981E-01
14.0667 1.974E-01
14.0833 1.967E-01
14.1000 1.958E-01
14.1167 1.951E-01
14.1333 1.943E-01
14.1500 1.935E-01
14.1667 1.927E-01
14.1833 1.919E-01
14.2000 1.909E-01
14.2167 1.902E-01
14.2333 1.894E-01
14.2500 1.885E-01
14.2667 1.876E-01
14.2833 1.867E-01
14.3000 1.858E-01
14.3167 1.849E-01
14.3333 1.840E-01
14.3500 1.831E-01
14.3667 1.821E-01
14.3833 1.811E-01
14.4000 1.803E-01
14.4167 1.793E-01
14.4333 1.783E-01
14.4500 1.773E-01
14.4667 1.763E-01
14.4833 1.753E-01
14.5000 1.743E-01
14.5167 1.732E-01
14.5333 1.723E-01
14.5500 1.713E-01
14.5667 1.702E-01
14.5833 1.692E-01
14.6000 1.681E-01
14.6167 1.671E-01
14.6333 1.660E-01
14.6500 1.649E-01
14.6667 1.638E-01
14.6833 1.627E-01
14.7000 1.616E-01
14.7167 1.605E-01
14.7333 1.594E-01
14.7500 1.583E-01
14.7667 1.572E-01
14.7833 1.561E-01
14.8000 1.549E-01
14.8167 1.538E-01
14.8333 1.526E-01
14.8500 1.515E-01
14.8667 1.503E-01
14.8833 1.492E-01
14.9000 1.480E-01
14.9167 1.468E-01
14.9333 1.457E-01
14.9500 1.445E-01
14.9667 1.433E-01
14.9833 1.421E-01
