11.0000 1.288E-01
11.0167 1.301E-01
11.0333 1.314E-01
11.0500 1.326E-01
11.0667 1.339E-01
11.0833 1.351E-01
11.1000 1.364E-01
11.1167 1.377E-01
11.1333 1.389E-01
11.1500 1.402E-01
11.1667 1.414E-01
11.1833 1.427E-01
11.2000 1.439E-01
11.2167 1.452E-01
11.2333 1.464E-01
11.2500 1.477E-01
11.2667 1.489E-01
11.2833 1.501E-01
11.3000 1.514E-01
11.3167 1.526E-01
11.3333 1.538E-01
11.3500 1.550E-01
11.3667 1.562E-01
11.3833 1.574E-01
11.4000 1.586E-01
11.4167 1.598E-01
11.4333 1.610E-01
11.4500 1.621E-01
11.4667 1.634E-01
11.4833 1.645E-01
11.5000 1.657E-01
11.5167 1.669E-01
11.5333 1.680E-01
11.5500 1.691E-01
11.5667 1.703E-01
11.5833 1.714E-01
11.6000 1.726E-01
11.6167 1.737E-01
11.6333 1.748E-01
11.6500 1.759E-01
11.6667 1.770E-01
11.6833 1.781E-01
11.7000 1.792E-01
11.7167 1.803E-01
11.7333 1.813E-01
11.7500 1.824E-01
11.7667 1.835E-01
11.7833 1.845E-01
11.8000 1.855E-01
11.8167 1.865E-01
11.8333 1.876E-01
11.8500 1.886E-01
11.8667 1.896E-01
11.8833 1.906E-01
11.9000 1.916E-01
11.9167 1.925E-01
11.9333 1.935E-01
11.9500 1.944E-01
11.9667 1.954E-01
11.9833 1.963E-01
12.0000 1.972E-01
12.0167 1.981E-01
12.0333 1.990E-01
12.0500 1.998E-01
12.0667 2.008E-01
12.0833 2.015E-01
12.1000 2.024E-01
12.1167 2.033E-01
12.1333 2.042E-01
12.1500 2.050E-01
12.1667 2.058E-01
12.1833 2.066E-01
12.2000 2.074E-01
12.2167 2.082E-01
12.2333 2.089E-01
12.2500 2.097E-01
12.2667 2.104E-01
12.2833 2.111E-01
12.3000 2.118E-01
12.3167 2.125E-01
12.3333 2.132E-01
12.3500 2.139E-01
12.3667 2.145E-01
12.3833 2.151E-01
12.4000 2.158E-01
12.4167 2.165E-01
12.4333 2.171E-01
12.4500 2.177E-01
12.4667 2.182E-01
12.4833 2.188E-01
12.5000 2.194E-01
12.5167 2.199E-01
12.5333 2.205E-01
12.5500 2.210E-01
12.5667 2.211E-01
12.5833 2.220E-01
12.6000 2.224E-01
12.6167 2.229E-01
12.6333 2.233E-01
12.6500 2.238E-01
12.6667 2.242E-01
12.6833 2.246E-01
12.7000 2.250E-01
12.7167 2.254E-01
12.7333 2.257E-01
12.7500 2.261E-01
12.7667 2.264E-01
12.7833 2.267E-01
12.8000 2.270E-01
12.8167 2.273E-01
12.8333 2.276E-01
12.8500 2.278E-01
12.8667 2.281E-01
12.8833 2.283E-01
12.9000 2.285E-01
12.9167 2.287E-01
12.9333 2.289E-01
12.9500 2.291E-01
12.9667 2.292E-01
12.9833 2.294E-01
13.0000 2.295E-01
13.0167 2.296E-01
13.0333 2.297E-01
13.0500 2.298E-01
13.0667 2.298E-01
13.0833 2.299E-01
13.1000 2.299E-01
13.1167 2.299E-01
13.1333 2.299E-01
13.1500 2.299E-01
13.1667 2.299E-01
13.1833 2.299E-01
13.2000 2.298E-01
13.2167 2.297E-01
13.2333 2.297E-01
13.2500 2.295E-01
13.2667 2.294E-01
13.2833 2.293E-01
13.3000 2.292E-01
13.3167 2.290E-01
13.3333 2.288E-01
13.3500 2.286E-01
13.3667 2.284E-01
13.3833 2.282E-01
13.4000 2.280E-01
13.4167 2.277E-01
13.4333 2.274E-01
13.4500 2.272E-01
13.4667 2.269E-01
13.4833 2.266E-01
13.5000 2.262E-01
13.5167 2.259E-01
13.5333 2.256E-01
13.5500 2.252E-01
13.5667 2.248E-01
13.5833 2.244E-01
13.6000 2.240E-01
13.6167 2.236E-01
13.6333 2.232E-01
13.6500 2.227E-01
13.6667 2.222E-01
13.6833 2.218E-01
13.7000 2.212E-01
13.7167 2.208E-01
13.7333 2.202E-01
13.7500 2.197E-01
13.7667 2.192E-01
13.7833 2.186E-01
13.8000 2.180E-01
13.8167 2.174E-01
13.8333 2.169E-01
13.8500 2.162E-01
13.8667 2.156E-01
13.8833 2.147E-01
13.9000 2.143E-01
13.9167 2.136E-01
13.9333 2.130E-01
13.9500 2.123E-01
13.9667 2.116E-01
13.9833 2.108E-01
14.0000 2.101E-01
14.0167 2.094E-01
14.0333 2.086E-01
14.0500 2.079E-01
14.0667 2.071E-01
14.0833 2.063E-01
14.1000 2.055E-01
14.1167 2.047E-01
14.1333 2.039E-01
14.1500 2.030E-01
14.1667 2.022E-01
14.1833 2.013E-01
14.2000 2.005E-01
14.2167 1.996E-01
14.2333 1.987E-01
14.2500 1.978E-01
14.2667 1.968E-01
14.2833 1.959E-01
14.3000 1.950E-01
14.3167 1.941E-01
14.3333 1.931E-01
14.3500 1.920E-01
14.3667 1.912E-01
14.3833 1.902E-01
14.4000 1.892E-01
14.4167 1.881E-01
14.4333 1.872E-01
14.4500 1.862E-01
14.4667 1.851E-01
14.4833 1.841E-01
14.5000 1.830E-01
14.5167 1.820E-01
14.5333 1.809E-01
14.5500 1.799E-01
14.5667 1.788E-01
14.5833 1.777E-01
14.6000 1.765E-01
14.6167 1.754E-01
14.6333 1.744E-01
14.6500 1.733E-01
14.6667 1.721E-01
14.6833 1.710E-01
14.7000 1.699E-01
14.7167 1.688E-01
14.7333 1.676E-01
14.7500 1.664E-01
14.7667 1.653E-01
14.7833 1.641E-01
14.8000 1.629E-01
14.8167 1.617E-01
14.8333 1.605E-01
14.8500 1.594E-01
14.8667 1.582E-01
14.8833 1.570E-01
14.9000 1.558E-01
14.9167 1.545E-01
14.9333 1.533E-01
14.9500 1.521E-01
14.9667 1.509E-01
14.9833 1.497E-01
