11.0000 1.147E-01
11.0167 1.159E-01
11.0333 1.171E-01
11.0500 1.182E-01
11.0667 1.194E-01
11.0833 1.205E-01
11.1000 1.217E-01
11.1167 1.228E-01
11.1333 1.240E-01
11.1500 1.251E-01
11.1667 1.263E-01
11.1833 1.274E-01
11.2000 1.286E-01
11.2167 1.297E-01
11.2333 1.308E-01
11.2500 1.320E-01
11.2667 1.331E-01
11.2833 1.342E-01
11.3000 1.354E-01
11.3167 1.365E-01
11.3333 1.376E-01
11.3500 1.387E-01
11.3667 1.398E-01
11.3833 1.409E-01
11.4000 1.420E-01
11.4167 1.431E-01
11.4333 1.442E-01
11.4500 1.453E-01
11.4667 1.464E-01
11.4833 1.475E-01
11.5000 1.485E-01
11.5167 1.496E-01
11.5333 1.506E-01
11.5500 1.517E-01
11.5667 1.527E-01
11.5833 1.538E-01
11.6000 1.548E-01
11.6167 1.559E-01
11.6333 1.569E-01
11.6500 1.579E-01
11.6667 1.589E-01
11.6833 1.599E-01
11.7000 1.609E-01
11.7167 1.619E-01
11.7333 1.629E-01
11.7500 1.639E-01
11.7667 1.649E-01
11.7833 1.658E-01
11.8000 1.668E-01
11.8167 1.677E-01
11.8333 1.687E-01
11.8500 1.696E-01
11.8667 1.705E-01
11.8833 1.714E-01
11.9000 1.723E-01
11.9167 1.732E-01
11.9333 1.741E-01
11.9500 1.750E-01
11.9667 1.759E-01
11.9833 1.767E-01
12.0000 1.775E-01
12.0167 1.784E-01
12.0333 1.792E-01
12.0500 1.801E-01
12.0667 1.809E-01
12.0833 1.817E-01
12.1000 1.824E-01
12.1167 1.833E-01
12.1333 1.839E-01
12.1500 1.848E-01
12.1667 1.855E-01
12.1833 1.863E-01
12.2000 1.870E-01
12.2167 1.876E-01
12.2333 1.883E-01
12.2500 1.891E-01
12.2667 1.898E-01
12.2833 1.905E-01
12.3000 1.911E-01
12.3167 1.918E-01
12.3333 1.924E-01
12.3500 1.930E-01
12.3667 1.937E-01
12.3833 1.942E-01
12.4000 1.948E-01
12.4167 1.954E-01
12.4333 1.960E-01
12.4500 1.966E-01
12.4667 1.971E-01
12.4833 1.976E-01
12.5000 1.981E-01
12.5167 1.987E-01
12.5333 1.990E-01
12.5500 1.996E-01
12.5667 2.001E-01
12.5833 2.005E-01
12.6000 2.009E-01
12.6167 2.014E-01
12.6333 2.018E-01
12.6500 2.022E-01
12.6667 2.026E-01
12.6833 2.030E-01
12.7000 2.033E-01
12.7167 2.036E-01
12.7333 2.040E-01
12.7500 2.044E-01
12.7667 2.046E-01
12.7833 2.050E-01
12.8000 2.053E-01
12.8167 2.055E-01
12.8333 2.058E-01
12.8500 2.060E-01
12.8667 2.063E-01
12.8833 2.065E-01
12.9000 2.067E-01
12.9167 2.069E-01
12.9333 2.070E-01
12.9500 2.072E-01
12.9667 2.073E-01
12.9833 2.075E-01
13.0000 2.076E-01
13.0167 2.077E-01
13.0333 2.078E-01
13.0500 2.079E-01
13.0667 2.079E-01
13.0833 2.080E-01
13.1000 2.080E-01
13.1167 2.081E-01
13.1333 2.081E-01
13.1500 2.081E-01
13.1667 2.080E-01
13.1833 2.080E-01
13.2000 2.080E-01
13.2167 2.079E-01
13.2333 2.078E-01
13.2500 2.077E-01
13.2667 2.076E-01
13.2833 2.075E-01
13.3000 2.074E-01
13.3167 2.073E-01
13.3333 2.071E-01
13.3500 2.069E-01
13.3667 2.068E-01
13.3833 2.066E-01
13.4000 2.063E-01
13.4167 2.061E-01
13.4333 2.059E-01
13.4500 2.056E-01
13.4667 2.054E-01
13.4833 2.051E-01
13.5000 2.047E-01
13.5167 2.045E-01
13.5333 2.042E-01
13.5500 2.035E-01
13.5667 2.035E-01
13.5833 2.031E-01
13.6000 2.028E-01
13.6167 2.024E-01
13.6333 2.020E-01
13.6500 2.016E-01
13.6667 2.011E-01
13.6833 2.007E-01
13.7000 2.002E-01
13.7167 1.998E-01
13.7333 1.993E-01
13.7500 1.988E-01
13.7667 1.982E-01
13.7833 1.977E-01
13.8000 1.973E-01
13.8167 1.967E-01
13.8333 1.962E-01
13.8500 1.956E-01
13.8667 1.951E-01
13.8833 1.944E-01
13.9000 1.939E-01
13.9167 1.933E-01
13.9333 1.927E-01
13.9500 1.920E-01
13.9667 1.914E-01
13.9833 1.907E-01
14.0000 1.900E-01
14.0167 1.894E-01
14.0333 1.887E-01
14.0500 1.880E-01
14.0667 1.873E-01
14.0833 1.865E-01
14.1000 1.858E-01
14.1167 1.850E-01
14.1333 1.843E-01
14.1500 1.835E-01
14.1667 1.828E-01
14.1833 1.819E-01
14.2000 1.812E-01
14.2167 1.804E-01
14.2333 1.796E-01
14.2500 1.787E-01
14.2667 1.779E-01
14.2833 1.770E-01
14.3000 1.762E-01
14.3167 1.753E-01
14.3333 1.744E-01
14.3500 1.736E-01
14.3667 1.727E-01
14.3833 1.718E-01
14.4000 1.709E-01
14.4167 1.700E-01
14.4333 1.690E-01
14.4500 1.681E-01
14.4667 1.671E-01
14.4833 1.661E-01
14.5000 1.652E-01
14.5167 1.643E-01
14.5333 1.633E-01
14.5500 1.623E-01
14.5667 1.613E-01
14.5833 1.603E-01
14.6000 1.593E-01
14.6167 1.583E-01
14.6333 1.573E-01
14.6500 1.563E-01
14.6667 1.552E-01
14.6833 1.542E-01
14.7000 1.532E-01
14.7167 1.521E-01
14.7333 1.511E-01
14.7500 1.500E-01
14.7667 1.489E-01
14.7833 1.479E-01
14.8000 1.468E-01
14.8167 1.457E-01
14.8333 1.446E-01
14.8500 1.435E-01
14.8667 1.424E-01
14.8833 1.413E-01
14.9000 1.402E-01
14.9167 1.391E-01
14.9333 1.380E-01
14.9500 1.369E-01
14.9667 1.358E-01
14.9833 1.347E-01
