11.0000 1.087E-01
11.0167 1.098E-01
11.0333 1.109E-01
11.0500 1.120E-01
11.0667 1.132E-01
11.0833 1.143E-01
11.1000 1.154E-01
11.1167 1.165E-01
11.1333 1.176E-01
11.1500 1.187E-01
11.1667 1.198E-01
11.1833 1.210E-01
11.2000 1.221E-01
11.2167 1.232E-01
11.2333 1.243E-01
11.2500 1.254E-01
11.2667 1.265E-01
11.2833 1.276E-01
11.3000 1.287E-01
11.3167 1.297E-01
11.3333 1.308E-01
11.3500 1.319E-01
11.3667 1.330E-01
11.3833 1.341E-01
11.4000 1.351E-01
11.4167 1.362E-01
11.4333 1.373E-01
11.4500 1.383E-01
11.4667 1.394E-01
11.4833 1.404E-01
11.5000 1.415E-01
11.5167 1.425E-01
11.5333 1.435E-01
11.5500 1.445E-01
11.5667 1.456E-01
11.5833 1.466E-01
11.6000 1.476E-01
11.6167 1.486E-01
11.6333 1.496E-01
11.6500 1.506E-01
11.6667 1.516E-01
11.6833 1.526E-01
11.7000 1.535E-01
11.7167 1.545E-01
11.7333 1.555E-01
11.7500 1.564E-01
11.7667 1.574E-01
11.7833 1.583E-01
11.8000 1.592E-01
11.8167 1.602E-01
11.8333 1.611E-01
11.8500 1.620E-01
11.8667 1.628E-01
11.8833 1.638E-01
11.9000 1.647E-01
11.9167 1.655E-01
11.9333 1.663E-01
11.9500 1.672E-01
11.9667 1.680E-01
11.9833 1.689E-01
12.0000 1.698E-01
12.0167 1.705E-01
12.0333 1.714E-01
12.0500 1.722E-01
12.0667 1.730E-01
12.0833 1.738E-01
12.1000 1.745E-01
12.1167 1.753E-01
12.1333 1.758E-01
12.1500 1.768E-01
12.1667 1.775E-01
12.1833 1.783E-01
12.2000 1.789E-01
12.2167 1.796E-01
12.2333 1.804E-01
12.2500 1.811E-01
12.2667 1.817E-01
12.2833 1.824E-01
12.3000 1.830E-01
12.3167 1.836E-01
12.3333 1.843E-01
12.3500 1.849E-01
12.3667 1.855E-01
12.3833 1.861E-01
12.4000 1.867E-01
12.4167 1.872E-01
12.4333 1.878E-01
12.4500 1.882E-01
12.4667 1.889E-01
12.4833 1.894E-01
12.5000 1.899E-01
12.5167 1.904E-01
12.5333 1.909E-01
12.5500 1.914E-01
12.5667 1.918E-01
12.5833 1.923E-01
12.6000 1.927E-01
12.6167 1.931E-01
12.6333 1.936E-01
12.6500 1.940E-01
12.6667 1.943E-01
12.6833 1.947E-01
12.7000 1.951E-01
12.7167 1.954E-01
12.7333 1.958E-01
12.7500 1.961E-01
12.7667 1.964E-01
12.7833 1.966E-01
12.8000 1.969E-01
12.8167 1.972E-01
12.8333 1.975E-01
12.8500 1.977E-01
12.8667 1.980E-01
12.8833 1.981E-01
12.9000 1.984E-01
12.9167 1.986E-01
12.9333 1.988E-01
12.9500 1.989E-01
12.9667 1.991E-01
12.9833 1.992E-01
13.0000 1.993E-01
13.0167 1.994E-01
13.0333 1.995E-01
13.0500 1.996E-01
13.0667 1.997E-01
13.0833 1.997E-01
13.1000 1.998E-01
13.1167 1.998E-01
13.1333 1.998E-01
13.1500 1.998E-01
13.1667 1.998E-01
13.1833 1.998E-01
13.2000 1.998E-01
13.2167 1.997E-01
13.2333 1.996E-01
13.2500 1.995E-01
13.2667 1.995E-01
13.2833 1.994E-01
13.3000 1.993E-01
13.3167 1.991E-01
13.3333 1.990E-01
13.3500 1.988E-01
13.3667 1.986E-01
13.3833 1.985E-01
13.4000 1.982E-01
13.4167 1.980E-01
13.4333 1.978E-01
13.4500 1.976E-01
13.4667 1.973E-01
13.4833 1.971E-01
13.5000 1.967E-01
13.5167 1.965E-01
13.5333 1.962E-01
13.5500 1.959E-01
13.5667 1.955E-01
13.5833 1.952E-01
13.6000 1.948E-01
13.6167 1.945E-01
13.6333 1.941E-01
13.6500 1.937E-01
13.6667 1.933E-01
13.6833 1.929E-01
13.7000 1.924E-01
13.7167 1.920E-01
13.7333 1.915E-01
13.7500 1.911E-01
13.7667 1.906E-01
13.7833 1.900E-01
13.8000 1.896E-01
13.8167 1.890E-01
13.8333 1.886E-01
13.8500 1.880E-01
13.8667 1.874E-01
13.8833 1.869E-01
13.9000 1.862E-01
13.9167 1.857E-01
13.9333 1.851E-01
13.9500 1.845E-01
13.9667 1.838E-01
13.9833 1.833E-01
14.0000 1.826E-01
14.0167 1.820E-01
14.0333 1.813E-01
14.0500 1.806E-01
14.0667 1.799E-01
14.0833 1.792E-01
14.1000 1.785E-01
14.1167 1.778E-01
14.1333 1.771E-01
14.1500 1.763E-01
14.1667 1.756E-01
14.1833 1.748E-01
14.2000 1.740E-01
14.2167 1.733E-01
14.2333 1.724E-01
14.2500 1.717E-01
14.2667 1.709E-01
14.2833 1.701E-01
14.3000 1.692E-01
14.3167 1.684E-01
14.3333 1.676E-01
14.3500 1.667E-01
14.3667 1.658E-01
14.3833 1.650E-01
14.4000 1.641E-01
14.4167 1.631E-01
14.4333 1.623E-01
14.4500 1.614E-01
14.4667 1.604E-01
14.4833 1.596E-01
14.5000 1.585E-01
14.5167 1.577E-01
14.5333 1.568E-01
14.5500 1.557E-01
14.5667 1.549E-01
14.5833 1.539E-01
14.6000 1.529E-01
14.6167 1.519E-01
14.6333 1.510E-01
14.6500 1.500E-01
14.6667 1.489E-01
14.6833 1.480E-01
14.7000 1.470E-01
14.7167 1.459E-01
14.7333 1.449E-01
14.7500 1.439E-01
14.7667 1.429E-01
14.7833 1.418E-01
14.8000 1.408E-01
14.8167 1.397E-01
14.8333 1.387E-01
14.8500 1.376E-01
14.8667 1.366E-01
14.8833 1.355E-01
14.9000 1.345E-01
14.9167 1.334E-01
14.9333 1.323E-01
14.9500 1.312E-01
14.9667 1.301E-01
14.9833 1.291E-01
