11.0000 1.257E-01
11.0167 1.270E-01
11.0333 1.282E-01
11.0500 1.295E-01
11.0667 1.308E-01
11.0833 1.321E-01
11.1000 1.334E-01
11.1167 1.347E-01
11.1333 1.360E-01
11.1500 1.372E-01
11.1667 1.385E-01
11.1833 1.398E-01
11.2000 1.411E-01
11.2167 1.424E-01
11.2333 1.436E-01
11.2500 1.449E-01
11.2667 1.462E-01
11.2833 1.474E-01
11.3000 1.487E-01
11.3167 1.499E-01
11.3333 1.512E-01
11.3500 1.524E-01
11.3667 1.537E-01
11.3833 1.549E-01
11.4000 1.561E-01
11.4167 1.574E-01
11.4333 1.586E-01
11.4500 1.598E-01
11.4667 1.610E-01
11.4833 1.622E-01
11.5000 1.634E-01
11.5167 1.646E-01
11.5333 1.658E-01
11.5500 1.670E-01
11.5667 1.682E-01
11.5833 1.693E-01
11.6000 1.705E-01
11.6167 1.717E-01
11.6333 1.728E-01
11.6500 1.739E-01
11.6667 1.751E-01
11.6833 1.762E-01
11.7000 1.773E-01
11.7167 1.784E-01
11.7333 1.795E-01
11.7500 1.806E-01
11.7667 1.817E-01
11.7833 1.828E-01
11.8000 1.838E-01
11.8167 1.849E-01
11.8333 1.860E-01
11.8500 1.870E-01
11.8667 1.881E-01
11.8833 1.891E-01
11.9000 1.901E-01
11.9167 1.911E-01
11.9333 1.921E-01
11.9500 1.931E-01
11.9667 1.941E-01
11.9833 1.950E-01
12.0000 1.960E-01
12.0167 1.969E-01
12.0333 1.978E-01
12.0500 1.988E-01
12.0667 1.997E-01
12.0833 2.006E-01
12.1000 2.015E-01
12.1167 2.024E-01
12.1333 2.033E-01
12.1500 2.041E-01
12.1667 2.050E-01
12.1833 2.058E-01
12.2000 2.066E-01
12.2167 2.074E-01
12.2333 2.082E-01
12.2500 2.090E-01
12.2667 2.097E-01
12.2833 2.106E-01
12.3000 2.112E-01
12.3167 2.120E-01
12.3333 2.128E-01
12.3500 2.134E-01
12.3667 2.142E-01
12.3833 2.148E-01
12.4000 2.155E-01
12.4167 2.162E-01
12.4333 2.167E-01
12.4500 2.174E-01
12.4667 2.181E-01
12.4833 2.187E-01
12.5000 2.190E-01
12.5167 2.198E-01
12.5333 2.204E-01
12.5500 2.208E-01
12.5667 2.215E-01
12.5833 2.220E-01
12.6000 2.225E-01
12.6167 2.230E-01
12.6333 2.235E-01
12.6500 2.239E-01
12.6667 2.244E-01
12.6833 2.247E-01
12.7000 2.252E-01
12.7167 2.257E-01
12.7333 2.258E-01
12.7500 2.264E-01
12.7667 2.267E-01
12.7833 2.271E-01
12.8000 2.275E-01
12.8167 2.278E-01
12.8333 2.281E-01
12.8500 2.284E-01
12.8667 2.286E-01
12.8833 2.289E-01
12.9000 2.291E-01
12.9167 2.294E-01
12.9333 2.296E-01
12.9500 2.298E-01
12.9667 2.298E-01
12.9833 2.301E-01
13.0000 2.303E-01
13.0167 2.304E-01
13.0333 2.304E-01
13.0500 2.306E-01
13.0667 2.307E-01
13.0833 2.308E-01
13.1000 2.308E-01
13.1167 2.308E-01
13.1333 2.308E-01
13.1500 2.308E-01
13.1667 2.308E-01
13.1833 2.308E-01
13.2000 2.308E-01
13.2167 2.308E-01
13.2333 2.307E-01
13.2500 2.306E-01
13.2667 2.305E-01
13.2833 2.304E-01
13.3000 2.303E-01
13.3167 2.302E-01
13.3333 2.300E-01
13.3500 2.298E-01
13.3667 2.296E-01
13.3833 2.294E-01
13.4000 2.292E-01
13.4167 2.290E-01
13.4333 2.287E-01
13.4500 2.285E-01
13.4667 2.282E-01
13.4833 2.279E-01
13.5000 2.276E-01
13.5167 2.273E-01
13.5333 2.269E-01
13.5500 2.265E-01
13.5667 2.262E-01
13.5833 2.258E-01
13.6000 2.254E-01
13.6167 2.250E-01
13.6333 2.246E-01
13.6500 2.241E-01
13.6667 2.237E-01
13.6833 2.232E-01
13.7000 2.227E-01
13.7167 2.221E-01
13.7333 2.217E-01
13.7500 2.212E-01
13.7667 2.206E-01
13.7833 2.201E-01
13.8000 2.194E-01
13.8167 2.189E-01
13.8333 2.183E-01
13.8500 2.177E-01
13.8667 2.171E-01
13.8833 2.164E-01
13.9000 2.158E-01
13.9167 2.151E-01
13.9333 2.145E-01
13.9500 2.138E-01
13.9667 2.130E-01
13.9833 2.123E-01
14.0000 2.115E-01
14.0167 2.109E-01
14.0333 2.101E-01
14.0500 2.093E-01
14.0667 2.085E-01
14.0833 2.077E-01
14.1000 2.070E-01
14.1167 2.061E-01
14.1333 2.053E-01
14.1500 2.044E-01
14.1667 2.036E-01
14.1833 2.028E-01
14.2000 2.018E-01
14.2167 2.010E-01
14.2333 2.001E-01
14.2500 1.992E-01
14.2667 1.982E-01
14.2833 1.973E-01
14.3000 1.964E-01
14.3167 1.954E-01
14.3333 1.944E-01
14.3500 1.935E-01
14.3667 1.925E-01
14.3833 1.915E-01
14.4000 1.905E-01
14.4167 1.895E-01
14.4333 1.885E-01
14.4500 1.874E-01
14.4667 1.864E-01
14.4833 1.854E-01
14.5000 1.843E-01
14.5167 1.832E-01
14.5333 1.821E-01
14.5500 1.811E-01
14.5667 1.800E-01
14.5833 1.789E-01
14.6000 1.778E-01
14.6167 1.767E-01
14.6333 1.755E-01
14.6500 1.744E-01
14.6667 1.733E-01
14.6833 1.721E-01
14.7000 1.710E-01
14.7167 1.698E-01
14.7333 1.686E-01
14.7500 1.675E-01
14.7667 1.663E-01
14.7833 1.651E-01
14.8000 1.639E-01
14.8167 1.627E-01
14.8333 1.615E-01
14.8500 1.603E-01
14.8667 1.591E-01
14.8833 1.579E-01
14.9000 1.566E-01
14.9167 1.554E-01
14.9333 1.542E-01
14.9500 1.529E-01
14.9667 1.517E-01
14.9833 1.504E-01
