11.0000 1.106E-01
11.0167 1.117E-01
11.0333 1.129E-01
11.0500 1.141E-01
11.0667 1.152E-01
11.0833 1.164E-01
11.1000 1.175E-01
11.1167 1.187E-01
11.1333 1.199E-01
11.1500 1.210E-01
11.1667 1.222E-01
11.1833 1.233E-01
11.2000 1.245E-01
11.2167 1.256E-01
11.2333 1.268E-01
11.2500 1.279E-01
11.2667 1.291E-01
11.2833 1.302E-01
11.3000 1.314E-01
11.3167 1.325E-01
11.3333 1.336E-01
11.3500 1.348E-01
11.3667 1.359E-01
11.3833 1.370E-01
11.4000 1.381E-01
11.4167 1.392E-01
11.4333 1.403E-01
11.4500 1.414E-01
11.4667 1.425E-01
11.4833 1.436E-01
11.5000 1.447E-01
11.5167 1.458E-01
11.5333 1.469E-01
11.5500 1.480E-01
11.5667 1.490E-01
11.5833 1.501E-01
11.6000 1.512E-01
11.6167 1.522E-01
11.6333 1.533E-01
11.6500 1.543E-01
11.6667 1.553E-01
11.6833 1.564E-01
11.7000 1.574E-01
11.7167 1.584E-01
11.7333 1.594E-01
11.7500 1.604E-01
11.7667 1.614E-01
11.7833 1.623E-01
11.8000 1.633E-01
11.8167 1.643E-01
11.8333 1.652E-01
11.8500 1.662E-01
11.8667 1.671E-01
11.8833 1.681E-01
11.9000 1.690E-01
11.9167 1.699E-01
11.9333 1.708E-01
11.9500 1.717E-01
11.9667 1.726E-01
11.9833 1.735E-01
12.0000 1.743E-01
12.0167 1.752E-01
12.0333 1.761E-01
12.0500 1.769E-01
12.0667 1.778E-01
12.0833 1.786E-01
12.1000 1.794E-01
12.1167 1.802E-01
12.1333 1.810E-01
12.1500 1.818E-01
12.1667 1.825E-01
12.1833 1.833E-01
12.2000 1.840E-01
12.2167 1.848E-01
12.2333 1.855E-01
12.2500 1.862E-01
12.2667 1.870E-01
12.2833 1.877E-01
12.3000 1.883E-01
12.3167 1.890E-01
12.3333 1.896E-01
12.3500 1.903E-01
12.3667 1.910E-01
12.3833 1.916E-01
12.4000 1.922E-01
12.4167 1.927E-01
12.4333 1.934E-01
12.4500 1.940E-01
12.4667 1.945E-01
12.4833 1.951E-01
12.5000 1.956E-01
12.5167 1.962E-01
12.5333 1.967E-01
12.5500 1.972E-01
12.5667 1.977E-01
12.5833 1.981E-01
12.6000 1.986E-01
12.6167 1.991E-01
12.6333 1.993E-01
12.6500 1.999E-01
12.6667 2.003E-01
12.6833 2.007E-01
12.7000 2.011E-01
12.7167 2.015E-01
12.7333 2.017E-01
12.7500 2.022E-01
12.7667 2.025E-01
12.7833 2.028E-01
12.8000 2.032E-01
12.8167 2.034E-01
12.8333 2.037E-01
12.8500 2.040E-01
12.8667 2.042E-01
12.8833 2.043E-01
12.9000 2.047E-01
12.9167 2.049E-01
12.9333 2.051E-01
12.9500 2.053E-01
12.9667 2.053E-01
12.9833 2.056E-01
13.0000 2.057E-01
13.0167 2.059E-01
13.0333 2.059E-01
13.0500 2.059E-01
13.0667 2.061E-01
13.0833 2.062E-01
13.1000 2.063E-01
13.1167 2.063E-01
13.1333 2.063E-01
13.1500 2.064E-01
13.1667 2.064E-01
13.1833 2.063E-01
13.2000 2.063E-01
13.2167 2.062E-01
13.2333 2.062E-01
13.2500 2.061E-01
13.2667 2.059E-01
13.2833 2.059E-01
13.3000 2.058E-01
13.3167 2.057E-01
13.3333 2.055E-01
13.3500 2.053E-01
13.3667 2.053E-01
13.3833 2.051E-01
13.4000 2.049E-01
13.4167 2.047E-01
13.4333 2.044E-01
13.4500 2.042E-01
13.4667 2.039E-01
13.4833 2.036E-01
13.5000 2.034E-01
13.5167 2.031E-01
13.5333 2.028E-01
13.5500 2.025E-01
13.5667 2.021E-01
13.5833 2.017E-01
13.6000 2.014E-01
13.6167 2.009E-01
13.6333 2.007E-01
13.6500 2.003E-01
13.6667 1.999E-01
13.6833 1.994E-01
13.7000 1.990E-01
13.7167 1.985E-01
13.7333 1.981E-01
13.7500 1.976E-01
13.7667 1.970E-01
13.7833 1.966E-01
13.8000 1.961E-01
13.8167 1.955E-01
13.8333 1.950E-01
13.8500 1.944E-01
13.8667 1.939E-01
13.8833 1.933E-01
13.9000 1.927E-01
13.9167 1.921E-01
13.9333 1.915E-01
13.9500 1.909E-01
13.9667 1.901E-01
13.9833 1.896E-01
14.0000 1.889E-01
14.0167 1.882E-01
14.0333 1.875E-01
14.0500 1.868E-01
14.0667 1.861E-01
14.0833 1.854E-01
14.1000 1.846E-01
14.1167 1.839E-01
14.1333 1.832E-01
14.1500 1.824E-01
14.1667 1.815E-01
14.1833 1.809E-01
14.2000 1.800E-01
14.2167 1.792E-01
14.2333 1.784E-01
14.2500 1.776E-01
14.2667 1.767E-01
14.2833 1.759E-01
14.3000 1.751E-01
14.3167 1.742E-01
14.3333 1.733E-01
14.3500 1.725E-01
14.3667 1.715E-01
14.3833 1.706E-01
14.4000 1.697E-01
14.4167 1.688E-01
14.4333 1.679E-01
14.4500 1.670E-01
14.4667 1.660E-01
14.4833 1.650E-01
14.5000 1.641E-01
14.5167 1.631E-01
14.5333 1.622E-01
14.5500 1.612E-01
14.5667 1.602E-01
14.5833 1.592E-01
14.6000 1.582E-01
14.6167 1.572E-01
14.6333 1.562E-01
14.6500 1.551E-01
14.6667 1.541E-01
14.6833 1.531E-01
14.7000 1.520E-01
14.7167 1.510E-01
14.7333 1.499E-01
14.7500 1.488E-01
14.7667 1.478E-01
14.7833 1.467E-01
14.8000 1.456E-01
14.8167 1.445E-01
14.8333 1.434E-01
14.8500 1.423E-01
14.8667 1.412E-01
14.8833 1.401E-01
14.9000 1.390E-01
14.9167 1.379E-01
14.9333 1.368E-01
14.9500 1.357E-01
14.9667 1.345E-01
14.9833 1.334E-01
