11.0000 1.751E-01
11.0167 1.765E-01
11.0333 1.779E-01
11.0500 1.793E-01
11.0667 1.807E-01
11.0833 1.821E-01
11.1000 1.835E-01
11.1167 1.849E-01
11.1333 1.863E-01
11.1500 1.877E-01
11.1667 1.891E-01
11.1833 1.904E-01
11.2000 1.918E-01
11.2167 1.932E-01
11.2333 1.945E-01
11.2500 1.959E-01
11.2667 1.972E-01
11.2833 1.986E-01
11.3000 1.999E-01
11.3167 2.012E-01
11.3333 2.026E-01
11.3500 2.039E-01
11.3667 2.052E-01
11.3833 2.065E-01
11.4000 2.078E-01
11.4167 2.091E-01
11.4333 2.103E-01
11.4500 2.116E-01
11.4667 2.128E-01
11.4833 2.141E-01
11.5000 2.154E-01
11.5167 2.166E-01
11.5333 2.178E-01
11.5500 2.190E-01
11.5667 2.202E-01
11.5833 2.214E-01
11.6000 2.226E-01
11.6167 2.237E-01
11.6333 2.250E-01
11.6500 2.261E-01
11.6667 2.273E-01
11.6833 2.284E-01
11.7000 2.296E-01
11.7167 2.307E-01
11.7333 2.318E-01
11.7500 2.329E-01
11.7667 2.339E-01
11.7833 2.350E-01
11.8000 2.361E-01
11.8167 2.372E-01
11.8333 2.382E-01
11.8500 2.392E-01
11.8667 2.403E-01
11.8833 2.413E-01
11.9000 2.423E-01
11.9167 2.432E-01
11.9333 2.442E-01
11.9500 2.451E-01
11.9667 2.461E-01
11.9833 2.470E-01
12.0000 2.480E-01
12.0167 2.489E-01
12.0333 2.498E-01
12.0500 2.507E-01
12.0667 2.515E-01
12.0833 2.524E-01
12.1000 2.532E-01
12.1167 2.541E-01
12.1333 2.549E-01
12.1500 2.557E-01
12.1667 2.565E-01
12.1833 2.572E-01
12.2000 2.580E-01
12.2167 2.587E-01
12.2333 2.595E-01
12.2500 2.602E-01
12.2667 2.609E-01
12.2833 2.616E-01
12.3000 2.622E-01
12.3167 2.629E-01
12.3333 2.636E-01
12.3500 2.642E-01
12.3667 2.645E-01
12.3833 2.654E-01
12.4000 2.660E-01
12.4167 2.666E-01
12.4333 2.672E-01
12.4500 2.677E-01
12.4667 2.682E-01
12.4833 2.687E-01
12.5000 2.692E-01
12.5167 2.697E-01
12.5333 2.702E-01
12.5500 2.707E-01
12.5667 2.711E-01
12.5833 2.715E-01
12.6000 2.719E-01
12.6167 2.723E-01
12.6333 2.727E-01
12.6500 2.730E-01
12.6667 2.730E-01
12.6833 2.737E-01
12.7000 2.740E-01
12.7167 2.743E-01
12.7333 2.746E-01
12.7500 2.748E-01
12.7667 2.751E-01
12.7833 2.753E-01
12.8000 2.755E-01
12.8167 2.757E-01
12.8333 2.759E-01
12.8500 2.761E-01
12.8667 2.762E-01
12.8833 2.764E-01
12.9000 2.765E-01
12.9167 2.766E-01
12.9333 2.767E-01
12.9500 2.767E-01
12.9667 2.768E-01
12.9833 2.768E-01
13.0000 2.768E-01
13.0167 2.768E-01
13.0333 2.768E-01
13.0500 2.768E-01
13.0667 2.767E-01
13.0833 2.767E-01
13.1000 2.766E-01
13.1167 2.765E-01
13.1333 2.764E-01
13.1500 2.763E-01
13.1667 2.761E-01
13.1833 2.760E-01
13.2000 2.758E-01
13.2167 2.756E-01
13.2333 2.754E-01
13.2500 2.752E-01
13.2667 2.749E-01
13.2833 2.747E-01
13.3000 2.744E-01
13.3167 2.741E-01
13.3333 2.738E-01
13.3500 2.733E-01
13.3667 2.731E-01
13.3833 2.728E-01
13.4000 2.724E-01
13.4167 2.720E-01
13.4333 2.716E-01
13.4500 2.712E-01
13.4667 2.708E-01
13.4833 2.704E-01
13.5000 2.699E-01
13.5167 2.692E-01
13.5333 2.689E-01
13.5500 2.684E-01
13.5667 2.679E-01
13.5833 2.674E-01
13.6000 2.668E-01
13.6167 2.662E-01
13.6333 2.656E-01
13.6500 2.648E-01
13.6667 2.644E-01
13.6833 2.637E-01
13.7000 2.632E-01
13.7167 2.622E-01
13.7333 2.618E-01
13.7500 2.612E-01
13.7667 2.604E-01
13.7833 2.596E-01
13.8000 2.590E-01
13.8167 2.583E-01
13.8333 2.575E-01
13.8500 2.567E-01
13.8667 2.559E-01
13.8833 2.551E-01
13.9000 2.543E-01
13.9167 2.534E-01
13.9333 2.527E-01
13.9500 2.518E-01
13.9667 2.509E-01
13.9833 2.501E-01
14.0000 2.492E-01
14.0167 2.483E-01
14.0333 2.472E-01
14.0500 2.464E-01
14.0667 2.454E-01
14.0833 2.445E-01
14.1000 2.436E-01
14.1167 2.426E-01
14.1333 2.416E-01
14.1500 2.406E-01
14.1667 2.396E-01
14.1833 2.385E-01
14.2000 2.375E-01
14.2167 2.365E-01
14.2333 2.354E-01
14.2500 2.343E-01
14.2667 2.332E-01
14.2833 2.321E-01
14.3000 2.310E-01
14.3167 2.299E-01
14.3333 2.288E-01
14.3500 2.277E-01
14.3667 2.265E-01
14.3833 2.251E-01
14.4000 2.242E-01
14.4167 2.230E-01
14.4333 2.218E-01
14.4500 2.206E-01
14.4667 2.194E-01
14.4833 2.182E-01
14.5000 2.170E-01
14.5167 2.158E-01
14.5333 2.145E-01
14.5500 2.133E-01
14.5667 2.120E-01
14.5833 2.108E-01
14.6000 2.095E-01
14.6167 2.082E-01
14.6333 2.069E-01
14.6500 2.056E-01
14.6667 2.043E-01
14.6833 2.030E-01
14.7000 2.017E-01
14.7167 2.004E-01
14.7333 1.990E-01
14.7500 1.977E-01
14.7667 1.964E-01
14.7833 1.950E-01
14.8000 1.936E-01
14.8167 1.923E-01
14.8333 1.909E-01
14.8500 1.895E-01
14.8667 1.882E-01
14.8833 1.868E-01
14.9000 1.854E-01
14.9167 1.840E-01
14.9333 1.826E-01
14.9500 1.812E-01
14.9667 1.798E-01
14.9833 1.784E-01
