11.0000 2.386E-01
11.0167 2.404E-01
11.0333 2.421E-01
11.0500 2.439E-01
11.0667 2.455E-01
11.0833 2.475E-01
11.1000 2.493E-01
11.1167 2.509E-01
11.1333 2.528E-01
11.1500 2.545E-01
11.1667 2.563E-01
11.1833 2.580E-01
11.2000 2.597E-01
11.2167 2.615E-01
11.2333 2.632E-01
11.2500 2.649E-01
11.2667 2.665E-01
11.2833 2.681E-01
11.3000 2.699E-01
11.3167 2.716E-01
11.3333 2.732E-01
11.3500 2.749E-01
11.3667 2.765E-01
11.3833 2.781E-01
11.4000 2.798E-01
11.4167 2.814E-01
11.4333 2.830E-01
11.4500 2.845E-01
11.4667 2.861E-01
11.4833 2.877E-01
11.5000 2.892E-01
11.5167 2.908E-01
11.5333 2.923E-01
11.5500 2.937E-01
11.5667 2.952E-01
11.5833 2.968E-01
11.6000 2.983E-01
11.6167 2.997E-01
11.6333 3.012E-01
11.6500 3.026E-01
11.6667 3.040E-01
11.6833 3.051E-01
11.7000 3.069E-01
11.7167 3.083E-01
11.7333 3.096E-01
11.7500 3.110E-01
11.7667 3.124E-01
11.7833 3.137E-01
11.8000 3.150E-01
11.8167 3.163E-01
11.8333 3.174E-01
11.8500 3.188E-01
11.8667 3.197E-01
11.8833 3.214E-01
11.9000 3.226E-01
11.9167 3.238E-01
11.9333 3.250E-01
11.9500 3.261E-01
11.9667 3.273E-01
11.9833 3.285E-01
12.0000 3.296E-01
12.0167 3.307E-01
12.0333 3.318E-01
12.0500 3.329E-01
12.0667 3.339E-01
12.0833 3.350E-01
12.1000 3.360E-01
12.1167 3.370E-01
12.1333 3.380E-01
12.1500 3.390E-01
12.1667 3.400E-01
12.1833 3.409E-01
12.2000 3.419E-01
12.2167 3.428E-01
12.2333 3.437E-01
12.2500 3.445E-01
12.2667 3.454E-01
12.2833 3.462E-01
12.3000 3.470E-01
12.3167 3.478E-01
12.3333 3.486E-01
12.3500 3.494E-01
12.3667 3.501E-01
12.3833 3.509E-01
12.4000 3.516E-01
12.4167 3.523E-01
12.4333 3.529E-01
12.4500 3.536E-01
12.4667 3.542E-01
12.4833 3.547E-01
12.5000 3.553E-01
12.5167 3.560E-01
12.5333 3.566E-01
12.5500 3.571E-01
12.5667 3.575E-01
12.5833 3.580E-01
12.6000 3.583E-01
12.6167 3.590E-01
12.6333 3.595E-01
12.6500 3.598E-01
12.6667 3.602E-01
12.6833 3.607E-01
12.7000 3.610E-01
12.7167 3.611E-01
12.7333 3.614E-01
12.7500 3.620E-01
12.7667 3.623E-01
12.7833 3.625E-01
12.8000 3.628E-01
12.8167 3.630E-01
12.8333 3.632E-01
12.8500 3.633E-01
12.8667 3.635E-01
12.8833 3.636E-01
12.9000 3.638E-01
12.9167 3.639E-01
12.9333 3.639E-01
12.9500 3.640E-01
12.9667 3.640E-01
12.9833 3.640E-01
13.0000 3.640E-01
13.0167 3.640E-01
13.0333 3.640E-01
13.0500 3.639E-01
13.0667 3.638E-01
13.0833 3.637E-01
13.1000 3.636E-01
13.1167 3.634E-01
13.1333 3.633E-01
13.1500 3.631E-01
13.1667 3.629E-01
13.1833 3.626E-01
13.2000 3.624E-01
13.2167 3.621E-01
13.2333 3.618E-01
13.2500 3.610E-01
13.2667 3.612E-01
13.2833 3.609E-01
13.3000 3.605E-01
13.3167 3.598E-01
13.3333 3.597E-01
13.3500 3.593E-01
13.3667 3.588E-01
13.3833 3.582E-01
13.4000 3.576E-01
13.4167 3.573E-01
13.4333 3.568E-01
13.4500 3.563E-01
13.4667 3.557E-01
13.4833 3.551E-01
13.5000 3.541E-01
13.5167 3.539E-01
13.5333 3.533E-01
13.5500 3.526E-01
13.5667 3.519E-01
13.5833 3.512E-01
13.6000 3.505E-01
13.6167 3.497E-01
13.6333 3.490E-01
13.6500 3.483E-01
13.6667 3.475E-01
13.6833 3.467E-01
13.7000 3.455E-01
13.7167 3.448E-01
13.7333 3.441E-01
13.7500 3.432E-01
13.7667 3.423E-01
13.7833 3.414E-01
13.8000 3.405E-01
13.8167 3.395E-01
13.8333 3.386E-01
13.8500 3.376E-01
13.8667 3.363E-01
13.8833 3.355E-01
13.9000 3.345E-01
13.9167 3.334E-01
13.9333 3.324E-01
13.9500 3.313E-01
13.9667 3.302E-01
13.9833 3.290E-01
14.0000 3.279E-01
14.0167 3.268E-01
14.0333 3.256E-01
14.0500 3.242E-01
14.0667 3.232E-01
14.0833 3.220E-01
14.1000 3.207E-01
14.1167 3.195E-01
14.1333 3.182E-01
14.1500 3.170E-01
14.1667 3.157E-01
14.1833 3.143E-01
14.2000 3.130E-01
14.2167 3.117E-01
14.2333 3.102E-01
14.2500 3.090E-01
14.2667 3.076E-01
14.2833 3.062E-01
14.3000 3.048E-01
14.3167 3.032E-01
14.3333 3.019E-01
14.3500 3.002E-01
14.3667 2.990E-01
14.3833 2.976E-01
14.4000 2.961E-01
14.4167 2.946E-01
14.4333 2.931E-01
14.4500 2.916E-01
14.4667 2.900E-01
14.4833 2.885E-01
14.5000 2.869E-01
14.5167 2.854E-01
14.5333 2.838E-01
14.5500 2.822E-01
14.5667 2.806E-01
14.5833 2.790E-01
14.6000 2.772E-01
14.6167 2.757E-01
14.6333 2.741E-01
14.6500 2.724E-01
14.6667 2.708E-01
14.6833 2.691E-01
14.7000 2.674E-01
14.7167 2.657E-01
14.7333 2.638E-01
14.7500 2.623E-01
14.7667 2.606E-01
14.7833 2.589E-01
14.8000 2.572E-01
14.8167 2.554E-01
14.8333 2.537E-01
14.8500 2.519E-01
14.8667 2.502E-01
14.8833 2.484E-01
14.9000 2.467E-01
14.9167 2.449E-01
14.9333 2.430E-01
14.9500 2.413E-01
14.9667 2.392E-01
14.9833 2.377E-01
