11.0000 1.971E-01
11.0167 1.988E-01
11.0333 2.003E-01
11.0500 2.019E-01
11.0667 2.035E-01
11.0833 2.050E-01
11.1000 2.066E-01
11.1167 2.081E-01
11.1333 2.095E-01
11.1500 2.112E-01
11.1667 2.125E-01
11.1833 2.143E-01
11.2000 2.158E-01
11.2167 2.174E-01
11.2333 2.189E-01
11.2500 2.201E-01
11.2667 2.219E-01
11.2833 2.234E-01
11.3000 2.249E-01
11.3167 2.263E-01
11.3333 2.278E-01
11.3500 2.293E-01
11.3667 2.307E-01
11.3833 2.322E-01
11.4000 2.336E-01
11.4167 2.350E-01
11.4333 2.365E-01
11.4500 2.379E-01
11.4667 2.393E-01
11.4833 2.407E-01
11.5000 2.421E-01
11.5167 2.434E-01
11.5333 2.447E-01
11.5500 2.461E-01
11.5667 2.475E-01
11.5833 2.488E-01
11.6000 2.501E-01
11.6167 2.515E-01
11.6333 2.528E-01
11.6500 2.540E-01
11.6667 2.553E-01
11.6833 2.566E-01
11.7000 2.579E-01
11.7167 2.591E-01
11.7333 2.603E-01
11.7500 2.615E-01
11.7667 2.628E-01
11.7833 2.640E-01
11.8000 2.652E-01
11.8167 2.663E-01
11.8333 2.675E-01
11.8500 2.685E-01
11.8667 2.698E-01
11.8833 2.709E-01
11.9000 2.720E-01
11.9167 2.731E-01
11.9333 2.742E-01
11.9500 2.752E-01
11.9667 2.763E-01
11.9833 2.773E-01
12.0000 2.782E-01
12.0167 2.794E-01
12.0333 2.804E-01
12.0500 2.814E-01
12.0667 2.823E-01
12.0833 2.830E-01
12.1000 2.842E-01
12.1167 2.851E-01
12.1333 2.860E-01
12.1500 2.868E-01
12.1667 2.878E-01
12.1833 2.887E-01
12.2000 2.895E-01
12.2167 2.904E-01
12.2333 2.912E-01
12.2500 2.920E-01
12.2667 2.928E-01
12.2833 2.936E-01
12.3000 2.943E-01
12.3167 2.950E-01
12.3333 2.958E-01
12.3500 2.965E-01
12.3667 2.972E-01
12.3833 2.978E-01
12.4000 2.985E-01
12.4167 2.991E-01
12.4333 2.998E-01
12.4500 3.004E-01
12.4667 3.010E-01
12.4833 3.015E-01
12.5000 3.021E-01
12.5167 3.026E-01
12.5333 3.032E-01
12.5500 3.037E-01
12.5667 3.042E-01
12.5833 3.046E-01
12.6000 3.049E-01
12.6167 3.053E-01
12.6333 3.059E-01
12.6500 3.063E-01
12.6667 3.067E-01
12.6833 3.071E-01
12.7000 3.074E-01
12.7167 3.078E-01
12.7333 3.081E-01
12.7500 3.084E-01
12.7667 3.087E-01
12.7833 3.089E-01
12.8000 3.091E-01
12.8167 3.094E-01
12.8333 3.096E-01
12.8500 3.098E-01
12.8667 3.100E-01
12.8833 3.101E-01
12.9000 3.103E-01
12.9167 3.104E-01
12.9333 3.105E-01
12.9500 3.105E-01
12.9667 3.106E-01
12.9833 3.106E-01
13.0000 3.107E-01
13.0167 3.107E-01
13.0333 3.107E-01
13.0500 3.106E-01
13.0667 3.106E-01
13.0833 3.106E-01
13.1000 3.105E-01
13.1167 3.104E-01
13.1333 3.102E-01
13.1500 3.101E-01
13.1667 3.100E-01
13.1833 3.098E-01
13.2000 3.096E-01
13.2167 3.094E-01
13.2333 3.091E-01
13.2500 3.089E-01
13.2667 3.087E-01
13.2833 3.084E-01
13.3000 3.081E-01
13.3167 3.078E-01
13.3333 3.074E-01
13.3500 3.071E-01
13.3667 3.067E-01
13.3833 3.064E-01
13.4000 3.060E-01
13.4167 3.053E-01
13.4333 3.049E-01
13.4500 3.046E-01
13.4667 3.042E-01
13.4833 3.037E-01
13.5000 3.032E-01
13.5167 3.026E-01
13.5333 3.021E-01
13.5500 3.016E-01
13.5667 3.010E-01
13.5833 3.004E-01
13.6000 2.998E-01
13.6167 2.992E-01
13.6333 2.985E-01
13.6500 2.979E-01
13.6667 2.972E-01
13.6833 2.965E-01
13.7000 2.958E-01
13.7167 2.951E-01
13.7333 2.943E-01
13.7500 2.936E-01
13.7667 2.928E-01
13.7833 2.920E-01
13.8000 2.912E-01
13.8167 2.904E-01
13.8333 2.896E-01
13.8500 2.887E-01
13.8667 2.879E-01
13.8833 2.868E-01
13.9000 2.861E-01
13.9167 2.852E-01
13.9333 2.843E-01
13.9500 2.831E-01
13.9667 2.824E-01
13.9833 2.814E-01
14.0000 2.804E-01
14.0167 2.794E-01
14.0333 2.783E-01
14.0500 2.774E-01
14.0667 2.763E-01
14.0833 2.753E-01
14.1000 2.742E-01
14.1167 2.731E-01
14.1333 2.720E-01
14.1500 2.709E-01
14.1667 2.698E-01
14.1833 2.685E-01
14.2000 2.675E-01
14.2167 2.664E-01
14.2333 2.652E-01
14.2500 2.640E-01
14.2667 2.628E-01
14.2833 2.615E-01
14.3000 2.603E-01
14.3167 2.591E-01
14.3333 2.579E-01
14.3500 2.566E-01
14.3667 2.554E-01
14.3833 2.541E-01
14.4000 2.528E-01
14.4167 2.515E-01
14.4333 2.502E-01
14.4500 2.489E-01
14.4667 2.475E-01
14.4833 2.462E-01
14.5000 2.447E-01
14.5167 2.435E-01
14.5333 2.421E-01
14.5500 2.407E-01
14.5667 2.393E-01
14.5833 2.379E-01
14.6000 2.365E-01
14.6167 2.351E-01
14.6333 2.337E-01
14.6500 2.322E-01
14.6667 2.308E-01
14.6833 2.293E-01
14.7000 2.278E-01
14.7167 2.264E-01
14.7333 2.249E-01
14.7500 2.234E-01
14.7667 2.219E-01
14.7833 2.203E-01
14.8000 2.189E-01
14.8167 2.174E-01
14.8333 2.159E-01
14.8500 2.144E-01
14.8667 2.126E-01
14.8833 2.112E-01
14.9000 2.096E-01
14.9167 2.081E-01
14.9333 2.066E-01
14.9500 2.051E-01
14.9667 2.035E-01
14.9833 2.020E-01
