11.0000 3.098E-01
11.0167 3.119E-01
11.0333 3.139E-01
11.0500 3.159E-01
11.0667 3.176E-01
11.0833 3.199E-01
11.1000 3.218E-01
11.1167 3.238E-01
11.1333 3.258E-01
11.1500 3.277E-01
11.1667 3.297E-01
11.1833 3.316E-01
11.2000 3.335E-01
11.2167 3.354E-01
11.2333 3.373E-01
11.2500 3.392E-01
11.2667 3.411E-01
11.2833 3.429E-01
11.3000 3.448E-01
11.3167 3.466E-01
11.3333 3.484E-01
11.3500 3.502E-01
11.3667 3.520E-01
11.3833 3.538E-01
11.4000 3.555E-01
11.4167 3.573E-01
11.4333 3.591E-01
11.4500 3.608E-01
11.4667 3.625E-01
11.4833 3.642E-01
11.5000 3.659E-01
11.5167 3.676E-01
11.5333 3.692E-01
11.5500 3.708E-01
11.5667 3.725E-01
11.5833 3.741E-01
11.6000 3.757E-01
11.6167 3.773E-01
11.6333 3.788E-01
11.6500 3.800E-01
11.6667 3.818E-01
11.6833 3.834E-01
11.7000 3.849E-01
11.7167 3.864E-01
11.7333 3.878E-01
11.7500 3.893E-01
11.7667 3.907E-01
11.7833 3.921E-01
11.8000 3.935E-01
11.8167 3.949E-01
11.8333 3.963E-01
11.8500 3.976E-01
11.8667 3.989E-01
11.8833 4.002E-01
11.9000 4.015E-01
11.9167 4.028E-01
11.9333 4.040E-01
11.9500 4.053E-01
11.9667 4.065E-01
11.9833 4.077E-01
12.0000 4.088E-01
12.0167 4.100E-01
12.0333 4.111E-01
12.0500 4.123E-01
12.0667 4.133E-01
12.0833 4.144E-01
12.1000 4.150E-01
12.1167 4.165E-01
12.1333 4.175E-01
12.1500 4.185E-01
12.1667 4.195E-01
12.1833 4.204E-01
12.2000 4.212E-01
12.2167 4.223E-01
12.2333 4.232E-01
12.2500 4.240E-01
12.2667 4.249E-01
12.2833 4.253E-01
12.3000 4.264E-01
12.3167 4.271E-01
12.3333 4.280E-01
12.3500 4.289E-01
12.3667 4.295E-01
12.3833 4.303E-01
12.4000 4.309E-01
12.4167 4.316E-01
12.4333 4.323E-01
12.4500 4.329E-01
12.4667 4.335E-01
12.4833 4.340E-01
12.5000 4.346E-01
12.5167 4.351E-01
12.5333 4.356E-01
12.5500 4.361E-01
12.5667 4.366E-01
12.5833 4.370E-01
12.6000 4.374E-01
12.6167 4.378E-01
12.6333 4.382E-01
12.6500 4.385E-01
12.6667 4.389E-01
12.6833 4.392E-01
12.7000 4.394E-01
12.7167 4.395E-01
12.7333 4.394E-01
12.7500 4.398E-01
12.7667 4.402E-01
12.7833 4.405E-01
12.8000 4.407E-01
12.8167 4.408E-01
12.8333 4.409E-01
12.8500 4.410E-01
12.8667 4.410E-01
12.8833 4.410E-01
12.9000 4.411E-01
12.9167 4.411E-01
12.9333 4.410E-01
12.9500 4.410E-01
12.9667 4.409E-01
12.9833 4.408E-01
13.0000 4.407E-01
13.0167 4.405E-01
13.0333 4.402E-01
13.0500 4.397E-01
13.0667 4.394E-01
13.0833 4.395E-01
13.1000 4.394E-01
13.1167 4.391E-01
13.1333 4.388E-01
13.1500 4.385E-01
13.1667 4.381E-01
13.1833 4.378E-01
13.2000 4.374E-01
13.2167 4.370E-01
13.2333 4.365E-01
13.2500 4.361E-01
13.2667 4.356E-01
13.2833 4.351E-01
13.3000 4.345E-01
13.3167 4.340E-01
13.3333 4.334E-01
13.3500 4.328E-01
13.3667 4.322E-01
13.3833 4.316E-01
13.4000 4.309E-01
13.4167 4.302E-01
13.4333 4.295E-01
13.4500 4.288E-01
13.4667 4.279E-01
13.4833 4.272E-01
13.5000 4.264E-01
13.5167 4.254E-01
13.5333 4.248E-01
13.5500 4.240E-01
13.5667 4.231E-01
13.5833 4.222E-01
13.6000 4.212E-01
13.6167 4.203E-01
13.6333 4.194E-01
13.6500 4.184E-01
13.6667 4.174E-01
13.6833 4.164E-01
13.7000 4.150E-01
13.7167 4.143E-01
13.7333 4.132E-01
13.7500 4.121E-01
13.7667 4.110E-01
13.7833 4.099E-01
13.8000 4.087E-01
13.8167 4.076E-01
13.8333 4.064E-01
13.8500 4.052E-01
13.8667 4.039E-01
13.8833 4.027E-01
13.9000 4.014E-01
13.9167 4.001E-01
13.9333 3.988E-01
13.9500 3.975E-01
13.9667 3.962E-01
13.9833 3.948E-01
14.0000 3.934E-01
14.0167 3.920E-01
14.0333 3.906E-01
14.0500 3.892E-01
14.0667 3.877E-01
14.0833 3.863E-01
14.1000 3.848E-01
14.1167 3.833E-01
14.1333 3.816E-01
14.1500 3.800E-01
14.1667 3.787E-01
14.1833 3.771E-01
14.2000 3.755E-01
14.2167 3.739E-01
14.2333 3.724E-01
14.2500 3.707E-01
14.2667 3.691E-01
14.2833 3.674E-01
14.3000 3.658E-01
14.3167 3.641E-01
14.3333 3.624E-01
14.3500 3.607E-01
14.3667 3.589E-01
14.3833 3.571E-01
14.4000 3.554E-01
14.4167 3.537E-01
14.4333 3.519E-01
14.4500 3.500E-01
14.4667 3.483E-01
14.4833 3.464E-01
14.5000 3.446E-01
14.5167 3.428E-01
14.5333 3.409E-01
14.5500 3.390E-01
14.5667 3.372E-01
14.5833 3.353E-01
14.6000 3.334E-01
14.6167 3.315E-01
14.6333 3.295E-01
14.6500 3.276E-01
14.6667 3.256E-01
14.6833 3.237E-01
14.7000 3.217E-01
14.7167 3.197E-01
14.7333 3.175E-01
14.7500 3.158E-01
14.7667 3.138E-01
14.7833 3.117E-01
14.8000 3.097E-01
14.8167 3.077E-01
14.8333 3.053E-01
14.8500 3.034E-01
14.8667 3.015E-01
14.8833 2.995E-01
14.9000 2.974E-01
14.9167 2.952E-01
14.9333 2.932E-01
14.9500 2.911E-01
14.9667 2.890E-01
14.9833 2.869E-01
