11.0000 2.224E-01
11.0167 2.241E-01
11.0333 2.259E-01
11.0500 2.276E-01
11.0667 2.293E-01
11.0833 2.310E-01
11.1000 2.327E-01
11.1167 2.343E-01
11.1333 2.360E-01
11.1500 2.377E-01
11.1667 2.393E-01
11.1833 2.410E-01
11.2000 2.426E-01
11.2167 2.442E-01
11.2333 2.459E-01
11.2500 2.475E-01
11.2667 2.491E-01
11.2833 2.507E-01
11.3000 2.523E-01
11.3167 2.539E-01
11.3333 2.554E-01
11.3500 2.570E-01
11.3667 2.585E-01
11.3833 2.601E-01
11.4000 2.617E-01
11.4167 2.632E-01
11.4333 2.647E-01
11.4500 2.662E-01
11.4667 2.677E-01
11.4833 2.692E-01
11.5000 2.707E-01
11.5167 2.721E-01
11.5333 2.736E-01
11.5500 2.750E-01
11.5667 2.764E-01
11.5833 2.779E-01
11.6000 2.793E-01
11.6167 2.806E-01
11.6333 2.820E-01
11.6500 2.834E-01
11.6667 2.848E-01
11.6833 2.862E-01
11.7000 2.875E-01
11.7167 2.888E-01
11.7333 2.900E-01
11.7500 2.914E-01
11.7667 2.927E-01
11.7833 2.938E-01
11.8000 2.952E-01
11.8167 2.965E-01
11.8333 2.977E-01
11.8500 2.988E-01
11.8667 3.001E-01
11.8833 3.013E-01
11.9000 3.025E-01
11.9167 3.036E-01
11.9333 3.048E-01
11.9500 3.059E-01
11.9667 3.070E-01
11.9833 3.081E-01
12.0000 3.092E-01
12.0167 3.102E-01
12.0333 3.113E-01
12.0500 3.123E-01
12.0667 3.134E-01
12.0833 3.142E-01
12.1000 3.153E-01
12.1167 3.163E-01
12.1333 3.173E-01
12.1500 3.182E-01
12.1667 3.191E-01
12.1833 3.200E-01
12.2000 3.209E-01
12.2167 3.218E-01
12.2333 3.226E-01
12.2500 3.235E-01
12.2667 3.243E-01
12.2833 3.251E-01
12.3000 3.259E-01
12.3167 3.266E-01
12.3333 3.274E-01
12.3500 3.282E-01
12.3667 3.289E-01
12.3833 3.296E-01
12.4000 3.302E-01
12.4167 3.305E-01
12.4333 3.315E-01
12.4500 3.322E-01
12.4667 3.328E-01
12.4833 3.333E-01
12.5000 3.338E-01
12.5167 3.343E-01
12.5333 3.350E-01
12.5500 3.356E-01
12.5667 3.358E-01
12.5833 3.365E-01
12.6000 3.370E-01
12.6167 3.369E-01
12.6333 3.379E-01
12.6500 3.383E-01
12.6667 3.386E-01
12.6833 3.390E-01
12.7000 3.394E-01
12.7167 3.397E-01
12.7333 3.400E-01
12.7500 3.403E-01
12.7667 3.406E-01
12.7833 3.408E-01
12.8000 3.411E-01
12.8167 3.413E-01
12.8333 3.415E-01
12.8500 3.416E-01
12.8667 3.418E-01
12.8833 3.419E-01
12.9000 3.421E-01
12.9167 3.422E-01
12.9333 3.422E-01
12.9500 3.423E-01
12.9667 3.423E-01
12.9833 3.423E-01
13.0000 3.424E-01
13.0167 3.423E-01
13.0333 3.423E-01
13.0500 3.422E-01
13.0667 3.422E-01
13.0833 3.421E-01
13.1000 3.420E-01
13.1167 3.418E-01
13.1333 3.417E-01
13.1500 3.415E-01
13.1667 3.413E-01
13.1833 3.411E-01
13.2000 3.409E-01
13.2167 3.406E-01
13.2333 3.404E-01
13.2500 3.401E-01
13.2667 3.398E-01
13.2833 3.394E-01
13.3000 3.391E-01
13.3167 3.387E-01
13.3333 3.383E-01
13.3500 3.379E-01
13.3667 3.372E-01
13.3833 3.371E-01
13.4000 3.366E-01
13.4167 3.359E-01
13.4333 3.357E-01
13.4500 3.351E-01
13.4667 3.344E-01
13.4833 3.338E-01
13.5000 3.335E-01
13.5167 3.329E-01
13.5333 3.323E-01
13.5500 3.316E-01
13.5667 3.307E-01
13.5833 3.304E-01
13.6000 3.297E-01
13.6167 3.290E-01
13.6333 3.283E-01
13.6500 3.276E-01
13.6667 3.268E-01
13.6833 3.261E-01
13.7000 3.253E-01
13.7167 3.245E-01
13.7333 3.237E-01
13.7500 3.226E-01
13.7667 3.219E-01
13.7833 3.211E-01
13.8000 3.202E-01
13.8167 3.193E-01
13.8333 3.184E-01
13.8500 3.175E-01
13.8667 3.165E-01
13.8833 3.156E-01
13.9000 3.146E-01
13.9167 3.136E-01
13.9333 3.126E-01
13.9500 3.115E-01
13.9667 3.105E-01
13.9833 3.094E-01
14.0000 3.083E-01
14.0167 3.073E-01
14.0333 3.061E-01
14.0500 3.050E-01
14.0667 3.039E-01
14.0833 3.027E-01
14.1000 3.016E-01
14.1167 3.004E-01
14.1333 2.990E-01
14.1500 2.980E-01
14.1667 2.966E-01
14.1833 2.955E-01
14.2000 2.942E-01
14.2167 2.930E-01
14.2333 2.917E-01
14.2500 2.903E-01
14.2667 2.891E-01
14.2833 2.878E-01
14.3000 2.865E-01
14.3167 2.851E-01
14.3333 2.837E-01
14.3500 2.824E-01
14.3667 2.809E-01
14.3833 2.796E-01
14.4000 2.782E-01
14.4167 2.768E-01
14.4333 2.754E-01
14.4500 2.739E-01
14.4667 2.725E-01
14.4833 2.710E-01
14.5000 2.695E-01
14.5167 2.680E-01
14.5333 2.665E-01
14.5500 2.649E-01
14.5667 2.635E-01
14.5833 2.620E-01
14.6000 2.603E-01
14.6167 2.589E-01
14.6333 2.574E-01
14.6500 2.558E-01
14.6667 2.542E-01
14.6833 2.527E-01
14.7000 2.509E-01
14.7167 2.494E-01
14.7333 2.478E-01
14.7500 2.462E-01
14.7667 2.446E-01
14.7833 2.430E-01
14.8000 2.413E-01
14.8167 2.397E-01
14.8333 2.380E-01
14.8500 2.364E-01
14.8667 2.347E-01
14.8833 2.331E-01
14.9000 2.314E-01
14.9167 2.297E-01
14.9333 2.280E-01
14.9500 2.263E-01
14.9667 2.245E-01
14.9833 2.229E-01
