11.0000 1.725E-01
11.0167 1.740E-01
11.0333 1.754E-01
11.0500 1.769E-01
11.0667 1.784E-01
11.0833 1.798E-01
11.1000 1.813E-01
11.1167 1.827E-01
11.1333 1.842E-01
11.1500 1.856E-01
11.1667 1.870E-01
11.1833 1.885E-01
11.2000 1.899E-01
11.2167 1.913E-01
11.2333 1.926E-01
11.2500 1.941E-01
11.2667 1.952E-01
11.2833 1.969E-01
11.3000 1.983E-01
11.3167 1.997E-01
11.3333 2.011E-01
11.3500 2.025E-01
11.3667 2.038E-01
11.3833 2.052E-01
11.4000 2.065E-01
11.4167 2.079E-01
11.4333 2.092E-01
11.4500 2.105E-01
11.4667 2.118E-01
11.4833 2.132E-01
11.5000 2.145E-01
11.5167 2.158E-01
11.5333 2.171E-01
11.5500 2.182E-01
11.5667 2.196E-01
11.5833 2.209E-01
11.6000 2.221E-01
11.6167 2.234E-01
11.6333 2.246E-01
11.6500 2.258E-01
11.6667 2.270E-01
11.6833 2.282E-01
11.7000 2.294E-01
11.7167 2.306E-01
11.7333 2.318E-01
11.7500 2.329E-01
11.7667 2.341E-01
11.7833 2.352E-01
11.8000 2.363E-01
11.8167 2.375E-01
11.8333 2.386E-01
11.8500 2.396E-01
11.8667 2.407E-01
11.8833 2.418E-01
11.9000 2.428E-01
11.9167 2.439E-01
11.9333 2.449E-01
11.9500 2.460E-01
11.9667 2.470E-01
11.9833 2.480E-01
12.0000 2.490E-01
12.0167 2.499E-01
12.0333 2.509E-01
12.0500 2.518E-01
12.0667 2.528E-01
12.0833 2.537E-01
12.1000 2.546E-01
12.1167 2.555E-01
12.1333 2.563E-01
12.1500 2.572E-01
12.1667 2.580E-01
12.1833 2.588E-01
12.2000 2.597E-01
12.2167 2.605E-01
12.2333 2.613E-01
12.2500 2.621E-01
12.2667 2.629E-01
12.2833 2.636E-01
12.3000 2.644E-01
12.3167 2.651E-01
12.3333 2.658E-01
12.3500 2.664E-01
12.3667 2.671E-01
12.3833 2.675E-01
12.4000 2.685E-01
12.4167 2.691E-01
12.4333 2.697E-01
12.4500 2.703E-01
12.4667 2.709E-01
12.4833 2.714E-01
12.5000 2.719E-01
12.5167 2.726E-01
12.5333 2.731E-01
12.5500 2.736E-01
12.5667 2.741E-01
12.5833 2.745E-01
12.6000 2.750E-01
12.6167 2.754E-01
12.6333 2.759E-01
12.6500 2.763E-01
12.6667 2.767E-01
12.6833 2.770E-01
12.7000 2.774E-01
12.7167 2.778E-01
12.7333 2.781E-01
12.7500 2.781E-01
12.7667 2.787E-01
12.7833 2.789E-01
12.8000 2.792E-01
12.8167 2.795E-01
12.8333 2.797E-01
12.8500 2.799E-01
12.8667 2.801E-01
12.8833 2.802E-01
12.9000 2.801E-01
12.9167 2.804E-01
12.9333 2.807E-01
12.9500 2.808E-01
12.9667 2.809E-01
12.9833 2.809E-01
13.0000 2.810E-01
13.0167 2.810E-01
13.0333 2.811E-01
13.0500 2.811E-01
13.0667 2.810E-01
13.0833 2.810E-01
13.1000 2.810E-01
13.1167 2.809E-01
13.1333 2.809E-01
13.1500 2.808E-01
13.1667 2.807E-01
13.1833 2.805E-01
13.2000 2.801E-01
13.2167 2.802E-01
13.2333 2.801E-01
13.2500 2.799E-01
13.2667 2.797E-01
13.2833 2.795E-01
13.3000 2.792E-01
13.3167 2.790E-01
13.3333 2.787E-01
13.3500 2.781E-01
13.3667 2.781E-01
13.3833 2.778E-01
13.4000 2.774E-01
13.4167 2.771E-01
13.4333 2.767E-01
13.4500 2.763E-01
13.4667 2.759E-01
13.4833 2.754E-01
13.5000 2.750E-01
13.5167 2.746E-01
13.5333 2.741E-01
13.5500 2.736E-01
13.5667 2.731E-01
13.5833 2.726E-01
13.6000 2.720E-01
13.6167 2.715E-01
13.6333 2.709E-01
13.6500 2.703E-01
13.6667 2.697E-01
13.6833 2.691E-01
13.7000 2.685E-01
13.7167 2.675E-01
13.7333 2.672E-01
13.7500 2.665E-01
13.7667 2.658E-01
13.7833 2.651E-01
13.8000 2.644E-01
13.8167 2.636E-01
13.8333 2.629E-01
13.8500 2.622E-01
13.8667 2.614E-01
13.8833 2.606E-01
13.9000 2.598E-01
13.9167 2.588E-01
13.9333 2.581E-01
13.9500 2.573E-01
13.9667 2.564E-01
13.9833 2.555E-01
14.0000 2.546E-01
14.0167 2.537E-01
14.0333 2.528E-01
14.0500 2.519E-01
14.0667 2.509E-01
14.0833 2.500E-01
14.1000 2.490E-01
14.1167 2.480E-01
14.1333 2.470E-01
14.1500 2.460E-01
14.1667 2.450E-01
14.1833 2.440E-01
14.2000 2.429E-01
14.2167 2.419E-01
14.2333 2.408E-01
14.2500 2.397E-01
14.2667 2.386E-01
14.2833 2.375E-01
14.3000 2.364E-01
14.3167 2.353E-01
14.3333 2.341E-01
14.3500 2.330E-01
14.3667 2.318E-01
14.3833 2.306E-01
14.4000 2.294E-01
14.4167 2.283E-01
14.4333 2.271E-01
14.4500 2.259E-01
14.4667 2.246E-01
14.4833 2.234E-01
14.5000 2.222E-01
14.5167 2.209E-01
14.5333 2.197E-01
14.5500 2.183E-01
14.5667 2.171E-01
14.5833 2.158E-01
14.6000 2.145E-01
14.6167 2.132E-01
14.6333 2.119E-01
14.6500 2.106E-01
14.6667 2.092E-01
14.6833 2.079E-01
14.7000 2.066E-01
14.7167 2.053E-01
14.7333 2.039E-01
14.7500 2.025E-01
14.7667 2.012E-01
14.7833 1.997E-01
14.8000 1.984E-01
14.8167 1.970E-01
14.8333 1.953E-01
14.8500 1.942E-01
14.8667 1.927E-01
14.8833 1.914E-01
14.9000 1.899E-01
14.9167 1.885E-01
14.9333 1.871E-01
14.9500 1.857E-01
14.9667 1.842E-01
14.9833 1.828E-01
