11.0000 2.557E-01
11.0167 2.578E-01
11.0333 2.597E-01
11.0500 2.616E-01
11.0667 2.634E-01
11.0833 2.653E-01
11.1000 2.672E-01
11.1167 2.690E-01
11.1333 2.709E-01
11.1500 2.727E-01
11.1667 2.745E-01
11.1833 2.764E-01
11.2000 2.782E-01
11.2167 2.800E-01
11.2333 2.818E-01
11.2500 2.836E-01
11.2667 2.854E-01
11.2833 2.871E-01
11.3000 2.889E-01
11.3167 2.907E-01
11.3333 2.924E-01
11.3500 2.941E-01
11.3667 2.958E-01
11.3833 2.975E-01
11.4000 2.993E-01
11.4167 3.009E-01
11.4333 3.026E-01
11.4500 3.043E-01
11.4667 3.059E-01
11.4833 3.075E-01
11.5000 3.092E-01
11.5167 3.108E-01
11.5333 3.124E-01
11.5500 3.140E-01
11.5667 3.156E-01
11.5833 3.171E-01
11.6000 3.187E-01
11.6167 3.202E-01
11.6333 3.216E-01
11.6500 3.232E-01
11.6667 3.247E-01
11.6833 3.263E-01
11.7000 3.277E-01
11.7167 3.292E-01
11.7333 3.306E-01
11.7500 3.320E-01
11.7667 3.335E-01
11.7833 3.348E-01
11.8000 3.362E-01
11.8167 3.376E-01
11.8333 3.389E-01
11.8500 3.403E-01
11.8667 3.416E-01
11.8833 3.429E-01
11.9000 3.441E-01
11.9167 3.454E-01
11.9333 3.467E-01
11.9500 3.475E-01
11.9667 3.491E-01
11.9833 3.503E-01
12.0000 3.515E-01
12.0167 3.527E-01
12.0333 3.538E-01
12.0500 3.550E-01
12.0667 3.561E-01
12.0833 3.572E-01
12.1000 3.582E-01
12.1167 3.593E-01
12.1333 3.603E-01
12.1500 3.614E-01
12.1667 3.624E-01
12.1833 3.634E-01
12.2000 3.643E-01
12.2167 3.653E-01
12.2333 3.662E-01
12.2500 3.671E-01
12.2667 3.680E-01
12.2833 3.689E-01
12.3000 3.697E-01
12.3167 3.705E-01
12.3333 3.714E-01
12.3500 3.722E-01
12.3667 3.730E-01
12.3833 3.737E-01
12.4000 3.744E-01
12.4167 3.751E-01
12.4333 3.759E-01
12.4500 3.766E-01
12.4667 3.772E-01
12.4833 3.778E-01
12.5000 3.784E-01
12.5167 3.791E-01
12.5333 3.796E-01
12.5500 3.800E-01
12.5667 3.806E-01
12.5833 3.811E-01
12.6000 3.817E-01
12.6167 3.822E-01
12.6333 3.827E-01
12.6500 3.830E-01
12.6667 3.835E-01
12.6833 3.836E-01
12.7000 3.842E-01
12.7167 3.844E-01
12.7333 3.848E-01
12.7500 3.852E-01
12.7667 3.855E-01
12.7833 3.858E-01
12.8000 3.860E-01
12.8167 3.860E-01
12.8333 3.862E-01
12.8500 3.865E-01
12.8667 3.868E-01
12.8833 3.869E-01
12.9000 3.870E-01
12.9167 3.871E-01
12.9333 3.872E-01
12.9500 3.872E-01
12.9667 3.873E-01
12.9833 3.873E-01
13.0000 3.873E-01
13.0167 3.872E-01
13.0333 3.872E-01
13.0500 3.871E-01
13.0667 3.870E-01
13.0833 3.869E-01
13.1000 3.868E-01
13.1167 3.865E-01
13.1333 3.861E-01
13.1500 3.860E-01
13.1667 3.860E-01
13.1833 3.857E-01
13.2000 3.855E-01
13.2167 3.852E-01
13.2333 3.846E-01
13.2500 3.844E-01
13.2667 3.841E-01
13.2833 3.836E-01
13.3000 3.834E-01
13.3167 3.830E-01
13.3333 3.826E-01
13.3500 3.821E-01
13.3667 3.816E-01
13.3833 3.811E-01
13.4000 3.803E-01
13.4167 3.801E-01
13.4333 3.795E-01
13.4500 3.789E-01
13.4667 3.783E-01
13.4833 3.777E-01
13.5000 3.771E-01
13.5167 3.764E-01
13.5333 3.757E-01
13.5500 3.750E-01
13.5667 3.743E-01
13.5833 3.736E-01
13.6000 3.728E-01
13.6167 3.720E-01
13.6333 3.709E-01
13.6500 3.703E-01
13.6667 3.696E-01
13.6833 3.687E-01
13.7000 3.678E-01
13.7167 3.669E-01
13.7333 3.660E-01
13.7500 3.651E-01
13.7667 3.641E-01
13.7833 3.632E-01
13.8000 3.622E-01
13.8167 3.612E-01
13.8333 3.602E-01
13.8500 3.591E-01
13.8667 3.580E-01
13.8833 3.569E-01
13.9000 3.558E-01
13.9167 3.547E-01
13.9333 3.536E-01
13.9500 3.525E-01
13.9667 3.513E-01
13.9833 3.501E-01
14.0000 3.489E-01
14.0167 3.476E-01
14.0333 3.464E-01
14.0500 3.452E-01
14.0667 3.439E-01
14.0833 3.426E-01
14.1000 3.413E-01
14.1167 3.400E-01
14.1333 3.387E-01
14.1500 3.372E-01
14.1667 3.359E-01
14.1833 3.346E-01
14.2000 3.332E-01
14.2167 3.318E-01
14.2333 3.303E-01
14.2500 3.289E-01
14.2667 3.271E-01
14.2833 3.260E-01
14.3000 3.245E-01
14.3167 3.230E-01
14.3333 3.215E-01
14.3500 3.199E-01
14.3667 3.184E-01
14.3833 3.168E-01
14.4000 3.153E-01
14.4167 3.137E-01
14.4333 3.121E-01
14.4500 3.105E-01
14.4667 3.089E-01
14.4833 3.072E-01
14.5000 3.056E-01
14.5167 3.040E-01
14.5333 3.023E-01
14.5500 3.006E-01
14.5667 2.989E-01
14.5833 2.972E-01
14.6000 2.954E-01
14.6167 2.938E-01
14.6333 2.921E-01
14.6500 2.903E-01
14.6667 2.886E-01
14.6833 2.866E-01
14.7000 2.850E-01
14.7167 2.832E-01
14.7333 2.815E-01
14.7500 2.797E-01
14.7667 2.779E-01
14.7833 2.760E-01
14.8000 2.742E-01
14.8167 2.723E-01
14.8333 2.705E-01
14.8500 2.687E-01
14.8667 2.668E-01
14.8833 2.649E-01
14.9000 2.631E-01
14.9167 2.612E-01
14.9333 2.593E-01
14.9500 2.574E-01
14.9667 2.554E-01
14.9833 2.536E-01
