11.0000 1.812E-01
11.0167 1.828E-01
11.0333 1.843E-01
11.0500 1.858E-01
11.0667 1.872E-01
11.0833 1.887E-01
11.1000 1.902E-01
11.1167 1.917E-01
11.1333 1.931E-01
11.1500 1.946E-01
11.1667 1.961E-01
11.1833 1.976E-01
11.2000 1.990E-01
11.2167 2.005E-01
11.2333 2.019E-01
11.2500 2.033E-01
11.2667 2.048E-01
11.2833 2.062E-01
11.3000 2.076E-01
11.3167 2.090E-01
11.3333 2.104E-01
11.3500 2.118E-01
11.3667 2.132E-01
11.3833 2.146E-01
11.4000 2.160E-01
11.4167 2.173E-01
11.4333 2.187E-01
11.4500 2.200E-01
11.4667 2.214E-01
11.4833 2.227E-01
11.5000 2.241E-01
11.5167 2.253E-01
11.5333 2.267E-01
11.5500 2.278E-01
11.5667 2.292E-01
11.5833 2.305E-01
11.6000 2.318E-01
11.6167 2.331E-01
11.6333 2.343E-01
11.6500 2.355E-01
11.6667 2.368E-01
11.6833 2.379E-01
11.7000 2.390E-01
11.7167 2.404E-01
11.7333 2.416E-01
11.7500 2.428E-01
11.7667 2.439E-01
11.7833 2.451E-01
11.8000 2.462E-01
11.8167 2.473E-01
11.8333 2.485E-01
11.8500 2.496E-01
11.8667 2.507E-01
11.8833 2.517E-01
11.9000 2.528E-01
11.9167 2.539E-01
11.9333 2.549E-01
11.9500 2.559E-01
11.9667 2.570E-01
11.9833 2.580E-01
12.0000 2.589E-01
12.0167 2.599E-01
12.0333 2.609E-01
12.0500 2.619E-01
12.0667 2.626E-01
12.0833 2.637E-01
12.1000 2.646E-01
12.1167 2.655E-01
12.1333 2.664E-01
12.1500 2.671E-01
12.1667 2.681E-01
12.1833 2.690E-01
12.2000 2.698E-01
12.2167 2.705E-01
12.2333 2.714E-01
12.2500 2.722E-01
12.2667 2.729E-01
12.2833 2.737E-01
12.3000 2.744E-01
12.3167 2.749E-01
12.3333 2.758E-01
12.3500 2.765E-01
12.3667 2.772E-01
12.3833 2.779E-01
12.4000 2.785E-01
12.4167 2.790E-01
12.4333 2.798E-01
12.4500 2.803E-01
12.4667 2.809E-01
12.4833 2.815E-01
12.5000 2.820E-01
12.5167 2.826E-01
12.5333 2.831E-01
12.5500 2.836E-01
12.5667 2.841E-01
12.5833 2.845E-01
12.6000 2.850E-01
12.6167 2.854E-01
12.6333 2.858E-01
12.6500 2.862E-01
12.6667 2.866E-01
12.6833 2.868E-01
12.7000 2.873E-01
12.7167 2.877E-01
12.7333 2.880E-01
12.7500 2.883E-01
12.7667 2.886E-01
12.7833 2.888E-01
12.8000 2.888E-01
12.8167 2.893E-01
12.8333 2.895E-01
12.8500 2.897E-01
12.8667 2.899E-01
12.8833 2.901E-01
12.9000 2.902E-01
12.9167 2.904E-01
12.9333 2.905E-01
12.9500 2.906E-01
12.9667 2.906E-01
12.9833 2.907E-01
13.0000 2.907E-01
13.0167 2.908E-01
13.0333 2.908E-01
13.0500 2.908E-01
13.0667 2.907E-01
13.0833 2.907E-01
13.1000 2.906E-01
13.1167 2.906E-01
13.1333 2.905E-01
13.1500 2.903E-01
13.1667 2.902E-01
13.1833 2.901E-01
13.2000 2.899E-01
13.2167 2.897E-01
13.2333 2.895E-01
13.2500 2.893E-01
13.2667 2.889E-01
13.2833 2.889E-01
13.3000 2.886E-01
13.3167 2.883E-01
13.3333 2.880E-01
13.3500 2.877E-01
13.3667 2.874E-01
13.3833 2.869E-01
13.4000 2.866E-01
13.4167 2.863E-01
13.4333 2.859E-01
13.4500 2.854E-01
13.4667 2.850E-01
13.4833 2.846E-01
13.5000 2.841E-01
13.5167 2.836E-01
13.5333 2.831E-01
13.5500 2.826E-01
13.5667 2.821E-01
13.5833 2.815E-01
13.6000 2.810E-01
13.6167 2.804E-01
13.6333 2.798E-01
13.6500 2.791E-01
13.6667 2.786E-01
13.6833 2.779E-01
13.7000 2.773E-01
13.7167 2.766E-01
13.7333 2.758E-01
13.7500 2.749E-01
13.7667 2.745E-01
13.7833 2.737E-01
13.8000 2.729E-01
13.8167 2.722E-01
13.8333 2.714E-01
13.8500 2.706E-01
13.8667 2.698E-01
13.8833 2.690E-01
13.9000 2.682E-01
13.9167 2.672E-01
13.9333 2.665E-01
13.9500 2.656E-01
13.9667 2.647E-01
13.9833 2.638E-01
14.0000 2.626E-01
14.0167 2.619E-01
14.0333 2.610E-01
14.0500 2.600E-01
14.0667 2.590E-01
14.0833 2.580E-01
14.1000 2.570E-01
14.1167 2.560E-01
14.1333 2.550E-01
14.1500 2.539E-01
14.1667 2.529E-01
14.1833 2.518E-01
14.2000 2.507E-01
14.2167 2.496E-01
14.2333 2.485E-01
14.2500 2.474E-01
14.2667 2.463E-01
14.2833 2.452E-01
14.3000 2.440E-01
14.3167 2.428E-01
14.3333 2.417E-01
14.3500 2.405E-01
14.3667 2.392E-01
14.3833 2.380E-01
14.4000 2.369E-01
14.4167 2.356E-01
14.4333 2.344E-01
14.4500 2.332E-01
14.4667 2.319E-01
14.4833 2.305E-01
14.5000 2.294E-01
14.5167 2.279E-01
14.5333 2.268E-01
14.5500 2.254E-01
14.5667 2.241E-01
14.5833 2.228E-01
14.6000 2.215E-01
14.6167 2.201E-01
14.6333 2.188E-01
14.6500 2.174E-01
14.6667 2.161E-01
14.6833 2.147E-01
14.7000 2.133E-01
14.7167 2.119E-01
14.7333 2.105E-01
14.7500 2.091E-01
14.7667 2.077E-01
14.7833 2.063E-01
14.8000 2.048E-01
14.8167 2.035E-01
14.8333 2.020E-01
14.8500 2.006E-01
14.8667 1.991E-01
14.8833 1.977E-01
14.9000 1.962E-01
14.9167 1.948E-01
14.9333 1.933E-01
14.9500 1.918E-01
14.9667 1.903E-01
14.9833 1.888E-01
