11.0000 3.083E-01
11.0167 3.103E-01
11.0333 3.123E-01
11.0500 3.142E-01
11.0667 3.162E-01
11.0833 3.181E-01
11.1000 3.198E-01
11.1167 3.220E-01
11.1333 3.239E-01
11.1500 3.259E-01
11.1667 3.278E-01
11.1833 3.296E-01
11.2000 3.315E-01
11.2167 3.334E-01
11.2333 3.353E-01
11.2500 3.366E-01
11.2667 3.389E-01
11.2833 3.405E-01
11.3000 3.425E-01
11.3167 3.444E-01
11.3333 3.461E-01
11.3500 3.479E-01
11.3667 3.495E-01
11.3833 3.514E-01
11.4000 3.532E-01
11.4167 3.547E-01
11.4333 3.566E-01
11.4500 3.583E-01
11.4667 3.599E-01
11.4833 3.612E-01
11.5000 3.632E-01
11.5167 3.649E-01
11.5333 3.665E-01
11.5500 3.681E-01
11.5667 3.697E-01
11.5833 3.713E-01
11.6000 3.728E-01
11.6167 3.742E-01
11.6333 3.759E-01
11.6500 3.774E-01
11.6667 3.789E-01
11.6833 3.804E-01
11.7000 3.819E-01
11.7167 3.833E-01
11.7333 3.847E-01
11.7500 3.861E-01
11.7667 3.875E-01
11.7833 3.889E-01
11.8000 3.903E-01
11.8167 3.916E-01
11.8333 3.929E-01
11.8500 3.941E-01
11.8667 3.955E-01
11.8833 3.968E-01
11.9000 3.981E-01
11.9167 3.993E-01
11.9333 4.003E-01
11.9500 4.017E-01
11.9667 4.029E-01
11.9833 4.040E-01
12.0000 4.050E-01
12.0167 4.059E-01
12.0333 4.074E-01
12.0500 4.085E-01
12.0667 4.096E-01
12.0833 4.106E-01
12.1000 4.116E-01
12.1167 4.127E-01
12.1333 4.136E-01
12.1500 4.146E-01
12.1667 4.156E-01
12.1833 4.165E-01
12.2000 4.174E-01
12.2167 4.183E-01
12.2333 4.191E-01
12.2500 4.200E-01
12.2667 4.208E-01
12.2833 4.216E-01
12.3000 4.224E-01
12.3167 4.231E-01
12.3333 4.239E-01
12.3500 4.246E-01
12.3667 4.253E-01
12.3833 4.260E-01
12.4000 4.266E-01
12.4167 4.273E-01
12.4333 4.279E-01
12.4500 4.285E-01
12.4667 4.288E-01
12.4833 4.294E-01
12.5000 4.301E-01
12.5167 4.306E-01
12.5333 4.311E-01
12.5500 4.316E-01
12.5667 4.320E-01
12.5833 4.324E-01
12.6000 4.328E-01
12.6167 4.332E-01
12.6333 4.336E-01
12.6500 4.339E-01
12.6667 4.342E-01
12.6833 4.344E-01
12.7000 4.347E-01
12.7167 4.350E-01
12.7333 4.352E-01
12.7500 4.354E-01
12.7667 4.355E-01
12.7833 4.357E-01
12.8000 4.359E-01
12.8167 4.360E-01
12.8333 4.360E-01
12.8500 4.361E-01
12.8667 4.361E-01
12.8833 4.362E-01
12.9000 4.362E-01
12.9167 4.361E-01
12.9333 4.361E-01
12.9500 4.360E-01
12.9667 4.359E-01
12.9833 4.358E-01
13.0000 4.357E-01
13.0167 4.355E-01
13.0333 4.353E-01
13.0500 4.351E-01
13.0667 4.348E-01
13.0833 4.346E-01
13.1000 4.343E-01
13.1167 4.341E-01
13.1333 4.337E-01
13.1500 4.334E-01
13.1667 4.330E-01
13.1833 4.327E-01
13.2000 4.323E-01
13.2167 4.318E-01
13.2333 4.314E-01
13.2500 4.309E-01
13.2667 4.304E-01
13.2833 4.299E-01
13.3000 4.289E-01
13.3167 4.288E-01
13.3333 4.282E-01
13.3500 4.276E-01
13.3667 4.270E-01
13.3833 4.264E-01
13.4000 4.257E-01
13.4167 4.250E-01
13.4333 4.243E-01
13.4500 4.236E-01
13.4667 4.228E-01
13.4833 4.221E-01
13.5000 4.213E-01
13.5167 4.205E-01
13.5333 4.196E-01
13.5500 4.188E-01
13.5667 4.175E-01
13.5833 4.170E-01
13.6000 4.161E-01
13.6167 4.152E-01
13.6333 4.142E-01
13.6500 4.132E-01
13.6667 4.122E-01
13.6833 4.112E-01
13.7000 4.102E-01
13.7167 4.091E-01
13.7333 4.080E-01
13.7500 4.070E-01
13.7667 4.056E-01
13.7833 4.046E-01
13.8000 4.036E-01
13.8167 4.024E-01
13.8333 4.012E-01
13.8500 4.000E-01
13.8667 3.988E-01
13.8833 3.975E-01
13.9000 3.963E-01
13.9167 3.948E-01
13.9333 3.937E-01
13.9500 3.924E-01
13.9667 3.908E-01
13.9833 3.897E-01
14.0000 3.883E-01
14.0167 3.870E-01
14.0333 3.856E-01
14.0500 3.841E-01
14.0667 3.827E-01
14.0833 3.812E-01
14.1000 3.798E-01
14.1167 3.781E-01
14.1333 3.768E-01
14.1500 3.753E-01
14.1667 3.737E-01
14.1833 3.722E-01
14.2000 3.706E-01
14.2167 3.691E-01
14.2333 3.675E-01
14.2500 3.658E-01
14.2667 3.642E-01
14.2833 3.623E-01
14.3000 3.609E-01
14.3167 3.593E-01
14.3333 3.576E-01
14.3500 3.559E-01
14.3667 3.542E-01
14.3833 3.524E-01
14.4000 3.507E-01
14.4167 3.490E-01
14.4333 3.472E-01
14.4500 3.454E-01
14.4667 3.432E-01
14.4833 3.418E-01
14.5000 3.400E-01
14.5167 3.381E-01
14.5333 3.363E-01
14.5500 3.345E-01
14.5667 3.326E-01
14.5833 3.308E-01
14.6000 3.286E-01
14.6167 3.270E-01
14.6333 3.251E-01
14.6500 3.232E-01
14.6667 3.212E-01
14.6833 3.193E-01
14.7000 3.174E-01
14.7167 3.154E-01
14.7333 3.134E-01
14.7500 3.115E-01
14.7667 3.095E-01
14.7833 3.075E-01
14.8000 3.055E-01
14.8167 3.035E-01
14.8333 3.015E-01
14.8500 2.994E-01
14.8667 2.974E-01
14.8833 2.953E-01
14.9000 2.933E-01
14.9167 2.913E-01
14.9333 2.892E-01
14.9500 2.871E-01
14.9667 2.851E-01
14.9833 2.830E-01
