11.0000 3.091E-01
11.0167 3.111E-01
11.0333 3.130E-01
11.0500 3.151E-01
11.0667 3.171E-01
11.0833 3.190E-01
11.1000 3.210E-01
11.1167 3.229E-01
11.1333 3.249E-01
11.1500 3.268E-01
11.1667 3.287E-01
11.1833 3.306E-01
11.2000 3.325E-01
11.2167 3.344E-01
11.2333 3.362E-01
11.2500 3.382E-01
11.2667 3.400E-01
11.2833 3.418E-01
11.3000 3.437E-01
11.3167 3.454E-01
11.3333 3.473E-01
11.3500 3.489E-01
11.3667 3.508E-01
11.3833 3.522E-01
11.4000 3.544E-01
11.4167 3.561E-01
11.4333 3.578E-01
11.4500 3.595E-01
11.4667 3.612E-01
11.4833 3.629E-01
11.5000 3.646E-01
11.5167 3.662E-01
11.5333 3.679E-01
11.5500 3.695E-01
11.5667 3.710E-01
11.5833 3.726E-01
11.6000 3.743E-01
11.6167 3.758E-01
11.6333 3.774E-01
11.6500 3.789E-01
11.6667 3.804E-01
11.6833 3.819E-01
11.7000 3.834E-01
11.7167 3.849E-01
11.7333 3.863E-01
11.7500 3.874E-01
11.7667 3.891E-01
11.7833 3.905E-01
11.8000 3.919E-01
11.8167 3.933E-01
11.8333 3.946E-01
11.8500 3.959E-01
11.8667 3.973E-01
11.8833 3.985E-01
11.9000 3.998E-01
11.9167 4.009E-01
11.9333 4.023E-01
11.9500 4.033E-01
11.9667 4.044E-01
11.9833 4.059E-01
12.0000 4.070E-01
12.0167 4.082E-01
12.0333 4.092E-01
12.0500 4.104E-01
12.0667 4.115E-01
12.0833 4.125E-01
12.1000 4.136E-01
12.1167 4.145E-01
12.1333 4.155E-01
12.1500 4.161E-01
12.1667 4.175E-01
12.1833 4.185E-01
12.2000 4.194E-01
12.2167 4.203E-01
12.2333 4.212E-01
12.2500 4.220E-01
12.2667 4.229E-01
12.2833 4.237E-01
12.3000 4.245E-01
12.3167 4.252E-01
12.3333 4.260E-01
12.3500 4.267E-01
12.3667 4.275E-01
12.3833 4.281E-01
12.4000 4.283E-01
12.4167 4.294E-01
12.4333 4.301E-01
12.4500 4.307E-01
12.4667 4.313E-01
12.4833 4.318E-01
12.5000 4.324E-01
12.5167 4.329E-01
12.5333 4.334E-01
12.5500 4.339E-01
12.5667 4.343E-01
12.5833 4.347E-01
12.6000 4.351E-01
12.6167 4.355E-01
12.6333 4.359E-01
12.6500 4.362E-01
12.6667 4.365E-01
12.6833 4.368E-01
12.7000 4.371E-01
12.7167 4.374E-01
12.7333 4.376E-01
12.7500 4.378E-01
12.7667 4.380E-01
12.7833 4.381E-01
12.8000 4.383E-01
12.8167 4.384E-01
12.8333 4.385E-01
12.8500 4.385E-01
12.8667 4.386E-01
12.8833 4.386E-01
12.9000 4.386E-01
12.9167 4.386E-01
12.9333 4.386E-01
12.9500 4.385E-01
12.9667 4.384E-01
12.9833 4.383E-01
13.0000 4.382E-01
13.0167 4.380E-01
13.0333 4.378E-01
13.0500 4.376E-01
13.0667 4.374E-01
13.0833 4.372E-01
13.1000 4.369E-01
13.1167 4.366E-01
13.1333 4.363E-01
13.1500 4.360E-01
13.1667 4.356E-01
13.1833 4.352E-01
13.2000 4.348E-01
13.2167 4.344E-01
13.2333 4.340E-01
13.2500 4.335E-01
13.2667 4.330E-01
13.2833 4.325E-01
13.3000 4.320E-01
13.3167 4.314E-01
13.3333 4.308E-01
13.3500 4.302E-01
13.3667 4.296E-01
13.3833 4.287E-01
13.4000 4.283E-01
13.4167 4.276E-01
13.4333 4.269E-01
13.4500 4.262E-01
13.4667 4.255E-01
13.4833 4.247E-01
13.5000 4.239E-01
13.5167 4.231E-01
13.5333 4.222E-01
13.5500 4.214E-01
13.5667 4.205E-01
13.5833 4.196E-01
13.6000 4.187E-01
13.6167 4.178E-01
13.6333 4.162E-01
13.6500 4.156E-01
13.6667 4.145E-01
13.6833 4.138E-01
13.7000 4.128E-01
13.7167 4.117E-01
13.7333 4.105E-01
13.7500 4.095E-01
13.7667 4.085E-01
13.7833 4.073E-01
13.8000 4.062E-01
13.8167 4.044E-01
13.8333 4.038E-01
13.8500 4.026E-01
13.8667 4.011E-01
13.8833 4.001E-01
13.9000 3.988E-01
13.9167 3.976E-01
13.9333 3.963E-01
13.9500 3.950E-01
13.9667 3.936E-01
13.9833 3.923E-01
14.0000 3.909E-01
14.0167 3.895E-01
14.0333 3.879E-01
14.0500 3.867E-01
14.0667 3.852E-01
14.0833 3.835E-01
14.1000 3.823E-01
14.1167 3.808E-01
14.1333 3.793E-01
14.1500 3.778E-01
14.1667 3.762E-01
14.1833 3.747E-01
14.2000 3.730E-01
14.2167 3.715E-01
14.2333 3.699E-01
14.2500 3.683E-01
14.2667 3.666E-01
14.2833 3.650E-01
14.3000 3.633E-01
14.3167 3.617E-01
14.3333 3.600E-01
14.3500 3.583E-01
14.3667 3.565E-01
14.3833 3.548E-01
14.4000 3.531E-01
14.4167 3.512E-01
14.4333 3.493E-01
14.4500 3.477E-01
14.4667 3.457E-01
14.4833 3.441E-01
14.5000 3.423E-01
14.5167 3.405E-01
14.5333 3.386E-01
14.5500 3.367E-01
14.5667 3.349E-01
14.5833 3.330E-01
14.6000 3.311E-01
14.6167 3.292E-01
14.6333 3.273E-01
14.6500 3.254E-01
14.6667 3.234E-01
14.6833 3.215E-01
14.7000 3.195E-01
14.7167 3.176E-01
14.7333 3.156E-01
14.7500 3.136E-01
14.7667 3.116E-01
14.7833 3.096E-01
14.8000 3.076E-01
14.8167 3.056E-01
14.8333 3.036E-01
14.8500 3.015E-01
14.8667 2.995E-01
14.8833 2.974E-01
14.9000 2.954E-01
14.9167 2.931E-01
14.9333 2.912E-01
14.9500 2.891E-01
14.9667 2.870E-01
14.9833 2.850E-01
