11.0000 2.711E-01
11.0167 2.731E-01
11.0333 2.750E-01
11.0500 2.769E-01
11.0667 2.788E-01
11.0833 2.807E-01
11.1000 2.826E-01
11.1167 2.846E-01
11.1333 2.864E-01
11.1500 2.883E-01
11.1667 2.902E-01
11.1833 2.920E-01
11.2000 2.939E-01
11.2167 2.957E-01
11.2333 2.976E-01
11.2500 2.993E-01
11.2667 3.011E-01
11.2833 3.030E-01
11.3000 3.048E-01
11.3167 3.066E-01
11.3333 3.083E-01
11.3500 3.101E-01
11.3667 3.118E-01
11.3833 3.135E-01
11.4000 3.152E-01
11.4167 3.170E-01
11.4333 3.186E-01
11.4500 3.200E-01
11.4667 3.220E-01
11.4833 3.237E-01
11.5000 3.251E-01
11.5167 3.270E-01
11.5333 3.286E-01
11.5500 3.302E-01
11.5667 3.318E-01
11.5833 3.331E-01
11.6000 3.350E-01
11.6167 3.365E-01
11.6333 3.380E-01
11.6500 3.396E-01
11.6667 3.411E-01
11.6833 3.426E-01
11.7000 3.441E-01
11.7167 3.455E-01
11.7333 3.470E-01
11.7500 3.484E-01
11.7667 3.498E-01
11.7833 3.512E-01
11.8000 3.526E-01
11.8167 3.540E-01
11.8333 3.553E-01
11.8500 3.567E-01
11.8667 3.580E-01
11.8833 3.593E-01
11.9000 3.606E-01
11.9167 3.618E-01
11.9333 3.627E-01
11.9500 3.643E-01
11.9667 3.656E-01
11.9833 3.668E-01
12.0000 3.679E-01
12.0167 3.691E-01
12.0333 3.703E-01
12.0500 3.714E-01
12.0667 3.725E-01
12.0833 3.736E-01
12.1000 3.746E-01
12.1167 3.755E-01
12.1333 3.767E-01
12.1500 3.776E-01
12.1667 3.788E-01
12.1833 3.796E-01
12.2000 3.807E-01
12.2167 3.817E-01
12.2333 3.826E-01
12.2500 3.835E-01
12.2667 3.844E-01
12.2833 3.852E-01
12.3000 3.861E-01
12.3167 3.869E-01
12.3333 3.877E-01
12.3500 3.885E-01
12.3667 3.893E-01
12.3833 3.900E-01
12.4000 3.907E-01
12.4167 3.914E-01
12.4333 3.917E-01
12.4500 3.928E-01
12.4667 3.934E-01
12.4833 3.940E-01
12.5000 3.946E-01
12.5167 3.952E-01
12.5333 3.958E-01
12.5500 3.963E-01
12.5667 3.968E-01
12.5833 3.973E-01
12.6000 3.978E-01
12.6167 3.982E-01
12.6333 3.987E-01
12.6500 3.989E-01
12.6667 3.991E-01
12.6833 3.998E-01
12.7000 4.001E-01
12.7167 4.003E-01
12.7333 4.006E-01
12.7500 4.011E-01
12.7667 4.013E-01
12.7833 4.014E-01
12.8000 4.017E-01
12.8167 4.020E-01
12.8333 4.022E-01
12.8500 4.023E-01
12.8667 4.024E-01
12.8833 4.025E-01
12.9000 4.026E-01
12.9167 4.027E-01
12.9333 4.027E-01
12.9500 4.028E-01
12.9667 4.028E-01
12.9833 4.027E-01
13.0000 4.027E-01
13.0167 4.026E-01
13.0333 4.025E-01
13.0500 4.024E-01
13.0667 4.023E-01
13.0833 4.022E-01
13.1000 4.019E-01
13.1167 4.017E-01
13.1333 4.014E-01
13.1500 4.013E-01
13.1667 4.010E-01
13.1833 4.006E-01
13.2000 4.003E-01
13.2167 4.001E-01
13.2333 3.998E-01
13.2500 3.990E-01
13.2667 3.990E-01
13.2833 3.986E-01
13.3000 3.982E-01
13.3167 3.977E-01
13.3333 3.973E-01
13.3500 3.968E-01
13.3667 3.963E-01
13.3833 3.957E-01
13.4000 3.952E-01
13.4167 3.946E-01
13.4333 3.940E-01
13.4500 3.934E-01
13.4667 3.927E-01
13.4833 3.918E-01
13.5000 3.914E-01
13.5167 3.907E-01
13.5333 3.899E-01
13.5500 3.892E-01
13.5667 3.884E-01
13.5833 3.877E-01
13.6000 3.868E-01
13.6167 3.860E-01
13.6333 3.852E-01
13.6500 3.843E-01
13.6667 3.834E-01
13.6833 3.825E-01
13.7000 3.816E-01
13.7167 3.807E-01
13.7333 3.794E-01
13.7500 3.787E-01
13.7667 3.776E-01
13.7833 3.767E-01
13.8000 3.754E-01
13.8167 3.746E-01
13.8333 3.735E-01
13.8500 3.723E-01
13.8667 3.713E-01
13.8833 3.702E-01
13.9000 3.690E-01
13.9167 3.679E-01
13.9333 3.667E-01
13.9500 3.655E-01
13.9667 3.643E-01
13.9833 3.626E-01
14.0000 3.618E-01
14.0167 3.605E-01
14.0333 3.592E-01
14.0500 3.579E-01
14.0667 3.566E-01
14.0833 3.552E-01
14.1000 3.539E-01
14.1167 3.525E-01
14.1333 3.511E-01
14.1500 3.497E-01
14.1667 3.483E-01
14.1833 3.469E-01
14.2000 3.454E-01
14.2167 3.440E-01
14.2333 3.425E-01
14.2500 3.410E-01
14.2667 3.395E-01
14.2833 3.379E-01
14.3000 3.364E-01
14.3167 3.349E-01
14.3333 3.329E-01
14.3500 3.317E-01
14.3667 3.300E-01
14.3833 3.285E-01
14.4000 3.269E-01
14.4167 3.248E-01
14.4333 3.236E-01
14.4500 3.219E-01
14.4667 3.201E-01
14.4833 3.185E-01
14.5000 3.169E-01
14.5167 3.149E-01
14.5333 3.134E-01
14.5500 3.117E-01
14.5667 3.100E-01
14.5833 3.081E-01
14.6000 3.064E-01
14.6167 3.047E-01
14.6333 3.029E-01
14.6500 3.011E-01
14.6667 2.992E-01
14.6833 2.974E-01
14.7000 2.956E-01
14.7167 2.938E-01
14.7333 2.917E-01
14.7500 2.901E-01
14.7667 2.882E-01
14.7833 2.863E-01
14.8000 2.844E-01
14.8167 2.825E-01
14.8333 2.806E-01
14.8500 2.787E-01
14.8667 2.768E-01
14.8833 2.749E-01
14.9000 2.729E-01
14.9167 2.710E-01
14.9333 2.691E-01
14.9500 2.671E-01
14.9667 2.652E-01
14.9833 2.632E-01
