11.0000 2.640E-01
11.0167 2.659E-01
11.0333 2.677E-01
11.0500 2.696E-01
11.0667 2.714E-01
11.0833 2.732E-01
11.1000 2.751E-01
11.1167 2.769E-01
11.1333 2.787E-01
11.1500 2.805E-01
11.1667 2.823E-01
11.1833 2.840E-01
11.2000 2.857E-01
11.2167 2.876E-01
11.2333 2.893E-01
11.2500 2.910E-01
11.2667 2.928E-01
11.2833 2.945E-01
11.3000 2.962E-01
11.3167 2.979E-01
11.3333 2.996E-01
11.3500 3.013E-01
11.3667 3.029E-01
11.3833 3.046E-01
11.4000 3.062E-01
11.4167 3.079E-01
11.4333 3.095E-01
11.4500 3.111E-01
11.4667 3.127E-01
11.4833 3.142E-01
11.5000 3.158E-01
11.5167 3.174E-01
11.5333 3.189E-01
11.5500 3.205E-01
11.5667 3.220E-01
11.5833 3.235E-01
11.6000 3.247E-01
11.6167 3.264E-01
11.6333 3.279E-01
11.6500 3.294E-01
11.6667 3.308E-01
11.6833 3.322E-01
11.7000 3.336E-01
11.7167 3.350E-01
11.7333 3.363E-01
11.7500 3.377E-01
11.7667 3.391E-01
11.7833 3.404E-01
11.8000 3.417E-01
11.8167 3.430E-01
11.8333 3.443E-01
11.8500 3.452E-01
11.8667 3.469E-01
11.8833 3.481E-01
11.9000 3.493E-01
11.9167 3.504E-01
11.9333 3.517E-01
11.9500 3.529E-01
11.9667 3.540E-01
11.9833 3.552E-01
12.0000 3.563E-01
12.0167 3.573E-01
12.0333 3.584E-01
12.0500 3.595E-01
12.0667 3.606E-01
12.0833 3.616E-01
12.1000 3.626E-01
12.1167 3.636E-01
12.1333 3.646E-01
12.1500 3.655E-01
12.1667 3.665E-01
12.1833 3.674E-01
12.2000 3.683E-01
12.2167 3.692E-01
12.2333 3.700E-01
12.2500 3.709E-01
12.2667 3.717E-01
12.2833 3.725E-01
12.3000 3.730E-01
12.3167 3.741E-01
12.3333 3.749E-01
12.3500 3.756E-01
12.3667 3.763E-01
12.3833 3.770E-01
12.4000 3.777E-01
12.4167 3.783E-01
12.4333 3.790E-01
12.4500 3.796E-01
12.4667 3.802E-01
12.4833 3.807E-01
12.5000 3.813E-01
12.5167 3.818E-01
12.5333 3.823E-01
12.5500 3.828E-01
12.5667 3.833E-01
12.5833 3.838E-01
12.6000 3.842E-01
12.6167 3.846E-01
12.6333 3.850E-01
12.6500 3.854E-01
12.6667 3.857E-01
12.6833 3.859E-01
12.7000 3.860E-01
12.7167 3.866E-01
12.7333 3.869E-01
12.7500 3.872E-01
12.7667 3.874E-01
12.7833 3.876E-01
12.8000 3.878E-01
12.8167 3.880E-01
12.8333 3.880E-01
12.8500 3.881E-01
12.8667 3.881E-01
12.8833 3.882E-01
12.9000 3.883E-01
12.9167 3.884E-01
12.9333 3.884E-01
12.9500 3.884E-01
12.9667 3.883E-01
12.9833 3.883E-01
13.0000 3.882E-01
13.0167 3.881E-01
13.0333 3.881E-01
13.0500 3.880E-01
13.0667 3.879E-01
13.0833 3.878E-01
13.1000 3.876E-01
13.1167 3.873E-01
13.1333 3.871E-01
13.1500 3.869E-01
13.1667 3.865E-01
13.1833 3.860E-01
13.2000 3.859E-01
13.2167 3.856E-01
13.2333 3.853E-01
13.2500 3.849E-01
13.2667 3.845E-01
13.2833 3.841E-01
13.3000 3.837E-01
13.3167 3.832E-01
13.3333 3.827E-01
13.3500 3.822E-01
13.3667 3.817E-01
13.3833 3.812E-01
13.4000 3.806E-01
13.4167 3.800E-01
13.4333 3.794E-01
13.4500 3.788E-01
13.4667 3.782E-01
13.4833 3.775E-01
13.5000 3.768E-01
13.5167 3.761E-01
13.5333 3.754E-01
13.5500 3.747E-01
13.5667 3.739E-01
13.5833 3.730E-01
13.6000 3.724E-01
13.6167 3.715E-01
13.6333 3.707E-01
13.6500 3.698E-01
13.6667 3.690E-01
13.6833 3.681E-01
13.7000 3.672E-01
13.7167 3.663E-01
13.7333 3.653E-01
13.7500 3.644E-01
13.7667 3.634E-01
13.7833 3.624E-01
13.8000 3.614E-01
13.8167 3.603E-01
13.8333 3.593E-01
13.8500 3.581E-01
13.8667 3.567E-01
13.8833 3.560E-01
13.9000 3.549E-01
13.9167 3.538E-01
13.9333 3.526E-01
13.9500 3.515E-01
13.9667 3.502E-01
13.9833 3.490E-01
14.0000 3.478E-01
14.0167 3.466E-01
14.0333 3.453E-01
14.0500 3.441E-01
14.0667 3.428E-01
14.0833 3.415E-01
14.1000 3.401E-01
14.1167 3.388E-01
14.1333 3.375E-01
14.1500 3.359E-01
14.1667 3.347E-01
14.1833 3.333E-01
14.2000 3.319E-01
14.2167 3.305E-01
14.2333 3.291E-01
14.2500 3.276E-01
14.2667 3.261E-01
14.2833 3.246E-01
14.3000 3.232E-01
14.3167 3.217E-01
14.3333 3.201E-01
14.3500 3.186E-01
14.3667 3.171E-01
14.3833 3.155E-01
14.4000 3.138E-01
14.4167 3.123E-01
14.4333 3.107E-01
14.4500 3.091E-01
14.4667 3.075E-01
14.4833 3.059E-01
14.5000 3.042E-01
14.5167 3.026E-01
14.5333 3.005E-01
14.5500 2.992E-01
14.5667 2.975E-01
14.5833 2.958E-01
14.6000 2.941E-01
14.6167 2.924E-01
14.6333 2.907E-01
14.6500 2.889E-01
14.6667 2.870E-01
14.6833 2.853E-01
14.7000 2.836E-01
14.7167 2.819E-01
14.7333 2.801E-01
14.7500 2.783E-01
14.7667 2.764E-01
14.7833 2.747E-01
14.8000 2.729E-01
14.8167 2.711E-01
14.8333 2.692E-01
14.8500 2.674E-01
14.8667 2.655E-01
14.8833 2.637E-01
14.9000 2.618E-01
14.9167 2.598E-01
14.9333 2.581E-01
14.9500 2.558E-01
14.9667 2.543E-01
14.9833 2.523E-01
