11.0000 2.238E-01
11.0167 2.255E-01
11.0333 2.273E-01
11.0500 2.291E-01
11.0667 2.309E-01
11.0833 2.326E-01
11.1000 2.344E-01
11.1167 2.361E-01
11.1333 2.378E-01
11.1500 2.396E-01
11.1667 2.413E-01
11.1833 2.430E-01
11.2000 2.447E-01
11.2167 2.464E-01
11.2333 2.481E-01
11.2500 2.498E-01
11.2667 2.515E-01
11.2833 2.532E-01
11.3000 2.548E-01
11.3167 2.565E-01
11.3333 2.581E-01
11.3500 2.598E-01
11.3667 2.614E-01
11.3833 2.630E-01
11.4000 2.646E-01
11.4167 2.662E-01
11.4333 2.678E-01
11.4500 2.694E-01
11.4667 2.710E-01
11.4833 2.725E-01
11.5000 2.741E-01
11.5167 2.756E-01
11.5333 2.772E-01
11.5500 2.787E-01
11.5667 2.801E-01
11.5833 2.817E-01
11.6000 2.832E-01
11.6167 2.846E-01
11.6333 2.860E-01
11.6500 2.875E-01
11.6667 2.890E-01
11.6833 2.904E-01
11.7000 2.918E-01
11.7167 2.932E-01
11.7333 2.946E-01
11.7500 2.959E-01
11.7667 2.973E-01
11.7833 2.986E-01
11.8000 3.000E-01
11.8167 3.013E-01
11.8333 3.026E-01
11.8500 3.038E-01
11.8667 3.051E-01
11.8833 3.064E-01
11.9000 3.076E-01
11.9167 3.087E-01
11.9333 3.101E-01
11.9500 3.112E-01
11.9667 3.124E-01
11.9833 3.136E-01
12.0000 3.148E-01
12.0167 3.158E-01
12.0333 3.170E-01
12.0500 3.181E-01
12.0667 3.192E-01
12.0833 3.203E-01
12.1000 3.213E-01
12.1167 3.223E-01
12.1333 3.232E-01
12.1500 3.243E-01
12.1667 3.254E-01
12.1833 3.262E-01
12.2000 3.273E-01
12.2167 3.281E-01
12.2333 3.291E-01
12.2500 3.300E-01
12.2667 3.309E-01
12.2833 3.318E-01
12.3000 3.326E-01
12.3167 3.332E-01
12.3333 3.342E-01
12.3500 3.351E-01
12.3667 3.358E-01
12.3833 3.366E-01
12.4000 3.373E-01
12.4167 3.380E-01
12.4333 3.387E-01
12.4500 3.394E-01
12.4667 3.401E-01
12.4833 3.407E-01
12.5000 3.414E-01
12.5167 3.417E-01
12.5333 3.426E-01
12.5500 3.431E-01
12.5667 3.437E-01
12.5833 3.442E-01
12.6000 3.446E-01
12.6167 3.452E-01
12.6333 3.457E-01
12.6500 3.462E-01
12.6667 3.466E-01
12.6833 3.470E-01
12.7000 3.474E-01
12.7167 3.478E-01
12.7333 3.481E-01
12.7500 3.485E-01
12.7667 3.488E-01
12.7833 3.489E-01
12.8000 3.490E-01
12.8167 3.496E-01
12.8333 3.499E-01
12.8500 3.501E-01
12.8667 3.503E-01
12.8833 3.504E-01
12.9000 3.506E-01
12.9167 3.507E-01
12.9333 3.509E-01
12.9500 3.509E-01
12.9667 3.510E-01
12.9833 3.511E-01
13.0000 3.511E-01
13.0167 3.511E-01
13.0333 3.511E-01
13.0500 3.511E-01
13.0667 3.511E-01
13.0833 3.510E-01
13.1000 3.509E-01
13.1167 3.508E-01
13.1333 3.507E-01
13.1500 3.506E-01
13.1667 3.504E-01
13.1833 3.502E-01
13.2000 3.500E-01
13.2167 3.498E-01
13.2333 3.495E-01
13.2500 3.488E-01
13.2667 3.490E-01
13.2833 3.487E-01
13.3000 3.484E-01
13.3167 3.480E-01
13.3333 3.477E-01
13.3500 3.473E-01
13.3667 3.469E-01
13.3833 3.465E-01
13.4000 3.460E-01
13.4167 3.455E-01
13.4333 3.451E-01
13.4500 3.443E-01
13.4667 3.441E-01
13.4833 3.435E-01
13.5000 3.430E-01
13.5167 3.424E-01
13.5333 3.416E-01
13.5500 3.412E-01
13.5667 3.406E-01
13.5833 3.399E-01
13.6000 3.392E-01
13.6167 3.383E-01
13.6333 3.378E-01
13.6500 3.371E-01
13.6667 3.364E-01
13.6833 3.356E-01
13.7000 3.348E-01
13.7167 3.338E-01
13.7333 3.332E-01
13.7500 3.324E-01
13.7667 3.315E-01
13.7833 3.307E-01
13.8000 3.298E-01
13.8167 3.288E-01
13.8333 3.279E-01
13.8500 3.270E-01
13.8667 3.260E-01
13.8833 3.251E-01
13.9000 3.241E-01
13.9167 3.229E-01
13.9333 3.221E-01
13.9500 3.210E-01
13.9667 3.200E-01
13.9833 3.189E-01
14.0000 3.178E-01
14.0167 3.167E-01
14.0333 3.156E-01
14.0500 3.144E-01
14.0667 3.133E-01
14.0833 3.121E-01
14.1000 3.109E-01
14.1167 3.097E-01
14.1333 3.085E-01
14.1500 3.073E-01
14.1667 3.060E-01
14.1833 3.048E-01
14.2000 3.035E-01
14.2167 3.022E-01
14.2333 3.009E-01
14.2500 2.996E-01
14.2667 2.983E-01
14.2833 2.968E-01
14.3000 2.956E-01
14.3167 2.942E-01
14.3333 2.928E-01
14.3500 2.914E-01
14.3667 2.900E-01
14.3833 2.886E-01
14.4000 2.869E-01
14.4167 2.857E-01
14.4333 2.842E-01
14.4500 2.827E-01
14.4667 2.813E-01
14.4833 2.797E-01
14.5000 2.783E-01
14.5167 2.767E-01
14.5333 2.752E-01
14.5500 2.737E-01
14.5667 2.721E-01
14.5833 2.706E-01
14.6000 2.690E-01
14.6167 2.674E-01
14.6333 2.654E-01
14.6500 2.642E-01
14.6667 2.626E-01
14.6833 2.610E-01
14.7000 2.593E-01
14.7167 2.577E-01
14.7333 2.560E-01
14.7500 2.543E-01
14.7667 2.527E-01
14.7833 2.510E-01
14.8000 2.494E-01
14.8167 2.476E-01
14.8333 2.460E-01
14.8500 2.442E-01
14.8667 2.426E-01
14.8833 2.408E-01
14.9000 2.391E-01
14.9167 2.374E-01
14.9333 2.356E-01
14.9500 2.339E-01
14.9667 2.321E-01
14.9833 2.303E-01
