11.0000 3.014E-01
11.0167 3.033E-01
11.0333 3.054E-01
11.0500 3.071E-01
11.0667 3.093E-01
11.0833 3.113E-01
11.1000 3.133E-01
11.1167 3.152E-01
11.1333 3.172E-01
11.1500 3.191E-01
11.1667 3.210E-01
11.1833 3.229E-01
11.2000 3.248E-01
11.2167 3.267E-01
11.2333 3.286E-01
11.2500 3.304E-01
11.2667 3.323E-01
11.2833 3.341E-01
11.3000 3.358E-01
11.3167 3.378E-01
11.3333 3.396E-01
11.3500 3.414E-01
11.3667 3.432E-01
11.3833 3.449E-01
11.4000 3.467E-01
11.4167 3.485E-01
11.4333 3.502E-01
11.4500 3.518E-01
11.4667 3.536E-01
11.4833 3.553E-01
11.5000 3.570E-01
11.5167 3.586E-01
11.5333 3.602E-01
11.5500 3.618E-01
11.5667 3.630E-01
11.5833 3.651E-01
11.6000 3.667E-01
11.6167 3.683E-01
11.6333 3.698E-01
11.6500 3.714E-01
11.6667 3.729E-01
11.6833 3.744E-01
11.7000 3.757E-01
11.7167 3.774E-01
11.7333 3.788E-01
11.7500 3.803E-01
11.7667 3.817E-01
11.7833 3.831E-01
11.8000 3.844E-01
11.8167 3.859E-01
11.8333 3.872E-01
11.8500 3.886E-01
11.8667 3.899E-01
11.8833 3.912E-01
11.9000 3.925E-01
11.9167 3.937E-01
11.9333 3.950E-01
11.9500 3.961E-01
11.9667 3.974E-01
11.9833 3.986E-01
12.0000 3.998E-01
12.0167 4.010E-01
12.0333 4.021E-01
12.0500 4.032E-01
12.0667 4.043E-01
12.0833 4.054E-01
12.1000 4.064E-01
12.1167 4.075E-01
12.1333 4.085E-01
12.1500 4.095E-01
12.1667 4.105E-01
12.1833 4.114E-01
12.2000 4.124E-01
12.2167 4.133E-01
12.2333 4.139E-01
12.2500 4.151E-01
12.2667 4.158E-01
12.2833 4.168E-01
12.3000 4.172E-01
12.3167 4.184E-01
12.3333 4.192E-01
12.3500 4.198E-01
12.3667 4.206E-01
12.3833 4.213E-01
12.4000 4.220E-01
12.4167 4.227E-01
12.4333 4.234E-01
12.4500 4.237E-01
12.4667 4.246E-01
12.4833 4.251E-01
12.5000 4.257E-01
12.5167 4.262E-01
12.5333 4.268E-01
12.5500 4.273E-01
12.5667 4.277E-01
12.5833 4.276E-01
12.6000 4.285E-01
12.6167 4.288E-01
12.6333 4.292E-01
12.6500 4.294E-01
12.6667 4.295E-01
12.6833 4.303E-01
12.7000 4.307E-01
12.7167 4.310E-01
12.7333 4.312E-01
12.7500 4.315E-01
12.7667 4.317E-01
12.7833 4.318E-01
12.8000 4.320E-01
12.8167 4.321E-01
12.8333 4.322E-01
12.8500 4.323E-01
12.8667 4.324E-01
12.8833 4.324E-01
12.9000 4.325E-01
12.9167 4.325E-01
12.9333 4.325E-01
12.9500 4.324E-01
12.9667 4.323E-01
12.9833 4.322E-01
13.0000 4.321E-01
13.0167 4.320E-01
13.0333 4.319E-01
13.0500 4.317E-01
13.0667 4.315E-01
13.0833 4.313E-01
13.1000 4.311E-01
13.1167 4.308E-01
13.1333 4.304E-01
13.1500 4.296E-01
13.1667 4.294E-01
13.1833 4.294E-01
13.2000 4.288E-01
13.2167 4.287E-01
13.2333 4.278E-01
13.2500 4.278E-01
13.2667 4.274E-01
13.2833 4.269E-01
13.3000 4.264E-01
13.3167 4.259E-01
13.3333 4.253E-01
13.3500 4.247E-01
13.3667 4.240E-01
13.3833 4.235E-01
13.4000 4.229E-01
13.4167 4.222E-01
13.4333 4.215E-01
13.4500 4.208E-01
13.4667 4.201E-01
13.4833 4.194E-01
13.5000 4.186E-01
13.5167 4.172E-01
13.5333 4.170E-01
13.5500 4.160E-01
13.5667 4.153E-01
13.5833 4.144E-01
13.6000 4.136E-01
13.6167 4.126E-01
13.6333 4.117E-01
13.6500 4.108E-01
13.6667 4.098E-01
13.6833 4.088E-01
13.7000 4.078E-01
13.7167 4.067E-01
13.7333 4.057E-01
13.7500 4.046E-01
13.7667 4.035E-01
13.7833 4.024E-01
13.8000 4.013E-01
13.8167 3.997E-01
13.8333 3.990E-01
13.8500 3.978E-01
13.8667 3.966E-01
13.8833 3.954E-01
13.9000 3.941E-01
13.9167 3.928E-01
13.9333 3.916E-01
13.9500 3.903E-01
13.9667 3.890E-01
13.9833 3.876E-01
14.0000 3.863E-01
14.0167 3.849E-01
14.0333 3.833E-01
14.0500 3.821E-01
14.0667 3.807E-01
14.0833 3.793E-01
14.1000 3.778E-01
14.1167 3.763E-01
14.1333 3.748E-01
14.1500 3.733E-01
14.1667 3.718E-01
14.1833 3.699E-01
14.2000 3.687E-01
14.2167 3.672E-01
14.2333 3.656E-01
14.2500 3.640E-01
14.2667 3.623E-01
14.2833 3.606E-01
14.3000 3.591E-01
14.3167 3.573E-01
14.3333 3.558E-01
14.3500 3.541E-01
14.3667 3.524E-01
14.3833 3.506E-01
14.4000 3.490E-01
14.4167 3.471E-01
14.4333 3.455E-01
14.4500 3.437E-01
14.4667 3.419E-01
14.4833 3.401E-01
14.5000 3.381E-01
14.5167 3.365E-01
14.5333 3.347E-01
14.5500 3.328E-01
14.5667 3.310E-01
14.5833 3.291E-01
14.6000 3.273E-01
14.6167 3.254E-01
14.6333 3.235E-01
14.6500 3.216E-01
14.6667 3.194E-01
14.6833 3.177E-01
14.7000 3.158E-01
14.7167 3.138E-01
14.7333 3.114E-01
14.7500 3.099E-01
14.7667 3.079E-01
14.7833 3.060E-01
14.8000 3.040E-01
14.8167 3.020E-01
14.8333 2.999E-01
14.8500 2.979E-01
14.8667 2.959E-01
14.8833 2.939E-01
14.9000 2.918E-01
14.9167 2.898E-01
14.9333 2.877E-01
14.9500 2.857E-01
14.9667 2.836E-01
14.9833 2.815E-01
