11.0000 1.583E-01
11.0167 1.597E-01
11.0333 1.610E-01
11.0500 1.624E-01
11.0667 1.637E-01
11.0833 1.650E-01
11.1000 1.664E-01
11.1167 1.677E-01
11.1333 1.691E-01
11.1500 1.704E-01
11.1667 1.714E-01
11.1833 1.730E-01
11.2000 1.744E-01
11.2167 1.757E-01
11.2333 1.770E-01
11.2500 1.783E-01
11.2667 1.796E-01
11.2833 1.809E-01
11.3000 1.821E-01
11.3167 1.834E-01
11.3333 1.846E-01
11.3500 1.860E-01
11.3667 1.872E-01
11.3833 1.885E-01
11.4000 1.897E-01
11.4167 1.906E-01
11.4333 1.922E-01
11.4500 1.933E-01
11.4667 1.946E-01
11.4833 1.958E-01
11.5000 1.971E-01
11.5167 1.983E-01
11.5333 1.994E-01
11.5500 2.006E-01
11.5667 2.018E-01
11.5833 2.030E-01
11.6000 2.041E-01
11.6167 2.051E-01
11.6333 2.064E-01
11.6500 2.075E-01
11.6667 2.086E-01
11.6833 2.098E-01
11.7000 2.109E-01
11.7167 2.119E-01
11.7333 2.130E-01
11.7500 2.141E-01
11.7667 2.152E-01
11.7833 2.162E-01
11.8000 2.173E-01
11.8167 2.183E-01
11.8333 2.193E-01
11.8500 2.203E-01
11.8667 2.213E-01
11.8833 2.223E-01
11.9000 2.233E-01
11.9167 2.242E-01
11.9333 2.252E-01
11.9500 2.261E-01
11.9667 2.271E-01
11.9833 2.280E-01
12.0000 2.289E-01
12.0167 2.298E-01
12.0333 2.307E-01
12.0500 2.316E-01
12.0667 2.324E-01
12.0833 2.330E-01
12.1000 2.341E-01
12.1167 2.349E-01
12.1333 2.357E-01
12.1500 2.363E-01
12.1667 2.373E-01
12.1833 2.381E-01
12.2000 2.388E-01
12.2167 2.396E-01
12.2333 2.403E-01
12.2500 2.410E-01
12.2667 2.417E-01
12.2833 2.424E-01
12.3000 2.431E-01
12.3167 2.437E-01
12.3333 2.444E-01
12.3500 2.451E-01
12.3667 2.457E-01
12.3833 2.463E-01
12.4000 2.469E-01
12.4167 2.475E-01
12.4333 2.480E-01
12.4500 2.486E-01
12.4667 2.491E-01
12.4833 2.496E-01
12.5000 2.501E-01
12.5167 2.507E-01
12.5333 2.511E-01
12.5500 2.516E-01
12.5667 2.520E-01
12.5833 2.525E-01
12.6000 2.529E-01
12.6167 2.533E-01
12.6333 2.537E-01
12.6500 2.540E-01
12.6667 2.544E-01
12.6833 2.548E-01
12.7000 2.551E-01
12.7167 2.554E-01
12.7333 2.557E-01
12.7500 2.559E-01
12.7667 2.562E-01
12.7833 2.565E-01
12.8000 2.567E-01
12.8167 2.570E-01
12.8333 2.572E-01
12.8500 2.574E-01
12.8667 2.575E-01
12.8833 2.577E-01
12.9000 2.578E-01
12.9167 2.580E-01
12.9333 2.581E-01
12.9500 2.582E-01
12.9667 2.583E-01
12.9833 2.583E-01
13.0000 2.584E-01
13.0167 2.584E-01
13.0333 2.584E-01
13.0500 2.584E-01
13.0667 2.584E-01
13.0833 2.584E-01
13.1000 2.583E-01
13.1167 2.583E-01
13.1333 2.582E-01
13.1500 2.581E-01
13.1667 2.580E-01
13.1833 2.579E-01
13.2000 2.578E-01
13.2167 2.576E-01
13.2333 2.574E-01
13.2500 2.572E-01
13.2667 2.571E-01
13.2833 2.568E-01
13.3000 2.566E-01
13.3167 2.564E-01
13.3333 2.559E-01
13.3500 2.558E-01
13.3667 2.555E-01
13.3833 2.552E-01
13.4000 2.549E-01
13.4167 2.546E-01
13.4333 2.541E-01
13.4500 2.538E-01
13.4667 2.535E-01
13.4833 2.531E-01
13.5000 2.526E-01
13.5167 2.522E-01
13.5333 2.518E-01
13.5500 2.513E-01
13.5667 2.508E-01
13.5833 2.503E-01
13.6000 2.498E-01
13.6167 2.493E-01
13.6333 2.488E-01
13.6500 2.483E-01
13.6667 2.477E-01
13.6833 2.470E-01
13.7000 2.465E-01
13.7167 2.459E-01
13.7333 2.453E-01
13.7500 2.447E-01
13.7667 2.438E-01
13.7833 2.434E-01
13.8000 2.427E-01
13.8167 2.419E-01
13.8333 2.413E-01
13.8500 2.406E-01
13.8667 2.398E-01
13.8833 2.391E-01
13.9000 2.384E-01
13.9167 2.376E-01
13.9333 2.368E-01
13.9500 2.360E-01
13.9667 2.352E-01
13.9833 2.344E-01
14.0000 2.336E-01
14.0167 2.327E-01
14.0333 2.319E-01
14.0500 2.310E-01
14.0667 2.301E-01
14.0833 2.293E-01
14.1000 2.283E-01
14.1167 2.274E-01
14.1333 2.265E-01
14.1500 2.255E-01
14.1667 2.246E-01
14.1833 2.237E-01
14.2000 2.227E-01
14.2167 2.217E-01
14.2333 2.207E-01
14.2500 2.197E-01
14.2667 2.187E-01
14.2833 2.177E-01
14.3000 2.166E-01
14.3167 2.156E-01
14.3333 2.145E-01
14.3500 2.133E-01
14.3667 2.124E-01
14.3833 2.113E-01
14.4000 2.102E-01
14.4167 2.091E-01
14.4333 2.080E-01
14.4500 2.068E-01
14.4667 2.057E-01
14.4833 2.046E-01
14.5000 2.034E-01
14.5167 2.023E-01
14.5333 2.011E-01
14.5500 1.999E-01
14.5667 1.987E-01
14.5833 1.975E-01
14.6000 1.963E-01
14.6167 1.951E-01
14.6333 1.939E-01
14.6500 1.927E-01
14.6667 1.915E-01
14.6833 1.902E-01
14.7000 1.890E-01
14.7167 1.877E-01
14.7333 1.865E-01
14.7500 1.852E-01
14.7667 1.839E-01
14.7833 1.827E-01
14.8000 1.814E-01
14.8167 1.801E-01
14.8333 1.788E-01
14.8500 1.775E-01
14.8667 1.762E-01
14.8833 1.749E-01
14.9000 1.736E-01
14.9167 1.723E-01
14.9333 1.709E-01
14.9500 1.696E-01
14.9667 1.683E-01
14.9833 1.669E-01
