11.0000 3.025E-01
11.0167 3.045E-01
11.0333 3.062E-01
11.0500 3.085E-01
11.0667 3.104E-01
11.0833 3.124E-01
11.1000 3.143E-01
11.1167 3.162E-01
11.1333 3.182E-01
11.1500 3.201E-01
11.1667 3.221E-01
11.1833 3.239E-01
11.2000 3.258E-01
11.2167 3.277E-01
11.2333 3.296E-01
11.2500 3.315E-01
11.2667 3.333E-01
11.2833 3.351E-01
11.3000 3.370E-01
11.3167 3.388E-01
11.3333 3.406E-01
11.3500 3.424E-01
11.3667 3.441E-01
11.3833 3.458E-01
11.4000 3.476E-01
11.4167 3.494E-01
11.4333 3.511E-01
11.4500 3.528E-01
11.4667 3.544E-01
11.4833 3.561E-01
11.5000 3.578E-01
11.5167 3.595E-01
11.5333 3.611E-01
11.5500 3.627E-01
11.5667 3.643E-01
11.5833 3.660E-01
11.6000 3.675E-01
11.6167 3.688E-01
11.6333 3.706E-01
11.6500 3.722E-01
11.6667 3.737E-01
11.6833 3.752E-01
11.7000 3.766E-01
11.7167 3.780E-01
11.7333 3.796E-01
11.7500 3.810E-01
11.7667 3.824E-01
11.7833 3.838E-01
11.8000 3.852E-01
11.8167 3.866E-01
11.8333 3.879E-01
11.8500 3.890E-01
11.8667 3.906E-01
11.8833 3.918E-01
11.9000 3.927E-01
11.9167 3.944E-01
11.9333 3.956E-01
11.9500 3.968E-01
11.9667 3.980E-01
11.9833 3.992E-01
12.0000 4.004E-01
12.0167 4.015E-01
12.0333 4.026E-01
12.0500 4.038E-01
12.0667 4.049E-01
12.0833 4.059E-01
12.1000 4.067E-01
12.1167 4.080E-01
12.1333 4.088E-01
12.1500 4.099E-01
12.1667 4.109E-01
12.1833 4.119E-01
12.2000 4.128E-01
12.2167 4.137E-01
12.2333 4.146E-01
12.2500 4.155E-01
12.2667 4.161E-01
12.2833 4.172E-01
12.3000 4.180E-01
12.3167 4.187E-01
12.3333 4.195E-01
12.3500 4.203E-01
12.3667 4.208E-01
12.3833 4.213E-01
12.4000 4.218E-01
12.4167 4.230E-01
12.4333 4.237E-01
12.4500 4.243E-01
12.4667 4.248E-01
12.4833 4.254E-01
12.5000 4.260E-01
12.5167 4.265E-01
12.5333 4.270E-01
12.5500 4.275E-01
12.5667 4.280E-01
12.5833 4.284E-01
12.6000 4.288E-01
12.6167 4.292E-01
12.6333 4.296E-01
12.6500 4.300E-01
12.6667 4.303E-01
12.6833 4.306E-01
12.7000 4.309E-01
12.7167 4.312E-01
12.7333 4.314E-01
12.7500 4.316E-01
12.7667 4.318E-01
12.7833 4.320E-01
12.8000 4.321E-01
12.8167 4.323E-01
12.8333 4.324E-01
12.8500 4.325E-01
12.8667 4.325E-01
12.8833 4.326E-01
12.9000 4.326E-01
12.9167 4.326E-01
12.9333 4.325E-01
12.9500 4.325E-01
12.9667 4.324E-01
12.9833 4.323E-01
13.0000 4.322E-01
13.0167 4.321E-01
13.0333 4.319E-01
13.0500 4.317E-01
13.0667 4.315E-01
13.0833 4.313E-01
13.1000 4.311E-01
13.1167 4.308E-01
13.1333 4.305E-01
13.1500 4.302E-01
13.1667 4.298E-01
13.1833 4.295E-01
13.2000 4.291E-01
13.2167 4.287E-01
13.2333 4.282E-01
13.2500 4.278E-01
13.2667 4.273E-01
13.2833 4.268E-01
13.3000 4.263E-01
13.3167 4.258E-01
13.3333 4.252E-01
13.3500 4.246E-01
13.3667 4.240E-01
13.3833 4.234E-01
13.4000 4.224E-01
13.4167 4.220E-01
13.4333 4.213E-01
13.4500 4.202E-01
13.4667 4.200E-01
13.4833 4.192E-01
13.5000 4.184E-01
13.5167 4.177E-01
13.5333 4.168E-01
13.5500 4.160E-01
13.5667 4.151E-01
13.5833 4.143E-01
13.6000 4.134E-01
13.6167 4.124E-01
13.6333 4.115E-01
13.6500 4.100E-01
13.6667 4.096E-01
13.6833 4.086E-01
13.7000 4.076E-01
13.7167 4.065E-01
13.7333 4.055E-01
13.7500 4.044E-01
13.7667 4.033E-01
13.7833 4.022E-01
13.8000 4.011E-01
13.8167 3.999E-01
13.8333 3.988E-01
13.8500 3.976E-01
13.8667 3.963E-01
13.8833 3.951E-01
13.9000 3.939E-01
13.9167 3.926E-01
13.9333 3.913E-01
13.9500 3.900E-01
13.9667 3.887E-01
13.9833 3.874E-01
14.0000 3.860E-01
14.0167 3.847E-01
14.0333 3.833E-01
14.0500 3.819E-01
14.0667 3.804E-01
14.0833 3.790E-01
14.1000 3.775E-01
14.1167 3.758E-01
14.1333 3.746E-01
14.1500 3.731E-01
14.1667 3.716E-01
14.1833 3.700E-01
14.2000 3.685E-01
14.2167 3.669E-01
14.2333 3.653E-01
14.2500 3.634E-01
14.2667 3.621E-01
14.2833 3.605E-01
14.3000 3.588E-01
14.3167 3.569E-01
14.3333 3.555E-01
14.3500 3.536E-01
14.3667 3.521E-01
14.3833 3.500E-01
14.4000 3.487E-01
14.4167 3.469E-01
14.4333 3.452E-01
14.4500 3.434E-01
14.4667 3.416E-01
14.4833 3.399E-01
14.5000 3.381E-01
14.5167 3.362E-01
14.5333 3.344E-01
14.5500 3.324E-01
14.5667 3.307E-01
14.5833 3.289E-01
14.6000 3.270E-01
14.6167 3.251E-01
14.6333 3.232E-01
14.6500 3.213E-01
14.6667 3.194E-01
14.6833 3.174E-01
14.7000 3.155E-01
14.7167 3.136E-01
14.7333 3.116E-01
14.7500 3.097E-01
14.7667 3.077E-01
14.7833 3.057E-01
14.8000 3.037E-01
14.8167 3.017E-01
14.8333 2.997E-01
14.8500 2.977E-01
14.8667 2.957E-01
14.8833 2.936E-01
14.9000 2.916E-01
14.9167 2.896E-01
14.9333 2.875E-01
14.9500 2.854E-01
14.9667 2.834E-01
14.9833 2.813E-01
