11.0000 2.684E-01
11.0167 2.702E-01
11.0333 2.718E-01
11.0500 2.738E-01
11.0667 2.756E-01
11.0833 2.774E-01
11.1000 2.792E-01
11.1167 2.810E-01
11.1333 2.828E-01
11.1500 2.846E-01
11.1667 2.863E-01
11.1833 2.881E-01
11.2000 2.898E-01
11.2167 2.915E-01
11.2333 2.932E-01
11.2500 2.949E-01
11.2667 2.966E-01
11.2833 2.983E-01
11.3000 3.000E-01
11.3167 3.015E-01
11.3333 3.033E-01
11.3500 3.050E-01
11.3667 3.066E-01
11.3833 3.082E-01
11.4000 3.096E-01
11.4167 3.114E-01
11.4333 3.128E-01
11.4500 3.143E-01
11.4667 3.161E-01
11.4833 3.177E-01
11.5000 3.192E-01
11.5167 3.208E-01
11.5333 3.223E-01
11.5500 3.238E-01
11.5667 3.252E-01
11.5833 3.267E-01
11.6000 3.282E-01
11.6167 3.296E-01
11.6333 3.310E-01
11.6500 3.325E-01
11.6667 3.338E-01
11.6833 3.353E-01
11.7000 3.366E-01
11.7167 3.380E-01
11.7333 3.393E-01
11.7500 3.406E-01
11.7667 3.420E-01
11.7833 3.432E-01
11.8000 3.445E-01
11.8167 3.458E-01
11.8333 3.466E-01
11.8500 3.483E-01
11.8667 3.495E-01
11.8833 3.507E-01
11.9000 3.519E-01
11.9167 3.530E-01
11.9333 3.542E-01
11.9500 3.553E-01
11.9667 3.564E-01
11.9833 3.575E-01
12.0000 3.586E-01
12.0167 3.597E-01
12.0333 3.606E-01
12.0500 3.616E-01
12.0667 3.628E-01
12.0833 3.637E-01
12.1000 3.647E-01
12.1167 3.657E-01
12.1333 3.666E-01
12.1500 3.673E-01
12.1667 3.684E-01
12.1833 3.693E-01
12.2000 3.702E-01
12.2167 3.706E-01
12.2333 3.717E-01
12.2500 3.721E-01
12.2667 3.735E-01
12.2833 3.742E-01
12.3000 3.750E-01
12.3167 3.757E-01
12.3333 3.765E-01
12.3500 3.772E-01
12.3667 3.778E-01
12.3833 3.785E-01
12.4000 3.791E-01
12.4167 3.797E-01
12.4333 3.803E-01
12.4500 3.809E-01
12.4667 3.815E-01
12.4833 3.820E-01
12.5000 3.825E-01
12.5167 3.829E-01
12.5333 3.833E-01
12.5500 3.840E-01
12.5667 3.844E-01
12.5833 3.848E-01
12.6000 3.852E-01
12.6167 3.856E-01
12.6333 3.860E-01
12.6500 3.863E-01
12.6667 3.866E-01
12.6833 3.869E-01
12.7000 3.872E-01
12.7167 3.875E-01
12.7333 3.877E-01
12.7500 3.879E-01
12.7667 3.881E-01
12.7833 3.883E-01
12.8000 3.884E-01
12.8167 3.886E-01
12.8333 3.887E-01
12.8500 3.888E-01
12.8667 3.888E-01
12.8833 3.889E-01
12.9000 3.889E-01
12.9167 3.889E-01
12.9333 3.889E-01
12.9500 3.889E-01
12.9667 3.888E-01
12.9833 3.888E-01
13.0000 3.887E-01
13.0167 3.886E-01
13.0333 3.884E-01
13.0500 3.883E-01
13.0667 3.881E-01
13.0833 3.879E-01
13.1000 3.877E-01
13.1167 3.875E-01
13.1333 3.872E-01
13.1500 3.869E-01
13.1667 3.866E-01
13.1833 3.863E-01
13.2000 3.860E-01
13.2167 3.856E-01
13.2333 3.852E-01
13.2500 3.848E-01
13.2667 3.844E-01
13.2833 3.840E-01
13.3000 3.832E-01
13.3167 3.829E-01
13.3333 3.825E-01
13.3500 3.820E-01
13.3667 3.815E-01
13.3833 3.809E-01
13.4000 3.803E-01
13.4167 3.797E-01
13.4333 3.791E-01
13.4500 3.785E-01
13.4667 3.778E-01
13.4833 3.771E-01
13.5000 3.764E-01
13.5167 3.757E-01
13.5333 3.750E-01
13.5500 3.742E-01
13.5667 3.735E-01
13.5833 3.721E-01
13.6000 3.717E-01
13.6167 3.706E-01
13.6333 3.702E-01
13.6500 3.693E-01
13.6667 3.684E-01
13.6833 3.672E-01
13.7000 3.666E-01
13.7167 3.656E-01
13.7333 3.647E-01
13.7500 3.637E-01
13.7667 3.627E-01
13.7833 3.616E-01
13.8000 3.606E-01
13.8167 3.596E-01
13.8333 3.586E-01
13.8500 3.575E-01
13.8667 3.564E-01
13.8833 3.553E-01
13.9000 3.541E-01
13.9167 3.530E-01
13.9333 3.518E-01
13.9500 3.506E-01
13.9667 3.494E-01
13.9833 3.482E-01
14.0000 3.466E-01
14.0167 3.458E-01
14.0333 3.445E-01
14.0500 3.432E-01
14.0667 3.419E-01
14.0833 3.406E-01
14.1000 3.393E-01
14.1167 3.379E-01
14.1333 3.366E-01
14.1500 3.352E-01
14.1667 3.338E-01
14.1833 3.324E-01
14.2000 3.310E-01
14.2167 3.296E-01
14.2333 3.281E-01
14.2500 3.267E-01
14.2667 3.252E-01
14.2833 3.237E-01
14.3000 3.222E-01
14.3167 3.207E-01
14.3333 3.192E-01
14.3500 3.177E-01
14.3667 3.161E-01
14.3833 3.143E-01
14.4000 3.128E-01
14.4167 3.114E-01
14.4333 3.094E-01
14.4500 3.082E-01
14.4667 3.066E-01
14.4833 3.049E-01
14.5000 3.033E-01
14.5167 3.014E-01
14.5333 3.000E-01
14.5500 2.983E-01
14.5667 2.966E-01
14.5833 2.949E-01
14.6000 2.932E-01
14.6167 2.915E-01
14.6333 2.898E-01
14.6500 2.880E-01
14.6667 2.863E-01
14.6833 2.845E-01
14.7000 2.828E-01
14.7167 2.810E-01
14.7333 2.792E-01
14.7500 2.774E-01
14.7667 2.756E-01
14.7833 2.738E-01
14.8000 2.718E-01
14.8167 2.702E-01
14.8333 2.684E-01
14.8500 2.665E-01
14.8667 2.647E-01
14.8833 2.628E-01
14.9000 2.610E-01
14.9167 2.591E-01
14.9333 2.572E-01
14.9500 2.554E-01
14.9667 2.535E-01
14.9833 2.516E-01
