11.0000 4.457E-01
11.0167 4.480E-01
11.0333 4.503E-01
11.0500 4.526E-01
11.0667 4.548E-01
11.0833 4.570E-01
11.1000 4.593E-01
11.1167 4.615E-01
11.1333 4.637E-01
11.1500 4.659E-01
11.1667 4.680E-01
11.1833 4.702E-01
11.2000 4.723E-01
11.2167 4.745E-01
11.2333 4.766E-01
11.2500 4.786E-01
11.2667 4.807E-01
11.2833 4.828E-01
11.3000 4.848E-01
11.3167 4.868E-01
11.3333 4.888E-01
11.3500 4.908E-01
11.3667 4.928E-01
11.3833 4.947E-01
11.4000 4.967E-01
11.4167 4.985E-01
11.4333 5.000E-01
11.4500 5.024E-01
11.4667 5.042E-01
11.4833 5.061E-01
11.5000 5.079E-01
11.5167 5.093E-01
11.5333 5.113E-01
11.5500 5.132E-01
11.5667 5.150E-01
11.5833 5.166E-01
11.6000 5.184E-01
11.6167 5.201E-01
11.6333 5.218E-01
11.6500 5.234E-01
11.6667 5.250E-01
11.6833 5.267E-01
11.7000 5.282E-01
11.7167 5.298E-01
11.7333 5.313E-01
11.7500 5.328E-01
11.7667 5.344E-01
11.7833 5.358E-01
11.8000 5.373E-01
11.8167 5.387E-01
11.8333 5.401E-01
11.8500 5.415E-01
11.8667 5.429E-01
11.8833 5.442E-01
11.9000 5.452E-01
11.9167 5.468E-01
11.9333 5.481E-01
11.9500 5.494E-01
11.9667 5.506E-01
11.9833 5.518E-01
12.0000 5.530E-01
12.0167 5.542E-01
12.0333 5.553E-01
12.0500 5.564E-01
12.0667 5.575E-01
12.0833 5.586E-01
12.1000 5.596E-01
12.1167 5.606E-01
12.1333 5.616E-01
12.1500 5.626E-01
12.1667 5.636E-01
12.1833 5.642E-01
12.2000 5.654E-01
12.2167 5.662E-01
12.2333 5.671E-01
12.2500 5.679E-01
12.2667 5.687E-01
12.2833 5.695E-01
12.3000 5.702E-01
12.3167 5.710E-01
12.3333 5.717E-01
12.3500 5.724E-01
12.3667 5.730E-01
12.3833 5.736E-01
12.4000 5.742E-01
12.4167 5.736E-01
12.4333 5.747E-01
12.4500 5.752E-01
12.4667 5.759E-01
12.4833 5.768E-01
12.5000 5.773E-01
12.5167 5.777E-01
12.5333 5.781E-01
12.5500 5.785E-01
12.5667 5.788E-01
12.5833 5.792E-01
12.6000 5.794E-01
12.6167 5.797E-01
12.6333 5.800E-01
12.6500 5.802E-01
12.6667 5.804E-01
12.6833 5.805E-01
12.7000 5.807E-01
12.7167 5.808E-01
12.7333 5.809E-01
12.7500 5.809E-01
12.7667 5.810E-01
12.7833 5.810E-01
12.8000 5.810E-01
12.8167 5.809E-01
12.8333 5.809E-01
12.8500 5.808E-01
12.8667 5.806E-01
12.8833 5.805E-01
12.9000 5.803E-01
12.9167 5.801E-01
12.9333 5.799E-01
12.9500 5.796E-01
12.9667 5.794E-01
12.9833 5.791E-01
13.0000 5.788E-01
13.0167 5.784E-01
13.0333 5.780E-01
13.0500 5.776E-01
13.0667 5.772E-01
13.0833 5.767E-01
13.1000 5.756E-01
13.1167 5.752E-01
13.1333 5.743E-01
13.1500 5.738E-01
13.1667 5.741E-01
13.1833 5.735E-01
13.2000 5.728E-01
13.2167 5.722E-01
13.2333 5.715E-01
13.2500 5.708E-01
13.2667 5.701E-01
13.2833 5.693E-01
13.3000 5.685E-01
13.3167 5.677E-01
13.3333 5.669E-01
13.3500 5.660E-01
13.3667 5.652E-01
13.3833 5.641E-01
13.4000 5.633E-01
13.4167 5.624E-01
13.4333 5.614E-01
13.4500 5.604E-01
13.4667 5.594E-01
13.4833 5.583E-01
13.5000 5.572E-01
13.5167 5.561E-01
13.5333 5.550E-01
13.5500 5.539E-01
13.5667 5.527E-01
13.5833 5.515E-01
13.6000 5.503E-01
13.6167 5.491E-01
13.6333 5.478E-01
13.6500 5.465E-01
13.6667 5.452E-01
13.6833 5.439E-01
13.7000 5.426E-01
13.7167 5.412E-01
13.7333 5.398E-01
13.7500 5.384E-01
13.7667 5.369E-01
13.7833 5.355E-01
13.8000 5.340E-01
13.8167 5.324E-01
13.8333 5.310E-01
13.8500 5.294E-01
13.8667 5.279E-01
13.8833 5.263E-01
13.9000 5.247E-01
13.9167 5.230E-01
13.9333 5.211E-01
13.9500 5.197E-01
13.9667 5.179E-01
13.9833 5.163E-01
14.0000 5.140E-01
14.0167 5.128E-01
14.0333 5.111E-01
14.0500 5.090E-01
14.0667 5.075E-01
14.0833 5.056E-01
14.1000 5.038E-01
14.1167 5.019E-01
14.1333 4.997E-01
14.1500 4.981E-01
14.1667 4.962E-01
14.1833 4.943E-01
14.2000 4.923E-01
14.2167 4.898E-01
14.2333 4.884E-01
14.2500 4.863E-01
14.2667 4.843E-01
14.2833 4.823E-01
14.3000 4.802E-01
14.3167 4.781E-01
14.3333 4.760E-01
14.3500 4.739E-01
14.3667 4.718E-01
14.3833 4.697E-01
14.4000 4.675E-01
14.4167 4.647E-01
14.4333 4.632E-01
14.4500 4.610E-01
14.4667 4.588E-01
14.4833 4.560E-01
14.5000 4.543E-01
14.5167 4.520E-01
14.5333 4.498E-01
14.5500 4.475E-01
14.5667 4.452E-01
14.5833 4.429E-01
14.6000 4.405E-01
14.6167 4.382E-01
14.6333 4.358E-01
14.6500 4.335E-01
14.6667 4.307E-01
14.6833 4.287E-01
14.7000 4.263E-01
14.7167 4.239E-01
14.7333 4.215E-01
14.7500 4.190E-01
14.7667 4.166E-01
14.7833 4.142E-01
14.8000 4.117E-01
14.8167 4.092E-01
14.8333 4.068E-01
14.8500 4.043E-01
14.8667 4.015E-01
14.8833 3.993E-01
14.9000 3.967E-01
14.9167 3.942E-01
14.9333 3.917E-01
14.9500 3.891E-01
14.9667 3.865E-01
14.9833 3.838E-01
