11.0000 3.359E-01
11.0167 3.380E-01
11.0333 3.400E-01
11.0500 3.418E-01
11.0667 3.440E-01
11.0833 3.460E-01
11.1000 3.479E-01
11.1167 3.499E-01
11.1333 3.518E-01
11.1500 3.535E-01
11.1667 3.557E-01
11.1833 3.575E-01
11.2000 3.595E-01
11.2167 3.614E-01
11.2333 3.632E-01
11.2500 3.651E-01
11.2667 3.669E-01
11.2833 3.688E-01
11.3000 3.706E-01
11.3167 3.723E-01
11.3333 3.742E-01
11.3500 3.759E-01
11.3667 3.777E-01
11.3833 3.794E-01
11.4000 3.812E-01
11.4167 3.828E-01
11.4333 3.846E-01
11.4500 3.863E-01
11.4667 3.880E-01
11.4833 3.896E-01
11.5000 3.913E-01
11.5167 3.929E-01
11.5333 3.943E-01
11.5500 3.961E-01
11.5667 3.977E-01
11.5833 3.993E-01
11.6000 4.008E-01
11.6167 4.023E-01
11.6333 4.039E-01
11.6500 4.051E-01
11.6667 4.068E-01
11.6833 4.083E-01
11.7000 4.098E-01
11.7167 4.112E-01
11.7333 4.126E-01
11.7500 4.140E-01
11.7667 4.154E-01
11.7833 4.167E-01
11.8000 4.181E-01
11.8167 4.194E-01
11.8333 4.207E-01
11.8500 4.219E-01
11.8667 4.232E-01
11.8833 4.245E-01
11.9000 4.257E-01
11.9167 4.269E-01
11.9333 4.281E-01
11.9500 4.293E-01
11.9667 4.304E-01
11.9833 4.315E-01
12.0000 4.327E-01
12.0167 4.337E-01
12.0333 4.347E-01
12.0500 4.359E-01
12.0667 4.369E-01
12.0833 4.379E-01
12.1000 4.389E-01
12.1167 4.399E-01
12.1333 4.408E-01
12.1500 4.418E-01
12.1667 4.426E-01
12.1833 4.435E-01
12.2000 4.441E-01
12.2167 4.452E-01
12.2333 4.461E-01
12.2500 4.469E-01
12.2667 4.477E-01
12.2833 4.484E-01
12.3000 4.492E-01
12.3167 4.499E-01
12.3333 4.506E-01
12.3500 4.512E-01
12.3667 4.518E-01
12.3833 4.523E-01
12.4000 4.531E-01
12.4167 4.537E-01
12.4333 4.540E-01
12.4500 4.547E-01
12.4667 4.553E-01
12.4833 4.558E-01
12.5000 4.559E-01
12.5167 4.563E-01
12.5333 4.572E-01
12.5500 4.576E-01
12.5667 4.580E-01
12.5833 4.584E-01
12.6000 4.587E-01
12.6167 4.588E-01
12.6333 4.589E-01
12.6500 4.592E-01
12.6667 4.597E-01
12.6833 4.600E-01
12.7000 4.602E-01
12.7167 4.604E-01
12.7333 4.606E-01
12.7500 4.607E-01
12.7667 4.608E-01
12.7833 4.609E-01
12.8000 4.610E-01
12.8167 4.610E-01
12.8333 4.610E-01
12.8500 4.610E-01
12.8667 4.610E-01
12.8833 4.610E-01
12.9000 4.609E-01
12.9167 4.608E-01
12.9333 4.608E-01
12.9500 4.606E-01
12.9667 4.605E-01
12.9833 4.603E-01
13.0000 4.601E-01
13.0167 4.598E-01
13.0333 4.593E-01
13.0500 4.589E-01
13.0667 4.588E-01
13.0833 4.587E-01
13.1000 4.584E-01
13.1167 4.580E-01
13.1333 4.576E-01
13.1500 4.572E-01
13.1667 4.563E-01
13.1833 4.558E-01
13.2000 4.558E-01
13.2167 4.554E-01
13.2333 4.548E-01
13.2500 4.540E-01
13.2667 4.538E-01
13.2833 4.532E-01
13.3000 4.524E-01
13.3167 4.518E-01
13.3333 4.513E-01
13.3500 4.506E-01
13.3667 4.500E-01
13.3833 4.492E-01
13.4000 4.485E-01
13.4167 4.477E-01
13.4333 4.470E-01
13.4500 4.462E-01
13.4667 4.453E-01
13.4833 4.443E-01
13.5000 4.436E-01
13.5167 4.427E-01
13.5333 4.418E-01
13.5500 4.409E-01
13.5667 4.400E-01
13.5833 4.390E-01
13.6000 4.380E-01
13.6167 4.370E-01
13.6333 4.360E-01
13.6500 4.346E-01
13.6667 4.339E-01
13.6833 4.328E-01
13.7000 4.317E-01
13.7167 4.305E-01
13.7333 4.294E-01
13.7500 4.282E-01
13.7667 4.270E-01
13.7833 4.258E-01
13.8000 4.246E-01
13.8167 4.234E-01
13.8333 4.219E-01
13.8500 4.208E-01
13.8667 4.195E-01
13.8833 4.182E-01
13.9000 4.169E-01
13.9167 4.155E-01
13.9333 4.141E-01
13.9500 4.127E-01
13.9667 4.113E-01
13.9833 4.099E-01
14.0000 4.085E-01
14.0167 4.070E-01
14.0333 4.051E-01
14.0500 4.040E-01
14.0667 4.025E-01
14.0833 4.010E-01
14.1000 3.994E-01
14.1167 3.979E-01
14.1333 3.963E-01
14.1500 3.943E-01
14.1667 3.931E-01
14.1833 3.915E-01
14.2000 3.898E-01
14.2167 3.882E-01
14.2333 3.865E-01
14.2500 3.848E-01
14.2667 3.828E-01
14.2833 3.814E-01
14.3000 3.797E-01
14.3167 3.779E-01
14.3333 3.761E-01
14.3500 3.744E-01
14.3667 3.725E-01
14.3833 3.708E-01
14.4000 3.690E-01
14.4167 3.671E-01
14.4333 3.653E-01
14.4500 3.634E-01
14.4667 3.616E-01
14.4833 3.597E-01
14.5000 3.578E-01
14.5167 3.559E-01
14.5333 3.538E-01
14.5500 3.521E-01
14.5667 3.501E-01
14.5833 3.482E-01
14.6000 3.462E-01
14.6167 3.442E-01
14.6333 3.423E-01
14.6500 3.403E-01
14.6667 3.383E-01
14.6833 3.362E-01
14.7000 3.342E-01
14.7167 3.322E-01
14.7333 3.302E-01
14.7500 3.281E-01
14.7667 3.260E-01
14.7833 3.238E-01
14.8000 3.217E-01
14.8167 3.197E-01
14.8333 3.177E-01
14.8500 3.156E-01
14.8667 3.135E-01
14.8833 3.113E-01
14.9000 3.093E-01
14.9167 3.071E-01
14.9333 3.050E-01
14.9500 3.027E-01
14.9667 3.006E-01
14.9833 2.986E-01
