11.0000 3.687E-01
11.0167 3.708E-01
11.0333 3.728E-01
11.0500 3.748E-01
11.0667 3.767E-01
11.0833 3.787E-01
11.1000 3.807E-01
11.1167 3.826E-01
11.1333 3.845E-01
11.1500 3.865E-01
11.1667 3.884E-01
11.1833 3.903E-01
11.2000 3.921E-01
11.2167 3.940E-01
11.2333 3.959E-01
11.2500 3.977E-01
11.2667 3.995E-01
11.2833 4.013E-01
11.3000 4.032E-01
11.3167 4.049E-01
11.3333 4.066E-01
11.3500 4.085E-01
11.3667 4.102E-01
11.3833 4.119E-01
11.4000 4.136E-01
11.4167 4.153E-01
11.4333 4.168E-01
11.4500 4.180E-01
11.4667 4.203E-01
11.4833 4.219E-01
11.5000 4.235E-01
11.5167 4.251E-01
11.5333 4.267E-01
11.5500 4.283E-01
11.5667 4.298E-01
11.5833 4.314E-01
11.6000 4.329E-01
11.6167 4.344E-01
11.6333 4.359E-01
11.6500 4.373E-01
11.6667 4.388E-01
11.6833 4.402E-01
11.7000 4.416E-01
11.7167 4.430E-01
11.7333 4.437E-01
11.7500 4.457E-01
11.7667 4.470E-01
11.7833 4.484E-01
11.8000 4.496E-01
11.8167 4.509E-01
11.8333 4.522E-01
11.8500 4.534E-01
11.8667 4.546E-01
11.8833 4.558E-01
11.9000 4.570E-01
11.9167 4.582E-01
11.9333 4.593E-01
11.9500 4.604E-01
11.9667 4.615E-01
11.9833 4.626E-01
12.0000 4.637E-01
12.0167 4.647E-01
12.0333 4.657E-01
12.0500 4.667E-01
12.0667 4.668E-01
12.0833 4.683E-01
12.1000 4.696E-01
12.1167 4.705E-01
12.1333 4.714E-01
12.1500 4.723E-01
12.1667 4.731E-01
12.1833 4.740E-01
12.2000 4.748E-01
12.2167 4.755E-01
12.2333 4.763E-01
12.2500 4.771E-01
12.2667 4.778E-01
12.2833 4.785E-01
12.3000 4.791E-01
12.3167 4.798E-01
12.3333 4.804E-01
12.3500 4.811E-01
12.3667 4.816E-01
12.3833 4.822E-01
12.4000 4.827E-01
12.4167 4.833E-01
12.4333 4.838E-01
12.4500 4.843E-01
12.4667 4.847E-01
12.4833 4.851E-01
12.5000 4.856E-01
12.5167 4.860E-01
12.5333 4.863E-01
12.5500 4.867E-01
12.5667 4.870E-01
12.5833 4.873E-01
12.6000 4.875E-01
12.6167 4.878E-01
12.6333 4.880E-01
12.6500 4.882E-01
12.6667 4.884E-01
12.6833 4.886E-01
12.7000 4.887E-01
12.7167 4.888E-01
12.7333 4.889E-01
12.7500 4.890E-01
12.7667 4.891E-01
12.7833 4.891E-01
12.8000 4.891E-01
12.8167 4.891E-01
12.8333 4.890E-01
12.8500 4.889E-01
12.8667 4.889E-01
12.8833 4.887E-01
12.9000 4.886E-01
12.9167 4.885E-01
12.9333 4.883E-01
12.9500 4.881E-01
12.9667 4.878E-01
12.9833 4.876E-01
13.0000 4.873E-01
13.0167 4.870E-01
13.0333 4.867E-01
13.0500 4.864E-01
13.0667 4.860E-01
13.0833 4.856E-01
13.1000 4.852E-01
13.1167 4.848E-01
13.1333 4.843E-01
13.1500 4.838E-01
13.1667 4.833E-01
13.1833 4.828E-01
13.2000 4.823E-01
13.2167 4.817E-01
13.2333 4.811E-01
13.2500 4.805E-01
13.2667 4.799E-01
13.2833 4.792E-01
13.3000 4.786E-01
13.3167 4.779E-01
13.3333 4.771E-01
13.3500 4.764E-01
13.3667 4.757E-01
13.3833 4.749E-01
13.4000 4.741E-01
13.4167 4.732E-01
13.4333 4.724E-01
13.4500 4.715E-01
13.4667 4.706E-01
13.4833 4.697E-01
13.5000 4.686E-01
13.5167 4.670E-01
13.5333 4.669E-01
13.5500 4.659E-01
13.5667 4.649E-01
13.5833 4.638E-01
13.6000 4.628E-01
13.6167 4.616E-01
13.6333 4.606E-01
13.6500 4.595E-01
13.6667 4.583E-01
13.6833 4.572E-01
13.7000 4.560E-01
13.7167 4.548E-01
13.7333 4.536E-01
13.7500 4.524E-01
13.7667 4.511E-01
13.7833 4.498E-01
13.8000 4.485E-01
13.8167 4.472E-01
13.8333 4.459E-01
13.8500 4.442E-01
13.8667 4.432E-01
13.8833 4.418E-01
13.9000 4.404E-01
13.9167 4.390E-01
13.9333 4.375E-01
13.9500 4.361E-01
13.9667 4.346E-01
13.9833 4.331E-01
14.0000 4.316E-01
14.0167 4.301E-01
14.0333 4.285E-01
14.0500 4.269E-01
14.0667 4.254E-01
14.0833 4.235E-01
14.1000 4.221E-01
14.1167 4.205E-01
14.1333 4.185E-01
14.1500 4.172E-01
14.1667 4.156E-01
14.1833 4.139E-01
14.2000 4.122E-01
14.2167 4.105E-01
14.2333 4.087E-01
14.2500 4.068E-01
14.2667 4.052E-01
14.2833 4.034E-01
14.3000 4.016E-01
14.3167 3.998E-01
14.3333 3.980E-01
14.3500 3.961E-01
14.3667 3.943E-01
14.3833 3.924E-01
14.4000 3.905E-01
14.4167 3.887E-01
14.4333 3.867E-01
14.4500 3.848E-01
14.4667 3.829E-01
14.4833 3.809E-01
14.5000 3.786E-01
14.5167 3.770E-01
14.5333 3.751E-01
14.5500 3.731E-01
14.5667 3.711E-01
14.5833 3.691E-01
14.6000 3.670E-01
14.6167 3.650E-01
14.6333 3.629E-01
14.6500 3.609E-01
14.6667 3.588E-01
14.6833 3.567E-01
14.7000 3.547E-01
14.7167 3.523E-01
14.7333 3.504E-01
14.7500 3.483E-01
14.7667 3.462E-01
14.7833 3.441E-01
14.8000 3.419E-01
14.8167 3.398E-01
14.8333 3.376E-01
14.8500 3.355E-01
14.8667 3.333E-01
14.8833 3.311E-01
14.9000 3.289E-01
14.9167 3.267E-01
14.9333 3.245E-01
14.9500 3.223E-01
14.9667 3.201E-01
14.9833 3.179E-01
