11.0000 3.525E-01
11.0167 3.546E-01
11.0333 3.567E-01
11.0500 3.588E-01
11.0667 3.607E-01
11.0833 3.629E-01
11.1000 3.649E-01
11.1167 3.669E-01
11.1333 3.689E-01
11.1500 3.709E-01
11.1667 3.727E-01
11.1833 3.749E-01
11.2000 3.767E-01
11.2167 3.788E-01
11.2333 3.807E-01
11.2500 3.826E-01
11.2667 3.845E-01
11.2833 3.864E-01
11.3000 3.883E-01
11.3167 3.902E-01
11.3333 3.920E-01
11.3500 3.938E-01
11.3667 3.957E-01
11.3833 3.974E-01
11.4000 3.993E-01
11.4167 4.010E-01
11.4333 4.023E-01
11.4500 4.039E-01
11.4667 4.062E-01
11.4833 4.080E-01
11.5000 4.097E-01
11.5167 4.114E-01
11.5333 4.130E-01
11.5500 4.147E-01
11.5667 4.160E-01
11.5833 4.179E-01
11.6000 4.195E-01
11.6167 4.211E-01
11.6333 4.227E-01
11.6500 4.242E-01
11.6667 4.257E-01
11.6833 4.271E-01
11.7000 4.287E-01
11.7167 4.302E-01
11.7333 4.317E-01
11.7500 4.331E-01
11.7667 4.345E-01
11.7833 4.356E-01
11.8000 4.373E-01
11.8167 4.383E-01
11.8333 4.400E-01
11.8500 4.413E-01
11.8667 4.426E-01
11.8833 4.439E-01
11.9000 4.448E-01
11.9167 4.464E-01
11.9333 4.476E-01
11.9500 4.488E-01
11.9667 4.500E-01
11.9833 4.512E-01
12.0000 4.523E-01
12.0167 4.535E-01
12.0333 4.545E-01
12.0500 4.556E-01
12.0667 4.567E-01
12.0833 4.577E-01
12.1000 4.582E-01
12.1167 4.597E-01
12.1333 4.607E-01
12.1500 4.617E-01
12.1667 4.626E-01
12.1833 4.635E-01
12.2000 4.644E-01
12.2167 4.653E-01
12.2333 4.661E-01
12.2500 4.668E-01
12.2667 4.678E-01
12.2833 4.681E-01
12.3000 4.693E-01
12.3167 4.700E-01
12.3333 4.707E-01
12.3500 4.714E-01
12.3667 4.721E-01
12.3833 4.727E-01
12.4000 4.734E-01
12.4167 4.740E-01
12.4333 4.745E-01
12.4500 4.751E-01
12.4667 4.756E-01
12.4833 4.761E-01
12.5000 4.765E-01
12.5167 4.767E-01
12.5333 4.775E-01
12.5500 4.779E-01
12.5667 4.783E-01
12.5833 4.787E-01
12.6000 4.787E-01
12.6167 4.791E-01
12.6333 4.796E-01
12.6500 4.799E-01
12.6667 4.802E-01
12.6833 4.804E-01
12.7000 4.806E-01
12.7167 4.807E-01
12.7333 4.808E-01
12.7500 4.806E-01
12.7667 4.806E-01
12.7833 4.806E-01
12.8000 4.806E-01
12.8167 4.806E-01
12.8333 4.806E-01
12.8500 4.806E-01
12.8667 4.806E-01
12.8833 4.806E-01
12.9000 4.806E-01
12.9167 4.806E-01
12.9333 4.807E-01
12.9500 4.808E-01
12.9667 4.807E-01
12.9833 4.805E-01
13.0000 4.803E-01
13.0167 4.801E-01
13.0333 4.798E-01
13.0500 4.794E-01
13.0667 4.788E-01
13.0833 4.787E-01
13.1000 4.785E-01
13.1167 4.782E-01
13.1333 4.778E-01
13.1500 4.772E-01
13.1667 4.765E-01
13.1833 4.764E-01
13.2000 4.759E-01
13.2167 4.754E-01
13.2333 4.748E-01
13.2500 4.743E-01
13.2667 4.737E-01
13.2833 4.731E-01
13.3000 4.725E-01
13.3167 4.718E-01
13.3333 4.711E-01
13.3500 4.704E-01
13.3667 4.697E-01
13.3833 4.690E-01
13.4000 4.677E-01
13.4167 4.673E-01
13.4333 4.666E-01
13.4500 4.658E-01
13.4667 4.649E-01
13.4833 4.640E-01
13.5000 4.631E-01
13.5167 4.622E-01
13.5333 4.613E-01
13.5500 4.603E-01
13.5667 4.592E-01
13.5833 4.583E-01
13.6000 4.573E-01
13.6167 4.562E-01
13.6333 4.552E-01
13.6500 4.541E-01
13.6667 4.530E-01
13.6833 4.518E-01
13.7000 4.507E-01
13.7167 4.495E-01
13.7333 4.483E-01
13.7500 4.471E-01
13.7667 4.459E-01
13.7833 4.446E-01
13.8000 4.433E-01
13.8167 4.420E-01
13.8333 4.407E-01
13.8500 4.394E-01
13.8667 4.381E-01
13.8833 4.367E-01
13.9000 4.353E-01
13.9167 4.339E-01
13.9333 4.325E-01
13.9500 4.310E-01
13.9667 4.296E-01
13.9833 4.281E-01
14.0000 4.266E-01
14.0167 4.251E-01
14.0333 4.235E-01
14.0500 4.220E-01
14.0667 4.204E-01
14.0833 4.188E-01
14.1000 4.172E-01
14.1167 4.156E-01
14.1333 4.140E-01
14.1500 4.123E-01
14.1667 4.106E-01
14.1833 4.089E-01
14.2000 4.072E-01
14.2167 4.055E-01
14.2333 4.034E-01
14.2500 4.020E-01
14.2667 4.003E-01
14.2833 3.984E-01
14.3000 3.967E-01
14.3167 3.948E-01
14.3333 3.926E-01
14.3500 3.912E-01
14.3667 3.892E-01
14.3833 3.875E-01
14.4000 3.856E-01
14.4167 3.837E-01
14.4333 3.818E-01
14.4500 3.799E-01
14.4667 3.779E-01
14.4833 3.760E-01
14.5000 3.740E-01
14.5167 3.720E-01
14.5333 3.701E-01
14.5500 3.681E-01
14.5667 3.660E-01
14.5833 3.640E-01
14.6000 3.619E-01
14.6167 3.597E-01
14.6333 3.579E-01
14.6500 3.558E-01
14.6667 3.533E-01
14.6833 3.517E-01
14.7000 3.496E-01
14.7167 3.474E-01
14.7333 3.453E-01
14.7500 3.432E-01
14.7667 3.408E-01
14.7833 3.387E-01
14.8000 3.367E-01
14.8167 3.346E-01
14.8333 3.324E-01
14.8500 3.302E-01
14.8667 3.281E-01
14.8833 3.259E-01
14.9000 3.236E-01
14.9167 3.214E-01
14.9333 3.192E-01
14.9500 3.170E-01
14.9667 3.148E-01
14.9833 3.125E-01
