11.0000 3.910E-01
11.0167 3.931E-01
11.0333 3.952E-01
11.0500 3.973E-01
11.0667 3.994E-01
11.0833 4.010E-01
11.1000 4.035E-01
11.1167 4.055E-01
11.1333 4.075E-01
11.1500 4.095E-01
11.1667 4.112E-01
11.1833 4.135E-01
11.2000 4.155E-01
11.2167 4.174E-01
11.2333 4.194E-01
11.2500 4.213E-01
11.2667 4.232E-01
11.2833 4.251E-01
11.3000 4.270E-01
11.3167 4.288E-01
11.3333 4.302E-01
11.3500 4.325E-01
11.3667 4.343E-01
11.3833 4.361E-01
11.4000 4.379E-01
11.4167 4.395E-01
11.4333 4.414E-01
11.4500 4.432E-01
11.4667 4.449E-01
11.4833 4.466E-01
11.5000 4.483E-01
11.5167 4.498E-01
11.5333 4.509E-01
11.5500 4.532E-01
11.5667 4.547E-01
11.5833 4.564E-01
11.6000 4.580E-01
11.6167 4.596E-01
11.6333 4.611E-01
11.6500 4.626E-01
11.6667 4.641E-01
11.6833 4.656E-01
11.7000 4.671E-01
11.7167 4.685E-01
11.7333 4.700E-01
11.7500 4.714E-01
11.7667 4.728E-01
11.7833 4.741E-01
11.8000 4.755E-01
11.8167 4.768E-01
11.8333 4.781E-01
11.8500 4.788E-01
11.8667 4.807E-01
11.8833 4.819E-01
11.9000 4.832E-01
11.9167 4.844E-01
11.9333 4.856E-01
11.9500 4.867E-01
11.9667 4.879E-01
11.9833 4.890E-01
12.0000 4.901E-01
12.0167 4.912E-01
12.0333 4.922E-01
12.0500 4.933E-01
12.0667 4.943E-01
12.0833 4.951E-01
12.1000 4.963E-01
12.1167 4.972E-01
12.1333 4.981E-01
12.1500 4.991E-01
12.1667 4.999E-01
12.1833 5.008E-01
12.2000 5.016E-01
12.2167 5.025E-01
12.2333 5.033E-01
12.2500 5.040E-01
12.2667 5.038E-01
12.2833 5.047E-01
12.3000 5.062E-01
12.3167 5.069E-01
12.3333 5.076E-01
12.3500 5.082E-01
12.3667 5.088E-01
12.3833 5.094E-01
12.4000 5.100E-01
12.4167 5.105E-01
12.4333 5.110E-01
12.4500 5.115E-01
12.4667 5.120E-01
12.4833 5.124E-01
12.5000 5.129E-01
12.5167 5.133E-01
12.5333 5.137E-01
12.5500 5.140E-01
12.5667 5.143E-01
12.5833 5.146E-01
12.6000 5.149E-01
12.6167 5.152E-01
12.6333 5.154E-01
12.6500 5.156E-01
12.6667 5.158E-01
12.6833 5.160E-01
12.7000 5.161E-01
12.7167 5.163E-01
12.7333 5.163E-01
12.7500 5.164E-01
12.7667 5.165E-01
12.7833 5.165E-01
12.8000 5.165E-01
12.8167 5.165E-01
12.8333 5.164E-01
12.8500 5.163E-01
12.8667 5.162E-01
12.8833 5.161E-01
12.9000 5.160E-01
12.9167 5.158E-01
12.9333 5.156E-01
12.9500 5.154E-01
12.9667 5.151E-01
12.9833 5.149E-01
13.0000 5.146E-01
13.0167 5.143E-01
13.0333 5.140E-01
13.0500 5.136E-01
13.0667 5.132E-01
13.0833 5.128E-01
13.1000 5.124E-01
13.1167 5.119E-01
13.1333 5.114E-01
13.1500 5.109E-01
13.1667 5.104E-01
13.1833 5.099E-01
13.2000 5.093E-01
13.2167 5.087E-01
13.2333 5.081E-01
13.2500 5.075E-01
13.2667 5.068E-01
13.2833 5.061E-01
13.3000 5.047E-01
13.3167 5.036E-01
13.3333 5.039E-01
13.3500 5.031E-01
13.3667 5.024E-01
13.3833 5.015E-01
13.4000 5.007E-01
13.4167 4.998E-01
13.4333 4.989E-01
13.4500 4.980E-01
13.4667 4.971E-01
13.4833 4.961E-01
13.5000 4.950E-01
13.5167 4.942E-01
13.5333 4.931E-01
13.5500 4.921E-01
13.5667 4.910E-01
13.5833 4.900E-01
13.6000 4.889E-01
13.6167 4.877E-01
13.6333 4.866E-01
13.6500 4.854E-01
13.6667 4.842E-01
13.6833 4.830E-01
13.7000 4.818E-01
13.7167 4.805E-01
13.7333 4.787E-01
13.7500 4.780E-01
13.7667 4.767E-01
13.7833 4.753E-01
13.8000 4.740E-01
13.8167 4.726E-01
13.8333 4.712E-01
13.8500 4.698E-01
13.8667 4.684E-01
13.8833 4.669E-01
13.9000 4.654E-01
13.9167 4.639E-01
13.9333 4.624E-01
13.9500 4.609E-01
13.9667 4.594E-01
13.9833 4.576E-01
14.0000 4.561E-01
14.0167 4.542E-01
14.0333 4.530E-01
14.0500 4.510E-01
14.0667 4.494E-01
14.0833 4.481E-01
14.1000 4.464E-01
14.1167 4.447E-01
14.1333 4.430E-01
14.1500 4.412E-01
14.1667 4.389E-01
14.1833 4.377E-01
14.2000 4.359E-01
14.2167 4.341E-01
14.2333 4.323E-01
14.2500 4.299E-01
14.2667 4.286E-01
14.2833 4.267E-01
14.3000 4.249E-01
14.3167 4.230E-01
14.3333 4.210E-01
14.3500 4.191E-01
14.3667 4.172E-01
14.3833 4.152E-01
14.4000 4.133E-01
14.4167 4.112E-01
14.4333 4.093E-01
14.4500 4.073E-01
14.4667 4.053E-01
14.4833 4.032E-01
14.5000 4.008E-01
14.5167 3.991E-01
14.5333 3.970E-01
14.5500 3.950E-01
14.5667 3.929E-01
14.5833 3.904E-01
14.6000 3.886E-01
14.6167 3.865E-01
14.6333 3.844E-01
14.6500 3.822E-01
14.6667 3.797E-01
14.6833 3.777E-01
14.7000 3.757E-01
14.7167 3.734E-01
14.7333 3.713E-01
14.7500 3.686E-01
14.7667 3.668E-01
14.7833 3.646E-01
14.8000 3.624E-01
14.8167 3.601E-01
14.8333 3.578E-01
14.8500 3.556E-01
14.8667 3.533E-01
14.8833 3.510E-01
14.9000 3.487E-01
14.9167 3.464E-01
14.9333 3.441E-01
14.9500 3.418E-01
14.9667 3.395E-01
14.9833 3.371E-01
