11.0000 3.184E-01
11.0167 3.204E-01
11.0333 3.224E-01
11.0500 3.244E-01
11.0667 3.263E-01
11.0833 3.281E-01
11.1000 3.302E-01
11.1167 3.322E-01
11.1333 3.341E-01
11.1500 3.360E-01
11.1667 3.379E-01
11.1833 3.398E-01
11.2000 3.416E-01
11.2167 3.435E-01
11.2333 3.454E-01
11.2500 3.472E-01
11.2667 3.489E-01
11.2833 3.508E-01
11.3000 3.526E-01
11.3167 3.544E-01
11.3333 3.562E-01
11.3500 3.580E-01
11.3667 3.597E-01
11.3833 3.614E-01
11.4000 3.632E-01
11.4167 3.649E-01
11.4333 3.666E-01
11.4500 3.683E-01
11.4667 3.699E-01
11.4833 3.716E-01
11.5000 3.732E-01
11.5167 3.748E-01
11.5333 3.763E-01
11.5500 3.780E-01
11.5667 3.795E-01
11.5833 3.812E-01
11.6000 3.827E-01
11.6167 3.842E-01
11.6333 3.855E-01
11.6500 3.872E-01
11.6667 3.887E-01
11.6833 3.901E-01
11.7000 3.916E-01
11.7167 3.930E-01
11.7333 3.945E-01
11.7500 3.959E-01
11.7667 3.973E-01
11.7833 3.986E-01
11.8000 4.000E-01
11.8167 4.013E-01
11.8333 4.024E-01
11.8500 4.039E-01
11.8667 4.052E-01
11.8833 4.064E-01
11.9000 4.076E-01
11.9167 4.089E-01
11.9333 4.101E-01
11.9500 4.112E-01
11.9667 4.124E-01
11.9833 4.131E-01
12.0000 4.147E-01
12.0167 4.158E-01
12.0333 4.168E-01
12.0500 4.179E-01
12.0667 4.190E-01
12.0833 4.200E-01
12.1000 4.208E-01
12.1167 4.220E-01
12.1333 4.229E-01
12.1500 4.237E-01
12.1667 4.248E-01
12.1833 4.257E-01
12.2000 4.266E-01
12.2167 4.274E-01
12.2333 4.283E-01
12.2500 4.291E-01
12.2667 4.299E-01
12.2833 4.305E-01
12.3000 4.314E-01
12.3167 4.322E-01
12.3333 4.329E-01
12.3500 4.336E-01
12.3667 4.343E-01
12.3833 4.349E-01
12.4000 4.355E-01
12.4167 4.361E-01
12.4333 4.367E-01
12.4500 4.373E-01
12.4667 4.378E-01
12.4833 4.384E-01
12.5000 4.389E-01
12.5167 4.394E-01
12.5333 4.398E-01
12.5500 4.402E-01
12.5667 4.406E-01
12.5833 4.410E-01
12.6000 4.414E-01
12.6167 4.418E-01
12.6333 4.421E-01
12.6500 4.424E-01
12.6667 4.427E-01
12.6833 4.429E-01
12.7000 4.431E-01
12.7167 4.430E-01
12.7333 4.429E-01
12.7500 4.432E-01
12.7667 4.435E-01
12.7833 4.438E-01
12.8000 4.441E-01
12.8167 4.442E-01
12.8333 4.442E-01
12.8500 4.443E-01
12.8667 4.443E-01
12.8833 4.443E-01
12.9000 4.442E-01
12.9167 4.442E-01
12.9333 4.441E-01
12.9500 4.439E-01
12.9667 4.435E-01
12.9833 4.432E-01
13.0000 4.429E-01
13.0167 4.430E-01
13.0333 4.431E-01
13.0500 4.429E-01
13.0667 4.427E-01
13.0833 4.424E-01
13.1000 4.421E-01
13.1167 4.418E-01
13.1333 4.414E-01
13.1500 4.410E-01
13.1667 4.407E-01
13.1833 4.403E-01
13.2000 4.398E-01
13.2167 4.394E-01
13.2333 4.389E-01
13.2500 4.384E-01
13.2667 4.379E-01
13.2833 4.373E-01
13.3000 4.368E-01
13.3167 4.362E-01
13.3333 4.356E-01
13.3500 4.349E-01
13.3667 4.343E-01
13.3833 4.336E-01
13.4000 4.329E-01
13.4167 4.322E-01
13.4333 4.315E-01
13.4500 4.305E-01
13.4667 4.299E-01
13.4833 4.291E-01
13.5000 4.283E-01
13.5167 4.275E-01
13.5333 4.266E-01
13.5500 4.257E-01
13.5667 4.248E-01
13.5833 4.237E-01
13.6000 4.230E-01
13.6167 4.220E-01
13.6333 4.208E-01
13.6500 4.200E-01
13.6667 4.190E-01
13.6833 4.179E-01
13.7000 4.169E-01
13.7167 4.158E-01
13.7333 4.147E-01
13.7500 4.132E-01
13.7667 4.124E-01
13.7833 4.113E-01
13.8000 4.101E-01
13.8167 4.089E-01
13.8333 4.077E-01
13.8500 4.065E-01
13.8667 4.052E-01
13.8833 4.039E-01
13.9000 4.025E-01
13.9167 4.013E-01
13.9333 4.000E-01
13.9500 3.987E-01
13.9667 3.973E-01
13.9833 3.959E-01
14.0000 3.945E-01
14.0167 3.931E-01
14.0333 3.916E-01
14.0500 3.901E-01
14.0667 3.888E-01
14.0833 3.873E-01
14.1000 3.856E-01
14.1167 3.842E-01
14.1333 3.828E-01
14.1500 3.812E-01
14.1667 3.795E-01
14.1833 3.781E-01
14.2000 3.763E-01
14.2167 3.749E-01
14.2333 3.733E-01
14.2500 3.716E-01
14.2667 3.700E-01
14.2833 3.683E-01
14.3000 3.666E-01
14.3167 3.649E-01
14.3333 3.632E-01
14.3500 3.615E-01
14.3667 3.598E-01
14.3833 3.580E-01
14.4000 3.563E-01
14.4167 3.545E-01
14.4333 3.527E-01
14.4500 3.509E-01
14.4667 3.490E-01
14.4833 3.473E-01
14.5000 3.454E-01
14.5167 3.436E-01
14.5333 3.417E-01
14.5500 3.398E-01
14.5667 3.379E-01
14.5833 3.361E-01
14.6000 3.342E-01
14.6167 3.322E-01
14.6333 3.303E-01
14.6500 3.281E-01
14.6667 3.264E-01
14.6833 3.245E-01
14.7000 3.225E-01
14.7167 3.205E-01
14.7333 3.185E-01
14.7500 3.164E-01
14.7667 3.145E-01
14.7833 3.125E-01
14.8000 3.105E-01
14.8167 3.083E-01
14.8333 3.062E-01
14.8500 3.044E-01
14.8667 3.023E-01
14.8833 3.003E-01
14.9000 2.982E-01
14.9167 2.961E-01
14.9333 2.940E-01
14.9500 2.919E-01
14.9667 2.899E-01
14.9833 2.877E-01
