11.0000 4.265E-01
11.0167 4.288E-01
11.0333 4.310E-01
11.0500 4.332E-01
11.0667 4.354E-01
11.0833 4.376E-01
11.1000 4.398E-01
11.1167 4.420E-01
11.1333 4.441E-01
11.1500 4.462E-01
11.1667 4.484E-01
11.1833 4.505E-01
11.2000 4.526E-01
11.2167 4.547E-01
11.2333 4.568E-01
11.2500 4.588E-01
11.2667 4.608E-01
11.2833 4.628E-01
11.3000 4.646E-01
11.3167 4.668E-01
11.3333 4.688E-01
11.3500 4.707E-01
11.3667 4.727E-01
11.3833 4.746E-01
11.4000 4.765E-01
11.4167 4.784E-01
11.4333 4.802E-01
11.4500 4.821E-01
11.4667 4.839E-01
11.4833 4.857E-01
11.5000 4.875E-01
11.5167 4.887E-01
11.5333 4.910E-01
11.5500 4.928E-01
11.5667 4.945E-01
11.5833 4.962E-01
11.6000 4.979E-01
11.6167 4.995E-01
11.6333 5.011E-01
11.6500 5.022E-01
11.6667 5.044E-01
11.6833 5.056E-01
11.7000 5.075E-01
11.7167 5.090E-01
11.7333 5.106E-01
11.7500 5.121E-01
11.7667 5.135E-01
11.7833 5.150E-01
11.8000 5.164E-01
11.8167 5.178E-01
11.8333 5.192E-01
11.8500 5.205E-01
11.8667 5.219E-01
11.8833 5.233E-01
11.9000 5.246E-01
11.9167 5.258E-01
11.9333 5.271E-01
11.9500 5.283E-01
11.9667 5.296E-01
11.9833 5.307E-01
12.0000 5.319E-01
12.0167 5.330E-01
12.0333 5.336E-01
12.0500 5.353E-01
12.0667 5.364E-01
12.0833 5.374E-01
12.1000 5.384E-01
12.1167 5.394E-01
12.1333 5.404E-01
12.1500 5.414E-01
12.1667 5.423E-01
12.1833 5.432E-01
12.2000 5.441E-01
12.2167 5.450E-01
12.2333 5.458E-01
12.2500 5.466E-01
12.2667 5.474E-01
12.2833 5.482E-01
12.3000 5.489E-01
12.3167 5.497E-01
12.3333 5.504E-01
12.3500 5.510E-01
12.3667 5.516E-01
12.3833 5.521E-01
12.4000 5.529E-01
12.4167 5.535E-01
12.4333 5.540E-01
12.4500 5.545E-01
12.4667 5.550E-01
12.4833 5.554E-01
12.5000 5.559E-01
12.5167 5.564E-01
12.5333 5.568E-01
12.5500 5.571E-01
12.5667 5.575E-01
12.5833 5.578E-01
12.6000 5.581E-01
12.6167 5.584E-01
12.6333 5.586E-01
12.6500 5.588E-01
12.6667 5.590E-01
12.6833 5.592E-01
12.7000 5.594E-01
12.7167 5.595E-01
12.7333 5.596E-01
12.7500 5.596E-01
12.7667 5.597E-01
12.7833 5.597E-01
12.8000 5.597E-01
12.8167 5.597E-01
12.8333 5.596E-01
12.8500 5.595E-01
12.8667 5.594E-01
12.8833 5.593E-01
12.9000 5.591E-01
12.9167 5.589E-01
12.9333 5.587E-01
12.9500 5.585E-01
12.9667 5.582E-01
12.9833 5.579E-01
13.0000 5.576E-01
13.0167 5.573E-01
13.0333 5.569E-01
13.0500 5.565E-01
13.0667 5.561E-01
13.0833 5.556E-01
13.1000 5.552E-01
13.1167 5.547E-01
13.1333 5.542E-01
13.1500 5.537E-01
13.1667 5.531E-01
13.1833 5.525E-01
13.2000 5.517E-01
13.2167 5.513E-01
13.2333 5.506E-01
13.2500 5.499E-01
13.2667 5.492E-01
13.2833 5.485E-01
13.3000 5.477E-01
13.3167 5.470E-01
13.3333 5.462E-01
13.3500 5.453E-01
13.3667 5.445E-01
13.3833 5.436E-01
13.4000 5.427E-01
13.4167 5.418E-01
13.4333 5.408E-01
13.4500 5.398E-01
13.4667 5.388E-01
13.4833 5.378E-01
13.5000 5.368E-01
13.5167 5.357E-01
13.5333 5.346E-01
13.5500 5.334E-01
13.5667 5.324E-01
13.5833 5.312E-01
13.6000 5.300E-01
13.6167 5.288E-01
13.6333 5.276E-01
13.6500 5.264E-01
13.6667 5.251E-01
13.6833 5.238E-01
13.7000 5.225E-01
13.7167 5.211E-01
13.7333 5.198E-01
13.7500 5.184E-01
13.7667 5.170E-01
13.7833 5.156E-01
13.8000 5.141E-01
13.8167 5.126E-01
13.8333 5.112E-01
13.8500 5.089E-01
13.8667 5.080E-01
13.8833 5.064E-01
13.9000 5.050E-01
13.9167 5.030E-01
13.9333 5.018E-01
13.9500 5.001E-01
13.9667 4.981E-01
13.9833 4.969E-01
14.0000 4.952E-01
14.0167 4.935E-01
14.0333 4.917E-01
14.0500 4.900E-01
14.0667 4.880E-01
14.0833 4.864E-01
14.1000 4.846E-01
14.1167 4.828E-01
14.1333 4.810E-01
14.1500 4.789E-01
14.1667 4.773E-01
14.1833 4.754E-01
14.2000 4.735E-01
14.2167 4.715E-01
14.2333 4.696E-01
14.2500 4.676E-01
14.2667 4.657E-01
14.2833 4.637E-01
14.3000 4.617E-01
14.3167 4.596E-01
14.3333 4.576E-01
14.3500 4.552E-01
14.3667 4.534E-01
14.3833 4.514E-01
14.4000 4.493E-01
14.4167 4.472E-01
14.4333 4.450E-01
14.4500 4.429E-01
14.4667 4.407E-01
14.4833 4.385E-01
14.5000 4.364E-01
14.5167 4.341E-01
14.5333 4.319E-01
14.5500 4.297E-01
14.5667 4.275E-01
14.5833 4.252E-01
14.6000 4.228E-01
14.6167 4.203E-01
14.6333 4.184E-01
14.6500 4.161E-01
14.6667 4.137E-01
14.6833 4.114E-01
14.7000 4.089E-01
14.7167 4.065E-01
14.7333 4.044E-01
14.7500 4.020E-01
14.7667 3.996E-01
14.7833 3.972E-01
14.8000 3.948E-01
14.8167 3.924E-01
14.8333 3.900E-01
14.8500 3.876E-01
14.8667 3.851E-01
14.8833 3.827E-01
14.9000 3.802E-01
14.9167 3.777E-01
14.9333 3.753E-01
14.9500 3.728E-01
14.9667 3.703E-01
14.9833 3.678E-01
