11.0000 3.300E-01
11.0167 3.321E-01
11.0333 3.342E-01
11.0500 3.363E-01
11.0667 3.383E-01
11.0833 3.404E-01
11.1000 3.424E-01
11.1167 3.445E-01
11.1333 3.465E-01
11.1500 3.485E-01
11.1667 3.505E-01
11.1833 3.525E-01
11.2000 3.544E-01
11.2167 3.564E-01
11.2333 3.584E-01
11.2500 3.603E-01
11.2667 3.622E-01
11.2833 3.641E-01
11.3000 3.661E-01
11.3167 3.677E-01
11.3333 3.698E-01
11.3500 3.717E-01
11.3667 3.735E-01
11.3833 3.753E-01
11.4000 3.772E-01
11.4167 3.790E-01
11.4333 3.808E-01
11.4500 3.825E-01
11.4667 3.843E-01
11.4833 3.860E-01
11.5000 3.878E-01
11.5167 3.895E-01
11.5333 3.912E-01
11.5500 3.928E-01
11.5667 3.945E-01
11.5833 3.962E-01
11.6000 3.978E-01
11.6167 3.994E-01
11.6333 4.010E-01
11.6500 4.026E-01
11.6667 4.038E-01
11.6833 4.057E-01
11.7000 4.073E-01
11.7167 4.087E-01
11.7333 4.103E-01
11.7500 4.117E-01
11.7667 4.132E-01
11.7833 4.147E-01
11.8000 4.161E-01
11.8167 4.175E-01
11.8333 4.189E-01
11.8500 4.202E-01
11.8667 4.216E-01
11.8833 4.228E-01
11.9000 4.242E-01
11.9167 4.255E-01
11.9333 4.266E-01
11.9500 4.280E-01
11.9667 4.293E-01
11.9833 4.305E-01
12.0000 4.317E-01
12.0167 4.327E-01
12.0333 4.340E-01
12.0500 4.351E-01
12.0667 4.363E-01
12.0833 4.371E-01
12.1000 4.383E-01
12.1167 4.394E-01
12.1333 4.405E-01
12.1500 4.415E-01
12.1667 4.425E-01
12.1833 4.435E-01
12.2000 4.444E-01
12.2167 4.453E-01
12.2333 4.462E-01
12.2500 4.471E-01
12.2667 4.480E-01
12.2833 4.488E-01
12.3000 4.496E-01
12.3167 4.504E-01
12.3333 4.511E-01
12.3500 4.518E-01
12.3667 4.526E-01
12.3833 4.533E-01
12.4000 4.540E-01
12.4167 4.547E-01
12.4333 4.553E-01
12.4500 4.559E-01
12.4667 4.565E-01
12.4833 4.571E-01
12.5000 4.576E-01
12.5167 4.582E-01
12.5333 4.587E-01
12.5500 4.591E-01
12.5667 4.596E-01
12.5833 4.600E-01
12.6000 4.604E-01
12.6167 4.608E-01
12.6333 4.612E-01
12.6500 4.615E-01
12.6667 4.618E-01
12.6833 4.621E-01
12.7000 4.624E-01
12.7167 4.626E-01
12.7333 4.629E-01
12.7500 4.631E-01
12.7667 4.632E-01
12.7833 4.634E-01
12.8000 4.635E-01
12.8167 4.635E-01
12.8333 4.635E-01
12.8500 4.635E-01
12.8667 4.635E-01
12.8833 4.635E-01
12.9000 4.635E-01
12.9167 4.635E-01
12.9333 4.635E-01
12.9500 4.636E-01
12.9667 4.635E-01
12.9833 4.634E-01
13.0000 4.632E-01
13.0167 4.631E-01
13.0333 4.628E-01
13.0500 4.626E-01
13.0667 4.624E-01
13.0833 4.621E-01
13.1000 4.618E-01
13.1167 4.615E-01
13.1333 4.612E-01
13.1500 4.608E-01
13.1667 4.604E-01
13.1833 4.600E-01
13.2000 4.596E-01
13.2167 4.591E-01
13.2333 4.586E-01
13.2500 4.581E-01
13.2667 4.576E-01
13.2833 4.571E-01
13.3000 4.565E-01
13.3167 4.559E-01
13.3333 4.553E-01
13.3500 4.546E-01
13.3667 4.540E-01
13.3833 4.533E-01
13.4000 4.526E-01
13.4167 4.516E-01
13.4333 4.511E-01
13.4500 4.503E-01
13.4667 4.496E-01
13.4833 4.487E-01
13.5000 4.479E-01
13.5167 4.470E-01
13.5333 4.462E-01
13.5500 4.453E-01
13.5667 4.443E-01
13.5833 4.434E-01
13.6000 4.424E-01
13.6167 4.414E-01
13.6333 4.404E-01
13.6500 4.393E-01
13.6667 4.382E-01
13.6833 4.369E-01
13.7000 4.362E-01
13.7167 4.350E-01
13.7333 4.339E-01
13.7500 4.326E-01
13.7667 4.316E-01
13.7833 4.304E-01
13.8000 4.292E-01
13.8167 4.280E-01
13.8333 4.264E-01
13.8500 4.254E-01
13.8667 4.241E-01
13.8833 4.226E-01
13.9000 4.215E-01
13.9167 4.201E-01
13.9333 4.188E-01
13.9500 4.174E-01
13.9667 4.160E-01
13.9833 4.145E-01
14.0000 4.131E-01
14.0167 4.117E-01
14.0333 4.102E-01
14.0500 4.084E-01
14.0667 4.072E-01
14.0833 4.056E-01
14.1000 4.038E-01
14.1167 4.025E-01
14.1333 4.009E-01
14.1500 3.993E-01
14.1667 3.977E-01
14.1833 3.961E-01
14.2000 3.944E-01
14.2167 3.927E-01
14.2333 3.911E-01
14.2500 3.894E-01
14.2667 3.876E-01
14.2833 3.859E-01
14.3000 3.842E-01
14.3167 3.824E-01
14.3333 3.806E-01
14.3500 3.789E-01
14.3667 3.770E-01
14.3833 3.752E-01
14.4000 3.734E-01
14.4167 3.716E-01
14.4333 3.695E-01
14.4500 3.676E-01
14.4667 3.659E-01
14.4833 3.637E-01
14.5000 3.621E-01
14.5167 3.602E-01
14.5333 3.582E-01
14.5500 3.563E-01
14.5667 3.542E-01
14.5833 3.524E-01
14.6000 3.504E-01
14.6167 3.484E-01
14.6333 3.464E-01
14.6500 3.444E-01
14.6667 3.423E-01
14.6833 3.403E-01
14.7000 3.382E-01
14.7167 3.362E-01
14.7333 3.341E-01
14.7500 3.320E-01
14.7667 3.299E-01
14.7833 3.278E-01
14.8000 3.257E-01
14.8167 3.236E-01
14.8333 3.215E-01
14.8500 3.193E-01
14.8667 3.172E-01
14.8833 3.150E-01
14.9000 3.128E-01
14.9167 3.107E-01
14.9333 3.085E-01
14.9500 3.064E-01
14.9667 3.042E-01
14.9833 3.020E-01
