11.0000 3.960E-01
11.0167 3.982E-01
11.0333 4.004E-01
11.0500 4.027E-01
11.0667 4.048E-01
11.0833 4.070E-01
11.1000 4.092E-01
11.1167 4.114E-01
11.1333 4.135E-01
11.1500 4.156E-01
11.1667 4.177E-01
11.1833 4.198E-01
11.2000 4.219E-01
11.2167 4.240E-01
11.2333 4.261E-01
11.2500 4.281E-01
11.2667 4.301E-01
11.2833 4.321E-01
11.3000 4.342E-01
11.3167 4.361E-01
11.3333 4.381E-01
11.3500 4.400E-01
11.3667 4.420E-01
11.3833 4.439E-01
11.4000 4.458E-01
11.4167 4.477E-01
11.4333 4.496E-01
11.4500 4.514E-01
11.4667 4.533E-01
11.4833 4.551E-01
11.5000 4.569E-01
11.5167 4.587E-01
11.5333 4.604E-01
11.5500 4.622E-01
11.5667 4.639E-01
11.5833 4.656E-01
11.6000 4.673E-01
11.6167 4.690E-01
11.6333 4.706E-01
11.6500 4.722E-01
11.6667 4.739E-01
11.6833 4.750E-01
11.7000 4.771E-01
11.7167 4.785E-01
11.7333 4.801E-01
11.7500 4.817E-01
11.7667 4.832E-01
11.7833 4.846E-01
11.8000 4.859E-01
11.8167 4.875E-01
11.8333 4.889E-01
11.8500 4.903E-01
11.8667 4.917E-01
11.8833 4.930E-01
11.9000 4.944E-01
11.9167 4.957E-01
11.9333 4.970E-01
11.9500 4.982E-01
11.9667 4.995E-01
11.9833 5.003E-01
12.0000 5.019E-01
12.0167 5.030E-01
12.0333 5.042E-01
12.0500 5.053E-01
12.0667 5.065E-01
12.0833 5.075E-01
12.1000 5.086E-01
12.1167 5.095E-01
12.1333 5.106E-01
12.1500 5.112E-01
12.1667 5.126E-01
12.1833 5.136E-01
12.2000 5.145E-01
12.2167 5.154E-01
12.2333 5.162E-01
12.2500 5.171E-01
12.2667 5.179E-01
12.2833 5.187E-01
12.3000 5.195E-01
12.3167 5.203E-01
12.3333 5.206E-01
12.3500 5.217E-01
12.3667 5.224E-01
12.3833 5.227E-01
12.4000 5.237E-01
12.4167 5.243E-01
12.4333 5.249E-01
12.4500 5.247E-01
12.4667 5.255E-01
12.4833 5.265E-01
12.5000 5.270E-01
12.5167 5.275E-01
12.5333 5.279E-01
12.5500 5.282E-01
12.5667 5.283E-01
12.5833 5.287E-01
12.6000 5.292E-01
12.6167 5.297E-01
12.6333 5.300E-01
12.6500 5.303E-01
12.6667 5.304E-01
12.6833 5.306E-01
12.7000 5.308E-01
12.7167 5.310E-01
12.7333 5.312E-01
12.7500 5.313E-01
12.7667 5.314E-01
12.7833 5.315E-01
12.8000 5.315E-01
12.8167 5.316E-01
12.8333 5.315E-01
12.8500 5.315E-01
12.8667 5.314E-01
12.8833 5.313E-01
12.9000 5.312E-01
12.9167 5.311E-01
12.9333 5.309E-01
12.9500 5.306E-01
12.9667 5.305E-01
12.9833 5.303E-01
13.0000 5.300E-01
13.0167 5.297E-01
13.0333 5.293E-01
13.0500 5.287E-01
13.0667 5.283E-01
13.0833 5.282E-01
13.1000 5.279E-01
13.1167 5.275E-01
13.1333 5.270E-01
13.1500 5.266E-01
13.1667 5.256E-01
13.1833 5.247E-01
13.2000 5.249E-01
13.2167 5.244E-01
13.2333 5.237E-01
13.2500 5.227E-01
13.2667 5.225E-01
13.2833 5.218E-01
13.3000 5.207E-01
13.3167 5.203E-01
13.3333 5.196E-01
13.3500 5.188E-01
13.3667 5.180E-01
13.3833 5.172E-01
13.4000 5.163E-01
13.4167 5.155E-01
13.4333 5.146E-01
13.4500 5.136E-01
13.4667 5.127E-01
13.4833 5.114E-01
13.5000 5.107E-01
13.5167 5.095E-01
13.5333 5.087E-01
13.5500 5.076E-01
13.5667 5.066E-01
13.5833 5.054E-01
13.6000 5.043E-01
13.6167 5.032E-01
13.6333 5.020E-01
13.6500 5.003E-01
13.6667 4.996E-01
13.6833 4.983E-01
13.7000 4.971E-01
13.7167 4.958E-01
13.7333 4.945E-01
13.7500 4.932E-01
13.7667 4.918E-01
13.7833 4.905E-01
13.8000 4.891E-01
13.8167 4.876E-01
13.8333 4.861E-01
13.8500 4.848E-01
13.8667 4.833E-01
13.8833 4.818E-01
13.9000 4.803E-01
13.9167 4.785E-01
13.9333 4.772E-01
13.9500 4.750E-01
13.9667 4.740E-01
13.9833 4.724E-01
14.0000 4.708E-01
14.0167 4.691E-01
14.0333 4.675E-01
14.0500 4.658E-01
14.0667 4.641E-01
14.0833 4.623E-01
14.1000 4.606E-01
14.1167 4.588E-01
14.1333 4.571E-01
14.1500 4.553E-01
14.1667 4.534E-01
14.1833 4.516E-01
14.2000 4.498E-01
14.2167 4.479E-01
14.2333 4.460E-01
14.2500 4.441E-01
14.2667 4.422E-01
14.2833 4.401E-01
14.3000 4.383E-01
14.3167 4.363E-01
14.3333 4.344E-01
14.3500 4.324E-01
14.3667 4.303E-01
14.3833 4.282E-01
14.4000 4.263E-01
14.4167 4.242E-01
14.4333 4.221E-01
14.4500 4.201E-01
14.4667 4.180E-01
14.4833 4.158E-01
14.5000 4.137E-01
14.5167 4.116E-01
14.5333 4.094E-01
14.5500 4.072E-01
14.5667 4.051E-01
14.5833 4.029E-01
14.6000 4.007E-01
14.6167 3.985E-01
14.6333 3.962E-01
14.6500 3.939E-01
14.6667 3.917E-01
14.6833 3.895E-01
14.7000 3.872E-01
14.7167 3.849E-01
14.7333 3.826E-01
14.7500 3.803E-01
14.7667 3.780E-01
14.7833 3.757E-01
14.8000 3.731E-01
14.8167 3.710E-01
14.8333 3.686E-01
14.8500 3.662E-01
14.8667 3.639E-01
14.8833 3.615E-01
14.9000 3.591E-01
14.9167 3.566E-01
14.9333 3.543E-01
14.9500 3.519E-01
14.9667 3.495E-01
14.9833 3.469E-01
