11.0000 3.850E-01
11.0167 3.871E-01
11.0333 3.892E-01
11.0500 3.912E-01
11.0667 3.933E-01
11.0833 3.954E-01
11.1000 3.974E-01
11.1167 3.994E-01
11.1333 4.014E-01
11.1500 4.034E-01
11.1667 4.054E-01
11.1833 4.073E-01
11.2000 4.094E-01
11.2167 4.113E-01
11.2333 4.132E-01
11.2500 4.152E-01
11.2667 4.171E-01
11.2833 4.187E-01
11.3000 4.208E-01
11.3167 4.227E-01
11.3333 4.245E-01
11.3500 4.264E-01
11.3667 4.282E-01
11.3833 4.300E-01
11.4000 4.312E-01
11.4167 4.335E-01
11.4333 4.353E-01
11.4500 4.370E-01
11.4667 4.387E-01
11.4833 4.402E-01
11.5000 4.421E-01
11.5167 4.438E-01
11.5333 4.454E-01
11.5500 4.470E-01
11.5667 4.484E-01
11.5833 4.503E-01
11.6000 4.518E-01
11.6167 4.530E-01
11.6333 4.549E-01
11.6500 4.564E-01
11.6667 4.579E-01
11.6833 4.594E-01
11.7000 4.609E-01
11.7167 4.623E-01
11.7333 4.638E-01
11.7500 4.652E-01
11.7667 4.666E-01
11.7833 4.679E-01
11.8000 4.692E-01
11.8167 4.706E-01
11.8333 4.719E-01
11.8500 4.732E-01
11.8667 4.745E-01
11.8833 4.757E-01
11.9000 4.770E-01
11.9167 4.782E-01
11.9333 4.794E-01
11.9500 4.803E-01
11.9667 4.817E-01
11.9833 4.828E-01
12.0000 4.839E-01
12.0167 4.850E-01
12.0333 4.861E-01
12.0500 4.871E-01
12.0667 4.881E-01
12.0833 4.891E-01
12.1000 4.901E-01
12.1167 4.910E-01
12.1333 4.920E-01
12.1500 4.929E-01
12.1667 4.938E-01
12.1833 4.946E-01
12.2000 4.955E-01
12.2167 4.963E-01
12.2333 4.970E-01
12.2500 4.979E-01
12.2667 4.986E-01
12.2833 4.994E-01
12.3000 5.000E-01
12.3167 5.008E-01
12.3333 5.014E-01
12.3500 5.021E-01
12.3667 5.027E-01
12.3833 5.033E-01
12.4000 5.038E-01
12.4167 5.044E-01
12.4333 5.049E-01
12.4500 5.054E-01
12.4667 5.055E-01
12.4833 5.053E-01
12.5000 5.061E-01
12.5167 5.065E-01
12.5333 5.073E-01
12.5500 5.079E-01
12.5667 5.083E-01
12.5833 5.086E-01
12.6000 5.089E-01
12.6167 5.091E-01
12.6333 5.094E-01
12.6500 5.096E-01
12.6667 5.098E-01
12.6833 5.100E-01
12.7000 5.101E-01
12.7167 5.102E-01
12.7333 5.103E-01
12.7500 5.104E-01
12.7667 5.105E-01
12.7833 5.105E-01
12.8000 5.105E-01
12.8167 5.105E-01
12.8333 5.104E-01
12.8500 5.104E-01
12.8667 5.103E-01
12.8833 5.102E-01
12.9000 5.100E-01
12.9167 5.099E-01
12.9333 5.097E-01
12.9500 5.095E-01
12.9667 5.092E-01
12.9833 5.090E-01
13.0000 5.087E-01
13.0167 5.084E-01
13.0333 5.081E-01
13.0500 5.077E-01
13.0667 5.068E-01
13.0833 5.063E-01
13.1000 5.056E-01
13.1167 5.053E-01
13.1333 5.056E-01
13.1500 5.051E-01
13.1667 5.046E-01
13.1833 5.041E-01
13.2000 5.035E-01
13.2167 5.029E-01
13.2333 5.023E-01
13.2500 5.017E-01
13.2667 5.011E-01
13.2833 5.003E-01
13.3000 4.997E-01
13.3167 4.990E-01
13.3333 4.982E-01
13.3500 4.974E-01
13.3667 4.965E-01
13.3833 4.958E-01
13.4000 4.950E-01
13.4167 4.942E-01
13.4333 4.933E-01
13.4500 4.924E-01
13.4667 4.915E-01
13.4833 4.905E-01
13.5000 4.895E-01
13.5167 4.885E-01
13.5333 4.875E-01
13.5500 4.865E-01
13.5667 4.855E-01
13.5833 4.844E-01
13.6000 4.833E-01
13.6167 4.822E-01
13.6333 4.804E-01
13.6500 4.799E-01
13.6667 4.787E-01
13.6833 4.775E-01
13.7000 4.763E-01
13.7167 4.750E-01
13.7333 4.738E-01
13.7500 4.725E-01
13.7667 4.712E-01
13.7833 4.699E-01
13.8000 4.685E-01
13.8167 4.672E-01
13.8333 4.658E-01
13.8500 4.644E-01
13.8667 4.630E-01
13.8833 4.615E-01
13.9000 4.601E-01
13.9167 4.584E-01
13.9333 4.571E-01
13.9500 4.554E-01
13.9667 4.541E-01
13.9833 4.524E-01
14.0000 4.506E-01
14.0167 4.494E-01
14.0333 4.478E-01
14.0500 4.461E-01
14.0667 4.445E-01
14.0833 4.428E-01
14.1000 4.410E-01
14.1167 4.394E-01
14.1333 4.378E-01
14.1500 4.360E-01
14.1667 4.343E-01
14.1833 4.325E-01
14.2000 4.308E-01
14.2167 4.290E-01
14.2333 4.272E-01
14.2500 4.253E-01
14.2667 4.235E-01
14.2833 4.216E-01
14.3000 4.198E-01
14.3167 4.179E-01
14.3333 4.160E-01
14.3500 4.141E-01
14.3667 4.122E-01
14.3833 4.097E-01
14.4000 4.083E-01
14.4167 4.063E-01
14.4333 4.043E-01
14.4500 4.021E-01
14.4667 4.003E-01
14.4833 3.983E-01
14.5000 3.963E-01
14.5167 3.942E-01
14.5333 3.921E-01
14.5500 3.901E-01
14.5667 3.880E-01
14.5833 3.859E-01
14.6000 3.838E-01
14.6167 3.817E-01
14.6333 3.794E-01
14.6500 3.774E-01
14.6667 3.753E-01
14.6833 3.731E-01
14.7000 3.709E-01
14.7167 3.687E-01
14.7333 3.665E-01
14.7500 3.644E-01
14.7667 3.622E-01
14.7833 3.599E-01
14.8000 3.577E-01
14.8167 3.555E-01
14.8333 3.532E-01
14.8500 3.509E-01
14.8667 3.487E-01
14.8833 3.465E-01
14.9000 3.442E-01
14.9167 3.419E-01
14.9333 3.394E-01
14.9500 3.373E-01
14.9667 3.350E-01
14.9833 3.327E-01
