11.0000 3.699E-01
11.0167 3.721E-01
11.0333 3.742E-01
11.0500 3.764E-01
11.0667 3.785E-01
11.0833 3.804E-01
11.1000 3.827E-01
11.1167 3.848E-01
11.1333 3.869E-01
11.1500 3.889E-01
11.1667 3.910E-01
11.1833 3.927E-01
11.2000 3.950E-01
11.2167 3.966E-01
11.2333 3.990E-01
11.2500 4.010E-01
11.2667 4.030E-01
11.2833 4.049E-01
11.3000 4.069E-01
11.3167 4.088E-01
11.3333 4.105E-01
11.3500 4.126E-01
11.3667 4.140E-01
11.3833 4.163E-01
11.4000 4.182E-01
11.4167 4.201E-01
11.4333 4.219E-01
11.4500 4.237E-01
11.4667 4.255E-01
11.4833 4.272E-01
11.5000 4.289E-01
11.5167 4.307E-01
11.5333 4.324E-01
11.5500 4.341E-01
11.5667 4.358E-01
11.5833 4.375E-01
11.6000 4.387E-01
11.6167 4.408E-01
11.6333 4.424E-01
11.6500 4.440E-01
11.6667 4.455E-01
11.6833 4.471E-01
11.7000 4.486E-01
11.7167 4.502E-01
11.7333 4.517E-01
11.7500 4.531E-01
11.7667 4.546E-01
11.7833 4.560E-01
11.8000 4.575E-01
11.8167 4.589E-01
11.8333 4.602E-01
11.8500 4.616E-01
11.8667 4.626E-01
11.8833 4.643E-01
11.9000 4.656E-01
11.9167 4.669E-01
11.9333 4.681E-01
11.9500 4.692E-01
11.9667 4.706E-01
11.9833 4.718E-01
12.0000 4.730E-01
12.0167 4.741E-01
12.0333 4.752E-01
12.0500 4.764E-01
12.0667 4.775E-01
12.0833 4.785E-01
12.1000 4.796E-01
12.1167 4.806E-01
12.1333 4.816E-01
12.1500 4.826E-01
12.1667 4.835E-01
12.1833 4.840E-01
12.2000 4.854E-01
12.2167 4.863E-01
12.2333 4.871E-01
12.2500 4.880E-01
12.2667 4.888E-01
12.2833 4.896E-01
12.3000 4.904E-01
12.3167 4.911E-01
12.3333 4.919E-01
12.3500 4.925E-01
12.3667 4.932E-01
12.3833 4.937E-01
12.4000 4.942E-01
12.4167 4.952E-01
12.4333 4.958E-01
12.4500 4.963E-01
12.4667 4.969E-01
12.4833 4.974E-01
12.5000 4.979E-01
12.5167 4.984E-01
12.5333 4.988E-01
12.5500 4.992E-01
12.5667 4.996E-01
12.5833 5.000E-01
12.6000 5.003E-01
12.6167 5.007E-01
12.6333 5.010E-01
12.6500 5.013E-01
12.6667 5.015E-01
12.6833 5.017E-01
12.7000 5.020E-01
12.7167 5.021E-01
12.7333 5.023E-01
12.7500 5.024E-01
12.7667 5.025E-01
12.7833 5.026E-01
12.8000 5.027E-01
12.8167 5.027E-01
12.8333 5.027E-01
12.8500 5.027E-01
12.8667 5.027E-01
12.8833 5.026E-01
12.9000 5.026E-01
12.9167 5.024E-01
12.9333 5.023E-01
12.9500 5.021E-01
12.9667 5.020E-01
12.9833 5.017E-01
13.0000 5.015E-01
13.0167 5.013E-01
13.0333 5.010E-01
13.0500 5.007E-01
13.0667 5.004E-01
13.0833 5.000E-01
13.1000 4.996E-01
13.1167 4.992E-01
13.1333 4.988E-01
13.1500 4.984E-01
13.1667 4.979E-01
13.1833 4.974E-01
13.2000 4.969E-01
13.2167 4.963E-01
13.2333 4.958E-01
13.2500 4.952E-01
13.2667 4.942E-01
13.2833 4.937E-01
13.3000 4.932E-01
13.3167 4.925E-01
13.3333 4.919E-01
13.3500 4.912E-01
13.3667 4.904E-01
13.3833 4.896E-01
13.4000 4.888E-01
13.4167 4.880E-01
13.4333 4.872E-01
13.4500 4.863E-01
13.4667 4.854E-01
13.4833 4.841E-01
13.5000 4.836E-01
13.5167 4.826E-01
13.5333 4.816E-01
13.5500 4.806E-01
13.5667 4.796E-01
13.5833 4.786E-01
13.6000 4.775E-01
13.6167 4.764E-01
13.6333 4.753E-01
13.6500 4.742E-01
13.6667 4.730E-01
13.6833 4.718E-01
13.7000 4.706E-01
13.7167 4.693E-01
13.7333 4.682E-01
13.7500 4.669E-01
13.7667 4.656E-01
13.7833 4.643E-01
13.8000 4.626E-01
13.8167 4.617E-01
13.8333 4.603E-01
13.8500 4.589E-01
13.8667 4.575E-01
13.8833 4.561E-01
13.9000 4.546E-01
13.9167 4.532E-01
13.9333 4.517E-01
13.9500 4.502E-01
13.9667 4.487E-01
13.9833 4.472E-01
14.0000 4.456E-01
14.0167 4.440E-01
14.0333 4.424E-01
14.0500 4.408E-01
14.0667 4.388E-01
14.0833 4.375E-01
14.1000 4.359E-01
14.1167 4.342E-01
14.1333 4.325E-01
14.1500 4.308E-01
14.1667 4.290E-01
14.1833 4.273E-01
14.2000 4.255E-01
14.2167 4.237E-01
14.2333 4.219E-01
14.2500 4.201E-01
14.2667 4.183E-01
14.2833 4.164E-01
14.3000 4.140E-01
14.3167 4.126E-01
14.3333 4.105E-01
14.3500 4.089E-01
14.3667 4.070E-01
14.3833 4.050E-01
14.4000 4.031E-01
14.4167 4.011E-01
14.4333 3.991E-01
14.4500 3.966E-01
14.4667 3.951E-01
14.4833 3.928E-01
14.5000 3.911E-01
14.5167 3.890E-01
14.5333 3.869E-01
14.5500 3.849E-01
14.5667 3.828E-01
14.5833 3.805E-01
14.6000 3.786E-01
14.6167 3.764E-01
14.6333 3.743E-01
14.6500 3.722E-01
14.6667 3.700E-01
14.6833 3.678E-01
14.7000 3.657E-01
14.7167 3.635E-01
14.7333 3.613E-01
14.7500 3.591E-01
14.7667 3.568E-01
14.7833 3.546E-01
14.8000 3.524E-01
14.8167 3.501E-01
14.8333 3.479E-01
14.8500 3.456E-01
14.8667 3.433E-01
14.8833 3.411E-01
14.9000 3.388E-01
14.9167 3.365E-01
14.9333 3.342E-01
14.9500 3.319E-01
14.9667 3.296E-01
14.9833 3.272E-01
