11.0000 4.148E-01
11.0167 4.170E-01
11.0333 4.192E-01
11.0500 4.214E-01
11.0667 4.236E-01
11.0833 4.257E-01
11.1000 4.279E-01
11.1167 4.300E-01
11.1333 4.321E-01
11.1500 4.342E-01
11.1667 4.363E-01
11.1833 4.384E-01
11.2000 4.404E-01
11.2167 4.425E-01
11.2333 4.443E-01
11.2500 4.465E-01
11.2667 4.485E-01
11.2833 4.505E-01
11.3000 4.524E-01
11.3167 4.544E-01
11.3333 4.563E-01
11.3500 4.582E-01
11.3667 4.601E-01
11.3833 4.620E-01
11.4000 4.639E-01
11.4167 4.657E-01
11.4333 4.676E-01
11.4500 4.694E-01
11.4667 4.712E-01
11.4833 4.729E-01
11.5000 4.741E-01
11.5167 4.764E-01
11.5333 4.782E-01
11.5500 4.799E-01
11.5667 4.815E-01
11.5833 4.830E-01
11.6000 4.849E-01
11.6167 4.865E-01
11.6333 4.872E-01
11.6500 4.897E-01
11.6667 4.909E-01
11.6833 4.927E-01
11.7000 4.937E-01
11.7167 4.959E-01
11.7333 4.973E-01
11.7500 4.988E-01
11.7667 5.003E-01
11.7833 5.017E-01
11.8000 5.031E-01
11.8167 5.045E-01
11.8333 5.059E-01
11.8500 5.072E-01
11.8667 5.085E-01
11.8833 5.098E-01
11.9000 5.111E-01
11.9167 5.124E-01
11.9333 5.136E-01
11.9500 5.148E-01
11.9667 5.160E-01
11.9833 5.172E-01
12.0000 5.179E-01
12.0167 5.195E-01
12.0333 5.206E-01
12.0500 5.217E-01
12.0667 5.227E-01
12.0833 5.238E-01
12.1000 5.248E-01
12.1167 5.258E-01
12.1333 5.267E-01
12.1500 5.277E-01
12.1667 5.286E-01
12.1833 5.295E-01
12.2000 5.304E-01
12.2167 5.312E-01
12.2333 5.320E-01
12.2500 5.329E-01
12.2667 5.336E-01
12.2833 5.344E-01
12.3000 5.350E-01
12.3167 5.357E-01
12.3333 5.365E-01
12.3500 5.372E-01
12.3667 5.378E-01
12.3833 5.384E-01
12.4000 5.389E-01
12.4167 5.395E-01
12.4333 5.401E-01
12.4500 5.406E-01
12.4667 5.411E-01
12.4833 5.416E-01
12.5000 5.420E-01
12.5167 5.425E-01
12.5333 5.429E-01
12.5500 5.432E-01
12.5667 5.436E-01
12.5833 5.439E-01
12.6000 5.442E-01
12.6167 5.444E-01
12.6333 5.447E-01
12.6500 5.448E-01
12.6667 5.447E-01
12.6833 5.445E-01
12.7000 5.443E-01
12.7167 5.442E-01
12.7333 5.444E-01
12.7500 5.445E-01
12.7667 5.447E-01
12.7833 5.447E-01
12.8000 5.447E-01
12.8167 5.446E-01
12.8333 5.445E-01
12.8500 5.443E-01
12.8667 5.442E-01
12.8833 5.444E-01
12.9000 5.446E-01
12.9167 5.448E-01
12.9333 5.448E-01
12.9500 5.446E-01
12.9667 5.443E-01
12.9833 5.441E-01
13.0000 5.438E-01
13.0167 5.434E-01
13.0333 5.431E-01
13.0500 5.427E-01
13.0667 5.423E-01
13.0833 5.419E-01
13.1000 5.414E-01
13.1167 5.409E-01
13.1333 5.404E-01
13.1500 5.399E-01
13.1667 5.393E-01
13.1833 5.387E-01
13.2000 5.382E-01
13.2167 5.376E-01
13.2333 5.369E-01
13.2500 5.363E-01
13.2667 5.354E-01
13.2833 5.349E-01
13.3000 5.341E-01
13.3167 5.333E-01
13.3333 5.325E-01
13.3500 5.317E-01
13.3667 5.309E-01
13.3833 5.300E-01
13.4000 5.292E-01
13.4167 5.283E-01
13.4333 5.273E-01
13.4500 5.263E-01
13.4667 5.254E-01
13.4833 5.244E-01
13.5000 5.234E-01
13.5167 5.223E-01
13.5333 5.213E-01
13.5500 5.202E-01
13.5667 5.191E-01
13.5833 5.174E-01
13.6000 5.168E-01
13.6167 5.156E-01
13.6333 5.144E-01
13.6500 5.132E-01
13.6667 5.119E-01
13.6833 5.106E-01
13.7000 5.093E-01
13.7167 5.080E-01
13.7333 5.067E-01
13.7500 5.053E-01
13.7667 5.040E-01
13.7833 5.026E-01
13.8000 5.012E-01
13.8167 4.997E-01
13.8333 4.983E-01
13.8500 4.968E-01
13.8667 4.953E-01
13.8833 4.938E-01
13.9000 4.922E-01
13.9167 4.905E-01
13.9333 4.891E-01
13.9500 4.874E-01
13.9667 4.856E-01
13.9833 4.843E-01
14.0000 4.826E-01
14.0167 4.809E-01
14.0333 4.792E-01
14.0500 4.775E-01
14.0667 4.758E-01
14.0833 4.740E-01
14.1000 4.723E-01
14.1167 4.705E-01
14.1333 4.687E-01
14.1500 4.669E-01
14.1667 4.645E-01
14.1833 4.632E-01
14.2000 4.613E-01
14.2167 4.594E-01
14.2333 4.575E-01
14.2500 4.556E-01
14.2667 4.537E-01
14.2833 4.516E-01
14.3000 4.498E-01
14.3167 4.478E-01
14.3333 4.458E-01
14.3500 4.437E-01
14.3667 4.411E-01
14.3833 4.396E-01
14.4000 4.376E-01
14.4167 4.355E-01
14.4333 4.328E-01
14.4500 4.313E-01
14.4667 4.292E-01
14.4833 4.271E-01
14.5000 4.250E-01
14.5167 4.228E-01
14.5333 4.206E-01
14.5500 4.184E-01
14.5667 4.162E-01
14.5833 4.140E-01
14.6000 4.118E-01
14.6167 4.094E-01
14.6333 4.073E-01
14.6500 4.051E-01
14.6667 4.027E-01
14.6833 4.005E-01
14.7000 3.980E-01
14.7167 3.959E-01
14.7333 3.936E-01
14.7500 3.913E-01
14.7667 3.890E-01
14.7833 3.866E-01
14.8000 3.843E-01
14.8167 3.816E-01
14.8333 3.795E-01
14.8500 3.771E-01
14.8667 3.748E-01
14.8833 3.724E-01
14.9000 3.700E-01
14.9167 3.675E-01
14.9333 3.647E-01
14.9500 3.627E-01
14.9667 3.603E-01
14.9833 3.578E-01
