11.0000 3.062E-01
11.0167 3.083E-01
11.0333 3.102E-01
11.0500 3.121E-01
11.0667 3.140E-01
11.0833 3.158E-01
11.1000 3.177E-01
11.1167 3.195E-01
11.1333 3.214E-01
11.1500 3.232E-01
11.1667 3.250E-01
11.1833 3.268E-01
11.2000 3.286E-01
11.2167 3.304E-01
11.2333 3.321E-01
11.2500 3.339E-01
11.2667 3.356E-01
11.2833 3.374E-01
11.3000 3.391E-01
11.3167 3.408E-01
11.3333 3.425E-01
11.3500 3.440E-01
11.3667 3.458E-01
11.3833 3.475E-01
11.4000 3.491E-01
11.4167 3.508E-01
11.4333 3.524E-01
11.4500 3.540E-01
11.4667 3.554E-01
11.4833 3.571E-01
11.5000 3.587E-01
11.5167 3.603E-01
11.5333 3.618E-01
11.5500 3.633E-01
11.5667 3.648E-01
11.5833 3.663E-01
11.6000 3.678E-01
11.6167 3.692E-01
11.6333 3.707E-01
11.6500 3.721E-01
11.6667 3.735E-01
11.6833 3.749E-01
11.7000 3.763E-01
11.7167 3.776E-01
11.7333 3.790E-01
11.7500 3.803E-01
11.7667 3.816E-01
11.7833 3.829E-01
11.8000 3.842E-01
11.8167 3.854E-01
11.8333 3.867E-01
11.8500 3.879E-01
11.8667 3.891E-01
11.8833 3.903E-01
11.9000 3.915E-01
11.9167 3.926E-01
11.9333 3.938E-01
11.9500 3.949E-01
11.9667 3.960E-01
11.9833 3.971E-01
12.0000 3.981E-01
12.0167 3.992E-01
12.0333 4.002E-01
12.0500 4.012E-01
12.0667 4.020E-01
12.0833 4.032E-01
12.1000 4.041E-01
12.1167 4.050E-01
12.1333 4.060E-01
12.1500 4.069E-01
12.1667 4.077E-01
12.1833 4.086E-01
12.2000 4.094E-01
12.2167 4.102E-01
12.2333 4.108E-01
12.2500 4.118E-01
12.2667 4.126E-01
12.2833 4.133E-01
12.3000 4.140E-01
12.3167 4.147E-01
12.3333 4.154E-01
12.3500 4.160E-01
12.3667 4.167E-01
12.3833 4.173E-01
12.4000 4.177E-01
12.4167 4.183E-01
12.4333 4.190E-01
12.4500 4.195E-01
12.4667 4.199E-01
12.4833 4.203E-01
12.5000 4.210E-01
12.5167 4.213E-01
12.5333 4.217E-01
12.5500 4.215E-01
12.5667 4.225E-01
12.5833 4.230E-01
12.6000 4.233E-01
12.6167 4.237E-01
12.6333 4.240E-01
12.6500 4.242E-01
12.6667 4.244E-01
12.6833 4.243E-01
12.7000 4.244E-01
12.7167 4.249E-01
12.7333 4.252E-01
12.7500 4.254E-01
12.7667 4.255E-01
12.7833 4.256E-01
12.8000 4.257E-01
12.8167 4.258E-01
12.8333 4.258E-01
12.8500 4.259E-01
12.8667 4.259E-01
12.8833 4.258E-01
12.9000 4.258E-01
12.9167 4.257E-01
12.9333 4.256E-01
12.9500 4.255E-01
12.9667 4.254E-01
12.9833 4.251E-01
13.0000 4.248E-01
13.0167 4.244E-01
13.0333 4.243E-01
13.0500 4.244E-01
13.0667 4.242E-01
13.0833 4.239E-01
13.1000 4.236E-01
13.1167 4.233E-01
13.1333 4.229E-01
13.1500 4.223E-01
13.1667 4.216E-01
13.1833 4.216E-01
13.2000 4.213E-01
13.2167 4.209E-01
13.2333 4.201E-01
13.2500 4.199E-01
13.2667 4.194E-01
13.2833 4.189E-01
13.3000 4.181E-01
13.3167 4.177E-01
13.3333 4.172E-01
13.3500 4.165E-01
13.3667 4.159E-01
13.3833 4.153E-01
13.4000 4.146E-01
13.4167 4.139E-01
13.4333 4.132E-01
13.4500 4.124E-01
13.4667 4.117E-01
13.4833 4.105E-01
13.5000 4.099E-01
13.5167 4.093E-01
13.5333 4.084E-01
13.5500 4.076E-01
13.5667 4.067E-01
13.5833 4.058E-01
13.6000 4.049E-01
13.6167 4.039E-01
13.6333 4.030E-01
13.6500 4.020E-01
13.6667 4.010E-01
13.6833 4.000E-01
13.7000 3.990E-01
13.7167 3.979E-01
13.7333 3.969E-01
13.7500 3.958E-01
13.7667 3.947E-01
13.7833 3.936E-01
13.8000 3.924E-01
13.8167 3.913E-01
13.8333 3.901E-01
13.8500 3.889E-01
13.8667 3.877E-01
13.8833 3.865E-01
13.9000 3.852E-01
13.9167 3.839E-01
13.9333 3.826E-01
13.9500 3.814E-01
13.9667 3.801E-01
13.9833 3.787E-01
14.0000 3.774E-01
14.0167 3.760E-01
14.0333 3.746E-01
14.0500 3.732E-01
14.0667 3.718E-01
14.0833 3.704E-01
14.1000 3.690E-01
14.1167 3.675E-01
14.1333 3.660E-01
14.1500 3.645E-01
14.1667 3.630E-01
14.1833 3.615E-01
14.2000 3.600E-01
14.2167 3.584E-01
14.2333 3.569E-01
14.2500 3.548E-01
14.2667 3.533E-01
14.2833 3.521E-01
14.3000 3.503E-01
14.3167 3.488E-01
14.3333 3.472E-01
14.3500 3.454E-01
14.3667 3.438E-01
14.3833 3.420E-01
14.4000 3.405E-01
14.4167 3.388E-01
14.4333 3.371E-01
14.4500 3.353E-01
14.4667 3.336E-01
14.4833 3.318E-01
14.5000 3.301E-01
14.5167 3.283E-01
14.5333 3.265E-01
14.5500 3.247E-01
14.5667 3.229E-01
14.5833 3.211E-01
14.6000 3.192E-01
14.6167 3.172E-01
14.6333 3.155E-01
14.6500 3.137E-01
14.6667 3.118E-01
14.6833 3.099E-01
14.7000 3.080E-01
14.7167 3.061E-01
14.7333 3.042E-01
14.7500 3.023E-01
14.7667 3.003E-01
14.7833 2.982E-01
14.8000 2.964E-01
14.8167 2.945E-01
14.8333 2.926E-01
14.8500 2.906E-01
14.8667 2.886E-01
14.8833 2.867E-01
14.9000 2.847E-01
14.9167 2.827E-01
14.9333 2.807E-01
14.9500 2.786E-01
14.9667 2.767E-01
14.9833 2.747E-01
