11.0000 3.249E-01
11.0167 3.270E-01
11.0333 3.290E-01
11.0500 3.310E-01
11.0667 3.330E-01
11.0833 3.351E-01
11.1000 3.371E-01
11.1167 3.388E-01
11.1333 3.410E-01
11.1500 3.430E-01
11.1667 3.450E-01
11.1833 3.469E-01
11.2000 3.488E-01
11.2167 3.507E-01
11.2333 3.527E-01
11.2500 3.546E-01
11.2667 3.565E-01
11.2833 3.583E-01
11.3000 3.602E-01
11.3167 3.620E-01
11.3333 3.639E-01
11.3500 3.657E-01
11.3667 3.675E-01
11.3833 3.693E-01
11.4000 3.711E-01
11.4167 3.728E-01
11.4333 3.744E-01
11.4500 3.763E-01
11.4667 3.780E-01
11.4833 3.797E-01
11.5000 3.815E-01
11.5167 3.831E-01
11.5333 3.848E-01
11.5500 3.864E-01
11.5667 3.881E-01
11.5833 3.897E-01
11.6000 3.913E-01
11.6167 3.929E-01
11.6333 3.944E-01
11.6500 3.960E-01
11.6667 3.975E-01
11.6833 3.990E-01
11.7000 4.005E-01
11.7167 4.020E-01
11.7333 4.035E-01
11.7500 4.049E-01
11.7667 4.062E-01
11.7833 4.075E-01
11.8000 4.091E-01
11.8167 4.105E-01
11.8333 4.118E-01
11.8500 4.132E-01
11.8667 4.145E-01
11.8833 4.158E-01
11.9000 4.171E-01
11.9167 4.181E-01
11.9333 4.194E-01
11.9500 4.208E-01
11.9667 4.220E-01
11.9833 4.232E-01
12.0000 4.244E-01
12.0167 4.255E-01
12.0333 4.267E-01
12.0500 4.278E-01
12.0667 4.289E-01
12.0833 4.299E-01
12.1000 4.310E-01
12.1167 4.314E-01
12.1333 4.330E-01
12.1500 4.340E-01
12.1667 4.349E-01
12.1833 4.359E-01
12.2000 4.368E-01
12.2167 4.377E-01
12.2333 4.386E-01
12.2500 4.394E-01
12.2667 4.403E-01
12.2833 4.411E-01
12.3000 4.419E-01
12.3167 4.426E-01
12.3333 4.434E-01
12.3500 4.438E-01
12.3667 4.448E-01
12.3833 4.455E-01
12.4000 4.462E-01
12.4167 4.468E-01
12.4333 4.474E-01
12.4500 4.480E-01
12.4667 4.486E-01
12.4833 4.491E-01
12.5000 4.496E-01
12.5167 4.502E-01
12.5333 4.507E-01
12.5500 4.511E-01
12.5667 4.516E-01
12.5833 4.520E-01
12.6000 4.518E-01
12.6167 4.525E-01
12.6333 4.531E-01
12.6500 4.534E-01
12.6667 4.537E-01
12.6833 4.540E-01
12.7000 4.542E-01
12.7167 4.545E-01
12.7333 4.547E-01
12.7500 4.549E-01
12.7667 4.551E-01
12.7833 4.551E-01
12.8000 4.551E-01
12.8167 4.552E-01
12.8333 4.552E-01
12.8500 4.552E-01
12.8667 4.552E-01
12.8833 4.552E-01
12.9000 4.552E-01
12.9167 4.552E-01
12.9333 4.552E-01
12.9500 4.552E-01
12.9667 4.551E-01
12.9833 4.551E-01
13.0000 4.549E-01
13.0167 4.548E-01
13.0333 4.546E-01
13.0500 4.543E-01
13.0667 4.541E-01
13.0833 4.538E-01
13.1000 4.535E-01
13.1167 4.532E-01
13.1333 4.527E-01
13.1500 4.518E-01
13.1667 4.520E-01
13.1833 4.517E-01
13.2000 4.513E-01
13.2167 4.508E-01
13.2333 4.503E-01
13.2500 4.498E-01
13.2667 4.493E-01
13.2833 4.488E-01
13.3000 4.482E-01
13.3167 4.476E-01
13.3333 4.470E-01
13.3500 4.464E-01
13.3667 4.457E-01
13.3833 4.450E-01
13.4000 4.442E-01
13.4167 4.434E-01
13.4333 4.429E-01
13.4500 4.421E-01
13.4667 4.413E-01
13.4833 4.405E-01
13.5000 4.397E-01
13.5167 4.388E-01
13.5333 4.379E-01
13.5500 4.371E-01
13.5667 4.362E-01
13.5833 4.352E-01
13.6000 4.343E-01
13.6167 4.333E-01
13.6333 4.320E-01
13.6500 4.313E-01
13.6667 4.302E-01
13.6833 4.292E-01
13.7000 4.281E-01
13.7167 4.270E-01
13.7333 4.259E-01
13.7500 4.247E-01
13.7667 4.236E-01
13.7833 4.224E-01
13.8000 4.212E-01
13.8167 4.193E-01
13.8333 4.187E-01
13.8500 4.175E-01
13.8667 4.162E-01
13.8833 4.149E-01
13.9000 4.136E-01
13.9167 4.122E-01
13.9333 4.109E-01
13.9500 4.095E-01
13.9667 4.076E-01
13.9833 4.067E-01
14.0000 4.053E-01
14.0167 4.039E-01
14.0333 4.024E-01
14.0500 4.010E-01
14.0667 3.995E-01
14.0833 3.979E-01
14.1000 3.964E-01
14.1167 3.949E-01
14.1333 3.933E-01
14.1500 3.917E-01
14.1667 3.901E-01
14.1833 3.885E-01
14.2000 3.866E-01
14.2167 3.853E-01
14.2333 3.836E-01
14.2500 3.819E-01
14.2667 3.803E-01
14.2833 3.785E-01
14.3000 3.768E-01
14.3167 3.751E-01
14.3333 3.733E-01
14.3500 3.716E-01
14.3667 3.698E-01
14.3833 3.680E-01
14.4000 3.662E-01
14.4167 3.644E-01
14.4333 3.626E-01
14.4500 3.607E-01
14.4667 3.589E-01
14.4833 3.570E-01
14.5000 3.547E-01
14.5167 3.532E-01
14.5333 3.513E-01
14.5500 3.493E-01
14.5667 3.475E-01
14.5833 3.455E-01
14.6000 3.436E-01
14.6167 3.416E-01
14.6333 3.396E-01
14.6500 3.377E-01
14.6667 3.356E-01
14.6833 3.337E-01
14.7000 3.316E-01
14.7167 3.296E-01
14.7333 3.276E-01
14.7500 3.255E-01
14.7667 3.235E-01
14.7833 3.214E-01
14.8000 3.193E-01
14.8167 3.172E-01
14.8333 3.152E-01
14.8500 3.131E-01
14.8667 3.110E-01
14.8833 3.088E-01
14.9000 3.067E-01
14.9167 3.046E-01
14.9333 3.025E-01
14.9500 3.000E-01
14.9667 2.980E-01
14.9833 2.960E-01
