11.0000 5.246E-01
11.0167 5.271E-01
11.0333 5.297E-01
11.0500 5.322E-01
11.0667 5.347E-01
11.0833 5.371E-01
11.1000 5.396E-01
11.1167 5.419E-01
11.1333 5.445E-01
11.1500 5.469E-01
11.1667 5.493E-01
11.1833 5.517E-01
11.2000 5.541E-01
11.2167 5.564E-01
11.2333 5.587E-01
11.2500 5.611E-01
11.2667 5.634E-01
11.2833 5.656E-01
11.3000 5.677E-01
11.3167 5.701E-01
11.3333 5.723E-01
11.3500 5.745E-01
11.3667 5.767E-01
11.3833 5.785E-01
11.4000 5.810E-01
11.4167 5.831E-01
11.4333 5.852E-01
11.4500 5.873E-01
11.4667 5.893E-01
11.4833 5.914E-01
11.5000 5.933E-01
11.5167 5.942E-01
11.5333 5.974E-01
11.5500 5.990E-01
11.5667 6.012E-01
11.5833 6.024E-01
11.6000 6.050E-01
11.6167 6.069E-01
11.6333 6.087E-01
11.6500 6.106E-01
11.6667 6.124E-01
11.6833 6.141E-01
11.7000 6.158E-01
11.7167 6.176E-01
11.7333 6.193E-01
11.7500 6.210E-01
11.7667 6.226E-01
11.7833 6.243E-01
11.8000 6.259E-01
11.8167 6.275E-01
11.8333 6.290E-01
11.8500 6.305E-01
11.8667 6.313E-01
11.8833 6.335E-01
11.9000 6.350E-01
11.9167 6.364E-01
11.9333 6.379E-01
11.9500 6.392E-01
11.9667 6.406E-01
11.9833 6.419E-01
12.0000 6.432E-01
12.0167 6.445E-01
12.0333 6.458E-01
12.0500 6.470E-01
12.0667 6.482E-01
12.0833 6.494E-01
12.1000 6.506E-01
12.1167 6.517E-01
12.1333 6.528E-01
12.1500 6.536E-01
12.1667 6.549E-01
12.1833 6.559E-01
12.2000 6.569E-01
12.2167 6.579E-01
12.2333 6.587E-01
12.2500 6.598E-01
12.2667 6.606E-01
12.2833 6.615E-01
12.3000 6.623E-01
12.3167 6.631E-01
12.3333 6.639E-01
12.3500 6.647E-01
12.3667 6.648E-01
12.3833 6.648E-01
12.4000 6.665E-01
12.4167 6.664E-01
12.4333 6.677E-01
12.4500 6.686E-01
12.4667 6.692E-01
12.4833 6.697E-01
12.5000 6.702E-01
12.5167 6.707E-01
12.5333 6.711E-01
12.5500 6.715E-01
12.5667 6.719E-01
12.5833 6.723E-01
12.6000 6.726E-01
12.6167 6.729E-01
12.6333 6.732E-01
12.6500 6.734E-01
12.6667 6.737E-01
12.6833 6.739E-01
12.7000 6.740E-01
12.7167 6.742E-01
12.7333 6.743E-01
12.7500 6.743E-01
12.7667 6.744E-01
12.7833 6.744E-01
12.8000 6.744E-01
12.8167 6.744E-01
12.8333 6.743E-01
12.8500 6.742E-01
12.8667 6.741E-01
12.8833 6.740E-01
12.9000 6.738E-01
12.9167 6.736E-01
12.9333 6.734E-01
12.9500 6.731E-01
12.9667 6.728E-01
12.9833 6.725E-01
13.0000 6.722E-01
13.0167 6.718E-01
13.0333 6.714E-01
13.0500 6.709E-01
13.0667 6.705E-01
13.0833 6.700E-01
13.1000 6.695E-01
13.1167 6.689E-01
13.1333 6.684E-01
13.1500 6.671E-01
13.1667 6.664E-01
13.1833 6.660E-01
13.2000 6.644E-01
13.2167 6.651E-01
13.2333 6.644E-01
13.2500 6.636E-01
13.2667 6.628E-01
13.2833 6.620E-01
13.3000 6.612E-01
13.3167 6.603E-01
13.3333 6.594E-01
13.3500 6.584E-01
13.3667 6.575E-01
13.3833 6.566E-01
13.4000 6.556E-01
13.4167 6.543E-01
13.4333 6.534E-01
13.4500 6.524E-01
13.4667 6.513E-01
13.4833 6.501E-01
13.5000 6.490E-01
13.5167 6.478E-01
13.5333 6.465E-01
13.5500 6.453E-01
13.5667 6.440E-01
13.5833 6.427E-01
13.6000 6.414E-01
13.6167 6.401E-01
13.6333 6.387E-01
13.6500 6.373E-01
13.6667 6.359E-01
13.6833 6.345E-01
13.7000 6.330E-01
13.7167 6.314E-01
13.7333 6.300E-01
13.7500 6.284E-01
13.7667 6.269E-01
13.7833 6.253E-01
13.8000 6.237E-01
13.8167 6.220E-01
13.8333 6.204E-01
13.8500 6.187E-01
13.8667 6.170E-01
13.8833 6.152E-01
13.9000 6.135E-01
13.9167 6.117E-01
13.9333 6.099E-01
13.9500 6.080E-01
13.9667 6.062E-01
13.9833 6.043E-01
14.0000 6.024E-01
14.0167 6.005E-01
14.0333 5.983E-01
14.0500 5.966E-01
14.0667 5.946E-01
14.0833 5.924E-01
14.1000 5.904E-01
14.1167 5.886E-01
14.1333 5.865E-01
14.1500 5.844E-01
14.1667 5.823E-01
14.1833 5.802E-01
14.2000 5.781E-01
14.2167 5.759E-01
14.2333 5.737E-01
14.2500 5.715E-01
14.2667 5.693E-01
14.2833 5.667E-01
14.3000 5.648E-01
14.3167 5.625E-01
14.3333 5.602E-01
14.3500 5.579E-01
14.3667 5.555E-01
14.3833 5.532E-01
14.4000 5.508E-01
14.4167 5.484E-01
14.4333 5.460E-01
14.4500 5.436E-01
14.4667 5.412E-01
14.4833 5.380E-01
14.5000 5.362E-01
14.5167 5.338E-01
14.5333 5.312E-01
14.5500 5.287E-01
14.5667 5.262E-01
14.5833 5.236E-01
14.6000 5.211E-01
14.6167 5.185E-01
14.6333 5.159E-01
14.6500 5.133E-01
14.6667 5.107E-01
14.6833 5.080E-01
14.7000 5.054E-01
14.7167 5.027E-01
14.7333 5.000E-01
14.7500 4.968E-01
14.7667 4.946E-01
14.7833 4.917E-01
14.8000 4.892E-01
14.8167 4.865E-01
14.8333 4.837E-01
14.8500 4.805E-01
14.8667 4.782E-01
14.8833 4.754E-01
14.9000 4.726E-01
14.9167 4.698E-01
14.9333 4.670E-01
14.9500 4.641E-01
14.9667 4.613E-01
14.9833 4.585E-01
