11.0000 4.657E-01
11.0167 4.680E-01
11.0333 4.703E-01
11.0500 4.726E-01
11.0667 4.749E-01
11.0833 4.771E-01
11.1000 4.794E-01
11.1167 4.816E-01
11.1333 4.832E-01
11.1500 4.860E-01
11.1667 4.882E-01
11.1833 4.904E-01
11.2000 4.924E-01
11.2167 4.947E-01
11.2333 4.968E-01
11.2500 4.989E-01
11.2667 5.010E-01
11.2833 5.028E-01
11.3000 5.048E-01
11.3167 5.067E-01
11.3333 5.092E-01
11.3500 5.111E-01
11.3667 5.132E-01
11.3833 5.152E-01
11.4000 5.171E-01
11.4167 5.191E-01
11.4333 5.210E-01
11.4500 5.229E-01
11.4667 5.247E-01
11.4833 5.266E-01
11.5000 5.284E-01
11.5167 5.303E-01
11.5333 5.321E-01
11.5500 5.338E-01
11.5667 5.356E-01
11.5833 5.373E-01
11.6000 5.386E-01
11.6167 5.408E-01
11.6333 5.424E-01
11.6500 5.441E-01
11.6667 5.457E-01
11.6833 5.473E-01
11.7000 5.489E-01
11.7167 5.505E-01
11.7333 5.521E-01
11.7500 5.536E-01
11.7667 5.551E-01
11.7833 5.565E-01
11.8000 5.581E-01
11.8167 5.595E-01
11.8333 5.608E-01
11.8500 5.623E-01
11.8667 5.637E-01
11.8833 5.651E-01
11.9000 5.664E-01
11.9167 5.668E-01
11.9333 5.688E-01
11.9500 5.702E-01
11.9667 5.715E-01
11.9833 5.727E-01
12.0000 5.739E-01
12.0167 5.751E-01
12.0333 5.762E-01
12.0500 5.773E-01
12.0667 5.784E-01
12.0833 5.795E-01
12.1000 5.806E-01
12.1167 5.816E-01
12.1333 5.826E-01
12.1500 5.836E-01
12.1667 5.845E-01
12.1833 5.854E-01
12.2000 5.863E-01
12.2167 5.872E-01
12.2333 5.881E-01
12.2500 5.889E-01
12.2667 5.897E-01
12.2833 5.905E-01
12.3000 5.913E-01
12.3167 5.920E-01
12.3333 5.927E-01
12.3500 5.934E-01
12.3667 5.940E-01
12.3833 5.947E-01
12.4000 5.953E-01
12.4167 5.958E-01
12.4333 5.964E-01
12.4500 5.969E-01
12.4667 5.974E-01
12.4833 5.979E-01
12.5000 5.983E-01
12.5167 5.986E-01
12.5333 5.990E-01
12.5500 5.995E-01
12.5667 5.999E-01
12.5833 5.998E-01
12.6000 5.997E-01
12.6167 5.999E-01
12.6333 6.005E-01
12.6500 6.010E-01
12.6667 6.014E-01
12.6833 6.016E-01
12.7000 6.017E-01
12.7167 6.019E-01
12.7333 6.020E-01
12.7500 6.020E-01
12.7667 6.021E-01
12.7833 6.021E-01
12.8000 6.021E-01
12.8167 6.020E-01
12.8333 6.019E-01
12.8500 6.019E-01
12.8667 6.017E-01
12.8833 6.016E-01
12.9000 6.014E-01
12.9167 6.009E-01
12.9333 6.004E-01
12.9500 5.998E-01
12.9667 5.997E-01
12.9833 5.999E-01
13.0000 5.999E-01
13.0167 5.994E-01
13.0333 5.989E-01
13.0500 5.985E-01
13.0667 5.983E-01
13.0833 5.978E-01
13.1000 5.974E-01
13.1167 5.969E-01
13.1333 5.963E-01
13.1500 5.958E-01
13.1667 5.952E-01
13.1833 5.946E-01
13.2000 5.939E-01
13.2167 5.933E-01
13.2333 5.926E-01
13.2500 5.919E-01
13.2667 5.912E-01
13.2833 5.904E-01
13.3000 5.896E-01
13.3167 5.888E-01
13.3333 5.880E-01
13.3500 5.871E-01
13.3667 5.862E-01
13.3833 5.853E-01
13.4000 5.844E-01
13.4167 5.834E-01
13.4333 5.824E-01
13.4500 5.814E-01
13.4667 5.804E-01
13.4833 5.794E-01
13.5000 5.783E-01
13.5167 5.772E-01
13.5333 5.760E-01
13.5500 5.749E-01
13.5667 5.737E-01
13.5833 5.725E-01
13.6000 5.713E-01
13.6167 5.701E-01
13.6333 5.683E-01
13.6500 5.662E-01
13.6667 5.662E-01
13.6833 5.649E-01
13.7000 5.635E-01
13.7167 5.621E-01
13.7333 5.606E-01
13.7500 5.593E-01
13.7667 5.579E-01
13.7833 5.564E-01
13.8000 5.549E-01
13.8167 5.534E-01
13.8333 5.519E-01
13.8500 5.503E-01
13.8667 5.487E-01
13.8833 5.471E-01
13.9000 5.455E-01
13.9167 5.439E-01
13.9333 5.422E-01
13.9500 5.405E-01
13.9667 5.380E-01
13.9833 5.371E-01
14.0000 5.353E-01
14.0167 5.336E-01
14.0333 5.318E-01
14.0500 5.300E-01
14.0667 5.282E-01
14.0833 5.263E-01
14.1000 5.245E-01
14.1167 5.226E-01
14.1333 5.207E-01
14.1500 5.188E-01
14.1667 5.168E-01
14.1833 5.149E-01
14.2000 5.129E-01
14.2167 5.106E-01
14.2333 5.089E-01
14.2500 5.068E-01
14.2667 5.047E-01
14.2833 5.024E-01
14.3000 5.007E-01
14.3167 4.986E-01
14.3333 4.965E-01
14.3500 4.944E-01
14.3667 4.921E-01
14.3833 4.901E-01
14.4000 4.879E-01
14.4167 4.857E-01
14.4333 4.831E-01
14.4500 4.813E-01
14.4667 4.791E-01
14.4833 4.768E-01
14.5000 4.746E-01
14.5167 4.723E-01
14.5333 4.700E-01
14.5500 4.677E-01
14.5667 4.654E-01
14.5833 4.630E-01
14.6000 4.607E-01
14.6167 4.583E-01
14.6333 4.559E-01
14.6500 4.536E-01
14.6667 4.512E-01
14.6833 4.487E-01
14.7000 4.463E-01
14.7167 4.439E-01
14.7333 4.414E-01
14.7500 4.389E-01
14.7667 4.365E-01
14.7833 4.340E-01
14.8000 4.315E-01
14.8167 4.290E-01
14.8333 4.260E-01
14.8500 4.240E-01
14.8667 4.215E-01
14.8833 4.189E-01
14.9000 4.163E-01
14.9167 4.137E-01
14.9333 4.112E-01
14.9500 4.087E-01
14.9667 4.061E-01
14.9833 4.035E-01
