11.0000 5.098E-01
11.0167 5.123E-01
11.0333 5.148E-01
11.0500 5.172E-01
11.0667 5.197E-01
11.0833 5.220E-01
11.1000 5.244E-01
11.1167 5.269E-01
11.1333 5.293E-01
11.1500 5.317E-01
11.1667 5.337E-01
11.1833 5.362E-01
11.2000 5.376E-01
11.2167 5.410E-01
11.2333 5.433E-01
11.2500 5.450E-01
11.2667 5.478E-01
11.2833 5.501E-01
11.3000 5.523E-01
11.3167 5.545E-01
11.3333 5.567E-01
11.3500 5.588E-01
11.3667 5.610E-01
11.3833 5.631E-01
11.4000 5.652E-01
11.4167 5.673E-01
11.4333 5.694E-01
11.4500 5.712E-01
11.4667 5.735E-01
11.4833 5.755E-01
11.5000 5.775E-01
11.5167 5.795E-01
11.5333 5.814E-01
11.5500 5.834E-01
11.5667 5.853E-01
11.5833 5.872E-01
11.6000 5.891E-01
11.6167 5.908E-01
11.6333 5.928E-01
11.6500 5.946E-01
11.6667 5.964E-01
11.6833 5.981E-01
11.7000 5.999E-01
11.7167 6.015E-01
11.7333 6.026E-01
11.7500 6.050E-01
11.7667 6.067E-01
11.7833 6.083E-01
11.8000 6.099E-01
11.8167 6.115E-01
11.8333 6.131E-01
11.8500 6.146E-01
11.8667 6.162E-01
11.8833 6.177E-01
11.9000 6.192E-01
11.9167 6.206E-01
11.9333 6.220E-01
11.9500 6.235E-01
11.9667 6.248E-01
11.9833 6.262E-01
12.0000 6.275E-01
12.0167 6.289E-01
12.0333 6.301E-01
12.0500 6.314E-01
12.0667 6.327E-01
12.0833 6.339E-01
12.1000 6.350E-01
12.1167 6.361E-01
12.1333 6.367E-01
12.1500 6.385E-01
12.1667 6.396E-01
12.1833 6.407E-01
12.2000 6.415E-01
12.2167 6.422E-01
12.2333 6.437E-01
12.2500 6.447E-01
12.2667 6.456E-01
12.2833 6.465E-01
12.3000 6.474E-01
12.3167 6.483E-01
12.3333 6.491E-01
12.3500 6.499E-01
12.3667 6.507E-01
12.3833 6.511E-01
12.4000 6.514E-01
12.4167 6.523E-01
12.4333 6.530E-01
12.4500 6.542E-01
12.4667 6.549E-01
12.4833 6.555E-01
12.5000 6.561E-01
12.5167 6.566E-01
12.5333 6.572E-01
12.5500 6.577E-01
12.5667 6.581E-01
12.5833 6.586E-01
12.6000 6.589E-01
12.6167 6.593E-01
12.6333 6.596E-01
12.6500 6.598E-01
12.6667 6.601E-01
12.6833 6.604E-01
12.7000 6.608E-01
12.7167 6.611E-01
12.7333 6.614E-01
12.7500 6.616E-01
12.7667 6.617E-01
12.7833 6.618E-01
12.8000 6.619E-01
12.8167 6.620E-01
12.8333 6.620E-01
12.8500 6.621E-01
12.8667 6.620E-01
12.8833 6.620E-01
12.9000 6.619E-01
12.9167 6.618E-01
12.9333 6.617E-01
12.9500 6.616E-01
12.9667 6.614E-01
12.9833 6.612E-01
13.0000 6.608E-01
13.0167 6.605E-01
13.0333 6.601E-01
13.0500 6.598E-01
13.0667 6.596E-01
13.0833 6.593E-01
13.1000 6.590E-01
13.1167 6.586E-01
13.1333 6.582E-01
13.1500 6.577E-01
13.1667 6.572E-01
13.1833 6.567E-01
13.2000 6.562E-01
13.2167 6.556E-01
13.2333 6.550E-01
13.2500 6.543E-01
13.2667 6.532E-01
13.2833 6.524E-01
13.3000 6.514E-01
13.3167 6.512E-01
13.3333 6.508E-01
13.3500 6.500E-01
13.3667 6.492E-01
13.3833 6.484E-01
13.4000 6.475E-01
13.4167 6.466E-01
13.4333 6.457E-01
13.4500 6.448E-01
13.4667 6.438E-01
13.4833 6.424E-01
13.5000 6.415E-01
13.5167 6.408E-01
13.5333 6.397E-01
13.5500 6.386E-01
13.5667 6.366E-01
13.5833 6.363E-01
13.6000 6.351E-01
13.6167 6.340E-01
13.6333 6.328E-01
13.6500 6.316E-01
13.6667 6.303E-01
13.6833 6.290E-01
13.7000 6.277E-01
13.7167 6.264E-01
13.7333 6.250E-01
13.7500 6.236E-01
13.7667 6.222E-01
13.7833 6.208E-01
13.8000 6.193E-01
13.8167 6.178E-01
13.8333 6.164E-01
13.8500 6.148E-01
13.8667 6.133E-01
13.8833 6.117E-01
13.9000 6.101E-01
13.9167 6.085E-01
13.9333 6.069E-01
13.9500 6.052E-01
13.9667 6.026E-01
13.9833 6.014E-01
14.0000 6.001E-01
14.0167 5.984E-01
14.0333 5.966E-01
14.0500 5.948E-01
14.0667 5.930E-01
14.0833 5.910E-01
14.1000 5.893E-01
14.1167 5.874E-01
14.1333 5.855E-01
14.1500 5.836E-01
14.1667 5.817E-01
14.1833 5.797E-01
14.2000 5.777E-01
14.2167 5.758E-01
14.2333 5.737E-01
14.2500 5.711E-01
14.2667 5.696E-01
14.2833 5.676E-01
14.3000 5.655E-01
14.3167 5.634E-01
14.3333 5.613E-01
14.3500 5.591E-01
14.3667 5.569E-01
14.3833 5.548E-01
14.4000 5.526E-01
14.4167 5.503E-01
14.4333 5.481E-01
14.4500 5.451E-01
14.4667 5.435E-01
14.4833 5.412E-01
14.5000 5.384E-01
14.5167 5.366E-01
14.5333 5.342E-01
14.5500 5.320E-01
14.5667 5.296E-01
14.5833 5.272E-01
14.6000 5.248E-01
14.6167 5.222E-01
14.6333 5.200E-01
14.6500 5.176E-01
14.6667 5.151E-01
14.6833 5.126E-01
14.7000 5.101E-01
14.7167 5.076E-01
14.7333 5.051E-01
14.7500 5.026E-01
14.7667 5.001E-01
14.7833 4.974E-01
14.8000 4.949E-01
14.8167 4.924E-01
14.8333 4.898E-01
14.8500 4.869E-01
14.8667 4.845E-01
14.8833 4.819E-01
14.9000 4.793E-01
14.9167 4.766E-01
14.9333 4.740E-01
14.9500 4.713E-01
14.9667 4.686E-01
14.9833 4.659E-01
