11.0000 5.373E-01
11.0167 5.398E-01
11.0333 5.424E-01
11.0500 5.450E-01
11.0667 5.475E-01
11.0833 5.501E-01
11.1000 5.526E-01
11.1167 5.551E-01
11.1333 5.575E-01
11.1500 5.600E-01
11.1667 5.624E-01
11.1833 5.648E-01
11.2000 5.672E-01
11.2167 5.696E-01
11.2333 5.720E-01
11.2500 5.743E-01
11.2667 5.767E-01
11.2833 5.790E-01
11.3000 5.813E-01
11.3167 5.836E-01
11.3333 5.859E-01
11.3500 5.881E-01
11.3667 5.903E-01
11.3833 5.922E-01
11.4000 5.946E-01
11.4167 5.968E-01
11.4333 5.990E-01
11.4500 6.011E-01
11.4667 6.032E-01
11.4833 6.053E-01
11.5000 6.074E-01
11.5167 6.094E-01
11.5333 6.114E-01
11.5500 6.134E-01
11.5667 6.154E-01
11.5833 6.173E-01
11.6000 6.193E-01
11.6167 6.212E-01
11.6333 6.231E-01
11.6500 6.249E-01
11.6667 6.268E-01
11.6833 6.278E-01
11.7000 6.304E-01
11.7167 6.322E-01
11.7333 6.339E-01
11.7500 6.356E-01
11.7667 6.373E-01
11.7833 6.390E-01
11.8000 6.407E-01
11.8167 6.423E-01
11.8333 6.439E-01
11.8500 6.455E-01
11.8667 6.470E-01
11.8833 6.486E-01
11.9000 6.498E-01
11.9167 6.516E-01
11.9333 6.530E-01
11.9500 6.544E-01
11.9667 6.559E-01
11.9833 6.573E-01
12.0000 6.586E-01
12.0167 6.600E-01
12.0333 6.612E-01
12.0500 6.618E-01
12.0667 6.630E-01
12.0833 6.650E-01
12.1000 6.662E-01
12.1167 6.674E-01
12.1333 6.686E-01
12.1500 6.697E-01
12.1667 6.708E-01
12.1833 6.719E-01
12.2000 6.729E-01
12.2167 6.739E-01
12.2333 6.749E-01
12.2500 6.759E-01
12.2667 6.768E-01
12.2833 6.777E-01
12.3000 6.786E-01
12.3167 6.795E-01
12.3333 6.803E-01
12.3500 6.811E-01
12.3667 6.819E-01
12.3833 6.827E-01
12.4000 6.834E-01
12.4167 6.841E-01
12.4333 6.847E-01
12.4500 6.854E-01
12.4667 6.860E-01
12.4833 6.866E-01
12.5000 6.871E-01
12.5167 6.877E-01
12.5333 6.882E-01
12.5500 6.886E-01
12.5667 6.891E-01
12.5833 6.895E-01
12.6000 6.899E-01
12.6167 6.902E-01
12.6333 6.906E-01
12.6500 6.909E-01
12.6667 6.912E-01
12.6833 6.914E-01
12.7000 6.916E-01
12.7167 6.918E-01
12.7333 6.920E-01
12.7500 6.921E-01
12.7667 6.922E-01
12.7833 6.923E-01
12.8000 6.923E-01
12.8167 6.924E-01
12.8333 6.924E-01
12.8500 6.923E-01
12.8667 6.923E-01
12.8833 6.922E-01
12.9000 6.920E-01
12.9167 6.919E-01
12.9333 6.917E-01
12.9500 6.915E-01
12.9667 6.913E-01
12.9833 6.910E-01
13.0000 6.907E-01
13.0167 6.904E-01
13.0333 6.901E-01
13.0500 6.897E-01
13.0667 6.893E-01
13.0833 6.889E-01
13.1000 6.884E-01
13.1167 6.879E-01
13.1333 6.874E-01
13.1500 6.869E-01
13.1667 6.863E-01
13.1833 6.857E-01
13.2000 6.851E-01
13.2167 6.844E-01
13.2333 6.837E-01
13.2500 6.830E-01
13.2667 6.823E-01
13.2833 6.815E-01
13.3000 6.807E-01
13.3167 6.799E-01
13.3333 6.791E-01
13.3500 6.782E-01
13.3667 6.773E-01
13.3833 6.764E-01
13.4000 6.754E-01
13.4167 6.744E-01
13.4333 6.734E-01
13.4500 6.724E-01
13.4667 6.713E-01
13.4833 6.703E-01
13.5000 6.691E-01
13.5167 6.680E-01
13.5333 6.668E-01
13.5500 6.656E-01
13.5667 6.644E-01
13.5833 6.626E-01
13.6000 6.606E-01
13.6167 6.606E-01
13.6333 6.593E-01
13.6500 6.579E-01
13.6667 6.566E-01
13.6833 6.551E-01
13.7000 6.538E-01
13.7167 6.523E-01
13.7333 6.507E-01
13.7500 6.493E-01
13.7667 6.478E-01
13.7833 6.463E-01
13.8000 6.447E-01
13.8167 6.431E-01
13.8333 6.415E-01
13.8500 6.398E-01
13.8667 6.382E-01
13.8833 6.365E-01
13.9000 6.348E-01
13.9167 6.330E-01
13.9333 6.313E-01
13.9500 6.295E-01
13.9667 6.277E-01
13.9833 6.259E-01
14.0000 6.240E-01
14.0167 6.221E-01
14.0333 6.202E-01
14.0500 6.183E-01
14.0667 6.164E-01
14.0833 6.144E-01
14.1000 6.124E-01
14.1167 6.104E-01
14.1333 6.084E-01
14.1500 6.063E-01
14.1667 6.043E-01
14.1833 6.022E-01
14.2000 5.995E-01
14.2167 5.979E-01
14.2333 5.954E-01
14.2500 5.936E-01
14.2667 5.913E-01
14.2833 5.890E-01
14.3000 5.866E-01
14.3167 5.847E-01
14.3333 5.825E-01
14.3500 5.802E-01
14.3667 5.779E-01
14.3833 5.752E-01
14.4000 5.732E-01
14.4167 5.709E-01
14.4333 5.685E-01
14.4500 5.661E-01
14.4667 5.634E-01
14.4833 5.612E-01
14.5000 5.588E-01
14.5167 5.563E-01
14.5333 5.538E-01
14.5500 5.513E-01
14.5667 5.488E-01
14.5833 5.463E-01
14.6000 5.438E-01
14.6167 5.412E-01
14.6333 5.386E-01
14.6500 5.359E-01
14.6667 5.334E-01
14.6833 5.308E-01
14.7000 5.282E-01
14.7167 5.252E-01
14.7333 5.229E-01
14.7500 5.202E-01
14.7667 5.175E-01
14.7833 5.148E-01
14.8000 5.121E-01
14.8167 5.093E-01
14.8333 5.066E-01
14.8500 5.038E-01
14.8667 5.011E-01
14.8833 4.983E-01
14.9000 4.951E-01
14.9167 4.927E-01
14.9333 4.899E-01
14.9500 4.870E-01
14.9667 4.842E-01
14.9833 4.814E-01
