11.0000 5.129E-01
11.0167 5.158E-01
11.0333 5.183E-01
11.0500 5.205E-01
11.0667 5.232E-01
11.0833 5.256E-01
11.1000 5.280E-01
11.1167 5.304E-01
11.1333 5.328E-01
11.1500 5.352E-01
11.1667 5.375E-01
11.1833 5.398E-01
11.2000 5.422E-01
11.2167 5.445E-01
11.2333 5.467E-01
11.2500 5.490E-01
11.2667 5.512E-01
11.2833 5.535E-01
11.3000 5.557E-01
11.3167 5.577E-01
11.3333 5.599E-01
11.3500 5.622E-01
11.3667 5.643E-01
11.3833 5.661E-01
11.4000 5.684E-01
11.4167 5.699E-01
11.4333 5.727E-01
11.4500 5.747E-01
11.4667 5.767E-01
11.4833 5.787E-01
11.5000 5.807E-01
11.5167 5.826E-01
11.5333 5.846E-01
11.5500 5.865E-01
11.5667 5.884E-01
11.5833 5.903E-01
11.6000 5.921E-01
11.6167 5.939E-01
11.6333 5.957E-01
11.6500 5.973E-01
11.6667 5.993E-01
11.6833 6.010E-01
11.7000 6.027E-01
11.7167 6.044E-01
11.7333 6.061E-01
11.7500 6.077E-01
11.7667 6.094E-01
11.7833 6.110E-01
11.8000 6.126E-01
11.8167 6.141E-01
11.8333 6.156E-01
11.8500 6.172E-01
11.8667 6.183E-01
11.8833 6.201E-01
11.9000 6.215E-01
11.9167 6.228E-01
11.9333 6.243E-01
11.9500 6.257E-01
11.9667 6.270E-01
11.9833 6.284E-01
12.0000 6.287E-01
12.0167 6.304E-01
12.0333 6.322E-01
12.0500 6.334E-01
12.0667 6.346E-01
12.0833 6.357E-01
12.1000 6.369E-01
12.1167 6.380E-01
12.1333 6.391E-01
12.1500 6.401E-01
12.1667 6.412E-01
12.1833 6.422E-01
12.2000 6.432E-01
12.2167 6.441E-01
12.2333 6.451E-01
12.2500 6.460E-01
12.2667 6.468E-01
12.2833 6.477E-01
12.3000 6.485E-01
12.3167 6.493E-01
12.3333 6.501E-01
12.3500 6.509E-01
12.3667 6.516E-01
12.3833 6.523E-01
12.4000 6.529E-01
12.4167 6.536E-01
12.4333 6.542E-01
12.4500 6.548E-01
12.4667 6.553E-01
12.4833 6.559E-01
12.5000 6.564E-01
12.5167 6.569E-01
12.5333 6.573E-01
12.5500 6.577E-01
12.5667 6.581E-01
12.5833 6.585E-01
12.6000 6.588E-01
12.6167 6.591E-01
12.6333 6.594E-01
12.6500 6.597E-01
12.6667 6.599E-01
12.6833 6.601E-01
12.7000 6.603E-01
12.7167 6.605E-01
12.7333 6.606E-01
12.7500 6.607E-01
12.7667 6.607E-01
12.7833 6.608E-01
12.8000 6.608E-01
12.8167 6.608E-01
12.8333 6.607E-01
12.8500 6.607E-01
12.8667 6.606E-01
12.8833 6.604E-01
12.9000 6.603E-01
12.9167 6.601E-01
12.9333 6.599E-01
12.9500 6.596E-01
12.9667 6.594E-01
12.9833 6.591E-01
13.0000 6.588E-01
13.0167 6.584E-01
13.0333 6.581E-01
13.0500 6.577E-01
13.0667 6.572E-01
13.0833 6.568E-01
13.1000 6.563E-01
13.1167 6.558E-01
13.1333 6.552E-01
13.1500 6.547E-01
13.1667 6.541E-01
13.1833 6.535E-01
13.2000 6.528E-01
13.2167 6.522E-01
13.2333 6.515E-01
13.2500 6.507E-01
13.2667 6.500E-01
13.2833 6.492E-01
13.3000 6.484E-01
13.3167 6.476E-01
13.3333 6.467E-01
13.3500 6.458E-01
13.3667 6.449E-01
13.3833 6.440E-01
13.4000 6.430E-01
13.4167 6.420E-01
13.4333 6.410E-01
13.4500 6.400E-01
13.4667 6.389E-01
13.4833 6.378E-01
13.5000 6.367E-01
13.5167 6.355E-01
13.5333 6.344E-01
13.5500 6.332E-01
13.5667 6.318E-01
13.5833 6.304E-01
13.6000 6.289E-01
13.6167 6.281E-01
13.6333 6.268E-01
13.6500 6.255E-01
13.6667 6.241E-01
13.6833 6.226E-01
13.7000 6.213E-01
13.7167 6.199E-01
13.7333 6.182E-01
13.7500 6.169E-01
13.7667 6.154E-01
13.7833 6.139E-01
13.8000 6.123E-01
13.8167 6.107E-01
13.8333 6.091E-01
13.8500 6.075E-01
13.8667 6.058E-01
13.8833 6.042E-01
13.9000 6.025E-01
13.9167 6.007E-01
13.9333 5.990E-01
13.9500 5.972E-01
13.9667 5.954E-01
13.9833 5.936E-01
14.0000 5.918E-01
14.0167 5.900E-01
14.0333 5.881E-01
14.0500 5.862E-01
14.0667 5.843E-01
14.0833 5.823E-01
14.1000 5.804E-01
14.1167 5.784E-01
14.1333 5.764E-01
14.1500 5.744E-01
14.1667 5.723E-01
14.1833 5.701E-01
14.2000 5.682E-01
14.2167 5.660E-01
14.2333 5.640E-01
14.2500 5.619E-01
14.2667 5.597E-01
14.2833 5.575E-01
14.3000 5.553E-01
14.3167 5.531E-01
14.3333 5.509E-01
14.3500 5.486E-01
14.3667 5.462E-01
14.3833 5.441E-01
14.4000 5.418E-01
14.4167 5.395E-01
14.4333 5.367E-01
14.4500 5.348E-01
14.4667 5.324E-01
14.4833 5.301E-01
14.5000 5.277E-01
14.5167 5.252E-01
14.5333 5.228E-01
14.5500 5.201E-01
14.5667 5.179E-01
14.5833 5.154E-01
14.6000 5.128E-01
14.6167 5.104E-01
14.6333 5.079E-01
14.6500 5.054E-01
14.6667 5.028E-01
14.6833 5.001E-01
14.7000 4.977E-01
14.7167 4.951E-01
14.7333 4.925E-01
14.7500 4.899E-01
14.7667 4.873E-01
14.7833 4.846E-01
14.8000 4.820E-01
14.8167 4.793E-01
14.8333 4.766E-01
14.8500 4.739E-01
14.8667 4.712E-01
14.8833 4.685E-01
14.9000 4.655E-01
14.9167 4.631E-01
14.9333 4.604E-01
14.9500 4.575E-01
14.9667 4.548E-01
14.9833 4.521E-01
