11.0000 5.689E-01
11.0167 5.709E-01
11.0333 5.743E-01
11.0500 5.770E-01
11.0667 5.795E-01
11.0833 5.823E-01
11.1000 5.849E-01
11.1167 5.871E-01
11.1333 5.901E-01
11.1500 5.927E-01
11.1667 5.949E-01
11.1833 5.978E-01
11.2000 6.003E-01
11.2167 6.028E-01
11.2333 6.053E-01
11.2500 6.078E-01
11.2667 6.103E-01
11.2833 6.127E-01
11.3000 6.151E-01
11.3167 6.175E-01
11.3333 6.199E-01
11.3500 6.222E-01
11.3667 6.244E-01
11.3833 6.264E-01
11.4000 6.292E-01
11.4167 6.314E-01
11.4333 6.337E-01
11.4500 6.359E-01
11.4667 6.381E-01
11.4833 6.403E-01
11.5000 6.424E-01
11.5167 6.435E-01
11.5333 6.467E-01
11.5500 6.484E-01
11.5667 6.509E-01
11.5833 6.524E-01
11.6000 6.550E-01
11.6167 6.570E-01
11.6333 6.590E-01
11.6500 6.609E-01
11.6667 6.629E-01
11.6833 6.648E-01
11.7000 6.666E-01
11.7167 6.686E-01
11.7333 6.704E-01
11.7500 6.722E-01
11.7667 6.740E-01
11.7833 6.758E-01
11.8000 6.775E-01
11.8167 6.792E-01
11.8333 6.809E-01
11.8500 6.826E-01
11.8667 6.836E-01
11.8833 6.859E-01
11.9000 6.874E-01
11.9167 6.890E-01
11.9333 6.906E-01
11.9500 6.921E-01
11.9667 6.936E-01
11.9833 6.950E-01
12.0000 6.964E-01
12.0167 6.979E-01
12.0333 6.992E-01
12.0500 7.006E-01
12.0667 7.019E-01
12.0833 7.032E-01
12.1000 7.045E-01
12.1167 7.057E-01
12.1333 7.070E-01
12.1500 7.080E-01
12.1667 7.092E-01
12.1833 7.105E-01
12.2000 7.116E-01
12.2167 7.126E-01
12.2333 7.135E-01
12.2500 7.147E-01
12.2667 7.157E-01
12.2833 7.167E-01
12.3000 7.176E-01
12.3167 7.185E-01
12.3333 7.194E-01
12.3500 7.202E-01
12.3667 7.197E-01
12.3833 7.215E-01
12.4000 7.219E-01
12.4167 7.228E-01
12.4333 7.241E-01
12.4500 7.248E-01
12.4667 7.255E-01
12.4833 7.261E-01
12.5000 7.267E-01
12.5167 7.273E-01
12.5333 7.278E-01
12.5500 7.283E-01
12.5667 7.288E-01
12.5833 7.292E-01
12.6000 7.297E-01
12.6167 7.301E-01
12.6333 7.304E-01
12.6500 7.307E-01
12.6667 7.310E-01
12.6833 7.313E-01
12.7000 7.316E-01
12.7167 7.318E-01
12.7333 7.320E-01
12.7500 7.321E-01
12.7667 7.322E-01
12.7833 7.323E-01
12.8000 7.324E-01
12.8167 7.325E-01
12.8333 7.325E-01
12.8500 7.324E-01
12.8667 7.324E-01
12.8833 7.323E-01
12.9000 7.322E-01
12.9167 7.321E-01
12.9333 7.319E-01
12.9500 7.317E-01
12.9667 7.315E-01
12.9833 7.312E-01
13.0000 7.309E-01
13.0167 7.306E-01
13.0333 7.303E-01
13.0500 7.299E-01
13.0667 7.295E-01
13.0833 7.291E-01
13.1000 7.286E-01
13.1167 7.281E-01
13.1333 7.276E-01
13.1500 7.270E-01
13.1667 7.265E-01
13.1833 7.259E-01
13.2000 7.252E-01
13.2167 7.246E-01
13.2333 7.238E-01
13.2500 7.221E-01
13.2667 7.220E-01
13.2833 7.206E-01
13.3000 7.199E-01
13.3167 7.199E-01
13.3333 7.191E-01
13.3500 7.182E-01
13.3667 7.173E-01
13.3833 7.163E-01
13.4000 7.153E-01
13.4167 7.142E-01
13.4333 7.132E-01
13.4500 7.122E-01
13.4667 7.111E-01
13.4833 7.100E-01
13.5000 7.086E-01
13.5167 7.077E-01
13.5333 7.065E-01
13.5500 7.053E-01
13.5667 7.040E-01
13.5833 7.027E-01
13.6000 7.014E-01
13.6167 7.001E-01
13.6333 6.987E-01
13.6500 6.973E-01
13.6667 6.959E-01
13.6833 6.944E-01
13.7000 6.930E-01
13.7167 6.915E-01
13.7333 6.899E-01
13.7500 6.884E-01
13.7667 6.868E-01
13.7833 6.851E-01
13.8000 6.836E-01
13.8167 6.819E-01
13.8333 6.803E-01
13.8500 6.786E-01
13.8667 6.768E-01
13.8833 6.751E-01
13.9000 6.733E-01
13.9167 6.715E-01
13.9333 6.697E-01
13.9500 6.678E-01
13.9667 6.659E-01
13.9833 6.641E-01
14.0000 6.621E-01
14.0167 6.602E-01
14.0333 6.582E-01
14.0500 6.562E-01
14.0667 6.542E-01
14.0833 6.522E-01
14.1000 6.500E-01
14.1167 6.478E-01
14.1333 6.459E-01
14.1500 6.438E-01
14.1667 6.414E-01
14.1833 6.390E-01
14.2000 6.373E-01
14.2167 6.351E-01
14.2333 6.328E-01
14.2500 6.306E-01
14.2667 6.283E-01
14.2833 6.260E-01
14.3000 6.237E-01
14.3167 6.213E-01
14.3333 6.190E-01
14.3500 6.166E-01
14.3667 6.135E-01
14.3833 6.117E-01
14.4000 6.093E-01
14.4167 6.069E-01
14.4333 6.044E-01
14.4500 6.019E-01
14.4667 5.994E-01
14.4833 5.968E-01
14.5000 5.943E-01
14.5167 5.917E-01
14.5333 5.891E-01
14.5500 5.865E-01
14.5667 5.839E-01
14.5833 5.812E-01
14.6000 5.786E-01
14.6167 5.759E-01
14.6333 5.732E-01
14.6500 5.705E-01
14.6667 5.678E-01
14.6833 5.651E-01
14.7000 5.623E-01
14.7167 5.596E-01
14.7333 5.567E-01
14.7500 5.540E-01
14.7667 5.512E-01
14.7833 5.484E-01
14.8000 5.455E-01
14.8167 5.426E-01
14.8333 5.398E-01
14.8500 5.369E-01
14.8667 5.340E-01
14.8833 5.311E-01
14.9000 5.281E-01
14.9167 5.247E-01
14.9333 5.222E-01
14.9500 5.194E-01
14.9667 5.164E-01
14.9833 5.134E-01
