11.0000 4.838E-01
11.0167 4.866E-01
11.0333 4.890E-01
11.0500 4.914E-01
11.0667 4.937E-01
11.0833 4.960E-01
11.1000 4.983E-01
11.1167 5.001E-01
11.1333 5.029E-01
11.1500 5.052E-01
11.1667 5.074E-01
11.1833 5.097E-01
11.2000 5.119E-01
11.2167 5.141E-01
11.2333 5.163E-01
11.2500 5.185E-01
11.2667 5.206E-01
11.2833 5.227E-01
11.3000 5.249E-01
11.3167 5.270E-01
11.3333 5.291E-01
11.3500 5.311E-01
11.3667 5.332E-01
11.3833 5.352E-01
11.4000 5.373E-01
11.4167 5.393E-01
11.4333 5.412E-01
11.4500 5.432E-01
11.4667 5.452E-01
11.4833 5.471E-01
11.5000 5.490E-01
11.5167 5.509E-01
11.5333 5.528E-01
11.5500 5.546E-01
11.5667 5.555E-01
11.5833 5.583E-01
11.6000 5.600E-01
11.6167 5.618E-01
11.6333 5.636E-01
11.6500 5.653E-01
11.6667 5.670E-01
11.6833 5.687E-01
11.7000 5.704E-01
11.7167 5.720E-01
11.7333 5.737E-01
11.7500 5.753E-01
11.7667 5.769E-01
11.7833 5.784E-01
11.8000 5.800E-01
11.8167 5.815E-01
11.8333 5.830E-01
11.8500 5.845E-01
11.8667 5.859E-01
11.8833 5.872E-01
11.9000 5.878E-01
11.9167 5.902E-01
11.9333 5.915E-01
11.9500 5.922E-01
11.9667 5.942E-01
11.9833 5.955E-01
12.0000 5.968E-01
12.0167 5.980E-01
12.0333 5.993E-01
12.0500 6.005E-01
12.0667 6.012E-01
12.0833 6.024E-01
12.1000 6.037E-01
12.1167 6.051E-01
12.1333 6.062E-01
12.1500 6.072E-01
12.1667 6.083E-01
12.1833 6.090E-01
12.2000 6.102E-01
12.2167 6.113E-01
12.2333 6.122E-01
12.2500 6.131E-01
12.2667 6.140E-01
12.2833 6.149E-01
12.3000 6.157E-01
12.3167 6.166E-01
12.3333 6.174E-01
12.3500 6.177E-01
12.3667 6.187E-01
12.3833 6.196E-01
12.4000 6.203E-01
12.4167 6.210E-01
12.4333 6.216E-01
12.4500 6.223E-01
12.4667 6.228E-01
12.4833 6.234E-01
12.5000 6.240E-01
12.5167 6.245E-01
12.5333 6.249E-01
12.5500 6.254E-01
12.5667 6.259E-01
12.5833 6.261E-01
12.6000 6.261E-01
12.6167 6.263E-01
12.6333 6.270E-01
12.6500 6.277E-01
12.6667 6.280E-01
12.6833 6.283E-01
12.7000 6.285E-01
12.7167 6.287E-01
12.7333 6.289E-01
12.7500 6.291E-01
12.7667 6.292E-01
12.7833 6.293E-01
12.8000 6.294E-01
12.8167 6.295E-01
12.8333 6.295E-01
12.8500 6.295E-01
12.8667 6.295E-01
12.8833 6.294E-01
12.9000 6.294E-01
12.9167 6.293E-01
12.9333 6.291E-01
12.9500 6.290E-01
12.9667 6.288E-01
12.9833 6.286E-01
13.0000 6.284E-01
13.0167 6.281E-01
13.0333 6.279E-01
13.0500 6.273E-01
13.0667 6.266E-01
13.0833 6.260E-01
13.1000 6.261E-01
13.1167 6.261E-01
13.1333 6.256E-01
13.1500 6.251E-01
13.1667 6.247E-01
13.1833 6.242E-01
13.2000 6.236E-01
13.2167 6.231E-01
13.2333 6.225E-01
13.2500 6.219E-01
13.2667 6.213E-01
13.2833 6.206E-01
13.3000 6.199E-01
13.3167 6.192E-01
13.3333 6.180E-01
13.3500 6.176E-01
13.3667 6.169E-01
13.3833 6.161E-01
13.4000 6.153E-01
13.4167 6.144E-01
13.4333 6.135E-01
13.4500 6.126E-01
13.4667 6.117E-01
13.4833 6.107E-01
13.5000 6.094E-01
13.5167 6.087E-01
13.5333 6.077E-01
13.5500 6.067E-01
13.5667 6.056E-01
13.5833 6.045E-01
13.6000 6.030E-01
13.6167 6.013E-01
13.6333 6.010E-01
13.6500 5.998E-01
13.6667 5.986E-01
13.6833 5.974E-01
13.7000 5.961E-01
13.7167 5.948E-01
13.7333 5.931E-01
13.7500 5.922E-01
13.7667 5.908E-01
13.7833 5.893E-01
13.8000 5.880E-01
13.8167 5.865E-01
13.8333 5.852E-01
13.8500 5.837E-01
13.8667 5.822E-01
13.8833 5.807E-01
13.9000 5.791E-01
13.9167 5.776E-01
13.9333 5.760E-01
13.9500 5.744E-01
13.9667 5.728E-01
13.9833 5.711E-01
14.0000 5.695E-01
14.0167 5.678E-01
14.0333 5.661E-01
14.0500 5.644E-01
14.0667 5.626E-01
14.0833 5.609E-01
14.1000 5.591E-01
14.1167 5.565E-01
14.1333 5.555E-01
14.1500 5.536E-01
14.1667 5.517E-01
14.1833 5.498E-01
14.2000 5.480E-01
14.2167 5.458E-01
14.2333 5.441E-01
14.2500 5.421E-01
14.2667 5.402E-01
14.2833 5.382E-01
14.3000 5.362E-01
14.3167 5.341E-01
14.3333 5.321E-01
14.3500 5.300E-01
14.3667 5.275E-01
14.3833 5.258E-01
14.4000 5.237E-01
14.4167 5.216E-01
14.4333 5.194E-01
14.4500 5.173E-01
14.4667 5.150E-01
14.4833 5.129E-01
14.5000 5.107E-01
14.5167 5.085E-01
14.5333 5.062E-01
14.5500 5.033E-01
14.5667 5.017E-01
14.5833 4.994E-01
14.6000 4.969E-01
14.6167 4.947E-01
14.6333 4.924E-01
14.6500 4.901E-01
14.6667 4.877E-01
14.6833 4.854E-01
14.7000 4.828E-01
14.7167 4.806E-01
14.7333 4.782E-01
14.7500 4.757E-01
14.7667 4.733E-01
14.7833 4.709E-01
14.8000 4.684E-01
14.8167 4.659E-01
14.8333 4.634E-01
14.8500 4.609E-01
14.8667 4.584E-01
14.8833 4.559E-01
14.9000 4.530E-01
14.9167 4.508E-01
14.9333 4.483E-01
14.9500 4.457E-01
14.9667 4.432E-01
14.9833 4.406E-01
