11.0000 5.501E-01
11.0167 5.528E-01
11.0333 5.553E-01
11.0500 5.580E-01
11.0667 5.606E-01
11.0833 5.630E-01
11.1000 5.657E-01
11.1167 5.683E-01
11.1333 5.708E-01
11.1500 5.733E-01
11.1667 5.758E-01
11.1833 5.783E-01
11.2000 5.807E-01
11.2167 5.832E-01
11.2333 5.856E-01
11.2500 5.880E-01
11.2667 5.904E-01
11.2833 5.928E-01
11.3000 5.951E-01
11.3167 5.975E-01
11.3333 5.998E-01
11.3500 6.021E-01
11.3667 6.041E-01
11.3833 6.064E-01
11.4000 6.088E-01
11.4167 6.111E-01
11.4333 6.130E-01
11.4500 6.153E-01
11.4667 6.174E-01
11.4833 6.197E-01
11.5000 6.218E-01
11.5167 6.239E-01
11.5333 6.260E-01
11.5500 6.280E-01
11.5667 6.300E-01
11.5833 6.320E-01
11.6000 6.340E-01
11.6167 6.360E-01
11.6333 6.379E-01
11.6500 6.398E-01
11.6667 6.417E-01
11.6833 6.436E-01
11.7000 6.454E-01
11.7167 6.470E-01
11.7333 6.491E-01
11.7500 6.508E-01
11.7667 6.526E-01
11.7833 6.543E-01
11.8000 6.560E-01
11.8167 6.577E-01
11.8333 6.593E-01
11.8500 6.610E-01
11.8667 6.626E-01
11.8833 6.641E-01
11.9000 6.657E-01
11.9167 6.672E-01
11.9333 6.687E-01
11.9500 6.699E-01
11.9667 6.717E-01
11.9833 6.731E-01
12.0000 6.745E-01
12.0167 6.758E-01
12.0333 6.772E-01
12.0500 6.786E-01
12.0667 6.799E-01
12.0833 6.811E-01
12.1000 6.809E-01
12.1167 6.830E-01
12.1333 6.847E-01
12.1500 6.859E-01
12.1667 6.871E-01
12.1833 6.882E-01
12.2000 6.893E-01
12.2167 6.903E-01
12.2333 6.914E-01
12.2500 6.924E-01
12.2667 6.934E-01
12.2833 6.943E-01
12.3000 6.952E-01
12.3167 6.961E-01
12.3333 6.970E-01
12.3500 6.978E-01
12.3667 6.986E-01
12.3833 6.994E-01
12.4000 7.002E-01
12.4167 7.009E-01
12.4333 7.016E-01
12.4500 7.023E-01
12.4667 7.029E-01
12.4833 7.036E-01
12.5000 7.041E-01
12.5167 7.047E-01
12.5333 7.052E-01
12.5500 7.057E-01
12.5667 7.062E-01
12.5833 7.067E-01
12.6000 7.071E-01
12.6167 7.075E-01
12.6333 7.078E-01
12.6500 7.082E-01
12.6667 7.085E-01
12.6833 7.087E-01
12.7000 7.090E-01
12.7167 7.092E-01
12.7333 7.094E-01
12.7500 7.096E-01
12.7667 7.097E-01
12.7833 7.098E-01
12.8000 7.099E-01
12.8167 7.099E-01
12.8333 7.099E-01
12.8500 7.099E-01
12.8667 7.099E-01
12.8833 7.098E-01
12.9000 7.097E-01
12.9167 7.096E-01
12.9333 7.094E-01
12.9500 7.092E-01
12.9667 7.090E-01
12.9833 7.088E-01
13.0000 7.085E-01
13.0167 7.082E-01
13.0333 7.079E-01
13.0500 7.075E-01
13.0667 7.072E-01
13.0833 7.068E-01
13.1000 7.063E-01
13.1167 7.058E-01
13.1333 7.053E-01
13.1500 7.048E-01
13.1667 7.043E-01
13.1833 7.037E-01
13.2000 7.031E-01
13.2167 7.024E-01
13.2333 7.017E-01
13.2500 7.011E-01
13.2667 7.003E-01
13.2833 6.996E-01
13.3000 6.988E-01
13.3167 6.980E-01
13.3333 6.972E-01
13.3500 6.963E-01
13.3667 6.954E-01
13.3833 6.945E-01
13.4000 6.935E-01
13.4167 6.926E-01
13.4333 6.916E-01
13.4500 6.905E-01
13.4667 6.895E-01
13.4833 6.884E-01
13.5000 6.873E-01
13.5167 6.862E-01
13.5333 6.850E-01
13.5500 6.830E-01
13.5667 6.813E-01
13.5833 6.814E-01
13.6000 6.801E-01
13.6167 6.788E-01
13.6333 6.775E-01
13.6500 6.761E-01
13.6667 6.747E-01
13.6833 6.734E-01
13.7000 6.720E-01
13.7167 6.702E-01
13.7333 6.690E-01
13.7500 6.675E-01
13.7667 6.660E-01
13.7833 6.645E-01
13.8000 6.629E-01
13.8167 6.613E-01
13.8333 6.597E-01
13.8500 6.580E-01
13.8667 6.563E-01
13.8833 6.546E-01
13.9000 6.529E-01
13.9167 6.512E-01
13.9333 6.494E-01
13.9500 6.469E-01
13.9667 6.458E-01
13.9833 6.440E-01
14.0000 6.421E-01
14.0167 6.402E-01
14.0333 6.383E-01
14.0500 6.364E-01
14.0667 6.344E-01
14.0833 6.324E-01
14.1000 6.304E-01
14.1167 6.284E-01
14.1333 6.264E-01
14.1500 6.243E-01
14.1667 6.222E-01
14.1833 6.201E-01
14.2000 6.174E-01
14.2167 6.158E-01
14.2333 6.133E-01
14.2500 6.115E-01
14.2667 6.093E-01
14.2833 6.067E-01
14.3000 6.042E-01
14.3167 6.025E-01
14.3333 6.003E-01
14.3500 5.979E-01
14.3667 5.956E-01
14.3833 5.928E-01
14.4000 5.909E-01
14.4167 5.885E-01
14.4333 5.861E-01
14.4500 5.837E-01
14.4667 5.806E-01
14.4833 5.788E-01
14.5000 5.763E-01
14.5167 5.738E-01
14.5333 5.713E-01
14.5500 5.688E-01
14.5667 5.663E-01
14.5833 5.634E-01
14.6000 5.611E-01
14.6167 5.585E-01
14.6333 5.554E-01
14.6500 5.533E-01
14.6667 5.507E-01
14.6833 5.480E-01
14.7000 5.453E-01
14.7167 5.427E-01
14.7333 5.400E-01
14.7500 5.372E-01
14.7667 5.345E-01
14.7833 5.318E-01
14.8000 5.290E-01
14.8167 5.260E-01
14.8333 5.235E-01
14.8500 5.207E-01
14.8667 5.179E-01
14.8833 5.151E-01
14.9000 5.122E-01
14.9167 5.090E-01
14.9333 5.065E-01
14.9500 5.037E-01
14.9667 5.008E-01
14.9833 4.979E-01
