11.0000 4.700E-01
11.0167 4.724E-01
11.0333 4.747E-01
11.0500 4.771E-01
11.0667 4.794E-01
11.0833 4.817E-01
11.1000 4.840E-01
11.1167 4.863E-01
11.1333 4.886E-01
11.1500 4.909E-01
11.1667 4.930E-01
11.1833 4.953E-01
11.2000 4.975E-01
11.2167 4.997E-01
11.2333 5.019E-01
11.2500 5.041E-01
11.2667 5.062E-01
11.2833 5.083E-01
11.3000 5.104E-01
11.3167 5.125E-01
11.3333 5.146E-01
11.3500 5.164E-01
11.3667 5.187E-01
11.3833 5.207E-01
11.4000 5.227E-01
11.4167 5.247E-01
11.4333 5.263E-01
11.4500 5.286E-01
11.4667 5.305E-01
11.4833 5.324E-01
11.5000 5.343E-01
11.5167 5.362E-01
11.5333 5.380E-01
11.5500 5.398E-01
11.5667 5.406E-01
11.5833 5.434E-01
11.6000 5.448E-01
11.6167 5.468E-01
11.6333 5.480E-01
11.6500 5.503E-01
11.6667 5.520E-01
11.6833 5.537E-01
11.7000 5.553E-01
11.7167 5.569E-01
11.7333 5.585E-01
11.7500 5.600E-01
11.7667 5.616E-01
11.7833 5.631E-01
11.8000 5.646E-01
11.8167 5.661E-01
11.8333 5.676E-01
11.8500 5.690E-01
11.8667 5.704E-01
11.8833 5.718E-01
11.9000 5.732E-01
11.9167 5.743E-01
11.9333 5.758E-01
11.9500 5.771E-01
11.9667 5.784E-01
11.9833 5.796E-01
12.0000 5.808E-01
12.0167 5.820E-01
12.0333 5.832E-01
12.0500 5.843E-01
12.0667 5.855E-01
12.0833 5.866E-01
12.1000 5.877E-01
12.1167 5.887E-01
12.1333 5.897E-01
12.1500 5.907E-01
12.1667 5.917E-01
12.1833 5.927E-01
12.2000 5.936E-01
12.2167 5.943E-01
12.2333 5.953E-01
12.2500 5.962E-01
12.2667 5.970E-01
12.2833 5.978E-01
12.3000 5.985E-01
12.3167 5.993E-01
12.3333 6.001E-01
12.3500 6.008E-01
12.3667 6.014E-01
12.3833 6.021E-01
12.4000 6.027E-01
12.4167 6.033E-01
12.4333 6.038E-01
12.4500 6.044E-01
12.4667 6.049E-01
12.4833 6.045E-01
12.5000 6.046E-01
12.5167 6.058E-01
12.5333 6.060E-01
12.5500 6.063E-01
12.5667 6.071E-01
12.5833 6.077E-01
12.6000 6.080E-01
12.6167 6.083E-01
12.6333 6.086E-01
12.6500 6.088E-01
12.6667 6.090E-01
12.6833 6.091E-01
12.7000 6.093E-01
12.7167 6.094E-01
12.7333 6.095E-01
12.7500 6.095E-01
12.7667 6.096E-01
12.7833 6.096E-01
12.8000 6.096E-01
12.8167 6.095E-01
12.8333 6.094E-01
12.8500 6.093E-01
12.8667 6.092E-01
12.8833 6.091E-01
12.9000 6.089E-01
12.9167 6.087E-01
12.9333 6.084E-01
12.9500 6.082E-01
12.9667 6.079E-01
12.9833 6.075E-01
13.0000 6.067E-01
13.0167 6.060E-01
13.0333 6.061E-01
13.0500 6.053E-01
13.0667 6.042E-01
13.0833 6.047E-01
13.1000 6.047E-01
13.1167 6.041E-01
13.1333 6.036E-01
13.1500 6.030E-01
13.1667 6.024E-01
13.1833 6.018E-01
13.2000 6.011E-01
13.2167 6.004E-01
13.2333 5.997E-01
13.2500 5.989E-01
13.2667 5.982E-01
13.2833 5.975E-01
13.3000 5.966E-01
13.3167 5.958E-01
13.3333 5.947E-01
13.3500 5.940E-01
13.3667 5.932E-01
13.3833 5.922E-01
13.4000 5.913E-01
13.4167 5.903E-01
13.4333 5.893E-01
13.4500 5.882E-01
13.4667 5.872E-01
13.4833 5.861E-01
13.5000 5.850E-01
13.5167 5.838E-01
13.5333 5.827E-01
13.5500 5.815E-01
13.5667 5.803E-01
13.5833 5.790E-01
13.6000 5.778E-01
13.6167 5.765E-01
13.6333 5.745E-01
13.6500 5.739E-01
13.6667 5.725E-01
13.6833 5.712E-01
13.7000 5.698E-01
13.7167 5.683E-01
13.7333 5.669E-01
13.7500 5.654E-01
13.7667 5.639E-01
13.7833 5.624E-01
13.8000 5.608E-01
13.8167 5.593E-01
13.8333 5.578E-01
13.8500 5.562E-01
13.8667 5.545E-01
13.8833 5.529E-01
13.9000 5.512E-01
13.9167 5.495E-01
13.9333 5.478E-01
13.9500 5.461E-01
13.9667 5.442E-01
13.9833 5.426E-01
14.0000 5.408E-01
14.0167 5.386E-01
14.0333 5.369E-01
14.0500 5.353E-01
14.0667 5.334E-01
14.0833 5.315E-01
14.1000 5.296E-01
14.1167 5.277E-01
14.1333 5.257E-01
14.1500 5.238E-01
14.1667 5.218E-01
14.1833 5.198E-01
14.2000 5.178E-01
14.2167 5.157E-01
14.2333 5.137E-01
14.2500 5.116E-01
14.2667 5.095E-01
14.2833 5.074E-01
14.3000 5.052E-01
14.3167 5.031E-01
14.3333 5.007E-01
14.3500 4.987E-01
14.3667 4.965E-01
14.3833 4.943E-01
14.4000 4.921E-01
14.4167 4.895E-01
14.4333 4.876E-01
14.4500 4.853E-01
14.4667 4.830E-01
14.4833 4.801E-01
14.5000 4.784E-01
14.5167 4.760E-01
14.5333 4.737E-01
14.5500 4.713E-01
14.5667 4.689E-01
14.5833 4.665E-01
14.6000 4.641E-01
14.6167 4.617E-01
14.6333 4.593E-01
14.6500 4.568E-01
14.6667 4.541E-01
14.6833 4.519E-01
14.7000 4.494E-01
14.7167 4.469E-01
14.7333 4.444E-01
14.7500 4.413E-01
14.7667 4.394E-01
14.7833 4.368E-01
14.8000 4.343E-01
14.8167 4.317E-01
14.8333 4.291E-01
14.8500 4.265E-01
14.8667 4.239E-01
14.8833 4.213E-01
14.9000 4.184E-01
14.9167 4.161E-01
14.9333 4.135E-01
14.9500 4.108E-01
14.9667 4.082E-01
14.9833 4.053E-01
