11.0000 5.097E-01
11.0167 5.123E-01
11.0333 5.148E-01
11.0500 5.173E-01
11.0667 5.199E-01
11.0833 5.224E-01
11.1000 5.246E-01
11.1167 5.274E-01
11.1333 5.298E-01
11.1500 5.323E-01
11.1667 5.347E-01
11.1833 5.371E-01
11.2000 5.395E-01
11.2167 5.419E-01
11.2333 5.439E-01
11.2500 5.466E-01
11.2667 5.490E-01
11.2833 5.513E-01
11.3000 5.536E-01
11.3167 5.559E-01
11.3333 5.582E-01
11.3500 5.604E-01
11.3667 5.627E-01
11.3833 5.649E-01
11.4000 5.671E-01
11.4167 5.693E-01
11.4333 5.715E-01
11.4500 5.736E-01
11.4667 5.757E-01
11.4833 5.779E-01
11.5000 5.799E-01
11.5167 5.820E-01
11.5333 5.841E-01
11.5500 5.861E-01
11.5667 5.881E-01
11.5833 5.901E-01
11.6000 5.921E-01
11.6167 5.938E-01
11.6333 5.960E-01
11.6500 5.978E-01
11.6667 5.998E-01
11.6833 6.017E-01
11.7000 6.035E-01
11.7167 6.044E-01
11.7333 6.072E-01
11.7500 6.090E-01
11.7667 6.108E-01
11.7833 6.125E-01
11.8000 6.142E-01
11.8167 6.159E-01
11.8333 6.176E-01
11.8500 6.193E-01
11.8667 6.209E-01
11.8833 6.225E-01
11.9000 6.241E-01
11.9167 6.257E-01
11.9333 6.272E-01
11.9500 6.288E-01
11.9667 6.303E-01
11.9833 6.317E-01
12.0000 6.332E-01
12.0167 6.346E-01
12.0333 6.360E-01
12.0500 6.374E-01
12.0667 6.385E-01
12.0833 6.397E-01
12.1000 6.414E-01
12.1167 6.427E-01
12.1333 6.440E-01
12.1500 6.443E-01
12.1667 6.464E-01
12.1833 6.476E-01
12.2000 6.488E-01
12.2167 6.499E-01
12.2333 6.510E-01
12.2500 6.521E-01
12.2667 6.532E-01
12.2833 6.540E-01
12.3000 6.544E-01
12.3167 6.557E-01
12.3333 6.570E-01
12.3500 6.581E-01
12.3667 6.590E-01
12.3833 6.599E-01
12.4000 6.608E-01
12.4167 6.616E-01
12.4333 6.623E-01
12.4500 6.629E-01
12.4667 6.638E-01
12.4833 6.647E-01
12.5000 6.654E-01
12.5167 6.661E-01
12.5333 6.667E-01
12.5500 6.673E-01
12.5667 6.679E-01
12.5833 6.685E-01
12.6000 6.691E-01
12.6167 6.696E-01
12.6333 6.701E-01
12.6500 6.705E-01
12.6667 6.710E-01
12.6833 6.714E-01
12.7000 6.718E-01
12.7167 6.721E-01
12.7333 6.722E-01
12.7500 6.723E-01
12.7667 6.725E-01
12.7833 6.729E-01
12.8000 6.733E-01
12.8167 6.737E-01
12.8333 6.739E-01
12.8500 6.741E-01
12.8667 6.742E-01
12.8833 6.743E-01
12.9000 6.743E-01
12.9167 6.744E-01
12.9333 6.744E-01
12.9500 6.744E-01
12.9667 6.743E-01
12.9833 6.742E-01
13.0000 6.741E-01
13.0167 6.740E-01
13.0333 6.739E-01
13.0500 6.736E-01
13.0667 6.732E-01
13.0833 6.728E-01
13.1000 6.724E-01
13.1167 6.722E-01
13.1333 6.722E-01
13.1500 6.720E-01
13.1667 6.717E-01
13.1833 6.713E-01
13.2000 6.709E-01
13.2167 6.704E-01
13.2333 6.699E-01
13.2500 6.694E-01
13.2667 6.689E-01
13.2833 6.684E-01
13.3000 6.678E-01
13.3167 6.672E-01
13.3333 6.665E-01
13.3500 6.659E-01
13.3667 6.652E-01
13.3833 6.645E-01
13.4000 6.635E-01
13.4167 6.627E-01
13.4333 6.621E-01
13.4500 6.614E-01
13.4667 6.605E-01
13.4833 6.597E-01
13.5000 6.588E-01
13.5167 6.579E-01
13.5333 6.565E-01
13.5500 6.553E-01
13.5667 6.543E-01
13.5833 6.539E-01
13.6000 6.529E-01
13.6167 6.518E-01
13.6333 6.507E-01
13.6500 6.496E-01
13.6667 6.484E-01
13.6833 6.473E-01
13.7000 6.460E-01
13.7167 6.444E-01
13.7333 6.436E-01
13.7500 6.423E-01
13.7667 6.406E-01
13.7833 6.397E-01
13.8000 6.382E-01
13.8167 6.370E-01
13.8333 6.356E-01
13.8500 6.342E-01
13.8667 6.328E-01
13.8833 6.313E-01
13.9000 6.298E-01
13.9167 6.283E-01
13.9333 6.268E-01
13.9500 6.252E-01
13.9667 6.237E-01
13.9833 6.221E-01
14.0000 6.205E-01
14.0167 6.188E-01
14.0333 6.171E-01
14.0500 6.155E-01
14.0667 6.137E-01
14.0833 6.120E-01
14.1000 6.103E-01
14.1167 6.085E-01
14.1333 6.062E-01
14.1500 6.038E-01
14.1667 6.030E-01
14.1833 6.012E-01
14.2000 5.993E-01
14.2167 5.974E-01
14.2333 5.955E-01
14.2500 5.935E-01
14.2667 5.916E-01
14.2833 5.896E-01
14.3000 5.876E-01
14.3167 5.856E-01
14.3333 5.835E-01
14.3500 5.814E-01
14.3667 5.794E-01
14.3833 5.773E-01
14.4000 5.751E-01
14.4167 5.730E-01
14.4333 5.709E-01
14.4500 5.687E-01
14.4667 5.665E-01
14.4833 5.643E-01
14.5000 5.621E-01
14.5167 5.598E-01
14.5333 5.576E-01
14.5500 5.553E-01
14.5667 5.530E-01
14.5833 5.507E-01
14.6000 5.476E-01
14.6167 5.460E-01
14.6333 5.436E-01
14.6500 5.402E-01
14.6667 5.386E-01
14.6833 5.360E-01
14.7000 5.340E-01
14.7167 5.316E-01
14.7333 5.291E-01
14.7500 5.261E-01
14.7667 5.242E-01
14.7833 5.217E-01
14.8000 5.192E-01
14.8167 5.167E-01
14.8333 5.141E-01
14.8500 5.116E-01
14.8667 5.090E-01
14.8833 5.064E-01
14.9000 5.038E-01
14.9167 5.012E-01
14.9333 4.986E-01
14.9500 4.960E-01
14.9667 4.931E-01
14.9833 4.907E-01
