11.0000 4.706E-01
11.0167 4.736E-01
11.0333 4.761E-01
11.0500 4.786E-01
11.0667 4.808E-01
11.0833 4.835E-01
11.1000 4.860E-01
11.1167 4.884E-01
11.1333 4.908E-01
11.1500 4.932E-01
11.1667 4.956E-01
11.1833 4.980E-01
11.2000 4.999E-01
11.2167 5.027E-01
11.2333 5.051E-01
11.2500 5.074E-01
11.2667 5.097E-01
11.2833 5.120E-01
11.3000 5.143E-01
11.3167 5.166E-01
11.3333 5.188E-01
11.3500 5.210E-01
11.3667 5.233E-01
11.3833 5.255E-01
11.4000 5.277E-01
11.4167 5.298E-01
11.4333 5.320E-01
11.4500 5.341E-01
11.4667 5.362E-01
11.4833 5.383E-01
11.5000 5.404E-01
11.5167 5.424E-01
11.5333 5.446E-01
11.5500 5.466E-01
11.5667 5.486E-01
11.5833 5.506E-01
11.6000 5.517E-01
11.6167 5.546E-01
11.6333 5.565E-01
11.6500 5.584E-01
11.6667 5.604E-01
11.6833 5.622E-01
11.7000 5.641E-01
11.7167 5.660E-01
11.7333 5.678E-01
11.7500 5.696E-01
11.7667 5.714E-01
11.7833 5.732E-01
11.8000 5.749E-01
11.8167 5.767E-01
11.8333 5.784E-01
11.8500 5.801E-01
11.8667 5.817E-01
11.8833 5.832E-01
11.9000 5.844E-01
11.9167 5.866E-01
11.9333 5.882E-01
11.9500 5.898E-01
11.9667 5.913E-01
11.9833 5.929E-01
12.0000 5.944E-01
12.0167 5.959E-01
12.0333 5.971E-01
12.0500 5.984E-01
12.0667 6.002E-01
12.0833 6.016E-01
12.1000 6.029E-01
12.1167 6.043E-01
12.1333 6.053E-01
12.1500 6.069E-01
12.1667 6.082E-01
12.1833 6.094E-01
12.2000 6.107E-01
12.2167 6.119E-01
12.2333 6.131E-01
12.2500 6.138E-01
12.2667 6.154E-01
12.2833 6.165E-01
12.3000 6.176E-01
12.3167 6.186E-01
12.3333 6.197E-01
12.3500 6.207E-01
12.3667 6.217E-01
12.3833 6.218E-01
12.4000 6.237E-01
12.4167 6.246E-01
12.4333 6.255E-01
12.4500 6.263E-01
12.4667 6.272E-01
12.4833 6.280E-01
12.5000 6.288E-01
12.5167 6.296E-01
12.5333 6.304E-01
12.5500 6.311E-01
12.5667 6.318E-01
12.5833 6.325E-01
12.6000 6.331E-01
12.6167 6.338E-01
12.6333 6.344E-01
12.6500 6.349E-01
12.6667 6.355E-01
12.6833 6.360E-01
12.7000 6.365E-01
12.7167 6.370E-01
12.7333 6.375E-01
12.7500 6.379E-01
12.7667 6.383E-01
12.7833 6.387E-01
12.8000 6.390E-01
12.8167 6.393E-01
12.8333 6.396E-01
12.8500 6.399E-01
12.8667 6.402E-01
12.8833 6.404E-01
12.9000 6.406E-01
12.9167 6.407E-01
12.9333 6.409E-01
12.9500 6.410E-01
12.9667 6.411E-01
12.9833 6.412E-01
13.0000 6.412E-01
13.0167 6.412E-01
13.0333 6.412E-01
13.0500 6.412E-01
13.0667 6.411E-01
13.0833 6.410E-01
13.1000 6.409E-01
13.1167 6.408E-01
13.1333 6.406E-01
13.1500 6.404E-01
13.1667 6.402E-01
13.1833 6.400E-01
13.2000 6.397E-01
13.2167 6.394E-01
13.2333 6.391E-01
13.2500 6.388E-01
13.2667 6.384E-01
13.2833 6.380E-01
13.3000 6.376E-01
13.3167 6.371E-01
13.3333 6.367E-01
13.3500 6.362E-01
13.3667 6.356E-01
13.3833 6.351E-01
13.4000 6.345E-01
13.4167 6.339E-01
13.4333 6.333E-01
13.4500 6.327E-01
13.4667 6.320E-01
13.4833 6.313E-01
13.5000 6.306E-01
13.5167 6.298E-01
13.5333 6.290E-01
13.5500 6.283E-01
13.5667 6.274E-01
13.5833 6.265E-01
13.6000 6.257E-01
13.6167 6.248E-01
13.6333 6.239E-01
13.6500 6.224E-01
13.6667 6.218E-01
13.6833 6.209E-01
13.7000 6.200E-01
13.7167 6.189E-01
13.7333 6.179E-01
13.7500 6.168E-01
13.7667 6.157E-01
13.7833 6.144E-01
13.8000 6.133E-01
13.8167 6.122E-01
13.8333 6.110E-01
13.8500 6.098E-01
13.8667 6.085E-01
13.8833 6.073E-01
13.9000 6.058E-01
13.9167 6.045E-01
13.9333 6.033E-01
13.9500 6.019E-01
13.9667 6.005E-01
13.9833 5.988E-01
14.0000 5.970E-01
14.0167 5.963E-01
14.0333 5.947E-01
14.0500 5.933E-01
14.0667 5.918E-01
14.0833 5.902E-01
14.1000 5.881E-01
14.1167 5.871E-01
14.1333 5.855E-01
14.1500 5.838E-01
14.1667 5.822E-01
14.1833 5.805E-01
14.2000 5.788E-01
14.2167 5.771E-01
14.2333 5.754E-01
14.2500 5.737E-01
14.2667 5.719E-01
14.2833 5.701E-01
14.3000 5.683E-01
14.3167 5.665E-01
14.3333 5.646E-01
14.3500 5.627E-01
14.3667 5.609E-01
14.3833 5.590E-01
14.4000 5.570E-01
14.4167 5.551E-01
14.4333 5.525E-01
14.4500 5.512E-01
14.4667 5.492E-01
14.4833 5.471E-01
14.5000 5.451E-01
14.5167 5.431E-01
14.5333 5.410E-01
14.5500 5.389E-01
14.5667 5.368E-01
14.5833 5.347E-01
14.6000 5.325E-01
14.6167 5.304E-01
14.6333 5.282E-01
14.6500 5.261E-01
14.6667 5.239E-01
14.6833 5.216E-01
14.7000 5.194E-01
14.7167 5.172E-01
14.7333 5.149E-01
14.7500 5.126E-01
14.7667 5.103E-01
14.7833 5.080E-01
14.8000 5.057E-01
14.8167 5.033E-01
14.8333 5.008E-01
14.8500 4.986E-01
14.8667 4.963E-01
14.8833 4.933E-01
14.9000 4.914E-01
14.9167 4.890E-01
14.9333 4.866E-01
14.9500 4.842E-01
14.9667 4.817E-01
14.9833 4.791E-01
