11.0000 4.792E-01
11.0167 4.816E-01
11.0333 4.838E-01
11.0500 4.863E-01
11.0667 4.886E-01
11.0833 4.907E-01
11.1000 4.934E-01
11.1167 4.957E-01
11.1333 4.980E-01
11.1500 5.003E-01
11.1667 5.026E-01
11.1833 5.049E-01
11.2000 5.071E-01
11.2167 5.093E-01
11.2333 5.116E-01
11.2500 5.138E-01
11.2667 5.159E-01
11.2833 5.175E-01
11.3000 5.203E-01
11.3167 5.224E-01
11.3333 5.245E-01
11.3500 5.266E-01
11.3667 5.287E-01
11.3833 5.308E-01
11.4000 5.328E-01
11.4167 5.349E-01
11.4333 5.369E-01
11.4500 5.388E-01
11.4667 5.408E-01
11.4833 5.428E-01
11.5000 5.448E-01
11.5167 5.458E-01
11.5333 5.486E-01
11.5500 5.505E-01
11.5667 5.524E-01
11.5833 5.542E-01
11.6000 5.560E-01
11.6167 5.579E-01
11.6333 5.597E-01
11.6500 5.614E-01
11.6667 5.632E-01
11.6833 5.649E-01
11.7000 5.666E-01
11.7167 5.683E-01
11.7333 5.700E-01
11.7500 5.717E-01
11.7667 5.733E-01
11.7833 5.749E-01
11.8000 5.763E-01
11.8167 5.776E-01
11.8333 5.796E-01
11.8500 5.811E-01
11.8667 5.827E-01
11.8833 5.841E-01
11.9000 5.856E-01
11.9167 5.870E-01
11.9333 5.885E-01
11.9500 5.898E-01
11.9667 5.906E-01
11.9833 5.923E-01
12.0000 5.939E-01
12.0167 5.952E-01
12.0333 5.965E-01
12.0500 5.975E-01
12.0667 5.990E-01
12.0833 6.002E-01
12.1000 6.014E-01
12.1167 6.026E-01
12.1333 6.038E-01
12.1500 6.049E-01
12.1667 6.059E-01
12.1833 6.068E-01
12.2000 6.081E-01
12.2167 6.091E-01
12.2333 6.101E-01
12.2500 6.111E-01
12.2667 6.121E-01
12.2833 6.130E-01
12.3000 6.139E-01
12.3167 6.143E-01
12.3333 6.153E-01
12.3500 6.165E-01
12.3667 6.173E-01
12.3833 6.181E-01
12.4000 6.188E-01
12.4167 6.196E-01
12.4333 6.203E-01
12.4500 6.210E-01
12.4667 6.217E-01
12.4833 6.223E-01
12.5000 6.229E-01
12.5167 6.235E-01
12.5333 6.241E-01
12.5500 6.246E-01
12.5667 6.252E-01
12.5833 6.256E-01
12.6000 6.261E-01
12.6167 6.265E-01
12.6333 6.270E-01
12.6500 6.273E-01
12.6667 6.277E-01
12.6833 6.280E-01
12.7000 6.283E-01
12.7167 6.286E-01
12.7333 6.289E-01
12.7500 6.291E-01
12.7667 6.294E-01
12.7833 6.295E-01
12.8000 6.297E-01
12.8167 6.298E-01
12.8333 6.299E-01
12.8500 6.300E-01
12.8667 6.301E-01
12.8833 6.301E-01
12.9000 6.301E-01
12.9167 6.301E-01
12.9333 6.300E-01
12.9500 6.300E-01
12.9667 6.299E-01
12.9833 6.297E-01
13.0000 6.296E-01
13.0167 6.294E-01
13.0333 6.292E-01
13.0500 6.290E-01
13.0667 6.287E-01
13.0833 6.285E-01
13.1000 6.282E-01
13.1167 6.278E-01
13.1333 6.275E-01
13.1500 6.271E-01
13.1667 6.267E-01
13.1833 6.263E-01
13.2000 6.258E-01
13.2167 6.253E-01
13.2333 6.248E-01
13.2500 6.243E-01
13.2667 6.238E-01
13.2833 6.232E-01
13.3000 6.226E-01
13.3167 6.219E-01
13.3333 6.213E-01
13.3500 6.206E-01
13.3667 6.199E-01
13.3833 6.191E-01
13.4000 6.184E-01
13.4167 6.176E-01
13.4333 6.168E-01
13.4500 6.160E-01
13.4667 6.142E-01
13.4833 6.143E-01
13.5000 6.133E-01
13.5167 6.125E-01
13.5333 6.115E-01
13.5500 6.105E-01
13.5667 6.095E-01
13.5833 6.085E-01
13.6000 6.075E-01
13.6167 6.060E-01
13.6333 6.053E-01
13.6500 6.042E-01
13.6667 6.031E-01
13.6833 6.019E-01
13.7000 6.007E-01
13.7167 5.995E-01
13.7333 5.979E-01
13.7500 5.970E-01
13.7667 5.957E-01
13.7833 5.944E-01
13.8000 5.931E-01
13.8167 5.915E-01
13.8333 5.899E-01
13.8500 5.890E-01
13.8667 5.876E-01
13.8833 5.862E-01
13.9000 5.847E-01
13.9167 5.832E-01
13.9333 5.810E-01
13.9500 5.802E-01
13.9667 5.787E-01
13.9833 5.769E-01
14.0000 5.755E-01
14.0167 5.739E-01
14.0333 5.723E-01
14.0500 5.707E-01
14.0667 5.690E-01
14.0833 5.673E-01
14.1000 5.656E-01
14.1167 5.639E-01
14.1333 5.621E-01
14.1500 5.603E-01
14.1667 5.586E-01
14.1833 5.568E-01
14.2000 5.549E-01
14.2167 5.531E-01
14.2333 5.512E-01
14.2500 5.493E-01
14.2667 5.474E-01
14.2833 5.446E-01
14.3000 5.436E-01
14.3167 5.416E-01
14.3333 5.396E-01
14.3500 5.377E-01
14.3667 5.354E-01
14.3833 5.336E-01
14.4000 5.316E-01
14.4167 5.295E-01
14.4333 5.274E-01
14.4500 5.253E-01
14.4667 5.232E-01
14.4833 5.211E-01
14.5000 5.190E-01
14.5167 5.168E-01
14.5333 5.146E-01
14.5500 5.124E-01
14.5667 5.102E-01
14.5833 5.080E-01
14.6000 5.057E-01
14.6167 5.035E-01
14.6333 5.012E-01
14.6500 4.989E-01
14.6667 4.966E-01
14.6833 4.940E-01
14.7000 4.920E-01
14.7167 4.897E-01
14.7333 4.873E-01
14.7500 4.850E-01
14.7667 4.826E-01
14.7833 4.802E-01
14.8000 4.778E-01
14.8167 4.752E-01
14.8333 4.729E-01
14.8500 4.705E-01
14.8667 4.680E-01
14.8833 4.651E-01
14.9000 4.631E-01
14.9167 4.606E-01
14.9333 4.581E-01
14.9500 4.556E-01
14.9667 4.531E-01
14.9833 4.506E-01
