11.0000 5.202E-01
11.0167 5.230E-01
11.0333 5.257E-01
11.0500 5.279E-01
11.0667 5.312E-01
11.0833 5.339E-01
11.1000 5.366E-01
11.1167 5.393E-01
11.1333 5.420E-01
11.1500 5.446E-01
11.1667 5.472E-01
11.1833 5.499E-01
11.2000 5.525E-01
11.2167 5.551E-01
11.2333 5.576E-01
11.2500 5.602E-01
11.2667 5.628E-01
11.2833 5.653E-01
11.3000 5.678E-01
11.3167 5.703E-01
11.3333 5.728E-01
11.3500 5.753E-01
11.3667 5.777E-01
11.3833 5.802E-01
11.4000 5.825E-01
11.4167 5.848E-01
11.4333 5.871E-01
11.4500 5.896E-01
11.4667 5.912E-01
11.4833 5.944E-01
11.5000 5.967E-01
11.5167 5.990E-01
11.5333 6.013E-01
11.5500 6.035E-01
11.5667 6.057E-01
11.5833 6.080E-01
11.6000 6.101E-01
11.6167 6.123E-01
11.6333 6.145E-01
11.6500 6.166E-01
11.6667 6.187E-01
11.6833 6.204E-01
11.7000 6.229E-01
11.7167 6.249E-01
11.7333 6.270E-01
11.7500 6.290E-01
11.7667 6.310E-01
11.7833 6.329E-01
11.8000 6.349E-01
11.8167 6.368E-01
11.8333 6.387E-01
11.8500 6.406E-01
11.8667 6.424E-01
11.8833 6.443E-01
11.9000 6.460E-01
11.9167 6.479E-01
11.9333 6.497E-01
11.9500 6.514E-01
11.9667 6.523E-01
11.9833 6.539E-01
12.0000 6.565E-01
12.0167 6.581E-01
12.0333 6.598E-01
12.0500 6.614E-01
12.0667 6.630E-01
12.0833 6.645E-01
12.1000 6.660E-01
12.1167 6.675E-01
12.1333 6.690E-01
12.1500 6.705E-01
12.1667 6.719E-01
12.1833 6.733E-01
12.2000 6.747E-01
12.2167 6.761E-01
12.2333 6.774E-01
12.2500 6.787E-01
12.2667 6.800E-01
12.2833 6.812E-01
12.3000 6.825E-01
12.3167 6.837E-01
12.3333 6.849E-01
12.3500 6.860E-01
12.3667 6.871E-01
12.3833 6.882E-01
12.4000 6.891E-01
12.4167 6.903E-01
12.4333 6.909E-01
12.4500 6.918E-01
12.4667 6.933E-01
12.4833 6.943E-01
12.5000 6.952E-01
12.5167 6.961E-01
12.5333 6.959E-01
12.5500 6.976E-01
12.5667 6.986E-01
12.5833 6.994E-01
12.6000 7.001E-01
12.6167 7.008E-01
12.6333 7.015E-01
12.6500 7.022E-01
12.6667 7.029E-01
12.6833 7.035E-01
12.7000 7.041E-01
12.7167 7.046E-01
12.7333 7.051E-01
12.7500 7.056E-01
12.7667 7.061E-01
12.7833 7.063E-01
12.8000 7.065E-01
12.8167 7.069E-01
12.8333 7.071E-01
12.8500 7.070E-01
12.8667 7.075E-01
12.8833 7.079E-01
12.9000 7.083E-01
12.9167 7.086E-01
12.9333 7.090E-01
12.9500 7.092E-01
12.9667 7.095E-01
12.9833 7.097E-01
13.0000 7.098E-01
13.0167 7.099E-01
13.0333 7.100E-01
13.0500 7.100E-01
13.0667 7.099E-01
13.0833 7.099E-01
13.1000 7.097E-01
13.1167 7.095E-01
13.1333 7.093E-01
13.1500 7.090E-01
13.1667 7.087E-01
13.1833 7.084E-01
13.2000 7.080E-01
13.2167 7.076E-01
13.2333 7.071E-01
13.2500 7.071E-01
13.2667 7.070E-01
13.2833 7.067E-01
13.3000 7.063E-01
13.3167 7.061E-01
13.3333 7.058E-01
13.3500 7.052E-01
13.3667 7.047E-01
13.3833 7.042E-01
13.4000 7.036E-01
13.4167 7.030E-01
13.4333 7.024E-01
13.4500 7.017E-01
13.4667 7.010E-01
13.4833 7.003E-01
13.5000 6.996E-01
13.5167 6.988E-01
13.5333 6.980E-01
13.5500 6.962E-01
13.5667 6.961E-01
13.5833 6.954E-01
13.6000 6.945E-01
13.6167 6.936E-01
13.6333 6.924E-01
13.6500 6.908E-01
13.6667 6.906E-01
13.6833 6.893E-01
13.7000 6.885E-01
13.7167 6.874E-01
13.7333 6.863E-01
13.7500 6.851E-01
13.7667 6.840E-01
13.7833 6.828E-01
13.8000 6.815E-01
13.8167 6.803E-01
13.8333 6.790E-01
13.8500 6.777E-01
13.8667 6.764E-01
13.8833 6.750E-01
13.9000 6.737E-01
13.9167 6.723E-01
13.9333 6.708E-01
13.9500 6.694E-01
13.9667 6.679E-01
13.9833 6.664E-01
14.0000 6.649E-01
14.0167 6.633E-01
14.0333 6.618E-01
14.0500 6.602E-01
14.0667 6.586E-01
14.0833 6.569E-01
14.1000 6.545E-01
14.1167 6.520E-01
14.1333 6.518E-01
14.1500 6.501E-01
14.1667 6.483E-01
14.1833 6.464E-01
14.2000 6.447E-01
14.2167 6.429E-01
14.2333 6.411E-01
14.2500 6.392E-01
14.2667 6.373E-01
14.2833 6.354E-01
14.3000 6.334E-01
14.3167 6.315E-01
14.3333 6.295E-01
14.3500 6.275E-01
14.3667 6.254E-01
14.3833 6.234E-01
14.4000 6.213E-01
14.4167 6.192E-01
14.4333 6.171E-01
14.4500 6.150E-01
14.4667 6.129E-01
14.4833 6.107E-01
14.5000 6.085E-01
14.5167 6.063E-01
14.5333 6.040E-01
14.5500 6.018E-01
14.5667 5.995E-01
14.5833 5.973E-01
14.6000 5.949E-01
14.6167 5.925E-01
14.6333 5.902E-01
14.6500 5.874E-01
14.6667 5.855E-01
14.6833 5.832E-01
14.7000 5.807E-01
14.7167 5.783E-01
14.7333 5.759E-01
14.7500 5.734E-01
14.7667 5.709E-01
14.7833 5.677E-01
14.8000 5.659E-01
14.8167 5.634E-01
14.8333 5.608E-01
14.8500 5.583E-01
14.8667 5.557E-01
14.8833 5.531E-01
14.9000 5.505E-01
14.9167 5.479E-01
14.9333 5.452E-01
14.9500 5.426E-01
14.9667 5.395E-01
14.9833 5.373E-01
