11.0000 4.880E-01
11.0167 4.907E-01
11.0333 4.931E-01
11.0500 4.955E-01
11.0667 4.976E-01
11.0833 5.001E-01
11.1000 5.022E-01
11.1167 5.047E-01
11.1333 5.071E-01
11.1500 5.096E-01
11.1667 5.118E-01
11.1833 5.141E-01
11.2000 5.164E-01
11.2167 5.187E-01
11.2333 5.209E-01
11.2500 5.231E-01
11.2667 5.253E-01
11.2833 5.275E-01
11.3000 5.297E-01
11.3167 5.318E-01
11.3333 5.340E-01
11.3500 5.361E-01
11.3667 5.382E-01
11.3833 5.403E-01
11.4000 5.423E-01
11.4167 5.444E-01
11.4333 5.464E-01
11.4500 5.484E-01
11.4667 5.504E-01
11.4833 5.524E-01
11.5000 5.543E-01
11.5167 5.563E-01
11.5333 5.582E-01
11.5500 5.601E-01
11.5667 5.615E-01
11.5833 5.639E-01
11.6000 5.657E-01
11.6167 5.676E-01
11.6333 5.694E-01
11.6500 5.712E-01
11.6667 5.729E-01
11.6833 5.747E-01
11.7000 5.764E-01
11.7167 5.781E-01
11.7333 5.798E-01
11.7500 5.814E-01
11.7667 5.831E-01
11.7833 5.847E-01
11.8000 5.863E-01
11.8167 5.879E-01
11.8333 5.894E-01
11.8500 5.910E-01
11.8667 5.923E-01
11.8833 5.935E-01
11.9000 5.954E-01
11.9167 5.969E-01
11.9333 5.978E-01
11.9500 5.997E-01
11.9667 6.011E-01
11.9833 6.024E-01
12.0000 6.038E-01
12.0167 6.051E-01
12.0333 6.064E-01
12.0500 6.069E-01
12.0667 6.086E-01
12.0833 6.101E-01
12.1000 6.113E-01
12.1167 6.125E-01
12.1333 6.136E-01
12.1500 6.146E-01
12.1667 6.156E-01
12.1833 6.169E-01
12.2000 6.180E-01
12.2167 6.190E-01
12.2333 6.200E-01
12.2500 6.210E-01
12.2667 6.219E-01
12.2833 6.228E-01
12.3000 6.235E-01
12.3167 6.244E-01
12.3333 6.255E-01
12.3500 6.263E-01
12.3667 6.271E-01
12.3833 6.279E-01
12.4000 6.286E-01
12.4167 6.293E-01
12.4333 6.301E-01
12.4500 6.307E-01
12.4667 6.314E-01
12.4833 6.320E-01
12.5000 6.320E-01
12.5167 6.327E-01
12.5333 6.338E-01
12.5500 6.343E-01
12.5667 6.348E-01
12.5833 6.353E-01
12.6000 6.357E-01
12.6167 6.361E-01
12.6333 6.365E-01
12.6500 6.369E-01
12.6667 6.373E-01
12.6833 6.376E-01
12.7000 6.379E-01
12.7167 6.382E-01
12.7333 6.384E-01
12.7500 6.386E-01
12.7667 6.388E-01
12.7833 6.390E-01
12.8000 6.391E-01
12.8167 6.392E-01
12.8333 6.393E-01
12.8500 6.394E-01
12.8667 6.394E-01
12.8833 6.394E-01
12.9000 6.394E-01
12.9167 6.394E-01
12.9333 6.393E-01
12.9500 6.392E-01
12.9667 6.391E-01
12.9833 6.389E-01
13.0000 6.388E-01
13.0167 6.386E-01
13.0333 6.384E-01
13.0500 6.381E-01
13.0667 6.378E-01
13.0833 6.375E-01
13.1000 6.372E-01
13.1167 6.368E-01
13.1333 6.364E-01
13.1500 6.360E-01
13.1667 6.356E-01
13.1833 6.352E-01
13.2000 6.347E-01
13.2167 6.342E-01
13.2333 6.336E-01
13.2500 6.324E-01
13.2667 6.320E-01
13.2833 6.319E-01
13.3000 6.312E-01
13.3167 6.306E-01
13.3333 6.299E-01
13.3500 6.292E-01
13.3667 6.285E-01
13.3833 6.277E-01
13.4000 6.269E-01
13.4167 6.261E-01
13.4333 6.253E-01
13.4500 6.240E-01
13.4667 6.234E-01
13.4833 6.226E-01
13.5000 6.217E-01
13.5167 6.207E-01
13.5333 6.198E-01
13.5500 6.188E-01
13.5667 6.177E-01
13.5833 6.167E-01
13.6000 6.152E-01
13.6167 6.144E-01
13.6333 6.133E-01
13.6500 6.122E-01
13.6667 6.110E-01
13.6833 6.097E-01
13.7000 6.082E-01
13.7167 6.070E-01
13.7333 6.061E-01
13.7500 6.048E-01
13.7667 6.035E-01
13.7833 6.021E-01
13.8000 6.008E-01
13.8167 5.994E-01
13.8333 5.979E-01
13.8500 5.966E-01
13.8667 5.951E-01
13.8833 5.936E-01
13.9000 5.921E-01
13.9167 5.906E-01
13.9333 5.891E-01
13.9500 5.875E-01
13.9667 5.860E-01
13.9833 5.843E-01
14.0000 5.827E-01
14.0167 5.811E-01
14.0333 5.794E-01
14.0500 5.777E-01
14.0667 5.760E-01
14.0833 5.743E-01
14.1000 5.725E-01
14.1167 5.708E-01
14.1333 5.690E-01
14.1500 5.672E-01
14.1667 5.653E-01
14.1833 5.635E-01
14.2000 5.605E-01
14.2167 5.597E-01
14.2333 5.578E-01
14.2500 5.559E-01
14.2667 5.540E-01
14.2833 5.520E-01
14.3000 5.500E-01
14.3167 5.480E-01
14.3333 5.460E-01
14.3500 5.440E-01
14.3667 5.419E-01
14.3833 5.398E-01
14.4000 5.377E-01
14.4167 5.356E-01
14.4333 5.331E-01
14.4500 5.314E-01
14.4667 5.292E-01
14.4833 5.270E-01
14.5000 5.248E-01
14.5167 5.226E-01
14.5333 5.204E-01
14.5500 5.182E-01
14.5667 5.159E-01
14.5833 5.137E-01
14.6000 5.114E-01
14.6167 5.087E-01
14.6333 5.067E-01
14.6500 5.044E-01
14.6667 5.014E-01
14.6833 4.994E-01
14.7000 4.971E-01
14.7167 4.950E-01
14.7333 4.926E-01
14.7500 4.902E-01
14.7667 4.877E-01
14.7833 4.853E-01
14.8000 4.828E-01
14.8167 4.804E-01
14.8333 4.779E-01
14.8500 4.754E-01
14.8667 4.729E-01
14.8833 4.704E-01
14.9000 4.679E-01
14.9167 4.654E-01
14.9333 4.628E-01
14.9500 4.602E-01
14.9667 4.573E-01
14.9833 4.551E-01
