11.0000 4.755E-01
11.0167 4.777E-01
11.0333 4.801E-01
11.0500 4.825E-01
11.0667 4.844E-01
11.0833 4.872E-01
11.1000 4.895E-01
11.1167 4.918E-01
11.1333 4.941E-01
11.1500 4.964E-01
11.1667 4.986E-01
11.1833 5.008E-01
11.2000 5.031E-01
11.2167 5.053E-01
11.2333 5.075E-01
11.2500 5.096E-01
11.2667 5.113E-01
11.2833 5.140E-01
11.3000 5.161E-01
11.3167 5.182E-01
11.3333 5.203E-01
11.3500 5.224E-01
11.3667 5.244E-01
11.3833 5.265E-01
11.4000 5.283E-01
11.4167 5.305E-01
11.4333 5.325E-01
11.4500 5.345E-01
11.4667 5.365E-01
11.4833 5.376E-01
11.5000 5.403E-01
11.5167 5.423E-01
11.5333 5.441E-01
11.5500 5.460E-01
11.5667 5.479E-01
11.5833 5.497E-01
11.6000 5.515E-01
11.6167 5.533E-01
11.6333 5.551E-01
11.6500 5.568E-01
11.6667 5.586E-01
11.6833 5.603E-01
11.7000 5.620E-01
11.7167 5.637E-01
11.7333 5.653E-01
11.7500 5.669E-01
11.7667 5.683E-01
11.7833 5.693E-01
11.8000 5.717E-01
11.8167 5.733E-01
11.8333 5.745E-01
11.8500 5.763E-01
11.8667 5.778E-01
11.8833 5.793E-01
11.9000 5.807E-01
11.9167 5.821E-01
11.9333 5.828E-01
11.9500 5.846E-01
11.9667 5.863E-01
11.9833 5.876E-01
12.0000 5.889E-01
12.0167 5.899E-01
12.0333 5.915E-01
12.0500 5.927E-01
12.0667 5.940E-01
12.0833 5.952E-01
12.1000 5.963E-01
12.1167 5.975E-01
12.1333 5.982E-01
12.1500 5.997E-01
12.1667 6.008E-01
12.1833 6.019E-01
12.2000 6.029E-01
12.2167 6.039E-01
12.2333 6.049E-01
12.2500 6.058E-01
12.2667 6.064E-01
12.2833 6.074E-01
12.3000 6.086E-01
12.3167 6.095E-01
12.3333 6.104E-01
12.3500 6.111E-01
12.3667 6.120E-01
12.3833 6.127E-01
12.4000 6.135E-01
12.4167 6.142E-01
12.4333 6.149E-01
12.4500 6.156E-01
12.4667 6.162E-01
12.4833 6.169E-01
12.5000 6.175E-01
12.5167 6.181E-01
12.5333 6.186E-01
12.5500 6.191E-01
12.5667 6.196E-01
12.5833 6.201E-01
12.6000 6.206E-01
12.6167 6.210E-01
12.6333 6.214E-01
12.6500 6.218E-01
12.6667 6.221E-01
12.6833 6.224E-01
12.7000 6.227E-01
12.7167 6.230E-01
12.7333 6.233E-01
12.7500 6.235E-01
12.7667 6.237E-01
12.7833 6.238E-01
12.8000 6.240E-01
12.8167 6.241E-01
12.8333 6.242E-01
12.8500 6.243E-01
12.8667 6.243E-01
12.8833 6.244E-01
12.9000 6.243E-01
12.9167 6.243E-01
12.9333 6.243E-01
12.9500 6.242E-01
12.9667 6.241E-01
12.9833 6.239E-01
13.0000 6.238E-01
13.0167 6.236E-01
13.0333 6.234E-01
13.0500 6.232E-01
13.0667 6.229E-01
13.0833 6.226E-01
13.1000 6.223E-01
13.1167 6.220E-01
13.1333 6.216E-01
13.1500 6.212E-01
13.1667 6.208E-01
13.1833 6.204E-01
13.2000 6.199E-01
13.2167 6.194E-01
13.2333 6.189E-01
13.2500 6.184E-01
13.2667 6.178E-01
13.2833 6.172E-01
13.3000 6.166E-01
13.3167 6.160E-01
13.3333 6.153E-01
13.3500 6.146E-01
13.3667 6.139E-01
13.3833 6.132E-01
13.4000 6.124E-01
13.4167 6.116E-01
13.4333 6.108E-01
13.4500 6.100E-01
13.4667 6.091E-01
13.4833 6.083E-01
13.5000 6.066E-01
13.5167 6.064E-01
13.5333 6.054E-01
13.5500 6.045E-01
13.5667 6.035E-01
13.5833 6.025E-01
13.6000 6.014E-01
13.6167 6.004E-01
13.6333 5.991E-01
13.6500 5.980E-01
13.6667 5.970E-01
13.6833 5.958E-01
13.7000 5.947E-01
13.7167 5.934E-01
13.7333 5.922E-01
13.7500 5.908E-01
13.7667 5.896E-01
13.7833 5.884E-01
13.8000 5.871E-01
13.8167 5.857E-01
13.8333 5.840E-01
13.8500 5.821E-01
13.8667 5.815E-01
13.8833 5.801E-01
13.9000 5.787E-01
13.9167 5.772E-01
13.9333 5.757E-01
13.9500 5.735E-01
13.9667 5.726E-01
13.9833 5.711E-01
14.0000 5.695E-01
14.0167 5.679E-01
14.0333 5.663E-01
14.0500 5.646E-01
14.0667 5.629E-01
14.0833 5.613E-01
14.1000 5.596E-01
14.1167 5.578E-01
14.1333 5.561E-01
14.1500 5.543E-01
14.1667 5.525E-01
14.1833 5.507E-01
14.2000 5.489E-01
14.2167 5.471E-01
14.2333 5.452E-01
14.2500 5.433E-01
14.2667 5.414E-01
14.2833 5.388E-01
14.3000 5.376E-01
14.3167 5.357E-01
14.3333 5.337E-01
14.3500 5.317E-01
14.3667 5.297E-01
14.3833 5.277E-01
14.4000 5.256E-01
14.4167 5.236E-01
14.4333 5.215E-01
14.4500 5.194E-01
14.4667 5.173E-01
14.4833 5.152E-01
14.5000 5.131E-01
14.5167 5.109E-01
14.5333 5.087E-01
14.5500 5.066E-01
14.5667 5.044E-01
14.5833 5.021E-01
14.6000 4.999E-01
14.6167 4.977E-01
14.6333 4.954E-01
14.6500 4.931E-01
14.6667 4.908E-01
14.6833 4.882E-01
14.7000 4.862E-01
14.7167 4.839E-01
14.7333 4.813E-01
14.7500 4.792E-01
14.7667 4.768E-01
14.7833 4.745E-01
14.8000 4.721E-01
14.8167 4.697E-01
14.8333 4.672E-01
14.8500 4.648E-01
14.8667 4.624E-01
14.8833 4.599E-01
14.9000 4.575E-01
14.9167 4.550E-01
14.9333 4.525E-01
14.9500 4.500E-01
14.9667 4.475E-01
14.9833 4.450E-01
