11.0000 4.827E-01
11.0167 4.852E-01
11.0333 4.875E-01
11.0500 4.901E-01
11.0667 4.926E-01
11.0833 4.950E-01
11.1000 4.975E-01
11.1167 4.999E-01
11.1333 5.021E-01
11.1500 5.047E-01
11.1667 5.070E-01
11.1833 5.088E-01
11.2000 5.118E-01
11.2167 5.141E-01
11.2333 5.164E-01
11.2500 5.187E-01
11.2667 5.210E-01
11.2833 5.233E-01
11.3000 5.255E-01
11.3167 5.278E-01
11.3333 5.300E-01
11.3500 5.322E-01
11.3667 5.344E-01
11.3833 5.366E-01
11.4000 5.387E-01
11.4167 5.409E-01
11.4333 5.430E-01
11.4500 5.451E-01
11.4667 5.472E-01
11.4833 5.493E-01
11.5000 5.512E-01
11.5167 5.534E-01
11.5333 5.553E-01
11.5500 5.574E-01
11.5667 5.594E-01
11.5833 5.613E-01
11.6000 5.627E-01
11.6167 5.652E-01
11.6333 5.671E-01
11.6500 5.690E-01
11.6667 5.709E-01
11.6833 5.727E-01
11.7000 5.746E-01
11.7167 5.764E-01
11.7333 5.782E-01
11.7500 5.799E-01
11.7667 5.817E-01
11.7833 5.834E-01
11.8000 5.851E-01
11.8167 5.868E-01
11.8333 5.885E-01
11.8500 5.901E-01
11.8667 5.918E-01
11.8833 5.931E-01
11.9000 5.940E-01
11.9167 5.965E-01
11.9333 5.980E-01
11.9500 5.990E-01
11.9667 6.011E-01
11.9833 6.025E-01
12.0000 6.040E-01
12.0167 6.054E-01
12.0333 6.068E-01
12.0500 6.075E-01
12.0667 6.093E-01
12.0833 6.109E-01
12.1000 6.122E-01
12.1167 6.135E-01
12.1333 6.148E-01
12.1500 6.157E-01
12.1667 6.173E-01
12.1833 6.185E-01
12.2000 6.196E-01
12.2167 6.208E-01
12.2333 6.219E-01
12.2500 6.230E-01
12.2667 6.240E-01
12.2833 6.248E-01
12.3000 6.262E-01
12.3167 6.272E-01
12.3333 6.282E-01
12.3500 6.291E-01
12.3667 6.300E-01
12.3833 6.310E-01
12.4000 6.318E-01
12.4167 6.327E-01
12.4333 6.326E-01
12.4500 6.344E-01
12.4667 6.352E-01
12.4833 6.359E-01
12.5000 6.367E-01
12.5167 6.373E-01
12.5333 6.381E-01
12.5500 6.387E-01
12.5667 6.394E-01
12.5833 6.400E-01
12.6000 6.406E-01
12.6167 6.411E-01
12.6333 6.417E-01
12.6500 6.422E-01
12.6667 6.426E-01
12.6833 6.431E-01
12.7000 6.435E-01
12.7167 6.439E-01
12.7333 6.443E-01
12.7500 6.447E-01
12.7667 6.450E-01
12.7833 6.453E-01
12.8000 6.456E-01
12.8167 6.458E-01
12.8333 6.461E-01
12.8500 6.462E-01
12.8667 6.464E-01
12.8833 6.466E-01
12.9000 6.467E-01
12.9167 6.468E-01
12.9333 6.469E-01
12.9500 6.469E-01
12.9667 6.469E-01
12.9833 6.469E-01
13.0000 6.469E-01
13.0167 6.468E-01
13.0333 6.467E-01
13.0500 6.466E-01
13.0667 6.465E-01
13.0833 6.463E-01
13.1000 6.461E-01
13.1167 6.459E-01
13.1333 6.457E-01
13.1500 6.454E-01
13.1667 6.451E-01
13.1833 6.448E-01
13.2000 6.445E-01
13.2167 6.441E-01
13.2333 6.437E-01
13.2500 6.433E-01
13.2667 6.428E-01
13.2833 6.424E-01
13.3000 6.419E-01
13.3167 6.413E-01
13.3333 6.408E-01
13.3500 6.402E-01
13.3667 6.396E-01
13.3833 6.390E-01
13.4000 6.383E-01
13.4167 6.376E-01
13.4333 6.369E-01
13.4500 6.362E-01
13.4667 6.355E-01
13.4833 6.347E-01
13.5000 6.333E-01
13.5167 6.327E-01
13.5333 6.322E-01
13.5500 6.313E-01
13.5667 6.304E-01
13.5833 6.295E-01
13.6000 6.286E-01
13.6167 6.276E-01
13.6333 6.266E-01
13.6500 6.255E-01
13.6667 6.242E-01
13.6833 6.234E-01
13.7000 6.223E-01
13.7167 6.212E-01
13.7333 6.201E-01
13.7500 6.189E-01
13.7667 6.177E-01
13.7833 6.163E-01
13.8000 6.152E-01
13.8167 6.140E-01
13.8333 6.127E-01
13.8500 6.114E-01
13.8667 6.097E-01
13.8833 6.077E-01
13.9000 6.074E-01
13.9167 6.060E-01
13.9333 6.046E-01
13.9500 6.031E-01
13.9667 6.016E-01
13.9833 6.002E-01
14.0000 5.985E-01
14.0167 5.971E-01
14.0333 5.953E-01
14.0500 5.940E-01
14.0667 5.924E-01
14.0833 5.908E-01
14.1000 5.891E-01
14.1167 5.875E-01
14.1333 5.858E-01
14.1500 5.841E-01
14.1667 5.824E-01
14.1833 5.806E-01
14.2000 5.789E-01
14.2167 5.771E-01
14.2333 5.753E-01
14.2500 5.735E-01
14.2667 5.716E-01
14.2833 5.698E-01
14.3000 5.679E-01
14.3167 5.660E-01
14.3333 5.641E-01
14.3500 5.608E-01
14.3667 5.601E-01
14.3833 5.582E-01
14.4000 5.562E-01
14.4167 5.542E-01
14.4333 5.520E-01
14.4500 5.501E-01
14.4667 5.480E-01
14.4833 5.459E-01
14.5000 5.438E-01
14.5167 5.417E-01
14.5333 5.396E-01
14.5500 5.374E-01
14.5667 5.353E-01
14.5833 5.331E-01
14.6000 5.309E-01
14.6167 5.286E-01
14.6333 5.264E-01
14.6500 5.242E-01
14.6667 5.219E-01
14.6833 5.196E-01
14.7000 5.173E-01
14.7167 5.150E-01
14.7333 5.127E-01
14.7500 5.103E-01
14.7667 5.079E-01
14.7833 5.053E-01
14.8000 5.030E-01
14.8167 5.007E-01
14.8333 4.982E-01
14.8500 4.960E-01
14.8667 4.936E-01
14.8833 4.911E-01
14.9000 4.886E-01
14.9167 4.862E-01
14.9333 4.837E-01
14.9500 4.812E-01
14.9667 4.787E-01
14.9833 4.762E-01
