11.0000 5.155E-01
11.0167 5.181E-01
11.0333 5.206E-01
11.0500 5.231E-01
11.0667 5.256E-01
11.0833 5.281E-01
11.1000 5.306E-01
11.1167 5.324E-01
11.1333 5.356E-01
11.1500 5.380E-01
11.1667 5.404E-01
11.1833 5.424E-01
11.2000 5.448E-01
11.2167 5.469E-01
11.2333 5.500E-01
11.2500 5.523E-01
11.2667 5.544E-01
11.2833 5.569E-01
11.3000 5.592E-01
11.3167 5.615E-01
11.3333 5.638E-01
11.3500 5.660E-01
11.3667 5.682E-01
11.3833 5.704E-01
11.4000 5.726E-01
11.4167 5.748E-01
11.4333 5.769E-01
11.4500 5.791E-01
11.4667 5.809E-01
11.4833 5.833E-01
11.5000 5.854E-01
11.5167 5.874E-01
11.5333 5.894E-01
11.5500 5.915E-01
11.5667 5.935E-01
11.5833 5.954E-01
11.6000 5.974E-01
11.6167 5.993E-01
11.6333 6.011E-01
11.6500 6.031E-01
11.6667 6.050E-01
11.6833 6.069E-01
11.7000 6.087E-01
11.7167 6.105E-01
11.7333 6.114E-01
11.7500 6.133E-01
11.7667 6.158E-01
11.7833 6.175E-01
11.8000 6.192E-01
11.8167 6.209E-01
11.8333 6.225E-01
11.8500 6.242E-01
11.8667 6.258E-01
11.8833 6.274E-01
11.9000 6.289E-01
11.9167 6.305E-01
11.9333 6.320E-01
11.9500 6.335E-01
11.9667 6.350E-01
11.9833 6.364E-01
12.0000 6.378E-01
12.0167 6.392E-01
12.0333 6.406E-01
12.0500 6.419E-01
12.0667 6.433E-01
12.0833 6.446E-01
12.1000 6.458E-01
12.1167 6.470E-01
12.1333 6.475E-01
12.1500 6.495E-01
12.1667 6.507E-01
12.1833 6.519E-01
12.2000 6.524E-01
12.2167 6.540E-01
12.2333 6.552E-01
12.2500 6.562E-01
12.2667 6.573E-01
12.2833 6.583E-01
12.3000 6.592E-01
12.3167 6.602E-01
12.3333 6.611E-01
12.3500 6.620E-01
12.3667 6.624E-01
12.3833 6.627E-01
12.4000 6.641E-01
12.4167 6.651E-01
12.4333 6.661E-01
12.4500 6.669E-01
12.4667 6.676E-01
12.4833 6.683E-01
12.5000 6.689E-01
12.5167 6.696E-01
12.5333 6.701E-01
12.5500 6.706E-01
12.5667 6.710E-01
12.5833 6.715E-01
12.6000 6.722E-01
12.6167 6.728E-01
12.6333 6.733E-01
12.6500 6.737E-01
12.6667 6.741E-01
12.6833 6.745E-01
12.7000 6.748E-01
12.7167 6.751E-01
12.7333 6.754E-01
12.7500 6.757E-01
12.7667 6.759E-01
12.7833 6.761E-01
12.8000 6.763E-01
12.8167 6.764E-01
12.8333 6.766E-01
12.8500 6.767E-01
12.8667 6.767E-01
12.8833 6.768E-01
12.9000 6.768E-01
12.9167 6.768E-01
12.9333 6.767E-01
12.9500 6.767E-01
12.9667 6.766E-01
12.9833 6.765E-01
13.0000 6.763E-01
13.0167 6.761E-01
13.0333 6.759E-01
13.0500 6.757E-01
13.0667 6.755E-01
13.0833 6.752E-01
13.1000 6.749E-01
13.1167 6.745E-01
13.1333 6.742E-01
13.1500 6.738E-01
13.1667 6.734E-01
13.1833 6.729E-01
13.2000 6.724E-01
13.2167 6.717E-01
13.2333 6.711E-01
13.2500 6.707E-01
13.2667 6.702E-01
13.2833 6.697E-01
13.3000 6.691E-01
13.3167 6.684E-01
13.3333 6.677E-01
13.3500 6.670E-01
13.3667 6.663E-01
13.3833 6.654E-01
13.4000 6.642E-01
13.4167 6.631E-01
13.4333 6.625E-01
13.4500 6.621E-01
13.4667 6.613E-01
13.4833 6.604E-01
13.5000 6.594E-01
13.5167 6.585E-01
13.5333 6.575E-01
13.5500 6.565E-01
13.5667 6.554E-01
13.5833 6.543E-01
13.6000 6.523E-01
13.6167 6.521E-01
13.6333 6.510E-01
13.6500 6.498E-01
13.6667 6.475E-01
13.6833 6.474E-01
13.7000 6.460E-01
13.7167 6.449E-01
13.7333 6.436E-01
13.7500 6.422E-01
13.7667 6.409E-01
13.7833 6.395E-01
13.8000 6.381E-01
13.8167 6.367E-01
13.8333 6.353E-01
13.8500 6.338E-01
13.8667 6.323E-01
13.8833 6.308E-01
13.9000 6.293E-01
13.9167 6.277E-01
13.9333 6.261E-01
13.9500 6.245E-01
13.9667 6.229E-01
13.9833 6.213E-01
14.0000 6.196E-01
14.0167 6.179E-01
14.0333 6.162E-01
14.0500 6.142E-01
14.0667 6.112E-01
14.0833 6.109E-01
14.1000 6.091E-01
14.1167 6.073E-01
14.1333 6.054E-01
14.1500 6.036E-01
14.1667 6.014E-01
14.1833 5.998E-01
14.2000 5.978E-01
14.2167 5.959E-01
14.2333 5.939E-01
14.2500 5.919E-01
14.2667 5.899E-01
14.2833 5.879E-01
14.3000 5.858E-01
14.3167 5.838E-01
14.3333 5.809E-01
14.3500 5.796E-01
14.3667 5.774E-01
14.3833 5.753E-01
14.4000 5.731E-01
14.4167 5.709E-01
14.4333 5.687E-01
14.4500 5.665E-01
14.4667 5.643E-01
14.4833 5.620E-01
14.5000 5.597E-01
14.5167 5.575E-01
14.5333 5.544E-01
14.5500 5.528E-01
14.5667 5.504E-01
14.5833 5.474E-01
14.6000 5.457E-01
14.6167 5.432E-01
14.6333 5.410E-01
14.6500 5.385E-01
14.6667 5.361E-01
14.6833 5.337E-01
14.7000 5.310E-01
14.7167 5.287E-01
14.7333 5.262E-01
14.7500 5.237E-01
14.7667 5.212E-01
14.7833 5.187E-01
14.8000 5.161E-01
14.8167 5.135E-01
14.8333 5.110E-01
14.8500 5.084E-01
14.8667 5.058E-01
14.8833 5.031E-01
14.9000 5.005E-01
14.9167 4.979E-01
14.9333 4.952E-01
14.9500 4.925E-01
14.9667 4.899E-01
14.9833 4.872E-01
