11.0000 5.769E-01
11.0167 5.800E-01
11.0333 5.830E-01
11.0500 5.858E-01
11.0667 5.891E-01
11.0833 5.921E-01
11.1000 5.951E-01
11.1167 5.981E-01
11.1333 6.010E-01
11.1500 6.037E-01
11.1667 6.069E-01
11.1833 6.099E-01
11.2000 6.128E-01
11.2167 6.156E-01
11.2333 6.185E-01
11.2500 6.207E-01
11.2667 6.242E-01
11.2833 6.270E-01
11.3000 6.298E-01
11.3167 6.326E-01
11.3333 6.354E-01
11.3500 6.379E-01
11.3667 6.409E-01
11.3833 6.436E-01
11.4000 6.463E-01
11.4167 6.490E-01
11.4333 6.516E-01
11.4500 6.543E-01
11.4667 6.569E-01
11.4833 6.595E-01
11.5000 6.620E-01
11.5167 6.646E-01
11.5333 6.670E-01
11.5500 6.696E-01
11.5667 6.722E-01
11.5833 6.746E-01
11.6000 6.771E-01
11.6167 6.794E-01
11.6333 6.809E-01
11.6500 6.843E-01
11.6667 6.867E-01
11.6833 6.890E-01
11.7000 6.914E-01
11.7167 6.936E-01
11.7333 6.959E-01
11.7500 6.982E-01
11.7667 6.999E-01
11.7833 7.026E-01
11.8000 7.044E-01
11.8167 7.069E-01
11.8333 7.091E-01
11.8500 7.112E-01
11.8667 7.133E-01
11.8833 7.154E-01
11.9000 7.174E-01
11.9167 7.194E-01
11.9333 7.214E-01
11.9500 7.234E-01
11.9667 7.253E-01
11.9833 7.272E-01
12.0000 7.291E-01
12.0167 7.310E-01
12.0333 7.328E-01
12.0500 7.346E-01
12.0667 7.364E-01
12.0833 7.382E-01
12.1000 7.399E-01
12.1167 7.416E-01
12.1333 7.433E-01
12.1500 7.448E-01
12.1667 7.466E-01
12.1833 7.482E-01
12.2000 7.497E-01
12.2167 7.513E-01
12.2333 7.528E-01
12.2500 7.543E-01
12.2667 7.557E-01
12.2833 7.572E-01
12.3000 7.586E-01
12.3167 7.600E-01
12.3333 7.613E-01
12.3500 7.626E-01
12.3667 7.639E-01
12.3833 7.652E-01
12.4000 7.664E-01
12.4167 7.676E-01
12.4333 7.688E-01
12.4500 7.698E-01
12.4667 7.708E-01
12.4833 7.721E-01
12.5000 7.732E-01
12.5167 7.742E-01
12.5333 7.752E-01
12.5500 7.760E-01
12.5667 7.771E-01
12.5833 7.781E-01
12.6000 7.790E-01
12.6167 7.798E-01
12.6333 7.806E-01
12.6500 7.814E-01
12.6667 7.822E-01
12.6833 7.828E-01
12.7000 7.827E-01
12.7167 7.827E-01
12.7333 7.845E-01
12.7500 7.851E-01
12.7667 7.849E-01
12.7833 7.860E-01
12.8000 7.872E-01
12.8167 7.877E-01
12.8333 7.882E-01
12.8500 7.886E-01
12.8667 7.890E-01
12.8833 7.894E-01
12.9000 7.897E-01
12.9167 7.900E-01
12.9333 7.903E-01
12.9500 7.906E-01
12.9667 7.908E-01
12.9833 7.910E-01
13.0000 7.911E-01
13.0167 7.913E-01
13.0333 7.914E-01
13.0500 7.914E-01
13.0667 7.914E-01
13.0833 7.915E-01
13.1000 7.914E-01
13.1167 7.914E-01
13.1333 7.913E-01
13.1500 7.912E-01
13.1667 7.910E-01
13.1833 7.908E-01
13.2000 7.906E-01
13.2167 7.904E-01
13.2333 7.901E-01
13.2500 7.898E-01
13.2667 7.895E-01
13.2833 7.891E-01
13.3000 7.887E-01
13.3167 7.883E-01
13.3333 7.878E-01
13.3500 7.873E-01
13.3667 7.863E-01
13.3833 7.850E-01
13.4000 7.851E-01
13.4167 7.848E-01
13.4333 7.831E-01
13.4500 7.826E-01
13.4667 7.829E-01
13.4833 7.823E-01
13.5000 7.816E-01
13.5167 7.808E-01
13.5333 7.800E-01
13.5500 7.791E-01
13.5667 7.782E-01
13.5833 7.773E-01
13.6000 7.762E-01
13.6167 7.754E-01
13.6333 7.744E-01
13.6500 7.734E-01
13.6667 7.723E-01
13.6833 7.711E-01
13.7000 7.700E-01
13.7167 7.690E-01
13.7333 7.678E-01
13.7500 7.666E-01
13.7667 7.654E-01
13.7833 7.641E-01
13.8000 7.629E-01
13.8167 7.615E-01
13.8333 7.602E-01
13.8500 7.588E-01
13.8667 7.574E-01
13.8833 7.560E-01
13.9000 7.545E-01
13.9167 7.531E-01
13.9333 7.516E-01
13.9500 7.500E-01
13.9667 7.485E-01
13.9833 7.469E-01
14.0000 7.452E-01
14.0167 7.433E-01
14.0333 7.419E-01
14.0500 7.402E-01
14.0667 7.385E-01
14.0833 7.367E-01
14.1000 7.350E-01
14.1167 7.332E-01
14.1333 7.313E-01
14.1500 7.295E-01
14.1667 7.276E-01
14.1833 7.257E-01
14.2000 7.237E-01
14.2167 7.218E-01
14.2333 7.198E-01
14.2500 7.178E-01
14.2667 7.157E-01
14.2833 7.137E-01
14.3000 7.116E-01
14.3167 7.094E-01
14.3333 7.073E-01
14.3500 7.047E-01
14.3667 7.030E-01
14.3833 6.997E-01
14.4000 6.986E-01
14.4167 6.962E-01
14.4333 6.941E-01
14.4500 6.918E-01
14.4667 6.895E-01
14.4833 6.871E-01
14.5000 6.848E-01
14.5167 6.819E-01
14.5333 6.800E-01
14.5500 6.775E-01
14.5667 6.751E-01
14.5833 6.726E-01
14.6000 6.701E-01
14.6167 6.669E-01
14.6333 6.651E-01
14.6500 6.625E-01
14.6667 6.599E-01
14.6833 6.573E-01
14.7000 6.547E-01
14.7167 6.521E-01
14.7333 6.494E-01
14.7500 6.464E-01
14.7667 6.441E-01
14.7833 6.414E-01
14.8000 6.381E-01
14.8167 6.359E-01
14.8333 6.331E-01
14.8500 6.302E-01
14.8667 6.275E-01
14.8833 6.247E-01
14.9000 6.219E-01
14.9167 6.190E-01
14.9333 6.162E-01
14.9500 6.133E-01
14.9667 6.104E-01
14.9833 6.075E-01
