11.0000 5.053E-01
11.0167 5.078E-01
11.0333 5.104E-01
11.0500 5.129E-01
11.0667 5.154E-01
11.0833 5.179E-01
11.1000 5.197E-01
11.1167 5.228E-01
11.1333 5.253E-01
11.1500 5.277E-01
11.1667 5.298E-01
11.1833 5.324E-01
11.2000 5.342E-01
11.2167 5.373E-01
11.2333 5.397E-01
11.2500 5.416E-01
11.2667 5.444E-01
11.2833 5.467E-01
11.3000 5.490E-01
11.3167 5.513E-01
11.3333 5.535E-01
11.3500 5.558E-01
11.3667 5.581E-01
11.3833 5.603E-01
11.4000 5.625E-01
11.4167 5.647E-01
11.4333 5.668E-01
11.4500 5.690E-01
11.4667 5.711E-01
11.4833 5.732E-01
11.5000 5.753E-01
11.5167 5.774E-01
11.5333 5.794E-01
11.5500 5.814E-01
11.5667 5.835E-01
11.5833 5.855E-01
11.6000 5.873E-01
11.6167 5.894E-01
11.6333 5.912E-01
11.6500 5.932E-01
11.6667 5.951E-01
11.6833 5.970E-01
11.7000 5.983E-01
11.7167 6.007E-01
11.7333 6.025E-01
11.7500 6.043E-01
11.7667 6.060E-01
11.7833 6.078E-01
11.8000 6.095E-01
11.8167 6.112E-01
11.8333 6.129E-01
11.8500 6.146E-01
11.8667 6.162E-01
11.8833 6.178E-01
11.9000 6.194E-01
11.9167 6.210E-01
11.9333 6.225E-01
11.9500 6.241E-01
11.9667 6.256E-01
11.9833 6.270E-01
12.0000 6.285E-01
12.0167 6.299E-01
12.0333 6.311E-01
12.0500 6.321E-01
12.0667 6.341E-01
12.0833 6.354E-01
12.1000 6.367E-01
12.1167 6.374E-01
12.1333 6.393E-01
12.1500 6.405E-01
12.1667 6.417E-01
12.1833 6.429E-01
12.2000 6.441E-01
12.2167 6.452E-01
12.2333 6.462E-01
12.2500 6.467E-01
12.2667 6.481E-01
12.2833 6.495E-01
12.3000 6.506E-01
12.3167 6.516E-01
12.3333 6.526E-01
12.3500 6.535E-01
12.3667 6.543E-01
12.3833 6.550E-01
12.4000 6.560E-01
12.4167 6.570E-01
12.4333 6.578E-01
12.4500 6.586E-01
12.4667 6.594E-01
12.4833 6.601E-01
12.5000 6.608E-01
12.5167 6.615E-01
12.5333 6.622E-01
12.5500 6.628E-01
12.5667 6.634E-01
12.5833 6.640E-01
12.6000 6.642E-01
12.6167 6.645E-01
12.6333 6.654E-01
12.6500 6.661E-01
12.6667 6.665E-01
12.6833 6.669E-01
12.7000 6.673E-01
12.7167 6.677E-01
12.7333 6.680E-01
12.7500 6.684E-01
12.7667 6.687E-01
12.7833 6.689E-01
12.8000 6.691E-01
12.8167 6.693E-01
12.8333 6.695E-01
12.8500 6.697E-01
12.8667 6.698E-01
12.8833 6.699E-01
12.9000 6.700E-01
12.9167 6.700E-01
12.9333 6.700E-01
12.9500 6.700E-01
12.9667 6.700E-01
12.9833 6.699E-01
13.0000 6.698E-01
13.0167 6.697E-01
13.0333 6.696E-01
13.0500 6.694E-01
13.0667 6.693E-01
13.0833 6.691E-01
13.1000 6.688E-01
13.1167 6.685E-01
13.1333 6.682E-01
13.1500 6.679E-01
13.1667 6.676E-01
13.1833 6.672E-01
13.2000 6.668E-01
13.2167 6.664E-01
13.2333 6.659E-01
13.2500 6.651E-01
13.2667 6.643E-01
13.2833 6.642E-01
13.3000 6.638E-01
13.3167 6.632E-01
13.3333 6.626E-01
13.3500 6.619E-01
13.3667 6.613E-01
13.3833 6.606E-01
13.4000 6.599E-01
13.4167 6.591E-01
13.4333 6.583E-01
13.4500 6.575E-01
13.4667 6.567E-01
13.4833 6.556E-01
13.5000 6.548E-01
13.5167 6.540E-01
13.5333 6.531E-01
13.5500 6.522E-01
13.5667 6.512E-01
13.5833 6.502E-01
13.6000 6.488E-01
13.6167 6.475E-01
13.6333 6.465E-01
13.6500 6.460E-01
13.6667 6.448E-01
13.6833 6.437E-01
13.7000 6.425E-01
13.7167 6.413E-01
13.7333 6.401E-01
13.7500 6.388E-01
13.7667 6.367E-01
13.7833 6.362E-01
13.8000 6.349E-01
13.8167 6.332E-01
13.8333 6.322E-01
13.8500 6.306E-01
13.8667 6.294E-01
13.8833 6.280E-01
13.9000 6.265E-01
13.9167 6.250E-01
13.9333 6.235E-01
13.9500 6.220E-01
13.9667 6.204E-01
13.9833 6.188E-01
14.0000 6.172E-01
14.0167 6.156E-01
14.0333 6.140E-01
14.0500 6.123E-01
14.0667 6.106E-01
14.0833 6.089E-01
14.1000 6.072E-01
14.1167 6.054E-01
14.1333 6.036E-01
14.1500 6.018E-01
14.1667 6.000E-01
14.1833 5.970E-01
14.2000 5.963E-01
14.2167 5.944E-01
14.2333 5.925E-01
14.2500 5.906E-01
14.2667 5.887E-01
14.2833 5.866E-01
14.3000 5.847E-01
14.3167 5.827E-01
14.3333 5.807E-01
14.3500 5.787E-01
14.3667 5.766E-01
14.3833 5.745E-01
14.4000 5.724E-01
14.4167 5.703E-01
14.4333 5.678E-01
14.4500 5.660E-01
14.4667 5.639E-01
14.4833 5.617E-01
14.5000 5.595E-01
14.5167 5.572E-01
14.5333 5.550E-01
14.5500 5.527E-01
14.5667 5.505E-01
14.5833 5.482E-01
14.6000 5.459E-01
14.6167 5.436E-01
14.6333 5.412E-01
14.6500 5.388E-01
14.6667 5.365E-01
14.6833 5.341E-01
14.7000 5.317E-01
14.7167 5.293E-01
14.7333 5.269E-01
14.7500 5.244E-01
14.7667 5.220E-01
14.7833 5.195E-01
14.8000 5.170E-01
14.8167 5.145E-01
14.8333 5.120E-01
14.8500 5.090E-01
14.8667 5.069E-01
14.8833 5.043E-01
14.9000 5.018E-01
14.9167 4.992E-01
14.9333 4.966E-01
14.9500 4.939E-01
14.9667 4.914E-01
14.9833 4.887E-01
