11.0000 5.030E-01
11.0167 5.060E-01
11.0333 5.086E-01
11.0500 5.110E-01
11.0667 5.135E-01
11.0833 5.160E-01
11.1000 5.184E-01
11.1167 5.208E-01
11.1333 5.232E-01
11.1500 5.255E-01
11.1667 5.279E-01
11.1833 5.304E-01
11.2000 5.327E-01
11.2167 5.348E-01
11.2333 5.374E-01
11.2500 5.397E-01
11.2667 5.420E-01
11.2833 5.443E-01
11.3000 5.465E-01
11.3167 5.488E-01
11.3333 5.510E-01
11.3500 5.532E-01
11.3667 5.554E-01
11.3833 5.576E-01
11.4000 5.597E-01
11.4167 5.619E-01
11.4333 5.640E-01
11.4500 5.661E-01
11.4667 5.682E-01
11.4833 5.702E-01
11.5000 5.723E-01
11.5167 5.743E-01
11.5333 5.763E-01
11.5500 5.783E-01
11.5667 5.800E-01
11.5833 5.822E-01
11.6000 5.840E-01
11.6167 5.861E-01
11.6333 5.879E-01
11.6500 5.898E-01
11.6667 5.912E-01
11.6833 5.935E-01
11.7000 5.953E-01
11.7167 5.971E-01
11.7333 5.988E-01
11.7500 6.006E-01
11.7667 6.023E-01
11.7833 6.040E-01
11.8000 6.057E-01
11.8167 6.073E-01
11.8333 6.090E-01
11.8500 6.106E-01
11.8667 6.122E-01
11.8833 6.137E-01
11.9000 6.153E-01
11.9167 6.168E-01
11.9333 6.183E-01
11.9500 6.198E-01
11.9667 6.212E-01
11.9833 6.226E-01
12.0000 6.238E-01
12.0167 6.246E-01
12.0333 6.268E-01
12.0500 6.281E-01
12.0667 6.294E-01
12.0833 6.304E-01
12.1000 6.320E-01
12.1167 6.332E-01
12.1333 6.344E-01
12.1500 6.356E-01
12.1667 6.368E-01
12.1833 6.379E-01
12.2000 6.388E-01
12.2167 6.391E-01
12.2333 6.407E-01
12.2500 6.423E-01
12.2667 6.433E-01
12.2833 6.443E-01
12.3000 6.453E-01
12.3167 6.462E-01
12.3333 6.470E-01
12.3500 6.477E-01
12.3667 6.489E-01
12.3833 6.497E-01
12.4000 6.505E-01
12.4167 6.513E-01
12.4333 6.521E-01
12.4500 6.528E-01
12.4667 6.535E-01
12.4833 6.542E-01
12.5000 6.549E-01
12.5167 6.555E-01
12.5333 6.561E-01
12.5500 6.564E-01
12.5667 6.567E-01
12.5833 6.577E-01
12.6000 6.583E-01
12.6167 6.588E-01
12.6333 6.593E-01
12.6500 6.597E-01
12.6667 6.601E-01
12.6833 6.605E-01
12.7000 6.608E-01
12.7167 6.611E-01
12.7333 6.614E-01
12.7500 6.616E-01
12.7667 6.619E-01
12.7833 6.621E-01
12.8000 6.623E-01
12.8167 6.625E-01
12.8333 6.626E-01
12.8500 6.627E-01
12.8667 6.628E-01
12.8833 6.629E-01
12.9000 6.629E-01
12.9167 6.629E-01
12.9333 6.629E-01
12.9500 6.628E-01
12.9667 6.627E-01
12.9833 6.626E-01
13.0000 6.625E-01
13.0167 6.623E-01
13.0333 6.621E-01
13.0500 6.619E-01
13.0667 6.617E-01
13.0833 6.614E-01
13.1000 6.611E-01
13.1167 6.608E-01
13.1333 6.605E-01
13.1500 6.601E-01
13.1667 6.597E-01
13.1833 6.593E-01
13.2000 6.588E-01
13.2167 6.584E-01
13.2333 6.577E-01
13.2500 6.568E-01
13.2667 6.564E-01
13.2833 6.562E-01
13.3000 6.556E-01
13.3167 6.549E-01
13.3333 6.543E-01
13.3500 6.536E-01
13.3667 6.529E-01
13.3833 6.521E-01
13.4000 6.514E-01
13.4167 6.506E-01
13.4333 6.498E-01
13.4500 6.489E-01
13.4667 6.478E-01
13.4833 6.470E-01
13.5000 6.463E-01
13.5167 6.453E-01
13.5333 6.444E-01
13.5500 6.434E-01
13.5667 6.423E-01
13.5833 6.407E-01
13.6000 6.393E-01
13.6167 6.388E-01
13.6333 6.380E-01
13.6500 6.369E-01
13.6667 6.357E-01
13.6833 6.345E-01
13.7000 6.333E-01
13.7167 6.321E-01
13.7333 6.306E-01
13.7500 6.294E-01
13.7667 6.282E-01
13.7833 6.269E-01
13.8000 6.246E-01
13.8167 6.240E-01
13.8333 6.227E-01
13.8500 6.213E-01
13.8667 6.199E-01
13.8833 6.184E-01
13.9000 6.169E-01
13.9167 6.154E-01
13.9333 6.138E-01
13.9500 6.123E-01
13.9667 6.107E-01
13.9833 6.091E-01
14.0000 6.074E-01
14.0167 6.058E-01
14.0333 6.041E-01
14.0500 6.024E-01
14.0667 6.007E-01
14.0833 5.990E-01
14.1000 5.972E-01
14.1167 5.954E-01
14.1333 5.936E-01
14.1500 5.913E-01
14.1667 5.899E-01
14.1833 5.881E-01
14.2000 5.862E-01
14.2167 5.842E-01
14.2333 5.824E-01
14.2500 5.802E-01
14.2667 5.784E-01
14.2833 5.765E-01
14.3000 5.745E-01
14.3167 5.724E-01
14.3333 5.704E-01
14.3500 5.683E-01
14.3667 5.663E-01
14.3833 5.642E-01
14.4000 5.620E-01
14.4167 5.599E-01
14.4333 5.578E-01
14.4500 5.556E-01
14.4667 5.534E-01
14.4833 5.512E-01
14.5000 5.490E-01
14.5167 5.467E-01
14.5333 5.445E-01
14.5500 5.422E-01
14.5667 5.399E-01
14.5833 5.376E-01
14.6000 5.348E-01
14.6167 5.329E-01
14.6333 5.306E-01
14.6500 5.278E-01
14.6667 5.256E-01
14.6833 5.232E-01
14.7000 5.210E-01
14.7167 5.186E-01
14.7333 5.162E-01
14.7500 5.137E-01
14.7667 5.112E-01
14.7833 5.088E-01
14.8000 5.063E-01
14.8167 5.030E-01
14.8333 5.012E-01
14.8500 4.987E-01
14.8667 4.961E-01
14.8833 4.936E-01
14.9000 4.910E-01
14.9167 4.882E-01
14.9333 4.858E-01
14.9500 4.832E-01
14.9667 4.806E-01
14.9833 4.778E-01
