11.0000 5.179E-01
11.0167 5.209E-01
11.0333 5.240E-01
11.0500 5.270E-01
11.0667 5.296E-01
11.0833 5.330E-01
11.1000 5.360E-01
11.1167 5.390E-01
11.1333 5.419E-01
11.1500 5.449E-01
11.1667 5.478E-01
11.1833 5.503E-01
11.2000 5.537E-01
11.2167 5.566E-01
11.2333 5.595E-01
11.2500 5.624E-01
11.2667 5.653E-01
11.2833 5.681E-01
11.3000 5.709E-01
11.3167 5.737E-01
11.3333 5.765E-01
11.3500 5.793E-01
11.3667 5.817E-01
11.3833 5.849E-01
11.4000 5.876E-01
11.4167 5.902E-01
11.4333 5.930E-01
11.4500 5.957E-01
11.4667 5.978E-01
11.4833 6.010E-01
11.5000 6.037E-01
11.5167 6.060E-01
11.5333 6.089E-01
11.5500 6.115E-01
11.5667 6.140E-01
11.5833 6.166E-01
11.6000 6.191E-01
11.6167 6.216E-01
11.6333 6.241E-01
11.6500 6.266E-01
11.6667 6.290E-01
11.6833 6.315E-01
11.7000 6.339E-01
11.7167 6.361E-01
11.7333 6.383E-01
11.7500 6.410E-01
11.7667 6.433E-01
11.7833 6.456E-01
11.8000 6.479E-01
11.8167 6.502E-01
11.8333 6.524E-01
11.8500 6.546E-01
11.8667 6.556E-01
11.8833 6.590E-01
11.9000 6.608E-01
11.9167 6.632E-01
11.9333 6.647E-01
11.9500 6.675E-01
11.9667 6.695E-01
11.9833 6.715E-01
12.0000 6.736E-01
12.0167 6.756E-01
12.0333 6.775E-01
12.0500 6.794E-01
12.0667 6.814E-01
12.0833 6.833E-01
12.1000 6.851E-01
12.1167 6.870E-01
12.1333 6.888E-01
12.1500 6.906E-01
12.1667 6.924E-01
12.1833 6.941E-01
12.2000 6.958E-01
12.2167 6.967E-01
12.2333 6.992E-01
12.2500 7.008E-01
12.2667 7.025E-01
12.2833 7.040E-01
12.3000 7.056E-01
12.3167 7.071E-01
12.3333 7.087E-01
12.3500 7.101E-01
12.3667 7.116E-01
12.3833 7.130E-01
12.4000 7.144E-01
12.4167 7.158E-01
12.4333 7.172E-01
12.4500 7.185E-01
12.4667 7.198E-01
12.4833 7.211E-01
12.5000 7.220E-01
12.5167 7.235E-01
12.5333 7.247E-01
12.5500 7.258E-01
12.5667 7.268E-01
12.5833 7.280E-01
12.6000 7.291E-01
12.6167 7.302E-01
12.6333 7.312E-01
12.6500 7.322E-01
12.6667 7.331E-01
12.6833 7.336E-01
12.7000 7.336E-01
12.7167 7.356E-01
12.7333 7.356E-01
12.7500 7.375E-01
12.7667 7.383E-01
12.7833 7.391E-01
12.8000 7.398E-01
12.8167 7.405E-01
12.8333 7.411E-01
12.8500 7.418E-01
12.8667 7.424E-01
12.8833 7.430E-01
12.9000 7.435E-01
12.9167 7.440E-01
12.9333 7.445E-01
12.9500 7.450E-01
12.9667 7.454E-01
12.9833 7.458E-01
13.0000 7.462E-01
13.0167 7.466E-01
13.0333 7.469E-01
13.0500 7.472E-01
13.0667 7.474E-01
13.0833 7.476E-01
13.1000 7.478E-01
13.1167 7.480E-01
13.1333 7.481E-01
13.1500 7.482E-01
13.1667 7.483E-01
13.1833 7.484E-01
13.2000 7.484E-01
13.2167 7.484E-01
13.2333 7.483E-01
13.2500 7.482E-01
13.2667 7.481E-01
13.2833 7.480E-01
13.3000 7.478E-01
13.3167 7.476E-01
13.3333 7.474E-01
13.3500 7.472E-01
13.3667 7.469E-01
13.3833 7.466E-01
13.4000 7.462E-01
13.4167 7.459E-01
13.4333 7.455E-01
13.4500 7.450E-01
13.4667 7.446E-01
13.4833 7.441E-01
13.5000 7.435E-01
13.5167 7.430E-01
13.5333 7.424E-01
13.5500 7.418E-01
13.5667 7.412E-01
13.5833 7.405E-01
13.6000 7.398E-01
13.6167 7.391E-01
13.6333 7.383E-01
13.6500 7.375E-01
13.6667 7.357E-01
13.6833 7.356E-01
13.7000 7.337E-01
13.7167 7.336E-01
13.7333 7.332E-01
13.7500 7.322E-01
13.7667 7.312E-01
13.7833 7.302E-01
13.8000 7.292E-01
13.8167 7.281E-01
13.8333 7.269E-01
13.8500 7.259E-01
13.8667 7.247E-01
13.8833 7.235E-01
13.9000 7.221E-01
13.9167 7.211E-01
13.9333 7.198E-01
13.9500 7.185E-01
13.9667 7.172E-01
13.9833 7.159E-01
14.0000 7.145E-01
14.0167 7.131E-01
14.0333 7.117E-01
14.0500 7.102E-01
14.0667 7.087E-01
14.0833 7.072E-01
14.1000 7.057E-01
14.1167 7.041E-01
14.1333 7.025E-01
14.1500 7.009E-01
14.1667 6.993E-01
14.1833 6.969E-01
14.2000 6.959E-01
14.2167 6.942E-01
14.2333 6.924E-01
14.2500 6.907E-01
14.2667 6.889E-01
14.2833 6.871E-01
14.3000 6.852E-01
14.3167 6.833E-01
14.3333 6.814E-01
14.3500 6.795E-01
14.3667 6.776E-01
14.3833 6.756E-01
14.4000 6.736E-01
14.4167 6.716E-01
14.4333 6.696E-01
14.4500 6.675E-01
14.4667 6.646E-01
14.4833 6.633E-01
14.5000 6.609E-01
14.5167 6.590E-01
14.5333 6.557E-01
14.5500 6.546E-01
14.5667 6.525E-01
14.5833 6.502E-01
14.6000 6.480E-01
14.6167 6.457E-01
14.6333 6.434E-01
14.6500 6.410E-01
14.6667 6.382E-01
14.6833 6.361E-01
14.7000 6.339E-01
14.7167 6.315E-01
14.7333 6.291E-01
14.7500 6.267E-01
14.7667 6.242E-01
14.7833 6.217E-01
14.8000 6.192E-01
14.8167 6.167E-01
14.8333 6.141E-01
14.8500 6.116E-01
14.8667 6.090E-01
14.8833 6.060E-01
14.9000 6.038E-01
14.9167 6.011E-01
14.9333 5.979E-01
14.9500 5.958E-01
14.9667 5.931E-01
14.9833 5.903E-01
