11.0000 5.392E-01
11.0167 5.422E-01
11.0333 5.452E-01
11.0500 5.481E-01
11.0667 5.511E-01
11.0833 5.541E-01
11.1000 5.570E-01
11.1167 5.599E-01
11.1333 5.629E-01
11.1500 5.657E-01
11.1667 5.686E-01
11.1833 5.715E-01
11.2000 5.744E-01
11.2167 5.772E-01
11.2333 5.800E-01
11.2500 5.828E-01
11.2667 5.856E-01
11.2833 5.883E-01
11.3000 5.912E-01
11.3167 5.939E-01
11.3333 5.961E-01
11.3500 5.994E-01
11.3667 6.021E-01
11.3833 6.043E-01
11.4000 6.074E-01
11.4167 6.100E-01
11.4333 6.127E-01
11.4500 6.153E-01
11.4667 6.179E-01
11.4833 6.204E-01
11.5000 6.230E-01
11.5167 6.255E-01
11.5333 6.280E-01
11.5500 6.305E-01
11.5667 6.330E-01
11.5833 6.355E-01
11.6000 6.379E-01
11.6167 6.403E-01
11.6333 6.427E-01
11.6500 6.451E-01
11.6667 6.475E-01
11.6833 6.497E-01
11.7000 6.521E-01
11.7167 6.539E-01
11.7333 6.567E-01
11.7500 6.585E-01
11.7667 6.612E-01
11.7833 6.626E-01
11.8000 6.656E-01
11.8167 6.677E-01
11.8333 6.699E-01
11.8500 6.720E-01
11.8667 6.741E-01
11.8833 6.762E-01
11.9000 6.782E-01
11.9167 6.803E-01
11.9333 6.823E-01
11.9500 6.842E-01
11.9667 6.862E-01
11.9833 6.881E-01
12.0000 6.900E-01
12.0167 6.919E-01
12.0333 6.938E-01
12.0500 6.951E-01
12.0667 6.974E-01
12.0833 6.992E-01
12.1000 7.010E-01
12.1167 7.027E-01
12.1333 7.044E-01
12.1500 7.061E-01
12.1667 7.077E-01
12.1833 7.094E-01
12.2000 7.110E-01
12.2167 7.126E-01
12.2333 7.141E-01
12.2500 7.157E-01
12.2667 7.172E-01
12.2833 7.186E-01
12.3000 7.198E-01
12.3167 7.215E-01
12.3333 7.229E-01
12.3500 7.242E-01
12.3667 7.255E-01
12.3833 7.269E-01
12.4000 7.282E-01
12.4167 7.295E-01
12.4333 7.307E-01
12.4500 7.313E-01
12.4667 7.324E-01
12.4833 7.331E-01
12.5000 7.353E-01
12.5167 7.364E-01
12.5333 7.375E-01
12.5500 7.385E-01
12.5667 7.395E-01
12.5833 7.405E-01
12.6000 7.415E-01
12.6167 7.424E-01
12.6333 7.433E-01
12.6500 7.441E-01
12.6667 7.450E-01
12.6833 7.458E-01
12.7000 7.466E-01
12.7167 7.473E-01
12.7333 7.480E-01
12.7500 7.487E-01
12.7667 7.494E-01
12.7833 7.500E-01
12.8000 7.506E-01
12.8167 7.512E-01
12.8333 7.518E-01
12.8500 7.523E-01
12.8667 7.527E-01
12.8833 7.532E-01
12.9000 7.536E-01
12.9167 7.540E-01
12.9333 7.544E-01
12.9500 7.547E-01
12.9667 7.551E-01
12.9833 7.553E-01
13.0000 7.556E-01
13.0167 7.558E-01
13.0333 7.560E-01
13.0500 7.562E-01
13.0667 7.563E-01
13.0833 7.564E-01
13.1000 7.565E-01
13.1167 7.565E-01
13.1333 7.565E-01
13.1500 7.565E-01
13.1667 7.565E-01
13.1833 7.564E-01
13.2000 7.563E-01
13.2167 7.561E-01
13.2333 7.560E-01
13.2500 7.558E-01
13.2667 7.555E-01
13.2833 7.553E-01
13.3000 7.550E-01
13.3167 7.547E-01
13.3333 7.543E-01
13.3500 7.540E-01
13.3667 7.536E-01
13.3833 7.531E-01
13.4000 7.527E-01
13.4167 7.522E-01
13.4333 7.517E-01
13.4500 7.511E-01
13.4667 7.505E-01
13.4833 7.499E-01
13.5000 7.493E-01
13.5167 7.486E-01
13.5333 7.479E-01
13.5500 7.472E-01
13.5667 7.464E-01
13.5833 7.456E-01
13.6000 7.448E-01
13.6167 7.440E-01
13.6333 7.431E-01
13.6500 7.422E-01
13.6667 7.413E-01
13.6833 7.403E-01
13.7000 7.393E-01
13.7167 7.383E-01
13.7333 7.373E-01
13.7500 7.362E-01
13.7667 7.350E-01
13.7833 7.332E-01
13.8000 7.318E-01
13.8167 7.315E-01
13.8333 7.305E-01
13.8500 7.292E-01
13.8667 7.280E-01
13.8833 7.267E-01
13.9000 7.252E-01
13.9167 7.240E-01
13.9333 7.226E-01
13.9500 7.212E-01
13.9667 7.194E-01
13.9833 7.183E-01
14.0000 7.169E-01
14.0167 7.154E-01
14.0333 7.138E-01
14.0500 7.123E-01
14.0667 7.107E-01
14.0833 7.091E-01
14.1000 7.074E-01
14.1167 7.057E-01
14.1333 7.041E-01
14.1500 7.024E-01
14.1667 7.006E-01
14.1833 6.989E-01
14.2000 6.971E-01
14.2167 6.943E-01
14.2333 6.934E-01
14.2500 6.915E-01
14.2667 6.897E-01
14.2833 6.877E-01
14.3000 6.858E-01
14.3167 6.838E-01
14.3333 6.819E-01
14.3500 6.799E-01
14.3667 6.778E-01
14.3833 6.758E-01
14.4000 6.737E-01
14.4167 6.716E-01
14.4333 6.695E-01
14.4500 6.673E-01
14.4667 6.651E-01
14.4833 6.627E-01
14.5000 6.606E-01
14.5167 6.581E-01
14.5333 6.563E-01
14.5500 6.540E-01
14.5667 6.515E-01
14.5833 6.488E-01
14.6000 6.470E-01
14.6167 6.446E-01
14.6333 6.423E-01
14.6500 6.399E-01
14.6667 6.369E-01
14.6833 6.349E-01
14.7000 6.325E-01
14.7167 6.300E-01
14.7333 6.275E-01
14.7500 6.250E-01
14.7667 6.225E-01
14.7833 6.199E-01
14.8000 6.173E-01
14.8167 6.147E-01
14.8333 6.121E-01
14.8500 6.095E-01
14.8667 6.069E-01
14.8833 6.040E-01
14.9000 6.015E-01
14.9167 5.988E-01
14.9333 5.959E-01
14.9500 5.934E-01
14.9667 5.906E-01
14.9833 5.878E-01
