11.0000 4.549E-01
11.0167 4.578E-01
11.0333 4.607E-01
11.0500 4.636E-01
11.0667 4.664E-01
11.0833 4.693E-01
11.1000 4.721E-01
11.1167 4.750E-01
11.1333 4.775E-01
11.1500 4.806E-01
11.1667 4.834E-01
11.1833 4.862E-01
11.2000 4.888E-01
11.2167 4.918E-01
11.2333 4.945E-01
11.2500 4.973E-01
11.2667 5.000E-01
11.2833 5.028E-01
11.3000 5.055E-01
11.3167 5.082E-01
11.3333 5.107E-01
11.3500 5.135E-01
11.3667 5.162E-01
11.3833 5.188E-01
11.4000 5.215E-01
11.4167 5.240E-01
11.4333 5.267E-01
11.4500 5.293E-01
11.4667 5.318E-01
11.4833 5.343E-01
11.5000 5.369E-01
11.5167 5.395E-01
11.5333 5.420E-01
11.5500 5.445E-01
11.5667 5.470E-01
11.5833 5.494E-01
11.6000 5.519E-01
11.6167 5.543E-01
11.6333 5.567E-01
11.6500 5.591E-01
11.6667 5.615E-01
11.6833 5.634E-01
11.7000 5.662E-01
11.7167 5.685E-01
11.7333 5.708E-01
11.7500 5.729E-01
11.7667 5.745E-01
11.7833 5.776E-01
11.8000 5.798E-01
11.8167 5.820E-01
11.8333 5.842E-01
11.8500 5.860E-01
11.8667 5.883E-01
11.8833 5.907E-01
11.9000 5.928E-01
11.9167 5.944E-01
11.9333 5.968E-01
11.9500 5.983E-01
11.9667 6.010E-01
11.9833 6.030E-01
12.0000 6.050E-01
12.0167 6.070E-01
12.0333 6.089E-01
12.0500 6.108E-01
12.0667 6.127E-01
12.0833 6.146E-01
12.1000 6.164E-01
12.1167 6.183E-01
12.1333 6.201E-01
12.1500 6.218E-01
12.1667 6.236E-01
12.1833 6.253E-01
12.2000 6.270E-01
12.2167 6.287E-01
12.2333 6.304E-01
12.2500 6.320E-01
12.2667 6.337E-01
12.2833 6.352E-01
12.3000 6.368E-01
12.3167 6.383E-01
12.3333 6.399E-01
12.3500 6.414E-01
12.3667 6.428E-01
12.3833 6.443E-01
12.4000 6.457E-01
12.4167 6.471E-01
12.4333 6.485E-01
12.4500 6.496E-01
12.4667 6.511E-01
12.4833 6.524E-01
12.5000 6.536E-01
12.5167 6.549E-01
12.5333 6.561E-01
12.5500 6.573E-01
12.5667 6.585E-01
12.5833 6.596E-01
12.6000 6.603E-01
12.6167 6.612E-01
12.6333 6.619E-01
12.6500 6.639E-01
12.6667 6.649E-01
12.6833 6.659E-01
12.7000 6.669E-01
12.7167 6.678E-01
12.7333 6.687E-01
12.7500 6.695E-01
12.7667 6.704E-01
12.7833 6.712E-01
12.8000 6.720E-01
12.8167 6.727E-01
12.8333 6.735E-01
12.8500 6.742E-01
12.8667 6.748E-01
12.8833 6.755E-01
12.9000 6.761E-01
12.9167 6.767E-01
12.9333 6.773E-01
12.9500 6.778E-01
12.9667 6.783E-01
12.9833 6.788E-01
13.0000 6.793E-01
13.0167 6.797E-01
13.0333 6.801E-01
13.0500 6.804E-01
13.0667 6.808E-01
13.0833 6.811E-01
13.1000 6.814E-01
13.1167 6.816E-01
13.1333 6.819E-01
13.1500 6.821E-01
13.1667 6.822E-01
13.1833 6.824E-01
13.2000 6.825E-01
13.2167 6.826E-01
13.2333 6.826E-01
13.2500 6.827E-01
13.2667 6.827E-01
13.2833 6.826E-01
13.3000 6.826E-01
13.3167 6.825E-01
13.3333 6.824E-01
13.3500 6.823E-01
13.3667 6.821E-01
13.3833 6.819E-01
13.4000 6.817E-01
13.4167 6.814E-01
13.4333 6.811E-01
13.4500 6.808E-01
13.4667 6.805E-01
13.4833 6.801E-01
13.5000 6.797E-01
13.5167 6.793E-01
13.5333 6.788E-01
13.5500 6.783E-01
13.5667 6.778E-01
13.5833 6.773E-01
13.6000 6.767E-01
13.6167 6.761E-01
13.6333 6.755E-01
13.6500 6.749E-01
13.6667 6.742E-01
13.6833 6.735E-01
13.7000 6.728E-01
13.7167 6.720E-01
13.7333 6.712E-01
13.7500 6.704E-01
13.7667 6.696E-01
13.7833 6.687E-01
13.8000 6.678E-01
13.8167 6.669E-01
13.8333 6.659E-01
13.8500 6.650E-01
13.8667 6.640E-01
13.8833 6.620E-01
13.9000 6.614E-01
13.9167 6.602E-01
13.9333 6.597E-01
13.9500 6.586E-01
13.9667 6.574E-01
13.9833 6.562E-01
14.0000 6.550E-01
14.0167 6.537E-01
14.0333 6.525E-01
14.0500 6.512E-01
14.0667 6.497E-01
14.0833 6.485E-01
14.1000 6.472E-01
14.1167 6.458E-01
14.1333 6.443E-01
14.1500 6.429E-01
14.1667 6.414E-01
14.1833 6.399E-01
14.2000 6.384E-01
14.2167 6.369E-01
14.2333 6.353E-01
14.2500 6.337E-01
14.2667 6.321E-01
14.2833 6.305E-01
14.3000 6.288E-01
14.3167 6.271E-01
14.3333 6.254E-01
14.3500 6.237E-01
14.3667 6.219E-01
14.3833 6.201E-01
14.4000 6.183E-01
14.4167 6.165E-01
14.4333 6.147E-01
14.4500 6.128E-01
14.4667 6.109E-01
14.4833 6.090E-01
14.5000 6.070E-01
14.5167 6.051E-01
14.5333 6.031E-01
14.5500 6.011E-01
14.5667 5.983E-01
14.5833 5.969E-01
14.6000 5.944E-01
14.6167 5.929E-01
14.6333 5.906E-01
14.6500 5.884E-01
14.6667 5.862E-01
14.6833 5.843E-01
14.7000 5.821E-01
14.7167 5.799E-01
14.7333 5.777E-01
14.7500 5.748E-01
14.7667 5.730E-01
14.7833 5.709E-01
14.8000 5.686E-01
14.8167 5.663E-01
14.8333 5.636E-01
14.8500 5.616E-01
14.8667 5.592E-01
14.8833 5.568E-01
14.9000 5.544E-01
14.9167 5.520E-01
14.9333 5.495E-01
14.9500 5.471E-01
14.9667 5.446E-01
14.9833 5.421E-01
