11.0000 5.034E-01
11.0167 5.064E-01
11.0333 5.093E-01
11.0500 5.122E-01
11.0667 5.150E-01
11.0833 5.179E-01
11.1000 5.200E-01
11.1167 5.235E-01
11.1333 5.263E-01
11.1500 5.291E-01
11.1667 5.319E-01
11.1833 5.345E-01
11.2000 5.374E-01
11.2167 5.402E-01
11.2333 5.429E-01
11.2500 5.448E-01
11.2667 5.483E-01
11.2833 5.510E-01
11.3000 5.537E-01
11.3167 5.564E-01
11.3333 5.590E-01
11.3500 5.616E-01
11.3667 5.642E-01
11.3833 5.668E-01
11.4000 5.694E-01
11.4167 5.720E-01
11.4333 5.740E-01
11.4500 5.771E-01
11.4667 5.796E-01
11.4833 5.821E-01
11.5000 5.844E-01
11.5167 5.863E-01
11.5333 5.895E-01
11.5500 5.919E-01
11.5667 5.943E-01
11.5833 5.967E-01
11.6000 5.990E-01
11.6167 6.013E-01
11.6333 6.034E-01
11.6500 6.059E-01
11.6667 6.083E-01
11.6833 6.104E-01
11.7000 6.129E-01
11.7167 6.151E-01
11.7333 6.173E-01
11.7500 6.195E-01
11.7667 6.217E-01
11.7833 6.238E-01
11.8000 6.260E-01
11.8167 6.281E-01
11.8333 6.302E-01
11.8500 6.323E-01
11.8667 6.343E-01
11.8833 6.364E-01
11.9000 6.384E-01
11.9167 6.396E-01
11.9333 6.423E-01
11.9500 6.442E-01
11.9667 6.462E-01
11.9833 6.481E-01
12.0000 6.499E-01
12.0167 6.518E-01
12.0333 6.536E-01
12.0500 6.554E-01
12.0667 6.572E-01
12.0833 6.589E-01
12.1000 6.607E-01
12.1167 6.622E-01
12.1333 6.641E-01
12.1500 6.657E-01
12.1667 6.672E-01
12.1833 6.690E-01
12.2000 6.706E-01
12.2167 6.721E-01
12.2333 6.737E-01
12.2500 6.745E-01
12.2667 6.762E-01
12.2833 6.781E-01
12.3000 6.796E-01
12.3167 6.810E-01
12.3333 6.823E-01
12.3500 6.837E-01
12.3667 6.850E-01
12.3833 6.863E-01
12.4000 6.876E-01
12.4167 6.889E-01
12.4333 6.901E-01
12.4500 6.913E-01
12.4667 6.925E-01
12.4833 6.936E-01
12.5000 6.948E-01
12.5167 6.959E-01
12.5333 6.969E-01
12.5500 6.980E-01
12.5667 6.990E-01
12.5833 7.000E-01
12.6000 7.009E-01
12.6167 7.019E-01
12.6333 7.028E-01
12.6500 7.036E-01
12.6667 7.045E-01
12.6833 7.053E-01
12.7000 7.061E-01
12.7167 7.069E-01
12.7333 7.076E-01
12.7500 7.083E-01
12.7667 7.090E-01
12.7833 7.097E-01
12.8000 7.103E-01
12.8167 7.109E-01
12.8333 7.113E-01
12.8500 7.118E-01
12.8667 7.125E-01
12.8833 7.130E-01
12.9000 7.133E-01
12.9167 7.132E-01
12.9333 7.132E-01
12.9500 7.141E-01
12.9667 7.149E-01
12.9833 7.154E-01
13.0000 7.157E-01
13.0167 7.159E-01
13.0333 7.162E-01
13.0500 7.164E-01
13.0667 7.165E-01
13.0833 7.167E-01
13.1000 7.168E-01
13.1167 7.169E-01
13.1333 7.170E-01
13.1500 7.170E-01
13.1667 7.170E-01
13.1833 7.170E-01
13.2000 7.169E-01
13.2167 7.168E-01
13.2333 7.167E-01
13.2500 7.166E-01
13.2667 7.164E-01
13.2833 7.162E-01
13.3000 7.160E-01
13.3167 7.158E-01
13.3333 7.155E-01
13.3500 7.151E-01
13.3667 7.144E-01
13.3833 7.135E-01
13.4000 7.131E-01
13.4167 7.133E-01
13.4333 7.132E-01
13.4500 7.127E-01
13.4667 7.120E-01
13.4833 7.114E-01
13.5000 7.110E-01
13.5167 7.105E-01
13.5333 7.099E-01
13.5500 7.092E-01
13.5667 7.086E-01
13.5833 7.079E-01
13.6000 7.071E-01
13.6167 7.064E-01
13.6333 7.056E-01
13.6500 7.048E-01
13.6667 7.039E-01
13.6833 7.030E-01
13.7000 7.021E-01
13.7167 7.012E-01
13.7333 7.003E-01
13.7500 6.993E-01
13.7667 6.983E-01
13.7833 6.972E-01
13.8000 6.962E-01
13.8167 6.951E-01
13.8333 6.940E-01
13.8500 6.928E-01
13.8667 6.917E-01
13.8833 6.905E-01
13.9000 6.893E-01
13.9167 6.880E-01
13.9333 6.867E-01
13.9500 6.854E-01
13.9667 6.841E-01
13.9833 6.828E-01
14.0000 6.814E-01
14.0167 6.800E-01
14.0333 6.786E-01
14.0500 6.771E-01
14.0667 6.753E-01
14.0833 6.735E-01
14.1000 6.726E-01
14.1167 6.710E-01
14.1333 6.695E-01
14.1500 6.678E-01
14.1667 6.662E-01
14.1833 6.646E-01
14.2000 6.626E-01
14.2167 6.612E-01
14.2333 6.595E-01
14.2500 6.577E-01
14.2667 6.560E-01
14.2833 6.542E-01
14.3000 6.523E-01
14.3167 6.505E-01
14.3333 6.486E-01
14.3500 6.467E-01
14.3667 6.448E-01
14.3833 6.429E-01
14.4000 6.407E-01
14.4167 6.390E-01
14.4333 6.370E-01
14.4500 6.350E-01
14.4667 6.329E-01
14.4833 6.308E-01
14.5000 6.288E-01
14.5167 6.266E-01
14.5333 6.245E-01
14.5500 6.224E-01
14.5667 6.202E-01
14.5833 6.180E-01
14.6000 6.158E-01
14.6167 6.136E-01
14.6333 6.106E-01
14.6500 6.090E-01
14.6667 6.063E-01
14.6833 6.045E-01
14.7000 6.021E-01
14.7167 5.995E-01
14.7333 5.973E-01
14.7500 5.950E-01
14.7667 5.926E-01
14.7833 5.902E-01
14.8000 5.878E-01
14.8167 5.852E-01
14.8333 5.828E-01
14.8500 5.803E-01
14.8667 5.778E-01
14.8833 5.750E-01
14.9000 5.727E-01
14.9167 5.702E-01
14.9333 5.676E-01
14.9500 5.650E-01
14.9667 5.624E-01
14.9833 5.598E-01
