11.0000 4.604E-01
11.0167 4.633E-01
11.0333 4.663E-01
11.0500 4.693E-01
11.0667 4.722E-01
11.0833 4.751E-01
11.1000 4.781E-01
11.1167 4.810E-01
11.1333 4.839E-01
11.1500 4.867E-01
11.1667 4.896E-01
11.1833 4.925E-01
11.2000 4.953E-01
11.2167 4.982E-01
11.2333 5.010E-01
11.2500 5.031E-01
11.2667 5.066E-01
11.2833 5.094E-01
11.3000 5.122E-01
11.3167 5.150E-01
11.3333 5.173E-01
11.3500 5.205E-01
11.3667 5.232E-01
11.3833 5.259E-01
11.4000 5.286E-01
11.4167 5.313E-01
11.4333 5.332E-01
11.4500 5.366E-01
11.4667 5.392E-01
11.4833 5.419E-01
11.5000 5.445E-01
11.5167 5.471E-01
11.5333 5.496E-01
11.5500 5.522E-01
11.5667 5.547E-01
11.5833 5.573E-01
11.6000 5.592E-01
11.6167 5.623E-01
11.6333 5.647E-01
11.6500 5.672E-01
11.6667 5.696E-01
11.6833 5.721E-01
11.7000 5.745E-01
11.7167 5.768E-01
11.7333 5.792E-01
11.7500 5.816E-01
11.7667 5.839E-01
11.7833 5.862E-01
11.8000 5.885E-01
11.8167 5.908E-01
11.8333 5.930E-01
11.8500 5.952E-01
11.8667 5.974E-01
11.8833 5.994E-01
11.9000 6.011E-01
11.9167 6.039E-01
11.9333 6.061E-01
11.9500 6.082E-01
11.9667 6.102E-01
11.9833 6.123E-01
12.0000 6.144E-01
12.0167 6.163E-01
12.0333 6.177E-01
12.0500 6.203E-01
12.0667 6.218E-01
12.0833 6.241E-01
12.1000 6.261E-01
12.1167 6.280E-01
12.1333 6.298E-01
12.1500 6.317E-01
12.1667 6.335E-01
12.1833 6.353E-01
12.2000 6.371E-01
12.2167 6.388E-01
12.2333 6.405E-01
12.2500 6.422E-01
12.2667 6.439E-01
12.2833 6.455E-01
12.3000 6.471E-01
12.3167 6.487E-01
12.3333 6.503E-01
12.3500 6.518E-01
12.3667 6.534E-01
12.3833 6.548E-01
12.4000 6.560E-01
12.4167 6.578E-01
12.4333 6.592E-01
12.4500 6.606E-01
12.4667 6.619E-01
12.4833 6.633E-01
12.5000 6.646E-01
12.5167 6.658E-01
12.5333 6.671E-01
12.5500 6.683E-01
12.5667 6.695E-01
12.5833 6.707E-01
12.6000 6.719E-01
12.6167 6.730E-01
12.6333 6.741E-01
12.6500 6.752E-01
12.6667 6.762E-01
12.6833 6.772E-01
12.7000 6.782E-01
12.7167 6.791E-01
12.7333 6.799E-01
12.7500 6.810E-01
12.7667 6.819E-01
12.7833 6.827E-01
12.8000 6.835E-01
12.8167 6.842E-01
12.8333 6.850E-01
12.8500 6.858E-01
12.8667 6.866E-01
12.8833 6.872E-01
12.9000 6.879E-01
12.9167 6.885E-01
12.9333 6.891E-01
12.9500 6.897E-01
12.9667 6.902E-01
12.9833 6.907E-01
13.0000 6.911E-01
13.0167 6.906E-01
13.0333 6.905E-01
13.0500 6.917E-01
13.0667 6.926E-01
13.0833 6.926E-01
13.1000 6.925E-01
13.1167 6.928E-01
13.1333 6.934E-01
13.1500 6.939E-01
13.1667 6.943E-01
13.1833 6.946E-01
13.2000 6.947E-01
13.2167 6.948E-01
13.2333 6.949E-01
13.2500 6.949E-01
13.2667 6.949E-01
13.2833 6.949E-01
13.3000 6.949E-01
13.3167 6.948E-01
13.3333 6.947E-01
13.3500 6.946E-01
13.3667 6.944E-01
13.3833 6.940E-01
13.4000 6.935E-01
13.4167 6.929E-01
13.4333 6.925E-01
13.4500 6.926E-01
13.4667 6.927E-01
13.4833 6.919E-01
13.5000 6.908E-01
13.5167 6.905E-01
13.5333 6.910E-01
13.5500 6.908E-01
13.5667 6.903E-01
13.5833 6.898E-01
13.6000 6.892E-01
13.6167 6.886E-01
13.6333 6.880E-01
13.6500 6.874E-01
13.6667 6.867E-01
13.6833 6.860E-01
13.7000 6.852E-01
13.7167 6.844E-01
13.7333 6.837E-01
13.7500 6.829E-01
13.7667 6.821E-01
13.7833 6.812E-01
13.8000 6.802E-01
13.8167 6.792E-01
13.8333 6.784E-01
13.8500 6.774E-01
13.8667 6.764E-01
13.8833 6.754E-01
13.9000 6.743E-01
13.9167 6.732E-01
13.9333 6.721E-01
13.9500 6.710E-01
13.9667 6.698E-01
13.9833 6.686E-01
14.0000 6.674E-01
14.0167 6.661E-01
14.0333 6.648E-01
14.0500 6.635E-01
14.0667 6.622E-01
14.0833 6.609E-01
14.1000 6.595E-01
14.1167 6.581E-01
14.1333 6.560E-01
14.1500 6.552E-01
14.1667 6.537E-01
14.1833 6.522E-01
14.2000 6.506E-01
14.2167 6.491E-01
14.2333 6.475E-01
14.2500 6.459E-01
14.2667 6.442E-01
14.2833 6.426E-01
14.3000 6.409E-01
14.3167 6.391E-01
14.3333 6.374E-01
14.3500 6.357E-01
14.3667 6.339E-01
14.3833 6.321E-01
14.4000 6.302E-01
14.4167 6.284E-01
14.4333 6.260E-01
14.4500 6.246E-01
14.4667 6.223E-01
14.4833 6.208E-01
14.5000 6.177E-01
14.5167 6.167E-01
14.5333 6.147E-01
14.5500 6.126E-01
14.5667 6.107E-01
14.5833 6.086E-01
14.6000 6.065E-01
14.6167 6.044E-01
14.6333 6.018E-01
14.6500 6.000E-01
14.6667 5.979E-01
14.6833 5.957E-01
14.7000 5.935E-01
14.7167 5.912E-01
14.7333 5.888E-01
14.7500 5.867E-01
14.7667 5.844E-01
14.7833 5.820E-01
14.8000 5.797E-01
14.8167 5.773E-01
14.8333 5.750E-01
14.8500 5.726E-01
14.8667 5.701E-01
14.8833 5.677E-01
14.9000 5.653E-01
14.9167 5.628E-01
14.9333 5.603E-01
14.9500 5.578E-01
14.9667 5.553E-01
14.9833 5.527E-01
