11.0000 5.093E-01
11.0167 5.123E-01
11.0333 5.154E-01
11.0500 5.185E-01
11.0667 5.213E-01
11.0833 5.246E-01
11.1000 5.277E-01
11.1167 5.307E-01
11.1333 5.337E-01
11.1500 5.367E-01
11.1667 5.397E-01
11.1833 5.425E-01
11.2000 5.456E-01
11.2167 5.485E-01
11.2333 5.516E-01
11.2500 5.545E-01
11.2667 5.574E-01
11.2833 5.601E-01
11.3000 5.632E-01
11.3167 5.661E-01
11.3333 5.689E-01
11.3500 5.718E-01
11.3667 5.746E-01
11.3833 5.769E-01
11.4000 5.802E-01
11.4167 5.830E-01
11.4333 5.858E-01
11.4500 5.885E-01
11.4667 5.912E-01
11.4833 5.935E-01
11.5000 5.966E-01
11.5167 5.993E-01
11.5333 6.019E-01
11.5500 6.046E-01
11.5667 6.073E-01
11.5833 6.095E-01
11.6000 6.124E-01
11.6167 6.150E-01
11.6333 6.176E-01
11.6500 6.201E-01
11.6667 6.226E-01
11.6833 6.251E-01
11.7000 6.276E-01
11.7167 6.300E-01
11.7333 6.325E-01
11.7500 6.349E-01
11.7667 6.373E-01
11.7833 6.396E-01
11.8000 6.420E-01
11.8167 6.443E-01
11.8333 6.466E-01
11.8500 6.486E-01
11.8667 6.507E-01
11.8833 6.534E-01
11.9000 6.556E-01
11.9167 6.578E-01
11.9333 6.600E-01
11.9500 6.621E-01
11.9667 6.638E-01
11.9833 6.661E-01
12.0000 6.684E-01
12.0167 6.703E-01
12.0333 6.724E-01
12.0500 6.745E-01
12.0667 6.765E-01
12.0833 6.776E-01
12.1000 6.804E-01
12.1167 6.824E-01
12.1333 6.842E-01
12.1500 6.861E-01
12.1667 6.879E-01
12.1833 6.898E-01
12.2000 6.915E-01
12.2167 6.933E-01
12.2333 6.951E-01
12.2500 6.968E-01
12.2667 6.984E-01
12.2833 7.001E-01
12.3000 7.017E-01
12.3167 7.033E-01
12.3333 7.049E-01
12.3500 7.065E-01
12.3667 7.080E-01
12.3833 7.095E-01
12.4000 7.101E-01
12.4167 7.124E-01
12.4333 7.138E-01
12.4500 7.152E-01
12.4667 7.166E-01
12.4833 7.179E-01
12.5000 7.192E-01
12.5167 7.205E-01
12.5333 7.218E-01
12.5500 7.230E-01
12.5667 7.242E-01
12.5833 7.254E-01
12.6000 7.265E-01
12.6167 7.276E-01
12.6333 7.287E-01
12.6500 7.297E-01
12.6667 7.308E-01
12.6833 7.318E-01
12.7000 7.327E-01
12.7167 7.337E-01
12.7333 7.346E-01
12.7500 7.354E-01
12.7667 7.360E-01
12.7833 7.371E-01
12.8000 7.379E-01
12.8167 7.387E-01
12.8333 7.394E-01
12.8500 7.401E-01
12.8667 7.408E-01
12.8833 7.413E-01
12.9000 7.420E-01
12.9167 7.427E-01
12.9333 7.432E-01
12.9500 7.437E-01
12.9667 7.442E-01
12.9833 7.447E-01
13.0000 7.451E-01
13.0167 7.456E-01
13.0333 7.459E-01
13.0500 7.463E-01
13.0667 7.466E-01
13.0833 7.469E-01
13.1000 7.471E-01
13.1167 7.474E-01
13.1333 7.476E-01
13.1500 7.477E-01
13.1667 7.479E-01
13.1833 7.479E-01
13.2000 7.480E-01
13.2167 7.480E-01
13.2333 7.480E-01
13.2500 7.480E-01
13.2667 7.480E-01
13.2833 7.479E-01
13.3000 7.479E-01
13.3167 7.477E-01
13.3333 7.476E-01
13.3500 7.474E-01
13.3667 7.471E-01
13.3833 7.469E-01
13.4000 7.466E-01
13.4167 7.463E-01
13.4333 7.459E-01
13.4500 7.456E-01
13.4667 7.451E-01
13.4833 7.447E-01
13.5000 7.442E-01
13.5167 7.437E-01
13.5333 7.432E-01
13.5500 7.427E-01
13.5667 7.420E-01
13.5833 7.413E-01
13.6000 7.408E-01
13.6167 7.401E-01
13.6333 7.394E-01
13.6500 7.387E-01
13.6667 7.379E-01
13.6833 7.371E-01
13.7000 7.359E-01
13.7167 7.354E-01
13.7333 7.346E-01
13.7500 7.337E-01
13.7667 7.327E-01
13.7833 7.318E-01
13.8000 7.308E-01
13.8167 7.297E-01
13.8333 7.287E-01
13.8500 7.276E-01
13.8667 7.265E-01
13.8833 7.254E-01
13.9000 7.242E-01
13.9167 7.230E-01
13.9333 7.217E-01
13.9500 7.205E-01
13.9667 7.192E-01
13.9833 7.179E-01
14.0000 7.166E-01
14.0167 7.152E-01
14.0333 7.138E-01
14.0500 7.124E-01
14.0667 7.101E-01
14.0833 7.095E-01
14.1000 7.080E-01
14.1167 7.064E-01
14.1333 7.049E-01
14.1500 7.033E-01
14.1667 7.017E-01
14.1833 7.001E-01
14.2000 6.984E-01
14.2167 6.967E-01
14.2333 6.950E-01
14.2500 6.933E-01
14.2667 6.915E-01
14.2833 6.897E-01
14.3000 6.879E-01
14.3167 6.861E-01
14.3333 6.842E-01
14.3500 6.823E-01
14.3667 6.804E-01
14.3833 6.776E-01
14.4000 6.765E-01
14.4167 6.745E-01
14.4333 6.723E-01
14.4500 6.702E-01
14.4667 6.684E-01
14.4833 6.661E-01
14.5000 6.637E-01
14.5167 6.621E-01
14.5333 6.600E-01
14.5500 6.578E-01
14.5667 6.556E-01
14.5833 6.534E-01
14.6000 6.507E-01
14.6167 6.486E-01
14.6333 6.466E-01
14.6500 6.443E-01
14.6667 6.419E-01
14.6833 6.396E-01
14.7000 6.372E-01
14.7167 6.348E-01
14.7333 6.324E-01
14.7500 6.300E-01
14.7667 6.275E-01
14.7833 6.250E-01
14.8000 6.226E-01
14.8167 6.200E-01
14.8333 6.175E-01
14.8500 6.150E-01
14.8667 6.124E-01
14.8833 6.095E-01
14.9000 6.072E-01
14.9167 6.046E-01
14.9333 6.018E-01
14.9500 5.993E-01
14.9667 5.966E-01
14.9833 5.933E-01
