11.0000 5.324E-01
11.0167 5.354E-01
11.0333 5.384E-01
11.0500 5.413E-01
11.0667 5.442E-01
11.0833 5.470E-01
11.1000 5.499E-01
11.1167 5.528E-01
11.1333 5.557E-01
11.1500 5.585E-01
11.1667 5.613E-01
11.1833 5.641E-01
11.2000 5.669E-01
11.2167 5.697E-01
11.2333 5.724E-01
11.2500 5.752E-01
11.2667 5.776E-01
11.2833 5.807E-01
11.3000 5.834E-01
11.3167 5.856E-01
11.3333 5.887E-01
11.3500 5.914E-01
11.3667 5.940E-01
11.3833 5.966E-01
11.4000 5.992E-01
11.4167 6.018E-01
11.4333 6.039E-01
11.4500 6.069E-01
11.4667 6.095E-01
11.4833 6.120E-01
11.5000 6.144E-01
11.5167 6.166E-01
11.5333 6.194E-01
11.5500 6.219E-01
11.5667 6.243E-01
11.5833 6.267E-01
11.6000 6.284E-01
11.6167 6.311E-01
11.6333 6.338E-01
11.6500 6.361E-01
11.6667 6.379E-01
11.6833 6.406E-01
11.7000 6.421E-01
11.7167 6.452E-01
11.7333 6.474E-01
11.7500 6.496E-01
11.7667 6.517E-01
11.7833 6.539E-01
11.8000 6.560E-01
11.8167 6.581E-01
11.8333 6.602E-01
11.8500 6.623E-01
11.8667 6.643E-01
11.8833 6.663E-01
11.9000 6.683E-01
11.9167 6.703E-01
11.9333 6.723E-01
11.9500 6.737E-01
11.9667 6.761E-01
11.9833 6.780E-01
12.0000 6.798E-01
12.0167 6.817E-01
12.0333 6.835E-01
12.0500 6.852E-01
12.0667 6.870E-01
12.0833 6.887E-01
12.1000 6.904E-01
12.1167 6.921E-01
12.1333 6.938E-01
12.1500 6.954E-01
12.1667 6.968E-01
12.1833 6.986E-01
12.2000 7.002E-01
12.2167 7.017E-01
12.2333 7.032E-01
12.2500 7.047E-01
12.2667 7.061E-01
12.2833 7.076E-01
12.3000 7.088E-01
12.3167 7.096E-01
12.3333 7.107E-01
12.3500 7.130E-01
12.3667 7.143E-01
12.3833 7.156E-01
12.4000 7.168E-01
12.4167 7.180E-01
12.4333 7.192E-01
12.4500 7.204E-01
12.4667 7.215E-01
12.4833 7.226E-01
12.5000 7.237E-01
12.5167 7.247E-01
12.5333 7.258E-01
12.5500 7.267E-01
12.5667 7.277E-01
12.5833 7.287E-01
12.6000 7.296E-01
12.6167 7.304E-01
12.6333 7.313E-01
12.6500 7.321E-01
12.6667 7.329E-01
12.6833 7.337E-01
12.7000 7.344E-01
12.7167 7.351E-01
12.7333 7.358E-01
12.7500 7.365E-01
12.7667 7.371E-01
12.7833 7.377E-01
12.8000 7.383E-01
12.8167 7.388E-01
12.8333 7.393E-01
12.8500 7.398E-01
12.8667 7.402E-01
12.8833 7.407E-01
12.9000 7.411E-01
12.9167 7.414E-01
12.9333 7.418E-01
12.9500 7.421E-01
12.9667 7.423E-01
12.9833 7.426E-01
13.0000 7.428E-01
13.0167 7.430E-01
13.0333 7.432E-01
13.0500 7.433E-01
13.0667 7.434E-01
13.0833 7.435E-01
13.1000 7.435E-01
13.1167 7.435E-01
13.1333 7.435E-01
13.1500 7.435E-01
13.1667 7.434E-01
13.1833 7.433E-01
13.2000 7.432E-01
13.2167 7.430E-01
13.2333 7.428E-01
13.2500 7.426E-01
13.2667 7.423E-01
13.2833 7.421E-01
13.3000 7.417E-01
13.3167 7.414E-01
13.3333 7.410E-01
13.3500 7.406E-01
13.3667 7.402E-01
13.3833 7.398E-01
13.4000 7.393E-01
13.4167 7.388E-01
13.4333 7.382E-01
13.4500 7.377E-01
13.4667 7.371E-01
13.4833 7.364E-01
13.5000 7.358E-01
13.5167 7.351E-01
13.5333 7.344E-01
13.5500 7.337E-01
13.5667 7.329E-01
13.5833 7.321E-01
13.6000 7.313E-01
13.6167 7.304E-01
13.6333 7.295E-01
13.6500 7.286E-01
13.6667 7.277E-01
13.6833 7.267E-01
13.7000 7.257E-01
13.7167 7.247E-01
13.7333 7.236E-01
13.7500 7.226E-01
13.7667 7.215E-01
13.7833 7.203E-01
13.8000 7.192E-01
13.8167 7.180E-01
13.8333 7.168E-01
13.8500 7.155E-01
13.8667 7.143E-01
13.8833 7.130E-01
13.9000 7.106E-01
13.9167 7.095E-01
13.9333 7.088E-01
13.9500 7.075E-01
13.9667 7.061E-01
13.9833 7.046E-01
14.0000 7.031E-01
14.0167 7.016E-01
14.0333 7.001E-01
14.0500 6.986E-01
14.0667 6.968E-01
14.0833 6.954E-01
14.1000 6.937E-01
14.1167 6.921E-01
14.1333 6.904E-01
14.1500 6.887E-01
14.1667 6.869E-01
14.1833 6.852E-01
14.2000 6.834E-01
14.2167 6.816E-01
14.2333 6.798E-01
14.2500 6.779E-01
14.2667 6.760E-01
14.2833 6.736E-01
14.3000 6.722E-01
14.3167 6.702E-01
14.3333 6.683E-01
14.3500 6.663E-01
14.3667 6.643E-01
14.3833 6.622E-01
14.4000 6.601E-01
14.4167 6.581E-01
14.4333 6.559E-01
14.4500 6.538E-01
14.4667 6.517E-01
14.4833 6.495E-01
14.5000 6.473E-01
14.5167 6.451E-01
14.5333 6.421E-01
14.5500 6.405E-01
14.5667 6.378E-01
14.5833 6.360E-01
14.6000 6.337E-01
14.6167 6.310E-01
14.6333 6.284E-01
14.6500 6.266E-01
14.6667 6.242E-01
14.6833 6.218E-01
14.7000 6.193E-01
14.7167 6.166E-01
14.7333 6.144E-01
14.7500 6.119E-01
14.7667 6.094E-01
14.7833 6.068E-01
14.8000 6.039E-01
14.8167 6.017E-01
14.8333 5.991E-01
14.8500 5.965E-01
14.8667 5.939E-01
14.8833 5.913E-01
14.9000 5.886E-01
14.9167 5.856E-01
14.9333 5.833E-01
14.9500 5.805E-01
14.9667 5.775E-01
14.9833 5.751E-01
