11.0000 4.485E-01
11.0167 4.513E-01
11.0333 4.542E-01
11.0500 4.571E-01
11.0667 4.598E-01
11.0833 4.628E-01
11.1000 4.656E-01
11.1167 4.685E-01
11.1333 4.713E-01
11.1500 4.741E-01
11.1667 4.769E-01
11.1833 4.792E-01
11.2000 4.824E-01
11.2167 4.852E-01
11.2333 4.880E-01
11.2500 4.907E-01
11.2667 4.934E-01
11.2833 4.961E-01
11.3000 4.989E-01
11.3167 5.016E-01
11.3333 5.043E-01
11.3500 5.069E-01
11.3667 5.096E-01
11.3833 5.122E-01
11.4000 5.149E-01
11.4167 5.175E-01
11.4333 5.201E-01
11.4500 5.222E-01
11.4667 5.252E-01
11.4833 5.278E-01
11.5000 5.303E-01
11.5167 5.322E-01
11.5333 5.354E-01
11.5500 5.378E-01
11.5667 5.403E-01
11.5833 5.428E-01
11.6000 5.452E-01
11.6167 5.477E-01
11.6333 5.501E-01
11.6500 5.525E-01
11.6667 5.548E-01
11.6833 5.572E-01
11.7000 5.595E-01
11.7167 5.618E-01
11.7333 5.642E-01
11.7500 5.664E-01
11.7667 5.687E-01
11.7833 5.707E-01
11.8000 5.727E-01
11.8167 5.754E-01
11.8333 5.776E-01
11.8500 5.797E-01
11.8667 5.819E-01
11.8833 5.837E-01
11.9000 5.859E-01
11.9167 5.882E-01
11.9333 5.903E-01
11.9500 5.919E-01
11.9667 5.943E-01
11.9833 5.958E-01
12.0000 5.984E-01
12.0167 6.003E-01
12.0333 6.023E-01
12.0500 6.042E-01
12.0667 6.061E-01
12.0833 6.080E-01
12.1000 6.098E-01
12.1167 6.116E-01
12.1333 6.135E-01
12.1500 6.152E-01
12.1667 6.170E-01
12.1833 6.187E-01
12.2000 6.205E-01
12.2167 6.222E-01
12.2333 6.238E-01
12.2500 6.249E-01
12.2667 6.271E-01
12.2833 6.287E-01
12.3000 6.303E-01
12.3167 6.318E-01
12.3333 6.333E-01
12.3500 6.348E-01
12.3667 6.363E-01
12.3833 6.378E-01
12.4000 6.392E-01
12.4167 6.406E-01
12.4333 6.420E-01
12.4500 6.433E-01
12.4667 6.446E-01
12.4833 6.459E-01
12.5000 6.470E-01
12.5167 6.484E-01
12.5333 6.497E-01
12.5500 6.508E-01
12.5667 6.520E-01
12.5833 6.532E-01
12.6000 6.543E-01
12.6167 6.554E-01
12.6333 6.565E-01
12.6500 6.575E-01
12.6667 6.570E-01
12.6833 6.591E-01
12.7000 6.600E-01
12.7167 6.614E-01
12.7333 6.623E-01
12.7500 6.632E-01
12.7667 6.640E-01
12.7833 6.648E-01
12.8000 6.656E-01
12.8167 6.664E-01
12.8333 6.671E-01
12.8500 6.679E-01
12.8667 6.685E-01
12.8833 6.692E-01
12.9000 6.698E-01
12.9167 6.704E-01
12.9333 6.710E-01
12.9500 6.716E-01
12.9667 6.721E-01
12.9833 6.726E-01
13.0000 6.730E-01
13.0167 6.735E-01
13.0333 6.739E-01
13.0500 6.743E-01
13.0667 6.746E-01
13.0833 6.749E-01
13.1000 6.752E-01
13.1167 6.755E-01
13.1333 6.757E-01
13.1500 6.759E-01
13.1667 6.761E-01
13.1833 6.763E-01
13.2000 6.764E-01
13.2167 6.765E-01
13.2333 6.766E-01
13.2500 6.766E-01
13.2667 6.766E-01
13.2833 6.766E-01
13.3000 6.765E-01
13.3167 6.765E-01
13.3333 6.764E-01
13.3500 6.763E-01
13.3667 6.761E-01
13.3833 6.759E-01
13.4000 6.757E-01
13.4167 6.754E-01
13.4333 6.752E-01
13.4500 6.749E-01
13.4667 6.745E-01
13.4833 6.742E-01
13.5000 6.738E-01
13.5167 6.734E-01
13.5333 6.730E-01
13.5500 6.725E-01
13.5667 6.720E-01
13.5833 6.715E-01
13.6000 6.709E-01
13.6167 6.703E-01
13.6333 6.697E-01
13.6500 6.691E-01
13.6667 6.684E-01
13.6833 6.677E-01
13.7000 6.670E-01
13.7167 6.663E-01
13.7333 6.655E-01
13.7500 6.647E-01
13.7667 6.639E-01
13.7833 6.630E-01
13.8000 6.622E-01
13.8167 6.613E-01
13.8333 6.596E-01
13.8500 6.591E-01
13.8667 6.571E-01
13.8833 6.573E-01
13.9000 6.563E-01
13.9167 6.552E-01
13.9333 6.541E-01
13.9500 6.530E-01
13.9667 6.518E-01
13.9833 6.507E-01
14.0000 6.495E-01
14.0167 6.483E-01
14.0333 6.468E-01
14.0500 6.457E-01
14.0667 6.444E-01
14.0833 6.431E-01
14.1000 6.418E-01
14.1167 6.404E-01
14.1333 6.390E-01
14.1500 6.375E-01
14.1667 6.361E-01
14.1833 6.346E-01
14.2000 6.331E-01
14.2167 6.316E-01
14.2333 6.300E-01
14.2500 6.284E-01
14.2667 6.268E-01
14.2833 6.244E-01
14.3000 6.236E-01
14.3167 6.219E-01
14.3333 6.202E-01
14.3500 6.185E-01
14.3667 6.167E-01
14.3833 6.150E-01
14.4000 6.132E-01
14.4167 6.114E-01
14.4333 6.095E-01
14.4500 6.077E-01
14.4667 6.058E-01
14.4833 6.039E-01
14.5000 6.020E-01
14.5167 6.000E-01
14.5333 5.981E-01
14.5500 5.959E-01
14.5667 5.940E-01
14.5833 5.917E-01
14.6000 5.900E-01
14.6167 5.879E-01
14.6333 5.854E-01
14.6500 5.831E-01
14.6667 5.816E-01
14.6833 5.794E-01
14.7000 5.772E-01
14.7167 5.751E-01
14.7333 5.720E-01
14.7500 5.705E-01
14.7667 5.683E-01
14.7833 5.661E-01
14.8000 5.638E-01
14.8167 5.611E-01
14.8333 5.592E-01
14.8500 5.568E-01
14.8667 5.545E-01
14.8833 5.521E-01
14.9000 5.497E-01
14.9167 5.473E-01
14.9333 5.448E-01
14.9500 5.424E-01
14.9667 5.399E-01
14.9833 5.375E-01
