11.0000 4.870E-01
11.0167 4.900E-01
11.0333 4.930E-01
11.0500 4.960E-01
11.0667 4.990E-01
11.0833 5.020E-01
11.1000 5.050E-01
11.1167 5.079E-01
11.1333 5.108E-01
11.1500 5.138E-01
11.1667 5.166E-01
11.1833 5.196E-01
11.2000 5.224E-01
11.2167 5.253E-01
11.2333 5.282E-01
11.2500 5.308E-01
11.2667 5.339E-01
11.2833 5.367E-01
11.3000 5.395E-01
11.3167 5.423E-01
11.3333 5.451E-01
11.3500 5.473E-01
11.3667 5.507E-01
11.3833 5.534E-01
11.4000 5.561E-01
11.4167 5.588E-01
11.4333 5.615E-01
11.4500 5.642E-01
11.4667 5.669E-01
11.4833 5.695E-01
11.5000 5.721E-01
11.5167 5.743E-01
11.5333 5.773E-01
11.5500 5.799E-01
11.5667 5.825E-01
11.5833 5.850E-01
11.6000 5.876E-01
11.6167 5.901E-01
11.6333 5.926E-01
11.6500 5.950E-01
11.6667 5.975E-01
11.6833 5.999E-01
11.7000 6.023E-01
11.7167 6.044E-01
11.7333 6.071E-01
11.7500 6.095E-01
11.7667 6.118E-01
11.7833 6.141E-01
11.8000 6.164E-01
11.8167 6.187E-01
11.8333 6.209E-01
11.8500 6.232E-01
11.8667 6.254E-01
11.8833 6.276E-01
11.9000 6.292E-01
11.9167 6.316E-01
11.9333 6.340E-01
11.9500 6.361E-01
11.9667 6.380E-01
11.9833 6.402E-01
12.0000 6.423E-01
12.0167 6.443E-01
12.0333 6.463E-01
12.0500 6.483E-01
12.0667 6.502E-01
12.0833 6.522E-01
12.1000 6.541E-01
12.1167 6.559E-01
12.1333 6.578E-01
12.1500 6.596E-01
12.1667 6.614E-01
12.1833 6.632E-01
12.2000 6.649E-01
12.2167 6.667E-01
12.2333 6.684E-01
12.2500 6.700E-01
12.2667 6.717E-01
12.2833 6.733E-01
12.3000 6.747E-01
12.3167 6.765E-01
12.3333 6.781E-01
12.3500 6.796E-01
12.3667 6.811E-01
12.3833 6.826E-01
12.4000 6.840E-01
12.4167 6.854E-01
12.4333 6.868E-01
12.4500 6.882E-01
12.4667 6.895E-01
12.4833 6.909E-01
12.5000 6.922E-01
12.5167 6.934E-01
12.5333 6.946E-01
12.5500 6.959E-01
12.5667 6.970E-01
12.5833 6.979E-01
12.6000 6.993E-01
12.6167 7.004E-01
12.6333 7.015E-01
12.6500 7.024E-01
12.6667 7.035E-01
12.6833 7.045E-01
12.7000 7.055E-01
12.7167 7.064E-01
12.7333 7.073E-01
12.7500 7.082E-01
12.7667 7.090E-01
12.7833 7.092E-01
12.8000 7.094E-01
12.8167 7.111E-01
12.8333 7.110E-01
12.8500 7.126E-01
12.8667 7.135E-01
12.8833 7.141E-01
12.9000 7.148E-01
12.9167 7.154E-01
12.9333 7.159E-01
12.9500 7.164E-01
12.9667 7.169E-01
12.9833 7.174E-01
13.0000 7.178E-01
13.0167 7.183E-01
13.0333 7.187E-01
13.0500 7.190E-01
13.0667 7.193E-01
13.0833 7.196E-01
13.1000 7.199E-01
13.1167 7.201E-01
13.1333 7.203E-01
13.1500 7.205E-01
13.1667 7.207E-01
13.1833 7.208E-01
13.2000 7.209E-01
13.2167 7.209E-01
13.2333 7.210E-01
13.2500 7.210E-01
13.2667 7.209E-01
13.2833 7.209E-01
13.3000 7.208E-01
13.3167 7.207E-01
13.3333 7.205E-01
13.3500 7.204E-01
13.3667 7.202E-01
13.3833 7.199E-01
13.4000 7.197E-01
13.4167 7.194E-01
13.4333 7.190E-01
13.4500 7.187E-01
13.4667 7.183E-01
13.4833 7.179E-01
13.5000 7.175E-01
13.5167 7.170E-01
13.5333 7.165E-01
13.5500 7.160E-01
13.5667 7.154E-01
13.5833 7.148E-01
13.6000 7.142E-01
13.6167 7.136E-01
13.6333 7.128E-01
13.6500 7.112E-01
13.6667 7.111E-01
13.6833 7.096E-01
13.7000 7.091E-01
13.7167 7.091E-01
13.7333 7.083E-01
13.7500 7.074E-01
13.7667 7.065E-01
13.7833 7.056E-01
13.8000 7.046E-01
13.8167 7.036E-01
13.8333 7.025E-01
13.8500 7.016E-01
13.8667 7.005E-01
13.8833 6.994E-01
13.9000 6.981E-01
13.9167 6.971E-01
13.9333 6.960E-01
13.9500 6.948E-01
13.9667 6.935E-01
13.9833 6.923E-01
14.0000 6.910E-01
14.0167 6.897E-01
14.0333 6.883E-01
14.0500 6.870E-01
14.0667 6.856E-01
14.0833 6.842E-01
14.1000 6.827E-01
14.1167 6.813E-01
14.1333 6.798E-01
14.1500 6.782E-01
14.1667 6.767E-01
14.1833 6.751E-01
14.2000 6.735E-01
14.2167 6.719E-01
14.2333 6.702E-01
14.2500 6.686E-01
14.2667 6.669E-01
14.2833 6.651E-01
14.3000 6.634E-01
14.3167 6.616E-01
14.3333 6.598E-01
14.3500 6.580E-01
14.3667 6.561E-01
14.3833 6.543E-01
14.4000 6.524E-01
14.4167 6.504E-01
14.4333 6.485E-01
14.4500 6.465E-01
14.4667 6.445E-01
14.4833 6.425E-01
14.5000 6.404E-01
14.5167 6.381E-01
14.5333 6.363E-01
14.5500 6.342E-01
14.5667 6.320E-01
14.5833 6.296E-01
14.6000 6.278E-01
14.6167 6.256E-01
14.6333 6.234E-01
14.6500 6.212E-01
14.6667 6.189E-01
14.6833 6.166E-01
14.7000 6.144E-01
14.7167 6.120E-01
14.7333 6.097E-01
14.7500 6.073E-01
14.7667 6.043E-01
14.7833 6.026E-01
14.8000 6.002E-01
14.8167 5.977E-01
14.8333 5.953E-01
14.8500 5.928E-01
14.8667 5.903E-01
14.8833 5.878E-01
14.9000 5.853E-01
14.9167 5.827E-01
14.9333 5.802E-01
14.9500 5.776E-01
14.9667 5.750E-01
14.9833 5.724E-01
