11.0000 4.737E-01
11.0167 4.767E-01
11.0333 4.796E-01
11.0500 4.826E-01
11.0667 4.856E-01
11.0833 4.885E-01
11.1000 4.914E-01
11.1167 4.944E-01
11.1333 4.973E-01
11.1500 5.002E-01
11.1667 5.031E-01
11.1833 5.057E-01
11.2000 5.088E-01
11.2167 5.116E-01
11.2333 5.145E-01
11.2500 5.173E-01
11.2667 5.201E-01
11.2833 5.223E-01
11.3000 5.257E-01
11.3167 5.285E-01
11.3333 5.313E-01
11.3500 5.340E-01
11.3667 5.368E-01
11.3833 5.395E-01
11.4000 5.422E-01
11.4167 5.449E-01
11.4333 5.476E-01
11.4500 5.502E-01
11.4667 5.527E-01
11.4833 5.555E-01
11.5000 5.581E-01
11.5167 5.606E-01
11.5333 5.633E-01
11.5500 5.659E-01
11.5667 5.679E-01
11.5833 5.709E-01
11.6000 5.734E-01
11.6167 5.757E-01
11.6333 5.784E-01
11.6500 5.809E-01
11.6667 5.833E-01
11.6833 5.857E-01
11.7000 5.882E-01
11.7167 5.905E-01
11.7333 5.929E-01
11.7500 5.953E-01
11.7667 5.976E-01
11.7833 5.999E-01
11.8000 6.022E-01
11.8167 6.043E-01
11.8333 6.062E-01
11.8500 6.089E-01
11.8667 6.111E-01
11.8833 6.133E-01
11.9000 6.155E-01
11.9167 6.176E-01
11.9333 6.197E-01
11.9500 6.218E-01
11.9667 6.227E-01
11.9833 6.260E-01
12.0000 6.277E-01
12.0167 6.300E-01
12.0333 6.313E-01
12.0500 6.340E-01
12.0667 6.359E-01
12.0833 6.378E-01
12.1000 6.397E-01
12.1167 6.416E-01
12.1333 6.435E-01
12.1500 6.452E-01
12.1667 6.471E-01
12.1833 6.489E-01
12.2000 6.506E-01
12.2167 6.524E-01
12.2333 6.541E-01
12.2500 6.557E-01
12.2667 6.574E-01
12.2833 6.590E-01
12.3000 6.606E-01
12.3167 6.615E-01
12.3333 6.638E-01
12.3500 6.653E-01
12.3667 6.668E-01
12.3833 6.683E-01
12.4000 6.697E-01
12.4167 6.712E-01
12.4333 6.726E-01
12.4500 6.739E-01
12.4667 6.753E-01
12.4833 6.766E-01
12.5000 6.779E-01
12.5167 6.792E-01
12.5333 6.804E-01
12.5500 6.816E-01
12.5667 6.828E-01
12.5833 6.840E-01
12.6000 6.850E-01
12.6167 6.862E-01
12.6333 6.873E-01
12.6500 6.884E-01
12.6667 6.894E-01
12.6833 6.903E-01
12.7000 6.914E-01
12.7167 6.923E-01
12.7333 6.932E-01
12.7500 6.941E-01
12.7667 6.950E-01
12.7833 6.958E-01
12.8000 6.966E-01
12.8167 6.966E-01
12.8333 6.969E-01
12.8500 6.986E-01
12.8667 6.984E-01
12.8833 7.000E-01
12.9000 7.008E-01
12.9167 7.014E-01
12.9333 7.020E-01
12.9500 7.026E-01
12.9667 7.031E-01
12.9833 7.036E-01
13.0000 7.040E-01
13.0167 7.044E-01
13.0333 7.048E-01
13.0500 7.052E-01
13.0667 7.056E-01
13.0833 7.059E-01
13.1000 7.062E-01
13.1167 7.064E-01
13.1333 7.066E-01
13.1500 7.068E-01
13.1667 7.070E-01
13.1833 7.071E-01
13.2000 7.073E-01
13.2167 7.073E-01
13.2333 7.074E-01
13.2500 7.074E-01
13.2667 7.074E-01
13.2833 7.074E-01
13.3000 7.073E-01
13.3167 7.072E-01
13.3333 7.071E-01
13.3500 7.070E-01
13.3667 7.068E-01
13.3833 7.066E-01
13.4000 7.063E-01
13.4167 7.061E-01
13.4333 7.058E-01
13.4500 7.054E-01
13.4667 7.051E-01
13.4833 7.047E-01
13.5000 7.043E-01
13.5167 7.038E-01
13.5333 7.034E-01
13.5500 7.029E-01
13.5667 7.023E-01
13.5833 7.018E-01
13.6000 7.012E-01
13.6167 7.006E-01
13.6333 6.994E-01
13.6500 6.984E-01
13.6667 6.983E-01
13.6833 6.963E-01
13.7000 6.969E-01
13.7167 6.963E-01
13.7333 6.955E-01
13.7500 6.946E-01
13.7667 6.938E-01
13.7833 6.929E-01
13.8000 6.919E-01
13.8167 6.909E-01
13.8333 6.899E-01
13.8500 6.890E-01
13.8667 6.880E-01
13.8833 6.869E-01
13.9000 6.855E-01
13.9167 6.847E-01
13.9333 6.835E-01
13.9500 6.824E-01
13.9667 6.812E-01
13.9833 6.799E-01
14.0000 6.787E-01
14.0167 6.774E-01
14.0333 6.761E-01
14.0500 6.748E-01
14.0667 6.734E-01
14.0833 6.720E-01
14.1000 6.706E-01
14.1167 6.692E-01
14.1333 6.677E-01
14.1500 6.662E-01
14.1667 6.647E-01
14.1833 6.631E-01
14.2000 6.616E-01
14.2167 6.600E-01
14.2333 6.584E-01
14.2500 6.567E-01
14.2667 6.551E-01
14.2833 6.534E-01
14.3000 6.517E-01
14.3167 6.499E-01
14.3333 6.482E-01
14.3500 6.464E-01
14.3667 6.445E-01
14.3833 6.427E-01
14.4000 6.409E-01
14.4167 6.390E-01
14.4333 6.371E-01
14.4500 6.351E-01
14.4667 6.332E-01
14.4833 6.312E-01
14.5000 6.291E-01
14.5167 6.269E-01
14.5333 6.251E-01
14.5500 6.231E-01
14.5667 6.208E-01
14.5833 6.186E-01
14.6000 6.167E-01
14.6167 6.146E-01
14.6333 6.124E-01
14.6500 6.102E-01
14.6667 6.080E-01
14.6833 6.058E-01
14.7000 6.035E-01
14.7167 6.012E-01
14.7333 5.990E-01
14.7500 5.966E-01
14.7667 5.936E-01
14.7833 5.919E-01
14.8000 5.896E-01
14.8167 5.872E-01
14.8333 5.848E-01
14.8500 5.823E-01
14.8667 5.799E-01
14.8833 5.774E-01
14.9000 5.749E-01
14.9167 5.724E-01
14.9333 5.699E-01
14.9500 5.674E-01
14.9667 5.646E-01
14.9833 5.622E-01
