11.0000 3.469E-01
11.0167 3.495E-01
11.0333 3.520E-01
11.0500 3.546E-01
11.0667 3.571E-01
11.0833 3.596E-01
11.1000 3.622E-01
11.1167 3.647E-01
11.1333 3.672E-01
11.1500 3.697E-01
11.1667 3.722E-01
11.1833 3.744E-01
11.2000 3.771E-01
11.2167 3.796E-01
11.2333 3.821E-01
11.2500 3.845E-01
11.2667 3.870E-01
11.2833 3.894E-01
11.3000 3.917E-01
11.3167 3.942E-01
11.3333 3.966E-01
11.3500 3.990E-01
11.3667 4.014E-01
11.3833 4.038E-01
11.4000 4.061E-01
11.4167 4.085E-01
11.4333 4.108E-01
11.4500 4.129E-01
11.4667 4.155E-01
11.4833 4.178E-01
11.5000 4.200E-01
11.5167 4.223E-01
11.5333 4.246E-01
11.5500 4.267E-01
11.5667 4.290E-01
11.5833 4.308E-01
11.6000 4.335E-01
11.6167 4.357E-01
11.6333 4.378E-01
11.6500 4.400E-01
11.6667 4.421E-01
11.6833 4.443E-01
11.7000 4.461E-01
11.7167 4.483E-01
11.7333 4.504E-01
11.7500 4.526E-01
11.7667 4.547E-01
11.7833 4.564E-01
11.8000 4.587E-01
11.8167 4.607E-01
11.8333 4.626E-01
11.8500 4.647E-01
11.8667 4.666E-01
11.8833 4.686E-01
11.9000 4.705E-01
11.9167 4.724E-01
11.9333 4.743E-01
11.9500 4.761E-01
11.9667 4.780E-01
11.9833 4.798E-01
12.0000 4.816E-01
12.0167 4.834E-01
12.0333 4.852E-01
12.0500 4.869E-01
12.0667 4.886E-01
12.0833 4.902E-01
12.1000 4.920E-01
12.1167 4.937E-01
12.1333 4.954E-01
12.1500 4.970E-01
12.1667 4.986E-01
12.1833 5.002E-01
12.2000 5.018E-01
12.2167 5.031E-01
12.2333 5.048E-01
12.2500 5.063E-01
12.2667 5.078E-01
12.2833 5.093E-01
12.3000 5.107E-01
12.3167 5.121E-01
12.3333 5.135E-01
12.3500 5.149E-01
12.3667 5.162E-01
12.3833 5.176E-01
12.4000 5.189E-01
12.4167 5.201E-01
12.4333 5.214E-01
12.4500 5.226E-01
12.4667 5.239E-01
12.4833 5.250E-01
12.5000 5.255E-01
12.5167 5.273E-01
12.5333 5.285E-01
12.5500 5.296E-01
12.5667 5.306E-01
12.5833 5.317E-01
12.6000 5.327E-01
12.6167 5.337E-01
12.6333 5.347E-01
12.6500 5.355E-01
12.6667 5.365E-01
12.6833 5.372E-01
12.7000 5.384E-01
12.7167 5.392E-01
12.7333 5.400E-01
12.7500 5.408E-01
12.7667 5.416E-01
12.7833 5.424E-01
12.8000 5.431E-01
12.8167 5.438E-01
12.8333 5.445E-01
12.8500 5.451E-01
12.8667 5.458E-01
12.8833 5.464E-01
12.9000 5.466E-01
12.9167 5.473E-01
12.9333 5.480E-01
12.9500 5.485E-01
12.9667 5.488E-01
12.9833 5.492E-01
13.0000 5.498E-01
13.0167 5.503E-01
13.0333 5.507E-01
13.0500 5.510E-01
13.0667 5.513E-01
13.0833 5.513E-01
13.1000 5.510E-01
13.1167 5.511E-01
13.1333 5.517E-01
13.1500 5.523E-01
13.1667 5.527E-01
13.1833 5.529E-01
13.2000 5.530E-01
13.2167 5.531E-01
13.2333 5.531E-01
13.2500 5.532E-01
13.2667 5.532E-01
13.2833 5.532E-01
13.3000 5.531E-01
13.3167 5.531E-01
13.3333 5.530E-01
13.3500 5.529E-01
13.3667 5.527E-01
13.3833 5.522E-01
13.4000 5.516E-01
13.4167 5.510E-01
13.4333 5.511E-01
13.4500 5.513E-01
13.4667 5.513E-01
13.4833 5.510E-01
13.5000 5.506E-01
13.5167 5.502E-01
13.5333 5.497E-01
13.5500 5.490E-01
13.5667 5.488E-01
13.5833 5.485E-01
13.6000 5.480E-01
13.6167 5.471E-01
13.6333 5.465E-01
13.6500 5.463E-01
13.6667 5.457E-01
13.6833 5.450E-01
13.7000 5.444E-01
13.7167 5.437E-01
13.7333 5.430E-01
13.7500 5.422E-01
13.7667 5.415E-01
13.7833 5.407E-01
13.8000 5.399E-01
13.8167 5.391E-01
13.8333 5.382E-01
13.8500 5.368E-01
13.8667 5.364E-01
13.8833 5.353E-01
13.9000 5.345E-01
13.9167 5.336E-01
13.9333 5.325E-01
13.9500 5.315E-01
13.9667 5.305E-01
13.9833 5.294E-01
14.0000 5.283E-01
14.0167 5.272E-01
14.0333 5.253E-01
14.0500 5.249E-01
14.0667 5.237E-01
14.0833 5.224E-01
14.1000 5.212E-01
14.1167 5.199E-01
14.1333 5.187E-01
14.1500 5.173E-01
14.1667 5.160E-01
14.1833 5.147E-01
14.2000 5.133E-01
14.2167 5.119E-01
14.2333 5.103E-01
14.2500 5.090E-01
14.2667 5.076E-01
14.2833 5.061E-01
14.3000 5.046E-01
14.3167 5.026E-01
14.3333 5.015E-01
14.3500 4.998E-01
14.3667 4.983E-01
14.3833 4.967E-01
14.4000 4.951E-01
14.4167 4.934E-01
14.4333 4.918E-01
14.4500 4.896E-01
14.4667 4.884E-01
14.4833 4.866E-01
14.5000 4.849E-01
14.5167 4.831E-01
14.5333 4.813E-01
14.5500 4.795E-01
14.5667 4.777E-01
14.5833 4.758E-01
14.6000 4.740E-01
14.6167 4.721E-01
14.6333 4.702E-01
14.6500 4.683E-01
14.6667 4.663E-01
14.6833 4.644E-01
14.7000 4.620E-01
14.7167 4.604E-01
14.7333 4.584E-01
14.7500 4.563E-01
14.7667 4.543E-01
14.7833 4.523E-01
14.8000 4.495E-01
14.8167 4.480E-01
14.8333 4.457E-01
14.8500 4.439E-01
14.8667 4.418E-01
14.8833 4.396E-01
14.9000 4.375E-01
14.9167 4.353E-01
14.9333 4.331E-01
14.9500 4.306E-01
14.9667 4.287E-01
14.9833 4.262E-01
