11.0000 4.349E-01
11.0167 4.378E-01
11.0333 4.407E-01
11.0500 4.436E-01
11.0667 4.465E-01
11.0833 4.494E-01
11.1000 4.523E-01
11.1167 4.551E-01
11.1333 4.578E-01
11.1500 4.608E-01
11.1667 4.637E-01
11.1833 4.665E-01
11.2000 4.693E-01
11.2167 4.719E-01
11.2333 4.749E-01
11.2500 4.770E-01
11.2667 4.804E-01
11.2833 4.832E-01
11.3000 4.859E-01
11.3167 4.887E-01
11.3333 4.914E-01
11.3500 4.939E-01
11.3667 4.967E-01
11.3833 4.995E-01
11.4000 5.021E-01
11.4167 5.048E-01
11.4333 5.074E-01
11.4500 5.101E-01
11.4667 5.125E-01
11.4833 5.153E-01
11.5000 5.179E-01
11.5167 5.204E-01
11.5333 5.230E-01
11.5500 5.255E-01
11.5667 5.278E-01
11.5833 5.305E-01
11.6000 5.330E-01
11.6167 5.355E-01
11.6333 5.380E-01
11.6500 5.404E-01
11.6667 5.424E-01
11.6833 5.452E-01
11.7000 5.476E-01
11.7167 5.500E-01
11.7333 5.523E-01
11.7500 5.547E-01
11.7667 5.570E-01
11.7833 5.593E-01
11.8000 5.615E-01
11.8167 5.638E-01
11.8333 5.659E-01
11.8500 5.683E-01
11.8667 5.704E-01
11.8833 5.726E-01
11.9000 5.748E-01
11.9167 5.769E-01
11.9333 5.790E-01
11.9500 5.811E-01
11.9667 5.827E-01
11.9833 5.853E-01
12.0000 5.873E-01
12.0167 5.893E-01
12.0333 5.913E-01
12.0500 5.931E-01
12.0667 5.950E-01
12.0833 5.971E-01
12.1000 5.990E-01
12.1167 6.009E-01
12.1333 6.028E-01
12.1500 6.046E-01
12.1667 6.063E-01
12.1833 6.082E-01
12.2000 6.099E-01
12.2167 6.115E-01
12.2333 6.134E-01
12.2500 6.150E-01
12.2667 6.168E-01
12.2833 6.184E-01
12.3000 6.196E-01
12.3167 6.217E-01
12.3333 6.232E-01
12.3500 6.248E-01
12.3667 6.263E-01
12.3833 6.278E-01
12.4000 6.293E-01
12.4167 6.307E-01
12.4333 6.321E-01
12.4500 6.335E-01
12.4667 6.349E-01
12.4833 6.363E-01
12.5000 6.376E-01
12.5167 6.389E-01
12.5333 6.402E-01
12.5500 6.414E-01
12.5667 6.426E-01
12.5833 6.438E-01
12.6000 6.450E-01
12.6167 6.461E-01
12.6333 6.472E-01
12.6500 6.483E-01
12.6667 6.493E-01
12.6833 6.498E-01
12.7000 6.514E-01
12.7167 6.524E-01
12.7333 6.533E-01
12.7500 6.542E-01
12.7667 6.551E-01
12.7833 6.560E-01
12.8000 6.568E-01
12.8167 6.576E-01
12.8333 6.584E-01
12.8500 6.592E-01
12.8667 6.599E-01
12.8833 6.606E-01
12.9000 6.612E-01
12.9167 6.619E-01
12.9333 6.625E-01
12.9500 6.631E-01
12.9667 6.637E-01
12.9833 6.642E-01
13.0000 6.647E-01
13.0167 6.652E-01
13.0333 6.656E-01
13.0500 6.660E-01
13.0667 6.664E-01
13.0833 6.668E-01
13.1000 6.671E-01
13.1167 6.674E-01
13.1333 6.677E-01
13.1500 6.679E-01
13.1667 6.682E-01
13.1833 6.683E-01
13.2000 6.685E-01
13.2167 6.686E-01
13.2333 6.687E-01
13.2500 6.688E-01
13.2667 6.689E-01
13.2833 6.689E-01
13.3000 6.689E-01
13.3167 6.688E-01
13.3333 6.688E-01
13.3500 6.687E-01
13.3667 6.685E-01
13.3833 6.684E-01
13.4000 6.682E-01
13.4167 6.680E-01
13.4333 6.677E-01
13.4500 6.675E-01
13.4667 6.672E-01
13.4833 6.668E-01
13.5000 6.665E-01
13.5167 6.661E-01
13.5333 6.657E-01
13.5500 6.652E-01
13.5667 6.648E-01
13.5833 6.643E-01
13.6000 6.638E-01
13.6167 6.632E-01
13.6333 6.626E-01
13.6500 6.620E-01
13.6667 6.613E-01
13.6833 6.607E-01
13.7000 6.600E-01
13.7167 6.593E-01
13.7333 6.585E-01
13.7500 6.577E-01
13.7667 6.569E-01
13.7833 6.561E-01
13.8000 6.553E-01
13.8167 6.544E-01
13.8333 6.534E-01
13.8500 6.525E-01
13.8667 6.515E-01
13.8833 6.501E-01
13.9000 6.493E-01
13.9167 6.485E-01
13.9333 6.474E-01
13.9500 6.463E-01
13.9667 6.451E-01
13.9833 6.440E-01
14.0000 6.428E-01
14.0167 6.416E-01
14.0333 6.403E-01
14.0500 6.391E-01
14.0667 6.378E-01
14.0833 6.365E-01
14.1000 6.351E-01
14.1167 6.337E-01
14.1333 6.323E-01
14.1500 6.309E-01
14.1667 6.295E-01
14.1833 6.280E-01
14.2000 6.265E-01
14.2167 6.250E-01
14.2333 6.234E-01
14.2500 6.219E-01
14.2667 6.195E-01
14.2833 6.187E-01
14.3000 6.170E-01
14.3167 6.151E-01
14.3333 6.137E-01
14.3500 6.113E-01
14.3667 6.102E-01
14.3833 6.084E-01
14.4000 6.063E-01
14.4167 6.049E-01
14.4333 6.030E-01
14.4500 6.012E-01
14.4667 5.993E-01
14.4833 5.974E-01
14.5000 5.949E-01
14.5167 5.933E-01
14.5333 5.916E-01
14.5500 5.896E-01
14.5667 5.876E-01
14.5833 5.855E-01
14.6000 5.826E-01
14.6167 5.814E-01
14.6333 5.793E-01
14.6500 5.772E-01
14.6667 5.751E-01
14.6833 5.729E-01
14.7000 5.707E-01
14.7167 5.686E-01
14.7333 5.663E-01
14.7500 5.641E-01
14.7667 5.618E-01
14.7833 5.596E-01
14.8000 5.572E-01
14.8167 5.550E-01
14.8333 5.526E-01
14.8500 5.502E-01
14.8667 5.479E-01
14.8833 5.455E-01
14.9000 5.425E-01
14.9167 5.407E-01
14.9333 5.383E-01
14.9500 5.358E-01
14.9667 5.334E-01
14.9833 5.309E-01
