11.0000 4.466E-01
11.0167 4.496E-01
11.0333 4.526E-01
11.0500 4.550E-01
11.0667 4.585E-01
11.0833 4.616E-01
11.1000 4.640E-01
11.1167 4.675E-01
11.1333 4.704E-01
11.1500 4.729E-01
11.1667 4.763E-01
11.1833 4.792E-01
11.2000 4.822E-01
11.2167 4.850E-01
11.2333 4.879E-01
11.2500 4.907E-01
11.2667 4.937E-01
11.2833 4.965E-01
11.3000 4.994E-01
11.3167 5.022E-01
11.3333 5.050E-01
11.3500 5.078E-01
11.3667 5.106E-01
11.3833 5.134E-01
11.4000 5.161E-01
11.4167 5.189E-01
11.4333 5.216E-01
11.4500 5.243E-01
11.4667 5.270E-01
11.4833 5.297E-01
11.5000 5.324E-01
11.5167 5.348E-01
11.5333 5.377E-01
11.5500 5.403E-01
11.5667 5.426E-01
11.5833 5.455E-01
11.6000 5.481E-01
11.6167 5.506E-01
11.6333 5.531E-01
11.6500 5.557E-01
11.6667 5.582E-01
11.6833 5.607E-01
11.7000 5.631E-01
11.7167 5.656E-01
11.7333 5.680E-01
11.7500 5.704E-01
11.7667 5.728E-01
11.7833 5.752E-01
11.8000 5.776E-01
11.8167 5.799E-01
11.8333 5.822E-01
11.8500 5.845E-01
11.8667 5.868E-01
11.8833 5.890E-01
11.9000 5.911E-01
11.9167 5.935E-01
11.9333 5.957E-01
11.9500 5.978E-01
11.9667 6.000E-01
11.9833 6.021E-01
12.0000 6.042E-01
12.0167 6.063E-01
12.0333 6.084E-01
12.0500 6.104E-01
12.0667 6.124E-01
12.0833 6.144E-01
12.1000 6.164E-01
12.1167 6.183E-01
12.1333 6.202E-01
12.1500 6.221E-01
12.1667 6.240E-01
12.1833 6.259E-01
12.2000 6.277E-01
12.2167 6.295E-01
12.2333 6.313E-01
12.2500 6.330E-01
12.2667 6.348E-01
12.2833 6.365E-01
12.3000 6.381E-01
12.3167 6.390E-01
12.3333 6.414E-01
12.3500 6.430E-01
12.3667 6.446E-01
12.3833 6.462E-01
12.4000 6.477E-01
12.4167 6.492E-01
12.4333 6.506E-01
12.4500 6.514E-01
12.4667 6.534E-01
12.4833 6.549E-01
12.5000 6.562E-01
12.5167 6.565E-01
12.5333 6.589E-01
12.5500 6.602E-01
12.5667 6.610E-01
12.5833 6.627E-01
12.6000 6.639E-01
12.6167 6.651E-01
12.6333 6.655E-01
12.6500 6.674E-01
12.6667 6.685E-01
12.6833 6.695E-01
12.7000 6.706E-01
12.7167 6.716E-01
12.7333 6.726E-01
12.7500 6.735E-01
12.7667 6.745E-01
12.7833 6.754E-01
12.8000 6.762E-01
12.8167 6.771E-01
12.8333 6.779E-01
12.8500 6.787E-01
12.8667 6.794E-01
12.8833 6.801E-01
12.9000 6.808E-01
12.9167 6.815E-01
12.9333 6.822E-01
12.9500 6.828E-01
12.9667 6.834E-01
12.9833 6.839E-01
13.0000 6.844E-01
13.0167 6.849E-01
13.0333 6.854E-01
13.0500 6.858E-01
13.0667 6.862E-01
13.0833 6.866E-01
13.1000 6.870E-01
13.1167 6.873E-01
13.1333 6.876E-01
13.1500 6.878E-01
13.1667 6.881E-01
13.1833 6.882E-01
13.2000 6.884E-01
13.2167 6.886E-01
13.2333 6.887E-01
13.2500 6.888E-01
13.2667 6.888E-01
13.2833 6.888E-01
13.3000 6.888E-01
13.3167 6.888E-01
13.3333 6.887E-01
13.3500 6.886E-01
13.3667 6.885E-01
13.3833 6.883E-01
13.4000 6.881E-01
13.4167 6.879E-01
13.4333 6.877E-01
13.4500 6.874E-01
13.4667 6.871E-01
13.4833 6.868E-01
13.5000 6.864E-01
13.5167 6.860E-01
13.5333 6.856E-01
13.5500 6.851E-01
13.5667 6.846E-01
13.5833 6.841E-01
13.6000 6.836E-01
13.6167 6.830E-01
13.6333 6.824E-01
13.6500 6.818E-01
13.6667 6.811E-01
13.6833 6.804E-01
13.7000 6.797E-01
13.7167 6.790E-01
13.7333 6.782E-01
13.7500 6.774E-01
13.7667 6.766E-01
13.7833 6.757E-01
13.8000 6.749E-01
13.8167 6.739E-01
13.8333 6.730E-01
13.8500 6.720E-01
13.8667 6.710E-01
13.8833 6.700E-01
13.9000 6.689E-01
13.9167 6.679E-01
13.9333 6.662E-01
13.9500 6.656E-01
13.9667 6.644E-01
13.9833 6.632E-01
14.0000 6.617E-01
14.0167 6.606E-01
14.0333 6.595E-01
14.0500 6.575E-01
14.0667 6.569E-01
14.0833 6.555E-01
14.1000 6.537E-01
14.1167 6.526E-01
14.1333 6.513E-01
14.1500 6.498E-01
14.1667 6.483E-01
14.1833 6.468E-01
14.2000 6.453E-01
14.2167 6.437E-01
14.2333 6.421E-01
14.2500 6.403E-01
14.2667 6.388E-01
14.2833 6.370E-01
14.3000 6.355E-01
14.3167 6.337E-01
14.3333 6.320E-01
14.3500 6.302E-01
14.3667 6.284E-01
14.3833 6.257E-01
14.4000 6.248E-01
14.4167 6.229E-01
14.4333 6.210E-01
14.4500 6.191E-01
14.4667 6.172E-01
14.4833 6.152E-01
14.5000 6.132E-01
14.5167 6.112E-01
14.5333 6.092E-01
14.5500 6.068E-01
14.5667 6.051E-01
14.5833 6.030E-01
14.6000 6.009E-01
14.6167 5.985E-01
14.6333 5.966E-01
14.6500 5.941E-01
14.6667 5.922E-01
14.6833 5.899E-01
14.7000 5.877E-01
14.7167 5.854E-01
14.7333 5.825E-01
14.7500 5.808E-01
14.7667 5.785E-01
14.7833 5.762E-01
14.8000 5.738E-01
14.8167 5.714E-01
14.8333 5.690E-01
14.8500 5.666E-01
14.8667 5.641E-01
14.8833 5.617E-01
14.9000 5.592E-01
14.9167 5.567E-01
14.9333 5.542E-01
14.9500 5.516E-01
14.9667 5.484E-01
14.9833 5.465E-01
