11.0000 3.692E-01
11.0167 3.719E-01
11.0333 3.745E-01
11.0500 3.772E-01
11.0667 3.798E-01
11.0833 3.825E-01
11.1000 3.851E-01
11.1167 3.877E-01
11.1333 3.904E-01
11.1500 3.929E-01
11.1667 3.956E-01
11.1833 3.982E-01
11.2000 4.008E-01
11.2167 4.033E-01
11.2333 4.059E-01
11.2500 4.084E-01
11.2667 4.110E-01
11.2833 4.135E-01
11.3000 4.161E-01
11.3167 4.186E-01
11.3333 4.210E-01
11.3500 4.236E-01
11.3667 4.261E-01
11.3833 4.282E-01
11.4000 4.308E-01
11.4167 4.334E-01
11.4333 4.359E-01
11.4500 4.383E-01
11.4667 4.407E-01
11.4833 4.431E-01
11.5000 4.455E-01
11.5167 4.478E-01
11.5333 4.502E-01
11.5500 4.525E-01
11.5667 4.549E-01
11.5833 4.572E-01
11.6000 4.595E-01
11.6167 4.618E-01
11.6333 4.636E-01
11.6500 4.661E-01
11.6667 4.682E-01
11.6833 4.707E-01
11.7000 4.729E-01
11.7167 4.749E-01
11.7333 4.773E-01
11.7500 4.795E-01
11.7667 4.813E-01
11.7833 4.837E-01
11.8000 4.858E-01
11.8167 4.879E-01
11.8333 4.900E-01
11.8500 4.921E-01
11.8667 4.941E-01
11.8833 4.956E-01
11.9000 4.981E-01
11.9167 5.001E-01
11.9333 5.020E-01
11.9500 5.040E-01
11.9667 5.059E-01
11.9833 5.078E-01
12.0000 5.090E-01
12.0167 5.116E-01
12.0333 5.134E-01
12.0500 5.152E-01
12.0667 5.170E-01
12.0833 5.188E-01
12.1000 5.206E-01
12.1167 5.223E-01
12.1333 5.240E-01
12.1500 5.257E-01
12.1667 5.274E-01
12.1833 5.291E-01
12.2000 5.303E-01
12.2167 5.323E-01
12.2333 5.339E-01
12.2500 5.355E-01
12.2667 5.370E-01
12.2833 5.386E-01
12.3000 5.401E-01
12.3167 5.415E-01
12.3333 5.430E-01
12.3500 5.444E-01
12.3667 5.458E-01
12.3833 5.466E-01
12.4000 5.486E-01
12.4167 5.499E-01
12.4333 5.512E-01
12.4500 5.525E-01
12.4667 5.538E-01
12.4833 5.551E-01
12.5000 5.563E-01
12.5167 5.574E-01
12.5333 5.581E-01
12.5500 5.598E-01
12.5667 5.609E-01
12.5833 5.620E-01
12.6000 5.631E-01
12.6167 5.642E-01
12.6333 5.652E-01
12.6500 5.662E-01
12.6667 5.672E-01
12.6833 5.681E-01
12.7000 5.687E-01
12.7167 5.699E-01
12.7333 5.708E-01
12.7500 5.713E-01
12.7667 5.724E-01
12.7833 5.733E-01
12.8000 5.736E-01
12.8167 5.742E-01
12.8333 5.755E-01
12.8500 5.762E-01
12.8667 5.768E-01
12.8833 5.772E-01
12.9000 5.777E-01
12.9167 5.787E-01
12.9333 5.793E-01
12.9500 5.797E-01
12.9667 5.803E-01
12.9833 5.808E-01
13.0000 5.813E-01
13.0167 5.812E-01
13.0333 5.813E-01
13.0500 5.822E-01
13.0667 5.828E-01
13.0833 5.831E-01
13.1000 5.834E-01
13.1167 5.837E-01
13.1333 5.839E-01
13.1500 5.842E-01
13.1667 5.844E-01
13.1833 5.845E-01
13.2000 5.846E-01
13.2167 5.847E-01
13.2333 5.848E-01
13.2500 5.849E-01
13.2667 5.849E-01
13.2833 5.849E-01
13.3000 5.849E-01
13.3167 5.848E-01
13.3333 5.847E-01
13.3500 5.846E-01
13.3667 5.845E-01
13.3833 5.843E-01
13.4000 5.842E-01
13.4167 5.840E-01
13.4333 5.837E-01
13.4500 5.835E-01
13.4667 5.831E-01
13.4833 5.828E-01
13.5000 5.822E-01
13.5167 5.814E-01
13.5333 5.812E-01
13.5500 5.813E-01
13.5667 5.808E-01
13.5833 5.803E-01
13.6000 5.797E-01
13.6167 5.793E-01
13.6333 5.787E-01
13.6500 5.778E-01
13.6667 5.772E-01
13.6833 5.768E-01
13.7000 5.762E-01
13.7167 5.755E-01
13.7333 5.743E-01
13.7500 5.735E-01
13.7667 5.733E-01
13.7833 5.725E-01
13.8000 5.714E-01
13.8167 5.708E-01
13.8333 5.699E-01
13.8500 5.687E-01
13.8667 5.681E-01
13.8833 5.672E-01
13.9000 5.662E-01
13.9167 5.652E-01
13.9333 5.642E-01
13.9500 5.631E-01
13.9667 5.621E-01
13.9833 5.610E-01
14.0000 5.598E-01
14.0167 5.581E-01
14.0333 5.575E-01
14.0500 5.563E-01
14.0667 5.551E-01
14.0833 5.539E-01
14.1000 5.526E-01
14.1167 5.513E-01
14.1333 5.500E-01
14.1500 5.486E-01
14.1667 5.466E-01
14.1833 5.459E-01
14.2000 5.445E-01
14.2167 5.430E-01
14.2333 5.416E-01
14.2500 5.401E-01
14.2667 5.386E-01
14.2833 5.371E-01
14.3000 5.355E-01
14.3167 5.340E-01
14.3333 5.324E-01
14.3500 5.303E-01
14.3667 5.291E-01
14.3833 5.275E-01
14.4000 5.258E-01
14.4167 5.241E-01
14.4333 5.224E-01
14.4500 5.206E-01
14.4667 5.189E-01
14.4833 5.171E-01
14.5000 5.153E-01
14.5167 5.134E-01
14.5333 5.116E-01
14.5500 5.092E-01
14.5667 5.079E-01
14.5833 5.059E-01
14.6000 5.040E-01
14.6167 5.021E-01
14.6333 5.001E-01
14.6500 4.982E-01
14.6667 4.958E-01
14.6833 4.941E-01
14.7000 4.921E-01
14.7167 4.900E-01
14.7333 4.880E-01
14.7500 4.859E-01
14.7667 4.838E-01
14.7833 4.812E-01
14.8000 4.795E-01
14.8167 4.773E-01
14.8333 4.750E-01
14.8500 4.730E-01
14.8667 4.707E-01
14.8833 4.683E-01
14.9000 4.662E-01
14.9167 4.637E-01
14.9333 4.618E-01
14.9500 4.595E-01
14.9667 4.572E-01
14.9833 4.549E-01
