11.0000 3.540E-01
11.0167 3.566E-01
11.0333 3.592E-01
11.0500 3.617E-01
11.0667 3.643E-01
11.0833 3.669E-01
11.1000 3.694E-01
11.1167 3.720E-01
11.1333 3.744E-01
11.1500 3.771E-01
11.1667 3.796E-01
11.1833 3.821E-01
11.2000 3.846E-01
11.2167 3.871E-01
11.2333 3.894E-01
11.2500 3.921E-01
11.2667 3.946E-01
11.2833 3.970E-01
11.3000 3.995E-01
11.3167 4.019E-01
11.3333 4.043E-01
11.3500 4.068E-01
11.3667 4.092E-01
11.3833 4.116E-01
11.4000 4.139E-01
11.4167 4.163E-01
11.4333 4.187E-01
11.4500 4.211E-01
11.4667 4.234E-01
11.4833 4.257E-01
11.5000 4.278E-01
11.5167 4.303E-01
11.5333 4.321E-01
11.5500 4.349E-01
11.5667 4.372E-01
11.5833 4.394E-01
11.6000 4.416E-01
11.6167 4.438E-01
11.6333 4.461E-01
11.6500 4.482E-01
11.6667 4.504E-01
11.6833 4.526E-01
11.7000 4.547E-01
11.7167 4.568E-01
11.7333 4.589E-01
11.7500 4.610E-01
11.7667 4.627E-01
11.7833 4.649E-01
11.8000 4.672E-01
11.8167 4.693E-01
11.8333 4.713E-01
11.8500 4.733E-01
11.8667 4.752E-01
11.8833 4.772E-01
11.9000 4.791E-01
11.9167 4.811E-01
11.9333 4.830E-01
11.9500 4.848E-01
11.9667 4.867E-01
11.9833 4.886E-01
12.0000 4.904E-01
12.0167 4.922E-01
12.0333 4.940E-01
12.0500 4.957E-01
12.0667 4.975E-01
12.0833 4.992E-01
12.1000 5.004E-01
12.1167 5.026E-01
12.1333 5.041E-01
12.1500 5.060E-01
12.1667 5.076E-01
12.1833 5.092E-01
12.2000 5.108E-01
12.2167 5.123E-01
12.2333 5.139E-01
12.2500 5.154E-01
12.2667 5.169E-01
12.2833 5.184E-01
12.3000 5.199E-01
12.3167 5.213E-01
12.3333 5.227E-01
12.3500 5.241E-01
12.3667 5.255E-01
12.3833 5.268E-01
12.4000 5.277E-01
12.4167 5.294E-01
12.4333 5.307E-01
12.4500 5.320E-01
12.4667 5.332E-01
12.4833 5.344E-01
12.5000 5.356E-01
12.5167 5.366E-01
12.5333 5.379E-01
12.5500 5.384E-01
12.5667 5.401E-01
12.5833 5.412E-01
12.6000 5.422E-01
12.6167 5.432E-01
12.6333 5.442E-01
12.6500 5.452E-01
12.6667 5.461E-01
12.6833 5.470E-01
12.7000 5.479E-01
12.7167 5.483E-01
12.7333 5.496E-01
12.7500 5.505E-01
12.7667 5.510E-01
12.7833 5.520E-01
12.8000 5.528E-01
12.8167 5.530E-01
12.8333 5.536E-01
12.8500 5.549E-01
12.8667 5.555E-01
12.8833 5.561E-01
12.9000 5.565E-01
12.9167 5.568E-01
12.9333 5.577E-01
12.9500 5.583E-01
12.9667 5.588E-01
12.9833 5.592E-01
13.0000 5.597E-01
13.0167 5.601E-01
13.0333 5.605E-01
13.0500 5.604E-01
13.0667 5.605E-01
13.0833 5.612E-01
13.1000 5.618E-01
13.1167 5.621E-01
13.1333 5.623E-01
13.1500 5.625E-01
13.1667 5.627E-01
13.1833 5.628E-01
13.2000 5.629E-01
13.2167 5.630E-01
13.2333 5.631E-01
13.2500 5.632E-01
13.2667 5.632E-01
13.2833 5.632E-01
13.3000 5.631E-01
13.3167 5.631E-01
13.3333 5.630E-01
13.3500 5.629E-01
13.3667 5.627E-01
13.3833 5.626E-01
13.4000 5.624E-01
13.4167 5.622E-01
13.4333 5.619E-01
13.4500 5.615E-01
13.4667 5.608E-01
13.4833 5.603E-01
13.5000 5.604E-01
13.5167 5.603E-01
13.5333 5.599E-01
13.5500 5.594E-01
13.5667 5.589E-01
13.5833 5.586E-01
13.6000 5.580E-01
13.6167 5.572E-01
13.6333 5.566E-01
13.6500 5.563E-01
13.6667 5.558E-01
13.6833 5.552E-01
13.7000 5.545E-01
13.7167 5.527E-01
13.7333 5.531E-01
13.7500 5.524E-01
13.7667 5.515E-01
13.7833 5.506E-01
13.8000 5.500E-01
13.8167 5.489E-01
13.8333 5.483E-01
13.8500 5.475E-01
13.8667 5.466E-01
13.8833 5.456E-01
13.9000 5.447E-01
13.9167 5.437E-01
13.9333 5.427E-01
13.9500 5.416E-01
13.9667 5.406E-01
13.9833 5.395E-01
14.0000 5.382E-01
14.0167 5.371E-01
14.0333 5.361E-01
14.0500 5.350E-01
14.0667 5.338E-01
14.0833 5.326E-01
14.1000 5.313E-01
14.1167 5.300E-01
14.1333 5.287E-01
14.1500 5.271E-01
14.1667 5.261E-01
14.1833 5.248E-01
14.2000 5.234E-01
14.2167 5.220E-01
14.2333 5.205E-01
14.2500 5.191E-01
14.2667 5.176E-01
14.2833 5.161E-01
14.3000 5.146E-01
14.3167 5.131E-01
14.3333 5.113E-01
14.3500 5.099E-01
14.3667 5.084E-01
14.3833 5.067E-01
14.4000 5.050E-01
14.4167 5.034E-01
14.4333 5.017E-01
14.4500 5.000E-01
14.4667 4.983E-01
14.4833 4.966E-01
14.5000 4.948E-01
14.5167 4.930E-01
14.5333 4.909E-01
14.5500 4.894E-01
14.5667 4.876E-01
14.5833 4.857E-01
14.6000 4.838E-01
14.6167 4.819E-01
14.6333 4.800E-01
14.6500 4.777E-01
14.6667 4.762E-01
14.6833 4.742E-01
14.7000 4.722E-01
14.7167 4.702E-01
14.7333 4.682E-01
14.7500 4.661E-01
14.7667 4.638E-01
14.7833 4.620E-01
14.8000 4.599E-01
14.8167 4.577E-01
14.8333 4.557E-01
14.8500 4.536E-01
14.8667 4.509E-01
14.8833 4.492E-01
14.9000 4.471E-01
14.9167 4.449E-01
14.9333 4.427E-01
14.9500 4.404E-01
14.9667 4.382E-01
14.9833 4.359E-01
