11.0000 3.459E-01
11.0167 3.484E-01
11.0333 3.510E-01
11.0500 3.535E-01
11.0667 3.560E-01
11.0833 3.585E-01
11.1000 3.610E-01
11.1167 3.635E-01
11.1333 3.660E-01
11.1500 3.684E-01
11.1667 3.709E-01
11.1833 3.732E-01
11.2000 3.759E-01
11.2167 3.783E-01
11.2333 3.807E-01
11.2500 3.832E-01
11.2667 3.856E-01
11.2833 3.880E-01
11.3000 3.904E-01
11.3167 3.928E-01
11.3333 3.952E-01
11.3500 3.975E-01
11.3667 3.999E-01
11.3833 4.023E-01
11.4000 4.046E-01
11.4167 4.069E-01
11.4333 4.092E-01
11.4500 4.115E-01
11.4667 4.138E-01
11.4833 4.161E-01
11.5000 4.184E-01
11.5167 4.206E-01
11.5333 4.229E-01
11.5500 4.251E-01
11.5667 4.271E-01
11.5833 4.294E-01
11.6000 4.317E-01
11.6167 4.338E-01
11.6333 4.360E-01
11.6500 4.382E-01
11.6667 4.403E-01
11.6833 4.423E-01
11.7000 4.445E-01
11.7167 4.466E-01
11.7333 4.486E-01
11.7500 4.507E-01
11.7667 4.527E-01
11.7833 4.547E-01
11.8000 4.567E-01
11.8167 4.587E-01
11.8333 4.607E-01
11.8500 4.627E-01
11.8667 4.646E-01
11.8833 4.665E-01
11.9000 4.684E-01
11.9167 4.703E-01
11.9333 4.722E-01
11.9500 4.740E-01
11.9667 4.758E-01
11.9833 4.774E-01
12.0000 4.794E-01
12.0167 4.809E-01
12.0333 4.830E-01
12.0500 4.847E-01
12.0667 4.864E-01
12.0833 4.878E-01
12.1000 4.898E-01
12.1167 4.914E-01
12.1333 4.931E-01
12.1500 4.947E-01
12.1667 4.963E-01
12.1833 4.979E-01
12.2000 4.994E-01
12.2167 5.010E-01
12.2333 5.025E-01
12.2500 5.039E-01
12.2667 5.054E-01
12.2833 5.069E-01
12.3000 5.083E-01
12.3167 5.097E-01
12.3333 5.111E-01
12.3500 5.122E-01
12.3667 5.132E-01
12.3833 5.151E-01
12.4000 5.164E-01
12.4167 5.177E-01
12.4333 5.190E-01
12.4500 5.202E-01
12.4667 5.214E-01
12.4833 5.226E-01
12.5000 5.235E-01
12.5167 5.249E-01
12.5333 5.258E-01
12.5500 5.271E-01
12.5667 5.272E-01
12.5833 5.292E-01
12.6000 5.302E-01
12.6167 5.309E-01
12.6333 5.322E-01
12.6500 5.331E-01
12.6667 5.341E-01
12.6833 5.344E-01
12.7000 5.359E-01
12.7167 5.367E-01
12.7333 5.375E-01
12.7500 5.383E-01
12.7667 5.391E-01
12.7833 5.399E-01
12.8000 5.406E-01
12.8167 5.413E-01
12.8333 5.420E-01
12.8500 5.427E-01
12.8667 5.433E-01
12.8833 5.439E-01
12.9000 5.445E-01
12.9167 5.451E-01
12.9333 5.456E-01
12.9500 5.461E-01
12.9667 5.465E-01
12.9833 5.470E-01
13.0000 5.475E-01
13.0167 5.479E-01
13.0333 5.483E-01
13.0500 5.486E-01
13.0667 5.489E-01
13.0833 5.492E-01
13.1000 5.495E-01
13.1167 5.498E-01
13.1333 5.500E-01
13.1500 5.502E-01
13.1667 5.504E-01
13.1833 5.505E-01
13.2000 5.507E-01
13.2167 5.508E-01
13.2333 5.508E-01
13.2500 5.509E-01
13.2667 5.509E-01
13.2833 5.509E-01
13.3000 5.509E-01
13.3167 5.508E-01
13.3333 5.507E-01
13.3500 5.506E-01
13.3667 5.505E-01
13.3833 5.503E-01
13.4000 5.502E-01
13.4167 5.500E-01
13.4333 5.497E-01
13.4500 5.495E-01
13.4667 5.492E-01
13.4833 5.489E-01
13.5000 5.485E-01
13.5167 5.482E-01
13.5333 5.478E-01
13.5500 5.474E-01
13.5667 5.469E-01
13.5833 5.464E-01
13.6000 5.460E-01
13.6167 5.455E-01
13.6333 5.449E-01
13.6500 5.444E-01
13.6667 5.438E-01
13.6833 5.432E-01
13.7000 5.425E-01
13.7167 5.419E-01
13.7333 5.412E-01
13.7500 5.405E-01
13.7667 5.397E-01
13.7833 5.390E-01
13.8000 5.381E-01
13.8167 5.374E-01
13.8333 5.365E-01
13.8500 5.356E-01
13.8667 5.344E-01
13.8833 5.339E-01
13.9000 5.329E-01
13.9167 5.319E-01
13.9333 5.308E-01
13.9500 5.300E-01
13.9667 5.290E-01
13.9833 5.273E-01
14.0000 5.268E-01
14.0167 5.254E-01
14.0333 5.246E-01
14.0500 5.230E-01
14.0667 5.223E-01
14.0833 5.211E-01
14.1000 5.199E-01
14.1167 5.187E-01
14.1333 5.174E-01
14.1500 5.161E-01
14.1667 5.148E-01
14.1833 5.132E-01
14.2000 5.120E-01
14.2167 5.108E-01
14.2333 5.094E-01
14.2500 5.080E-01
14.2667 5.065E-01
14.2833 5.051E-01
14.3000 5.030E-01
14.3167 5.021E-01
14.3333 5.006E-01
14.3500 4.991E-01
14.3667 4.975E-01
14.3833 4.959E-01
14.4000 4.943E-01
14.4167 4.927E-01
14.4333 4.910E-01
14.4500 4.894E-01
14.4667 4.877E-01
14.4833 4.860E-01
14.5000 4.843E-01
14.5167 4.825E-01
14.5333 4.808E-01
14.5500 4.790E-01
14.5667 4.772E-01
14.5833 4.754E-01
14.6000 4.735E-01
14.6167 4.717E-01
14.6333 4.698E-01
14.6500 4.679E-01
14.6667 4.660E-01
14.6833 4.641E-01
14.7000 4.622E-01
14.7167 4.602E-01
14.7333 4.582E-01
14.7500 4.557E-01
14.7667 4.542E-01
14.7833 4.522E-01
14.8000 4.502E-01
14.8167 4.481E-01
14.8333 4.460E-01
14.8500 4.439E-01
14.8667 4.415E-01
14.8833 4.397E-01
14.9000 4.376E-01
14.9167 4.354E-01
14.9333 4.333E-01
14.9500 4.307E-01
14.9667 4.289E-01
14.9833 4.267E-01
