11.0000 4.408E-01
11.0167 4.433E-01
11.0333 4.465E-01
11.0500 4.494E-01
11.0667 4.523E-01
11.0833 4.552E-01
11.1000 4.580E-01
11.1167 4.608E-01
11.1333 4.637E-01
11.1500 4.665E-01
11.1667 4.693E-01
11.1833 4.721E-01
11.2000 4.749E-01
11.2167 4.777E-01
11.2333 4.802E-01
11.2500 4.831E-01
11.2667 4.859E-01
11.2833 4.887E-01
11.3000 4.914E-01
11.3167 4.941E-01
11.3333 4.966E-01
11.3500 4.991E-01
11.3667 5.021E-01
11.3833 5.048E-01
11.4000 5.074E-01
11.4167 5.101E-01
11.4333 5.127E-01
11.4500 5.153E-01
11.4667 5.179E-01
11.4833 5.204E-01
11.5000 5.230E-01
11.5167 5.255E-01
11.5333 5.275E-01
11.5500 5.305E-01
11.5667 5.330E-01
11.5833 5.355E-01
11.6000 5.376E-01
11.6167 5.404E-01
11.6333 5.428E-01
11.6500 5.452E-01
11.6667 5.476E-01
11.6833 5.498E-01
11.7000 5.524E-01
11.7167 5.547E-01
11.7333 5.570E-01
11.7500 5.593E-01
11.7667 5.616E-01
11.7833 5.639E-01
11.8000 5.661E-01
11.8167 5.683E-01
11.8333 5.706E-01
11.8500 5.727E-01
11.8667 5.749E-01
11.8833 5.768E-01
11.9000 5.786E-01
11.9167 5.813E-01
11.9333 5.834E-01
11.9500 5.854E-01
11.9667 5.875E-01
11.9833 5.892E-01
12.0000 5.914E-01
12.0167 5.935E-01
12.0333 5.948E-01
12.0500 5.974E-01
12.0667 5.992E-01
12.0833 6.012E-01
12.1000 6.024E-01
12.1167 6.049E-01
12.1333 6.068E-01
12.1500 6.086E-01
12.1667 6.103E-01
12.1833 6.121E-01
12.2000 6.138E-01
12.2167 6.155E-01
12.2333 6.173E-01
12.2500 6.189E-01
12.2667 6.206E-01
12.2833 6.222E-01
12.3000 6.238E-01
12.3167 6.253E-01
12.3333 6.269E-01
12.3500 6.284E-01
12.3667 6.299E-01
12.3833 6.310E-01
12.4000 6.328E-01
12.4167 6.342E-01
12.4333 6.356E-01
12.4500 6.370E-01
12.4667 6.383E-01
12.4833 6.397E-01
12.5000 6.410E-01
12.5167 6.422E-01
12.5333 6.435E-01
12.5500 6.447E-01
12.5667 6.459E-01
12.5833 6.470E-01
12.6000 6.482E-01
12.6167 6.493E-01
12.6333 6.504E-01
12.6500 6.514E-01
12.6667 6.525E-01
12.6833 6.532E-01
12.7000 6.544E-01
12.7167 6.554E-01
12.7333 6.563E-01
12.7500 6.572E-01
12.7667 6.580E-01
12.7833 6.589E-01
12.8000 6.598E-01
12.8167 6.605E-01
12.8333 6.613E-01
12.8500 6.620E-01
12.8667 6.627E-01
12.8833 6.634E-01
12.9000 6.641E-01
12.9167 6.646E-01
12.9333 6.641E-01
12.9500 6.649E-01
12.9667 6.661E-01
12.9833 6.660E-01
13.0000 6.668E-01
13.0167 6.678E-01
13.0333 6.683E-01
13.0500 6.687E-01
13.0667 6.690E-01
13.0833 6.694E-01
13.1000 6.697E-01
13.1167 6.700E-01
13.1333 6.702E-01
13.1500 6.705E-01
13.1667 6.707E-01
13.1833 6.708E-01
13.2000 6.710E-01
13.2167 6.711E-01
13.2333 6.712E-01
13.2500 6.713E-01
13.2667 6.713E-01
13.2833 6.713E-01
13.3000 6.713E-01
13.3167 6.712E-01
13.3333 6.711E-01
13.3500 6.710E-01
13.3667 6.709E-01
13.3833 6.707E-01
13.4000 6.705E-01
13.4167 6.703E-01
13.4333 6.700E-01
13.4500 6.697E-01
13.4667 6.694E-01
13.4833 6.691E-01
13.5000 6.687E-01
13.5167 6.683E-01
13.5333 6.679E-01
13.5500 6.669E-01
13.5667 6.660E-01
13.5833 6.661E-01
13.6000 6.651E-01
13.6167 6.640E-01
13.6333 6.646E-01
13.6500 6.642E-01
13.6667 6.635E-01
13.6833 6.628E-01
13.7000 6.621E-01
13.7167 6.614E-01
13.7333 6.607E-01
13.7500 6.599E-01
13.7667 6.590E-01
13.7833 6.581E-01
13.8000 6.574E-01
13.8167 6.565E-01
13.8333 6.555E-01
13.8500 6.546E-01
13.8667 6.533E-01
13.8833 6.526E-01
13.9000 6.516E-01
13.9167 6.505E-01
13.9333 6.495E-01
13.9500 6.483E-01
13.9667 6.472E-01
13.9833 6.460E-01
14.0000 6.449E-01
14.0167 6.436E-01
14.0333 6.424E-01
14.0500 6.411E-01
14.0667 6.399E-01
14.0833 6.385E-01
14.1000 6.372E-01
14.1167 6.358E-01
14.1333 6.344E-01
14.1500 6.330E-01
14.1667 6.309E-01
14.1833 6.301E-01
14.2000 6.286E-01
14.2167 6.271E-01
14.2333 6.256E-01
14.2500 6.240E-01
14.2667 6.224E-01
14.2833 6.208E-01
14.3000 6.191E-01
14.3167 6.175E-01
14.3333 6.157E-01
14.3500 6.141E-01
14.3667 6.124E-01
14.3833 6.106E-01
14.4000 6.088E-01
14.4167 6.070E-01
14.4333 6.052E-01
14.4500 6.030E-01
14.4667 6.015E-01
14.4833 5.996E-01
14.5000 5.976E-01
14.5167 5.956E-01
14.5333 5.938E-01
14.5500 5.915E-01
14.5667 5.892E-01
14.5833 5.878E-01
14.6000 5.857E-01
14.6167 5.837E-01
14.6333 5.816E-01
14.6500 5.793E-01
14.6667 5.773E-01
14.6833 5.752E-01
14.7000 5.730E-01
14.7167 5.708E-01
14.7333 5.686E-01
14.7500 5.664E-01
14.7667 5.642E-01
14.7833 5.619E-01
14.8000 5.596E-01
14.8167 5.573E-01
14.8333 5.550E-01
14.8500 5.527E-01
14.8667 5.503E-01
14.8833 5.479E-01
14.9000 5.456E-01
14.9167 5.432E-01
14.9333 5.407E-01
14.9500 5.375E-01
14.9667 5.358E-01
14.9833 5.334E-01
