11.0000 4.082E-01
11.0167 4.109E-01
11.0333 4.138E-01
11.0500 4.168E-01
11.0667 4.196E-01
11.0833 4.224E-01
11.1000 4.251E-01
11.1167 4.279E-01
11.1333 4.307E-01
11.1500 4.334E-01
11.1667 4.362E-01
11.1833 4.386E-01
11.2000 4.416E-01
11.2167 4.443E-01
11.2333 4.470E-01
11.2500 4.497E-01
11.2667 4.524E-01
11.2833 4.550E-01
11.3000 4.573E-01
11.3167 4.603E-01
11.3333 4.630E-01
11.3500 4.656E-01
11.3667 4.682E-01
11.3833 4.708E-01
11.4000 4.734E-01
11.4167 4.758E-01
11.4333 4.783E-01
11.4500 4.810E-01
11.4667 4.836E-01
11.4833 4.861E-01
11.5000 4.886E-01
11.5167 4.907E-01
11.5333 4.936E-01
11.5500 4.960E-01
11.5667 4.985E-01
11.5833 5.009E-01
11.6000 5.033E-01
11.6167 5.057E-01
11.6333 5.081E-01
11.6500 5.105E-01
11.6667 5.128E-01
11.6833 5.151E-01
11.7000 5.174E-01
11.7167 5.197E-01
11.7333 5.220E-01
11.7500 5.243E-01
11.7667 5.265E-01
11.7833 5.287E-01
11.8000 5.305E-01
11.8167 5.332E-01
11.8333 5.353E-01
11.8500 5.375E-01
11.8667 5.396E-01
11.8833 5.415E-01
11.9000 5.438E-01
11.9167 5.459E-01
11.9333 5.480E-01
11.9500 5.500E-01
11.9667 5.520E-01
11.9833 5.540E-01
12.0000 5.560E-01
12.0167 5.579E-01
12.0333 5.599E-01
12.0500 5.618E-01
12.0667 5.637E-01
12.0833 5.655E-01
12.1000 5.674E-01
12.1167 5.691E-01
12.1333 5.705E-01
12.1500 5.728E-01
12.1667 5.746E-01
12.1833 5.763E-01
12.2000 5.780E-01
12.2167 5.797E-01
12.2333 5.809E-01
12.2500 5.830E-01
12.2667 5.846E-01
12.2833 5.858E-01
12.3000 5.878E-01
12.3167 5.893E-01
12.3333 5.909E-01
12.3500 5.924E-01
12.3667 5.937E-01
12.3833 5.954E-01
12.4000 5.968E-01
12.4167 5.982E-01
12.4333 5.996E-01
12.4500 6.010E-01
12.4667 6.023E-01
12.4833 6.036E-01
12.5000 6.049E-01
12.5167 6.061E-01
12.5333 6.074E-01
12.5500 6.086E-01
12.5667 6.098E-01
12.5833 6.110E-01
12.6000 6.121E-01
12.6167 6.132E-01
12.6333 6.143E-01
12.6500 6.153E-01
12.6667 6.164E-01
12.6833 6.174E-01
12.7000 6.184E-01
12.7167 6.193E-01
12.7333 6.202E-01
12.7500 6.211E-01
12.7667 6.220E-01
12.7833 6.220E-01
12.8000 6.236E-01
12.8167 6.244E-01
12.8333 6.252E-01
12.8500 6.260E-01
12.8667 6.267E-01
12.8833 6.274E-01
12.9000 6.280E-01
12.9167 6.286E-01
12.9333 6.292E-01
12.9500 6.298E-01
12.9667 6.304E-01
12.9833 6.309E-01
13.0000 6.314E-01
13.0167 6.318E-01
13.0333 6.323E-01
13.0500 6.327E-01
13.0667 6.331E-01
13.0833 6.334E-01
13.1000 6.337E-01
13.1167 6.341E-01
13.1333 6.343E-01
13.1500 6.346E-01
13.1667 6.348E-01
13.1833 6.350E-01
13.2000 6.351E-01
13.2167 6.353E-01
13.2333 6.354E-01
13.2500 6.355E-01
13.2667 6.355E-01
13.2833 6.355E-01
13.3000 6.355E-01
13.3167 6.355E-01
13.3333 6.354E-01
13.3500 6.353E-01
13.3667 6.352E-01
13.3833 6.351E-01
13.4000 6.349E-01
13.4167 6.347E-01
13.4333 6.345E-01
13.4500 6.342E-01
13.4667 6.339E-01
13.4833 6.336E-01
13.5000 6.332E-01
13.5167 6.329E-01
13.5333 6.325E-01
13.5500 6.320E-01
13.5667 6.316E-01
13.5833 6.311E-01
13.6000 6.306E-01
13.6167 6.301E-01
13.6333 6.295E-01
13.6500 6.289E-01
13.6667 6.283E-01
13.6833 6.277E-01
13.7000 6.270E-01
13.7167 6.263E-01
13.7333 6.256E-01
13.7500 6.248E-01
13.7667 6.240E-01
13.7833 6.228E-01
13.8000 6.221E-01
13.8167 6.216E-01
13.8333 6.207E-01
13.8500 6.197E-01
13.8667 6.188E-01
13.8833 6.178E-01
13.9000 6.169E-01
13.9167 6.158E-01
13.9333 6.148E-01
13.9500 6.137E-01
13.9667 6.126E-01
13.9833 6.115E-01
14.0000 6.104E-01
14.0167 6.092E-01
14.0333 6.080E-01
14.0500 6.067E-01
14.0667 6.055E-01
14.0833 6.042E-01
14.1000 6.029E-01
14.1167 6.016E-01
14.1333 6.003E-01
14.1500 5.989E-01
14.1667 5.974E-01
14.1833 5.961E-01
14.2000 5.940E-01
14.2167 5.931E-01
14.2333 5.916E-01
14.2500 5.897E-01
14.2667 5.886E-01
14.2833 5.864E-01
14.3000 5.854E-01
14.3167 5.835E-01
14.3333 5.822E-01
14.3500 5.805E-01
14.3667 5.788E-01
14.3833 5.771E-01
14.4000 5.754E-01
14.4167 5.736E-01
14.4333 5.719E-01
14.4500 5.701E-01
14.4667 5.682E-01
14.4833 5.664E-01
14.5000 5.646E-01
14.5167 5.627E-01
14.5333 5.608E-01
14.5500 5.583E-01
14.5667 5.569E-01
14.5833 5.549E-01
14.6000 5.529E-01
14.6167 5.509E-01
14.6333 5.489E-01
14.6500 5.469E-01
14.6667 5.448E-01
14.6833 5.427E-01
14.7000 5.406E-01
14.7167 5.385E-01
14.7333 5.363E-01
14.7500 5.340E-01
14.7667 5.320E-01
14.7833 5.298E-01
14.8000 5.275E-01
14.8167 5.253E-01
14.8333 5.231E-01
14.8500 5.205E-01
14.8667 5.185E-01
14.8833 5.162E-01
14.9000 5.139E-01
14.9167 5.115E-01
14.9333 5.092E-01
14.9500 5.066E-01
14.9667 5.044E-01
14.9833 5.020E-01
