11.0000 4.230E-01
11.0167 4.264E-01
11.0333 4.288E-01
11.0500 4.323E-01
11.0667 4.353E-01
11.0833 4.382E-01
11.1000 4.411E-01
11.1167 4.440E-01
11.1333 4.470E-01
11.1500 4.499E-01
11.1667 4.528E-01
11.1833 4.556E-01
11.2000 4.582E-01
11.2167 4.614E-01
11.2333 4.642E-01
11.2500 4.671E-01
11.2667 4.699E-01
11.2833 4.727E-01
11.3000 4.755E-01
11.3167 4.783E-01
11.3333 4.811E-01
11.3500 4.839E-01
11.3667 4.866E-01
11.3833 4.894E-01
11.4000 4.921E-01
11.4167 4.948E-01
11.4333 4.975E-01
11.4500 5.002E-01
11.4667 5.029E-01
11.4833 5.053E-01
11.5000 5.082E-01
11.5167 5.108E-01
11.5333 5.134E-01
11.5500 5.160E-01
11.5667 5.186E-01
11.5833 5.212E-01
11.6000 5.236E-01
11.6167 5.263E-01
11.6333 5.288E-01
11.6500 5.313E-01
11.6667 5.338E-01
11.6833 5.362E-01
11.7000 5.387E-01
11.7167 5.411E-01
11.7333 5.435E-01
11.7500 5.459E-01
11.7667 5.477E-01
11.7833 5.505E-01
11.8000 5.521E-01
11.8167 5.553E-01
11.8333 5.575E-01
11.8500 5.598E-01
11.8667 5.621E-01
11.8833 5.643E-01
11.9000 5.665E-01
11.9167 5.687E-01
11.9333 5.709E-01
11.9500 5.730E-01
11.9667 5.752E-01
11.9833 5.773E-01
12.0000 5.794E-01
12.0167 5.814E-01
12.0333 5.835E-01
12.0500 5.855E-01
12.0667 5.875E-01
12.0833 5.895E-01
12.1000 5.914E-01
12.1167 5.933E-01
12.1333 5.953E-01
12.1500 5.971E-01
12.1667 5.990E-01
12.1833 6.008E-01
12.2000 6.022E-01
12.2167 6.044E-01
12.2333 6.062E-01
12.2500 6.079E-01
12.2667 6.096E-01
12.2833 6.112E-01
12.3000 6.130E-01
12.3167 6.138E-01
12.3333 6.162E-01
12.3500 6.178E-01
12.3667 6.190E-01
12.3833 6.209E-01
12.4000 6.224E-01
12.4167 6.239E-01
12.4333 6.254E-01
12.4500 6.267E-01
12.4667 6.282E-01
12.4833 6.296E-01
12.5000 6.310E-01
12.5167 6.323E-01
12.5333 6.336E-01
12.5500 6.349E-01
12.5667 6.361E-01
12.5833 6.373E-01
12.6000 6.385E-01
12.6167 6.397E-01
12.6333 6.408E-01
12.6500 6.419E-01
12.6667 6.430E-01
12.6833 6.441E-01
12.7000 6.451E-01
12.7167 6.461E-01
12.7333 6.466E-01
12.7500 6.477E-01
12.7667 6.489E-01
12.7833 6.498E-01
12.8000 6.507E-01
12.8167 6.515E-01
12.8333 6.523E-01
12.8500 6.531E-01
12.8667 6.538E-01
12.8833 6.545E-01
12.9000 6.552E-01
12.9167 6.559E-01
12.9333 6.565E-01
12.9500 6.571E-01
12.9667 6.577E-01
12.9833 6.580E-01
13.0000 6.586E-01
13.0167 6.592E-01
13.0333 6.597E-01
13.0500 6.601E-01
13.0667 6.604E-01
13.0833 6.603E-01
13.1000 6.602E-01
13.1167 6.609E-01
13.1333 6.616E-01
13.1500 6.620E-01
13.1667 6.622E-01
13.1833 6.624E-01
13.2000 6.626E-01
13.2167 6.627E-01
13.2333 6.628E-01
13.2500 6.629E-01
13.2667 6.629E-01
13.2833 6.629E-01
13.3000 6.629E-01
13.3167 6.629E-01
13.3333 6.628E-01
13.3500 6.627E-01
13.3667 6.625E-01
13.3833 6.624E-01
13.4000 6.622E-01
13.4167 6.619E-01
13.4333 6.614E-01
13.4500 6.608E-01
13.4667 6.602E-01
13.4833 6.603E-01
13.5000 6.604E-01
13.5167 6.600E-01
13.5333 6.595E-01
13.5500 6.590E-01
13.5667 6.584E-01
13.5833 6.579E-01
13.6000 6.575E-01
13.6167 6.569E-01
13.6333 6.563E-01
13.6500 6.557E-01
13.6667 6.550E-01
13.6833 6.543E-01
13.7000 6.536E-01
13.7167 6.529E-01
13.7333 6.521E-01
13.7500 6.513E-01
13.7667 6.504E-01
13.7833 6.496E-01
13.8000 6.487E-01
13.8167 6.471E-01
13.8333 6.467E-01
13.8500 6.458E-01
13.8667 6.448E-01
13.8833 6.438E-01
13.9000 6.427E-01
13.9167 6.416E-01
13.9333 6.405E-01
13.9500 6.393E-01
13.9667 6.382E-01
13.9833 6.370E-01
14.0000 6.358E-01
14.0167 6.345E-01
14.0333 6.332E-01
14.0500 6.319E-01
14.0667 6.306E-01
14.0833 6.292E-01
14.1000 6.277E-01
14.1167 6.264E-01
14.1333 6.250E-01
14.1500 6.235E-01
14.1667 6.220E-01
14.1833 6.205E-01
14.2000 6.184E-01
14.2167 6.173E-01
14.2333 6.158E-01
14.2500 6.137E-01
14.2667 6.125E-01
14.2833 6.107E-01
14.3000 6.091E-01
14.3167 6.074E-01
14.3333 6.057E-01
14.3500 6.039E-01
14.3667 6.016E-01
14.3833 6.003E-01
14.4000 5.984E-01
14.4167 5.966E-01
14.4333 5.947E-01
14.4500 5.928E-01
14.4667 5.908E-01
14.4833 5.889E-01
14.5000 5.869E-01
14.5167 5.849E-01
14.5333 5.829E-01
14.5500 5.808E-01
14.5667 5.787E-01
14.5833 5.766E-01
14.6000 5.745E-01
14.6167 5.724E-01
14.6333 5.702E-01
14.6500 5.676E-01
14.6667 5.659E-01
14.6833 5.636E-01
14.7000 5.614E-01
14.7167 5.591E-01
14.7333 5.568E-01
14.7500 5.546E-01
14.7667 5.522E-01
14.7833 5.498E-01
14.8000 5.475E-01
14.8167 5.451E-01
14.8333 5.428E-01
14.8500 5.403E-01
14.8667 5.379E-01
14.8833 5.355E-01
14.9000 5.330E-01
14.9167 5.305E-01
14.9333 5.280E-01
14.9500 5.255E-01
14.9667 5.228E-01
14.9833 5.204E-01
