11.0000 2.760E-01
11.0167 2.782E-01
11.0333 2.804E-01
11.0500 2.826E-01
11.0667 2.848E-01
11.0833 2.870E-01
11.1000 2.892E-01
11.1167 2.913E-01
11.1333 2.935E-01
11.1500 2.956E-01
11.1667 2.976E-01
11.1833 2.999E-01
11.2000 3.021E-01
11.2167 3.042E-01
11.2333 3.063E-01
11.2500 3.084E-01
11.2667 3.105E-01
11.2833 3.121E-01
11.3000 3.146E-01
11.3167 3.166E-01
11.3333 3.188E-01
11.3500 3.208E-01
11.3667 3.229E-01
11.3833 3.249E-01
11.4000 3.269E-01
11.4167 3.289E-01
11.4333 3.309E-01
11.4500 3.329E-01
11.4667 3.349E-01
11.4833 3.369E-01
11.5000 3.388E-01
11.5167 3.408E-01
11.5333 3.427E-01
11.5500 3.442E-01
11.5667 3.465E-01
11.5833 3.484E-01
11.6000 3.501E-01
11.6167 3.521E-01
11.6333 3.540E-01
11.6500 3.558E-01
11.6667 3.576E-01
11.6833 3.594E-01
11.7000 3.612E-01
11.7167 3.630E-01
11.7333 3.646E-01
11.7500 3.665E-01
11.7667 3.683E-01
11.7833 3.700E-01
11.8000 3.717E-01
11.8167 3.733E-01
11.8333 3.750E-01
11.8500 3.767E-01
11.8667 3.783E-01
11.8833 3.799E-01
11.9000 3.816E-01
11.9167 3.831E-01
11.9333 3.847E-01
11.9500 3.862E-01
11.9667 3.878E-01
11.9833 3.893E-01
12.0000 3.908E-01
12.0167 3.923E-01
12.0333 3.938E-01
12.0500 3.950E-01
12.0667 3.966E-01
12.0833 3.980E-01
12.1000 3.994E-01
12.1167 4.006E-01
12.1333 4.022E-01
12.1500 4.035E-01
12.1667 4.044E-01
12.1833 4.061E-01
12.2000 4.074E-01
12.2167 4.086E-01
12.2333 4.099E-01
12.2500 4.110E-01
12.2667 4.123E-01
12.2833 4.130E-01
12.3000 4.146E-01
12.3167 4.157E-01
12.3333 4.168E-01
12.3500 4.179E-01
12.3667 4.190E-01
12.3833 4.200E-01
12.4000 4.211E-01
12.4167 4.221E-01
12.4333 4.230E-01
12.4500 4.240E-01
12.4667 4.250E-01
12.4833 4.259E-01
12.5000 4.267E-01
12.5167 4.276E-01
12.5333 4.285E-01
12.5500 4.293E-01
12.5667 4.301E-01
12.5833 4.309E-01
12.6000 4.317E-01
12.6167 4.324E-01
12.6333 4.331E-01
12.6500 4.338E-01
12.6667 4.345E-01
12.6833 4.352E-01
12.7000 4.358E-01
12.7167 4.364E-01
12.7333 4.370E-01
12.7500 4.375E-01
12.7667 4.381E-01
12.7833 4.386E-01
12.8000 4.391E-01
12.8167 4.395E-01
12.8333 4.399E-01
12.8500 4.403E-01
12.8667 4.406E-01
12.8833 4.411E-01
12.9000 4.412E-01
12.9167 4.415E-01
12.9333 4.421E-01
12.9500 4.424E-01
12.9667 4.427E-01
12.9833 4.429E-01
13.0000 4.431E-01
13.0167 4.433E-01
13.0333 4.434E-01
13.0500 4.436E-01
13.0667 4.437E-01
13.0833 4.438E-01
13.1000 4.438E-01
13.1167 4.439E-01
13.1333 4.439E-01
13.1500 4.439E-01
13.1667 4.439E-01
13.1833 4.438E-01
13.2000 4.437E-01
13.2167 4.436E-01
13.2333 4.435E-01
13.2500 4.433E-01
13.2667 4.431E-01
13.2833 4.429E-01
13.3000 4.427E-01
13.3167 4.425E-01
13.3333 4.422E-01
13.3500 4.417E-01
13.3667 4.411E-01
13.3833 4.412E-01
13.4000 4.407E-01
13.4167 4.405E-01
13.4333 4.399E-01
13.4500 4.397E-01
13.4667 4.392E-01
13.4833 4.387E-01
13.5000 4.382E-01
13.5167 4.377E-01
13.5333 4.371E-01
13.5500 4.365E-01
13.5667 4.359E-01
13.5833 4.353E-01
13.6000 4.347E-01
13.6167 4.340E-01
13.6333 4.333E-01
13.6500 4.326E-01
13.6667 4.319E-01
13.6833 4.311E-01
13.7000 4.303E-01
13.7167 4.295E-01
13.7333 4.286E-01
13.7500 4.278E-01
13.7667 4.270E-01
13.7833 4.261E-01
13.8000 4.252E-01
13.8167 4.242E-01
13.8333 4.233E-01
13.8500 4.223E-01
13.8667 4.213E-01
13.8833 4.203E-01
13.9000 4.192E-01
13.9167 4.182E-01
13.9333 4.171E-01
13.9500 4.160E-01
13.9667 4.148E-01
13.9833 4.135E-01
14.0000 4.125E-01
14.0167 4.113E-01
14.0333 4.101E-01
14.0500 4.088E-01
14.0667 4.073E-01
14.0833 4.064E-01
14.1000 4.051E-01
14.1167 4.038E-01
14.1333 4.025E-01
14.1500 4.011E-01
14.1667 3.997E-01
14.1833 3.984E-01
14.2000 3.970E-01
14.2167 3.955E-01
14.2333 3.941E-01
14.2500 3.926E-01
14.2667 3.912E-01
14.2833 3.897E-01
14.3000 3.880E-01
14.3167 3.866E-01
14.3333 3.851E-01
14.3500 3.834E-01
14.3667 3.817E-01
14.3833 3.803E-01
14.4000 3.787E-01
14.4167 3.771E-01
14.4333 3.753E-01
14.4500 3.737E-01
14.4667 3.721E-01
14.4833 3.704E-01
14.5000 3.686E-01
14.5167 3.669E-01
14.5333 3.652E-01
14.5500 3.634E-01
14.5667 3.616E-01
14.5833 3.598E-01
14.6000 3.580E-01
14.6167 3.562E-01
14.6333 3.544E-01
14.6500 3.525E-01
14.6667 3.507E-01
14.6833 3.488E-01
14.7000 3.469E-01
14.7167 3.450E-01
14.7333 3.431E-01
14.7500 3.412E-01
14.7667 3.390E-01
14.7833 3.372E-01
14.8000 3.353E-01
14.8167 3.334E-01
14.8333 3.314E-01
14.8500 3.293E-01
14.8667 3.274E-01
14.8833 3.254E-01
14.9000 3.233E-01
14.9167 3.213E-01
14.9333 3.192E-01
14.9500 3.172E-01
14.9667 3.151E-01
14.9833 3.130E-01
