11.0000 3.596E-01
11.0167 3.623E-01
11.0333 3.649E-01
11.0500 3.675E-01
11.0667 3.702E-01
11.0833 3.729E-01
11.1000 3.755E-01
11.1167 3.782E-01
11.1333 3.808E-01
11.1500 3.834E-01
11.1667 3.860E-01
11.1833 3.883E-01
11.2000 3.912E-01
11.2167 3.938E-01
11.2333 3.963E-01
11.2500 3.989E-01
11.2667 4.011E-01
11.2833 4.040E-01
11.3000 4.065E-01
11.3167 4.090E-01
11.3333 4.116E-01
11.3500 4.140E-01
11.3667 4.165E-01
11.3833 4.190E-01
11.4000 4.215E-01
11.4167 4.239E-01
11.4333 4.264E-01
11.4500 4.288E-01
11.4667 4.312E-01
11.4833 4.335E-01
11.5000 4.360E-01
11.5167 4.383E-01
11.5333 4.407E-01
11.5500 4.430E-01
11.5667 4.453E-01
11.5833 4.477E-01
11.6000 4.499E-01
11.6167 4.522E-01
11.6333 4.538E-01
11.6500 4.568E-01
11.6667 4.590E-01
11.6833 4.612E-01
11.7000 4.632E-01
11.7167 4.656E-01
11.7333 4.678E-01
11.7500 4.695E-01
11.7667 4.720E-01
11.7833 4.742E-01
11.8000 4.763E-01
11.8167 4.781E-01
11.8333 4.800E-01
11.8500 4.825E-01
11.8667 4.845E-01
11.8833 4.865E-01
11.9000 4.885E-01
11.9167 4.905E-01
11.9333 4.924E-01
11.9500 4.943E-01
11.9667 4.962E-01
11.9833 4.981E-01
12.0000 5.000E-01
12.0167 5.018E-01
12.0333 5.037E-01
12.0500 5.055E-01
12.0667 5.073E-01
12.0833 5.091E-01
12.1000 5.108E-01
12.1167 5.125E-01
12.1333 5.143E-01
12.1500 5.159E-01
12.1667 5.176E-01
12.1833 5.188E-01
12.2000 5.208E-01
12.2167 5.224E-01
12.2333 5.236E-01
12.2500 5.256E-01
12.2667 5.270E-01
12.2833 5.286E-01
12.3000 5.301E-01
12.3167 5.315E-01
12.3333 5.330E-01
12.3500 5.344E-01
12.3667 5.358E-01
12.3833 5.366E-01
12.4000 5.385E-01
12.4167 5.398E-01
12.4333 5.411E-01
12.4500 5.423E-01
12.4667 5.436E-01
12.4833 5.448E-01
12.5000 5.460E-01
12.5167 5.472E-01
12.5333 5.483E-01
12.5500 5.494E-01
12.5667 5.505E-01
12.5833 5.516E-01
12.6000 5.526E-01
12.6167 5.536E-01
12.6333 5.542E-01
12.6500 5.556E-01
12.6667 5.566E-01
12.6833 5.575E-01
12.7000 5.584E-01
12.7167 5.592E-01
12.7333 5.601E-01
12.7500 5.609E-01
12.7667 5.617E-01
12.7833 5.624E-01
12.8000 5.631E-01
12.8167 5.639E-01
12.8333 5.645E-01
12.8500 5.652E-01
12.8667 5.658E-01
12.8833 5.664E-01
12.9000 5.670E-01
12.9167 5.675E-01
12.9333 5.681E-01
12.9500 5.685E-01
12.9667 5.690E-01
12.9833 5.695E-01
13.0000 5.696E-01
13.0167 5.695E-01
13.0333 5.702E-01
13.0500 5.709E-01
13.0667 5.712E-01
13.0833 5.715E-01
13.1000 5.717E-01
13.1167 5.720E-01
13.1333 5.722E-01
13.1500 5.723E-01
13.1667 5.725E-01
13.1833 5.726E-01
13.2000 5.727E-01
13.2167 5.727E-01
13.2333 5.727E-01
13.2500 5.728E-01
13.2667 5.727E-01
13.2833 5.727E-01
13.3000 5.726E-01
13.3167 5.725E-01
13.3333 5.723E-01
13.3500 5.722E-01
13.3667 5.720E-01
13.3833 5.718E-01
13.4000 5.715E-01
13.4167 5.713E-01
13.4333 5.710E-01
13.4500 5.703E-01
13.4667 5.695E-01
13.4833 5.696E-01
13.5000 5.695E-01
13.5167 5.691E-01
13.5333 5.686E-01
13.5500 5.681E-01
13.5667 5.676E-01
13.5833 5.670E-01
13.6000 5.665E-01
13.6167 5.659E-01
13.6333 5.653E-01
13.6500 5.646E-01
13.6667 5.639E-01
13.6833 5.632E-01
13.7000 5.625E-01
13.7167 5.617E-01
13.7333 5.609E-01
13.7500 5.601E-01
13.7667 5.593E-01
13.7833 5.584E-01
13.8000 5.575E-01
13.8167 5.566E-01
13.8333 5.557E-01
13.8500 5.541E-01
13.8667 5.537E-01
13.8833 5.527E-01
13.9000 5.517E-01
13.9167 5.506E-01
13.9333 5.495E-01
13.9500 5.484E-01
13.9667 5.473E-01
13.9833 5.461E-01
14.0000 5.449E-01
14.0167 5.437E-01
14.0333 5.424E-01
14.0500 5.411E-01
14.0667 5.399E-01
14.0833 5.384E-01
14.1000 5.368E-01
14.1167 5.359E-01
14.1333 5.345E-01
14.1500 5.331E-01
14.1667 5.316E-01
14.1833 5.302E-01
14.2000 5.287E-01
14.2167 5.271E-01
14.2333 5.257E-01
14.2500 5.239E-01
14.2667 5.226E-01
14.2833 5.208E-01
14.3000 5.191E-01
14.3167 5.177E-01
14.3333 5.160E-01
14.3500 5.144E-01
14.3667 5.127E-01
14.3833 5.109E-01
14.4000 5.092E-01
14.4167 5.074E-01
14.4333 5.056E-01
14.4500 5.038E-01
14.4667 5.020E-01
14.4833 5.001E-01
14.5000 4.983E-01
14.5167 4.964E-01
14.5333 4.945E-01
14.5500 4.925E-01
14.5667 4.906E-01
14.5833 4.886E-01
14.6000 4.866E-01
14.6167 4.846E-01
14.6333 4.826E-01
14.6500 4.803E-01
14.6667 4.780E-01
14.6833 4.764E-01
14.7000 4.743E-01
14.7167 4.722E-01
14.7333 4.695E-01
14.7500 4.679E-01
14.7667 4.657E-01
14.7833 4.635E-01
14.8000 4.614E-01
14.8167 4.591E-01
14.8333 4.569E-01
14.8500 4.543E-01
14.8667 4.522E-01
14.8833 4.501E-01
14.9000 4.478E-01
14.9167 4.451E-01
14.9333 4.432E-01
14.9500 4.408E-01
14.9667 4.384E-01
14.9833 4.361E-01
