11.0000 2.756E-01
11.0167 2.778E-01
11.0333 2.800E-01
11.0500 2.822E-01
11.0667 2.844E-01
11.0833 2.864E-01
11.1000 2.887E-01
11.1167 2.909E-01
11.1333 2.930E-01
11.1500 2.951E-01
11.1667 2.973E-01
11.1833 2.995E-01
11.2000 3.016E-01
11.2167 3.037E-01
11.2333 3.058E-01
11.2500 3.079E-01
11.2667 3.100E-01
11.2833 3.120E-01
11.3000 3.141E-01
11.3167 3.162E-01
11.3333 3.183E-01
11.3500 3.203E-01
11.3667 3.224E-01
11.3833 3.243E-01
11.4000 3.262E-01
11.4167 3.284E-01
11.4333 3.304E-01
11.4500 3.324E-01
11.4667 3.344E-01
11.4833 3.363E-01
11.5000 3.381E-01
11.5167 3.402E-01
11.5333 3.421E-01
11.5500 3.440E-01
11.5667 3.459E-01
11.5833 3.478E-01
11.6000 3.497E-01
11.6167 3.516E-01
11.6333 3.534E-01
11.6500 3.552E-01
11.6667 3.571E-01
11.6833 3.587E-01
11.7000 3.605E-01
11.7167 3.624E-01
11.7333 3.642E-01
11.7500 3.660E-01
11.7667 3.677E-01
11.7833 3.694E-01
11.8000 3.711E-01
11.8167 3.728E-01
11.8333 3.745E-01
11.8500 3.761E-01
11.8667 3.777E-01
11.8833 3.790E-01
11.9000 3.810E-01
11.9167 3.826E-01
11.9333 3.841E-01
11.9500 3.857E-01
11.9667 3.872E-01
11.9833 3.885E-01
12.0000 3.902E-01
12.0167 3.913E-01
12.0333 3.931E-01
12.0500 3.946E-01
12.0667 3.961E-01
12.0833 3.972E-01
12.1000 3.989E-01
12.1167 4.002E-01
12.1333 4.016E-01
12.1500 4.029E-01
12.1667 4.042E-01
12.1833 4.055E-01
12.2000 4.068E-01
12.2167 4.081E-01
12.2333 4.093E-01
12.2500 4.105E-01
12.2667 4.117E-01
12.2833 4.129E-01
12.3000 4.141E-01
12.3167 4.152E-01
12.3333 4.163E-01
12.3500 4.174E-01
12.3667 4.185E-01
12.3833 4.196E-01
12.4000 4.206E-01
12.4167 4.216E-01
12.4333 4.225E-01
12.4500 4.234E-01
12.4667 4.244E-01
12.4833 4.254E-01
12.5000 4.263E-01
12.5167 4.272E-01
12.5333 4.280E-01
12.5500 4.288E-01
12.5667 4.297E-01
12.5833 4.305E-01
12.6000 4.313E-01
12.6167 4.320E-01
12.6333 4.328E-01
12.6500 4.335E-01
12.6667 4.342E-01
12.6833 4.345E-01
12.7000 4.355E-01
12.7167 4.360E-01
12.7333 4.367E-01
12.7500 4.372E-01
12.7667 4.378E-01
12.7833 4.383E-01
12.8000 4.385E-01
12.8167 4.393E-01
12.8333 4.397E-01
12.8500 4.399E-01
12.8667 4.406E-01
12.8833 4.410E-01
12.9000 4.413E-01
12.9167 4.414E-01
12.9333 4.418E-01
12.9500 4.423E-01
12.9667 4.425E-01
12.9833 4.428E-01
13.0000 4.430E-01
13.0167 4.432E-01
13.0333 4.431E-01
13.0500 4.430E-01
13.0667 4.430E-01
13.0833 4.432E-01
13.1000 4.434E-01
13.1167 4.436E-01
13.1333 4.437E-01
13.1500 4.437E-01
13.1667 4.437E-01
13.1833 4.435E-01
13.2000 4.433E-01
13.2167 4.431E-01
13.2333 4.429E-01
13.2500 4.430E-01
13.2667 4.431E-01
13.2833 4.430E-01
13.3000 4.428E-01
13.3167 4.426E-01
13.3333 4.424E-01
13.3500 4.421E-01
13.3667 4.415E-01
13.3833 4.413E-01
13.4000 4.411E-01
13.4167 4.407E-01
13.4333 4.403E-01
13.4500 4.397E-01
13.4667 4.395E-01
13.4833 4.388E-01
13.5000 4.385E-01
13.5167 4.380E-01
13.5333 4.375E-01
13.5500 4.369E-01
13.5667 4.363E-01
13.5833 4.356E-01
13.6000 4.347E-01
13.6167 4.345E-01
13.6333 4.338E-01
13.6500 4.331E-01
13.6667 4.324E-01
13.6833 4.316E-01
13.7000 4.309E-01
13.7167 4.301E-01
13.7333 4.293E-01
13.7500 4.284E-01
13.7667 4.276E-01
13.7833 4.267E-01
13.8000 4.258E-01
13.8167 4.249E-01
13.8333 4.238E-01
13.8500 4.229E-01
13.8667 4.220E-01
13.8833 4.210E-01
13.9000 4.200E-01
13.9167 4.190E-01
13.9333 4.179E-01
13.9500 4.168E-01
13.9667 4.157E-01
13.9833 4.146E-01
14.0000 4.134E-01
14.0167 4.120E-01
14.0333 4.111E-01
14.0500 4.097E-01
14.0667 4.086E-01
14.0833 4.074E-01
14.1000 4.061E-01
14.1167 4.048E-01
14.1333 4.035E-01
14.1500 4.022E-01
14.1667 4.008E-01
14.1833 3.995E-01
14.2000 3.981E-01
14.2167 3.967E-01
14.2333 3.952E-01
14.2500 3.938E-01
14.2667 3.924E-01
14.2833 3.909E-01
14.3000 3.894E-01
14.3167 3.879E-01
14.3333 3.864E-01
14.3500 3.846E-01
14.3667 3.832E-01
14.3833 3.817E-01
14.4000 3.801E-01
14.4167 3.784E-01
14.4333 3.768E-01
14.4500 3.752E-01
14.4667 3.731E-01
14.4833 3.718E-01
14.5000 3.701E-01
14.5167 3.684E-01
14.5333 3.667E-01
14.5500 3.650E-01
14.5667 3.632E-01
14.5833 3.614E-01
14.6000 3.596E-01
14.6167 3.579E-01
14.6333 3.560E-01
14.6500 3.542E-01
14.6667 3.524E-01
14.6833 3.504E-01
14.7000 3.485E-01
14.7167 3.468E-01
14.7333 3.449E-01
14.7500 3.430E-01
14.7667 3.410E-01
14.7833 3.391E-01
14.8000 3.371E-01
14.8167 3.352E-01
14.8333 3.333E-01
14.8500 3.310E-01
14.8667 3.293E-01
14.8833 3.273E-01
14.9000 3.252E-01
14.9167 3.232E-01
14.9333 3.212E-01
14.9500 3.192E-01
14.9667 3.171E-01
14.9833 3.150E-01
