11.0000 2.942E-01
11.0167 2.965E-01
11.0333 2.988E-01
11.0500 3.011E-01
11.0667 3.034E-01
11.0833 3.057E-01
11.1000 3.078E-01
11.1167 3.103E-01
11.1333 3.125E-01
11.1500 3.148E-01
11.1667 3.171E-01
11.1833 3.193E-01
11.2000 3.215E-01
11.2167 3.238E-01
11.2333 3.260E-01
11.2500 3.282E-01
11.2667 3.304E-01
11.2833 3.325E-01
11.3000 3.348E-01
11.3167 3.370E-01
11.3333 3.391E-01
11.3500 3.413E-01
11.3667 3.434E-01
11.3833 3.456E-01
11.4000 3.477E-01
11.4167 3.495E-01
11.4333 3.519E-01
11.4500 3.540E-01
11.4667 3.561E-01
11.4833 3.581E-01
11.5000 3.602E-01
11.5167 3.622E-01
11.5333 3.643E-01
11.5500 3.663E-01
11.5667 3.683E-01
11.5833 3.703E-01
11.6000 3.722E-01
11.6167 3.742E-01
11.6333 3.761E-01
11.6500 3.781E-01
11.6667 3.796E-01
11.6833 3.819E-01
11.7000 3.838E-01
11.7167 3.857E-01
11.7333 3.875E-01
11.7500 3.894E-01
11.7667 3.912E-01
11.7833 3.928E-01
11.8000 3.948E-01
11.8167 3.966E-01
11.8333 3.981E-01
11.8500 4.001E-01
11.8667 4.018E-01
11.8833 4.035E-01
11.9000 4.052E-01
11.9167 4.067E-01
11.9333 4.086E-01
11.9500 4.102E-01
11.9667 4.118E-01
11.9833 4.134E-01
12.0000 4.150E-01
12.0167 4.166E-01
12.0333 4.181E-01
12.0500 4.196E-01
12.0667 4.212E-01
12.0833 4.227E-01
12.1000 4.238E-01
12.1167 4.256E-01
12.1333 4.270E-01
12.1500 4.284E-01
12.1667 4.298E-01
12.1833 4.312E-01
12.2000 4.326E-01
12.2167 4.339E-01
12.2333 4.352E-01
12.2500 4.365E-01
12.2667 4.376E-01
12.2833 4.387E-01
12.3000 4.403E-01
12.3167 4.415E-01
12.3333 4.426E-01
12.3500 4.438E-01
12.3667 4.449E-01
12.3833 4.461E-01
12.4000 4.472E-01
12.4167 4.483E-01
12.4333 4.493E-01
12.4500 4.498E-01
12.4667 4.512E-01
12.4833 4.523E-01
12.5000 4.533E-01
12.5167 4.540E-01
12.5333 4.551E-01
12.5500 4.560E-01
12.5667 4.569E-01
12.5833 4.578E-01
12.6000 4.586E-01
12.6167 4.588E-01
12.6333 4.602E-01
12.6500 4.609E-01
12.6667 4.617E-01
12.6833 4.624E-01
12.7000 4.631E-01
12.7167 4.637E-01
12.7333 4.644E-01
12.7500 4.650E-01
12.7667 4.656E-01
12.7833 4.662E-01
12.8000 4.667E-01
12.8167 4.672E-01
12.8333 4.675E-01
12.8500 4.678E-01
12.8667 4.686E-01
12.8833 4.691E-01
12.9000 4.694E-01
12.9167 4.698E-01
12.9333 4.702E-01
12.9500 4.705E-01
12.9667 4.708E-01
12.9833 4.711E-01
13.0000 4.713E-01
13.0167 4.715E-01
13.0333 4.717E-01
13.0500 4.719E-01
13.0667 4.721E-01
13.0833 4.722E-01
13.1000 4.723E-01
13.1167 4.724E-01
13.1333 4.724E-01
13.1500 4.725E-01
13.1667 4.725E-01
13.1833 4.724E-01
13.2000 4.724E-01
13.2167 4.723E-01
13.2333 4.722E-01
13.2500 4.721E-01
13.2667 4.719E-01
13.2833 4.718E-01
13.3000 4.716E-01
13.3167 4.714E-01
13.3333 4.711E-01
13.3500 4.709E-01
13.3667 4.706E-01
13.3833 4.702E-01
13.4000 4.699E-01
13.4167 4.695E-01
13.4333 4.692E-01
13.4500 4.687E-01
13.4667 4.680E-01
13.4833 4.675E-01
13.5000 4.673E-01
13.5167 4.668E-01
13.5333 4.663E-01
13.5500 4.657E-01
13.5667 4.651E-01
13.5833 4.645E-01
13.6000 4.639E-01
13.6167 4.633E-01
13.6333 4.626E-01
13.6500 4.619E-01
13.6667 4.611E-01
13.6833 4.604E-01
13.7000 4.594E-01
13.7167 4.588E-01
13.7333 4.580E-01
13.7500 4.570E-01
13.7667 4.563E-01
13.7833 4.553E-01
13.8000 4.542E-01
13.8167 4.535E-01
13.8333 4.526E-01
13.8500 4.516E-01
13.8667 4.502E-01
13.8833 4.496E-01
13.9000 4.485E-01
13.9167 4.475E-01
13.9333 4.463E-01
13.9500 4.452E-01
13.9667 4.440E-01
13.9833 4.429E-01
14.0000 4.418E-01
14.0167 4.405E-01
14.0333 4.389E-01
14.0500 4.380E-01
14.0667 4.368E-01
14.0833 4.355E-01
14.1000 4.342E-01
14.1167 4.329E-01
14.1333 4.315E-01
14.1500 4.302E-01
14.1667 4.288E-01
14.1833 4.274E-01
14.2000 4.260E-01
14.2167 4.245E-01
14.2333 4.230E-01
14.2500 4.216E-01
14.2667 4.200E-01
14.2833 4.185E-01
14.3000 4.170E-01
14.3167 4.154E-01
14.3333 4.138E-01
14.3500 4.122E-01
14.3667 4.106E-01
14.3833 4.089E-01
14.4000 4.073E-01
14.4167 4.053E-01
14.4333 4.040E-01
14.4500 4.021E-01
14.4667 4.005E-01
14.4833 3.988E-01
14.5000 3.970E-01
14.5167 3.952E-01
14.5333 3.935E-01
14.5500 3.916E-01
14.5667 3.898E-01
14.5833 3.880E-01
14.6000 3.860E-01
14.6167 3.842E-01
14.6333 3.824E-01
14.6500 3.805E-01
14.6667 3.786E-01
14.6833 3.766E-01
14.7000 3.747E-01
14.7167 3.727E-01
14.7333 3.708E-01
14.7500 3.688E-01
14.7667 3.668E-01
14.7833 3.647E-01
14.8000 3.625E-01
14.8167 3.606E-01
14.8333 3.587E-01
14.8500 3.566E-01
14.8667 3.545E-01
14.8833 3.524E-01
14.9000 3.503E-01
14.9167 3.480E-01
14.9333 3.461E-01
14.9500 3.440E-01
14.9667 3.418E-01
14.9833 3.397E-01
