11.0000 3.392E-01
11.0167 3.414E-01
11.0333 3.444E-01
11.0500 3.469E-01
11.0667 3.495E-01
11.0833 3.520E-01
11.1000 3.546E-01
11.1167 3.571E-01
11.1333 3.595E-01
11.1500 3.621E-01
11.1667 3.646E-01
11.1833 3.671E-01
11.2000 3.696E-01
11.2167 3.718E-01
11.2333 3.746E-01
11.2500 3.770E-01
11.2667 3.795E-01
11.2833 3.819E-01
11.3000 3.843E-01
11.3167 3.868E-01
11.3333 3.892E-01
11.3500 3.914E-01
11.3667 3.940E-01
11.3833 3.963E-01
11.4000 3.987E-01
11.4167 4.008E-01
11.4333 4.034E-01
11.4500 4.056E-01
11.4667 4.080E-01
11.4833 4.104E-01
11.5000 4.126E-01
11.5167 4.149E-01
11.5333 4.172E-01
11.5500 4.194E-01
11.5667 4.217E-01
11.5833 4.239E-01
11.6000 4.261E-01
11.6167 4.283E-01
11.6333 4.304E-01
11.6500 4.326E-01
11.6667 4.348E-01
11.6833 4.367E-01
11.7000 4.390E-01
11.7167 4.411E-01
11.7333 4.432E-01
11.7500 4.452E-01
11.7667 4.473E-01
11.7833 4.492E-01
11.8000 4.513E-01
11.8167 4.533E-01
11.8333 4.553E-01
11.8500 4.572E-01
11.8667 4.592E-01
11.8833 4.611E-01
11.9000 4.630E-01
11.9167 4.649E-01
11.9333 4.666E-01
11.9500 4.686E-01
11.9667 4.704E-01
11.9833 4.722E-01
12.0000 4.740E-01
12.0167 4.758E-01
12.0333 4.776E-01
12.0500 4.793E-01
12.0667 4.810E-01
12.0833 4.827E-01
12.1000 4.843E-01
12.1167 4.860E-01
12.1333 4.876E-01
12.1500 4.892E-01
12.1667 4.908E-01
12.1833 4.924E-01
12.2000 4.939E-01
12.2167 4.954E-01
12.2333 4.969E-01
12.2500 4.984E-01
12.2667 4.999E-01
12.2833 5.013E-01
12.3000 5.027E-01
12.3167 5.041E-01
12.3333 5.053E-01
12.3500 5.068E-01
12.3667 5.081E-01
12.3833 5.094E-01
12.4000 5.107E-01
12.4167 5.119E-01
12.4333 5.131E-01
12.4500 5.143E-01
12.4667 5.155E-01
12.4833 5.167E-01
12.5000 5.178E-01
12.5167 5.189E-01
12.5333 5.200E-01
12.5500 5.210E-01
12.5667 5.220E-01
12.5833 5.227E-01
12.6000 5.240E-01
12.6167 5.248E-01
12.6333 5.259E-01
12.6500 5.268E-01
12.6667 5.269E-01
12.6833 5.286E-01
12.7000 5.294E-01
12.7167 5.302E-01
12.7333 5.309E-01
12.7500 5.317E-01
12.7667 5.324E-01
12.7833 5.331E-01
12.8000 5.338E-01
12.8167 5.344E-01
12.8333 5.348E-01
12.8500 5.357E-01
12.8667 5.363E-01
12.8833 5.368E-01
12.9000 5.373E-01
12.9167 5.378E-01
12.9333 5.383E-01
12.9500 5.387E-01
12.9667 5.391E-01
12.9833 5.395E-01
13.0000 5.399E-01
13.0167 5.402E-01
13.0333 5.404E-01
13.0500 5.403E-01
13.0667 5.405E-01
13.0833 5.410E-01
13.1000 5.413E-01
13.1167 5.414E-01
13.1333 5.414E-01
13.1500 5.416E-01
13.1667 5.417E-01
13.1833 5.418E-01
13.2000 5.419E-01
13.2167 5.419E-01
13.2333 5.419E-01
13.2500 5.419E-01
13.2667 5.417E-01
13.2833 5.416E-01
13.3000 5.414E-01
13.3167 5.414E-01
13.3333 5.414E-01
13.3500 5.411E-01
13.3667 5.405E-01
13.3833 5.402E-01
13.4000 5.403E-01
13.4167 5.403E-01
13.4333 5.399E-01
13.4500 5.396E-01
13.4667 5.392E-01
13.4833 5.388E-01
13.5000 5.383E-01
13.5167 5.379E-01
13.5333 5.374E-01
13.5500 5.369E-01
13.5667 5.363E-01
13.5833 5.358E-01
13.6000 5.349E-01
13.6167 5.345E-01
13.6333 5.339E-01
13.6500 5.332E-01
13.6667 5.325E-01
13.6833 5.318E-01
13.7000 5.310E-01
13.7167 5.303E-01
13.7333 5.295E-01
13.7500 5.287E-01
13.7667 5.273E-01
13.7833 5.269E-01
13.8000 5.260E-01
13.8167 5.249E-01
13.8333 5.241E-01
13.8500 5.229E-01
13.8667 5.222E-01
13.8833 5.212E-01
13.9000 5.201E-01
13.9167 5.190E-01
13.9333 5.179E-01
13.9500 5.168E-01
13.9667 5.157E-01
13.9833 5.145E-01
14.0000 5.133E-01
14.0167 5.121E-01
14.0333 5.108E-01
14.0500 5.096E-01
14.0667 5.083E-01
14.0833 5.070E-01
14.1000 5.056E-01
14.1167 5.043E-01
14.1333 5.029E-01
14.1500 5.015E-01
14.1667 5.001E-01
14.1833 4.986E-01
14.2000 4.971E-01
14.2167 4.956E-01
14.2333 4.941E-01
14.2500 4.926E-01
14.2667 4.910E-01
14.2833 4.894E-01
14.3000 4.878E-01
14.3167 4.862E-01
14.3333 4.846E-01
14.3500 4.829E-01
14.3667 4.812E-01
14.3833 4.795E-01
14.4000 4.778E-01
14.4167 4.760E-01
14.4333 4.743E-01
14.4500 4.725E-01
14.4667 4.707E-01
14.4833 4.688E-01
14.5000 4.670E-01
14.5167 4.651E-01
14.5333 4.632E-01
14.5500 4.613E-01
14.5667 4.594E-01
14.5833 4.573E-01
14.6000 4.554E-01
14.6167 4.535E-01
14.6333 4.516E-01
14.6500 4.495E-01
14.6667 4.475E-01
14.6833 4.455E-01
14.7000 4.434E-01
14.7167 4.413E-01
14.7333 4.392E-01
14.7500 4.370E-01
14.7667 4.350E-01
14.7833 4.328E-01
14.8000 4.307E-01
14.8167 4.285E-01
14.8333 4.263E-01
14.8500 4.241E-01
14.8667 4.219E-01
14.8833 4.197E-01
14.9000 4.174E-01
14.9167 4.152E-01
14.9333 4.129E-01
14.9500 4.106E-01
14.9667 4.083E-01
14.9833 4.060E-01
