11.0000 3.378E-01
11.0167 3.403E-01
11.0333 3.429E-01
11.0500 3.454E-01
11.0667 3.481E-01
11.0833 3.502E-01
11.1000 3.532E-01
11.1167 3.557E-01
11.1333 3.582E-01
11.1500 3.607E-01
11.1667 3.632E-01
11.1833 3.657E-01
11.2000 3.682E-01
11.2167 3.705E-01
11.2333 3.732E-01
11.2500 3.756E-01
11.2667 3.781E-01
11.2833 3.805E-01
11.3000 3.828E-01
11.3167 3.854E-01
11.3333 3.878E-01
11.3500 3.902E-01
11.3667 3.926E-01
11.3833 3.950E-01
11.4000 3.973E-01
11.4167 3.997E-01
11.4333 4.020E-01
11.4500 4.044E-01
11.4667 4.067E-01
11.4833 4.090E-01
11.5000 4.113E-01
11.5167 4.135E-01
11.5333 4.158E-01
11.5500 4.181E-01
11.5667 4.203E-01
11.5833 4.225E-01
11.6000 4.247E-01
11.6167 4.269E-01
11.6333 4.291E-01
11.6500 4.312E-01
11.6667 4.334E-01
11.6833 4.355E-01
11.7000 4.376E-01
11.7167 4.397E-01
11.7333 4.418E-01
11.7500 4.438E-01
11.7667 4.459E-01
11.7833 4.478E-01
11.8000 4.499E-01
11.8167 4.519E-01
11.8333 4.539E-01
11.8500 4.558E-01
11.8667 4.577E-01
11.8833 4.597E-01
11.9000 4.616E-01
11.9167 4.633E-01
11.9333 4.653E-01
11.9500 4.672E-01
11.9667 4.689E-01
11.9833 4.708E-01
12.0000 4.726E-01
12.0167 4.743E-01
12.0333 4.754E-01
12.0500 4.778E-01
12.0667 4.795E-01
12.0833 4.812E-01
12.1000 4.828E-01
12.1167 4.845E-01
12.1333 4.861E-01
12.1500 4.877E-01
12.1667 4.892E-01
12.1833 4.908E-01
12.2000 4.923E-01
12.2167 4.938E-01
12.2333 4.953E-01
12.2500 4.968E-01
12.2667 4.982E-01
12.2833 4.996E-01
12.3000 5.010E-01
12.3167 5.020E-01
12.3333 5.037E-01
12.3500 5.051E-01
12.3667 5.064E-01
12.3833 5.077E-01
12.4000 5.089E-01
12.4167 5.102E-01
12.4333 5.108E-01
12.4500 5.125E-01
12.4667 5.134E-01
12.4833 5.147E-01
12.5000 5.159E-01
12.5167 5.170E-01
12.5333 5.181E-01
12.5500 5.191E-01
12.5667 5.201E-01
12.5833 5.211E-01
12.6000 5.221E-01
12.6167 5.230E-01
12.6333 5.239E-01
12.6500 5.248E-01
12.6667 5.257E-01
12.6833 5.265E-01
12.7000 5.273E-01
12.7167 5.281E-01
12.7333 5.288E-01
12.7500 5.293E-01
12.7667 5.303E-01
12.7833 5.310E-01
12.8000 5.316E-01
12.8167 5.322E-01
12.8333 5.328E-01
12.8500 5.334E-01
12.8667 5.340E-01
12.8833 5.345E-01
12.9000 5.350E-01
12.9167 5.354E-01
12.9333 5.353E-01
12.9500 5.360E-01
12.9667 5.367E-01
12.9833 5.371E-01
13.0000 5.374E-01
13.0167 5.377E-01
13.0333 5.380E-01
13.0500 5.382E-01
13.0667 5.385E-01
13.0833 5.386E-01
13.1000 5.388E-01
13.1167 5.390E-01
13.1333 5.391E-01
13.1500 5.392E-01
13.1667 5.393E-01
13.1833 5.393E-01
13.2000 5.393E-01
13.2167 5.393E-01
13.2333 5.393E-01
13.2500 5.392E-01
13.2667 5.391E-01
13.2833 5.390E-01
13.3000 5.388E-01
13.3167 5.386E-01
13.3333 5.384E-01
13.3500 5.382E-01
13.3667 5.379E-01
13.3833 5.377E-01
13.4000 5.374E-01
13.4167 5.370E-01
13.4333 5.367E-01
13.4500 5.360E-01
13.4667 5.353E-01
13.4833 5.354E-01
13.5000 5.349E-01
13.5167 5.345E-01
13.5333 5.339E-01
13.5500 5.334E-01
13.5667 5.328E-01
13.5833 5.322E-01
13.6000 5.316E-01
13.6167 5.309E-01
13.6333 5.302E-01
13.6500 5.293E-01
13.6667 5.288E-01
13.6833 5.280E-01
13.7000 5.273E-01
13.7167 5.265E-01
13.7333 5.256E-01
13.7500 5.247E-01
13.7667 5.239E-01
13.7833 5.230E-01
13.8000 5.220E-01
13.8167 5.211E-01
13.8333 5.201E-01
13.8500 5.190E-01
13.8667 5.180E-01
13.8833 5.170E-01
13.9000 5.159E-01
13.9167 5.146E-01
13.9333 5.133E-01
13.9500 5.125E-01
13.9667 5.108E-01
13.9833 5.101E-01
14.0000 5.089E-01
14.0167 5.076E-01
14.0333 5.063E-01
14.0500 5.050E-01
14.0667 5.037E-01
14.0833 5.018E-01
14.1000 5.010E-01
14.1167 4.996E-01
14.1333 4.981E-01
14.1500 4.967E-01
14.1667 4.952E-01
14.1833 4.938E-01
14.2000 4.923E-01
14.2167 4.907E-01
14.2333 4.892E-01
14.2500 4.876E-01
14.2667 4.860E-01
14.2833 4.844E-01
14.3000 4.827E-01
14.3167 4.811E-01
14.3333 4.794E-01
14.3500 4.777E-01
14.3667 4.754E-01
14.3833 4.742E-01
14.4000 4.724E-01
14.4167 4.707E-01
14.4333 4.688E-01
14.4500 4.671E-01
14.4667 4.652E-01
14.4833 4.632E-01
14.5000 4.615E-01
14.5167 4.596E-01
14.5333 4.576E-01
14.5500 4.557E-01
14.5667 4.538E-01
14.5833 4.518E-01
14.6000 4.498E-01
14.6167 4.478E-01
14.6333 4.458E-01
14.6500 4.437E-01
14.6667 4.417E-01
14.6833 4.396E-01
14.7000 4.375E-01
14.7167 4.354E-01
14.7333 4.332E-01
14.7500 4.311E-01
14.7667 4.289E-01
14.7833 4.268E-01
14.8000 4.246E-01
14.8167 4.224E-01
14.8333 4.202E-01
14.8500 4.179E-01
14.8667 4.157E-01
14.8833 4.134E-01
14.9000 4.111E-01
14.9167 4.088E-01
14.9333 4.065E-01
14.9500 4.042E-01
14.9667 4.019E-01
14.9833 3.995E-01
