11.0000 2.624E-01
11.0167 2.645E-01
11.0333 2.666E-01
11.0500 2.687E-01
11.0667 2.708E-01
11.0833 2.729E-01
11.1000 2.750E-01
11.1167 2.770E-01
11.1333 2.791E-01
11.1500 2.812E-01
11.1667 2.832E-01
11.1833 2.853E-01
11.2000 2.873E-01
11.2167 2.893E-01
11.2333 2.914E-01
11.2500 2.934E-01
11.2667 2.951E-01
11.2833 2.974E-01
11.3000 2.994E-01
11.3167 3.014E-01
11.3333 3.034E-01
11.3500 3.053E-01
11.3667 3.073E-01
11.3833 3.092E-01
11.4000 3.112E-01
11.4167 3.131E-01
11.4333 3.150E-01
11.4500 3.169E-01
11.4667 3.188E-01
11.4833 3.207E-01
11.5000 3.226E-01
11.5167 3.245E-01
11.5333 3.263E-01
11.5500 3.276E-01
11.5667 3.300E-01
11.5833 3.318E-01
11.6000 3.335E-01
11.6167 3.354E-01
11.6333 3.371E-01
11.6500 3.389E-01
11.6667 3.407E-01
11.6833 3.424E-01
11.7000 3.441E-01
11.7167 3.458E-01
11.7333 3.475E-01
11.7500 3.492E-01
11.7667 3.508E-01
11.7833 3.525E-01
11.8000 3.541E-01
11.8167 3.557E-01
11.8333 3.573E-01
11.8500 3.589E-01
11.8667 3.605E-01
11.8833 3.621E-01
11.9000 3.632E-01
11.9167 3.651E-01
11.9333 3.666E-01
11.9500 3.681E-01
11.9667 3.693E-01
11.9833 3.710E-01
12.0000 3.725E-01
12.0167 3.739E-01
12.0333 3.749E-01
12.0500 3.767E-01
12.0667 3.781E-01
12.0833 3.794E-01
12.1000 3.807E-01
12.1167 3.821E-01
12.1333 3.834E-01
12.1500 3.846E-01
12.1667 3.859E-01
12.1833 3.871E-01
12.2000 3.884E-01
12.2167 3.896E-01
12.2333 3.907E-01
12.2500 3.919E-01
12.2667 3.929E-01
12.2833 3.942E-01
12.3000 3.953E-01
12.3167 3.964E-01
12.3333 3.974E-01
12.3500 3.985E-01
12.3667 3.995E-01
12.3833 4.005E-01
12.4000 4.015E-01
12.4167 4.024E-01
12.4333 4.034E-01
12.4500 4.043E-01
12.4667 4.051E-01
12.4833 4.061E-01
12.5000 4.069E-01
12.5167 4.077E-01
12.5333 4.086E-01
12.5500 4.094E-01
12.5667 4.102E-01
12.5833 4.109E-01
12.6000 4.116E-01
12.6167 4.123E-01
12.6333 4.130E-01
12.6500 4.137E-01
12.6667 4.143E-01
12.6833 4.150E-01
12.7000 4.156E-01
12.7167 4.161E-01
12.7333 4.167E-01
12.7500 4.172E-01
12.7667 4.177E-01
12.7833 4.182E-01
12.8000 4.185E-01
12.8167 4.189E-01
12.8333 4.195E-01
12.8500 4.194E-01
12.8667 4.203E-01
12.8833 4.207E-01
12.9000 4.210E-01
12.9167 4.213E-01
12.9333 4.216E-01
12.9500 4.218E-01
12.9667 4.221E-01
12.9833 4.223E-01
13.0000 4.225E-01
13.0167 4.226E-01
13.0333 4.228E-01
13.0500 4.229E-01
13.0667 4.230E-01
13.0833 4.231E-01
13.1000 4.231E-01
13.1167 4.232E-01
13.1333 4.232E-01
13.1500 4.232E-01
13.1667 4.231E-01
13.1833 4.230E-01
13.2000 4.230E-01
13.2167 4.229E-01
13.2333 4.227E-01
13.2500 4.226E-01
13.2667 4.224E-01
13.2833 4.222E-01
13.3000 4.220E-01
13.3167 4.217E-01
13.3333 4.215E-01
13.3500 4.212E-01
13.3667 4.208E-01
13.3833 4.205E-01
13.4000 4.200E-01
13.4167 4.194E-01
13.4333 4.193E-01
13.4500 4.188E-01
13.4667 4.183E-01
13.4833 4.180E-01
13.5000 4.175E-01
13.5167 4.170E-01
13.5333 4.165E-01
13.5500 4.159E-01
13.5667 4.153E-01
13.5833 4.147E-01
13.6000 4.141E-01
13.6167 4.134E-01
13.6333 4.128E-01
13.6500 4.121E-01
13.6667 4.114E-01
13.6833 4.106E-01
13.7000 4.099E-01
13.7167 4.091E-01
13.7333 4.082E-01
13.7500 4.074E-01
13.7667 4.066E-01
13.7833 4.057E-01
13.8000 4.049E-01
13.8167 4.040E-01
13.8333 4.030E-01
13.8500 4.021E-01
13.8667 4.011E-01
13.8833 4.001E-01
13.9000 3.991E-01
13.9167 3.981E-01
13.9333 3.970E-01
13.9500 3.959E-01
13.9667 3.949E-01
13.9833 3.937E-01
14.0000 3.926E-01
14.0167 3.915E-01
14.0333 3.903E-01
14.0500 3.889E-01
14.0667 3.875E-01
14.0833 3.867E-01
14.1000 3.854E-01
14.1167 3.841E-01
14.1333 3.829E-01
14.1500 3.816E-01
14.1667 3.802E-01
14.1833 3.789E-01
14.2000 3.776E-01
14.2167 3.762E-01
14.2333 3.748E-01
14.2500 3.734E-01
14.2667 3.719E-01
14.2833 3.705E-01
14.3000 3.690E-01
14.3167 3.675E-01
14.3333 3.661E-01
14.3500 3.645E-01
14.3667 3.630E-01
14.3833 3.615E-01
14.4000 3.599E-01
14.4167 3.583E-01
14.4333 3.567E-01
14.4500 3.550E-01
14.4667 3.535E-01
14.4833 3.519E-01
14.5000 3.502E-01
14.5167 3.485E-01
14.5333 3.469E-01
14.5500 3.451E-01
14.5667 3.435E-01
14.5833 3.416E-01
14.6000 3.400E-01
14.6167 3.382E-01
14.6333 3.365E-01
14.6500 3.344E-01
14.6667 3.329E-01
14.6833 3.311E-01
14.7000 3.293E-01
14.7167 3.274E-01
14.7333 3.256E-01
14.7500 3.238E-01
14.7667 3.219E-01
14.7833 3.200E-01
14.8000 3.180E-01
14.8167 3.162E-01
14.8333 3.143E-01
14.8500 3.124E-01
14.8667 3.104E-01
14.8833 3.085E-01
14.9000 3.065E-01
14.9167 3.046E-01
14.9333 3.026E-01
14.9500 3.006E-01
14.9667 2.986E-01
14.9833 2.966E-01
