11.0000 3.321E-01
11.0167 3.346E-01
11.0333 3.371E-01
11.0500 3.397E-01
11.0667 3.422E-01
11.0833 3.447E-01
11.1000 3.472E-01
11.1167 3.497E-01
11.1333 3.522E-01
11.1500 3.547E-01
11.1667 3.572E-01
11.1833 3.595E-01
11.2000 3.621E-01
11.2167 3.646E-01
11.2333 3.670E-01
11.2500 3.695E-01
11.2667 3.719E-01
11.2833 3.743E-01
11.3000 3.767E-01
11.3167 3.791E-01
11.3333 3.815E-01
11.3500 3.839E-01
11.3667 3.863E-01
11.3833 3.886E-01
11.4000 3.909E-01
11.4167 3.933E-01
11.4333 3.956E-01
11.4500 3.979E-01
11.4667 4.002E-01
11.4833 4.025E-01
11.5000 4.047E-01
11.5167 4.070E-01
11.5333 4.092E-01
11.5500 4.114E-01
11.5667 4.136E-01
11.5833 4.158E-01
11.6000 4.180E-01
11.6167 4.201E-01
11.6333 4.223E-01
11.6500 4.244E-01
11.6667 4.265E-01
11.6833 4.286E-01
11.7000 4.307E-01
11.7167 4.328E-01
11.7333 4.348E-01
11.7500 4.369E-01
11.7667 4.389E-01
11.7833 4.409E-01
11.8000 4.428E-01
11.8167 4.448E-01
11.8333 4.468E-01
11.8500 4.487E-01
11.8667 4.506E-01
11.8833 4.525E-01
11.9000 4.544E-01
11.9167 4.562E-01
11.9333 4.580E-01
11.9500 4.597E-01
11.9667 4.616E-01
11.9833 4.634E-01
12.0000 4.652E-01
12.0167 4.669E-01
12.0333 4.686E-01
12.0500 4.703E-01
12.0667 4.720E-01
12.0833 4.736E-01
12.1000 4.753E-01
12.1167 4.767E-01
12.1333 4.785E-01
12.1500 4.800E-01
12.1667 4.815E-01
12.1833 4.831E-01
12.2000 4.846E-01
12.2167 4.861E-01
12.2333 4.876E-01
12.2500 4.886E-01
12.2667 4.904E-01
12.2833 4.918E-01
12.3000 4.929E-01
12.3167 4.942E-01
12.3333 4.958E-01
12.3500 4.971E-01
12.3667 4.978E-01
12.3833 4.997E-01
12.4000 5.009E-01
12.4167 5.021E-01
12.4333 5.033E-01
12.4500 5.044E-01
12.4667 5.055E-01
12.4833 5.067E-01
12.5000 5.075E-01
12.5167 5.088E-01
12.5333 5.098E-01
12.5500 5.108E-01
12.5667 5.118E-01
12.5833 5.128E-01
12.6000 5.137E-01
12.6167 5.146E-01
12.6333 5.151E-01
12.6500 5.164E-01
12.6667 5.172E-01
12.6833 5.180E-01
12.7000 5.188E-01
12.7167 5.195E-01
12.7333 5.203E-01
12.7500 5.210E-01
12.7667 5.217E-01
12.7833 5.223E-01
12.8000 5.229E-01
12.8167 5.235E-01
12.8333 5.241E-01
12.8500 5.246E-01
12.8667 5.246E-01
12.8833 5.257E-01
12.9000 5.261E-01
12.9167 5.266E-01
12.9333 5.268E-01
12.9500 5.270E-01
12.9667 5.278E-01
12.9833 5.281E-01
13.0000 5.284E-01
13.0167 5.285E-01
13.0333 5.287E-01
13.0500 5.290E-01
13.0667 5.294E-01
13.0833 5.296E-01
13.1000 5.297E-01
13.1167 5.298E-01
13.1333 5.300E-01
13.1500 5.300E-01
13.1667 5.301E-01
13.1833 5.301E-01
13.2000 5.301E-01
13.2167 5.300E-01
13.2333 5.300E-01
13.2500 5.299E-01
13.2667 5.297E-01
13.2833 5.296E-01
13.3000 5.294E-01
13.3167 5.291E-01
13.3333 5.288E-01
13.3500 5.286E-01
13.3667 5.284E-01
13.3833 5.282E-01
13.4000 5.279E-01
13.4167 5.272E-01
13.4333 5.268E-01
13.4500 5.267E-01
13.4667 5.263E-01
13.4833 5.258E-01
13.5000 5.249E-01
13.5167 5.246E-01
13.5333 5.243E-01
13.5500 5.237E-01
13.5667 5.231E-01
13.5833 5.225E-01
13.6000 5.218E-01
13.6167 5.212E-01
13.6333 5.205E-01
13.6500 5.197E-01
13.6667 5.190E-01
13.6833 5.182E-01
13.7000 5.174E-01
13.7167 5.166E-01
13.7333 5.151E-01
13.7500 5.148E-01
13.7667 5.139E-01
13.7833 5.130E-01
13.8000 5.121E-01
13.8167 5.111E-01
13.8333 5.101E-01
13.8500 5.090E-01
13.8667 5.074E-01
13.8833 5.069E-01
13.9000 5.058E-01
13.9167 5.047E-01
13.9333 5.035E-01
13.9500 5.023E-01
13.9667 5.012E-01
13.9833 4.999E-01
14.0000 4.984E-01
14.0167 4.974E-01
14.0333 4.959E-01
14.0500 4.945E-01
14.0667 4.935E-01
14.0833 4.921E-01
14.1000 4.907E-01
14.1167 4.892E-01
14.1333 4.879E-01
14.1500 4.864E-01
14.1667 4.850E-01
14.1833 4.835E-01
14.2000 4.819E-01
14.2167 4.804E-01
14.2333 4.788E-01
14.2500 4.772E-01
14.2667 4.755E-01
14.2833 4.740E-01
14.3000 4.724E-01
14.3167 4.707E-01
14.3333 4.690E-01
14.3500 4.673E-01
14.3667 4.656E-01
14.3833 4.638E-01
14.4000 4.620E-01
14.4167 4.600E-01
14.4333 4.584E-01
14.4500 4.566E-01
14.4667 4.548E-01
14.4833 4.529E-01
14.5000 4.510E-01
14.5167 4.491E-01
14.5333 4.472E-01
14.5500 4.453E-01
14.5667 4.433E-01
14.5833 4.411E-01
14.6000 4.392E-01
14.6167 4.373E-01
14.6333 4.353E-01
14.6500 4.332E-01
14.6667 4.312E-01
14.6833 4.291E-01
14.7000 4.270E-01
14.7167 4.249E-01
14.7333 4.228E-01
14.7500 4.206E-01
14.7667 4.183E-01
14.7833 4.162E-01
14.8000 4.141E-01
14.8167 4.116E-01
14.8333 4.097E-01
14.8500 4.075E-01
14.8667 4.052E-01
14.8833 4.029E-01
14.9000 4.007E-01
14.9167 3.984E-01
14.9333 3.961E-01
14.9500 3.938E-01
14.9667 3.914E-01
14.9833 3.891E-01
