11.0000 2.927E-01
11.0167 2.950E-01
11.0333 2.973E-01
11.0500 2.996E-01
11.0667 3.019E-01
11.0833 3.042E-01
11.1000 3.065E-01
11.1167 3.085E-01
11.1333 3.110E-01
11.1500 3.133E-01
11.1667 3.155E-01
11.1833 3.178E-01
11.2000 3.197E-01
11.2167 3.222E-01
11.2333 3.244E-01
11.2500 3.266E-01
11.2667 3.288E-01
11.2833 3.310E-01
11.3000 3.332E-01
11.3167 3.354E-01
11.3333 3.375E-01
11.3500 3.397E-01
11.3667 3.418E-01
11.3833 3.440E-01
11.4000 3.461E-01
11.4167 3.482E-01
11.4333 3.503E-01
11.4500 3.524E-01
11.4667 3.544E-01
11.4833 3.565E-01
11.5000 3.583E-01
11.5167 3.606E-01
11.5333 3.626E-01
11.5500 3.646E-01
11.5667 3.666E-01
11.5833 3.686E-01
11.6000 3.705E-01
11.6167 3.725E-01
11.6333 3.744E-01
11.6500 3.764E-01
11.6667 3.783E-01
11.6833 3.802E-01
11.7000 3.820E-01
11.7167 3.839E-01
11.7333 3.858E-01
11.7500 3.876E-01
11.7667 3.894E-01
11.7833 3.911E-01
11.8000 3.930E-01
11.8167 3.947E-01
11.8333 3.965E-01
11.8500 3.980E-01
11.8667 4.000E-01
11.8833 4.017E-01
11.9000 4.034E-01
11.9167 4.050E-01
11.9333 4.067E-01
11.9500 4.083E-01
11.9667 4.099E-01
11.9833 4.115E-01
12.0000 4.131E-01
12.0167 4.142E-01
12.0333 4.162E-01
12.0500 4.173E-01
12.0667 4.190E-01
12.0833 4.207E-01
12.1000 4.222E-01
12.1167 4.231E-01
12.1333 4.251E-01
12.1500 4.264E-01
12.1667 4.278E-01
12.1833 4.292E-01
12.2000 4.305E-01
12.2167 4.319E-01
12.2333 4.332E-01
12.2500 4.344E-01
12.2667 4.357E-01
12.2833 4.367E-01
12.3000 4.382E-01
12.3167 4.392E-01
12.3333 4.405E-01
12.3500 4.417E-01
12.3667 4.428E-01
12.3833 4.439E-01
12.4000 4.450E-01
12.4167 4.461E-01
12.4333 4.471E-01
12.4500 4.481E-01
12.4667 4.491E-01
12.4833 4.501E-01
12.5000 4.509E-01
12.5167 4.519E-01
12.5333 4.527E-01
12.5500 4.538E-01
12.5667 4.546E-01
12.5833 4.555E-01
12.6000 4.563E-01
12.6167 4.570E-01
12.6333 4.578E-01
12.6500 4.586E-01
12.6667 4.593E-01
12.6833 4.600E-01
12.7000 4.607E-01
12.7167 4.613E-01
12.7333 4.620E-01
12.7500 4.626E-01
12.7667 4.632E-01
12.7833 4.637E-01
12.8000 4.636E-01
12.8167 4.647E-01
12.8333 4.651E-01
12.8500 4.657E-01
12.8667 4.661E-01
12.8833 4.665E-01
12.9000 4.669E-01
12.9167 4.672E-01
12.9333 4.676E-01
12.9500 4.678E-01
12.9667 4.679E-01
12.9833 4.683E-01
13.0000 4.686E-01
13.0167 4.689E-01
13.0333 4.691E-01
13.0500 4.692E-01
13.0667 4.692E-01
13.0833 4.692E-01
13.1000 4.692E-01
13.1167 4.692E-01
13.1333 4.692E-01
13.1500 4.693E-01
13.1667 4.693E-01
13.1833 4.692E-01
13.2000 4.692E-01
13.2167 4.692E-01
13.2333 4.692E-01
13.2500 4.692E-01
13.2667 4.691E-01
13.2833 4.689E-01
13.3000 4.687E-01
13.3167 4.683E-01
13.3333 4.679E-01
13.3500 4.678E-01
13.3667 4.676E-01
13.3833 4.672E-01
13.4000 4.669E-01
13.4167 4.665E-01
13.4333 4.661E-01
13.4500 4.657E-01
13.4667 4.652E-01
13.4833 4.647E-01
13.5000 4.637E-01
13.5167 4.637E-01
13.5333 4.632E-01
13.5500 4.626E-01
13.5667 4.620E-01
13.5833 4.614E-01
13.6000 4.607E-01
13.6167 4.601E-01
13.6333 4.594E-01
13.6500 4.586E-01
13.6667 4.579E-01
13.6833 4.571E-01
13.7000 4.563E-01
13.7167 4.555E-01
13.7333 4.547E-01
13.7500 4.538E-01
13.7667 4.528E-01
13.7833 4.520E-01
13.8000 4.510E-01
13.8167 4.502E-01
13.8333 4.492E-01
13.8500 4.482E-01
13.8667 4.472E-01
13.8833 4.461E-01
13.9000 4.451E-01
13.9167 4.440E-01
13.9333 4.429E-01
13.9500 4.417E-01
13.9667 4.406E-01
13.9833 4.392E-01
14.0000 4.382E-01
14.0167 4.367E-01
14.0333 4.358E-01
14.0500 4.345E-01
14.0667 4.332E-01
14.0833 4.319E-01
14.1000 4.306E-01
14.1167 4.292E-01
14.1333 4.279E-01
14.1500 4.265E-01
14.1667 4.251E-01
14.1833 4.232E-01
14.2000 4.223E-01
14.2167 4.208E-01
14.2333 4.192E-01
14.2500 4.174E-01
14.2667 4.163E-01
14.2833 4.144E-01
14.3000 4.132E-01
14.3167 4.116E-01
14.3333 4.100E-01
14.3500 4.084E-01
14.3667 4.068E-01
14.3833 4.051E-01
14.4000 4.034E-01
14.4167 4.018E-01
14.4333 4.001E-01
14.4500 3.982E-01
14.4667 3.966E-01
14.4833 3.947E-01
14.5000 3.931E-01
14.5167 3.910E-01
14.5333 3.895E-01
14.5500 3.877E-01
14.5667 3.859E-01
14.5833 3.840E-01
14.6000 3.821E-01
14.6167 3.802E-01
14.6333 3.784E-01
14.6500 3.765E-01
14.6667 3.745E-01
14.6833 3.726E-01
14.7000 3.706E-01
14.7167 3.687E-01
14.7333 3.667E-01
14.7500 3.647E-01
14.7667 3.627E-01
14.7833 3.606E-01
14.8000 3.584E-01
14.8167 3.566E-01
14.8333 3.545E-01
14.8500 3.524E-01
14.8667 3.504E-01
14.8833 3.483E-01
14.9000 3.461E-01
14.9167 3.440E-01
14.9333 3.418E-01
14.9500 3.398E-01
14.9667 3.376E-01
14.9833 3.355E-01
