11.0000 3.301E-01
11.0167 3.326E-01
11.0333 3.350E-01
11.0500 3.375E-01
11.0667 3.400E-01
11.0833 3.425E-01
11.1000 3.450E-01
11.1167 3.474E-01
11.1333 3.498E-01
11.1500 3.523E-01
11.1667 3.545E-01
11.1833 3.572E-01
11.2000 3.593E-01
11.2167 3.620E-01
11.2333 3.644E-01
11.2500 3.667E-01
11.2667 3.692E-01
11.2833 3.715E-01
11.3000 3.739E-01
11.3167 3.762E-01
11.3333 3.786E-01
11.3500 3.809E-01
11.3667 3.833E-01
11.3833 3.856E-01
11.4000 3.879E-01
11.4167 3.901E-01
11.4333 3.924E-01
11.4500 3.945E-01
11.4667 3.969E-01
11.4833 3.991E-01
11.5000 4.014E-01
11.5167 4.036E-01
11.5333 4.053E-01
11.5500 4.080E-01
11.5667 4.101E-01
11.5833 4.121E-01
11.6000 4.145E-01
11.6167 4.166E-01
11.6333 4.188E-01
11.6500 4.209E-01
11.6667 4.230E-01
11.6833 4.250E-01
11.7000 4.271E-01
11.7167 4.291E-01
11.7333 4.312E-01
11.7500 4.332E-01
11.7667 4.352E-01
11.7833 4.368E-01
11.8000 4.391E-01
11.8167 4.410E-01
11.8333 4.430E-01
11.8500 4.449E-01
11.8667 4.468E-01
11.8833 4.487E-01
11.9000 4.505E-01
11.9167 4.524E-01
11.9333 4.542E-01
11.9500 4.555E-01
11.9667 4.578E-01
11.9833 4.595E-01
12.0000 4.613E-01
12.0167 4.630E-01
12.0333 4.647E-01
12.0500 4.664E-01
12.0667 4.681E-01
12.0833 4.698E-01
12.1000 4.714E-01
12.1167 4.730E-01
12.1333 4.746E-01
12.1500 4.755E-01
12.1667 4.777E-01
12.1833 4.792E-01
12.2000 4.807E-01
12.2167 4.823E-01
12.2333 4.837E-01
12.2500 4.852E-01
12.2667 4.866E-01
12.2833 4.877E-01
12.3000 4.891E-01
12.3167 4.907E-01
12.3333 4.921E-01
12.3500 4.934E-01
12.3667 4.947E-01
12.3833 4.960E-01
12.4000 4.972E-01
12.4167 4.985E-01
12.4333 4.997E-01
12.4500 5.008E-01
12.4667 5.020E-01
12.4833 5.031E-01
12.5000 5.039E-01
12.5167 5.053E-01
12.5333 5.064E-01
12.5500 5.074E-01
12.5667 5.085E-01
12.5833 5.095E-01
12.6000 5.104E-01
12.6167 5.114E-01
12.6333 5.123E-01
12.6500 5.132E-01
12.6667 5.141E-01
12.6833 5.149E-01
12.7000 5.158E-01
12.7167 5.165E-01
12.7333 5.173E-01
12.7500 5.179E-01
12.7667 5.185E-01
12.7833 5.195E-01
12.8000 5.202E-01
12.8167 5.208E-01
12.8333 5.215E-01
12.8500 5.221E-01
12.8667 5.227E-01
12.8833 5.232E-01
12.9000 5.237E-01
12.9167 5.242E-01
12.9333 5.247E-01
12.9500 5.251E-01
12.9667 5.255E-01
12.9833 5.260E-01
13.0000 5.264E-01
13.0167 5.267E-01
13.0333 5.270E-01
13.0500 5.273E-01
13.0667 5.276E-01
13.0833 5.278E-01
13.1000 5.281E-01
13.1167 5.281E-01
13.1333 5.280E-01
13.1500 5.280E-01
13.1667 5.279E-01
13.1833 5.281E-01
13.2000 5.283E-01
13.2167 5.284E-01
13.2333 5.284E-01
13.2500 5.284E-01
13.2667 5.283E-01
13.2833 5.281E-01
13.3000 5.279E-01
13.3167 5.279E-01
13.3333 5.280E-01
13.3500 5.281E-01
13.3667 5.281E-01
13.3833 5.279E-01
13.4000 5.276E-01
13.4167 5.274E-01
13.4333 5.271E-01
13.4500 5.267E-01
13.4667 5.264E-01
13.4833 5.260E-01
13.5000 5.255E-01
13.5167 5.252E-01
13.5333 5.248E-01
13.5500 5.243E-01
13.5667 5.238E-01
13.5833 5.233E-01
13.6000 5.227E-01
13.6167 5.222E-01
13.6333 5.216E-01
13.6500 5.209E-01
13.6667 5.203E-01
13.6833 5.196E-01
13.7000 5.188E-01
13.7167 5.178E-01
13.7333 5.174E-01
13.7500 5.167E-01
13.7667 5.159E-01
13.7833 5.150E-01
13.8000 5.142E-01
13.8167 5.133E-01
13.8333 5.124E-01
13.8500 5.115E-01
13.8667 5.106E-01
13.8833 5.096E-01
13.9000 5.086E-01
13.9167 5.076E-01
13.9333 5.065E-01
13.9500 5.055E-01
13.9667 5.038E-01
13.9833 5.033E-01
14.0000 5.022E-01
14.0167 5.010E-01
14.0333 4.998E-01
14.0500 4.986E-01
14.0667 4.974E-01
14.0833 4.962E-01
14.1000 4.949E-01
14.1167 4.936E-01
14.1333 4.922E-01
14.1500 4.909E-01
14.1667 4.895E-01
14.1833 4.876E-01
14.2000 4.868E-01
14.2167 4.854E-01
14.2333 4.839E-01
14.2500 4.825E-01
14.2667 4.810E-01
14.2833 4.795E-01
14.3000 4.779E-01
14.3167 4.757E-01
14.3333 4.748E-01
14.3500 4.732E-01
14.3667 4.716E-01
14.3833 4.700E-01
14.4000 4.683E-01
14.4167 4.667E-01
14.4333 4.650E-01
14.4500 4.633E-01
14.4667 4.615E-01
14.4833 4.598E-01
14.5000 4.580E-01
14.5167 4.558E-01
14.5333 4.544E-01
14.5500 4.526E-01
14.5667 4.507E-01
14.5833 4.489E-01
14.6000 4.470E-01
14.6167 4.451E-01
14.6333 4.432E-01
14.6500 4.413E-01
14.6667 4.394E-01
14.6833 4.373E-01
14.7000 4.351E-01
14.7167 4.334E-01
14.7333 4.314E-01
14.7500 4.294E-01
14.7667 4.273E-01
14.7833 4.253E-01
14.8000 4.232E-01
14.8167 4.211E-01
14.8333 4.190E-01
14.8500 4.169E-01
14.8667 4.148E-01
14.8833 4.126E-01
14.9000 4.101E-01
14.9167 4.083E-01
14.9333 4.060E-01
14.9500 4.039E-01
14.9667 4.017E-01
14.9833 3.994E-01
