11.0000 3.276E-01
11.0167 3.301E-01
11.0333 3.326E-01
11.0500 3.351E-01
11.0667 3.376E-01
11.0833 3.401E-01
11.1000 3.424E-01
11.1167 3.450E-01
11.1333 3.475E-01
11.1500 3.498E-01
11.1667 3.524E-01
11.1833 3.548E-01
11.2000 3.572E-01
11.2167 3.596E-01
11.2333 3.620E-01
11.2500 3.644E-01
11.2667 3.668E-01
11.2833 3.692E-01
11.3000 3.716E-01
11.3167 3.739E-01
11.3333 3.762E-01
11.3500 3.782E-01
11.3667 3.809E-01
11.3833 3.832E-01
11.4000 3.855E-01
11.4167 3.878E-01
11.4333 3.900E-01
11.4500 3.924E-01
11.4667 3.946E-01
11.4833 3.969E-01
11.5000 3.991E-01
11.5167 4.013E-01
11.5333 4.035E-01
11.5500 4.057E-01
11.5667 4.079E-01
11.5833 4.100E-01
11.6000 4.122E-01
11.6167 4.143E-01
11.6333 4.164E-01
11.6500 4.186E-01
11.6667 4.206E-01
11.6833 4.227E-01
11.7000 4.248E-01
11.7167 4.268E-01
11.7333 4.287E-01
11.7500 4.308E-01
11.7667 4.328E-01
11.7833 4.347E-01
11.8000 4.368E-01
11.8167 4.387E-01
11.8333 4.406E-01
11.8500 4.425E-01
11.8667 4.444E-01
11.8833 4.460E-01
11.9000 4.480E-01
11.9167 4.497E-01
11.9333 4.518E-01
11.9500 4.536E-01
11.9667 4.554E-01
11.9833 4.571E-01
12.0000 4.589E-01
12.0167 4.606E-01
12.0333 4.623E-01
12.0500 4.640E-01
12.0667 4.656E-01
12.0833 4.673E-01
12.1000 4.689E-01
12.1167 4.705E-01
12.1333 4.721E-01
12.1500 4.730E-01
12.1667 4.749E-01
12.1833 4.765E-01
12.2000 4.782E-01
12.2167 4.797E-01
12.2333 4.811E-01
12.2500 4.825E-01
12.2667 4.840E-01
12.2833 4.854E-01
12.3000 4.867E-01
12.3167 4.881E-01
12.3333 4.894E-01
12.3500 4.904E-01
12.3667 4.920E-01
12.3833 4.932E-01
12.4000 4.944E-01
12.4167 4.956E-01
12.4333 4.968E-01
12.4500 4.980E-01
12.4667 4.991E-01
12.4833 5.002E-01
12.5000 5.013E-01
12.5167 5.024E-01
12.5333 5.034E-01
12.5500 5.045E-01
12.5667 5.055E-01
12.5833 5.064E-01
12.6000 5.074E-01
12.6167 5.083E-01
12.6333 5.092E-01
12.6500 5.101E-01
12.6667 5.109E-01
12.6833 5.117E-01
12.7000 5.125E-01
12.7167 5.131E-01
12.7333 5.139E-01
12.7500 5.148E-01
12.7667 5.154E-01
12.7833 5.161E-01
12.8000 5.168E-01
12.8167 5.174E-01
12.8333 5.173E-01
12.8500 5.183E-01
12.8667 5.191E-01
12.8833 5.197E-01
12.9000 5.201E-01
12.9167 5.206E-01
12.9333 5.210E-01
12.9500 5.214E-01
12.9667 5.219E-01
12.9833 5.222E-01
13.0000 5.225E-01
13.0167 5.228E-01
13.0333 5.231E-01
13.0500 5.234E-01
13.0667 5.236E-01
13.0833 5.238E-01
13.1000 5.240E-01
13.1167 5.242E-01
13.1333 5.244E-01
13.1500 5.245E-01
13.1667 5.245E-01
13.1833 5.246E-01
13.2000 5.246E-01
13.2167 5.246E-01
13.2333 5.246E-01
13.2500 5.245E-01
13.2667 5.244E-01
13.2833 5.243E-01
13.3000 5.242E-01
13.3167 5.241E-01
13.3333 5.239E-01
13.3500 5.236E-01
13.3667 5.234E-01
13.3833 5.231E-01
13.4000 5.229E-01
13.4167 5.226E-01
13.4333 5.223E-01
13.4500 5.219E-01
13.4667 5.214E-01
13.4833 5.210E-01
13.5000 5.206E-01
13.5167 5.202E-01
13.5333 5.197E-01
13.5500 5.191E-01
13.5667 5.184E-01
13.5833 5.173E-01
13.6000 5.175E-01
13.6167 5.168E-01
13.6333 5.162E-01
13.6500 5.154E-01
13.6667 5.148E-01
13.6833 5.140E-01
13.7000 5.131E-01
13.7167 5.126E-01
13.7333 5.118E-01
13.7500 5.109E-01
13.7667 5.101E-01
13.7833 5.092E-01
13.8000 5.083E-01
13.8167 5.074E-01
13.8333 5.065E-01
13.8500 5.055E-01
13.8667 5.045E-01
13.8833 5.035E-01
13.9000 5.025E-01
13.9167 5.014E-01
13.9333 5.003E-01
13.9500 4.992E-01
13.9667 4.981E-01
13.9833 4.969E-01
14.0000 4.956E-01
14.0167 4.945E-01
14.0333 4.933E-01
14.0500 4.920E-01
14.0667 4.906E-01
14.0833 4.895E-01
14.1000 4.881E-01
14.1167 4.868E-01
14.1333 4.854E-01
14.1500 4.840E-01
14.1667 4.826E-01
14.1833 4.812E-01
14.2000 4.798E-01
14.2167 4.783E-01
14.2333 4.765E-01
14.2500 4.749E-01
14.2667 4.733E-01
14.2833 4.722E-01
14.3000 4.706E-01
14.3167 4.690E-01
14.3333 4.674E-01
14.3500 4.657E-01
14.3667 4.641E-01
14.3833 4.624E-01
14.4000 4.607E-01
14.4167 4.590E-01
14.4333 4.572E-01
14.4500 4.555E-01
14.4667 4.537E-01
14.4833 4.519E-01
14.5000 4.499E-01
14.5167 4.482E-01
14.5333 4.462E-01
14.5500 4.445E-01
14.5667 4.426E-01
14.5833 4.406E-01
14.6000 4.388E-01
14.6167 4.369E-01
14.6333 4.348E-01
14.6500 4.329E-01
14.6667 4.309E-01
14.6833 4.288E-01
14.7000 4.269E-01
14.7167 4.249E-01
14.7333 4.228E-01
14.7500 4.207E-01
14.7667 4.186E-01
14.7833 4.165E-01
14.8000 4.144E-01
14.8167 4.123E-01
14.8333 4.102E-01
14.8500 4.080E-01
14.8667 4.058E-01
14.8833 4.036E-01
14.9000 4.014E-01
14.9167 3.992E-01
14.9333 3.968E-01
14.9500 3.947E-01
14.9667 3.925E-01
14.9833 3.899E-01
