11.0000 2.782E-01
11.0167 2.804E-01
11.0333 2.827E-01
11.0500 2.849E-01
11.0667 2.870E-01
11.0833 2.893E-01
11.1000 2.914E-01
11.1167 2.936E-01
11.1333 2.958E-01
11.1500 2.980E-01
11.1667 3.002E-01
11.1833 3.023E-01
11.2000 3.044E-01
11.2167 3.066E-01
11.2333 3.088E-01
11.2500 3.109E-01
11.2667 3.130E-01
11.2833 3.151E-01
11.3000 3.172E-01
11.3167 3.193E-01
11.3333 3.213E-01
11.3500 3.234E-01
11.3667 3.255E-01
11.3833 3.275E-01
11.4000 3.296E-01
11.4167 3.316E-01
11.4333 3.336E-01
11.4500 3.356E-01
11.4667 3.376E-01
11.4833 3.396E-01
11.5000 3.415E-01
11.5167 3.435E-01
11.5333 3.454E-01
11.5500 3.474E-01
11.5667 3.493E-01
11.5833 3.512E-01
11.6000 3.530E-01
11.6167 3.550E-01
11.6333 3.568E-01
11.6500 3.587E-01
11.6667 3.604E-01
11.6833 3.623E-01
11.7000 3.641E-01
11.7167 3.659E-01
11.7333 3.677E-01
11.7500 3.694E-01
11.7667 3.712E-01
11.7833 3.729E-01
11.8000 3.744E-01
11.8167 3.760E-01
11.8333 3.779E-01
11.8500 3.797E-01
11.8667 3.813E-01
11.8833 3.829E-01
11.9000 3.843E-01
11.9167 3.861E-01
11.9333 3.877E-01
11.9500 3.893E-01
11.9667 3.908E-01
11.9833 3.923E-01
12.0000 3.938E-01
12.0167 3.953E-01
12.0333 3.968E-01
12.0500 3.982E-01
12.0667 3.995E-01
12.0833 4.011E-01
12.1000 4.025E-01
12.1167 4.038E-01
12.1333 4.052E-01
12.1500 4.065E-01
12.1667 4.078E-01
12.1833 4.089E-01
12.2000 4.103E-01
12.2167 4.116E-01
12.2333 4.127E-01
12.2500 4.141E-01
12.2667 4.153E-01
12.2833 4.162E-01
12.3000 4.176E-01
12.3167 4.187E-01
12.3333 4.198E-01
12.3500 4.209E-01
12.3667 4.220E-01
12.3833 4.228E-01
12.4000 4.241E-01
12.4167 4.251E-01
12.4333 4.260E-01
12.4500 4.270E-01
12.4667 4.279E-01
12.4833 4.288E-01
12.5000 4.297E-01
12.5167 4.306E-01
12.5333 4.314E-01
12.5500 4.323E-01
12.5667 4.331E-01
12.5833 4.334E-01
12.6000 4.346E-01
12.6167 4.353E-01
12.6333 4.360E-01
12.6500 4.365E-01
12.6667 4.374E-01
12.6833 4.380E-01
12.7000 4.385E-01
12.7167 4.392E-01
12.7333 4.398E-01
12.7500 4.403E-01
12.7667 4.408E-01
12.7833 4.414E-01
12.8000 4.418E-01
12.8167 4.423E-01
12.8333 4.427E-01
12.8500 4.426E-01
12.8667 4.434E-01
12.8833 4.438E-01
12.9000 4.442E-01
12.9167 4.445E-01
12.9333 4.448E-01
12.9500 4.450E-01
12.9667 4.453E-01
12.9833 4.455E-01
13.0000 4.456E-01
13.0167 4.458E-01
13.0333 4.460E-01
13.0500 4.461E-01
13.0667 4.462E-01
13.0833 4.462E-01
13.1000 4.463E-01
13.1167 4.463E-01
13.1333 4.463E-01
13.1500 4.462E-01
13.1667 4.462E-01
13.1833 4.461E-01
13.2000 4.460E-01
13.2167 4.459E-01
13.2333 4.457E-01
13.2500 4.456E-01
13.2667 4.453E-01
13.2833 4.451E-01
13.3000 4.449E-01
13.3167 4.446E-01
13.3333 4.443E-01
13.3500 4.440E-01
13.3667 4.436E-01
13.3833 4.429E-01
13.4000 4.427E-01
13.4167 4.425E-01
13.4333 4.420E-01
13.4500 4.416E-01
13.4667 4.410E-01
13.4833 4.405E-01
13.5000 4.400E-01
13.5167 4.395E-01
13.5333 4.389E-01
13.5500 4.382E-01
13.5667 4.376E-01
13.5833 4.365E-01
13.6000 4.363E-01
13.6167 4.356E-01
13.6333 4.349E-01
13.6500 4.341E-01
13.6667 4.333E-01
13.6833 4.326E-01
13.7000 4.318E-01
13.7167 4.310E-01
13.7333 4.301E-01
13.7500 4.289E-01
13.7667 4.283E-01
13.7833 4.274E-01
13.8000 4.264E-01
13.8167 4.255E-01
13.8333 4.245E-01
13.8500 4.234E-01
13.8667 4.223E-01
13.8833 4.213E-01
13.9000 4.203E-01
13.9167 4.192E-01
13.9333 4.181E-01
13.9500 4.169E-01
13.9667 4.157E-01
13.9833 4.146E-01
14.0000 4.134E-01
14.0167 4.121E-01
14.0333 4.109E-01
14.0500 4.096E-01
14.0667 4.084E-01
14.0833 4.071E-01
14.1000 4.057E-01
14.1167 4.044E-01
14.1333 4.029E-01
14.1500 4.016E-01
14.1667 4.002E-01
14.1833 3.988E-01
14.2000 3.974E-01
14.2167 3.959E-01
14.2333 3.944E-01
14.2500 3.929E-01
14.2667 3.914E-01
14.2833 3.899E-01
14.3000 3.882E-01
14.3167 3.868E-01
14.3333 3.852E-01
14.3500 3.836E-01
14.3667 3.820E-01
14.3833 3.803E-01
14.4000 3.787E-01
14.4167 3.770E-01
14.4333 3.753E-01
14.4500 3.736E-01
14.4667 3.719E-01
14.4833 3.702E-01
14.5000 3.681E-01
14.5167 3.666E-01
14.5333 3.649E-01
14.5500 3.630E-01
14.5667 3.613E-01
14.5833 3.594E-01
14.6000 3.575E-01
14.6167 3.557E-01
14.6333 3.539E-01
14.6500 3.519E-01
14.6667 3.501E-01
14.6833 3.482E-01
14.7000 3.462E-01
14.7167 3.443E-01
14.7333 3.424E-01
14.7500 3.404E-01
14.7667 3.383E-01
14.7833 3.364E-01
14.8000 3.344E-01
14.8167 3.324E-01
14.8333 3.304E-01
14.8500 3.284E-01
14.8667 3.263E-01
14.8833 3.243E-01
14.9000 3.221E-01
14.9167 3.201E-01
14.9333 3.180E-01
14.9500 3.160E-01
14.9667 3.138E-01
14.9833 3.117E-01
