11.0000 2.967E-01
11.0167 2.990E-01
11.0333 3.013E-01
11.0500 3.036E-01
11.0667 3.059E-01
11.0833 3.082E-01
11.1000 3.105E-01
11.1167 3.127E-01
11.1333 3.150E-01
11.1500 3.173E-01
11.1667 3.196E-01
11.1833 3.218E-01
11.2000 3.241E-01
11.2167 3.263E-01
11.2333 3.283E-01
11.2500 3.307E-01
11.2667 3.330E-01
11.2833 3.352E-01
11.3000 3.373E-01
11.3167 3.395E-01
11.3333 3.417E-01
11.3500 3.439E-01
11.3667 3.460E-01
11.3833 3.482E-01
11.4000 3.502E-01
11.4167 3.524E-01
11.4333 3.545E-01
11.4500 3.566E-01
11.4667 3.587E-01
11.4833 3.608E-01
11.5000 3.629E-01
11.5167 3.649E-01
11.5333 3.670E-01
11.5500 3.689E-01
11.5667 3.710E-01
11.5833 3.730E-01
11.6000 3.750E-01
11.6167 3.769E-01
11.6333 3.789E-01
11.6500 3.809E-01
11.6667 3.828E-01
11.6833 3.847E-01
11.7000 3.866E-01
11.7167 3.885E-01
11.7333 3.904E-01
11.7500 3.922E-01
11.7667 3.940E-01
11.7833 3.959E-01
11.8000 3.977E-01
11.8167 3.992E-01
11.8333 4.013E-01
11.8500 4.030E-01
11.8667 4.048E-01
11.8833 4.065E-01
11.9000 4.082E-01
11.9167 4.099E-01
11.9333 4.116E-01
11.9500 4.132E-01
11.9667 4.149E-01
11.9833 4.165E-01
12.0000 4.180E-01
12.0167 4.197E-01
12.0333 4.212E-01
12.0500 4.228E-01
12.0667 4.240E-01
12.0833 4.258E-01
12.1000 4.273E-01
12.1167 4.286E-01
12.1333 4.302E-01
12.1500 4.316E-01
12.1667 4.331E-01
12.1833 4.345E-01
12.2000 4.358E-01
12.2167 4.372E-01
12.2333 4.385E-01
12.2500 4.398E-01
12.2667 4.411E-01
12.2833 4.424E-01
12.3000 4.436E-01
12.3167 4.449E-01
12.3333 4.461E-01
12.3500 4.468E-01
12.3667 4.484E-01
12.3833 4.496E-01
12.4000 4.507E-01
12.4167 4.518E-01
12.4333 4.529E-01
12.4500 4.539E-01
12.4667 4.549E-01
12.4833 4.560E-01
12.5000 4.566E-01
12.5167 4.579E-01
12.5333 4.588E-01
12.5500 4.598E-01
12.5667 4.607E-01
12.5833 4.615E-01
12.6000 4.624E-01
12.6167 4.632E-01
12.6333 4.640E-01
12.6500 4.648E-01
12.6667 4.656E-01
12.6833 4.663E-01
12.7000 4.670E-01
12.7167 4.677E-01
12.7333 4.684E-01
12.7500 4.690E-01
12.7667 4.696E-01
12.7833 4.702E-01
12.8000 4.708E-01
12.8167 4.711E-01
12.8333 4.717E-01
12.8500 4.723E-01
12.8667 4.728E-01
12.8833 4.733E-01
12.9000 4.737E-01
12.9167 4.741E-01
12.9333 4.745E-01
12.9500 4.748E-01
12.9667 4.752E-01
12.9833 4.755E-01
13.0000 4.757E-01
13.0167 4.760E-01
13.0333 4.762E-01
13.0500 4.764E-01
13.0667 4.763E-01
13.0833 4.762E-01
13.1000 4.763E-01
13.1167 4.765E-01
13.1333 4.767E-01
13.1500 4.769E-01
13.1667 4.770E-01
13.1833 4.769E-01
13.2000 4.769E-01
13.2167 4.768E-01
13.2333 4.767E-01
13.2500 4.765E-01
13.2667 4.762E-01
13.2833 4.762E-01
13.3000 4.763E-01
13.3167 4.763E-01
13.3333 4.761E-01
13.3500 4.759E-01
13.3667 4.756E-01
13.3833 4.753E-01
13.4000 4.750E-01
13.4167 4.747E-01
13.4333 4.743E-01
13.4500 4.740E-01
13.4667 4.735E-01
13.4833 4.731E-01
13.5000 4.727E-01
13.5167 4.722E-01
13.5333 4.714E-01
13.5500 4.711E-01
13.5667 4.706E-01
13.5833 4.700E-01
13.6000 4.694E-01
13.6167 4.688E-01
13.6333 4.681E-01
13.6500 4.674E-01
13.6667 4.668E-01
13.6833 4.660E-01
13.7000 4.653E-01
13.7167 4.645E-01
13.7333 4.638E-01
13.7500 4.629E-01
13.7667 4.621E-01
13.7833 4.612E-01
13.8000 4.604E-01
13.8167 4.595E-01
13.8333 4.584E-01
13.8500 4.576E-01
13.8667 4.565E-01
13.8833 4.554E-01
13.9000 4.546E-01
13.9167 4.535E-01
13.9333 4.525E-01
13.9500 4.514E-01
13.9667 4.503E-01
13.9833 4.492E-01
14.0000 4.480E-01
14.0167 4.467E-01
14.0333 4.456E-01
14.0500 4.444E-01
14.0667 4.432E-01
14.0833 4.419E-01
14.1000 4.403E-01
14.1167 4.394E-01
14.1333 4.380E-01
14.1500 4.367E-01
14.1667 4.353E-01
14.1833 4.340E-01
14.2000 4.321E-01
14.2167 4.311E-01
14.2333 4.297E-01
14.2500 4.282E-01
14.2667 4.268E-01
14.2833 4.253E-01
14.3000 4.236E-01
14.3167 4.222E-01
14.3333 4.207E-01
14.3500 4.191E-01
14.3667 4.175E-01
14.3833 4.159E-01
14.4000 4.143E-01
14.4167 4.125E-01
14.4333 4.110E-01
14.4500 4.093E-01
14.4667 4.076E-01
14.4833 4.059E-01
14.5000 4.041E-01
14.5167 4.024E-01
14.5333 4.006E-01
14.5500 3.988E-01
14.5667 3.970E-01
14.5833 3.952E-01
14.6000 3.934E-01
14.6167 3.915E-01
14.6333 3.897E-01
14.6500 3.878E-01
14.6667 3.859E-01
14.6833 3.840E-01
14.7000 3.816E-01
14.7167 3.801E-01
14.7333 3.782E-01
14.7500 3.762E-01
14.7667 3.742E-01
14.7833 3.723E-01
14.8000 3.700E-01
14.8167 3.682E-01
14.8333 3.662E-01
14.8500 3.639E-01
14.8667 3.621E-01
14.8833 3.600E-01
14.9000 3.580E-01
14.9167 3.559E-01
14.9333 3.538E-01
14.9500 3.516E-01
14.9667 3.495E-01
14.9833 3.474E-01
