11.0000 3.513E-01
11.0167 3.539E-01
11.0333 3.565E-01
11.0500 3.591E-01
11.0667 3.617E-01
11.0833 3.643E-01
11.1000 3.669E-01
11.1167 3.694E-01
11.1333 3.720E-01
11.1500 3.746E-01
11.1667 3.772E-01
11.1833 3.795E-01
11.2000 3.822E-01
11.2167 3.848E-01
11.2333 3.873E-01
11.2500 3.898E-01
11.2667 3.923E-01
11.2833 3.948E-01
11.3000 3.972E-01
11.3167 3.997E-01
11.3333 4.022E-01
11.3500 4.046E-01
11.3667 4.070E-01
11.3833 4.095E-01
11.4000 4.119E-01
11.4167 4.138E-01
11.4333 4.167E-01
11.4500 4.190E-01
11.4667 4.214E-01
11.4833 4.237E-01
11.5000 4.261E-01
11.5167 4.282E-01
11.5333 4.307E-01
11.5500 4.326E-01
11.5667 4.353E-01
11.5833 4.375E-01
11.6000 4.398E-01
11.6167 4.420E-01
11.6333 4.442E-01
11.6500 4.465E-01
11.6667 4.486E-01
11.6833 4.508E-01
11.7000 4.530E-01
11.7167 4.551E-01
11.7333 4.572E-01
11.7500 4.593E-01
11.7667 4.614E-01
11.7833 4.635E-01
11.8000 4.656E-01
11.8167 4.676E-01
11.8333 4.696E-01
11.8500 4.717E-01
11.8667 4.736E-01
11.8833 4.756E-01
11.9000 4.769E-01
11.9167 4.795E-01
11.9333 4.814E-01
11.9500 4.833E-01
11.9667 4.852E-01
11.9833 4.870E-01
12.0000 4.889E-01
12.0167 4.907E-01
12.0333 4.925E-01
12.0500 4.939E-01
12.0667 4.960E-01
12.0833 4.977E-01
12.1000 4.995E-01
12.1167 5.012E-01
12.1333 5.028E-01
12.1500 5.045E-01
12.1667 5.059E-01
12.1833 5.077E-01
12.2000 5.093E-01
12.2167 5.108E-01
12.2333 5.121E-01
12.2500 5.139E-01
12.2667 5.154E-01
12.2833 5.169E-01
12.3000 5.184E-01
12.3167 5.198E-01
12.3333 5.212E-01
12.3500 5.226E-01
12.3667 5.240E-01
12.3833 5.253E-01
12.4000 5.266E-01
12.4167 5.278E-01
12.4333 5.292E-01
12.4500 5.304E-01
12.4667 5.316E-01
12.4833 5.328E-01
12.5000 5.340E-01
12.5167 5.352E-01
12.5333 5.363E-01
12.5500 5.374E-01
12.5667 5.385E-01
12.5833 5.395E-01
12.6000 5.406E-01
12.6167 5.415E-01
12.6333 5.424E-01
12.6500 5.433E-01
12.6667 5.444E-01
12.6833 5.453E-01
12.7000 5.462E-01
12.7167 5.470E-01
12.7333 5.479E-01
12.7500 5.487E-01
12.7667 5.494E-01
12.7833 5.501E-01
12.8000 5.508E-01
12.8167 5.516E-01
12.8333 5.522E-01
12.8500 5.529E-01
12.8667 5.531E-01
12.8833 5.537E-01
12.9000 5.547E-01
12.9167 5.552E-01
12.9333 5.557E-01
12.9500 5.562E-01
12.9667 5.567E-01
12.9833 5.571E-01
13.0000 5.572E-01
13.0167 5.575E-01
13.0333 5.581E-01
13.0500 5.586E-01
13.0667 5.589E-01
13.0833 5.592E-01
13.1000 5.594E-01
13.1167 5.596E-01
13.1333 5.598E-01
13.1500 5.600E-01
13.1667 5.602E-01
13.1833 5.603E-01
13.2000 5.603E-01
13.2167 5.604E-01
13.2333 5.604E-01
13.2500 5.605E-01
13.2667 5.604E-01
13.2833 5.604E-01
13.3000 5.603E-01
13.3167 5.602E-01
13.3333 5.601E-01
13.3500 5.599E-01
13.3667 5.597E-01
13.3833 5.595E-01
13.4000 5.593E-01
13.4167 5.590E-01
13.4333 5.588E-01
13.4500 5.585E-01
13.4667 5.578E-01
13.4833 5.573E-01
13.5000 5.572E-01
13.5167 5.569E-01
13.5333 5.565E-01
13.5500 5.560E-01
13.5667 5.555E-01
13.5833 5.550E-01
13.6000 5.544E-01
13.6167 5.531E-01
13.6333 5.532E-01
13.6500 5.526E-01
13.6667 5.519E-01
13.6833 5.513E-01
13.7000 5.504E-01
13.7167 5.498E-01
13.7333 5.491E-01
13.7500 5.483E-01
13.7667 5.475E-01
13.7833 5.466E-01
13.8000 5.458E-01
13.8167 5.449E-01
13.8333 5.440E-01
13.8500 5.423E-01
13.8667 5.421E-01
13.8833 5.411E-01
13.9000 5.401E-01
13.9167 5.390E-01
13.9333 5.379E-01
13.9500 5.369E-01
13.9667 5.357E-01
13.9833 5.346E-01
14.0000 5.335E-01
14.0167 5.323E-01
14.0333 5.310E-01
14.0500 5.298E-01
14.0667 5.281E-01
14.0833 5.273E-01
14.1000 5.260E-01
14.1167 5.246E-01
14.1333 5.233E-01
14.1500 5.219E-01
14.1667 5.205E-01
14.1833 5.191E-01
14.2000 5.177E-01
14.2167 5.162E-01
14.2333 5.147E-01
14.2500 5.125E-01
14.2667 5.114E-01
14.2833 5.101E-01
14.3000 5.085E-01
14.3167 5.069E-01
14.3333 5.053E-01
14.3500 5.036E-01
14.3667 5.020E-01
14.3833 5.003E-01
14.4000 4.979E-01
14.4167 4.969E-01
14.4333 4.951E-01
14.4500 4.934E-01
14.4667 4.916E-01
14.4833 4.898E-01
14.5000 4.880E-01
14.5167 4.861E-01
14.5333 4.843E-01
14.5500 4.824E-01
14.5667 4.805E-01
14.5833 4.785E-01
14.6000 4.766E-01
14.6167 4.746E-01
14.6333 4.726E-01
14.6500 4.707E-01
14.6667 4.687E-01
14.6833 4.666E-01
14.7000 4.646E-01
14.7167 4.625E-01
14.7333 4.604E-01
14.7500 4.583E-01
14.7667 4.559E-01
14.7833 4.541E-01
14.8000 4.519E-01
14.8167 4.497E-01
14.8333 4.473E-01
14.8500 4.454E-01
14.8667 4.431E-01
14.8833 4.408E-01
14.9000 4.387E-01
14.9167 4.364E-01
14.9333 4.342E-01
14.9500 4.319E-01
14.9667 4.292E-01
14.9833 4.272E-01
