11.0000 2.449E-01
11.0167 2.468E-01
11.0333 2.488E-01
11.0500 2.508E-01
11.0667 2.528E-01
11.0833 2.548E-01
11.1000 2.568E-01
11.1167 2.588E-01
11.1333 2.607E-01
11.1500 2.627E-01
11.1667 2.647E-01
11.1833 2.666E-01
11.2000 2.686E-01
11.2167 2.705E-01
11.2333 2.724E-01
11.2500 2.743E-01
11.2667 2.763E-01
11.2833 2.781E-01
11.3000 2.800E-01
11.3167 2.819E-01
11.3333 2.838E-01
11.3500 2.857E-01
11.3667 2.875E-01
11.3833 2.892E-01
11.4000 2.912E-01
11.4167 2.930E-01
11.4333 2.949E-01
11.4500 2.967E-01
11.4667 2.985E-01
11.4833 3.003E-01
11.5000 3.020E-01
11.5167 3.038E-01
11.5333 3.055E-01
11.5500 3.073E-01
11.5667 3.090E-01
11.5833 3.107E-01
11.6000 3.123E-01
11.6167 3.141E-01
11.6333 3.158E-01
11.6500 3.175E-01
11.6667 3.191E-01
11.6833 3.207E-01
11.7000 3.224E-01
11.7167 3.239E-01
11.7333 3.256E-01
11.7500 3.272E-01
11.7667 3.285E-01
11.7833 3.303E-01
11.8000 3.318E-01
11.8167 3.333E-01
11.8333 3.348E-01
11.8500 3.363E-01
11.8667 3.378E-01
11.8833 3.393E-01
11.9000 3.407E-01
11.9167 3.421E-01
11.9333 3.436E-01
11.9500 3.448E-01
11.9667 3.463E-01
11.9833 3.477E-01
12.0000 3.490E-01
12.0167 3.504E-01
12.0333 3.517E-01
12.0500 3.530E-01
12.0667 3.543E-01
12.0833 3.555E-01
12.1000 3.568E-01
12.1167 3.579E-01
12.1333 3.592E-01
12.1500 3.604E-01
12.1667 3.615E-01
12.1833 3.627E-01
12.2000 3.638E-01
12.2167 3.647E-01
12.2333 3.660E-01
12.2500 3.671E-01
12.2667 3.682E-01
12.2833 3.692E-01
12.3000 3.702E-01
12.3167 3.712E-01
12.3333 3.722E-01
12.3500 3.730E-01
12.3667 3.741E-01
12.3833 3.750E-01
12.4000 3.759E-01
12.4167 3.767E-01
12.4333 3.777E-01
12.4500 3.785E-01
12.4667 3.793E-01
12.4833 3.801E-01
12.5000 3.809E-01
12.5167 3.816E-01
12.5333 3.824E-01
12.5500 3.831E-01
12.5667 3.838E-01
12.5833 3.845E-01
12.6000 3.851E-01
12.6167 3.857E-01
12.6333 3.864E-01
12.6500 3.870E-01
12.6667 3.875E-01
12.6833 3.881E-01
12.7000 3.886E-01
12.7167 3.891E-01
12.7333 3.895E-01
12.7500 3.899E-01
12.7667 3.905E-01
12.7833 3.908E-01
12.8000 3.912E-01
12.8167 3.916E-01
12.8333 3.920E-01
12.8500 3.923E-01
12.8667 3.926E-01
12.8833 3.929E-01
12.9000 3.932E-01
12.9167 3.934E-01
12.9333 3.936E-01
12.9500 3.938E-01
12.9667 3.940E-01
12.9833 3.941E-01
13.0000 3.942E-01
13.0167 3.943E-01
13.0333 3.944E-01
13.0500 3.945E-01
13.0667 3.945E-01
13.0833 3.945E-01
13.1000 3.945E-01
13.1167 3.945E-01
13.1333 3.944E-01
13.1500 3.944E-01
13.1667 3.943E-01
13.1833 3.942E-01
13.2000 3.940E-01
13.2167 3.939E-01
13.2333 3.937E-01
13.2500 3.935E-01
13.2667 3.932E-01
13.2833 3.930E-01
13.3000 3.927E-01
13.3167 3.924E-01
13.3333 3.921E-01
13.3500 3.918E-01
13.3667 3.914E-01
13.3833 3.909E-01
13.4000 3.906E-01
13.4167 3.902E-01
13.4333 3.896E-01
13.4500 3.893E-01
13.4667 3.887E-01
13.4833 3.882E-01
13.5000 3.875E-01
13.5167 3.871E-01
13.5333 3.866E-01
13.5500 3.860E-01
13.5667 3.853E-01
13.5833 3.847E-01
13.6000 3.840E-01
13.6167 3.833E-01
13.6333 3.826E-01
13.6500 3.819E-01
13.6667 3.812E-01
13.6833 3.804E-01
13.7000 3.796E-01
13.7167 3.785E-01
13.7333 3.780E-01
13.7500 3.771E-01
13.7667 3.762E-01
13.7833 3.753E-01
13.8000 3.744E-01
13.8167 3.735E-01
13.8333 3.725E-01
13.8500 3.716E-01
13.8667 3.706E-01
13.8833 3.696E-01
13.9000 3.685E-01
13.9167 3.675E-01
13.9333 3.662E-01
13.9500 3.653E-01
13.9667 3.642E-01
13.9833 3.631E-01
14.0000 3.619E-01
14.0167 3.608E-01
14.0333 3.596E-01
14.0500 3.584E-01
14.0667 3.572E-01
14.0833 3.559E-01
14.1000 3.547E-01
14.1167 3.534E-01
14.1333 3.520E-01
14.1500 3.508E-01
14.1667 3.495E-01
14.1833 3.482E-01
14.2000 3.465E-01
14.2167 3.454E-01
14.2333 3.440E-01
14.2500 3.426E-01
14.2667 3.412E-01
14.2833 3.398E-01
14.3000 3.383E-01
14.3167 3.368E-01
14.3333 3.353E-01
14.3500 3.338E-01
14.3667 3.323E-01
14.3833 3.308E-01
14.4000 3.292E-01
14.4167 3.277E-01
14.4333 3.261E-01
14.4500 3.245E-01
14.4667 3.229E-01
14.4833 3.212E-01
14.5000 3.196E-01
14.5167 3.179E-01
14.5333 3.163E-01
14.5500 3.146E-01
14.5667 3.130E-01
14.5833 3.113E-01
14.6000 3.096E-01
14.6167 3.078E-01
14.6333 3.061E-01
14.6500 3.044E-01
14.6667 3.026E-01
14.6833 3.008E-01
14.7000 2.991E-01
14.7167 2.972E-01
14.7333 2.955E-01
14.7500 2.937E-01
14.7667 2.918E-01
14.7833 2.900E-01
14.8000 2.881E-01
14.8167 2.863E-01
14.8333 2.844E-01
14.8500 2.826E-01
14.8667 2.807E-01
14.8833 2.785E-01
14.9000 2.769E-01
14.9167 2.750E-01
14.9333 2.730E-01
14.9500 2.711E-01
14.9667 2.692E-01
14.9833 2.673E-01
