11.0000 1.879E-01
11.0167 1.895E-01
11.0333 1.912E-01
11.0500 1.928E-01
11.0667 1.944E-01
11.0833 1.960E-01
11.1000 1.976E-01
11.1167 1.992E-01
11.1333 2.008E-01
11.1500 2.024E-01
11.1667 2.040E-01
11.1833 2.056E-01
11.2000 2.071E-01
11.2167 2.087E-01
11.2333 2.102E-01
11.2500 2.118E-01
11.2667 2.134E-01
11.2833 2.148E-01
11.3000 2.164E-01
11.3167 2.180E-01
11.3333 2.195E-01
11.3500 2.210E-01
11.3667 2.225E-01
11.3833 2.238E-01
11.4000 2.255E-01
11.4167 2.270E-01
11.4333 2.284E-01
11.4500 2.299E-01
11.4667 2.314E-01
11.4833 2.328E-01
11.5000 2.342E-01
11.5167 2.357E-01
11.5333 2.371E-01
11.5500 2.384E-01
11.5667 2.399E-01
11.5833 2.413E-01
11.6000 2.426E-01
11.6167 2.438E-01
11.6333 2.454E-01
11.6500 2.467E-01
11.6667 2.481E-01
11.6833 2.494E-01
11.7000 2.507E-01
11.7167 2.519E-01
11.7333 2.533E-01
11.7500 2.546E-01
11.7667 2.558E-01
11.7833 2.569E-01
11.8000 2.583E-01
11.8167 2.595E-01
11.8333 2.607E-01
11.8500 2.620E-01
11.8667 2.631E-01
11.8833 2.643E-01
11.9000 2.650E-01
11.9167 2.666E-01
11.9333 2.678E-01
11.9500 2.689E-01
11.9667 2.700E-01
11.9833 2.711E-01
12.0000 2.722E-01
12.0167 2.732E-01
12.0333 2.743E-01
12.0500 2.753E-01
12.0667 2.763E-01
12.0833 2.773E-01
12.1000 2.783E-01
12.1167 2.793E-01
12.1333 2.803E-01
12.1500 2.810E-01
12.1667 2.821E-01
12.1833 2.830E-01
12.2000 2.839E-01
12.2167 2.848E-01
12.2333 2.857E-01
12.2500 2.865E-01
12.2667 2.874E-01
12.2833 2.880E-01
12.3000 2.890E-01
12.3167 2.898E-01
12.3333 2.905E-01
12.3500 2.913E-01
12.3667 2.920E-01
12.3833 2.927E-01
12.4000 2.935E-01
12.4167 2.942E-01
12.4333 2.948E-01
12.4500 2.954E-01
12.4667 2.959E-01
12.4833 2.967E-01
12.5000 2.973E-01
12.5167 2.979E-01
12.5333 2.978E-01
12.5500 2.990E-01
12.5667 2.995E-01
12.5833 3.000E-01
12.6000 3.005E-01
12.6167 3.010E-01
12.6333 3.014E-01
12.6500 3.019E-01
12.6667 3.023E-01
12.6833 3.027E-01
12.7000 3.031E-01
12.7167 3.035E-01
12.7333 3.038E-01
12.7500 3.041E-01
12.7667 3.045E-01
12.7833 3.048E-01
12.8000 3.050E-01
12.8167 3.053E-01
12.8333 3.055E-01
12.8500 3.057E-01
12.8667 3.059E-01
12.8833 3.061E-01
12.9000 3.063E-01
12.9167 3.064E-01
12.9333 3.065E-01
12.9500 3.066E-01
12.9667 3.067E-01
12.9833 3.068E-01
13.0000 3.068E-01
13.0167 3.069E-01
13.0333 3.069E-01
13.0500 3.069E-01
13.0667 3.069E-01
13.0833 3.068E-01
13.1000 3.067E-01
13.1167 3.067E-01
13.1333 3.066E-01
13.1500 3.064E-01
13.1667 3.063E-01
13.1833 3.061E-01
13.2000 3.060E-01
13.2167 3.058E-01
13.2333 3.056E-01
13.2500 3.053E-01
13.2667 3.051E-01
13.2833 3.048E-01
13.3000 3.045E-01
13.3167 3.042E-01
13.3333 3.039E-01
13.3500 3.036E-01
13.3667 3.032E-01
13.3833 3.028E-01
13.4000 3.023E-01
13.4167 3.020E-01
13.4333 3.016E-01
13.4500 3.011E-01
13.4667 3.007E-01
13.4833 3.002E-01
13.5000 2.997E-01
13.5167 2.991E-01
13.5333 2.984E-01
13.5500 2.980E-01
13.5667 2.975E-01
13.5833 2.969E-01
13.6000 2.963E-01
13.6167 2.955E-01
13.6333 2.950E-01
13.6500 2.943E-01
13.6667 2.936E-01
13.6833 2.929E-01
13.7000 2.922E-01
13.7167 2.915E-01
13.7333 2.908E-01
13.7500 2.900E-01
13.7667 2.892E-01
13.7833 2.884E-01
13.8000 2.873E-01
13.8167 2.868E-01
13.8333 2.859E-01
13.8500 2.851E-01
13.8667 2.841E-01
13.8833 2.830E-01
13.9000 2.824E-01
13.9167 2.815E-01
13.9333 2.805E-01
13.9500 2.796E-01
13.9667 2.786E-01
13.9833 2.776E-01
14.0000 2.766E-01
14.0167 2.756E-01
14.0333 2.745E-01
14.0500 2.735E-01
14.0667 2.724E-01
14.0833 2.713E-01
14.1000 2.703E-01
14.1167 2.692E-01
14.1333 2.681E-01
14.1500 2.668E-01
14.1667 2.658E-01
14.1833 2.646E-01
14.2000 2.635E-01
14.2167 2.623E-01
14.2333 2.611E-01
14.2500 2.599E-01
14.2667 2.586E-01
14.2833 2.573E-01
14.3000 2.561E-01
14.3167 2.549E-01
14.3333 2.536E-01
14.3500 2.523E-01
14.3667 2.510E-01
14.3833 2.497E-01
14.4000 2.484E-01
14.4167 2.471E-01
14.4333 2.457E-01
14.4500 2.444E-01
14.4667 2.430E-01
14.4833 2.416E-01
14.5000 2.402E-01
14.5167 2.389E-01
14.5333 2.375E-01
14.5500 2.361E-01
14.5667 2.344E-01
14.5833 2.332E-01
14.6000 2.317E-01
14.6167 2.303E-01
14.6333 2.287E-01
14.6500 2.274E-01
14.6667 2.259E-01
14.6833 2.244E-01
14.7000 2.228E-01
14.7167 2.214E-01
14.7333 2.197E-01
14.7500 2.184E-01
14.7667 2.168E-01
14.7833 2.153E-01
14.8000 2.138E-01
14.8167 2.122E-01
14.8333 2.106E-01
14.8500 2.091E-01
14.8667 2.076E-01
14.8833 2.060E-01
14.9000 2.044E-01
14.9167 2.028E-01
14.9333 2.013E-01
14.9500 1.997E-01
14.9667 1.980E-01
14.9833 1.964E-01
