11.0000 1.825E-01
11.0167 1.841E-01
11.0333 1.857E-01
11.0500 1.872E-01
11.0667 1.888E-01
11.0833 1.904E-01
11.1000 1.920E-01
11.1167 1.935E-01
11.1333 1.951E-01
11.1500 1.966E-01
11.1667 1.982E-01
11.1833 1.997E-01
11.2000 2.013E-01
11.2167 2.028E-01
11.2333 2.044E-01
11.2500 2.059E-01
11.2667 2.074E-01
11.2833 2.089E-01
11.3000 2.104E-01
11.3167 2.119E-01
11.3333 2.134E-01
11.3500 2.149E-01
11.3667 2.164E-01
11.3833 2.177E-01
11.4000 2.192E-01
11.4167 2.207E-01
11.4333 2.222E-01
11.4500 2.236E-01
11.4667 2.250E-01
11.4833 2.265E-01
11.5000 2.278E-01
11.5167 2.292E-01
11.5333 2.306E-01
11.5500 2.320E-01
11.5667 2.334E-01
11.5833 2.345E-01
11.6000 2.361E-01
11.6167 2.374E-01
11.6333 2.387E-01
11.6500 2.400E-01
11.6667 2.414E-01
11.6833 2.427E-01
11.7000 2.439E-01
11.7167 2.452E-01
11.7333 2.464E-01
11.7500 2.477E-01
11.7667 2.490E-01
11.7833 2.501E-01
11.8000 2.514E-01
11.8167 2.524E-01
11.8333 2.537E-01
11.8500 2.550E-01
11.8667 2.560E-01
11.8833 2.573E-01
11.9000 2.583E-01
11.9167 2.595E-01
11.9333 2.606E-01
11.9500 2.617E-01
11.9667 2.628E-01
11.9833 2.639E-01
12.0000 2.648E-01
12.0167 2.660E-01
12.0333 2.669E-01
12.0500 2.680E-01
12.0667 2.690E-01
12.0833 2.698E-01
12.1000 2.709E-01
12.1167 2.718E-01
12.1333 2.728E-01
12.1500 2.737E-01
12.1667 2.746E-01
12.1833 2.755E-01
12.2000 2.764E-01
12.2167 2.772E-01
12.2333 2.781E-01
12.2500 2.785E-01
12.2667 2.797E-01
12.2833 2.805E-01
12.3000 2.813E-01
12.3167 2.821E-01
12.3333 2.828E-01
12.3500 2.836E-01
12.3667 2.843E-01
12.3833 2.850E-01
12.4000 2.857E-01
12.4167 2.863E-01
12.4333 2.870E-01
12.4500 2.876E-01
12.4667 2.882E-01
12.4833 2.888E-01
12.5000 2.894E-01
12.5167 2.899E-01
12.5333 2.905E-01
12.5500 2.910E-01
12.5667 2.915E-01
12.5833 2.919E-01
12.6000 2.925E-01
12.6167 2.929E-01
12.6333 2.933E-01
12.6500 2.938E-01
12.6667 2.942E-01
12.6833 2.946E-01
12.7000 2.949E-01
12.7167 2.953E-01
12.7333 2.955E-01
12.7500 2.959E-01
12.7667 2.962E-01
12.7833 2.965E-01
12.8000 2.967E-01
12.8167 2.969E-01
12.8333 2.972E-01
12.8500 2.974E-01
12.8667 2.976E-01
12.8833 2.977E-01
12.9000 2.976E-01
12.9167 2.978E-01
12.9333 2.981E-01
12.9500 2.982E-01
12.9667 2.983E-01
12.9833 2.983E-01
13.0000 2.983E-01
13.0167 2.984E-01
13.0333 2.984E-01
13.0500 2.983E-01
13.0667 2.983E-01
13.0833 2.982E-01
13.1000 2.982E-01
13.1167 2.980E-01
13.1333 2.977E-01
13.1500 2.976E-01
13.1667 2.977E-01
13.1833 2.975E-01
13.2000 2.973E-01
13.2167 2.971E-01
13.2333 2.969E-01
13.2500 2.966E-01
13.2667 2.964E-01
13.2833 2.961E-01
13.3000 2.957E-01
13.3167 2.955E-01
13.3333 2.951E-01
13.3500 2.948E-01
13.3667 2.944E-01
13.3833 2.940E-01
13.4000 2.936E-01
13.4167 2.932E-01
13.4333 2.928E-01
13.4500 2.923E-01
13.4667 2.918E-01
13.4833 2.913E-01
13.5000 2.908E-01
13.5167 2.903E-01
13.5333 2.897E-01
13.5500 2.892E-01
13.5667 2.886E-01
13.5833 2.880E-01
13.6000 2.874E-01
13.6167 2.866E-01
13.6333 2.861E-01
13.6500 2.854E-01
13.6667 2.847E-01
13.6833 2.840E-01
13.7000 2.833E-01
13.7167 2.826E-01
13.7333 2.818E-01
13.7500 2.811E-01
13.7667 2.801E-01
13.7833 2.795E-01
13.8000 2.786E-01
13.8167 2.778E-01
13.8333 2.770E-01
13.8500 2.761E-01
13.8667 2.752E-01
13.8833 2.743E-01
13.9000 2.734E-01
13.9167 2.725E-01
13.9333 2.716E-01
13.9500 2.704E-01
13.9667 2.696E-01
13.9833 2.686E-01
14.0000 2.677E-01
14.0167 2.666E-01
14.0333 2.656E-01
14.0500 2.645E-01
14.0667 2.635E-01
14.0833 2.624E-01
14.1000 2.614E-01
14.1167 2.602E-01
14.1333 2.591E-01
14.1500 2.580E-01
14.1667 2.569E-01
14.1833 2.557E-01
14.2000 2.546E-01
14.2167 2.534E-01
14.2333 2.522E-01
14.2500 2.510E-01
14.2667 2.497E-01
14.2833 2.485E-01
14.3000 2.472E-01
14.3167 2.458E-01
14.3333 2.447E-01
14.3500 2.435E-01
14.3667 2.422E-01
14.3833 2.409E-01
14.4000 2.396E-01
14.4167 2.383E-01
14.4333 2.370E-01
14.4500 2.356E-01
14.4667 2.343E-01
14.4833 2.329E-01
14.5000 2.315E-01
14.5167 2.301E-01
14.5333 2.288E-01
14.5500 2.274E-01
14.5667 2.260E-01
14.5833 2.245E-01
14.6000 2.231E-01
14.6167 2.216E-01
14.6333 2.202E-01
14.6500 2.188E-01
14.6667 2.173E-01
14.6833 2.158E-01
14.7000 2.144E-01
14.7167 2.129E-01
14.7333 2.114E-01
14.7500 2.099E-01
14.7667 2.084E-01
14.7833 2.069E-01
14.8000 2.052E-01
14.8167 2.038E-01
14.8333 2.023E-01
14.8500 2.008E-01
14.8667 1.992E-01
14.8833 1.976E-01
14.9000 1.961E-01
14.9167 1.945E-01
14.9333 1.930E-01
14.9500 1.914E-01
14.9667 1.898E-01
14.9833 1.883E-01
