11.0000 1.525E-01
11.0167 1.538E-01
11.0333 1.552E-01
11.0500 1.566E-01
11.0667 1.579E-01
11.0833 1.593E-01
11.1000 1.606E-01
11.1167 1.620E-01
11.1333 1.633E-01
11.1500 1.647E-01
11.1667 1.660E-01
11.1833 1.674E-01
11.2000 1.687E-01
11.2167 1.700E-01
11.2333 1.713E-01
11.2500 1.726E-01
11.2667 1.740E-01
11.2833 1.753E-01
11.3000 1.765E-01
11.3167 1.778E-01
11.3333 1.791E-01
11.3500 1.804E-01
11.3667 1.817E-01
11.3833 1.830E-01
11.4000 1.842E-01
11.4167 1.855E-01
11.4333 1.867E-01
11.4500 1.880E-01
11.4667 1.892E-01
11.4833 1.904E-01
11.5000 1.916E-01
11.5167 1.929E-01
11.5333 1.941E-01
11.5500 1.952E-01
11.5667 1.964E-01
11.5833 1.976E-01
11.6000 1.988E-01
11.6167 1.999E-01
11.6333 2.011E-01
11.6500 2.022E-01
11.6667 2.034E-01
11.6833 2.045E-01
11.7000 2.056E-01
11.7167 2.066E-01
11.7333 2.077E-01
11.7500 2.089E-01
11.7667 2.099E-01
11.7833 2.110E-01
11.8000 2.120E-01
11.8167 2.131E-01
11.8333 2.141E-01
11.8500 2.151E-01
11.8667 2.161E-01
11.8833 2.170E-01
11.9000 2.181E-01
11.9167 2.191E-01
11.9333 2.201E-01
11.9500 2.210E-01
11.9667 2.219E-01
11.9833 2.227E-01
12.0000 2.236E-01
12.0167 2.247E-01
12.0333 2.256E-01
12.0500 2.264E-01
12.0667 2.273E-01
12.0833 2.281E-01
12.1000 2.290E-01
12.1167 2.298E-01
12.1333 2.306E-01
12.1500 2.314E-01
12.1667 2.322E-01
12.1833 2.330E-01
12.2000 2.337E-01
12.2167 2.345E-01
12.2333 2.351E-01
12.2500 2.359E-01
12.2667 2.366E-01
12.2833 2.373E-01
12.3000 2.377E-01
12.3167 2.386E-01
12.3333 2.392E-01
12.3500 2.399E-01
12.3667 2.405E-01
12.3833 2.411E-01
12.4000 2.417E-01
12.4167 2.423E-01
12.4333 2.428E-01
12.4500 2.434E-01
12.4667 2.438E-01
12.4833 2.444E-01
12.5000 2.449E-01
12.5167 2.450E-01
12.5333 2.458E-01
12.5500 2.463E-01
12.5667 2.467E-01
12.5833 2.471E-01
12.6000 2.475E-01
12.6167 2.479E-01
12.6333 2.483E-01
12.6500 2.487E-01
12.6667 2.490E-01
12.6833 2.493E-01
12.7000 2.496E-01
12.7167 2.499E-01
12.7333 2.502E-01
12.7500 2.505E-01
12.7667 2.507E-01
12.7833 2.509E-01
12.8000 2.511E-01
12.8167 2.513E-01
12.8333 2.515E-01
12.8500 2.517E-01
12.8667 2.518E-01
12.8833 2.519E-01
12.9000 2.520E-01
12.9167 2.522E-01
12.9333 2.523E-01
12.9500 2.523E-01
12.9667 2.524E-01
12.9833 2.524E-01
13.0000 2.524E-01
13.0167 2.524E-01
13.0333 2.524E-01
13.0500 2.524E-01
13.0667 2.524E-01
13.0833 2.523E-01
13.1000 2.522E-01
13.1167 2.520E-01
13.1333 2.519E-01
13.1500 2.519E-01
13.1667 2.517E-01
13.1833 2.516E-01
13.2000 2.514E-01
13.2167 2.512E-01
13.2333 2.510E-01
13.2500 2.507E-01
13.2667 2.505E-01
13.2833 2.503E-01
13.3000 2.500E-01
13.3167 2.497E-01
13.3333 2.494E-01
13.3500 2.491E-01
13.3667 2.487E-01
13.3833 2.484E-01
13.4000 2.480E-01
13.4167 2.477E-01
13.4333 2.473E-01
13.4500 2.468E-01
13.4667 2.464E-01
13.4833 2.460E-01
13.5000 2.455E-01
13.5167 2.450E-01
13.5333 2.445E-01
13.5500 2.440E-01
13.5667 2.435E-01
13.5833 2.430E-01
13.6000 2.424E-01
13.6167 2.419E-01
13.6333 2.413E-01
13.6500 2.407E-01
13.6667 2.401E-01
13.6833 2.394E-01
13.7000 2.388E-01
13.7167 2.381E-01
13.7333 2.375E-01
13.7500 2.368E-01
13.7667 2.361E-01
13.7833 2.354E-01
13.8000 2.347E-01
13.8167 2.339E-01
13.8333 2.330E-01
13.8500 2.324E-01
13.8667 2.316E-01
13.8833 2.308E-01
13.9000 2.300E-01
13.9167 2.292E-01
13.9333 2.284E-01
13.9500 2.275E-01
13.9667 2.267E-01
13.9833 2.257E-01
14.0000 2.249E-01
14.0167 2.240E-01
14.0333 2.231E-01
14.0500 2.222E-01
14.0667 2.213E-01
14.0833 2.202E-01
14.1000 2.194E-01
14.1167 2.184E-01
14.1333 2.173E-01
14.1500 2.164E-01
14.1667 2.154E-01
14.1833 2.144E-01
14.2000 2.134E-01
14.2167 2.123E-01
14.2333 2.113E-01
14.2500 2.102E-01
14.2667 2.092E-01
14.2833 2.081E-01
14.3000 2.070E-01
14.3167 2.059E-01
14.3333 2.048E-01
14.3500 2.037E-01
14.3667 2.026E-01
14.3833 2.014E-01
14.4000 2.003E-01
14.4167 1.991E-01
14.4333 1.979E-01
14.4500 1.968E-01
14.4667 1.956E-01
14.4833 1.943E-01
14.5000 1.931E-01
14.5167 1.920E-01
14.5333 1.908E-01
14.5500 1.896E-01
14.5667 1.883E-01
14.5833 1.871E-01
14.6000 1.858E-01
14.6167 1.846E-01
14.6333 1.833E-01
14.6500 1.821E-01
14.6667 1.807E-01
14.6833 1.795E-01
14.7000 1.782E-01
14.7167 1.769E-01
14.7333 1.756E-01
14.7500 1.743E-01
14.7667 1.730E-01
14.7833 1.717E-01
14.8000 1.704E-01
14.8167 1.690E-01
14.8333 1.677E-01
14.8500 1.664E-01
14.8667 1.650E-01
14.8833 1.637E-01
14.9000 1.624E-01
14.9167 1.610E-01
14.9333 1.597E-01
14.9500 1.583E-01
14.9667 1.569E-01
14.9833 1.556E-01
