11.0000 1.807E-01
11.0167 1.822E-01
11.0333 1.838E-01
11.0500 1.854E-01
11.0667 1.869E-01
11.0833 1.885E-01
11.1000 1.901E-01
11.1167 1.916E-01
11.1333 1.931E-01
11.1500 1.947E-01
11.1667 1.962E-01
11.1833 1.978E-01
11.2000 1.993E-01
11.2167 2.008E-01
11.2333 2.023E-01
11.2500 2.037E-01
11.2667 2.054E-01
11.2833 2.069E-01
11.3000 2.084E-01
11.3167 2.099E-01
11.3333 2.113E-01
11.3500 2.128E-01
11.3667 2.142E-01
11.3833 2.157E-01
11.4000 2.172E-01
11.4167 2.186E-01
11.4333 2.200E-01
11.4500 2.215E-01
11.4667 2.229E-01
11.4833 2.243E-01
11.5000 2.257E-01
11.5167 2.269E-01
11.5333 2.285E-01
11.5500 2.298E-01
11.5667 2.312E-01
11.5833 2.324E-01
11.6000 2.339E-01
11.6167 2.352E-01
11.6333 2.365E-01
11.6500 2.378E-01
11.6667 2.391E-01
11.6833 2.404E-01
11.7000 2.416E-01
11.7167 2.429E-01
11.7333 2.442E-01
11.7500 2.454E-01
11.7667 2.466E-01
11.7833 2.479E-01
11.8000 2.491E-01
11.8167 2.503E-01
11.8333 2.514E-01
11.8500 2.526E-01
11.8667 2.537E-01
11.8833 2.547E-01
11.9000 2.558E-01
11.9167 2.571E-01
11.9333 2.582E-01
11.9500 2.593E-01
11.9667 2.604E-01
11.9833 2.614E-01
12.0000 2.625E-01
12.0167 2.635E-01
12.0333 2.645E-01
12.0500 2.655E-01
12.0667 2.665E-01
12.0833 2.675E-01
12.1000 2.685E-01
12.1167 2.694E-01
12.1333 2.703E-01
12.1500 2.712E-01
12.1667 2.721E-01
12.1833 2.730E-01
12.2000 2.739E-01
12.2167 2.747E-01
12.2333 2.756E-01
12.2500 2.764E-01
12.2667 2.772E-01
12.2833 2.780E-01
12.3000 2.787E-01
12.3167 2.795E-01
12.3333 2.802E-01
12.3500 2.810E-01
12.3667 2.816E-01
12.3833 2.823E-01
12.4000 2.828E-01
12.4167 2.837E-01
12.4333 2.843E-01
12.4500 2.849E-01
12.4667 2.855E-01
12.4833 2.861E-01
12.5000 2.867E-01
12.5167 2.873E-01
12.5333 2.878E-01
12.5500 2.883E-01
12.5667 2.888E-01
12.5833 2.892E-01
12.6000 2.898E-01
12.6167 2.902E-01
12.6333 2.906E-01
12.6500 2.910E-01
12.6667 2.915E-01
12.6833 2.918E-01
12.7000 2.922E-01
12.7167 2.925E-01
12.7333 2.928E-01
12.7500 2.932E-01
12.7667 2.934E-01
12.7833 2.937E-01
12.8000 2.940E-01
12.8167 2.942E-01
12.8333 2.944E-01
12.8500 2.946E-01
12.8667 2.947E-01
12.8833 2.949E-01
12.9000 2.951E-01
12.9167 2.952E-01
12.9333 2.953E-01
12.9500 2.954E-01
12.9667 2.955E-01
12.9833 2.955E-01
13.0000 2.955E-01
13.0167 2.955E-01
13.0333 2.955E-01
13.0500 2.955E-01
13.0667 2.955E-01
13.0833 2.954E-01
13.1000 2.953E-01
13.1167 2.952E-01
13.1333 2.951E-01
13.1500 2.950E-01
13.1667 2.948E-01
13.1833 2.946E-01
13.2000 2.945E-01
13.2167 2.943E-01
13.2333 2.940E-01
13.2500 2.938E-01
13.2667 2.935E-01
13.2833 2.932E-01
13.3000 2.929E-01
13.3167 2.926E-01
13.3333 2.923E-01
13.3500 2.919E-01
13.3667 2.916E-01
13.3833 2.912E-01
13.4000 2.907E-01
13.4167 2.903E-01
13.4333 2.899E-01
13.4500 2.893E-01
13.4667 2.889E-01
13.4833 2.885E-01
13.5000 2.879E-01
13.5167 2.874E-01
13.5333 2.869E-01
13.5500 2.863E-01
13.5667 2.857E-01
13.5833 2.851E-01
13.6000 2.845E-01
13.6167 2.839E-01
13.6333 2.832E-01
13.6500 2.825E-01
13.6667 2.819E-01
13.6833 2.812E-01
13.7000 2.804E-01
13.7167 2.797E-01
13.7333 2.790E-01
13.7500 2.782E-01
13.7667 2.774E-01
13.7833 2.766E-01
13.8000 2.758E-01
13.8167 2.750E-01
13.8333 2.741E-01
13.8500 2.731E-01
13.8667 2.722E-01
13.8833 2.715E-01
13.9000 2.706E-01
13.9167 2.696E-01
13.9333 2.687E-01
13.9500 2.678E-01
13.9667 2.668E-01
13.9833 2.658E-01
14.0000 2.648E-01
14.0167 2.638E-01
14.0333 2.628E-01
14.0500 2.617E-01
14.0667 2.606E-01
14.0833 2.596E-01
14.1000 2.585E-01
14.1167 2.573E-01
14.1333 2.563E-01
14.1500 2.551E-01
14.1667 2.541E-01
14.1833 2.529E-01
14.2000 2.517E-01
14.2167 2.506E-01
14.2333 2.494E-01
14.2500 2.480E-01
14.2667 2.470E-01
14.2833 2.458E-01
14.3000 2.445E-01
14.3167 2.433E-01
14.3333 2.419E-01
14.3500 2.408E-01
14.3667 2.395E-01
14.3833 2.382E-01
14.4000 2.367E-01
14.4167 2.355E-01
14.4333 2.342E-01
14.4500 2.329E-01
14.4667 2.315E-01
14.4833 2.302E-01
14.5000 2.288E-01
14.5167 2.275E-01
14.5333 2.261E-01
14.5500 2.247E-01
14.5667 2.233E-01
14.5833 2.218E-01
14.6000 2.204E-01
14.6167 2.190E-01
14.6333 2.176E-01
14.6500 2.161E-01
14.6667 2.147E-01
14.6833 2.132E-01
14.7000 2.117E-01
14.7167 2.103E-01
14.7333 2.088E-01
14.7500 2.073E-01
14.7667 2.058E-01
14.7833 2.043E-01
14.8000 2.028E-01
14.8167 2.013E-01
14.8333 1.997E-01
14.8500 1.982E-01
14.8667 1.967E-01
14.8833 1.952E-01
14.9000 1.936E-01
14.9167 1.921E-01
14.9333 1.905E-01
14.9500 1.889E-01
14.9667 1.874E-01
14.9833 1.858E-01
