11.0000 1.680E-01
11.0167 1.695E-01
11.0333 1.710E-01
11.0500 1.725E-01
11.0667 1.740E-01
11.0833 1.755E-01
11.1000 1.770E-01
11.1167 1.784E-01
11.1333 1.799E-01
11.1500 1.813E-01
11.1667 1.828E-01
11.1833 1.842E-01
11.2000 1.857E-01
11.2167 1.871E-01
11.2333 1.886E-01
11.2500 1.900E-01
11.2667 1.914E-01
11.2833 1.929E-01
11.3000 1.942E-01
11.3167 1.957E-01
11.3333 1.971E-01
11.3500 1.985E-01
11.3667 1.999E-01
11.3833 2.012E-01
11.4000 2.026E-01
11.4167 2.039E-01
11.4333 2.053E-01
11.4500 2.067E-01
11.4667 2.079E-01
11.4833 2.093E-01
11.5000 2.106E-01
11.5167 2.120E-01
11.5333 2.133E-01
11.5500 2.146E-01
11.5667 2.158E-01
11.5833 2.171E-01
11.6000 2.184E-01
11.6167 2.197E-01
11.6333 2.208E-01
11.6500 2.221E-01
11.6667 2.233E-01
11.6833 2.246E-01
11.7000 2.258E-01
11.7167 2.269E-01
11.7333 2.282E-01
11.7500 2.293E-01
11.7667 2.305E-01
11.7833 2.316E-01
11.8000 2.328E-01
11.8167 2.339E-01
11.8333 2.350E-01
11.8500 2.361E-01
11.8667 2.372E-01
11.8833 2.383E-01
11.9000 2.394E-01
11.9167 2.404E-01
11.9333 2.414E-01
11.9500 2.425E-01
11.9667 2.435E-01
11.9833 2.445E-01
12.0000 2.454E-01
12.0167 2.464E-01
12.0333 2.474E-01
12.0500 2.483E-01
12.0667 2.493E-01
12.0833 2.502E-01
12.1000 2.511E-01
12.1167 2.520E-01
12.1333 2.529E-01
12.1500 2.537E-01
12.1667 2.544E-01
12.1833 2.554E-01
12.2000 2.562E-01
12.2167 2.570E-01
12.2333 2.578E-01
12.2500 2.586E-01
12.2667 2.593E-01
12.2833 2.601E-01
12.3000 2.608E-01
12.3167 2.615E-01
12.3333 2.622E-01
12.3500 2.629E-01
12.3667 2.636E-01
12.3833 2.642E-01
12.4000 2.648E-01
12.4167 2.655E-01
12.4333 2.661E-01
12.4500 2.666E-01
12.4667 2.671E-01
12.4833 2.678E-01
12.5000 2.683E-01
12.5167 2.688E-01
12.5333 2.692E-01
12.5500 2.698E-01
12.5667 2.703E-01
12.5833 2.707E-01
12.6000 2.712E-01
12.6167 2.716E-01
12.6333 2.719E-01
12.6500 2.722E-01
12.6667 2.727E-01
12.6833 2.729E-01
12.7000 2.734E-01
12.7167 2.737E-01
12.7333 2.740E-01
12.7500 2.742E-01
12.7667 2.745E-01
12.7833 2.748E-01
12.8000 2.750E-01
12.8167 2.752E-01
12.8333 2.754E-01
12.8500 2.756E-01
12.8667 2.758E-01
12.8833 2.759E-01
12.9000 2.760E-01
12.9167 2.761E-01
12.9333 2.762E-01
12.9500 2.763E-01
12.9667 2.763E-01
12.9833 2.764E-01
13.0000 2.764E-01
13.0167 2.764E-01
13.0333 2.764E-01
13.0500 2.763E-01
13.0667 2.763E-01
13.0833 2.762E-01
13.1000 2.761E-01
13.1167 2.760E-01
13.1333 2.759E-01
13.1500 2.758E-01
13.1667 2.756E-01
13.1833 2.754E-01
13.2000 2.752E-01
13.2167 2.750E-01
13.2333 2.748E-01
13.2500 2.745E-01
13.2667 2.742E-01
13.2833 2.740E-01
13.3000 2.737E-01
13.3167 2.734E-01
13.3333 2.729E-01
13.3500 2.727E-01
13.3667 2.722E-01
13.3833 2.719E-01
13.4000 2.716E-01
13.4167 2.711E-01
13.4333 2.707E-01
13.4500 2.703E-01
13.4667 2.698E-01
13.4833 2.692E-01
13.5000 2.688E-01
13.5167 2.683E-01
13.5333 2.678E-01
13.5500 2.671E-01
13.5667 2.666E-01
13.5833 2.660E-01
13.6000 2.654E-01
13.6167 2.648E-01
13.6333 2.642E-01
13.6500 2.635E-01
13.6667 2.629E-01
13.6833 2.622E-01
13.7000 2.615E-01
13.7167 2.608E-01
13.7333 2.601E-01
13.7500 2.593E-01
13.7667 2.586E-01
13.7833 2.578E-01
13.8000 2.570E-01
13.8167 2.562E-01
13.8333 2.554E-01
13.8500 2.544E-01
13.8667 2.537E-01
13.8833 2.529E-01
13.9000 2.520E-01
13.9167 2.511E-01
13.9333 2.502E-01
13.9500 2.492E-01
13.9667 2.483E-01
13.9833 2.474E-01
14.0000 2.464E-01
14.0167 2.454E-01
14.0333 2.445E-01
14.0500 2.435E-01
14.0667 2.425E-01
14.0833 2.414E-01
14.1000 2.404E-01
14.1167 2.393E-01
14.1333 2.383E-01
14.1500 2.372E-01
14.1667 2.361E-01
14.1833 2.350E-01
14.2000 2.339E-01
14.2167 2.327E-01
14.2333 2.316E-01
14.2500 2.305E-01
14.2667 2.293E-01
14.2833 2.281E-01
14.3000 2.268E-01
14.3167 2.257E-01
14.3333 2.245E-01
14.3500 2.232E-01
14.3667 2.221E-01
14.3833 2.208E-01
14.4000 2.196E-01
14.4167 2.183E-01
14.4333 2.170E-01
14.4500 2.157E-01
14.4667 2.145E-01
14.4833 2.132E-01
14.5000 2.119E-01
14.5167 2.106E-01
14.5333 2.093E-01
14.5500 2.079E-01
14.5667 2.066E-01
14.5833 2.053E-01
14.6000 2.039E-01
14.6167 2.026E-01
14.6333 2.012E-01
14.6500 1.998E-01
14.6667 1.984E-01
14.6833 1.970E-01
14.7000 1.956E-01
14.7167 1.942E-01
14.7333 1.928E-01
14.7500 1.914E-01
14.7667 1.900E-01
14.7833 1.885E-01
14.8000 1.871E-01
14.8167 1.857E-01
14.8333 1.842E-01
14.8500 1.828E-01
14.8667 1.813E-01
14.8833 1.798E-01
14.9000 1.784E-01
14.9167 1.769E-01
14.9333 1.754E-01
14.9500 1.740E-01
14.9667 1.725E-01
14.9833 1.710E-01
