11.0000 1.797E-01
11.0167 1.813E-01
11.0333 1.828E-01
11.0500 1.844E-01
11.0667 1.860E-01
11.0833 1.875E-01
11.1000 1.891E-01
11.1167 1.906E-01
11.1333 1.922E-01
11.1500 1.937E-01
11.1667 1.952E-01
11.1833 1.968E-01
11.2000 1.983E-01
11.2167 1.998E-01
11.2333 2.013E-01
11.2500 2.028E-01
11.2667 2.043E-01
11.2833 2.059E-01
11.3000 2.073E-01
11.3167 2.088E-01
11.3333 2.103E-01
11.3500 2.117E-01
11.3667 2.132E-01
11.3833 2.147E-01
11.4000 2.160E-01
11.4167 2.175E-01
11.4333 2.189E-01
11.4500 2.203E-01
11.4667 2.218E-01
11.4833 2.232E-01
11.5000 2.246E-01
11.5167 2.260E-01
11.5333 2.273E-01
11.5500 2.287E-01
11.5667 2.300E-01
11.5833 2.314E-01
11.6000 2.327E-01
11.6167 2.341E-01
11.6333 2.354E-01
11.6500 2.367E-01
11.6667 2.379E-01
11.6833 2.392E-01
11.7000 2.405E-01
11.7167 2.418E-01
11.7333 2.430E-01
11.7500 2.443E-01
11.7667 2.454E-01
11.7833 2.467E-01
11.8000 2.479E-01
11.8167 2.490E-01
11.8333 2.502E-01
11.8500 2.514E-01
11.8667 2.525E-01
11.8833 2.537E-01
11.9000 2.548E-01
11.9167 2.559E-01
11.9333 2.570E-01
11.9500 2.581E-01
11.9667 2.591E-01
11.9833 2.602E-01
12.0000 2.612E-01
12.0167 2.622E-01
12.0333 2.633E-01
12.0500 2.643E-01
12.0667 2.653E-01
12.0833 2.662E-01
12.1000 2.672E-01
12.1167 2.681E-01
12.1333 2.691E-01
12.1500 2.700E-01
12.1667 2.708E-01
12.1833 2.717E-01
12.2000 2.726E-01
12.2167 2.734E-01
12.2333 2.743E-01
12.2500 2.751E-01
12.2667 2.759E-01
12.2833 2.766E-01
12.3000 2.774E-01
12.3167 2.782E-01
12.3333 2.789E-01
12.3500 2.796E-01
12.3667 2.803E-01
12.3833 2.810E-01
12.4000 2.817E-01
12.4167 2.823E-01
12.4333 2.830E-01
12.4500 2.836E-01
12.4667 2.842E-01
12.4833 2.848E-01
12.5000 2.854E-01
12.5167 2.858E-01
12.5333 2.864E-01
12.5500 2.869E-01
12.5667 2.874E-01
12.5833 2.879E-01
12.6000 2.884E-01
12.6167 2.888E-01
12.6333 2.893E-01
12.6500 2.897E-01
12.6667 2.901E-01
12.6833 2.904E-01
12.7000 2.908E-01
12.7167 2.911E-01
12.7333 2.914E-01
12.7500 2.917E-01
12.7667 2.920E-01
12.7833 2.923E-01
12.8000 2.925E-01
12.8167 2.928E-01
12.8333 2.930E-01
12.8500 2.932E-01
12.8667 2.933E-01
12.8833 2.935E-01
12.9000 2.936E-01
12.9167 2.936E-01
12.9333 2.937E-01
12.9500 2.939E-01
12.9667 2.940E-01
12.9833 2.941E-01
13.0000 2.941E-01
13.0167 2.941E-01
13.0333 2.941E-01
13.0500 2.940E-01
13.0667 2.940E-01
13.0833 2.939E-01
13.1000 2.937E-01
13.1167 2.936E-01
13.1333 2.936E-01
13.1500 2.935E-01
13.1667 2.933E-01
13.1833 2.932E-01
13.2000 2.930E-01
13.2167 2.928E-01
13.2333 2.925E-01
13.2500 2.922E-01
13.2667 2.920E-01
13.2833 2.917E-01
13.3000 2.914E-01
13.3167 2.911E-01
13.3333 2.908E-01
13.3500 2.904E-01
13.3667 2.900E-01
13.3833 2.896E-01
13.4000 2.892E-01
13.4167 2.888E-01
13.4333 2.884E-01
13.4500 2.879E-01
13.4667 2.873E-01
13.4833 2.869E-01
13.5000 2.864E-01
13.5167 2.857E-01
13.5333 2.853E-01
13.5500 2.847E-01
13.5667 2.841E-01
13.5833 2.836E-01
13.6000 2.829E-01
13.6167 2.823E-01
13.6333 2.817E-01
13.6500 2.810E-01
13.6667 2.803E-01
13.6833 2.796E-01
13.7000 2.789E-01
13.7167 2.781E-01
13.7333 2.773E-01
13.7500 2.765E-01
13.7667 2.758E-01
13.7833 2.750E-01
13.8000 2.742E-01
13.8167 2.734E-01
13.8333 2.725E-01
13.8500 2.717E-01
13.8667 2.708E-01
13.8833 2.699E-01
13.9000 2.690E-01
13.9167 2.681E-01
13.9333 2.671E-01
13.9500 2.662E-01
13.9667 2.652E-01
13.9833 2.642E-01
14.0000 2.632E-01
14.0167 2.620E-01
14.0333 2.612E-01
14.0500 2.601E-01
14.0667 2.591E-01
14.0833 2.580E-01
14.1000 2.569E-01
14.1167 2.558E-01
14.1333 2.547E-01
14.1500 2.536E-01
14.1667 2.524E-01
14.1833 2.513E-01
14.2000 2.502E-01
14.2167 2.490E-01
14.2333 2.478E-01
14.2500 2.466E-01
14.2667 2.454E-01
14.2833 2.442E-01
14.3000 2.429E-01
14.3167 2.417E-01
14.3333 2.404E-01
14.3500 2.391E-01
14.3667 2.378E-01
14.3833 2.366E-01
14.4000 2.353E-01
14.4167 2.340E-01
14.4333 2.326E-01
14.4500 2.313E-01
14.4667 2.299E-01
14.4833 2.286E-01
14.5000 2.272E-01
14.5167 2.259E-01
14.5333 2.245E-01
14.5500 2.231E-01
14.5667 2.217E-01
14.5833 2.202E-01
14.6000 2.188E-01
14.6167 2.174E-01
14.6333 2.159E-01
14.6500 2.146E-01
14.6667 2.131E-01
14.6833 2.116E-01
14.7000 2.102E-01
14.7167 2.087E-01
14.7333 2.072E-01
14.7500 2.057E-01
14.7667 2.042E-01
14.7833 2.027E-01
14.8000 2.012E-01
14.8167 1.997E-01
14.8333 1.982E-01
14.8500 1.967E-01
14.8667 1.951E-01
14.8833 1.936E-01
14.9000 1.921E-01
14.9167 1.905E-01
14.9333 1.890E-01
14.9500 1.874E-01
14.9667 1.858E-01
14.9833 1.843E-01
