11.0000 2.383E-01
11.0167 2.403E-01
11.0333 2.422E-01
11.0500 2.441E-01
11.0667 2.461E-01
11.0833 2.481E-01
11.1000 2.498E-01
11.1167 2.519E-01
11.1333 2.536E-01
11.1500 2.558E-01
11.1667 2.577E-01
11.1833 2.595E-01
11.2000 2.615E-01
11.2167 2.634E-01
11.2333 2.653E-01
11.2500 2.672E-01
11.2667 2.690E-01
11.2833 2.709E-01
11.3000 2.727E-01
11.3167 2.743E-01
11.3333 2.763E-01
11.3500 2.782E-01
11.3667 2.801E-01
11.3833 2.819E-01
11.4000 2.831E-01
11.4167 2.855E-01
11.4333 2.872E-01
11.4500 2.890E-01
11.4667 2.908E-01
11.4833 2.925E-01
11.5000 2.942E-01
11.5167 2.960E-01
11.5333 2.977E-01
11.5500 2.994E-01
11.5667 3.011E-01
11.5833 3.028E-01
11.6000 3.043E-01
11.6167 3.061E-01
11.6333 3.075E-01
11.6500 3.094E-01
11.6667 3.110E-01
11.6833 3.126E-01
11.7000 3.141E-01
11.7167 3.157E-01
11.7333 3.173E-01
11.7500 3.188E-01
11.7667 3.204E-01
11.7833 3.219E-01
11.8000 3.234E-01
11.8167 3.249E-01
11.8333 3.264E-01
11.8500 3.278E-01
11.8667 3.292E-01
11.8833 3.307E-01
11.9000 3.321E-01
11.9167 3.335E-01
11.9333 3.349E-01
11.9500 3.363E-01
11.9667 3.376E-01
11.9833 3.389E-01
12.0000 3.402E-01
12.0167 3.415E-01
12.0333 3.428E-01
12.0500 3.440E-01
12.0667 3.453E-01
12.0833 3.466E-01
12.1000 3.478E-01
12.1167 3.490E-01
12.1333 3.502E-01
12.1500 3.513E-01
12.1667 3.520E-01
12.1833 3.536E-01
12.2000 3.547E-01
12.2167 3.558E-01
12.2333 3.569E-01
12.2500 3.579E-01
12.2667 3.589E-01
12.2833 3.599E-01
12.3000 3.609E-01
12.3167 3.619E-01
12.3333 3.629E-01
12.3500 3.638E-01
12.3667 3.647E-01
12.3833 3.656E-01
12.4000 3.665E-01
12.4167 3.671E-01
12.4333 3.682E-01
12.4500 3.690E-01
12.4667 3.698E-01
12.4833 3.706E-01
12.5000 3.713E-01
12.5167 3.721E-01
12.5333 3.728E-01
12.5500 3.735E-01
12.5667 3.742E-01
12.5833 3.748E-01
12.6000 3.755E-01
12.6167 3.761E-01
12.6333 3.767E-01
12.6500 3.772E-01
12.6667 3.778E-01
12.6833 3.783E-01
12.7000 3.788E-01
12.7167 3.793E-01
12.7333 3.798E-01
12.7500 3.802E-01
12.7667 3.806E-01
12.7833 3.810E-01
12.8000 3.814E-01
12.8167 3.817E-01
12.8333 3.820E-01
12.8500 3.824E-01
12.8667 3.827E-01
12.8833 3.830E-01
12.9000 3.832E-01
12.9167 3.835E-01
12.9333 3.837E-01
12.9500 3.837E-01
12.9667 3.838E-01
12.9833 3.840E-01
13.0000 3.842E-01
13.0167 3.844E-01
13.0333 3.844E-01
13.0500 3.845E-01
13.0667 3.845E-01
13.0833 3.845E-01
13.1000 3.845E-01
13.1167 3.845E-01
13.1333 3.844E-01
13.1500 3.843E-01
13.1667 3.842E-01
13.1833 3.839E-01
13.2000 3.838E-01
13.2167 3.837E-01
13.2333 3.836E-01
13.2500 3.834E-01
13.2667 3.832E-01
13.2833 3.829E-01
13.3000 3.826E-01
13.3167 3.823E-01
13.3333 3.819E-01
13.3500 3.817E-01
13.3667 3.813E-01
13.3833 3.809E-01
13.4000 3.805E-01
13.4167 3.801E-01
13.4333 3.797E-01
13.4500 3.792E-01
13.4667 3.787E-01
13.4833 3.782E-01
13.5000 3.777E-01
13.5167 3.771E-01
13.5333 3.765E-01
13.5500 3.759E-01
13.5667 3.753E-01
13.5833 3.747E-01
13.6000 3.740E-01
13.6167 3.732E-01
13.6333 3.726E-01
13.6500 3.719E-01
13.6667 3.710E-01
13.6833 3.704E-01
13.7000 3.696E-01
13.7167 3.688E-01
13.7333 3.680E-01
13.7500 3.672E-01
13.7667 3.663E-01
13.7833 3.654E-01
13.8000 3.645E-01
13.8167 3.636E-01
13.8333 3.626E-01
13.8500 3.617E-01
13.8667 3.607E-01
13.8833 3.594E-01
13.9000 3.587E-01
13.9167 3.577E-01
13.9333 3.566E-01
13.9500 3.555E-01
13.9667 3.544E-01
13.9833 3.533E-01
14.0000 3.521E-01
14.0167 3.510E-01
14.0333 3.499E-01
14.0500 3.487E-01
14.0667 3.475E-01
14.0833 3.463E-01
14.1000 3.450E-01
14.1167 3.438E-01
14.1333 3.425E-01
14.1500 3.412E-01
14.1667 3.398E-01
14.1833 3.386E-01
14.2000 3.373E-01
14.2167 3.359E-01
14.2333 3.345E-01
14.2500 3.332E-01
14.2667 3.317E-01
14.2833 3.304E-01
14.3000 3.289E-01
14.3167 3.275E-01
14.3333 3.260E-01
14.3500 3.245E-01
14.3667 3.231E-01
14.3833 3.215E-01
14.4000 3.200E-01
14.4167 3.185E-01
14.4333 3.167E-01
14.4500 3.154E-01
14.4667 3.138E-01
14.4833 3.122E-01
14.5000 3.106E-01
14.5167 3.090E-01
14.5333 3.073E-01
14.5500 3.057E-01
14.5667 3.040E-01
14.5833 3.024E-01
14.6000 3.006E-01
14.6167 2.990E-01
14.6333 2.973E-01
14.6500 2.956E-01
14.6667 2.939E-01
14.6833 2.921E-01
14.7000 2.904E-01
14.7167 2.886E-01
14.7333 2.868E-01
14.7500 2.850E-01
14.7667 2.833E-01
14.7833 2.815E-01
14.8000 2.797E-01
14.8167 2.778E-01
14.8333 2.760E-01
14.8500 2.741E-01
14.8667 2.723E-01
14.8833 2.705E-01
14.9000 2.686E-01
14.9167 2.667E-01
14.9333 2.649E-01
14.9500 2.630E-01
14.9667 2.611E-01
14.9833 2.592E-01
