11.0000 1.184E-01
11.0167 1.195E-01
11.0333 1.207E-01
11.0500 1.218E-01
11.0667 1.230E-01
11.0833 1.241E-01
11.1000 1.253E-01
11.1167 1.264E-01
11.1333 1.275E-01
11.1500 1.287E-01
11.1667 1.298E-01
11.1833 1.309E-01
11.2000 1.320E-01
11.2167 1.331E-01
11.2333 1.343E-01
11.2500 1.354E-01
11.2667 1.365E-01
11.2833 1.376E-01
11.3000 1.387E-01
11.3167 1.398E-01
11.3333 1.408E-01
11.3500 1.419E-01
11.3667 1.430E-01
11.3833 1.441E-01
11.4000 1.451E-01
11.4167 1.462E-01
11.4333 1.473E-01
11.4500 1.483E-01
11.4667 1.494E-01
11.4833 1.504E-01
11.5000 1.514E-01
11.5167 1.524E-01
11.5333 1.535E-01
11.5500 1.545E-01
11.5667 1.555E-01
11.5833 1.565E-01
11.6000 1.575E-01
11.6167 1.584E-01
11.6333 1.594E-01
11.6500 1.604E-01
11.6667 1.614E-01
11.6833 1.623E-01
11.7000 1.632E-01
11.7167 1.642E-01
11.7333 1.651E-01
11.7500 1.660E-01
11.7667 1.669E-01
11.7833 1.678E-01
11.8000 1.687E-01
11.8167 1.696E-01
11.8333 1.705E-01
11.8500 1.713E-01
11.8667 1.722E-01
11.8833 1.730E-01
11.9000 1.739E-01
11.9167 1.747E-01
11.9333 1.755E-01
11.9500 1.763E-01
11.9667 1.771E-01
11.9833 1.779E-01
12.0000 1.787E-01
12.0167 1.794E-01
12.0333 1.802E-01
12.0500 1.809E-01
12.0667 1.817E-01
12.0833 1.824E-01
12.1000 1.831E-01
12.1167 1.838E-01
12.1333 1.845E-01
12.1500 1.851E-01
12.1667 1.858E-01
12.1833 1.864E-01
12.2000 1.871E-01
12.2167 1.877E-01
12.2333 1.883E-01
12.2500 1.889E-01
12.2667 1.895E-01
12.2833 1.901E-01
12.3000 1.907E-01
12.3167 1.912E-01
12.3333 1.918E-01
12.3500 1.923E-01
12.3667 1.928E-01
12.3833 1.933E-01
12.4000 1.938E-01
12.4167 1.943E-01
12.4333 1.947E-01
12.4500 1.952E-01
12.4667 1.956E-01
12.4833 1.961E-01
12.5000 1.965E-01
12.5167 1.969E-01
12.5333 1.971E-01
12.5500 1.976E-01
12.5667 1.980E-01
12.5833 1.983E-01
12.6000 1.987E-01
12.6167 1.990E-01
12.6333 1.993E-01
12.6500 1.995E-01
12.6667 1.999E-01
12.6833 2.001E-01
12.7000 2.004E-01
12.7167 2.006E-01
12.7333 2.008E-01
12.7500 2.010E-01
12.7667 2.012E-01
12.7833 2.014E-01
12.8000 2.015E-01
12.8167 2.017E-01
12.8333 2.019E-01
12.8500 2.020E-01
12.8667 2.021E-01
12.8833 2.022E-01
12.9000 2.023E-01
12.9167 2.023E-01
12.9333 2.024E-01
12.9500 2.024E-01
12.9667 2.025E-01
12.9833 2.025E-01
13.0000 2.025E-01
13.0167 2.024E-01
13.0333 2.024E-01
13.0500 2.024E-01
13.0667 2.023E-01
13.0833 2.023E-01
13.1000 2.022E-01
13.1167 2.021E-01
13.1333 2.020E-01
13.1500 2.018E-01
13.1667 2.017E-01
13.1833 2.015E-01
13.2000 2.014E-01
13.2167 2.012E-01
13.2333 2.010E-01
13.2500 2.008E-01
13.2667 2.006E-01
13.2833 2.003E-01
13.3000 2.000E-01
13.3167 1.998E-01
13.3333 1.995E-01
13.3500 1.992E-01
13.3667 1.989E-01
13.3833 1.986E-01
13.4000 1.982E-01
13.4167 1.979E-01
13.4333 1.976E-01
13.4500 1.971E-01
13.4667 1.968E-01
13.4833 1.964E-01
13.5000 1.959E-01
13.5167 1.955E-01
13.5333 1.951E-01
13.5500 1.946E-01
13.5667 1.941E-01
13.5833 1.937E-01
13.6000 1.932E-01
13.6167 1.927E-01
13.6333 1.921E-01
13.6500 1.916E-01
13.6667 1.910E-01
13.6833 1.905E-01
13.7000 1.900E-01
13.7167 1.894E-01
13.7333 1.888E-01
13.7500 1.882E-01
13.7667 1.876E-01
13.7833 1.869E-01
13.8000 1.863E-01
13.8167 1.856E-01
13.8333 1.850E-01
13.8500 1.843E-01
13.8667 1.836E-01
13.8833 1.829E-01
13.9000 1.822E-01
13.9167 1.815E-01
13.9333 1.807E-01
13.9500 1.800E-01
13.9667 1.792E-01
13.9833 1.785E-01
14.0000 1.777E-01
14.0167 1.769E-01
14.0333 1.761E-01
14.0500 1.753E-01
14.0667 1.745E-01
14.0833 1.737E-01
14.1000 1.728E-01
14.1167 1.720E-01
14.1333 1.711E-01
14.1500 1.702E-01
14.1667 1.694E-01
14.1833 1.685E-01
14.2000 1.676E-01
14.2167 1.667E-01
14.2333 1.658E-01
14.2500 1.649E-01
14.2667 1.639E-01
14.2833 1.630E-01
14.3000 1.620E-01
14.3167 1.611E-01
14.3333 1.601E-01
14.3500 1.592E-01
14.3667 1.582E-01
14.3833 1.572E-01
14.4000 1.562E-01
14.4167 1.552E-01
14.4333 1.542E-01
14.4500 1.532E-01
14.4667 1.522E-01
14.4833 1.512E-01
14.5000 1.501E-01
14.5167 1.491E-01
14.5333 1.480E-01
14.5500 1.470E-01
14.5667 1.459E-01
14.5833 1.449E-01
14.6000 1.438E-01
14.6167 1.427E-01
14.6333 1.416E-01
14.6500 1.406E-01
14.6667 1.395E-01
14.6833 1.384E-01
14.7000 1.373E-01
14.7167 1.362E-01
14.7333 1.351E-01
14.7500 1.340E-01
14.7667 1.328E-01
14.7833 1.317E-01
14.8000 1.306E-01
14.8167 1.295E-01
14.8333 1.284E-01
14.8500 1.272E-01
14.8667 1.261E-01
14.8833 1.250E-01
14.9000 1.238E-01
14.9167 1.227E-01
14.9333 1.215E-01
14.9500 1.204E-01
14.9667 1.192E-01
14.9833 1.181E-01
