11.0000 1.185E-01
11.0167 1.197E-01
11.0333 1.208E-01
11.0500 1.220E-01
11.0667 1.232E-01
11.0833 1.243E-01
11.1000 1.255E-01
11.1167 1.266E-01
11.1333 1.277E-01
11.1500 1.289E-01
11.1667 1.300E-01
11.1833 1.312E-01
11.2000 1.323E-01
11.2167 1.334E-01
11.2333 1.345E-01
11.2500 1.357E-01
11.2667 1.368E-01
11.2833 1.379E-01
11.3000 1.390E-01
11.3167 1.401E-01
11.3333 1.412E-01
11.3500 1.423E-01
11.3667 1.434E-01
11.3833 1.445E-01
11.4000 1.455E-01
11.4167 1.466E-01
11.4333 1.477E-01
11.4500 1.487E-01
11.4667 1.498E-01
11.4833 1.508E-01
11.5000 1.519E-01
11.5167 1.529E-01
11.5333 1.539E-01
11.5500 1.550E-01
11.5667 1.560E-01
11.5833 1.570E-01
11.6000 1.580E-01
11.6167 1.590E-01
11.6333 1.600E-01
11.6500 1.609E-01
11.6667 1.619E-01
11.6833 1.629E-01
11.7000 1.638E-01
11.7167 1.648E-01
11.7333 1.657E-01
11.7500 1.666E-01
11.7667 1.675E-01
11.7833 1.684E-01
11.8000 1.694E-01
11.8167 1.702E-01
11.8333 1.711E-01
11.8500 1.720E-01
11.8667 1.729E-01
11.8833 1.737E-01
11.9000 1.746E-01
11.9167 1.754E-01
11.9333 1.762E-01
11.9500 1.770E-01
11.9667 1.778E-01
11.9833 1.786E-01
12.0000 1.794E-01
12.0167 1.802E-01
12.0333 1.810E-01
12.0500 1.817E-01
12.0667 1.824E-01
12.0833 1.832E-01
12.1000 1.839E-01
12.1167 1.846E-01
12.1333 1.853E-01
12.1500 1.860E-01
12.1667 1.866E-01
12.1833 1.873E-01
12.2000 1.879E-01
12.2167 1.886E-01
12.2333 1.892E-01
12.2500 1.898E-01
12.2667 1.904E-01
12.2833 1.910E-01
12.3000 1.916E-01
12.3167 1.921E-01
12.3333 1.927E-01
12.3500 1.932E-01
12.3667 1.937E-01
12.3833 1.942E-01
12.4000 1.948E-01
12.4167 1.952E-01
12.4333 1.957E-01
12.4500 1.961E-01
12.4667 1.966E-01
12.4833 1.970E-01
12.5000 1.975E-01
12.5167 1.978E-01
12.5333 1.983E-01
12.5500 1.986E-01
12.5667 1.990E-01
12.5833 1.993E-01
12.6000 1.997E-01
12.6167 2.000E-01
12.6333 2.003E-01
12.6500 2.006E-01
12.6667 2.009E-01
12.6833 2.011E-01
12.7000 2.014E-01
12.7167 2.017E-01
12.7333 2.019E-01
12.7500 2.021E-01
12.7667 2.023E-01
12.7833 2.025E-01
12.8000 2.027E-01
12.8167 2.028E-01
12.8333 2.029E-01
12.8500 2.031E-01
12.8667 2.032E-01
12.8833 2.033E-01
12.9000 2.034E-01
12.9167 2.035E-01
12.9333 2.035E-01
12.9500 2.035E-01
12.9667 2.035E-01
12.9833 2.036E-01
13.0000 2.036E-01
13.0167 2.035E-01
13.0333 2.035E-01
13.0500 2.035E-01
13.0667 2.035E-01
13.0833 2.034E-01
13.1000 2.033E-01
13.1167 2.032E-01
13.1333 2.031E-01
13.1500 2.029E-01
13.1667 2.028E-01
13.1833 2.027E-01
13.2000 2.025E-01
13.2167 2.023E-01
13.2333 2.021E-01
13.2500 2.019E-01
13.2667 2.017E-01
13.2833 2.014E-01
13.3000 2.011E-01
13.3167 2.009E-01
13.3333 2.006E-01
13.3500 2.003E-01
13.3667 2.000E-01
13.3833 1.997E-01
13.4000 1.993E-01
13.4167 1.990E-01
13.4333 1.986E-01
13.4500 1.983E-01
13.4667 1.978E-01
13.4833 1.975E-01
13.5000 1.970E-01
13.5167 1.966E-01
13.5333 1.961E-01
13.5500 1.957E-01
13.5667 1.952E-01
13.5833 1.948E-01
13.6000 1.942E-01
13.6167 1.937E-01
13.6333 1.932E-01
13.6500 1.927E-01
13.6667 1.921E-01
13.6833 1.916E-01
13.7000 1.910E-01
13.7167 1.904E-01
13.7333 1.898E-01
13.7500 1.892E-01
13.7667 1.886E-01
13.7833 1.879E-01
13.8000 1.873E-01
13.8167 1.866E-01
13.8333 1.860E-01
13.8500 1.853E-01
13.8667 1.846E-01
13.8833 1.839E-01
13.9000 1.832E-01
13.9167 1.824E-01
13.9333 1.817E-01
13.9500 1.810E-01
13.9667 1.802E-01
13.9833 1.794E-01
14.0000 1.786E-01
14.0167 1.778E-01
14.0333 1.770E-01
14.0500 1.762E-01
14.0667 1.754E-01
14.0833 1.746E-01
14.1000 1.737E-01
14.1167 1.729E-01
14.1333 1.720E-01
14.1500 1.711E-01
14.1667 1.703E-01
14.1833 1.694E-01
14.2000 1.685E-01
14.2167 1.675E-01
14.2333 1.666E-01
14.2500 1.657E-01
14.2667 1.648E-01
14.2833 1.638E-01
14.3000 1.629E-01
14.3167 1.619E-01
14.3333 1.609E-01
14.3500 1.600E-01
14.3667 1.590E-01
14.3833 1.580E-01
14.4000 1.570E-01
14.4167 1.560E-01
14.4333 1.550E-01
14.4500 1.539E-01
14.4667 1.529E-01
14.4833 1.519E-01
14.5000 1.508E-01
14.5167 1.498E-01
14.5333 1.487E-01
14.5500 1.477E-01
14.5667 1.466E-01
14.5833 1.455E-01
14.6000 1.445E-01
14.6167 1.434E-01
14.6333 1.423E-01
14.6500 1.412E-01
14.6667 1.401E-01
14.6833 1.390E-01
14.7000 1.379E-01
14.7167 1.368E-01
14.7333 1.357E-01
14.7500 1.345E-01
14.7667 1.334E-01
14.7833 1.323E-01
14.8000 1.312E-01
14.8167 1.300E-01
14.8333 1.289E-01
14.8500 1.278E-01
14.8667 1.266E-01
14.8833 1.255E-01
14.9000 1.243E-01
14.9167 1.232E-01
14.9333 1.220E-01
14.9500 1.209E-01
14.9667 1.197E-01
14.9833 1.185E-01
