11.0000 1.040E-01
11.0167 1.051E-01
11.0333 1.061E-01
11.0500 1.072E-01
11.0667 1.082E-01
11.0833 1.092E-01
11.1000 1.103E-01
11.1167 1.113E-01
11.1333 1.124E-01
11.1500 1.134E-01
11.1667 1.144E-01
11.1833 1.155E-01
11.2000 1.165E-01
11.2167 1.175E-01
11.2333 1.185E-01
11.2500 1.196E-01
11.2667 1.206E-01
11.2833 1.216E-01
11.3000 1.226E-01
11.3167 1.236E-01
11.3333 1.246E-01
11.3500 1.256E-01
11.3667 1.266E-01
11.3833 1.276E-01
11.4000 1.285E-01
11.4167 1.295E-01
11.4333 1.305E-01
11.4500 1.315E-01
11.4667 1.324E-01
11.4833 1.334E-01
11.5000 1.343E-01
11.5167 1.353E-01
11.5333 1.362E-01
11.5500 1.371E-01
11.5667 1.381E-01
11.5833 1.390E-01
11.6000 1.399E-01
11.6167 1.408E-01
11.6333 1.417E-01
11.6500 1.426E-01
11.6667 1.435E-01
11.6833 1.444E-01
11.7000 1.452E-01
11.7167 1.461E-01
11.7333 1.470E-01
11.7500 1.478E-01
11.7667 1.486E-01
11.7833 1.495E-01
11.8000 1.503E-01
11.8167 1.511E-01
11.8333 1.519E-01
11.8500 1.527E-01
11.8667 1.535E-01
11.8833 1.543E-01
11.9000 1.551E-01
11.9167 1.558E-01
11.9333 1.566E-01
11.9500 1.574E-01
11.9667 1.581E-01
11.9833 1.588E-01
12.0000 1.595E-01
12.0167 1.602E-01
12.0333 1.609E-01
12.0500 1.616E-01
12.0667 1.623E-01
12.0833 1.630E-01
12.1000 1.636E-01
12.1167 1.643E-01
12.1333 1.649E-01
12.1500 1.656E-01
12.1667 1.662E-01
12.1833 1.668E-01
12.2000 1.674E-01
12.2167 1.680E-01
12.2333 1.685E-01
12.2500 1.691E-01
12.2667 1.697E-01
12.2833 1.702E-01
12.3000 1.707E-01
12.3167 1.713E-01
12.3333 1.718E-01
12.3500 1.722E-01
12.3667 1.727E-01
12.3833 1.732E-01
12.4000 1.737E-01
12.4167 1.741E-01
12.4333 1.746E-01
12.4500 1.750E-01
12.4667 1.754E-01
12.4833 1.758E-01
12.5000 1.762E-01
12.5167 1.766E-01
12.5333 1.769E-01
12.5500 1.773E-01
12.5667 1.776E-01
12.5833 1.779E-01
12.6000 1.783E-01
12.6167 1.786E-01
12.6333 1.788E-01
12.6500 1.791E-01
12.6667 1.794E-01
12.6833 1.796E-01
12.7000 1.799E-01
12.7167 1.801E-01
12.7333 1.803E-01
12.7500 1.805E-01
12.7667 1.807E-01
12.7833 1.809E-01
12.8000 1.810E-01
12.8167 1.812E-01
12.8333 1.813E-01
12.8500 1.815E-01
12.8667 1.816E-01
12.8833 1.817E-01
12.9000 1.817E-01
12.9167 1.818E-01
12.9333 1.819E-01
12.9500 1.819E-01
12.9667 1.819E-01
12.9833 1.820E-01
13.0000 1.820E-01
13.0167 1.820E-01
13.0333 1.819E-01
13.0500 1.819E-01
13.0667 1.819E-01
13.0833 1.818E-01
13.1000 1.817E-01
13.1167 1.816E-01
13.1333 1.815E-01
13.1500 1.814E-01
13.1667 1.813E-01
13.1833 1.812E-01
13.2000 1.810E-01
13.2167 1.808E-01
13.2333 1.807E-01
13.2500 1.805E-01
13.2667 1.803E-01
13.2833 1.801E-01
13.3000 1.798E-01
13.3167 1.796E-01
13.3333 1.793E-01
13.3500 1.791E-01
13.3667 1.788E-01
13.3833 1.785E-01
13.4000 1.782E-01
13.4167 1.779E-01
13.4333 1.776E-01
13.4500 1.772E-01
13.4667 1.769E-01
13.4833 1.765E-01
13.5000 1.761E-01
13.5167 1.757E-01
13.5333 1.753E-01
13.5500 1.749E-01
13.5667 1.745E-01
13.5833 1.740E-01
13.6000 1.736E-01
13.6167 1.731E-01
13.6333 1.727E-01
13.6500 1.722E-01
13.6667 1.717E-01
13.6833 1.712E-01
13.7000 1.706E-01
13.7167 1.701E-01
13.7333 1.696E-01
13.7500 1.690E-01
13.7667 1.684E-01
13.7833 1.679E-01
13.8000 1.673E-01
13.8167 1.667E-01
13.8333 1.661E-01
13.8500 1.654E-01
13.8667 1.648E-01
13.8833 1.642E-01
13.9000 1.635E-01
13.9167 1.629E-01
13.9333 1.622E-01
13.9500 1.615E-01
13.9667 1.608E-01
13.9833 1.601E-01
14.0000 1.594E-01
14.0167 1.587E-01
14.0333 1.580E-01
14.0500 1.572E-01
14.0667 1.565E-01
14.0833 1.557E-01
14.1000 1.549E-01
14.1167 1.542E-01
14.1333 1.534E-01
14.1500 1.526E-01
14.1667 1.518E-01
14.1833 1.510E-01
14.2000 1.502E-01
14.2167 1.493E-01
14.2333 1.485E-01
14.2500 1.477E-01
14.2667 1.468E-01
14.2833 1.459E-01
14.3000 1.451E-01
14.3167 1.442E-01
14.3333 1.433E-01
14.3500 1.424E-01
14.3667 1.415E-01
14.3833 1.406E-01
14.4000 1.397E-01
14.4167 1.388E-01
14.4333 1.379E-01
14.4500 1.370E-01
14.4667 1.360E-01
14.4833 1.351E-01
14.5000 1.341E-01
14.5167 1.332E-01
14.5333 1.322E-01
14.5500 1.313E-01
14.5667 1.303E-01
14.5833 1.293E-01
14.6000 1.284E-01
14.6167 1.274E-01
14.6333 1.264E-01
14.6500 1.254E-01
14.6667 1.244E-01
14.6833 1.234E-01
14.7000 1.224E-01
14.7167 1.214E-01
14.7333 1.204E-01
14.7500 1.194E-01
14.7667 1.183E-01
14.7833 1.173E-01
14.8000 1.163E-01
14.8167 1.153E-01
14.8333 1.142E-01
14.8500 1.132E-01
14.8667 1.122E-01
14.8833 1.111E-01
14.9000 1.101E-01
14.9167 1.091E-01
14.9333 1.080E-01
14.9500 1.070E-01
14.9667 1.059E-01
14.9833 1.049E-01
