11.0000 9.289E-02
11.0167 9.385E-02
11.0333 9.481E-02
11.0500 9.577E-02
11.0667 9.673E-02
11.0833 9.769E-02
11.1000 9.865E-02
11.1167 9.961E-02
11.1333 1.006E-01
11.1500 1.015E-01
11.1667 1.025E-01
11.1833 1.034E-01
11.2000 1.044E-01
11.2167 1.053E-01
11.2333 1.063E-01
11.2500 1.072E-01
11.2667 1.081E-01
11.2833 1.091E-01
11.3000 1.100E-01
11.3167 1.109E-01
11.3333 1.118E-01
11.3500 1.128E-01
11.3667 1.137E-01
11.3833 1.146E-01
11.4000 1.155E-01
11.4167 1.164E-01
11.4333 1.173E-01
11.4500 1.182E-01
11.4667 1.191E-01
11.4833 1.200E-01
11.5000 1.208E-01
11.5167 1.217E-01
11.5333 1.226E-01
11.5500 1.235E-01
11.5667 1.243E-01
11.5833 1.252E-01
11.6000 1.260E-01
11.6167 1.269E-01
11.6333 1.277E-01
11.6500 1.285E-01
11.6667 1.294E-01
11.6833 1.302E-01
11.7000 1.310E-01
11.7167 1.318E-01
11.7333 1.326E-01
11.7500 1.334E-01
11.7667 1.342E-01
11.7833 1.349E-01
11.8000 1.357E-01
11.8167 1.365E-01
11.8333 1.372E-01
11.8500 1.380E-01
11.8667 1.387E-01
11.8833 1.394E-01
11.9000 1.401E-01
11.9167 1.409E-01
11.9333 1.416E-01
11.9500 1.423E-01
11.9667 1.430E-01
11.9833 1.436E-01
12.0000 1.443E-01
12.0167 1.450E-01
12.0333 1.456E-01
12.0500 1.463E-01
12.0667 1.469E-01
12.0833 1.475E-01
12.1000 1.481E-01
12.1167 1.488E-01
12.1333 1.494E-01
12.1500 1.499E-01
12.1667 1.505E-01
12.1833 1.511E-01
12.2000 1.517E-01
12.2167 1.522E-01
12.2333 1.527E-01
12.2500 1.533E-01
12.2667 1.538E-01
12.2833 1.543E-01
12.3000 1.548E-01
12.3167 1.553E-01
12.3333 1.558E-01
12.3500 1.562E-01
12.3667 1.567E-01
12.3833 1.571E-01
12.4000 1.576E-01
12.4167 1.580E-01
12.4333 1.584E-01
12.4500 1.588E-01
12.4667 1.592E-01
12.4833 1.596E-01
12.5000 1.599E-01
12.5167 1.603E-01
12.5333 1.606E-01
12.5500 1.610E-01
12.5667 1.613E-01
12.5833 1.616E-01
12.6000 1.619E-01
12.6167 1.622E-01
12.6333 1.625E-01
12.6500 1.627E-01
12.6667 1.630E-01
12.6833 1.632E-01
12.7000 1.635E-01
12.7167 1.637E-01
12.7333 1.639E-01
12.7500 1.641E-01
12.7667 1.643E-01
12.7833 1.644E-01
12.8000 1.646E-01
12.8167 1.647E-01
12.8333 1.649E-01
12.8500 1.650E-01
12.8667 1.651E-01
12.8833 1.652E-01
12.9000 1.653E-01
12.9167 1.653E-01
12.9333 1.654E-01
12.9500 1.655E-01
12.9667 1.655E-01
12.9833 1.655E-01
13.0000 1.655E-01
13.0167 1.655E-01
13.0333 1.655E-01
13.0500 1.655E-01
13.0667 1.655E-01
13.0833 1.654E-01
13.1000 1.653E-01
13.1167 1.653E-01
13.1333 1.652E-01
13.1500 1.651E-01
13.1667 1.650E-01
13.1833 1.649E-01
13.2000 1.647E-01
13.2167 1.646E-01
13.2333 1.644E-01
13.2500 1.643E-01
13.2667 1.641E-01
13.2833 1.639E-01
13.3000 1.637E-01
13.3167 1.635E-01
13.3333 1.632E-01
13.3500 1.630E-01
13.3667 1.627E-01
13.3833 1.625E-01
13.4000 1.622E-01
13.4167 1.619E-01
13.4333 1.616E-01
13.4500 1.613E-01
13.4667 1.610E-01
13.4833 1.607E-01
13.5000 1.603E-01
13.5167 1.600E-01
13.5333 1.596E-01
13.5500 1.592E-01
13.5667 1.588E-01
13.5833 1.584E-01
13.6000 1.580E-01
13.6167 1.576E-01
13.6333 1.571E-01
13.6500 1.567E-01
13.6667 1.562E-01
13.6833 1.558E-01
13.7000 1.553E-01
13.7167 1.548E-01
13.7333 1.543E-01
13.7500 1.538E-01
13.7667 1.533E-01
13.7833 1.528E-01
13.8000 1.522E-01
13.8167 1.517E-01
13.8333 1.511E-01
13.8500 1.505E-01
13.8667 1.500E-01
13.8833 1.494E-01
13.9000 1.488E-01
13.9167 1.482E-01
13.9333 1.476E-01
13.9500 1.469E-01
13.9667 1.463E-01
13.9833 1.457E-01
14.0000 1.450E-01
14.0167 1.443E-01
14.0333 1.437E-01
14.0500 1.430E-01
14.0667 1.423E-01
14.0833 1.416E-01
14.1000 1.409E-01
14.1167 1.402E-01
14.1333 1.395E-01
14.1500 1.387E-01
14.1667 1.380E-01
14.1833 1.373E-01
14.2000 1.365E-01
14.2167 1.357E-01
14.2333 1.350E-01
14.2500 1.342E-01
14.2667 1.334E-01
14.2833 1.326E-01
14.3000 1.318E-01
14.3167 1.310E-01
14.3333 1.302E-01
14.3500 1.294E-01
14.3667 1.286E-01
14.3833 1.277E-01
14.4000 1.269E-01
14.4167 1.261E-01
14.4333 1.252E-01
14.4500 1.244E-01
14.4667 1.235E-01
14.4833 1.226E-01
14.5000 1.218E-01
14.5167 1.209E-01
14.5333 1.200E-01
14.5500 1.191E-01
14.5667 1.182E-01
14.5833 1.173E-01
14.6000 1.164E-01
14.6167 1.155E-01
14.6333 1.146E-01
14.6500 1.137E-01
14.6667 1.128E-01
14.6833 1.119E-01
14.7000 1.110E-01
14.7167 1.100E-01
14.7333 1.091E-01
14.7500 1.082E-01
14.7667 1.072E-01
14.7833 1.063E-01
14.8000 1.054E-01
14.8167 1.044E-01
14.8333 1.035E-01
14.8500 1.025E-01
14.8667 1.016E-01
14.8833 1.006E-01
14.9000 9.966E-02
14.9167 9.870E-02
14.9333 9.774E-02
14.9500 9.678E-02
14.9667 9.582E-02
14.9833 9.486E-02
