11.0000 1.605E-01
11.0167 1.619E-01
11.0333 1.634E-01
11.0500 1.648E-01
11.0667 1.662E-01
11.0833 1.677E-01
11.1000 1.691E-01
11.1167 1.705E-01
11.1333 1.719E-01
11.1500 1.734E-01
11.1667 1.748E-01
11.1833 1.762E-01
11.2000 1.776E-01
11.2167 1.790E-01
11.2333 1.804E-01
11.2500 1.818E-01
11.2667 1.831E-01
11.2833 1.845E-01
11.3000 1.859E-01
11.3167 1.872E-01
11.3333 1.886E-01
11.3500 1.899E-01
11.3667 1.913E-01
11.3833 1.926E-01
11.4000 1.939E-01
11.4167 1.952E-01
11.4333 1.965E-01
11.4500 1.979E-01
11.4667 1.992E-01
11.4833 2.005E-01
11.5000 2.017E-01
11.5167 2.030E-01
11.5333 2.043E-01
11.5500 2.055E-01
11.5667 2.068E-01
11.5833 2.080E-01
11.6000 2.092E-01
11.6167 2.104E-01
11.6333 2.116E-01
11.6500 2.127E-01
11.6667 2.139E-01
11.6833 2.152E-01
11.7000 2.164E-01
11.7167 2.175E-01
11.7333 2.187E-01
11.7500 2.198E-01
11.7667 2.209E-01
11.7833 2.220E-01
11.8000 2.232E-01
11.8167 2.243E-01
11.8333 2.253E-01
11.8500 2.264E-01
11.8667 2.273E-01
11.8833 2.285E-01
11.9000 2.295E-01
11.9167 2.306E-01
11.9333 2.315E-01
11.9500 2.325E-01
11.9667 2.335E-01
11.9833 2.345E-01
12.0000 2.354E-01
12.0167 2.362E-01
12.0333 2.373E-01
12.0500 2.381E-01
12.0667 2.391E-01
12.0833 2.400E-01
12.1000 2.409E-01
12.1167 2.418E-01
12.1333 2.425E-01
12.1500 2.434E-01
12.1667 2.442E-01
12.1833 2.451E-01
12.2000 2.458E-01
12.2167 2.466E-01
12.2333 2.474E-01
12.2500 2.481E-01
12.2667 2.488E-01
12.2833 2.496E-01
12.3000 2.503E-01
12.3167 2.510E-01
12.3333 2.516E-01
12.3500 2.523E-01
12.3667 2.529E-01
12.3833 2.535E-01
12.4000 2.542E-01
12.4167 2.547E-01
12.4333 2.553E-01
12.4500 2.559E-01
12.4667 2.564E-01
12.4833 2.569E-01
12.5000 2.575E-01
12.5167 2.579E-01
12.5333 2.584E-01
12.5500 2.589E-01
12.5667 2.592E-01
12.5833 2.598E-01
12.6000 2.602E-01
12.6167 2.606E-01
12.6333 2.609E-01
12.6500 2.613E-01
12.6667 2.617E-01
12.6833 2.620E-01
12.7000 2.623E-01
12.7167 2.625E-01
12.7333 2.629E-01
12.7500 2.632E-01
12.7667 2.634E-01
12.7833 2.635E-01
12.8000 2.639E-01
12.8167 2.641E-01
12.8333 2.642E-01
12.8500 2.644E-01
12.8667 2.646E-01
12.8833 2.647E-01
12.9000 2.648E-01
12.9167 2.649E-01
12.9333 2.650E-01
12.9500 2.650E-01
12.9667 2.651E-01
12.9833 2.651E-01
13.0000 2.651E-01
13.0167 2.651E-01
13.0333 2.651E-01
13.0500 2.650E-01
13.0667 2.650E-01
13.0833 2.649E-01
13.1000 2.648E-01
13.1167 2.647E-01
13.1333 2.645E-01
13.1500 2.644E-01
13.1667 2.642E-01
13.1833 2.640E-01
13.2000 2.638E-01
13.2167 2.635E-01
13.2333 2.634E-01
13.2500 2.632E-01
13.2667 2.628E-01
13.2833 2.624E-01
13.3000 2.623E-01
13.3167 2.620E-01
13.3333 2.617E-01
13.3500 2.613E-01
13.3667 2.609E-01
13.3833 2.606E-01
13.4000 2.602E-01
13.4167 2.598E-01
13.4333 2.592E-01
13.4500 2.589E-01
13.4667 2.584E-01
13.4833 2.579E-01
13.5000 2.574E-01
13.5167 2.569E-01
13.5333 2.564E-01
13.5500 2.558E-01
13.5667 2.553E-01
13.5833 2.547E-01
13.6000 2.541E-01
13.6167 2.535E-01
13.6333 2.528E-01
13.6500 2.522E-01
13.6667 2.516E-01
13.6833 2.509E-01
13.7000 2.502E-01
13.7167 2.495E-01
13.7333 2.488E-01
13.7500 2.480E-01
13.7667 2.473E-01
13.7833 2.466E-01
13.8000 2.458E-01
13.8167 2.450E-01
13.8333 2.442E-01
13.8500 2.434E-01
13.8667 2.424E-01
13.8833 2.417E-01
13.9000 2.409E-01
13.9167 2.400E-01
13.9333 2.391E-01
13.9500 2.381E-01
13.9667 2.373E-01
13.9833 2.361E-01
14.0000 2.354E-01
14.0167 2.344E-01
14.0333 2.335E-01
14.0500 2.325E-01
14.0667 2.315E-01
14.0833 2.305E-01
14.1000 2.295E-01
14.1167 2.284E-01
14.1333 2.273E-01
14.1500 2.263E-01
14.1667 2.253E-01
14.1833 2.242E-01
14.2000 2.231E-01
14.2167 2.220E-01
14.2333 2.209E-01
14.2500 2.198E-01
14.2667 2.186E-01
14.2833 2.175E-01
14.3000 2.163E-01
14.3167 2.151E-01
14.3333 2.139E-01
14.3500 2.127E-01
14.3667 2.116E-01
14.3833 2.104E-01
14.4000 2.092E-01
14.4167 2.079E-01
14.4333 2.067E-01
14.4500 2.055E-01
14.4667 2.042E-01
14.4833 2.029E-01
14.5000 2.016E-01
14.5167 2.004E-01
14.5333 1.991E-01
14.5500 1.978E-01
14.5667 1.965E-01
14.5833 1.952E-01
14.6000 1.939E-01
14.6167 1.925E-01
14.6333 1.912E-01
14.6500 1.899E-01
14.6667 1.885E-01
14.6833 1.871E-01
14.7000 1.858E-01
14.7167 1.844E-01
14.7333 1.831E-01
14.7500 1.817E-01
14.7667 1.803E-01
14.7833 1.789E-01
14.8000 1.775E-01
14.8167 1.761E-01
14.8333 1.747E-01
14.8500 1.733E-01
14.8667 1.719E-01
14.8833 1.704E-01
14.9000 1.690E-01
14.9167 1.676E-01
14.9333 1.662E-01
14.9500 1.647E-01
14.9667 1.633E-01
14.9833 1.618E-01
