11.0000 1.130E-01
11.0167 1.140E-01
11.0333 1.151E-01
11.0500 1.162E-01
11.0667 1.173E-01
11.0833 1.184E-01
11.1000 1.195E-01
11.1167 1.205E-01
11.1333 1.216E-01
11.1500 1.227E-01
11.1667 1.238E-01
11.1833 1.248E-01
11.2000 1.259E-01
11.2167 1.269E-01
11.2333 1.280E-01
11.2500 1.290E-01
11.2667 1.301E-01
11.2833 1.311E-01
11.3000 1.322E-01
11.3167 1.332E-01
11.3333 1.342E-01
11.3500 1.353E-01
11.3667 1.363E-01
11.3833 1.373E-01
11.4000 1.383E-01
11.4167 1.393E-01
11.4333 1.403E-01
11.4500 1.413E-01
11.4667 1.423E-01
11.4833 1.433E-01
11.5000 1.443E-01
11.5167 1.452E-01
11.5333 1.462E-01
11.5500 1.472E-01
11.5667 1.481E-01
11.5833 1.491E-01
11.6000 1.500E-01
11.6167 1.509E-01
11.6333 1.519E-01
11.6500 1.528E-01
11.6667 1.537E-01
11.6833 1.546E-01
11.7000 1.555E-01
11.7167 1.564E-01
11.7333 1.572E-01
11.7500 1.581E-01
11.7667 1.590E-01
11.7833 1.598E-01
11.8000 1.607E-01
11.8167 1.615E-01
11.8333 1.623E-01
11.8500 1.632E-01
11.8667 1.640E-01
11.8833 1.647E-01
11.9000 1.656E-01
11.9167 1.663E-01
11.9333 1.671E-01
11.9500 1.678E-01
11.9667 1.686E-01
11.9833 1.693E-01
12.0000 1.701E-01
12.0167 1.708E-01
12.0333 1.715E-01
12.0500 1.722E-01
12.0667 1.729E-01
12.0833 1.736E-01
12.1000 1.743E-01
12.1167 1.749E-01
12.1333 1.756E-01
12.1500 1.762E-01
12.1667 1.769E-01
12.1833 1.775E-01
12.2000 1.780E-01
12.2167 1.786E-01
12.2333 1.793E-01
12.2500 1.798E-01
12.2667 1.804E-01
12.2833 1.809E-01
12.3000 1.814E-01
12.3167 1.820E-01
12.3333 1.825E-01
12.3500 1.830E-01
12.3667 1.835E-01
12.3833 1.840E-01
12.4000 1.844E-01
12.4167 1.849E-01
12.4333 1.853E-01
12.4500 1.858E-01
12.4667 1.862E-01
12.4833 1.866E-01
12.5000 1.870E-01
12.5167 1.873E-01
12.5333 1.877E-01
12.5500 1.881E-01
12.5667 1.884E-01
12.5833 1.887E-01
12.6000 1.891E-01
12.6167 1.893E-01
12.6333 1.897E-01
12.6500 1.899E-01
12.6667 1.902E-01
12.6833 1.904E-01
12.7000 1.907E-01
12.7167 1.909E-01
12.7333 1.911E-01
12.7500 1.913E-01
12.7667 1.915E-01
12.7833 1.917E-01
12.8000 1.918E-01
12.8167 1.920E-01
12.8333 1.921E-01
12.8500 1.922E-01
12.8667 1.923E-01
12.8833 1.924E-01
12.9000 1.925E-01
12.9167 1.926E-01
12.9333 1.926E-01
12.9500 1.926E-01
12.9667 1.926E-01
12.9833 1.926E-01
13.0000 1.926E-01
13.0167 1.926E-01
13.0333 1.926E-01
13.0500 1.926E-01
13.0667 1.925E-01
13.0833 1.925E-01
13.1000 1.924E-01
13.1167 1.923E-01
13.1333 1.921E-01
13.1500 1.921E-01
13.1667 1.919E-01
13.1833 1.918E-01
13.2000 1.916E-01
13.2167 1.914E-01
13.2333 1.912E-01
13.2500 1.910E-01
13.2667 1.908E-01
13.2833 1.905E-01
13.3000 1.904E-01
13.3167 1.901E-01
13.3333 1.898E-01
13.3500 1.895E-01
13.3667 1.893E-01
13.3833 1.890E-01
13.4000 1.886E-01
13.4167 1.882E-01
13.4333 1.880E-01
13.4500 1.876E-01
13.4667 1.872E-01
13.4833 1.868E-01
13.5000 1.864E-01
13.5167 1.860E-01
13.5333 1.856E-01
13.5500 1.851E-01
13.5667 1.847E-01
13.5833 1.843E-01
13.6000 1.838E-01
13.6167 1.833E-01
13.6333 1.828E-01
13.6500 1.823E-01
13.6667 1.818E-01
13.6833 1.812E-01
13.7000 1.808E-01
13.7167 1.802E-01
13.7333 1.796E-01
13.7500 1.791E-01
13.7667 1.785E-01
13.7833 1.779E-01
13.8000 1.773E-01
13.8167 1.766E-01
13.8333 1.760E-01
13.8500 1.753E-01
13.8667 1.747E-01
13.8833 1.741E-01
13.9000 1.734E-01
13.9167 1.727E-01
13.9333 1.719E-01
13.9500 1.713E-01
13.9667 1.706E-01
13.9833 1.698E-01
14.0000 1.691E-01
14.0167 1.683E-01
14.0333 1.676E-01
14.0500 1.668E-01
14.0667 1.661E-01
14.0833 1.653E-01
14.1000 1.645E-01
14.1167 1.637E-01
14.1333 1.629E-01
14.1500 1.621E-01
14.1667 1.612E-01
14.1833 1.604E-01
14.2000 1.595E-01
14.2167 1.587E-01
14.2333 1.578E-01
14.2500 1.569E-01
14.2667 1.561E-01
14.2833 1.552E-01
14.3000 1.543E-01
14.3167 1.534E-01
14.3333 1.525E-01
14.3500 1.515E-01
14.3667 1.506E-01
14.3833 1.497E-01
14.4000 1.487E-01
14.4167 1.478E-01
14.4333 1.468E-01
14.4500 1.459E-01
14.4667 1.449E-01
14.4833 1.439E-01
14.5000 1.430E-01
14.5167 1.420E-01
14.5333 1.410E-01
14.5500 1.400E-01
14.5667 1.390E-01
14.5833 1.380E-01
14.6000 1.370E-01
14.6167 1.359E-01
14.6333 1.349E-01
14.6500 1.339E-01
14.6667 1.329E-01
14.6833 1.318E-01
14.7000 1.308E-01
14.7167 1.297E-01
14.7333 1.287E-01
14.7500 1.276E-01
14.7667 1.266E-01
14.7833 1.255E-01
14.8000 1.245E-01
14.8167 1.234E-01
14.8333 1.223E-01
14.8500 1.213E-01
14.8667 1.202E-01
14.8833 1.191E-01
14.9000 1.180E-01
14.9167 1.169E-01
14.9333 1.158E-01
14.9500 1.148E-01
14.9667 1.137E-01
14.9833 1.126E-01
