11.0000 9.397E-02
11.0167 9.495E-02
11.0333 9.592E-02
11.0500 9.690E-02
11.0667 9.787E-02
11.0833 9.885E-02
11.1000 9.982E-02
11.1167 1.008E-01
11.1333 1.018E-01
11.1500 1.027E-01
11.1667 1.037E-01
11.1833 1.046E-01
11.2000 1.056E-01
11.2167 1.066E-01
11.2333 1.075E-01
11.2500 1.085E-01
11.2667 1.094E-01
11.2833 1.104E-01
11.3000 1.113E-01
11.3167 1.122E-01
11.3333 1.132E-01
11.3500 1.141E-01
11.3667 1.150E-01
11.3833 1.160E-01
11.4000 1.169E-01
11.4167 1.178E-01
11.4333 1.187E-01
11.4500 1.196E-01
11.4667 1.205E-01
11.4833 1.214E-01
11.5000 1.223E-01
11.5167 1.232E-01
11.5333 1.241E-01
11.5500 1.250E-01
11.5667 1.258E-01
11.5833 1.267E-01
11.6000 1.275E-01
11.6167 1.284E-01
11.6333 1.293E-01
11.6500 1.301E-01
11.6667 1.309E-01
11.6833 1.318E-01
11.7000 1.326E-01
11.7167 1.334E-01
11.7333 1.342E-01
11.7500 1.350E-01
11.7667 1.358E-01
11.7833 1.366E-01
11.8000 1.374E-01
11.8167 1.381E-01
11.8333 1.389E-01
11.8500 1.397E-01
11.8667 1.404E-01
11.8833 1.411E-01
11.9000 1.419E-01
11.9167 1.426E-01
11.9333 1.433E-01
11.9500 1.440E-01
11.9667 1.447E-01
11.9833 1.454E-01
12.0000 1.461E-01
12.0167 1.468E-01
12.0333 1.474E-01
12.0500 1.481E-01
12.0667 1.487E-01
12.0833 1.494E-01
12.1000 1.500E-01
12.1167 1.506E-01
12.1333 1.512E-01
12.1500 1.518E-01
12.1667 1.524E-01
12.1833 1.530E-01
12.2000 1.535E-01
12.2167 1.541E-01
12.2333 1.547E-01
12.2500 1.552E-01
12.2667 1.557E-01
12.2833 1.562E-01
12.3000 1.567E-01
12.3167 1.572E-01
12.3333 1.577E-01
12.3500 1.582E-01
12.3667 1.587E-01
12.3833 1.591E-01
12.4000 1.596E-01
12.4167 1.600E-01
12.4333 1.604E-01
12.4500 1.608E-01
12.4667 1.612E-01
12.4833 1.616E-01
12.5000 1.620E-01
12.5167 1.623E-01
12.5333 1.627E-01
12.5500 1.630E-01
12.5667 1.633E-01
12.5833 1.637E-01
12.6000 1.640E-01
12.6167 1.643E-01
12.6333 1.645E-01
12.6500 1.648E-01
12.6667 1.651E-01
12.6833 1.653E-01
12.7000 1.655E-01
12.7167 1.658E-01
12.7333 1.660E-01
12.7500 1.662E-01
12.7667 1.664E-01
12.7833 1.665E-01
12.8000 1.667E-01
12.8167 1.668E-01
12.8333 1.670E-01
12.8500 1.671E-01
12.8667 1.672E-01
12.8833 1.673E-01
12.9000 1.674E-01
12.9167 1.675E-01
12.9333 1.675E-01
12.9500 1.676E-01
12.9667 1.676E-01
12.9833 1.677E-01
13.0000 1.677E-01
13.0167 1.677E-01
13.0333 1.677E-01
13.0500 1.677E-01
13.0667 1.676E-01
13.0833 1.676E-01
13.1000 1.675E-01
13.1167 1.674E-01
13.1333 1.674E-01
13.1500 1.673E-01
13.1667 1.672E-01
13.1833 1.670E-01
13.2000 1.669E-01
13.2167 1.667E-01
13.2333 1.666E-01
13.2500 1.664E-01
13.2667 1.662E-01
13.2833 1.660E-01
13.3000 1.658E-01
13.3167 1.656E-01
13.3333 1.654E-01
13.3500 1.652E-01
13.3667 1.649E-01
13.3833 1.646E-01
13.4000 1.644E-01
13.4167 1.641E-01
13.4333 1.638E-01
13.4500 1.635E-01
13.4667 1.631E-01
13.4833 1.628E-01
13.5000 1.624E-01
13.5167 1.621E-01
13.5333 1.617E-01
13.5500 1.613E-01
13.5667 1.609E-01
13.5833 1.605E-01
13.6000 1.601E-01
13.6167 1.597E-01
13.6333 1.593E-01
13.6500 1.588E-01
13.6667 1.583E-01
13.6833 1.579E-01
13.7000 1.574E-01
13.7167 1.569E-01
13.7333 1.564E-01
13.7500 1.559E-01
13.7667 1.554E-01
13.7833 1.548E-01
13.8000 1.543E-01
13.8167 1.537E-01
13.8333 1.532E-01
13.8500 1.526E-01
13.8667 1.520E-01
13.8833 1.514E-01
13.9000 1.508E-01
13.9167 1.502E-01
13.9333 1.496E-01
13.9500 1.489E-01
13.9667 1.483E-01
13.9833 1.477E-01
14.0000 1.470E-01
14.0167 1.463E-01
14.0333 1.456E-01
14.0500 1.450E-01
14.0667 1.443E-01
14.0833 1.436E-01
14.1000 1.428E-01
14.1167 1.421E-01
14.1333 1.414E-01
14.1500 1.407E-01
14.1667 1.399E-01
14.1833 1.392E-01
14.2000 1.384E-01
14.2167 1.376E-01
14.2333 1.368E-01
14.2500 1.361E-01
14.2667 1.353E-01
14.2833 1.345E-01
14.3000 1.337E-01
14.3167 1.329E-01
14.3333 1.320E-01
14.3500 1.312E-01
14.3667 1.304E-01
14.3833 1.295E-01
14.4000 1.287E-01
14.4167 1.278E-01
14.4333 1.270E-01
14.4500 1.261E-01
14.4667 1.253E-01
14.4833 1.244E-01
14.5000 1.235E-01
14.5167 1.226E-01
14.5333 1.217E-01
14.5500 1.208E-01
14.5667 1.199E-01
14.5833 1.190E-01
14.6000 1.181E-01
14.6167 1.172E-01
14.6333 1.163E-01
14.6500 1.154E-01
14.6667 1.144E-01
14.6833 1.135E-01
14.7000 1.126E-01
14.7167 1.116E-01
14.7333 1.107E-01
14.7500 1.097E-01
14.7667 1.088E-01
14.7833 1.078E-01
14.8000 1.069E-01
14.8167 1.059E-01
14.8333 1.050E-01
14.8500 1.040E-01
14.8667 1.030E-01
14.8833 1.021E-01
14.9000 1.011E-01
14.9167 1.001E-01
14.9333 9.918E-02
14.9500 9.821E-02
14.9667 9.723E-02
14.9833 9.626E-02
