11.0000 1.147E-01
11.0167 1.158E-01
11.0333 1.169E-01
11.0500 1.180E-01
11.0667 1.191E-01
11.0833 1.202E-01
11.1000 1.213E-01
11.1167 1.224E-01
11.1333 1.235E-01
11.1500 1.246E-01
11.1667 1.257E-01
11.1833 1.268E-01
11.2000 1.279E-01
11.2167 1.290E-01
11.2333 1.301E-01
11.2500 1.311E-01
11.2667 1.322E-01
11.2833 1.333E-01
11.3000 1.343E-01
11.3167 1.354E-01
11.3333 1.365E-01
11.3500 1.375E-01
11.3667 1.386E-01
11.3833 1.396E-01
11.4000 1.406E-01
11.4167 1.417E-01
11.4333 1.427E-01
11.4500 1.437E-01
11.4667 1.447E-01
11.4833 1.457E-01
11.5000 1.467E-01
11.5167 1.477E-01
11.5333 1.487E-01
11.5500 1.497E-01
11.5667 1.507E-01
11.5833 1.516E-01
11.6000 1.526E-01
11.6167 1.536E-01
11.6333 1.545E-01
11.6500 1.554E-01
11.6667 1.564E-01
11.6833 1.573E-01
11.7000 1.582E-01
11.7167 1.591E-01
11.7333 1.600E-01
11.7500 1.609E-01
11.7667 1.618E-01
11.7833 1.627E-01
11.8000 1.635E-01
11.8167 1.644E-01
11.8333 1.652E-01
11.8500 1.661E-01
11.8667 1.669E-01
11.8833 1.677E-01
11.9000 1.685E-01
11.9167 1.693E-01
11.9333 1.701E-01
11.9500 1.709E-01
11.9667 1.717E-01
11.9833 1.724E-01
12.0000 1.732E-01
12.0167 1.739E-01
12.0333 1.747E-01
12.0500 1.754E-01
12.0667 1.761E-01
12.0833 1.768E-01
12.1000 1.775E-01
12.1167 1.781E-01
12.1333 1.788E-01
12.1500 1.795E-01
12.1667 1.801E-01
12.1833 1.807E-01
12.2000 1.814E-01
12.2167 1.820E-01
12.2333 1.826E-01
12.2500 1.831E-01
12.2667 1.837E-01
12.2833 1.843E-01
12.3000 1.848E-01
12.3167 1.854E-01
12.3333 1.859E-01
12.3500 1.864E-01
12.3667 1.869E-01
12.3833 1.874E-01
12.4000 1.879E-01
12.4167 1.884E-01
12.4333 1.888E-01
12.4500 1.892E-01
12.4667 1.896E-01
12.4833 1.901E-01
12.5000 1.905E-01
12.5167 1.909E-01
12.5333 1.912E-01
12.5500 1.915E-01
12.5667 1.919E-01
12.5833 1.923E-01
12.6000 1.926E-01
12.6167 1.929E-01
12.6333 1.932E-01
12.6500 1.935E-01
12.6667 1.938E-01
12.6833 1.940E-01
12.7000 1.943E-01
12.7167 1.945E-01
12.7333 1.947E-01
12.7500 1.949E-01
12.7667 1.951E-01
12.7833 1.953E-01
12.8000 1.955E-01
12.8167 1.955E-01
12.8333 1.957E-01
12.8500 1.959E-01
12.8667 1.960E-01
12.8833 1.961E-01
12.9000 1.961E-01
12.9167 1.962E-01
12.9333 1.963E-01
12.9500 1.963E-01
12.9667 1.963E-01
12.9833 1.963E-01
13.0000 1.963E-01
13.0167 1.963E-01
13.0333 1.963E-01
13.0500 1.962E-01
13.0667 1.962E-01
13.0833 1.961E-01
13.1000 1.960E-01
13.1167 1.959E-01
13.1333 1.958E-01
13.1500 1.957E-01
13.1667 1.955E-01
13.1833 1.954E-01
13.2000 1.952E-01
13.2167 1.950E-01
13.2333 1.949E-01
13.2500 1.946E-01
13.2667 1.944E-01
13.2833 1.942E-01
13.3000 1.940E-01
13.3167 1.937E-01
13.3333 1.934E-01
13.3500 1.931E-01
13.3667 1.928E-01
13.3833 1.925E-01
13.4000 1.922E-01
13.4167 1.918E-01
13.4333 1.915E-01
13.4500 1.911E-01
13.4667 1.908E-01
13.4833 1.904E-01
13.5000 1.899E-01
13.5167 1.895E-01
13.5333 1.891E-01
13.5500 1.887E-01
13.5667 1.882E-01
13.5833 1.876E-01
13.6000 1.873E-01
13.6167 1.868E-01
13.6333 1.862E-01
13.6500 1.857E-01
13.6667 1.852E-01
13.6833 1.846E-01
13.7000 1.841E-01
13.7167 1.836E-01
13.7333 1.829E-01
13.7500 1.824E-01
13.7667 1.817E-01
13.7833 1.812E-01
13.8000 1.805E-01
13.8167 1.799E-01
13.8333 1.792E-01
13.8500 1.786E-01
13.8667 1.779E-01
13.8833 1.772E-01
13.9000 1.766E-01
13.9167 1.759E-01
13.9333 1.751E-01
13.9500 1.744E-01
13.9667 1.737E-01
13.9833 1.729E-01
14.0000 1.722E-01
14.0167 1.714E-01
14.0333 1.707E-01
14.0500 1.699E-01
14.0667 1.691E-01
14.0833 1.683E-01
14.1000 1.675E-01
14.1167 1.666E-01
14.1333 1.658E-01
14.1500 1.650E-01
14.1667 1.641E-01
14.1833 1.633E-01
14.2000 1.624E-01
14.2167 1.615E-01
14.2333 1.606E-01
14.2500 1.597E-01
14.2667 1.588E-01
14.2833 1.579E-01
14.3000 1.570E-01
14.3167 1.561E-01
14.3333 1.551E-01
14.3500 1.542E-01
14.3667 1.533E-01
14.3833 1.523E-01
14.4000 1.513E-01
14.4167 1.504E-01
14.4333 1.494E-01
14.4500 1.484E-01
14.4667 1.474E-01
14.4833 1.464E-01
14.5000 1.454E-01
14.5167 1.444E-01
14.5333 1.434E-01
14.5500 1.424E-01
14.5667 1.413E-01
14.5833 1.403E-01
14.6000 1.393E-01
14.6167 1.382E-01
14.6333 1.372E-01
14.6500 1.361E-01
14.6667 1.351E-01
14.6833 1.340E-01
14.7000 1.329E-01
14.7167 1.319E-01
14.7333 1.308E-01
14.7500 1.297E-01
14.7667 1.286E-01
14.7833 1.276E-01
14.8000 1.265E-01
14.8167 1.254E-01
14.8333 1.243E-01
14.8500 1.232E-01
14.8667 1.221E-01
14.8833 1.210E-01
14.9000 1.199E-01
14.9167 1.188E-01
14.9333 1.177E-01
14.9500 1.166E-01
14.9667 1.154E-01
14.9833 1.143E-01
