11.0000 1.018E-01
11.0167 1.028E-01
11.0333 1.038E-01
11.0500 1.049E-01
11.0667 1.059E-01
11.0833 1.069E-01
11.1000 1.080E-01
11.1167 1.090E-01
11.1333 1.100E-01
11.1500 1.111E-01
11.1667 1.121E-01
11.1833 1.131E-01
11.2000 1.141E-01
11.2167 1.151E-01
11.2333 1.161E-01
11.2500 1.171E-01
11.2667 1.182E-01
11.2833 1.192E-01
11.3000 1.202E-01
11.3167 1.211E-01
11.3333 1.221E-01
11.3500 1.231E-01
11.3667 1.241E-01
11.3833 1.251E-01
11.4000 1.261E-01
11.4167 1.270E-01
11.4333 1.280E-01
11.4500 1.290E-01
11.4667 1.299E-01
11.4833 1.309E-01
11.5000 1.318E-01
11.5167 1.327E-01
11.5333 1.337E-01
11.5500 1.346E-01
11.5667 1.355E-01
11.5833 1.364E-01
11.6000 1.373E-01
11.6167 1.382E-01
11.6333 1.391E-01
11.6500 1.400E-01
11.6667 1.409E-01
11.6833 1.418E-01
11.7000 1.426E-01
11.7167 1.435E-01
11.7333 1.444E-01
11.7500 1.452E-01
11.7667 1.460E-01
11.7833 1.469E-01
11.8000 1.477E-01
11.8167 1.485E-01
11.8333 1.493E-01
11.8500 1.501E-01
11.8667 1.509E-01
11.8833 1.517E-01
11.9000 1.524E-01
11.9167 1.532E-01
11.9333 1.540E-01
11.9500 1.547E-01
11.9667 1.554E-01
11.9833 1.562E-01
12.0000 1.569E-01
12.0167 1.576E-01
12.0333 1.583E-01
12.0500 1.590E-01
12.0667 1.596E-01
12.0833 1.603E-01
12.1000 1.610E-01
12.1167 1.616E-01
12.1333 1.623E-01
12.1500 1.629E-01
12.1667 1.635E-01
12.1833 1.641E-01
12.2000 1.647E-01
12.2167 1.653E-01
12.2333 1.659E-01
12.2500 1.664E-01
12.2667 1.670E-01
12.2833 1.675E-01
12.3000 1.680E-01
12.3167 1.686E-01
12.3333 1.691E-01
12.3500 1.696E-01
12.3667 1.700E-01
12.3833 1.705E-01
12.4000 1.710E-01
12.4167 1.714E-01
12.4333 1.719E-01
12.4500 1.723E-01
12.4667 1.727E-01
12.4833 1.731E-01
12.5000 1.735E-01
12.5167 1.739E-01
12.5333 1.742E-01
12.5500 1.746E-01
12.5667 1.749E-01
12.5833 1.753E-01
12.6000 1.756E-01
12.6167 1.759E-01
12.6333 1.762E-01
12.6500 1.765E-01
12.6667 1.767E-01
12.6833 1.770E-01
12.7000 1.772E-01
12.7167 1.774E-01
12.7333 1.777E-01
12.7500 1.779E-01
12.7667 1.781E-01
12.7833 1.782E-01
12.8000 1.784E-01
12.8167 1.785E-01
12.8333 1.787E-01
12.8500 1.788E-01
12.8667 1.789E-01
12.8833 1.790E-01
12.9000 1.791E-01
12.9167 1.792E-01
12.9333 1.793E-01
12.9500 1.793E-01
12.9667 1.793E-01
12.9833 1.794E-01
13.0000 1.794E-01
13.0167 1.794E-01
13.0333 1.793E-01
13.0500 1.793E-01
13.0667 1.793E-01
13.0833 1.792E-01
13.1000 1.792E-01
13.1167 1.791E-01
13.1333 1.790E-01
13.1500 1.789E-01
13.1667 1.788E-01
13.1833 1.786E-01
13.2000 1.785E-01
13.2167 1.783E-01
13.2333 1.781E-01
13.2500 1.780E-01
13.2667 1.778E-01
13.2833 1.776E-01
13.3000 1.773E-01
13.3167 1.771E-01
13.3333 1.769E-01
13.3500 1.766E-01
13.3667 1.763E-01
13.3833 1.760E-01
13.4000 1.757E-01
13.4167 1.754E-01
13.4333 1.751E-01
13.4500 1.748E-01
13.4667 1.744E-01
13.4833 1.741E-01
13.5000 1.737E-01
13.5167 1.733E-01
13.5333 1.729E-01
13.5500 1.725E-01
13.5667 1.721E-01
13.5833 1.716E-01
13.6000 1.712E-01
13.6167 1.708E-01
13.6333 1.703E-01
13.6500 1.698E-01
13.6667 1.693E-01
13.6833 1.688E-01
13.7000 1.683E-01
13.7167 1.678E-01
13.7333 1.672E-01
13.7500 1.667E-01
13.7667 1.661E-01
13.7833 1.656E-01
13.8000 1.650E-01
13.8167 1.644E-01
13.8333 1.638E-01
13.8500 1.632E-01
13.8667 1.626E-01
13.8833 1.619E-01
13.9000 1.613E-01
13.9167 1.606E-01
13.9333 1.600E-01
13.9500 1.593E-01
13.9667 1.586E-01
13.9833 1.579E-01
14.0000 1.572E-01
14.0167 1.565E-01
14.0333 1.558E-01
14.0500 1.551E-01
14.0667 1.543E-01
14.0833 1.536E-01
14.1000 1.528E-01
14.1167 1.521E-01
14.1333 1.513E-01
14.1500 1.505E-01
14.1667 1.497E-01
14.1833 1.489E-01
14.2000 1.481E-01
14.2167 1.473E-01
14.2333 1.465E-01
14.2500 1.456E-01
14.2667 1.448E-01
14.2833 1.439E-01
14.3000 1.431E-01
14.3167 1.422E-01
14.3333 1.413E-01
14.3500 1.405E-01
14.3667 1.396E-01
14.3833 1.387E-01
14.4000 1.378E-01
14.4167 1.369E-01
14.4333 1.360E-01
14.4500 1.351E-01
14.4667 1.341E-01
14.4833 1.332E-01
14.5000 1.323E-01
14.5167 1.313E-01
14.5333 1.304E-01
14.5500 1.294E-01
14.5667 1.285E-01
14.5833 1.275E-01
14.6000 1.266E-01
14.6167 1.256E-01
14.6333 1.246E-01
14.6500 1.236E-01
14.6667 1.226E-01
14.6833 1.217E-01
14.7000 1.207E-01
14.7167 1.197E-01
14.7333 1.187E-01
14.7500 1.177E-01
14.7667 1.167E-01
14.7833 1.156E-01
14.8000 1.146E-01
14.8167 1.136E-01
14.8333 1.126E-01
14.8500 1.116E-01
14.8667 1.106E-01
14.8833 1.095E-01
14.9000 1.085E-01
14.9167 1.075E-01
14.9333 1.064E-01
14.9500 1.054E-01
14.9667 1.044E-01
14.9833 1.033E-01
