11.0000 1.271E-01
11.0167 1.283E-01
11.0333 1.296E-01
11.0500 1.308E-01
11.0667 1.320E-01
11.0833 1.332E-01
11.1000 1.344E-01
11.1167 1.356E-01
11.1333 1.369E-01
11.1500 1.381E-01
11.1667 1.393E-01
11.1833 1.405E-01
11.2000 1.417E-01
11.2167 1.429E-01
11.2333 1.440E-01
11.2500 1.452E-01
11.2667 1.464E-01
11.2833 1.476E-01
11.3000 1.488E-01
11.3167 1.499E-01
11.3333 1.511E-01
11.3500 1.522E-01
11.3667 1.534E-01
11.3833 1.545E-01
11.4000 1.557E-01
11.4167 1.568E-01
11.4333 1.579E-01
11.4500 1.590E-01
11.4667 1.602E-01
11.4833 1.613E-01
11.5000 1.624E-01
11.5167 1.635E-01
11.5333 1.645E-01
11.5500 1.656E-01
11.5667 1.667E-01
11.5833 1.678E-01
11.6000 1.688E-01
11.6167 1.699E-01
11.6333 1.709E-01
11.6500 1.719E-01
11.6667 1.730E-01
11.6833 1.740E-01
11.7000 1.750E-01
11.7167 1.760E-01
11.7333 1.770E-01
11.7500 1.779E-01
11.7667 1.789E-01
11.7833 1.799E-01
11.8000 1.808E-01
11.8167 1.818E-01
11.8333 1.827E-01
11.8500 1.836E-01
11.8667 1.845E-01
11.8833 1.854E-01
11.9000 1.863E-01
11.9167 1.872E-01
11.9333 1.881E-01
11.9500 1.889E-01
11.9667 1.898E-01
11.9833 1.906E-01
12.0000 1.914E-01
12.0167 1.922E-01
12.0333 1.931E-01
12.0500 1.938E-01
12.0667 1.946E-01
12.0833 1.954E-01
12.1000 1.961E-01
12.1167 1.969E-01
12.1333 1.976E-01
12.1500 1.983E-01
12.1667 1.990E-01
12.1833 1.997E-01
12.2000 2.004E-01
12.2167 2.011E-01
12.2333 2.017E-01
12.2500 2.024E-01
12.2667 2.030E-01
12.2833 2.036E-01
12.3000 2.042E-01
12.3167 2.048E-01
12.3333 2.054E-01
12.3500 2.059E-01
12.3667 2.065E-01
12.3833 2.071E-01
12.4000 2.076E-01
12.4167 2.081E-01
12.4333 2.085E-01
12.4500 2.091E-01
12.4667 2.095E-01
12.4833 2.099E-01
12.5000 2.104E-01
12.5167 2.109E-01
12.5333 2.112E-01
12.5500 2.117E-01
12.5667 2.120E-01
12.5833 2.124E-01
12.6000 2.128E-01
12.6167 2.131E-01
12.6333 2.134E-01
12.6500 2.137E-01
12.6667 2.140E-01
12.6833 2.143E-01
12.7000 2.146E-01
12.7167 2.148E-01
12.7333 2.151E-01
12.7500 2.153E-01
12.7667 2.155E-01
12.7833 2.157E-01
12.8000 2.159E-01
12.8167 2.161E-01
12.8333 2.162E-01
12.8500 2.163E-01
12.8667 2.164E-01
12.8833 2.166E-01
12.9000 2.167E-01
12.9167 2.167E-01
12.9333 2.168E-01
12.9500 2.168E-01
12.9667 2.168E-01
12.9833 2.168E-01
13.0000 2.168E-01
13.0167 2.168E-01
13.0333 2.168E-01
13.0500 2.168E-01
13.0667 2.167E-01
13.0833 2.167E-01
13.1000 2.166E-01
13.1167 2.164E-01
13.1333 2.163E-01
13.1500 2.162E-01
13.1667 2.161E-01
13.1833 2.158E-01
13.2000 2.157E-01
13.2167 2.155E-01
13.2333 2.153E-01
13.2500 2.151E-01
13.2667 2.148E-01
13.2833 2.146E-01
13.3000 2.143E-01
13.3167 2.140E-01
13.3333 2.137E-01
13.3500 2.134E-01
13.3667 2.131E-01
13.3833 2.127E-01
13.4000 2.124E-01
13.4167 2.119E-01
13.4333 2.116E-01
13.4500 2.112E-01
13.4667 2.108E-01
13.4833 2.104E-01
13.5000 2.099E-01
13.5167 2.095E-01
13.5333 2.090E-01
13.5500 2.085E-01
13.5667 2.080E-01
13.5833 2.075E-01
13.6000 2.070E-01
13.6167 2.064E-01
13.6333 2.059E-01
13.6500 2.053E-01
13.6667 2.047E-01
13.6833 2.042E-01
13.7000 2.036E-01
13.7167 2.029E-01
13.7333 2.023E-01
13.7500 2.017E-01
13.7667 2.010E-01
13.7833 2.003E-01
13.8000 1.997E-01
13.8167 1.990E-01
13.8333 1.983E-01
13.8500 1.975E-01
13.8667 1.968E-01
13.8833 1.961E-01
13.9000 1.953E-01
13.9167 1.945E-01
13.9333 1.938E-01
13.9500 1.930E-01
13.9667 1.922E-01
13.9833 1.913E-01
14.0000 1.905E-01
14.0167 1.897E-01
14.0333 1.888E-01
14.0500 1.880E-01
14.0667 1.871E-01
14.0833 1.862E-01
14.1000 1.853E-01
14.1167 1.844E-01
14.1333 1.835E-01
14.1500 1.826E-01
14.1667 1.817E-01
14.1833 1.807E-01
14.2000 1.798E-01
14.2167 1.788E-01
14.2333 1.778E-01
14.2500 1.769E-01
14.2667 1.759E-01
14.2833 1.749E-01
14.3000 1.739E-01
14.3167 1.729E-01
14.3333 1.718E-01
14.3500 1.708E-01
14.3667 1.698E-01
14.3833 1.687E-01
14.4000 1.676E-01
14.4167 1.666E-01
14.4333 1.655E-01
14.4500 1.644E-01
14.4667 1.634E-01
14.4833 1.623E-01
14.5000 1.612E-01
14.5167 1.600E-01
14.5333 1.589E-01
14.5500 1.578E-01
14.5667 1.567E-01
14.5833 1.555E-01
14.6000 1.544E-01
14.6167 1.533E-01
14.6333 1.521E-01
14.6500 1.510E-01
14.6667 1.498E-01
14.6833 1.486E-01
14.7000 1.475E-01
14.7167 1.463E-01
14.7333 1.451E-01
14.7500 1.439E-01
14.7667 1.427E-01
14.7833 1.415E-01
14.8000 1.403E-01
14.8167 1.391E-01
14.8333 1.379E-01
14.8500 1.367E-01
14.8667 1.355E-01
14.8833 1.343E-01
14.9000 1.331E-01
14.9167 1.319E-01
14.9333 1.307E-01
14.9500 1.294E-01
14.9667 1.282E-01
14.9833 1.270E-01
