11.0000 1.210E-01
11.0167 1.222E-01
11.0333 1.233E-01
11.0500 1.244E-01
11.0667 1.256E-01
11.0833 1.267E-01
11.1000 1.279E-01
11.1167 1.290E-01
11.1333 1.301E-01
11.1500 1.312E-01
11.1667 1.324E-01
11.1833 1.335E-01
11.2000 1.346E-01
11.2167 1.357E-01
11.2333 1.368E-01
11.2500 1.379E-01
11.2667 1.390E-01
11.2833 1.401E-01
11.3000 1.412E-01
11.3167 1.423E-01
11.3333 1.433E-01
11.3500 1.444E-01
11.3667 1.455E-01
11.3833 1.466E-01
11.4000 1.476E-01
11.4167 1.487E-01
11.4333 1.497E-01
11.4500 1.508E-01
11.4667 1.518E-01
11.4833 1.528E-01
11.5000 1.538E-01
11.5167 1.549E-01
11.5333 1.559E-01
11.5500 1.569E-01
11.5667 1.579E-01
11.5833 1.588E-01
11.6000 1.598E-01
11.6167 1.608E-01
11.6333 1.618E-01
11.6500 1.627E-01
11.6667 1.637E-01
11.6833 1.646E-01
11.7000 1.655E-01
11.7167 1.665E-01
11.7333 1.674E-01
11.7500 1.683E-01
11.7667 1.692E-01
11.7833 1.701E-01
11.8000 1.710E-01
11.8167 1.719E-01
11.8333 1.727E-01
11.8500 1.736E-01
11.8667 1.744E-01
11.8833 1.753E-01
11.9000 1.761E-01
11.9167 1.769E-01
11.9333 1.777E-01
11.9500 1.785E-01
11.9667 1.793E-01
11.9833 1.801E-01
12.0000 1.808E-01
12.0167 1.816E-01
12.0333 1.823E-01
12.0500 1.831E-01
12.0667 1.837E-01
12.0833 1.845E-01
12.1000 1.852E-01
12.1167 1.859E-01
12.1333 1.866E-01
12.1500 1.873E-01
12.1667 1.879E-01
12.1833 1.886E-01
12.2000 1.892E-01
12.2167 1.898E-01
12.2333 1.904E-01
12.2500 1.910E-01
12.2667 1.915E-01
12.2833 1.922E-01
12.3000 1.927E-01
12.3167 1.933E-01
12.3333 1.937E-01
12.3500 1.943E-01
12.3667 1.949E-01
12.3833 1.954E-01
12.4000 1.959E-01
12.4167 1.962E-01
12.4333 1.968E-01
12.4500 1.972E-01
12.4667 1.977E-01
12.4833 1.981E-01
12.5000 1.985E-01
12.5167 1.989E-01
12.5333 1.993E-01
12.5500 1.996E-01
12.5667 2.000E-01
12.5833 2.004E-01
12.6000 2.006E-01
12.6167 2.010E-01
12.6333 2.013E-01
12.6500 2.015E-01
12.6667 2.019E-01
12.6833 2.021E-01
12.7000 2.024E-01
12.7167 2.026E-01
12.7333 2.028E-01
12.7500 2.030E-01
12.7667 2.032E-01
12.7833 2.034E-01
12.8000 2.036E-01
12.8167 2.037E-01
12.8333 2.039E-01
12.8500 2.040E-01
12.8667 2.041E-01
12.8833 2.042E-01
12.9000 2.043E-01
12.9167 2.044E-01
12.9333 2.044E-01
12.9500 2.045E-01
12.9667 2.045E-01
12.9833 2.045E-01
13.0000 2.045E-01
13.0167 2.045E-01
13.0333 2.045E-01
13.0500 2.044E-01
13.0667 2.044E-01
13.0833 2.043E-01
13.1000 2.042E-01
13.1167 2.041E-01
13.1333 2.040E-01
13.1500 2.039E-01
13.1667 2.038E-01
13.1833 2.036E-01
13.2000 2.034E-01
13.2167 2.033E-01
13.2333 2.031E-01
13.2500 2.029E-01
13.2667 2.026E-01
13.2833 2.024E-01
13.3000 2.021E-01
13.3167 2.019E-01
13.3333 2.015E-01
13.3500 2.013E-01
13.3667 2.010E-01
13.3833 2.007E-01
13.4000 2.004E-01
13.4167 2.000E-01
13.4333 1.997E-01
13.4500 1.993E-01
13.4667 1.989E-01
13.4833 1.985E-01
13.5000 1.981E-01
13.5167 1.977E-01
13.5333 1.971E-01
13.5500 1.968E-01
13.5667 1.962E-01
13.5833 1.959E-01
13.6000 1.954E-01
13.6167 1.949E-01
13.6333 1.944E-01
13.6500 1.937E-01
13.6667 1.933E-01
13.6833 1.928E-01
13.7000 1.922E-01
13.7167 1.915E-01
13.7333 1.910E-01
13.7500 1.905E-01
13.7667 1.898E-01
13.7833 1.892E-01
13.8000 1.886E-01
13.8167 1.880E-01
13.8333 1.873E-01
13.8500 1.866E-01
13.8667 1.859E-01
13.8833 1.852E-01
13.9000 1.846E-01
13.9167 1.838E-01
13.9333 1.831E-01
13.9500 1.823E-01
13.9667 1.817E-01
13.9833 1.809E-01
14.0000 1.801E-01
14.0167 1.793E-01
14.0333 1.785E-01
14.0500 1.777E-01
14.0667 1.769E-01
14.0833 1.762E-01
14.1000 1.753E-01
14.1167 1.745E-01
14.1333 1.736E-01
14.1500 1.728E-01
14.1667 1.719E-01
14.1833 1.710E-01
14.2000 1.701E-01
14.2167 1.693E-01
14.2333 1.684E-01
14.2500 1.675E-01
14.2667 1.665E-01
14.2833 1.656E-01
14.3000 1.647E-01
14.3167 1.637E-01
14.3333 1.628E-01
14.3500 1.618E-01
14.3667 1.609E-01
14.3833 1.599E-01
14.4000 1.589E-01
14.4167 1.579E-01
14.4333 1.569E-01
14.4500 1.559E-01
14.4667 1.549E-01
14.4833 1.539E-01
14.5000 1.529E-01
14.5167 1.519E-01
14.5333 1.508E-01
14.5500 1.498E-01
14.5667 1.487E-01
14.5833 1.477E-01
14.6000 1.466E-01
14.6167 1.456E-01
14.6333 1.445E-01
14.6500 1.434E-01
14.6667 1.423E-01
14.6833 1.412E-01
14.7000 1.402E-01
14.7167 1.391E-01
14.7333 1.380E-01
14.7500 1.369E-01
14.7667 1.358E-01
14.7833 1.346E-01
14.8000 1.335E-01
14.8167 1.324E-01
14.8333 1.313E-01
14.8500 1.302E-01
14.8667 1.290E-01
14.8833 1.279E-01
14.9000 1.268E-01
14.9167 1.257E-01
14.9333 1.245E-01
14.9500 1.234E-01
14.9667 1.222E-01
14.9833 1.211E-01
