11.0000 1.127E-01
11.0167 1.138E-01
11.0333 1.149E-01
11.0500 1.160E-01
11.0667 1.171E-01
11.0833 1.182E-01
11.1000 1.193E-01
11.1167 1.204E-01
11.1333 1.214E-01
11.1500 1.225E-01
11.1667 1.236E-01
11.1833 1.247E-01
11.2000 1.257E-01
11.2167 1.268E-01
11.2333 1.279E-01
11.2500 1.289E-01
11.2667 1.300E-01
11.2833 1.310E-01
11.3000 1.321E-01
11.3167 1.331E-01
11.3333 1.342E-01
11.3500 1.352E-01
11.3667 1.362E-01
11.3833 1.372E-01
11.4000 1.383E-01
11.4167 1.393E-01
11.4333 1.403E-01
11.4500 1.413E-01
11.4667 1.423E-01
11.4833 1.433E-01
11.5000 1.442E-01
11.5167 1.452E-01
11.5333 1.462E-01
11.5500 1.472E-01
11.5667 1.481E-01
11.5833 1.491E-01
11.6000 1.500E-01
11.6167 1.510E-01
11.6333 1.519E-01
11.6500 1.528E-01
11.6667 1.537E-01
11.6833 1.546E-01
11.7000 1.555E-01
11.7167 1.564E-01
11.7333 1.573E-01
11.7500 1.582E-01
11.7667 1.590E-01
11.7833 1.599E-01
11.8000 1.608E-01
11.8167 1.616E-01
11.8333 1.624E-01
11.8500 1.633E-01
11.8667 1.641E-01
11.8833 1.649E-01
11.9000 1.657E-01
11.9167 1.665E-01
11.9333 1.672E-01
11.9500 1.680E-01
11.9667 1.688E-01
11.9833 1.695E-01
12.0000 1.703E-01
12.0167 1.710E-01
12.0333 1.717E-01
12.0500 1.724E-01
12.0667 1.731E-01
12.0833 1.738E-01
12.1000 1.745E-01
12.1167 1.751E-01
12.1333 1.758E-01
12.1500 1.764E-01
12.1667 1.771E-01
12.1833 1.777E-01
12.2000 1.783E-01
12.2167 1.789E-01
12.2333 1.795E-01
12.2500 1.800E-01
12.2667 1.806E-01
12.2833 1.810E-01
12.3000 1.817E-01
12.3167 1.822E-01
12.3333 1.827E-01
12.3500 1.832E-01
12.3667 1.838E-01
12.3833 1.842E-01
12.4000 1.847E-01
12.4167 1.852E-01
12.4333 1.856E-01
12.4500 1.860E-01
12.4667 1.865E-01
12.4833 1.869E-01
12.5000 1.873E-01
12.5167 1.876E-01
12.5333 1.880E-01
12.5500 1.884E-01
12.5667 1.886E-01
12.5833 1.890E-01
12.6000 1.894E-01
12.6167 1.896E-01
12.6333 1.899E-01
12.6500 1.902E-01
12.6667 1.905E-01
12.6833 1.908E-01
12.7000 1.910E-01
12.7167 1.911E-01
12.7333 1.913E-01
12.7500 1.916E-01
12.7667 1.918E-01
12.7833 1.920E-01
12.8000 1.921E-01
12.8167 1.923E-01
12.8333 1.924E-01
12.8500 1.925E-01
12.8667 1.926E-01
12.8833 1.927E-01
12.9000 1.928E-01
12.9167 1.929E-01
12.9333 1.929E-01
12.9500 1.929E-01
12.9667 1.929E-01
12.9833 1.929E-01
13.0000 1.929E-01
13.0167 1.929E-01
13.0333 1.929E-01
13.0500 1.929E-01
13.0667 1.929E-01
13.0833 1.928E-01
13.1000 1.927E-01
13.1167 1.926E-01
13.1333 1.925E-01
13.1500 1.924E-01
13.1667 1.922E-01
13.1833 1.921E-01
13.2000 1.919E-01
13.2167 1.917E-01
13.2333 1.916E-01
13.2500 1.913E-01
13.2667 1.911E-01
13.2833 1.909E-01
13.3000 1.907E-01
13.3167 1.904E-01
13.3333 1.901E-01
13.3500 1.899E-01
13.3667 1.896E-01
13.3833 1.893E-01
13.4000 1.889E-01
13.4167 1.886E-01
13.4333 1.882E-01
13.4500 1.879E-01
13.4667 1.875E-01
13.4833 1.871E-01
13.5000 1.867E-01
13.5167 1.863E-01
13.5333 1.859E-01
13.5500 1.854E-01
13.5667 1.849E-01
13.5833 1.845E-01
13.6000 1.841E-01
13.6167 1.836E-01
13.6333 1.830E-01
13.6500 1.826E-01
13.6667 1.820E-01
13.6833 1.815E-01
13.7000 1.810E-01
13.7167 1.804E-01
13.7333 1.798E-01
13.7500 1.792E-01
13.7667 1.787E-01
13.7833 1.781E-01
13.8000 1.774E-01
13.8167 1.768E-01
13.8333 1.762E-01
13.8500 1.755E-01
13.8667 1.749E-01
13.8833 1.742E-01
13.9000 1.735E-01
13.9167 1.729E-01
13.9333 1.721E-01
13.9500 1.714E-01
13.9667 1.707E-01
13.9833 1.700E-01
14.0000 1.693E-01
14.0167 1.685E-01
14.0333 1.677E-01
14.0500 1.670E-01
14.0667 1.662E-01
14.0833 1.654E-01
14.1000 1.646E-01
14.1167 1.638E-01
14.1333 1.630E-01
14.1500 1.621E-01
14.1667 1.613E-01
14.1833 1.605E-01
14.2000 1.596E-01
14.2167 1.587E-01
14.2333 1.579E-01
14.2500 1.570E-01
14.2667 1.561E-01
14.2833 1.552E-01
14.3000 1.543E-01
14.3167 1.534E-01
14.3333 1.525E-01
14.3500 1.516E-01
14.3667 1.506E-01
14.3833 1.497E-01
14.4000 1.487E-01
14.4167 1.478E-01
14.4333 1.468E-01
14.4500 1.459E-01
14.4667 1.449E-01
14.4833 1.439E-01
14.5000 1.429E-01
14.5167 1.419E-01
14.5333 1.409E-01
14.5500 1.399E-01
14.5667 1.389E-01
14.5833 1.379E-01
14.6000 1.369E-01
14.6167 1.359E-01
14.6333 1.348E-01
14.6500 1.338E-01
14.6667 1.328E-01
14.6833 1.317E-01
14.7000 1.307E-01
14.7167 1.296E-01
14.7333 1.286E-01
14.7500 1.275E-01
14.7667 1.264E-01
14.7833 1.254E-01
14.8000 1.243E-01
14.8167 1.232E-01
14.8333 1.221E-01
14.8500 1.211E-01
14.8667 1.200E-01
14.8833 1.189E-01
14.9000 1.178E-01
14.9167 1.167E-01
14.9333 1.156E-01
14.9500 1.145E-01
14.9667 1.134E-01
14.9833 1.123E-01
